224
100
2
8 8 8 11 11 12 12 14 14 16 16 16 16 18 18 18 18 18 18 18 19 19 19 19 19 20 20 20 22 22 22 22 22 23 23 23 23 23 24 24 24 24 24 25 25 25 25 25 25 26 26 26 26 26 26 26 26 31 31 31 31 31 31 31 31 31 31 33 33 33 33 33 33 33 33 33 33 35 35 36 36 36 36 36 36 36 36 36 36 36 36 36 36 36 36 39 39 39 39 40 40 41 41 43 43 43 43 43 43 43 43 43 43 43 44 44 44 44 44 44 44 44 45 45 45 45 45 46 46 46 46 46 46 46 46 46 46 49 49 49 49 49 50 50 50 50 50 50 50 50 50 50 52 52 52 52 56 56 60 60 60 60 60 60 60 60 60 60 60 60 60 60 60 60 60 60 60 60 60 60 60 62 62 62 62 64 64 64 65 65 65 65 65 68 68 68 68 68 68 68 
156 157 15 5 6 3 4 99 100 181 182 183 184 77 78 2 118 119 120 121 57 58 59 60 61 185 186 187 193 194 195 196 197 188 189 190 191 192 127 128 129 130 131 71 72 73 74 75 76 144 145 146 122 123 124 125 126 20 21 22 23 24 132 133 134 135 136 95 96 97 98 43 44 45 46 47 48 13 14 165 166 167 168 169 170 171 172 173 174 175 176 177 178 179 180 67 68 69 70 7 8 102 101 158 159 160 161 162 163 164 142 143 198 199 152 153 154 155 16 17 18 19 52 53 54 55 56 38 39 40 41 42 62 63 64 65 66 147 148 149 150 151 110 111 49 50 51 137 138 139 140 141 114 115 116 117 0 1 103 104 105 106 107 108 109 79 80 81 82 83 84 85 86 87 88 89 90 91 92 93 94 9 10 11 12 25 26 27 33 34 35 36 37 28 29 30 31 32 112 113 
190 190 225 512 512 512 512 449 449 516 516 516 516 396 396 225 154 154 154 154 802 802 802 802 802 635 635 635 818 818 818 818 818 309 309 309 309 309 726 726 726 726 726 463 463 463 463 463 463 778 778 778 562 562 562 562 562 802 802 802 802 802 934 934 934 934 934 734 734 734 734 463 463 463 463 463 463 396 396 225 225 225 225 225 225 225 225 225 225 225 225 225 225 225 225 734 734 734 734 449 449 560 560 806 806 806 806 806 806 806 632 632 300 300 984 984 984 984 154 154 154 154 562 562 562 562 562 726 726 726 726 726 934 934 934 934 934 533 533 533 533 533 632 632 778 778 778 533 533 533 533 533 984 984 984 984 190 190 806 806 806 806 806 806 806 225 225 225 225 225 225 225 225 225 225 225 225 225 225 225 225 516 516 516 516 635 635 635 309 309 309 309 309 818 818 818 818 818 300 300 
0 1 2 3 4 3 4 5 6 7 8 9 10 11 12 2 13 14 15 16 17 18 19 20 21 22 23 24 25 26 27 28 29 30 31 32 33 34 35 36 37 38 39 40 41 42 43 44 45 46 47 48 49 50 51 52 53 17 18 19 20 21 54 55 56 57 58 59 60 61 62 40 41 42 43 44 45 11 12 63 64 65 66 67 68 69 70 71 72 73 74 75 76 77 78 59 60 61 62 5 6 79 79 80 81 82 83 84 85 86 87 88 89 90 91 92 93 94 13 14 15 16 49 50 51 52 53 35 36 37 38 39 54 55 56 57 58 95 96 97 98 99 87 88 46 47 48 95 96 97 98 99 91 92 93 94 0 1 80 81 82 83 84 85 86 63 64 65 66 67 68 69 70 71 72 73 74 75 76 77 78 7 8 9 10 22 23 24 30 31 32 33 34 25 26 27 28 29 89 90 
54974
24
5 5 4 5 2 4 7 2 6 2 2 3 1 3 1 4 5 4 2 5 5 2 5 16 
19 24 33 22 18 44 43 43 25 8 43 20 41 26 8 18 31 16 14 26 23 11 49 36 
31 46 39 68 35 52 60 50 33 56 68 64 41 50 18 44 46 62 40 45 65 12 50 60 
802 726 734 818 396 984 806 632 463 190 300 635 560 778 225 154 934 516 449 562 309 512 533 225 
9 9 14 21 21 21 21 18 18 17 17 17 17 4 4 14 15 15 15 15 0 0 0 0 0 11 11 11 3 3 3 3 3 20 20 20 20 20 1 1 1 1 1 8 8 8 8 8 8 13 13 13 19 19 19 19 19 0 0 0 0 0 16 16 16 16 16 2 2 2 2 8 8 8 8 8 8 4 4 23 23 23 23 23 23 23 23 23 23 23 23 23 23 23 23 2 2 2 2 18 18 12 12 6 6 6 6 6 6 6 7 7 10 10 5 5 5 5 15 15 15 15 19 19 19 19 19 1 1 1 1 1 16 16 16 16 16 22 22 22 22 22 7 7 13 13 13 22 22 22 22 22 5 5 5 5 9 9 6 6 6 6 6 6 6 23 23 23 23 23 23 23 23 23 23 23 23 23 23 23 23 17 17 17 17 11 11 11 20 20 20 20 20 3 3 3 3 3 10 10 