234
100
2
3 3 3 3 3 3 3 3 3 3 3 3 3 3 3 7 7 7 7 10 10 10 10 10 10 10 10 12 12 12 12 12 12 12 17 17 17 17 17 17 17 17 17 17 17 18 18 18 18 19 19 20 20 20 20 20 20 20 20 23 23 23 23 26 26 26 26 27 27 27 27 27 29 29 29 29 29 29 29 29 32 32 32 32 32 32 32 32 32 32 32 32 32 32 33 33 33 33 33 33 33 33 33 33 33 33 33 33 33 33 33 33 33 33 33 33 33 33 33 35 35 35 35 35 35 35 37 37 37 37 40 40 40 40 40 40 40 40 40 40 40 40 40 40 48 48 48 48 48 48 48 48 48 48 48 48 48 48 48 48 48 48 48 48 56 56 56 57 57 57 57 57 57 57 57 57 57 57 57 57 57 60 60 60 60 61 61 61 61 61 61 61 64 64 64 64 70 70 70 70 
144 145 146 147 148 149 150 151 152 153 154 155 156 157 158 63 64 65 66 27 28 29 30 31 164 165 166 19 20 21 22 23 49 50 108 109 110 111 112 113 114 115 116 117 118 59 60 61 62 32 33 72 73 74 75 76 77 78 79 45 46 47 48 15 16 17 18 159 160 161 162 163 51 52 53 54 55 56 57 58 167 168 169 170 171 172 173 174 175 176 177 178 179 180 130 131 132 133 134 135 136 137 138 139 140 141 142 143 34 35 36 37 38 39 40 41 42 43 44 185 186 187 188 189 190 191 192 193 194 195 94 95 96 97 98 99 100 101 102 103 104 105 106 107 0 1 2 3 4 5 6 7 8 9 10 11 12 13 14 67 68 69 70 71 24 25 26 80 81 82 83 84 85 86 87 88 89 90 91 92 93 196 197 198 199 119 120 121 122 123 124 125 126 127 128 129 181 182 183 184 
647 647 647 647 647 647 647 647 647 647 647 647 647 647 647 676 676 676 676 272 272 272 272 272 429 429 429 272 272 272 272 272 946 946 378 378 378 378 378 378 378 378 378 378 378 366 366 366 366 946 946 651 651 651 651 651 651 651 651 366 366 366 366 676 676 676 676 199 199 199 199 199 651 651 651 651 651 651 651 651 876 876 876 876 876 876 876 876 876 876 876 876 876 876 989 989 989 989 989 989 989 989 989 989 989 989 989 989 378 378 378 378 378 378 378 378 378 378 378 534 534 534 534 534 534 534 627 627 627 627 989 989 989 989 989 989 989 989 989 989 989 989 989 989 647 647 647 647 647 647 647 647 647 647 647 647 647 647 647 199 199 199 199 199 429 429 429 876 876 876 876 876 876 876 876 876 876 876 876 876 876 389 389 389 389 534 534 534 534 534 534 534 627 627 627 627 389 389 389 389 
0 1 2 3 4 5 6 7 8 9 10 11 12 13 14 15 16 17 18 19 20 21 22 23 24 25 26 19 20 21 22 23 27 28 29 30 31 32 33 34 35 36 37 38 39 40 41 42 43 27 28 44 45 46 47 48 49 50 51 40 41 42 43 15 16 17 18 52 53 54 55 56 44 45 46 47 48 49 50 51 57 58 59 60 61 62 63 64 65 66 67 68 69 70 71 72 73 74 75 76 77 78 79 80 81 82 83 84 29 30 31 32 33 34 35 36 37 38 39 85 86 87 88 89 90 91 92 93 94 95 71 72 73 74 75 76 77 78 79 80 81 82 83 84 0 1 2 3 4 5 6 7 8 9 10 11 12 13 14 52 53 54 55 56 24 25 26 57 58 59 60 61 62 63 64 65 66 67 68 69 70 96 97 98 99 85 86 87 88 89 90 91 92 93 94 95 96 97 98 99 
62685
14
15 5 14 14 7 8 3 5 2 4 4 4 4 11 
3 10 33 32 35 20 10 27 12 37 7 60 18 17 
48 12 40 57 61 29 56 48 19 64 26 70 23 33 
647 272 989 876 534 651 429 199 946 627 676 389 366 378 
0 0 0 0 0 0 0 0 0 0 0 0 0 0 0 10 10 10 10 1 1 1 1 1 6 6 6 1 1 1 1 1 8 8 13 13 13 13 13 13 13 13 13 13 13 12 12 12 12 8 8 5 5 5 5 5 5 5 5 12 12 12 12 10 10 10 10 7 7 7 7 7 5 5 5 5 5 5 5 5 3 3 3 3 3 3 3 3 3 3 3 3 3 3 2 2 2 2 2 2 2 2 2 2 2 2 2 2 13 13 13 13 13 13 13 13 13 13 13 4 4 4 4 4 4 4 9 9 9 9 2 2 2 2 2 2 2 2 2 2 2 2 2 2 0 0 0 0 0 0 0 0 0 0 0 0 0 0 0 7 7 7 7 7 6 6 6 3 3 3 3 3 3 3 3 3 3 3 3 3 3 11 11 11 11 4 4 4 4 4 4 4 9 9 9 9 11 11 11 11 