12
100
2
1 1 1 1 1 1 2 2 2 2 2 2 2 2 2 2 2 2 2 2 2 2 2 2 3 3 3 3 3 3 4 4 4 4 4 4 4 4 4 4 4 6 6 6 6 6 6 12 12 13 13 13 13 13 13 13 14 14 14 14 14 14 14 15 15 15 15 17 17 20 20 20 20 20 20 24 24 24 24 25 25 25 25 25 25 26 26 26 26 26 26 29 35 35 35 35 35 36 36 36 36 38 38 38 38 38 39 39 39 40 40 40 44 44 44 44 44 44 44 44 44 48 48 49 49 49 49 49 49 50 50 50 50 50 50 52 52 52 52 52 52 53 53 53 53 53 55 55 55 55 55 56 56 58 59 59 59 59 59 61 61 61 61 61 61 63 64 64 64 65 65 65 65 66 66 66 69 69 69 69 69 69 70 70 70 70 70 70 70 70 70 70 70 70 70 70 70 70 70 70 
36 37 38 39 40 62 182 183 184 185 186 187 188 189 190 191 192 193 194 195 196 197 198 199 123 124 125 126 127 128 129 130 131 132 133 134 0 1 2 3 4 112 113 114 115 116 117 119 120 79 85 86 87 88 89 90 159 160 161 162 163 164 5 97 98 99 100 109 110 176 177 178 179 180 181 135 136 137 111 49 101 102 103 104 105 50 51 52 53 54 55 165 154 155 156 157 158 63 64 65 66 80 81 82 83 84 173 174 175 67 68 78 41 42 43 44 45 46 153 47 48 151 152 24 25 26 27 28 29 30 31 32 33 34 35 75 76 77 166 167 168 146 147 148 149 150 141 142 143 144 145 121 122 118 92 93 94 95 96 56 57 58 59 60 61 91 138 139 140 170 169 172 171 106 107 108 69 70 71 72 73 74 6 7 8 9 10 11 12 13 14 15 16 17 18 19 20 21 22 23 
776 776 776 776 776 586 740 740 740 740 740 740 740 740 740 740 740 740 740 740 740 740 740 740 826 826 826 826 826 826 771 771 771 771 771 771 776 776 776 776 776 967 967 967 967 967 967 165 165 344 714 714 714 714 714 714 240 240 240 240 240 240 586 478 478 478 478 938 938 448 448 448 448 448 448 464 464 464 768 344 396 396 396 396 396 714 714 714 714 714 714 840 511 511 511 511 511 478 478 478 478 396 396 396 396 396 915 915 915 938 938 768 967 967 967 967 967 967 781 165 165 733 733 826 826 826 826 826 826 771 771 771 771 771 771 464 464 464 198 198 198 169 169 169 169 169 169 169 169 169 169 733 733 781 511 511 511 511 511 240 240 240 240 240 240 840 198 198 198 428 428 428 428 915 915 915 448 448 448 448 448 448 740 740 740 740 740 740 740 740 740 740 740 740 740 740 740 740 740 740 
0 1 2 3 4 5 6 7 8 9 10 11 12 13 14 15 16 17 18 19 20 21 22 23 24 25 26 27 28 29 30 31 32 33 34 35 0 1 2 3 4 36 37 38 39 40 41 42 43 44 45 46 47 48 49 50 51 52 53 54 55 56 5 57 58 59 60 61 62 63 64 65 66 67 68 69 70 71 72 44 73 74 75 76 77 45 46 47 48 49 50 78 79 80 81 82 83 57 58 59 60 73 74 75 76 77 84 85 86 61 62 72 36 37 38 39 40 41 87 42 43 88 89 24 25 26 27 28 29 30 31 32 33 34 35 69 70 71 90 91 92 93 94 95 96 97 93 94 95 96 97 88 89 87 79 80 81 82 83 51 52 53 54 55 56 78 90 91 92 98 98 99 99 84 85 86 63 64 65 66 67 68 6 7 8 9 10 11 12 13 14 15 16 17 18 19 20 21 22 23 
60866
24
2 2 6 1 6 3 6 3 5 1 6 2 1 5 6 1 4 5 1 6 5 2 3 18 
17 48 6 13 3 24 4 39 1 29 14 65 24 35 13 1 15 25 44 20 53 12 52 2 
40 56 44 25 49 52 50 66 4 63 61 65 40 59 26 14 36 38 58 69 55 44 64 70 
938 733 967 344 826 464 771 915 776 840 240 428 768 511 714 586 478 396 781 448 169 165 198 740 
8 8 8 8 8 15 23 23 23 23 23 23 23 23 23 23 23 23 23 23 23 23 23 23 4 4 4 4 4 4 6 6 6 6 6 6 8 8 8 8 8 2 2 2 2 2 2 21 21 3 14 14 14 14 14 14 10 10 10 10 10 10 15 16 16 16 16 0 0 19 19 19 19 19 19 5 5 5 12 3 17 17 17 17 17 14 14 14 14 14 14 9 13 13 13 13 13 16 16 16 16 17 17 17 17 17 7 7 7 0 0 12 2 2 2 2 2 2 18 21 21 1 1 4 4 4 4 4 4 6 6 6 6 6 6 5 5 5 22 22 22 20 20 20 20 20 20 20 20 20 20 1 1 18 13 13 13 13 13 10 10 10 10 10 10 9 22 22 22 11 11 11 11 7 7 7 19 19 19 19 19 19 23 23 23 23 23 23 23 23 23 23 23 23 23 23 23 23 23 23 