96
100
2
2 2 2 2 2 2 2 2 4 4 4 4 6 6 6 6 6 7 7 8 8 8 8 9 9 9 9 9 9 9 9 9 9 12 12 14 14 14 14 14 14 15 15 15 17 17 17 18 18 18 18 19 19 19 19 19 19 22 22 24 24 24 24 24 24 24 25 25 25 25 25 26 26 29 29 29 29 33 33 33 33 34 34 34 34 34 34 34 34 34 34 34 34 34 34 34 34 34 34 34 34 34 34 39 39 39 39 41 41 41 41 44 44 44 44 44 51 51 51 51 51 51 51 51 51 52 52 52 52 52 52 52 53 53 53 53 53 53 53 54 54 54 54 54 57 57 57 57 57 59 59 59 59 60 60 60 60 60 60 60 60 60 62 62 62 63 63 63 63 63 63 63 63 63 63 63 63 63 63 63 64 64 64 64 64 64 64 64 64 64 65 65 66 66 66 70 70 70 70 70 
144 145 146 147 148 51 52 53 125 126 127 128 61 62 63 64 65 137 138 41 42 43 136 162 163 164 116 117 118 119 120 33 34 31 32 73 74 75 76 109 110 19 20 21 54 55 56 132 133 134 135 5 6 7 44 45 46 59 60 57 58 12 13 14 15 16 139 140 141 142 143 190 191 35 36 37 38 121 122 123 124 192 193 194 153 154 155 156 165 166 167 168 169 170 171 172 173 174 175 176 177 178 179 149 150 151 152 180 181 39 40 195 196 197 198 199 26 27 28 29 30 77 78 79 80 8 9 10 11 187 188 189 47 48 49 50 22 17 18 66 67 68 69 70 0 1 2 3 4 103 104 105 106 84 85 86 87 182 183 184 185 186 23 24 25 88 89 90 91 92 93 94 95 96 97 98 99 100 101 102 107 108 157 158 159 160 161 129 130 131 71 72 81 82 83 111 112 113 114 115 
414 414 414 414 414 335 335 335 912 912 912 912 580 580 580 580 580 181 181 316 316 316 326 636 636 636 341 341 341 341 341 570 570 570 570 173 173 173 173 374 374 316 316 316 396 396 396 337 337 337 337 335 335 335 396 396 396 692 692 692 692 580 580 580 580 580 554 554 554 554 554 295 295 173 173 173 173 211 211 211 211 677 677 677 167 167 167 167 953 953 953 953 953 953 953 953 953 953 953 953 953 953 953 435 435 435 435 732 732 374 374 418 418 418 418 418 341 341 341 341 341 211 211 211 211 912 912 912 912 584 584 584 337 337 337 337 326 181 181 554 554 554 554 554 414 414 414 414 414 435 435 435 435 167 167 167 167 203 203 203 203 203 636 636 636 953 953 953 953 953 953 953 953 953 953 953 953 953 953 953 732 732 203 203 203 203 203 584 584 584 295 295 677 677 677 418 418 418 418 418 
0 1 2 3 4 5 6 7 8 9 10 11 12 13 14 15 16 17 18 19 20 21 22 23 24 25 26 27 28 29 30 31 32 31 32 33 34 35 36 37 38 19 20 21 39 40 41 42 43 44 45 5 6 7 39 40 41 46 47 46 47 12 13 14 15 16 48 49 50 51 52 53 54 33 34 35 36 55 56 57 58 59 60 61 62 63 64 65 66 67 68 69 70 71 72 73 74 75 76 77 78 79 80 81 82 83 84 85 86 37 38 87 88 89 90 91 26 27 28 29 30 55 56 57 58 8 9 10 11 92 93 94 42 43 44 45 22 17 18 48 49 50 51 52 0 1 2 3 4 81 82 83 84 62 63 64 65 95 96 97 98 99 23 24 25 66 67 68 69 70 71 72 73 74 75 76 77 78 79 80 85 86 95 96 97 98 99 92 93 94 53 54 59 60 61 87 88 89 90 91 
50631
26
4 5 3 3 5 2 3 4 5 4 5 5 3 4 2 5 4 3 2 1 2 4 2 2 3 15 
18 44 9 34 25 22 8 34 2 39 6 9 2 14 41 60 4 52 26 8 14 33 7 9 17 34 
53 70 62 66 54 24 15 60 57 59 24 51 19 29 64 64 52 64 65 53 41 51 53 12 19 63 
337 418 636 677 554 692 316 167 414 435 580 341 335 173 732 203 912 584 295 326 374 211 181 570 396 953 
8 8 8 8 8 12 12 12 16 16 16 16 10 10 10 10 10 22 22 6 6 6 19 2 2 2 11 11 11 11 11 23 23 23 23 13 13 13 13 20 20 6 6 6 24 24 24 0 0 0 0 12 12 12 24 24 24 5 5 5 5 10 10 10 10 10 4 4 4 4 4 18 18 13 13 13 13 21 21 21 21 3 3 3 7 7 7 7 25 25 25 25 25 25 25 25 25 25 25 25 25 25 25 9 9 9 9 14 14 20 20 1 1 1 1 1 11 11 11 11 11 21 21 21 21 16 16 16 16 17 17 17 0 0 0 0 19 22 22 4 4 4 4 4 8 8 8 8 8 9 9 9 9 7 7 7 7 15 15 15 15 15 2 2 2 25 25 25 25 25 25 25 25 25 25 25 25 25 25 25 14 14 15 15 15 15 15 17 17 17 18 18 3 3 3 1 1 1 1 1 