25
100
2
4 4 4 4 4 4 4 4 8 8 8 8 8 8 8 8 8 8 8 11 11 11 11 11 11 13 13 13 13 17 17 17 17 17 17 17 17 17 18 18 18 18 18 20 20 20 20 20 20 20 20 20 20 20 20 20 20 20 22 22 22 22 22 24 24 24 25 25 25 25 25 29 29 29 29 29 35 35 35 35 35 35 35 35 38 38 38 38 38 38 40 40 40 40 40 40 40 40 41 42 42 42 42 42 42 43 43 43 43 43 45 45 46 46 46 46 46 46 48 48 48 48 48 48 48 49 49 49 50 55 55 55 55 56 57 57 57 57 57 57 57 57 57 57 57 57 57 57 57 58 58 58 58 58 59 60 60 60 60 61 61 61 61 61 61 62 62 62 62 63 63 65 65 65 65 65 65 65 65 65 65 65 65 65 65 65 65 65 65 66 66 66 66 68 68 68 68 68 68 68 
58 59 60 61 62 146 147 148 84 85 86 87 88 89 38 39 40 41 42 32 33 34 35 36 37 171 172 173 174 112 113 114 19 20 21 22 23 24 14 15 16 17 18 78 175 176 177 178 179 180 181 182 183 184 185 186 187 188 0 1 2 3 4 95 96 97 149 150 151 152 153 105 106 107 108 109 118 119 43 90 91 92 93 94 8 9 10 11 12 13 79 80 81 82 83 63 64 65 133 159 160 161 162 163 164 71 72 73 74 75 169 170 29 30 31 193 194 195 76 77 137 138 139 140 141 130 131 132 158 154 125 126 127 98 155 156 157 120 121 122 123 124 196 197 198 199 5 6 7 66 67 68 69 70 129 134 135 136 128 99 100 101 102 103 104 189 190 191 192 110 111 25 26 27 28 44 45 46 47 48 49 50 51 52 53 54 55 56 57 165 166 167 168 115 116 117 142 143 144 145 
847 847 847 847 847 368 368 368 179 179 179 179 179 179 955 955 955 955 955 583 583 583 583 583 583 678 678 678 678 706 706 706 583 583 583 583 583 583 955 955 955 955 955 737 996 996 996 996 996 996 996 996 996 996 996 996 996 996 847 847 847 847 847 184 184 184 953 953 953 953 953 715 715 715 715 715 615 615 737 706 706 706 706 706 179 179 179 179 179 179 706 706 706 706 706 184 184 184 551 476 476 476 476 476 476 715 715 715 715 715 706 706 706 706 706 439 439 439 615 615 491 491 491 491 491 706 706 706 225 772 706 706 706 551 538 538 538 491 491 491 491 491 295 295 295 295 368 368 368 953 953 953 953 953 772 538 538 538 225 476 476 476 476 476 476 928 928 928 928 706 706 678 678 678 678 996 996 996 996 996 996 996 996 996 996 996 996 996 996 928 928 928 928 439 439 439 295 295 295 295 
0 1 2 3 4 5 6 7 8 9 10 11 12 13 14 15 16 17 18 19 20 21 22 23 24 25 26 27 28 29 30 31 19 20 21 22 23 24 14 15 16 17 18 32 33 34 35 36 37 38 39 40 41 42 43 44 45 46 0 1 2 3 4 47 48 49 50 51 52 53 54 55 56 57 58 59 60 61 32 62 63 64 65 66 8 9 10 11 12 13 62 63 64 65 66 47 48 49 67 68 69 70 71 72 73 55 56 57 58 59 74 75 29 30 31 76 77 78 60 61 79 80 81 82 83 84 85 86 87 88 84 85 86 67 89 90 91 79 80 81 82 83 92 93 94 95 5 6 7 50 51 52 53 54 88 89 90 91 87 68 69 70 71 72 73 96 97 98 99 74 75 25 26 27 28 33 34 35 36 37 38 39 40 41 42 43 44 45 46 96 97 98 99 76 77 78 92 93 94 95 
66061
25
3 2 3 1 3 4 5 6 2 1 6 6 4 4 5 5 5 3 3 3 5 1 1 5 14 
57 35 17 20 46 13 48 11 45 55 42 8 62 57 29 35 4 24 49 4 8 50 41 25 20 
60 48 46 35 68 65 57 17 63 59 61 38 66 68 43 40 22 40 55 57 18 60 56 58 65 
538 615 706 737 439 678 491 583 706 772 476 179 928 295 715 706 847 184 706 368 955 225 551 953 996 
16 16 16 16 16 19 19 19 11 11 11 11 11 11 20 20 20 20 20 7 7 7 7 7 7 5 5 5 5 2 2 2 7 7 7 7 7 7 20 20 20 20 20 3 24 24 24 24 24 24 24 24 24 24 24 24 24 24 16 16 16 16 16 17 17 17 23 23 23 23 23 14 14 14 14 14 1 1 3 15 15 15 15 15 11 11 11 11 11 11 15 15 15 15 15 17 17 17 22 10 10 10 10 10 10 14 14 14 14 14 8 8 2 2 2 4 4 4 1 1 6 6 6 6 6 18 18 18 21 9 18 18 18 22 0 0 0 6 6 6 6 6 13 13 13 13 19 19 19 23 23 23 23 23 9 0 0 0 21 10 10 10 10 10 10 12 12 12 12 8 8 5 5 5 5 24 24 24 24 24 24 24 24 24 24 24 24 24 24 12 12 12 12 4 4 4 13 13 13 13 