387
100
2
1 1 1 1 1 1 1 1 1 11 11 11 11 11 14 14 14 14 14 14 14 14 14 14 14 14 14 14 14 14 14 22 22 22 22 22 22 22 22 22 22 22 22 22 22 22 22 22 29 29 29 29 29 29 29 29 29 29 29 29 29 29 29 35 35 35 35 35 35 35 35 35 35 35 35 35 35 35 35 35 44 44 44 47 47 47 47 47 48 48 48 48 48 48 48 48 49 49 49 49 49 49 49 49 49 53 53 53 53 53 53 53 53 59 59 59 60 60 60 60 60 60 60 60 60 60 60 60 61 61 61 61 61 61 61 61 61 61 61 61 61 61 61 61 61 61 61 61 61 61 61 61 61 61 61 61 63 63 63 63 63 63 63 63 63 63 63 63 63 63 63 63 63 63 63 63 63 63 63 63 63 63 65 65 65 65 65 65 65 65 65 69 69 69 69 69 69 69 69 69 
182 183 184 185 186 187 188 189 190 83 84 85 86 87 139 140 141 142 143 144 145 146 147 148 149 150 151 152 153 154 155 63 64 65 66 67 68 69 70 71 72 73 74 75 76 77 78 79 156 157 158 159 160 161 162 163 164 165 166 167 168 169 170 31 32 33 34 35 36 37 38 39 40 41 42 43 44 45 46 47 113 114 115 9 10 11 12 13 105 106 107 108 109 110 111 112 191 192 193 194 195 196 197 198 199 88 89 90 91 92 93 94 95 80 81 82 117 116 119 118 121 120 123 122 125 124 127 126 171 172 173 174 175 176 177 178 179 180 181 14 15 16 17 18 19 20 21 22 23 24 25 26 27 28 29 30 48 49 50 51 52 53 54 55 56 57 58 59 60 61 62 128 129 130 131 132 133 134 135 136 137 138 0 1 2 3 4 5 6 7 8 96 97 98 99 100 101 102 103 104 
260 260 260 260 260 260 260 260 260 269 269 269 269 269 240 240 240 240 240 240 240 240 240 240 240 240 240 240 240 240 240 957 957 957 957 957 957 957 957 957 957 957 957 957 957 957 957 957 202 202 202 202 202 202 202 202 202 202 202 202 202 202 202 957 957 957 957 957 957 957 957 957 957 957 957 957 957 957 957 957 316 316 316 269 269 269 269 269 863 863 863 863 863 863 863 863 301 301 301 301 301 301 301 301 301 863 863 863 863 863 863 863 863 316 316 316 483 483 483 483 483 483 483 483 483 483 483 483 153 153 153 153 153 153 153 153 153 153 153 240 240 240 240 240 240 240 240 240 240 240 240 240 240 240 240 240 202 202 202 202 202 202 202 202 202 202 202 202 202 202 202 153 153 153 153 153 153 153 153 153 153 153 260 260 260 260 260 260 260 260 260 301 301 301 301 301 301 301 301 301 
0 1 2 3 4 5 6 7 8 9 10 11 12 13 14 15 16 17 18 19 20 21 22 23 24 25 26 27 28 29 30 31 32 33 34 35 36 37 38 39 40 41 42 43 44 45 46 47 48 49 50 51 52 53 54 55 56 57 58 59 60 61 62 31 32 33 34 35 36 37 38 39 40 41 42 43 44 45 46 47 63 64 65 9 10 11 12 13 66 67 68 69 70 71 72 73 74 75 76 77 78 79 80 81 82 66 67 68 69 70 71 72 73 63 64 65 83 83 84 84 85 85 86 86 87 87 88 88 89 90 91 92 93 94 95 96 97 98 99 14 15 16 17 18 19 20 21 22 23 24 25 26 27 28 29 30 48 49 50 51 52 53 54 55 56 57 58 59 60 61 62 89 90 91 92 93 94 95 96 97 98 99 0 1 2 3 4 5 6 7 8 74 75 76 77 78 79 80 81 82 
42206
10
6 15 8 5 17 3 11 9 9 17 
60 29 48 11 22 44 61 49 1 14 
60 63 53 47 35 59 63 69 65 61 
483 202 863 269 957 316 153 301 260 240 
8 8 8 8 8 8 8 8 8 3 3 3 3 3 9 9 9 9 9 9 9 9 9 9 9 9 9 9 9 9 9 4 4 4 4 4 4 4 4 4 4 4 4 4 4 4 4 4 1 1 1 1 1 1 1 1 1 1 1 1 1 1 1 4 4 4 4 4 4 4 4 4 4 4 4 4 4 4 4 4 5 5 5 3 3 3 3 3 2 2 2 2 2 2 2 2 7 7 7 7 7 7 7 7 7 2 2 2 2 2 2 2 2 5 5 5 0 0 0 0 0 0 0 0 0 0 0 0 6 6 6 6 6 6 6 6 6 6 6 9 9 9 9 9 9 9 9 9 9 9 9 9 9 9 9 9 1 1 1 1 1 1 1 1 1 1 1 1 1 1 1 6 6 6 6 6 6 6 6 6 6 6 8 8 8 8 8 8 8 8 8 7 7 7 7 7 7 7 7 7 