763
100
2
2 2 2 2 2 2 3 3 3 3 3 3 5 5 6 6 6 6 6 8 8 8 8 8 8 8 8 8 8 8 13 13 13 13 13 13 13 13 13 13 13 13 13 13 14 14 14 14 14 14 14 14 14 14 14 14 14 14 15 15 15 15 15 15 17 17 17 17 18 18 18 18 18 18 18 18 18 18 18 18 18 18 18 18 18 18 21 21 21 21 21 22 22 22 22 22 22 26 26 26 26 27 27 27 27 27 27 27 27 27 27 27 27 27 27 30 30 30 30 30 30 34 34 34 34 34 37 37 37 37 37 37 37 37 37 38 38 38 38 39 39 39 39 47 47 47 47 47 47 47 47 47 47 47 49 49 49 50 50 50 50 50 50 50 51 51 51 58 58 58 58 58 58 60 60 62 62 62 62 62 67 67 67 67 67 67 67 67 67 67 67 67 67 67 67 67 69 69 69 69 
143 144 145 146 147 148 101 102 103 104 105 106 180 181 121 122 123 124 125 53 54 55 56 57 58 59 60 61 62 63 182 183 184 185 186 187 188 189 190 191 192 193 194 195 157 158 159 91 92 93 94 95 96 19 20 21 22 23 24 25 26 27 28 29 135 136 137 138 69 68 71 70 73 72 75 74 77 76 126 127 128 129 130 131 173 174 110 111 112 113 114 47 48 49 50 51 52 160 161 162 163 6 7 8 9 10 11 132 133 134 86 87 88 89 90 167 168 169 170 171 172 14 15 16 17 18 78 79 80 81 82 83 107 108 109 64 65 66 67 196 197 198 199 0 1 2 3 4 5 175 176 177 178 179 164 165 166 44 45 46 97 98 99 100 154 155 156 115 116 117 118 119 120 84 85 149 150 151 152 153 12 13 30 31 32 33 34 35 36 37 38 39 40 41 42 43 139 140 141 142 
269 269 269 269 269 269 762 762 762 762 762 762 656 656 219 219 219 219 219 683 683 683 683 683 198 198 198 198 198 198 218 218 218 218 218 218 218 218 218 218 218 218 218 218 158 158 158 288 288 288 288 288 288 683 683 683 683 683 198 198 198 198 198 198 515 515 515 515 906 906 906 906 906 906 906 906 906 906 391 391 391 391 391 391 664 664 550 550 550 550 550 288 288 288 288 288 288 772 772 772 772 762 762 762 762 762 762 312 312 312 550 550 550 550 550 164 164 164 164 164 164 219 219 219 219 219 391 391 391 391 391 391 312 312 312 515 515 515 515 838 838 838 838 269 269 269 269 269 269 899 899 899 899 899 254 254 254 158 158 158 772 772 772 772 254 254 254 164 164 164 164 164 164 664 664 899 899 899 899 899 656 656 218 218 218 218 218 218 218 218 218 218 218 218 218 218 838 838 838 838 
0 1 2 3 4 5 6 7 8 9 10 11 12 13 14 15 16 17 18 19 20 21 22 23 24 25 26 27 28 29 30 31 32 33 34 35 36 37 38 39 40 41 42 43 44 45 46 47 48 49 50 51 52 19 20 21 22 23 24 25 26 27 28 29 53 54 55 56 57 57 58 58 59 59 60 60 61 61 62 63 64 65 66 67 68 69 70 71 72 73 74 47 48 49 50 51 52 75 76 77 78 6 7 8 9 10 11 79 80 81 70 71 72 73 74 82 83 84 85 86 87 14 15 16 17 18 62 63 64 65 66 67 79 80 81 53 54 55 56 88 89 90 91 0 1 2 3 4 5 92 93 94 95 96 97 98 99 44 45 46 75 76 77 78 97 98 99 82 83 84 85 86 87 68 69 92 93 94 95 96 12 13 30 31 32 33 34 35 36 37 38 39 40 41 42 43 88 89 90 91 
45081
20
4 5 3 4 6 5 6 6 6 5 6 4 3 3 2 5 6 5 2 14 
39 18 14 26 14 6 3 30 2 8 18 17 27 49 5 47 8 21 18 13 
69 18 50 50 22 34 27 58 47 14 37 38 37 51 67 62 15 27 60 67 
838 906 158 772 288 219 762 164 269 683 391 515 312 254 656 899 198 550 664 218 
8 8 8 8 8 8 6 6 6 6 6 6 14 14 5 5 5 5 5 9 9 9 9 9 16 16 16 16 16 16 19 19 19 19 19 19 19 19 19 19 19 19 19 19 2 2 2 4 4 4 4 4 4 9 9 9 9 9 16 16 16 16 16 16 11 11 11 11 1 1 1 1 1 1 1 1 1 1 10 10 10 10 10 10 18 18 17 17 17 17 17 4 4 4 4 4 4 3 3 3 3 6 6 6 6 6 6 12 12 12 17 17 17 17 17 7 7 7 7 7 7 5 5 5 5 5 10 10 10 10 10 10 12 12 12 11 11 11 11 0 0 0 0 8 8 8 8 8 8 15 15 15 15 15 13 13 13 2 2 2 3 3 3 3 13 13 13 7 7 7 7 7 7 18 18 15 15 15 15 15 14 14 19 19 19 19 19 19 19 19 19 19 19 19 19 19 0 0 0 0 