549
100
2
5 5 5 5 5 5 5 5 5 5 6 6 6 6 6 6 6 6 6 6 12 12 12 12 15 15 16 16 16 16 16 16 16 16 16 16 16 16 16 16 16 16 16 16 16 16 16 18 18 18 18 18 18 18 18 18 18 18 18 18 18 18 18 18 18 18 18 18 18 18 18 18 18 18 23 23 23 23 23 23 23 23 23 23 31 31 31 31 31 32 32 32 32 32 32 32 32 32 32 34 34 34 34 36 36 36 36 38 38 38 38 38 38 38 38 38 38 43 43 43 43 43 43 43 43 43 43 43 43 43 46 46 46 46 46 46 46 46 47 47 47 47 50 50 50 50 51 51 55 55 55 55 55 55 55 55 55 55 55 55 58 58 58 58 58 58 58 60 60 60 60 60 60 60 60 60 60 61 61 61 61 61 61 61 61 61 61 64 64 64 69 69 69 69 69 69 69 69 69 69 
107 108 109 110 111 112 113 114 115 116 177 178 179 180 181 182 183 184 185 186 99 100 101 102 146 147 187 188 189 84 85 86 87 88 117 118 119 120 121 122 123 124 125 126 127 128 129 167 168 169 170 171 172 173 174 175 176 160 161 162 163 164 165 166 190 191 192 193 194 195 196 197 198 199 89 90 91 92 93 94 95 96 97 98 29 30 31 32 33 74 75 76 77 78 79 80 81 82 83 20 21 22 23 156 157 158 159 0 1 2 3 4 5 6 7 8 9 34 35 36 37 38 39 40 41 42 43 44 45 46 148 149 150 151 152 153 154 155 142 143 144 145 138 139 140 141 24 25 130 131 132 133 134 135 136 137 103 104 105 106 57 58 59 60 61 62 63 47 48 49 50 51 52 53 54 55 56 10 11 12 13 14 15 16 17 18 19 26 27 28 64 65 66 67 68 69 70 71 72 73 
714 714 714 714 714 714 714 714 714 714 798 798 798 798 798 798 798 798 798 798 402 402 402 402 314 314 153 153 153 568 568 568 568 568 519 519 519 519 519 519 519 519 519 519 519 519 519 796 796 796 796 796 796 796 796 796 796 761 761 761 761 761 761 761 884 884 884 884 884 884 884 884 884 884 616 616 616 616 616 616 616 616 616 616 568 568 568 568 568 616 616 616 616 616 616 616 616 616 616 402 402 402 402 820 820 820 820 714 714 714 714 714 714 714 714 714 714 519 519 519 519 519 519 519 519 519 519 519 519 519 487 487 487 487 487 487 487 487 234 234 234 234 234 234 234 234 314 314 487 487 487 487 487 487 487 487 820 820 820 820 761 761 761 761 761 761 761 796 796 796 796 796 796 796 796 796 796 798 798 798 798 798 798 798 798 798 798 153 153 153 884 884 884 884 884 884 884 884 884 884 
0 1 2 3 4 5 6 7 8 9 10 11 12 13 14 15 16 17 18 19 20 21 22 23 24 25 26 27 28 29 30 31 32 33 34 35 36 37 38 39 40 41 42 43 44 45 46 47 48 49 50 51 52 53 54 55 56 57 58 59 60 61 62 63 64 65 66 67 68 69 70 71 72 73 74 75 76 77 78 79 80 81 82 83 29 30 31 32 33 74 75 76 77 78 79 80 81 82 83 20 21 22 23 84 85 86 87 0 1 2 3 4 5 6 7 8 9 34 35 36 37 38 39 40 41 42 43 44 45 46 88 89 90 91 92 93 94 95 96 97 98 99 96 97 98 99 24 25 88 89 90 91 92 93 94 95 84 85 86 87 57 58 59 60 61 62 63 47 48 49 50 51 52 53 54 55 56 10 11 12 13 14 15 16 17 18 19 26 27 28 64 65 66 67 68 69 70 71 72 73 
63801
14
4 10 4 2 3 5 10 10 10 8 7 10 4 13 
12 23 47 15 16 16 5 18 6 46 18 18 36 16 
34 32 50 51 64 31 38 60 61 55 58 69 55 43 
402 616 234 314 153 568 714 796 798 487 761 884 820 519 
6 6 6 6 6 6 6 6 6 6 8 8 8 8 8 8 8 8 8 8 0 0 0 0 3 3 4 4 4 5 5 5 5 5 13 13 13 13 13 13 13 13 13 13 13 13 13 7 7 7 7 7 7 7 7 7 7 10 10 10 10 10 10 10 11 11 11 11 11 11 11 11 11 11 1 1 1 1 1 1 1 1 1 1 5 5 5 5 5 1 1 1 1 1 1 1 1 1 1 0 0 0 0 12 12 12 12 6 6 6 6 6 6 6 6 6 6 13 13 13 13 13 13 13 13 13 13 13 13 13 9 9 9 9 9 9 9 9 2 2 2 2 2 2 2 2 3 3 9 9 9 9 9 9 9 9 12 12 12 12 10 10 10 10 10 10 10 7 7 7 7 7 7 7 7 7 7 8 8 8 8 8 8 8 8 8 8 4 4 4 11 11 11 11 11 11 11 11 11 11 