778
100
2
1 1 2 2 2 2 2 2 2 2 2 2 2 2 2 2 2 2 2 2 4 4 4 8 8 8 8 9 9 10 10 11 11 11 11 11 11 12 12 12 14 15 15 16 16 16 16 16 18 18 18 18 18 18 18 19 19 19 19 23 23 23 24 24 24 25 25 25 25 25 25 25 25 25 25 25 25 25 25 25 25 25 28 28 28 28 28 28 28 28 28 28 28 28 29 29 29 29 32 32 32 32 35 35 35 35 35 36 37 39 39 39 39 39 40 40 40 40 40 40 42 42 42 43 43 43 44 44 47 47 47 47 49 49 49 50 50 50 50 50 50 51 51 51 51 55 55 55 55 55 55 55 55 55 55 57 57 57 60 60 60 60 60 60 62 66 66 66 66 66 66 66 66 66 66 66 66 68 68 68 68 68 68 69 69 70 70 70 70 70 70 70 70 70 70 70 70 70 70 70 
105 106 164 65 66 67 68 69 70 71 72 73 74 75 76 77 78 79 80 81 120 121 122 128 129 130 131 169 170 126 127 59 60 61 123 124 125 62 63 64 107 156 157 190 191 192 193 194 102 103 104 86 87 88 89 90 91 92 93 31 32 33 37 38 39 3 4 5 6 7 8 9 10 11 12 13 14 15 16 17 18 19 141 142 143 144 51 52 53 54 55 56 57 58 98 99 100 101 94 95 96 97 48 49 50 0 1 40 171 150 151 152 153 154 135 136 137 138 139 140 20 21 22 34 35 36 29 30 23 24 25 26 166 167 168 114 115 116 117 118 119 82 83 84 85 185 186 187 188 189 109 110 111 112 113 165 41 42 177 178 179 180 181 182 2 155 132 133 134 27 28 108 195 196 197 198 199 158 159 160 161 162 163 184 183 145 146 147 148 149 43 44 45 46 47 172 173 174 175 176 
413 413 783 646 646 646 646 646 646 646 646 646 646 646 646 646 646 646 646 646 482 482 482 729 729 729 729 804 804 564 564 759 759 759 559 559 559 313 313 313 630 300 300 519 519 519 519 519 591 591 591 910 910 910 910 239 239 239 239 759 759 759 313 313 313 646 646 646 646 646 646 646 646 646 646 646 646 646 646 646 646 646 310 310 310 310 910 910 910 910 239 239 239 239 990 990 990 990 990 990 990 990 591 591 591 413 413 630 866 876 876 876 876 876 536 536 536 536 536 536 482 482 482 559 559 559 564 564 729 729 729 729 589 589 589 536 536 536 536 536 536 310 310 310 310 995 995 995 995 995 876 876 876 876 876 751 300 300 961 961 961 961 961 961 783 751 589 589 589 804 804 866 805 805 805 805 805 961 961 961 961 961 961 633 633 995 995 995 995 995 519 519 519 519 519 805 805 805 805 805 
0 1 2 3 4 5 6 7 8 9 10 11 12 13 14 15 16 17 18 19 20 21 22 23 24 25 26 27 28 29 30 31 32 33 34 35 36 37 38 39 40 41 42 43 44 45 46 47 48 49 50 51 52 53 54 55 56 57 58 31 32 33 37 38 39 3 4 5 6 7 8 9 10 11 12 13 14 15 16 17 18 19 59 60 61 62 51 52 53 54 55 56 57 58 63 64 65 66 63 64 65 66 48 49 50 0 1 40 67 68 69 70 71 72 73 74 75 76 77 78 20 21 22 34 35 36 29 30 23 24 25 26 79 80 81 73 74 75 76 77 78 59 60 61 62 82 83 84 85 86 68 69 70 71 72 87 41 42 88 89 90 91 92 93 2 87 79 80 81 27 28 67 94 95 96 97 98 88 89 90 91 92 93 99 99 82 83 84 85 86 43 44 45 46 47 94 95 96 97 98 
66355
27
3 5 3 1 4 1 3 2 6 4 5 4 5 3 1 1 2 3 6 4 3 1 2 2 4 5 17 
18 55 4 69 8 57 11 1 60 28 39 29 16 49 2 14 9 12 40 18 11 37 10 15 19 66 2 
35 70 42 69 47 66 23 35 68 51 55 32 70 66 62 36 66 24 50 28 43 66 44 57 28 70 25 
591 995 482 633 729 751 759 413 961 310 876 990 519 589 783 630 804 313 536 910 559 866 564 300 239 805 646 
7 7 14 26 26 26 26 26 26 26 26 26 26 26 26 26 26 26 26 26 2 2 2 4 4 4 4 16 16 22 22 6 6 6 20 20 20 17 17 17 15 23 23 12 12 12 12 12 0 0 0 19 19 19 19 24 24 24 24 6 6 6 17 17 17 26 26 26 26 26 26 26 26 26 26 26 26 26 26 26 26 26 9 9 9 9 19 19 19 19 24 24 24 24 11 11 11 11 11 11 11 11 0 0 0 7 7 15 21 10 10 10 10 10 18 18 18 18 18 18 2 2 2 20 20 20 22 22 4 4 4 4 13 13 13 18 18 18 18 18 18 9 9 9 9 1 1 1 1 1 10 10 10 10 10 5 23 23 8 8 8 8 8 8 14 5 13 13 13 16 16 21 25 25 25 25 25 8 8 8 8 8 8 3 3 1 1 1 1 1 12 12 12 12 12 25 25 25 25 25 