366
100
2
1 1 1 1 1 1 1 1 1 2 2 2 6 6 6 7 7 7 7 7 9 9 9 9 11 11 11 11 12 12 12 12 12 12 12 12 16 16 16 16 16 16 16 16 17 17 17 18 18 19 19 19 19 19 19 19 19 19 19 19 19 19 19 19 19 19 19 19 19 19 19 19 19 19 19 19 19 19 19 20 20 20 21 21 21 21 21 22 22 22 22 22 22 22 22 22 22 23 23 23 23 23 23 25 25 26 26 26 26 26 26 26 26 30 30 30 30 32 32 33 33 33 33 33 33 33 34 34 35 35 35 35 35 35 35 35 35 35 35 35 35 35 35 37 37 37 37 37 38 38 38 43 43 43 43 43 43 46 46 46 49 49 49 49 49 49 50 50 52 52 52 52 52 56 59 59 59 59 59 59 60 60 60 62 62 62 62 62 62 63 63 63 64 64 64 64 64 64 67 67 
101 102 148 149 150 20 21 22 23 12 13 14 9 10 11 168 169 170 171 172 5 6 7 8 139 140 141 142 166 167 36 37 38 39 40 41 30 31 32 33 34 35 124 125 189 190 191 126 127 50 49 52 51 54 53 56 55 58 57 60 59 62 61 64 63 66 65 68 67 70 69 72 71 74 73 76 75 78 77 157 158 159 143 144 145 146 147 97 98 99 100 183 184 185 186 187 188 87 88 89 90 0 1 198 199 180 181 182 128 129 130 131 132 120 121 122 123 178 179 173 113 114 115 116 42 43 47 48 108 109 110 111 112 151 152 153 154 155 156 24 25 26 27 82 83 84 85 86 2 3 4 133 134 135 136 137 138 79 80 81 192 193 194 195 196 197 28 29 15 16 17 18 19 119 175 174 177 176 117 118 105 106 107 91 92 93 94 95 96 44 45 46 160 161 162 163 164 165 103 104 
763 763 838 838 838 850 850 850 850 933 933 933 933 933 933 511 511 511 511 511 850 850 850 850 382 382 382 382 467 467 955 955 955 955 955 955 955 955 955 955 955 955 693 693 245 245 245 457 457 375 375 375 375 375 375 375 375 375 375 375 375 375 375 375 375 375 375 375 375 375 375 375 375 375 375 375 375 375 375 266 266 266 665 665 665 665 665 629 629 629 629 654 654 654 654 654 654 629 629 629 629 763 763 991 991 676 676 676 744 744 744 744 744 603 603 603 603 636 636 973 603 603 603 603 693 693 457 457 744 744 744 744 744 529 529 529 529 529 529 382 382 382 382 665 665 665 665 665 838 838 838 529 529 529 529 529 529 266 266 266 331 331 331 331 331 331 467 467 511 511 511 511 511 973 987 987 987 987 636 636 676 676 676 654 654 654 654 654 654 245 245 245 331 331 331 331 331 331 991 991 
0 1 2 3 4 5 6 7 8 9 10 11 9 10 11 12 13 14 15 16 5 6 7 8 17 18 19 20 21 22 23 24 25 26 27 28 23 24 25 26 27 28 29 30 31 32 33 34 35 36 36 37 37 38 38 39 39 40 40 41 41 42 42 43 43 44 44 45 45 46 46 47 47 48 48 49 49 50 50 51 52 53 54 55 56 57 58 59 60 61 62 63 64 65 66 67 68 59 60 61 62 0 1 69 70 71 72 73 74 75 76 77 78 79 80 81 82 83 84 85 79 80 81 82 29 30 34 35 74 75 76 77 78 86 87 88 89 90 91 17 18 19 20 54 55 56 57 58 2 3 4 86 87 88 89 90 91 51 52 53 92 93 94 95 96 97 21 22 12 13 14 15 16 85 98 98 99 99 83 84 71 72 73 63 64 65 66 67 68 31 32 33 92 93 94 95 96 97 69 70 
59730
25
3 2 6 4 2 1 3 5 2 4 3 3 6 4 2 6 5 4 2 2 6 3 2 5 15 
20 59 49 22 32 33 26 26 1 30 2 1 35 1 12 12 7 11 16 25 22 17 18 21 19 
46 59 64 23 59 56 60 35 23 33 6 38 43 9 50 16 52 35 33 67 62 63 34 37 19 
266 987 331 629 636 973 676 744 763 603 933 838 529 850 467 955 511 382 693 991 654 245 457 665 375 
8 8 11 11 11 13 13 13 13 10 10 10 10 10 10 16 16 16 16 16 13 13 13 13 17 17 17 17 14 14 15 15 15 15 15 15 15 15 15 15 15 15 18 18 21 21 21 22 22 24 24 24 24 24 24 24 24 24 24 24 24 24 24 24 24 24 24 24 24 24 24 24 24 24 24 24 24 24 24 0 0 0 23 23 23 23 23 3 3 3 3 20 20 20 20 20 20 3 3 3 3 8 8 19 19 6 6 6 7 7 7 7 7 9 9 9 9 4 4 5 9 9 9 9 18 18 22 22 7 7 7 7 7 12 12 12 12 12 12 17 17 17 17 23 23 23 23 23 11 11 11 12 12 12 12 12 12 0 0 0 2 2 2 2 2 2 14 14 16 16 16 16 16 5 1 1 1 1 4 4 6 6 6 20 20 20 20 20 20 21 21 21 2 2 2 2 2 2 19 19 