356
100
2
5 5 5 5 5 5 6 6 6 6 6 6 6 6 6 7 7 7 7 12 12 12 12 12 12 12 12 12 12 13 13 13 13 14 14 14 14 15 15 15 15 15 15 15 15 15 15 17 17 17 28 28 28 28 28 28 28 28 28 38 38 42 42 42 42 42 42 42 42 42 42 43 43 43 43 43 43 44 44 44 44 44 44 44 44 45 45 45 45 45 45 45 45 45 45 47 47 47 47 49 49 49 49 49 49 49 49 50 50 50 52 52 52 52 52 52 52 52 52 52 52 57 57 57 57 57 57 57 57 57 57 57 57 57 57 57 57 57 58 58 58 58 58 58 58 58 58 58 58 61 61 61 61 61 61 61 61 64 64 64 64 64 64 64 64 65 65 65 65 65 65 65 65 65 65 65 65 65 65 65 65 65 67 67 67 67 67 67 67 67 67 67 67 67 70 70 70 70 70 70 
194 195 196 197 198 199 50 51 52 53 54 55 56 57 58 33 34 35 36 37 38 39 40 41 42 43 44 45 46 59 60 182 183 15 16 17 18 19 20 21 22 23 24 25 26 27 28 107 108 109 6 7 8 9 10 11 12 13 14 29 30 95 96 97 98 71 72 73 74 75 76 65 66 67 68 69 70 99 100 101 102 103 104 105 106 184 185 186 187 188 189 190 191 192 193 61 62 63 64 77 78 79 80 81 82 83 84 47 48 49 138 139 140 141 142 143 144 145 146 147 148 165 166 167 168 169 170 171 172 173 174 175 176 177 178 179 180 181 110 111 112 113 114 115 116 117 118 119 120 157 158 159 160 161 162 163 164 149 150 151 152 153 154 155 156 121 122 123 124 125 126 127 128 129 130 131 132 133 134 135 136 137 31 32 85 86 87 88 89 90 91 92 93 94 0 1 2 3 4 5 
784 784 784 784 784 784 774 774 774 774 774 774 774 774 774 649 649 649 649 539 539 539 539 539 539 539 539 539 539 728 728 548 548 649 649 649 649 539 539 539 539 539 539 539 539 539 539 556 556 556 774 774 774 774 774 774 774 774 774 728 728 989 989 989 989 942 942 942 942 942 942 942 942 942 942 942 942 751 751 751 751 751 751 751 751 931 931 931 931 931 931 931 931 931 931 989 989 989 989 751 751 751 751 751 751 751 751 556 556 556 821 821 821 821 821 821 821 821 821 821 821 980 980 980 980 980 980 980 980 980 980 980 980 980 980 980 980 980 821 821 821 821 821 821 821 821 821 821 821 547 547 547 547 547 547 547 547 547 547 547 547 547 547 547 547 980 980 980 980 980 980 980 980 980 980 980 980 980 980 980 980 980 548 548 931 931 931 931 931 931 931 931 931 931 784 784 784 784 784 784 
0 1 2 3 4 5 6 7 8 9 10 11 12 13 14 15 16 17 18 19 20 21 22 23 24 25 26 27 28 29 30 31 32 15 16 17 18 19 20 21 22 23 24 25 26 27 28 33 34 35 6 7 8 9 10 11 12 13 14 29 30 36 37 38 39 40 41 42 43 44 45 40 41 42 43 44 45 46 47 48 49 50 51 52 53 54 55 56 57 58 59 60 61 62 63 36 37 38 39 46 47 48 49 50 51 52 53 33 34 35 64 65 66 67 68 69 70 71 72 73 74 75 76 77 78 79 80 81 82 83 84 85 86 87 88 89 90 91 64 65 66 67 68 69 70 71 72 73 74 92 93 94 95 96 97 98 99 92 93 94 95 96 97 98 99 75 76 77 78 79 80 81 82 83 84 85 86 87 88 89 90 91 31 32 54 55 56 57 58 59 60 61 62 63 0 1 2 3 4 5 
78869
14
2 10 8 6 2 3 4 10 4 9 6 8 11 17 
13 12 61 5 13 17 42 45 7 6 42 44 52 57 
38 15 64 70 67 50 47 67 14 28 43 49 58 65 
728 539 547 784 548 556 989 931 649 774 942 751 821 980 
3 3 3 3 3 3 9 9 9 9 9 9 9 9 9 8 8 8 8 1 1 1 1 1 1 1 1 1 1 0 0 4 4 8 8 8 8 1 1 1 1 1 1 1 1 1 1 5 5 5 9 9 9 9 9 9 9 9 9 0 0 6 6 6 6 10 10 10 10 10 10 10 10 10 10 10 10 11 11 11 11 11 11 11 11 7 7 7 7 7 7 7 7 7 7 6 6 6 6 11 11 11 11 11 11 11 11 5 5 5 12 12 12 12 12 12 12 12 12 12 12 13 13 13 13 13 13 13 13 13 13 13 13 13 13 13 13 13 12 12 12 12 12 12 12 12 12 12 12 2 2 2 2 2 2 2 2 2 2 2 2 2 2 2 2 13 13 13 13 13 13 13 13 13 13 13 13 13 13 13 13 13 4 4 7 7 7 7 7 7 7 7 7 7 3 3 3 3 3 3 