627
100
2
1 1 1 1 1 1 5 5 5 5 5 5 7 7 7 7 7 7 7 7 7 7 8 8 8 8 8 9 9 9 9 9 9 9 9 11 11 11 14 14 14 14 14 14 14 14 14 23 23 23 23 23 25 25 25 26 26 26 26 27 27 27 27 27 27 27 27 27 36 36 36 36 36 36 37 37 37 37 37 37 37 37 37 37 37 38 38 38 39 39 39 39 39 39 39 40 40 40 40 40 40 40 44 44 44 44 44 46 46 46 46 46 46 46 46 51 51 51 51 51 54 54 54 54 54 54 54 54 54 54 54 54 54 54 57 57 57 59 59 59 59 59 59 59 59 60 60 60 60 60 60 60 60 60 60 60 60 61 61 61 61 61 64 64 64 64 64 64 64 64 64 64 65 65 65 67 67 67 67 67 67 67 67 67 67 67 67 67 67 67 67 67 70 70 70 70 70 70 70 70 
166 167 168 169 170 171 68 69 70 71 72 73 47 48 49 50 51 22 23 24 25 26 17 18 19 20 21 137 138 139 140 141 142 143 144 38 39 40 35 36 37 79 80 81 82 83 84 12 13 14 15 16 175 176 177 162 163 164 165 145 146 147 148 149 150 151 152 153 6 7 8 9 10 11 102 103 104 105 106 41 42 43 44 45 46 172 173 174 95 96 97 98 99 100 101 88 89 90 91 92 93 94 74 75 76 77 78 192 193 194 195 196 197 198 199 157 158 159 160 161 178 179 180 181 182 183 184 185 186 187 188 189 190 191 154 155 156 27 28 29 30 31 32 33 34 59 60 61 62 63 64 65 66 67 134 135 136 115 116 117 118 119 55 56 57 58 0 1 2 3 4 5 85 86 87 52 53 54 120 121 122 123 124 125 126 127 128 129 130 131 132 133 107 108 109 110 111 112 113 114 
218 218 218 218 218 218 725 725 725 725 725 725 738 738 738 738 738 851 851 851 851 851 851 851 851 851 851 754 754 754 754 754 754 754 754 186 186 186 186 186 186 170 170 170 170 170 170 738 738 738 738 738 260 260 260 775 775 775 775 495 495 495 495 495 495 495 495 495 725 725 725 725 725 725 529 529 529 529 529 170 170 170 170 170 170 332 332 332 547 547 547 547 547 547 547 547 547 547 547 547 547 547 529 529 529 529 529 820 820 820 820 820 820 820 820 573 573 573 573 573 715 715 715 715 715 715 715 715 715 715 715 715 715 715 894 894 894 754 754 754 754 754 754 754 754 495 495 495 495 495 495 495 495 495 894 894 894 573 573 573 573 573 775 775 775 775 218 218 218 218 218 218 332 332 332 260 260 260 715 715 715 715 715 715 715 715 715 715 715 715 715 715 820 820 820 820 820 820 820 820 
0 1 2 3 4 5 6 7 8 9 10 11 12 13 14 15 16 17 18 19 20 21 17 18 19 20 21 22 23 24 25 26 27 28 29 30 31 32 30 31 32 33 34 35 36 37 38 12 13 14 15 16 39 40 41 42 43 44 45 46 47 48 49 50 51 52 53 54 6 7 8 9 10 11 55 56 57 58 59 33 34 35 36 37 38 60 61 62 63 64 65 66 67 68 69 63 64 65 66 67 68 69 55 56 57 58 59 70 71 72 73 74 75 76 77 78 79 80 81 82 83 84 85 86 87 88 89 90 91 92 93 94 95 96 97 98 99 22 23 24 25 26 27 28 29 46 47 48 49 50 51 52 53 54 97 98 99 78 79 80 81 82 42 43 44 45 0 1 2 3 4 5 60 61 62 39 40 41 83 84 85 86 87 88 89 90 91 92 93 94 95 96 70 71 72 73 74 75 76 77 
59135
17
8 5 5 6 5 8 9 3 3 4 7 6 6 3 3 5 14 
9 37 51 5 7 46 27 11 57 26 39 1 14 25 38 7 54 
59 44 61 36 23 70 60 14 60 64 40 64 37 67 65 8 67 
754 529 573 725 738 820 495 186 894 775 547 218 170 260 332 851 715 
11 11 11 11 11 11 3 3 3 3 3 3 4 4 4 4 4 15 15 15 15 15 15 15 15 15 15 0 0 0 0 0 0 0 0 7 7 7 7 7 7 12 12 12 12 12 12 4 4 4 4 4 13 13 13 9 9 9 9 6 6 6 6 6 6 6 6 6 3 3 3 3 3 3 1 1 1 1 1 12 12 12 12 12 12 14 14 14 10 10 10 10 10 10 10 10 10 10 10 10 10 10 1 1 1 1 1 5 5 5 5 5 5 5 5 2 2 2 2 2 16 16 16 16 16 16 16 16 16 16 16 16 16 16 8 8 8 0 0 0 0 0 0 0 0 6 6 6 6 6 6 6 6 6 8 8 8 2 2 2 2 2 9 9 9 9 11 11 11 11 11 11 14 14 14 13 13 13 16 16 16 16 16 16 16 16 16 16 16 16 16 16 5 5 5 5 5 5 5 5 