923
100
2
12 13 13 13 13 13 13 13 13 13 13 13 13 14 14 14 14 14 15 15 15 15 15 15 15 15 15 15 15 15 15 15 16 16 16 16 16 16 16 16 17 17 17 17 17 18 18 18 18 18 18 18 19 19 19 19 19 19 19 21 21 21 21 21 21 21 21 21 22 22 24 24 24 24 24 24 24 24 26 26 26 26 26 26 26 28 28 28 28 28 28 30 30 30 30 30 30 31 31 31 31 31 31 31 31 31 31 31 31 31 34 34 34 34 34 34 35 35 35 35 35 35 35 35 36 36 36 36 36 36 37 37 37 37 37 37 37 37 38 40 40 40 40 40 40 40 45 45 45 45 45 45 45 45 46 46 46 46 46 46 47 47 47 47 47 47 47 47 47 47 47 47 47 47 52 52 52 52 52 54 54 54 54 54 62 62 62 62 62 62 62 66 67 67 67 67 67 67 67 67 
191 154 155 156 157 158 159 104 105 106 107 108 109 179 180 181 182 183 160 161 162 163 164 165 166 167 168 169 170 171 172 173 33 32 35 34 37 36 39 38 174 175 176 177 178 184 185 186 187 188 189 190 97 98 99 100 101 102 103 78 79 80 81 82 83 84 68 69 66 67 130 131 132 133 134 135 136 137 59 60 61 62 63 64 65 110 111 112 113 114 115 124 125 126 127 128 129 52 53 54 55 56 57 58 7 8 9 10 11 12 85 86 87 88 89 90 192 193 194 195 196 197 198 199 91 92 93 94 95 96 70 71 72 73 74 75 76 77 146 147 148 149 150 151 152 153 138 139 140 141 142 143 144 145 1 2 3 4 5 6 18 19 20 21 22 23 24 25 26 27 28 29 30 31 40 41 42 43 44 13 14 15 16 17 45 46 47 48 49 50 51 0 116 117 118 119 120 121 122 123 
755 286 286 286 286 286 286 428 428 428 428 428 428 902 902 902 902 902 541 541 541 541 541 541 541 541 541 541 541 541 541 541 461 461 461 461 461 461 461 461 446 446 446 446 446 551 551 551 551 551 551 551 308 308 308 308 308 308 308 700 700 700 700 700 700 700 618 618 618 618 384 384 384 384 384 384 384 384 700 700 700 700 700 700 700 606 606 606 606 606 606 555 555 555 555 555 555 308 308 308 308 308 308 308 428 428 428 428 428 428 606 606 606 606 606 606 662 662 662 662 662 662 662 662 555 555 555 555 555 555 384 384 384 384 384 384 384 384 723 936 936 936 936 936 936 936 723 936 936 936 936 936 936 936 286 286 286 286 286 286 541 541 541 541 541 541 541 541 541 541 541 541 541 541 446 446 446 446 446 902 902 902 902 902 551 551 551 551 551 551 551 755 662 662 662 662 662 662 662 662 
0 1 2 3 4 5 6 7 8 9 10 11 12 13 14 15 16 17 18 19 20 21 22 23 24 25 26 27 28 29 30 31 32 32 33 33 34 34 35 35 36 37 38 39 40 41 42 43 44 45 46 47 48 49 50 51 52 53 54 55 56 57 58 59 60 61 62 63 62 63 64 65 66 67 68 69 70 71 55 56 57 58 59 60 61 72 73 74 75 76 77 78 79 80 81 82 83 48 49 50 51 52 53 54 7 8 9 10 11 12 72 73 74 75 76 77 84 85 86 87 88 89 90 91 78 79 80 81 82 83 64 65 66 67 68 69 70 71 92 93 94 95 96 97 98 99 92 93 94 95 96 97 98 99 1 2 3 4 5 6 18 19 20 21 22 23 24 25 26 27 28 29 30 31 36 37 38 39 40 13 14 15 16 17 41 42 43 44 45 46 47 0 84 85 86 87 88 89 90 91 
55955
17
8 7 7 6 8 7 5 4 6 1 2 5 1 6 7 6 14 
24 18 21 13 35 19 14 16 28 12 21 17 38 30 40 13 15 
37 62 26 46 67 31 54 16 34 66 22 52 45 36 45 31 47 
384 551 700 286 662 308 902 461 606 755 618 446 723 555 936 428 541 
9 3 3 3 3 3 3 15 15 15 15 15 15 6 6 6 6 6 16 16 16 16 16 16 16 16 16 16 16 16 16 16 7 7 7 7 7 7 7 7 11 11 11 11 11 1 1 1 1 1 1 1 5 5 5 5 5 5 5 2 2 2 2 2 2 2 10 10 10 10 0 0 0 0 0 0 0 0 2 2 2 2 2 2 2 8 8 8 8 8 8 13 13 13 13 13 13 5 5 5 5 5 5 5 15 15 15 15 15 15 8 8 8 8 8 8 4 4 4 4 4 4 4 4 13 13 13 13 13 13 0 0 0 0 0 0 0 0 12 14 14 14 14 14 14 14 12 14 14 14 14 14 14 14 3 3 3 3 3 3 16 16 16 16 16 16 16 16 16 16 16 16 16 16 11 11 11 11 11 6 6 6 6 6 1 1 1 1 1 1 1 9 4 4 4 4 4 4 4 4 