298
100
2
1 1 1 1 1 1 3 3 3 3 3 3 3 3 3 3 3 3 3 9 9 9 9 9 9 9 9 9 9 9 9 9 9 9 9 9 15 15 15 15 15 15 15 15 15 15 15 15 15 16 16 16 16 16 16 16 16 16 16 16 16 22 22 22 22 22 22 22 22 22 23 23 23 26 26 26 26 26 26 26 26 26 26 26 26 28 28 31 31 31 37 37 37 37 37 37 37 37 37 37 37 37 37 37 39 39 39 39 39 39 39 39 40 40 40 40 40 40 40 40 40 40 40 40 42 42 42 42 42 42 42 44 44 44 44 44 44 44 44 44 44 44 44 44 44 44 44 44 44 48 48 49 49 49 49 49 49 53 53 53 53 53 53 53 53 62 62 62 62 62 65 65 65 65 65 65 65 65 65 65 65 65 65 65 65 65 65 65 67 67 67 70 70 70 70 70 70 70 70 70 
151 152 153 154 155 156 36 37 38 39 40 41 42 43 44 45 46 47 48 90 91 92 93 94 95 96 97 98 99 100 101 102 103 131 132 133 6 7 8 9 10 11 12 13 14 15 16 17 18 112 113 114 115 116 117 118 119 120 121 122 123 191 192 193 194 195 196 197 198 199 188 189 190 165 166 167 168 169 124 125 126 127 128 129 130 149 150 170 171 172 19 20 21 22 23 24 25 26 27 28 29 30 31 32 157 158 159 160 161 162 163 164 49 50 51 52 53 54 55 56 57 58 59 60 78 79 80 81 82 83 84 33 34 35 173 174 175 176 177 178 179 180 181 182 183 184 185 186 187 85 86 0 1 2 3 4 5 104 105 106 107 108 109 110 111 73 74 75 76 77 87 88 89 134 135 136 137 138 139 140 141 142 143 144 145 146 147 148 70 71 72 61 62 63 64 65 66 67 68 69 
293 293 293 293 293 293 200 200 200 200 200 200 200 200 200 200 200 200 200 359 359 359 359 359 359 359 359 359 359 359 359 359 359 915 915 915 200 200 200 200 200 200 200 200 200 200 200 200 200 596 596 596 596 596 596 596 596 596 596 596 596 374 374 374 374 374 374 374 374 374 784 784 784 629 629 629 629 629 971 971 971 971 971 971 971 855 855 617 617 617 359 359 359 359 359 359 359 359 359 359 359 359 359 359 154 154 154 154 154 154 154 154 596 596 596 596 596 596 596 596 596 596 596 596 971 971 971 971 971 971 971 915 915 915 745 745 745 745 745 745 745 745 745 745 745 745 745 745 745 855 855 293 293 293 293 293 293 154 154 154 154 154 154 154 154 629 629 629 629 629 617 617 617 745 745 745 745 745 745 745 745 745 745 745 745 745 745 745 784 784 784 374 374 374 374 374 374 374 374 374 
0 1 2 3 4 5 6 7 8 9 10 11 12 13 14 15 16 17 18 19 20 21 22 23 24 25 26 27 28 29 30 31 32 33 34 35 6 7 8 9 10 11 12 13 14 15 16 17 18 36 37 38 39 40 41 42 43 44 45 46 47 48 49 50 51 52 53 54 55 56 57 58 59 60 61 62 63 64 65 66 67 68 69 70 71 72 73 74 75 76 19 20 21 22 23 24 25 26 27 28 29 30 31 32 77 78 79 80 81 82 83 84 36 37 38 39 40 41 42 43 44 45 46 47 65 66 67 68 69 70 71 33 34 35 85 86 87 88 89 90 91 92 93 94 95 96 97 98 99 72 73 0 1 2 3 4 5 77 78 79 80 81 82 83 84 60 61 62 63 64 74 75 76 85 86 87 88 89 90 91 92 93 94 95 96 97 98 99 57 58 59 48 49 50 51 52 53 54 55 56 
50909
13
14 3 13 3 3 9 6 8 2 12 5 7 15 
9 9 3 31 23 22 1 39 28 16 26 26 44 
37 44 15 65 67 70 49 53 48 40 62 42 65 
359 915 200 617 784 374 293 154 855 596 629 971 745 
6 6 6 6 6 6 2 2 2 2 2 2 2 2 2 2 2 2 2 0 0 0 0 0 0 0 0 0 0 0 0 0 0 1 1 1 2 2 2 2 2 2 2 2 2 2 2 2 2 9 9 9 9 9 9 9 9 9 9 9 9 5 5 5 5 5 5 5 5 5 4 4 4 10 10 10 10 10 11 11 11 11 11 11 11 8 8 3 3 3 0 0 0 0 0 0 0 0 0 0 0 0 0 0 7 7 7 7 7 7 7 7 9 9 9 9 9 9 9 9 9 9 9 9 11 11 11 11 11 11 11 1 1 1 12 12 12 12 12 12 12 12 12 12 12 12 12 12 12 8 8 6 6 6 6 6 6 7 7 7 7 7 7 7 7 10 10 10 10 10 3 3 3 12 12 12 12 12 12 12 12 12 12 12 12 12 12 12 4 4 4 5 5 5 5 5 5 5 5 5 