332
100
2
2 2 2 3 3 3 3 3 3 3 3 3 3 3 3 3 3 3 3 3 3 3 3 5 5 5 5 5 10 10 10 10 10 12 12 12 12 14 14 14 14 14 15 15 15 15 15 19 19 22 22 22 22 22 22 22 22 22 22 24 24 24 24 25 25 25 27 27 27 27 27 27 30 30 32 32 32 32 35 35 35 35 35 35 36 36 36 36 36 37 37 37 37 38 38 38 38 38 38 38 38 38 38 38 38 38 38 38 38 38 38 38 39 39 39 39 39 41 41 41 41 41 41 42 42 42 42 42 45 45 45 45 45 45 45 45 45 45 45 45 45 45 45 45 45 45 45 46 46 46 46 46 46 46 46 48 48 48 48 48 52 52 56 56 59 59 59 59 59 61 61 61 61 61 61 61 64 64 64 64 65 65 65 65 65 65 65 65 65 65 65 65 66 66 66 66 66 68 68 68 
189 190 191 66 67 68 69 70 71 78 79 80 81 82 83 147 148 149 150 151 152 153 154 84 85 86 87 88 164 165 166 167 168 176 177 178 179 192 193 194 195 196 123 124 125 126 127 72 73 169 170 171 172 173 174 175 186 187 188 74 75 76 77 197 198 199 3 4 5 6 7 8 47 48 59 60 61 62 9 10 11 12 13 14 23 24 25 26 27 90 89 92 91 128 129 130 131 132 133 134 135 136 137 138 139 140 141 142 143 144 145 146 155 156 157 158 159 180 181 182 183 184 185 42 43 44 45 46 93 94 95 96 97 98 99 100 101 102 103 104 105 106 107 108 109 110 111 15 16 17 18 19 20 21 22 112 113 114 115 116 162 163 160 161 28 29 30 31 32 49 50 51 52 53 54 55 33 34 35 36 117 118 119 120 121 122 56 57 58 0 1 2 37 38 39 40 41 63 64 65 
543 543 543 177 177 177 177 177 177 642 642 642 642 642 642 476 476 476 476 476 476 476 476 359 359 359 359 359 428 428 428 428 428 253 253 253 253 487 487 487 487 487 419 419 419 419 419 901 901 951 951 951 951 951 951 951 320 320 320 813 813 813 813 740 740 740 177 177 177 177 177 177 901 901 813 813 813 813 642 642 642 642 642 642 359 359 359 359 359 462 462 462 462 325 325 325 325 325 325 325 325 325 325 325 325 325 325 325 325 325 325 325 227 227 227 227 227 681 681 681 681 681 681 419 419 419 419 419 325 325 325 325 325 325 325 325 325 325 325 325 325 325 325 325 325 325 325 476 476 476 476 476 476 476 476 227 227 227 227 227 948 948 948 948 428 428 428 428 428 951 951 951 951 951 951 951 253 253 253 253 681 681 681 681 681 681 320 320 320 543 543 543 487 487 487 487 487 740 740 740 
0 1 2 3 4 5 6 7 8 9 10 11 12 13 14 15 16 17 18 19 20 21 22 23 24 25 26 27 28 29 30 31 32 33 34 35 36 37 38 39 40 41 42 43 44 45 46 47 48 49 50 51 52 53 54 55 56 57 58 59 60 61 62 63 64 65 3 4 5 6 7 8 47 48 59 60 61 62 9 10 11 12 13 14 23 24 25 26 27 66 66 67 67 68 69 70 71 72 73 74 75 76 77 78 79 80 81 82 83 84 85 86 87 88 89 90 91 92 93 94 95 96 97 42 43 44 45 46 68 69 70 71 72 73 74 75 76 77 78 79 80 81 82 83 84 85 86 15 16 17 18 19 20 21 22 87 88 89 90 91 98 99 98 99 28 29 30 31 32 49 50 51 52 53 54 55 33 34 35 36 92 93 94 95 96 97 56 57 58 0 1 2 37 38 39 40 41 63 64 65 
48935
19
2 5 7 6 2 6 3 5 5 6 3 3 5 4 2 8 4 5 19 
37 15 22 41 52 3 22 5 39 3 2 25 10 24 19 3 12 14 38 
37 42 61 65 56 27 65 36 48 35 65 68 59 32 30 46 64 66 45 
462 419 951 681 948 177 320 359 227 642 543 740 428 813 901 476 253 487 325 
10 10 10 5 5 5 5 5 5 9 9 9 9 9 9 15 15 15 15 15 15 15 15 7 7 7 7 7 12 12 12 12 12 16 16 16 16 17 17 17 17 17 1 1 1 1 1 14 14 2 2 2 2 2 2 2 6 6 6 13 13 13 13 11 11 11 5 5 5 5 5 5 14 14 13 13 13 13 9 9 9 9 9 9 7 7 7 7 7 0 0 0 0 18 18 18 18 18 18 18 18 18 18 18 18 18 18 18 18 18 18 18 8 8 8 8 8 3 3 3 3 3 3 1 1 1 1 1 18 18 18 18 18 18 18 18 18 18 18 18 18 18 18 18 18 18 18 15 15 15 15 15 15 15 15 8 8 8 8 8 4 4 4 4 12 12 12 12 12 2 2 2 2 2 2 2 16 16 16 16 3 3 3 3 3 3 6 6 6 10 10 10 17 17 17 17 17 11 11 11 