814
100
2
6 6 6 6 6 7 7 7 7 7 7 7 7 11 11 11 11 11 16 16 16 17 17 17 17 17 17 17 17 17 19 19 19 19 19 19 19 20 20 20 20 20 20 20 20 20 20 20 20 20 20 20 20 20 20 20 20 20 20 20 20 20 21 21 21 21 21 21 21 21 21 21 21 21 21 21 21 21 21 21 21 22 22 22 22 22 22 22 22 24 24 24 26 26 26 26 26 29 29 29 29 29 29 29 34 34 34 34 34 34 34 34 34 34 34 34 34 34 34 34 34 34 40 40 40 40 40 40 40 40 42 42 49 50 50 50 51 51 51 51 53 53 53 53 53 53 53 53 53 53 53 53 53 53 53 53 53 53 53 56 56 56 56 56 56 56 56 56 56 56 56 56 56 56 56 57 57 57 57 57 58 58 58 58 58 58 58 58 59 59 59 59 64 70 70 70 70 70 70 70 
76 77 78 79 80 180 181 182 183 184 185 186 187 140 141 142 143 144 37 38 39 67 68 69 70 71 72 73 74 75 62 63 64 65 66 130 131 18 19 20 162 163 164 165 166 167 168 169 145 146 147 148 149 150 151 152 153 154 155 156 157 158 30 31 32 33 34 21 22 23 24 25 26 27 28 29 0 1 2 3 4 89 90 91 170 171 172 173 174 81 82 83 104 105 106 107 108 193 194 195 196 197 198 199 92 93 94 95 96 122 123 124 125 126 127 128 129 175 176 177 178 179 109 110 111 112 113 114 115 116 35 36 192 159 160 161 188 189 190 191 13 14 15 16 17 48 49 50 51 52 53 54 55 56 57 58 59 60 61 133 134 135 40 41 42 43 44 45 46 47 84 85 86 87 88 117 118 119 120 121 5 6 7 8 9 10 11 12 136 137 138 139 132 97 98 99 100 101 102 103 
300 300 300 300 300 890 890 890 890 890 890 890 890 443 443 443 443 443 824 824 824 507 507 507 507 507 507 507 507 507 403 403 403 403 403 810 810 824 824 824 904 904 904 904 904 904 904 904 807 807 807 807 807 807 807 807 807 807 807 807 807 807 403 403 403 403 403 507 507 507 507 507 507 507 507 507 300 300 300 300 300 479 479 479 935 935 935 935 935 479 479 479 960 960 960 960 960 422 422 422 422 422 422 422 960 960 960 960 960 868 868 868 868 868 868 868 868 313 313 313 313 313 868 868 868 868 868 868 868 868 810 810 757 851 851 851 432 432 432 432 443 443 443 443 443 807 807 807 807 807 807 807 807 807 807 807 807 807 807 851 851 851 904 904 904 904 904 904 904 904 935 935 935 935 935 313 313 313 313 313 890 890 890 890 890 890 890 890 432 432 432 432 757 422 422 422 422 422 422 422 
0 1 2 3 4 5 6 7 8 9 10 11 12 13 14 15 16 17 18 19 20 21 22 23 24 25 26 27 28 29 30 31 32 33 34 35 36 18 19 20 37 38 39 40 41 42 43 44 45 46 47 48 49 50 51 52 53 54 55 56 57 58 30 31 32 33 34 21 22 23 24 25 26 27 28 29 0 1 2 3 4 59 60 61 62 63 64 65 66 59 60 61 67 68 69 70 71 72 73 74 75 76 77 78 67 68 69 70 71 79 80 81 82 83 84 85 86 87 88 89 90 91 79 80 81 82 83 84 85 86 35 36 92 93 94 95 96 97 98 99 13 14 15 16 17 45 46 47 48 49 50 51 52 53 54 55 56 57 58 93 94 95 37 38 39 40 41 42 43 44 62 63 64 65 66 87 88 89 90 91 5 6 7 8 9 10 11 12 96 97 98 99 92 72 73 74 75 76 77 78 
67448
18
3 4 7 5 8 5 3 5 3 5 8 9 1 8 2 5 5 14 
16 51 29 26 34 11 22 19 50 34 7 17 49 20 19 22 6 20 
20 59 70 34 40 53 24 21 56 57 58 21 64 56 42 56 21 53 
824 432 422 960 868 443 479 403 851 313 890 507 757 904 810 935 300 807 
16 16 16 16 16 10 10 10 10 10 10 10 10 5 5 5 5 5 0 0 0 11 11 11 11 11 11 11 11 11 7 7 7 7 7 14 14 0 0 0 13 13 13 13 13 13 13 13 17 17 17 17 17 17 17 17 17 17 17 17 17 17 7 7 7 7 7 11 11 11 11 11 11 11 11 11 16 16 16 16 16 6 6 6 15 15 15 15 15 6 6 6 3 3 3 3 3 2 2 2 2 2 2 2 3 3 3 3 3 4 4 4 4 4 4 4 4 9 9 9 9 9 4 4 4 4 4 4 4 4 14 14 12 8 8 8 1 1 1 1 5 5 5 5 5 17 17 17 17 17 17 17 17 17 17 17 17 17 17 8 8 8 13 13 13 13 13 13 13 13 15 15 15 15 15 9 9 9 9 9 10 10 10 10 10 10 10 10 1 1 1 1 12 2 2 2 2 2 2 2 