522
100
2
4 4 4 4 4 4 5 5 5 5 5 11 11 11 11 11 11 11 11 11 11 11 11 11 11 23 23 23 23 23 23 31 31 31 31 31 31 31 31 31 31 31 31 31 31 33 33 33 33 33 33 33 33 33 33 33 33 33 33 33 33 33 33 33 33 33 37 37 37 37 37 37 37 37 37 37 37 37 37 37 37 37 37 37 37 39 39 39 39 39 39 39 39 39 39 39 39 39 39 39 43 43 43 43 43 43 43 43 43 43 43 43 43 44 44 44 44 44 44 44 44 44 44 44 44 44 50 50 50 50 50 50 56 56 56 56 56 56 56 56 60 60 60 60 60 60 60 60 65 65 65 65 65 65 65 65 65 65 65 65 65 65 65 65 65 65 65 65 65 65 65 65 65 65 65 65 65 65 65 65 65 65 65 69 69 69 69 69 69 69 69 69 69 69 69 69 69 69 69 69 
25 26 27 28 29 30 66 67 68 69 70 71 72 73 74 75 76 77 78 79 80 81 82 83 84 0 1 2 3 4 5 32 31 34 33 36 35 38 37 40 39 42 41 44 43 126 127 128 129 130 131 85 86 87 88 89 90 91 92 93 94 95 96 97 98 99 6 7 8 9 10 11 12 13 14 15 16 17 18 19 20 21 22 23 24 51 52 53 54 55 56 57 58 59 60 61 62 63 64 65 113 114 115 116 117 118 119 120 121 122 123 124 125 100 101 102 103 104 105 106 107 108 109 110 111 112 45 46 47 48 49 50 140 141 142 143 144 145 146 147 132 133 134 135 136 137 138 139 149 148 151 150 153 152 155 154 157 156 159 158 161 160 163 162 165 164 183 184 185 186 187 188 189 190 191 192 193 194 195 196 197 198 199 166 167 168 169 170 171 172 173 174 175 176 177 178 179 180 181 182 
244 244 244 244 244 244 833 833 833 833 833 180 180 180 180 180 180 180 180 180 180 180 180 180 180 244 244 244 244 244 244 751 751 751 751 751 751 751 751 751 751 751 751 751 751 946 946 946 946 946 946 722 722 722 722 722 722 722 722 722 722 722 722 722 722 722 833 833 833 833 833 180 180 180 180 180 180 180 180 180 180 180 180 180 180 722 722 722 722 722 722 722 722 722 722 722 722 722 722 722 772 772 772 772 772 772 772 772 772 772 772 772 772 772 772 772 772 772 772 772 772 772 772 772 772 772 946 946 946 946 946 946 907 907 907 907 907 907 907 907 907 907 907 907 907 907 907 907 761 761 761 761 761 761 761 761 761 761 761 761 761 761 761 761 761 761 631 631 631 631 631 631 631 631 631 631 631 631 631 631 631 631 631 631 631 631 631 631 631 631 631 631 631 631 631 631 631 631 631 631 
0 1 2 3 4 5 6 7 8 9 10 11 12 13 14 15 16 17 18 19 20 21 22 23 24 0 1 2 3 4 5 25 25 26 26 27 27 28 28 29 29 30 30 31 31 32 33 34 35 36 37 38 39 40 41 42 43 44 45 46 47 48 49 50 51 52 6 7 8 9 10 11 12 13 14 15 16 17 18 19 20 21 22 23 24 38 39 40 41 42 43 44 45 46 47 48 49 50 51 52 53 54 55 56 57 58 59 60 61 62 63 64 65 53 54 55 56 57 58 59 60 61 62 63 64 65 32 33 34 35 36 37 66 67 68 69 70 71 72 73 66 67 68 69 70 71 72 73 74 74 75 75 76 76 77 77 78 78 79 79 80 80 81 81 82 82 83 84 85 86 87 88 89 90 91 92 93 94 95 96 97 98 99 83 84 85 86 87 88 89 90 91 92 93 94 95 96 97 98 99 
64780
10
8 5 7 9 14 13 6 6 15 17 
56 5 31 65 11 43 4 33 33 65 
60 37 31 65 37 44 23 50 39 69 
907 833 751 761 180 772 244 946 722 631 
6 6 6 6 6 6 1 1 1 1 1 4 4 4 4 4 4 4 4 4 4 4 4 4 4 6 6 6 6 6 6 2 2 2 2 2 2 2 2 2 2 2 2 2 2 7 7 7 7 7 7 8 8 8 8 8 8 8 8 8 8 8 8 8 8 8 1 1 1 1 1 4 4 4 4 4 4 4 4 4 4 4 4 4 4 8 8 8 8 8 8 8 8 8 8 8 8 8 8 8 5 5 5 5 5 5 5 5 5 5 5 5 5 5 5 5 5 5 5 5 5 5 5 5 5 5 7 7 7 7 7 7 0 0 0 0 0 0 0 0 0 0 0 0 0 0 0 0 3 3 3 3 3 3 3 3 3 3 3 3 3 3 3 3 3 3 9 9 9 9 9 9 9 9 9 9 9 9 9 9 9 9 9 9 9 9 9 9 9 9 9 9 9 9 9 9 9 9 9 9 