33
100
2
1 1 5 5 5 5 5 8 8 9 9 9 9 9 10 10 10 10 10 10 11 11 11 12 12 12 12 14 14 16 16 16 16 17 17 17 17 17 17 17 17 17 17 17 17 17 17 17 17 20 21 21 21 21 24 24 25 26 26 26 26 27 29 29 29 29 29 29 29 30 30 30 30 30 33 35 35 35 35 35 35 35 35 35 35 35 35 35 35 35 35 36 36 36 38 38 38 38 41 41 41 41 41 41 41 41 41 43 43 43 43 43 43 43 43 45 45 45 45 49 49 49 49 49 49 49 49 49 49 49 49 49 49 49 49 50 50 50 50 50 50 50 50 50 50 50 50 50 50 50 50 50 50 50 50 50 52 52 52 52 53 53 53 53 53 53 53 53 53 53 53 61 61 61 62 62 62 62 63 66 66 66 66 66 66 66 66 66 66 66 66 66 66 66 66 66 69 69 70 70 
25 26 107 108 109 110 111 173 29 56 98 99 100 101 179 180 181 182 91 92 124 125 126 57 58 0 1 115 116 8 112 113 114 140 141 142 143 144 145 146 147 148 149 150 151 152 153 154 155 93 131 132 133 134 129 130 9 23 24 117 118 74 76 77 78 79 80 196 197 102 103 104 105 106 61 178 62 63 64 65 66 164 165 166 167 168 135 136 137 138 139 18 19 49 156 157 158 159 10 11 12 13 69 70 71 72 73 2 3 4 5 6 30 31 32 27 28 59 60 191 192 193 194 195 20 21 22 169 170 54 55 50 51 52 53 86 87 88 89 90 33 34 35 36 37 38 39 40 41 42 43 44 45 46 47 48 94 95 96 97 187 188 189 190 81 82 83 84 85 127 128 198 199 7 183 184 185 186 75 14 15 16 17 174 175 176 177 160 161 162 163 119 120 121 122 123 67 68 171 172 
411 411 389 389 389 389 389 533 780 841 791 791 791 791 535 535 535 535 151 151 877 877 877 593 593 411 411 153 153 780 287 287 287 688 688 688 688 688 688 688 688 688 688 688 688 688 688 688 688 619 571 571 571 571 590 590 841 593 593 689 689 199 965 965 965 965 965 513 513 330 330 330 330 330 199 181 965 965 965 965 965 984 984 984 984 984 964 964 964 964 964 151 151 619 993 993 993 993 791 791 791 791 330 330 330 330 330 389 389 389 389 389 287 287 287 153 153 689 689 600 600 600 600 600 877 877 877 979 979 590 590 571 571 571 571 964 964 964 964 964 688 688 688 688 688 688 688 688 688 688 688 688 688 688 688 688 993 993 993 993 927 927 927 927 984 984 984 984 984 979 979 936 936 533 875 875 875 875 181 535 535 535 535 875 875 875 875 927 927 927 927 600 600 600 600 600 513 513 936 936 
0 1 2 3 4 5 6 7 8 9 10 11 12 13 14 15 16 17 18 19 20 21 22 23 24 0 1 25 26 8 27 28 29 30 31 32 33 34 35 36 37 38 39 40 41 42 43 44 45 46 47 48 49 50 51 52 9 23 24 53 54 55 56 57 58 59 60 61 62 63 64 65 66 67 55 68 56 57 58 59 60 69 70 71 72 73 74 75 76 77 78 18 19 46 79 80 81 82 10 11 12 13 63 64 65 66 67 2 3 4 5 6 27 28 29 25 26 53 54 83 84 85 86 87 20 21 22 88 89 51 52 47 48 49 50 74 75 76 77 78 30 31 32 33 34 35 36 37 38 39 40 41 42 43 44 45 79 80 81 82 90 91 92 93 69 70 71 72 73 88 89 94 95 7 96 97 98 99 68 14 15 16 17 96 97 98 99 90 91 92 93 83 84 85 86 87 61 62 94 95 
67611
30
1 4 2 4 2 2 1 5 4 1 5 2 4 5 5 2 2 5 1 1 3 4 5 2 1 2 4 2 3 16 
35 10 12 62 61 14 9 29 53 27 35 10 9 49 5 1 29 30 20 8 11 38 35 49 8 24 21 26 16 17 
63 66 26 66 70 45 25 35 66 33 53 36 41 66 43 12 69 41 36 61 49 52 50 53 16 49 49 45 43 50 
181 535 593 875 936 153 841 965 927 199 984 151 791 600 389 411 513 330 619 533 877 993 964 979 780 590 571 689 287 688 
15 15 14 14 14 14 14 19 24 6 12 12 12 12 1 1 1 1 11 11 20 20 20 2 2 15 15 5 5 24 28 28 28 29 29 29 29 29 29 29 29 29 29 29 29 29 29 29 29 18 26 26 26 26 25 25 6 2 2 27 27 9 7 7 7 7 7 16 16 17 17 17 17 17 9 0 7 7 7 7 7 10 10 10 10 10 22 22 22 22 22 11 11 18 21 21 21 21 12 12 12 12 17 17 17 17 17 14 14 14 14 14 28 28 28 5 5 27 27 13 13 13 13 13 20 20 20 23 23 25 25 26 26 26 26 22 22 22 22 22 29 29 29 29 29 29 29 29 29 29 29 29 29 29 29 29 21 21 21 21 8 8 8 8 10 10 10 10 10 23 23 4 4 19 3 3 3 3 0 1 1 1 1 3 3 3 3 8 8 8 8 13 13 13 13 13 16 16 4 4 