593
100
2
1 1 1 1 1 1 1 1 5 5 6 6 6 6 6 6 6 6 6 6 6 6 6 10 10 10 10 10 10 10 10 10 10 10 10 10 14 14 15 15 15 15 15 15 15 15 15 15 23 23 23 23 23 23 23 23 23 23 23 23 23 29 29 29 29 29 29 29 29 29 29 37 37 37 37 37 37 37 37 37 37 37 38 38 38 38 38 38 38 38 38 40 40 40 40 40 40 40 42 42 42 42 42 42 42 42 44 44 44 44 44 44 44 44 46 46 46 46 46 46 46 46 46 46 46 46 46 46 46 46 50 50 50 50 50 50 50 50 50 50 50 50 50 50 50 50 51 51 51 51 51 51 51 58 58 58 60 60 60 60 60 60 60 60 61 61 61 61 61 61 61 61 61 61 61 65 65 65 65 65 65 65 65 65 67 67 67 68 68 68 68 68 68 68 68 68 68 68 68 68 
106 107 108 109 110 111 112 113 36 37 187 188 189 190 191 192 193 194 195 196 197 198 199 48 49 50 51 52 53 54 55 56 57 58 59 60 8 9 61 62 63 64 65 66 67 68 69 70 23 24 25 26 27 28 29 30 31 32 33 34 35 38 39 40 41 42 43 44 45 46 47 164 165 166 167 168 169 170 171 172 173 174 175 176 177 178 179 180 181 182 183 146 147 148 149 150 151 152 156 157 158 159 160 161 162 163 0 1 2 3 4 5 6 7 130 131 132 133 134 135 136 137 138 139 140 141 142 143 144 145 114 115 116 117 118 119 120 121 122 123 124 125 126 127 128 129 91 92 93 94 95 96 97 184 185 186 98 99 100 101 102 103 104 105 71 72 73 74 75 76 77 78 79 80 81 82 83 84 85 86 87 88 89 90 153 154 155 10 11 12 13 14 15 16 17 18 19 20 21 22 
683 683 683 683 683 683 683 683 302 302 422 422 422 422 422 422 422 422 422 422 422 422 422 348 348 348 348 348 348 348 348 348 348 348 348 348 302 302 559 559 559 559 559 559 559 559 559 559 348 348 348 348 348 348 348 348 348 348 348 348 348 559 559 559 559 559 559 559 559 559 559 244 244 244 244 244 244 244 244 244 244 244 446 446 446 446 446 446 446 446 446 383 383 383 383 383 383 383 736 736 736 736 736 736 736 736 683 683 683 683 683 683 683 683 227 227 227 227 227 227 227 227 227 227 227 227 227 227 227 227 227 227 227 227 227 227 227 227 227 227 227 227 227 227 227 227 383 383 383 383 383 383 383 317 317 317 736 736 736 736 736 736 736 736 244 244 244 244 244 244 244 244 244 244 244 446 446 446 446 446 446 446 446 446 317 317 317 422 422 422 422 422 422 422 422 422 422 422 422 422 
0 1 2 3 4 5 6 7 8 9 10 11 12 13 14 15 16 17 18 19 20 21 22 23 24 25 26 27 28 29 30 31 32 33 34 35 8 9 36 37 38 39 40 41 42 43 44 45 23 24 25 26 27 28 29 30 31 32 33 34 35 36 37 38 39 40 41 42 43 44 45 46 47 48 49 50 51 52 53 54 55 56 57 58 59 60 61 62 63 64 65 66 67 68 69 70 71 72 73 74 75 76 77 78 79 80 0 1 2 3 4 5 6 7 81 82 83 84 85 86 87 88 89 90 91 92 93 94 95 96 81 82 83 84 85 86 87 88 89 90 91 92 93 94 95 96 66 67 68 69 70 71 72 97 98 99 73 74 75 76 77 78 79 80 46 47 48 49 50 51 52 53 54 55 56 57 58 59 60 61 62 63 64 65 97 98 99 10 11 12 13 14 15 16 17 18 19 20 21 22 
41518
11
11 13 8 13 7 9 2 3 10 8 16 
37 6 42 10 40 38 5 58 15 1 46 
61 68 60 23 51 65 14 67 29 44 50 
244 422 736 348 383 446 302 317 559 683 227 
9 9 9 9 9 9 9 9 6 6 1 1 1 1 1 1 1 1 1 1 1 1 1 3 3 3 3 3 3 3 3 3 3 3 3 3 6 6 8 8 8 8 8 8 8 8 8 8 3 3 3 3 3 3 3 3 3 3 3 3 3 8 8 8 8 8 8 8 8 8 8 0 0 0 0 0 0 0 0 0 0 0 5 5 5 5 5 5 5 5 5 4 4 4 4 4 4 4 2 2 2 2 2 2 2 2 9 9 9 9 9 9 9 9 10 10 10 10 10 10 10 10 10 10 10 10 10 10 10 10 10 10 10 10 10 10 10 10 10 10 10 10 10 10 10 10 4 4 4 4 4 4 4 7 7 7 2 2 2 2 2 2 2 2 0 0 0 0 0 0 0 0 0 0 0 5 5 5 5 5 5 5 5 5 7 7 7 1 1 1 1 1 1 1 1 1 1 1 1 1 