831
100
2
3 3 5 5 5 5 5 5 5 5 5 5 7 7 8 8 8 8 8 8 8 19 19 19 19 19 19 19 19 19 19 19 19 19 19 19 19 21 21 21 21 21 21 21 21 21 21 21 21 27 27 27 27 27 27 27 27 27 27 27 27 27 27 27 27 27 27 27 27 31 31 31 31 31 31 31 31 31 31 31 31 31 34 34 34 37 37 37 37 37 37 37 37 37 37 37 37 37 37 37 37 37 37 37 37 37 37 37 37 37 37 40 40 40 40 40 40 40 40 40 40 40 40 40 47 47 47 47 47 47 47 47 47 47 47 47 51 51 51 51 51 51 51 51 51 51 51 51 51 51 51 51 51 51 51 51 54 54 54 54 54 54 54 54 54 54 54 54 54 54 54 57 57 57 57 57 57 66 66 66 66 66 66 68 68 68 68 68 68 68 68 68 68 69 69 69 69 69 69 69 
12 13 183 184 185 186 187 188 189 190 191 192 0 1 193 194 195 196 197 198 199 85 86 87 88 89 90 91 92 93 94 95 96 156 157 158 159 124 125 126 127 128 129 130 131 132 133 134 135 136 137 138 139 140 141 142 143 144 145 146 147 148 149 150 151 152 153 154 155 111 112 113 114 115 116 117 118 119 120 121 122 123 108 109 110 21 22 23 24 25 26 27 28 29 30 31 32 160 161 162 163 164 165 166 167 168 169 170 82 83 84 69 70 71 72 73 74 75 76 77 78 79 80 81 37 38 39 40 41 42 43 44 45 46 47 48 49 50 51 52 53 54 55 56 57 58 59 60 61 62 63 64 65 66 67 68 33 34 35 36 97 98 99 100 101 102 103 104 105 106 107 177 178 179 180 181 182 171 172 173 174 175 176 2 3 4 5 6 7 8 9 10 11 14 15 16 17 18 19 20 
511 511 670 670 670 670 670 670 670 670 670 670 511 511 199 199 199 199 199 199 199 356 356 356 356 356 356 356 356 356 356 356 356 725 725 725 725 374 374 374 374 374 374 374 374 374 374 374 374 225 225 225 225 225 225 225 225 225 225 225 225 225 225 225 225 225 225 225 225 436 436 436 436 436 436 436 436 436 436 436 436 436 443 443 443 356 356 356 356 356 356 356 356 356 356 356 356 363 363 363 363 363 363 363 363 363 363 363 443 443 443 436 436 436 436 436 436 436 436 436 436 436 436 436 374 374 374 374 374 374 374 374 374 374 374 374 225 225 225 225 225 225 225 225 225 225 225 225 225 225 225 225 225 225 225 225 725 725 725 725 363 363 363 363 363 363 363 363 363 363 363 436 436 436 436 436 436 436 436 436 436 436 436 670 670 670 670 670 670 670 670 670 670 199 199 199 199 199 199 199 
0 1 2 3 4 5 6 7 8 9 10 11 0 1 12 13 14 15 16 17 18 19 20 21 22 23 24 25 26 27 28 29 30 31 32 33 34 35 36 37 38 39 40 41 42 43 44 45 46 47 48 49 50 51 52 53 54 55 56 57 58 59 60 61 62 63 64 65 66 67 68 69 70 71 72 73 74 75 76 77 78 79 80 81 82 19 20 21 22 23 24 25 26 27 28 29 30 83 84 85 86 87 88 89 90 91 92 93 80 81 82 67 68 69 70 71 72 73 74 75 76 77 78 79 35 36 37 38 39 40 41 42 43 44 45 46 47 48 49 50 51 52 53 54 55 56 57 58 59 60 61 62 63 64 65 66 31 32 33 34 83 84 85 86 87 88 89 90 91 92 93 94 95 96 97 98 99 94 95 96 97 98 99 2 3 4 5 6 7 8 9 10 11 12 13 14 15 16 17 18 
38881
11
12 10 6 12 13 4 11 3 2 7 20 
21 5 57 19 31 19 37 34 3 8 27 
47 68 66 37 40 54 54 37 7 69 51 
374 670 436 356 436 725 363 443 511 199 225 
8 8 1 1 1 1 1 1 1 1 1 1 8 8 9 9 9 9 9 9 9 3 3 3 3 3 3 3 3 3 3 3 3 5 5 5 5 0 0 0 0 0 0 0 0 0 0 0 0 10 10 10 10 10 10 10 10 10 10 10 10 10 10 10 10 10 10 10 10 4 4 4 4 4 4 4 4 4 4 4 4 4 7 7 7 3 3 3 3 3 3 3 3 3 3 3 3 6 6 6 6 6 6 6 6 6 6 6 7 7 7 4 4 4 4 4 4 4 4 4 4 4 4 4 0 0 0 0 0 0 0 0 0 0 0 0 10 10 10 10 10 10 10 10 10 10 10 10 10 10 10 10 10 10 10 10 5 5 5 5 6 6 6 6 6 6 6 6 6 6 6 2 2 2 2 2 2 2 2 2 2 2 2 1 1 1 1 1 1 1 1 1 1 9 9 9 9 9 9 9 