502
100
2
1 1 1 2 2 2 2 3 3 3 6 6 6 6 6 6 6 7 9 9 9 9 9 9 11 11 12 12 12 12 12 12 12 12 12 12 12 12 12 12 12 12 12 12 12 12 12 14 14 14 14 14 14 14 14 14 15 15 15 15 16 16 17 17 18 18 18 18 18 18 19 19 19 20 20 20 20 20 22 22 22 22 22 22 22 24 24 25 25 25 25 25 25 25 27 27 27 27 27 28 28 28 28 28 28 32 33 33 33 34 34 39 39 39 39 39 39 40 40 40 40 46 50 53 53 53 53 53 53 53 53 53 53 53 54 55 55 55 55 55 55 55 55 55 56 56 56 56 56 56 58 58 58 60 60 60 60 60 60 61 61 61 61 61 61 65 67 67 68 68 68 68 68 68 68 68 68 68 68 68 68 68 68 68 68 68 68 69 69 69 69 69 69 70 70 70 70 70 70 70 
162 163 164 52 53 54 55 85 86 121 60 61 187 188 189 190 117 93 111 112 113 114 115 116 166 167 198 199 168 169 170 171 172 173 174 175 176 177 178 179 180 181 182 183 184 185 186 73 74 75 76 77 3 4 5 6 64 65 66 67 10 11 191 192 56 57 58 59 160 161 144 145 146 47 48 49 50 51 129 130 131 132 133 109 110 7 8 153 154 155 156 157 158 17 139 140 141 142 143 123 124 125 126 127 128 122 118 119 120 83 84 18 19 20 21 22 23 16 106 107 108 9 105 99 100 101 102 103 104 78 79 80 81 82 159 193 194 195 196 94 95 96 97 98 70 71 72 150 151 152 147 148 149 87 88 89 90 91 92 134 68 69 0 1 2 197 24 25 28 29 30 31 32 33 34 35 36 37 38 39 40 41 42 43 44 45 46 12 13 14 15 62 63 135 136 137 138 165 26 27 
777 777 777 592 592 592 592 618 618 290 406 406 903 903 903 903 283 415 823 823 823 823 823 823 807 807 880 880 230 230 230 230 230 230 230 230 230 230 230 230 230 230 230 230 230 230 230 476 476 476 476 476 592 592 592 592 853 853 853 853 406 406 927 927 853 853 853 853 679 679 877 877 877 476 476 476 476 476 735 735 735 735 735 321 321 618 618 772 772 772 772 772 772 415 221 221 221 221 221 940 940 940 940 940 940 690 885 885 885 321 321 823 823 823 823 823 823 283 885 885 885 290 690 940 940 940 940 940 940 735 735 735 735 735 456 946 946 946 946 221 221 221 221 221 877 877 877 634 634 634 634 634 634 772 772 772 772 772 772 456 679 679 777 777 777 974 807 807 230 230 230 230 230 230 230 230 230 230 230 230 230 230 230 230 230 230 230 903 903 903 903 927 927 946 946 946 946 974 880 880 
0 1 2 3 4 5 6 7 8 9 10 11 12 13 14 15 16 17 18 19 20 21 22 23 24 25 26 27 28 29 30 31 32 33 34 35 36 37 38 39 40 41 42 43 44 45 46 47 48 49 50 51 3 4 5 6 52 53 54 55 10 11 56 57 52 53 54 55 58 59 60 61 62 47 48 49 50 51 63 64 65 66 67 68 69 7 8 70 71 72 73 74 75 17 76 77 78 79 80 81 82 83 84 85 86 87 88 89 90 68 69 18 19 20 21 22 23 16 88 89 90 9 87 81 82 83 84 85 86 63 64 65 66 67 91 92 93 94 95 76 77 78 79 80 60 61 62 96 97 98 96 97 98 70 71 72 73 74 75 91 58 59 0 1 2 99 24 25 28 29 30 31 32 33 34 35 36 37 38 39 40 41 42 43 44 45 46 12 13 14 15 56 57 92 93 94 95 99 26 27 
61819
28
6 2 5 2 3 6 1 2 5 6 4 2 3 4 1 1 1 1 5 4 1 4 2 2 3 2 3 19 
28 6 22 3 19 25 3 11 14 9 55 22 56 6 6 7 54 65 27 2 32 15 17 12 33 18 1 12 
53 16 53 24 56 60 46 67 20 39 70 34 58 69 40 25 61 70 55 14 50 18 69 70 40 61 61 68 
940 406 735 618 877 772 290 807 476 823 946 321 634 903 283 415 456 974 221 592 690 853 927 880 885 679 777 230 
26 26 26 19 19 19 19 3 3 6 1 1 13 13 13 13 14 15 9 9 9 9 9 9 7 7 23 23 27 27 27 27 27 27 27 27 27 27 27 27 27 27 27 27 27 27 27 8 8 8 8 8 19 19 19 19 21 21 21 21 1 1 22 22 21 21 21 21 25 25 4 4 4 8 8 8 8 8 2 2 2 2 2 11 11 3 3 5 5 5 5 5 5 15 18 18 18 18 18 0 0 0 0 0 0 20 24 24 24 11 11 9 9 9 9 9 9 14 24 24 24 6 20 0 0 0 0 0 0 2 2 2 2 2 16 10 10 10 10 18 18 18 18 18 4 4 4 12 12 12 12 12 12 5 5 5 5 5 5 16 25 25 26 26 26 17 7 7 27 27 27 27 27 27 27 27 27 27 27 27 27 27 27 27 27 27 27 13 13 13 13 22 22 10 10 10 10 17 23 23 