293
100
2
1 1 1 1 1 1 1 1 4 4 4 4 10 10 10 10 10 11 11 12 12 12 12 12 14 14 14 14 14 14 14 14 14 14 14 14 14 14 14 14 14 14 14 14 14 15 15 15 15 15 18 18 18 19 19 19 19 19 19 19 19 19 20 20 20 20 20 20 20 20 20 20 20 20 20 22 22 22 22 22 22 22 22 22 25 25 25 25 25 26 26 26 26 26 26 26 26 28 28 28 29 29 30 30 30 30 30 30 30 30 32 32 32 32 32 32 32 32 32 32 32 32 32 34 34 34 35 35 35 37 37 37 37 37 43 43 43 50 50 50 50 50 50 50 50 50 50 50 50 50 50 50 52 52 52 52 52 52 52 52 52 52 52 52 52 52 53 53 55 59 59 59 59 66 66 66 66 66 66 66 67 67 67 67 67 67 67 67 67 67 67 67 67 67 67 67 70 70 70 70 
188 189 190 191 192 193 194 195 53 54 55 56 161 162 163 164 165 100 101 45 46 47 48 49 180 181 182 183 184 185 186 187 62 63 64 65 66 67 68 69 70 71 72 73 74 19 20 21 22 23 134 135 136 8 9 10 11 110 111 112 113 114 32 33 34 35 36 37 38 39 40 41 42 43 44 152 153 154 155 156 157 158 159 160 129 130 131 132 133 102 103 104 105 106 107 108 109 126 127 128 17 18 89 90 91 92 93 94 95 96 57 58 59 60 61 144 145 146 147 148 149 150 151 168 166 167 97 98 99 84 85 86 87 88 50 51 52 173 174 175 176 177 178 179 115 116 117 118 119 120 121 122 75 76 77 78 79 80 81 82 83 12 13 14 15 16 124 125 123 196 197 198 199 137 138 139 140 141 142 143 24 25 26 27 28 29 30 31 0 1 2 3 4 5 6 7 169 170 171 172 
296 296 296 296 296 296 296 296 439 439 439 439 484 484 484 484 484 951 951 774 774 774 774 774 681 681 681 681 681 681 681 681 621 621 621 621 621 621 621 621 621 621 621 621 621 774 774 774 774 774 956 956 956 439 439 439 439 971 971 971 971 971 621 621 621 621 621 621 621 621 621 621 621 621 621 420 420 420 420 420 420 420 420 420 963 963 963 963 963 392 392 392 392 392 392 392 392 309 309 309 951 951 392 392 392 392 392 392 392 392 971 971 971 971 971 690 690 690 690 690 690 690 690 293 265 265 309 309 309 963 963 963 963 963 956 956 956 669 669 669 669 669 669 669 690 690 690 690 690 690 690 690 420 420 420 420 420 420 420 420 420 484 484 484 484 484 265 265 293 416 416 416 416 669 669 669 669 669 669 669 681 681 681 681 681 681 681 681 296 296 296 296 296 296 296 296 416 416 416 416 
0 1 2 3 4 5 6 7 8 9 10 11 12 13 14 15 16 17 18 19 20 21 22 23 24 25 26 27 28 29 30 31 32 33 34 35 36 37 38 39 40 41 42 43 44 19 20 21 22 23 45 46 47 8 9 10 11 48 49 50 51 52 32 33 34 35 36 37 38 39 40 41 42 43 44 53 54 55 56 57 58 59 60 61 62 63 64 65 66 67 68 69 70 71 72 73 74 75 76 77 17 18 67 68 69 70 71 72 73 74 48 49 50 51 52 78 79 80 81 82 83 84 85 86 87 88 75 76 77 62 63 64 65 66 45 46 47 89 90 91 92 93 94 95 78 79 80 81 82 83 84 85 53 54 55 56 57 58 59 60 61 12 13 14 15 16 87 88 86 96 97 98 99 89 90 91 92 93 94 95 24 25 26 27 28 29 30 31 0 1 2 3 4 5 6 7 96 97 98 99 
58908
18
4 4 3 5 5 2 7 8 8 8 3 9 8 1 5 2 5 13 
4 59 18 19 12 11 50 26 14 32 28 22 1 34 25 34 10 14 
19 70 43 32 15 29 66 30 67 50 35 52 67 55 37 53 52 20 
439 416 956 971 774 951 669 392 681 690 309 420 296 293 963 265 484 621 
12 12 12 12 12 12 12 12 0 0 0 0 16 16 16 16 16 5 5 4 4 4 4 4 8 8 8 8 8 8 8 8 17 17 17 17 17 17 17 17 17 17 17 17 17 4 4 4 4 4 2 2 2 0 0 0 0 3 3 3 3 3 17 17 17 17 17 17 17 17 17 17 17 17 17 11 11 11 11 11 11 11 11 11 14 14 14 14 14 7 7 7 7 7 7 7 7 10 10 10 5 5 7 7 7 7 7 7 7 7 3 3 3 3 3 9 9 9 9 9 9 9 9 13 15 15 10 10 10 14 14 14 14 14 2 2 2 6 6 6 6 6 6 6 9 9 9 9 9 9 9 9 11 11 11 11 11 11 11 11 11 16 16 16 16 16 15 15 13 1 1 1 1 6 6 6 6 6 6 6 8 8 8 8 8 8 8 8 12 12 12 12 12 12 12 12 1 1 1 1 