658
100
2
2 2 2 2 2 2 2 2 2 2 5 5 5 5 5 5 5 5 5 6 6 6 6 6 6 6 6 6 6 6 11 11 11 11 11 11 11 13 13 13 13 13 13 13 13 14 14 14 14 14 14 14 17 17 17 17 17 18 18 18 18 18 23 23 23 23 23 23 23 28 28 28 28 28 28 28 28 28 28 28 30 30 30 30 30 30 30 30 30 30 30 33 33 33 33 33 33 33 39 39 39 39 39 39 39 39 39 39 39 39 39 48 48 48 48 48 48 48 48 48 51 51 51 51 51 52 52 52 52 52 52 52 52 52 52 52 52 52 52 52 52 52 52 52 53 53 53 57 57 57 57 57 57 57 57 59 59 59 59 59 61 61 61 61 61 62 62 62 62 62 62 62 62 62 62 62 63 63 63 63 63 63 63 63 63 63 63 63 63 69 69 69 69 69 69 69 69 69 69 69 
128 129 130 131 132 155 156 157 158 159 111 112 113 114 115 116 117 118 119 69 70 71 72 73 74 75 76 77 78 79 45 46 47 48 49 50 51 147 148 149 150 151 152 153 154 30 31 32 33 34 35 36 160 161 162 163 164 120 121 122 123 124 91 92 93 94 95 96 97 19 20 21 22 23 24 25 26 27 28 29 133 134 135 136 137 138 139 140 141 142 143 62 63 64 65 66 67 68 176 177 178 179 180 181 182 183 184 185 186 187 188 10 11 12 13 14 15 16 17 18 57 58 59 60 61 144 145 146 0 1 2 3 4 80 81 82 83 84 85 86 87 88 89 90 125 126 127 37 38 39 40 41 42 43 44 5 6 7 8 9 52 53 54 55 56 189 190 191 192 193 194 195 196 197 198 199 98 99 100 101 102 103 104 105 106 107 108 109 110 165 166 167 168 169 170 171 172 173 174 175 
157 157 157 157 157 170 170 170 170 170 574 574 574 574 574 574 574 574 574 730 730 730 730 730 730 730 730 730 730 730 251 251 251 251 251 251 251 613 613 613 613 613 613 613 613 251 251 251 251 251 251 251 519 519 519 519 519 769 769 769 769 769 335 335 335 335 335 335 335 730 730 730 730 730 730 730 730 730 730 730 405 405 405 405 405 405 405 405 405 405 405 335 335 335 335 335 335 335 399 399 399 399 399 399 399 399 399 399 399 399 399 574 574 574 574 574 574 574 574 574 769 769 769 769 769 620 620 620 157 157 157 157 157 405 405 405 405 405 405 405 405 405 405 405 620 620 620 613 613 613 613 613 613 613 613 170 170 170 170 170 519 519 519 519 519 618 618 618 618 618 618 618 618 618 618 618 399 399 399 399 399 399 399 399 399 399 399 399 399 618 618 618 618 618 618 618 618 618 618 618 
0 1 2 3 4 5 6 7 8 9 10 11 12 13 14 15 16 17 18 19 20 21 22 23 24 25 26 27 28 29 30 31 32 33 34 35 36 37 38 39 40 41 42 43 44 30 31 32 33 34 35 36 45 46 47 48 49 50 51 52 53 54 55 56 57 58 59 60 61 19 20 21 22 23 24 25 26 27 28 29 62 63 64 65 66 67 68 69 70 71 72 55 56 57 58 59 60 61 73 74 75 76 77 78 79 80 81 82 83 84 85 10 11 12 13 14 15 16 17 18 50 51 52 53 54 86 87 88 0 1 2 3 4 62 63 64 65 66 67 68 69 70 71 72 86 87 88 37 38 39 40 41 42 43 44 5 6 7 8 9 45 46 47 48 49 89 90 91 92 93 94 95 96 97 98 99 73 74 75 76 77 78 79 80 81 82 83 84 85 89 90 91 92 93 94 95 96 97 98 99 
48577
13
3 7 5 7 5 11 5 13 8 5 11 9 11 
52 23 17 11 2 62 2 39 13 18 6 5 30 
53 33 61 14 52 69 59 63 57 51 28 48 52 
620 335 519 251 157 618 170 399 613 769 730 574 405 
4 4 4 4 4 6 6 6 6 6 11 11 11 11 11 11 11 11 11 10 10 10 10 10 10 10 10 10 10 10 3 3 3 3 3 3 3 8 8 8 8 8 8 8 8 3 3 3 3 3 3 3 2 2 2 2 2 9 9 9 9 9 1 1 1 1 1 1 1 10 10 10 10 10 10 10 10 10 10 10 12 12 12 12 12 12 12 12 12 12 12 1 1 1 1 1 1 1 7 7 7 7 7 7 7 7 7 7 7 7 7 11 11 11 11 11 11 11 11 11 9 9 9 9 9 0 0 0 4 4 4 4 4 12 12 12 12 12 12 12 12 12 12 12 0 0 0 8 8 8 8 8 8 8 8 6 6 6 6 6 2 2 2 2 2 5 5 5 5 5 5 5 5 5 5 5 7 7 7 7 7 7 7 7 7 7 7 7 7 5 5 5 5 5 5 5 5 5 5 5 