395
100
2
2 2 2 2 2 2 2 3 3 3 3 3 3 3 3 3 3 3 3 3 3 3 3 6 6 6 6 6 6 6 9 9 9 9 9 15 15 19 19 19 19 19 19 19 19 19 19 19 19 19 19 19 19 19 22 22 22 22 22 22 27 27 27 27 27 27 27 27 27 27 27 27 27 27 27 27 27 27 27 27 27 27 28 28 28 28 31 31 31 31 31 32 32 32 32 32 32 32 32 32 36 36 36 36 42 42 42 42 42 43 43 43 43 43 43 43 43 43 43 51 51 51 51 51 51 51 51 53 53 53 53 53 53 53 53 53 53 53 53 53 53 53 53 53 56 56 56 56 56 56 56 56 56 56 56 56 56 56 58 58 58 58 58 58 60 60 60 60 60 60 60 60 60 60 60 60 60 60 60 60 60 60 67 67 67 67 67 67 67 67 67 67 69 69 69 69 69 69 69 69 
23 24 25 26 27 28 29 192 193 194 195 196 197 198 199 129 130 131 132 133 134 135 136 0 1 2 3 4 5 6 77 78 79 80 81 127 128 119 120 121 122 123 124 125 126 91 92 93 94 95 96 97 98 99 158 159 160 161 162 163 137 138 139 140 141 142 143 68 67 70 69 72 71 74 73 76 75 30 31 32 33 34 100 101 102 103 104 105 106 107 108 45 46 47 48 49 50 51 52 53 82 83 84 85 86 87 88 89 90 182 183 184 185 186 187 188 189 190 191 37 38 39 40 41 42 43 44 35 36 15 16 17 18 19 20 21 22 60 61 62 63 64 65 66 168 169 170 171 172 173 174 175 176 177 178 179 180 181 54 55 56 57 58 59 165 164 167 166 144 145 146 147 148 149 150 151 152 153 154 155 156 157 109 110 111 112 113 114 115 116 117 118 7 8 9 10 11 12 13 14 
662 662 662 662 662 662 662 279 279 279 279 279 279 279 279 981 981 981 981 981 981 981 981 662 662 662 662 662 662 662 475 475 475 475 475 892 892 807 807 807 807 807 807 807 807 384 384 384 384 384 384 384 384 384 947 947 947 947 947 947 413 413 413 413 413 413 413 761 761 761 761 761 761 761 761 761 761 475 475 475 475 475 519 519 519 519 412 412 412 412 412 384 384 384 384 384 384 384 384 384 519 519 519 519 412 412 412 412 412 673 673 673 673 673 673 673 673 673 673 807 807 807 807 807 807 807 807 892 892 981 981 981 981 981 981 981 981 413 413 413 413 413 413 413 442 442 442 442 442 442 442 442 442 442 442 442 442 442 947 947 947 947 947 947 701 701 701 701 442 442 442 442 442 442 442 442 442 442 442 442 442 442 673 673 673 673 673 673 673 673 673 673 279 279 279 279 279 279 279 279 
0 1 2 3 4 5 6 7 8 9 10 11 12 13 14 15 16 17 18 19 20 21 22 0 1 2 3 4 5 6 23 24 25 26 27 28 29 30 31 32 33 34 35 36 37 38 39 40 41 42 43 44 45 46 47 48 49 50 51 52 53 54 55 56 57 58 59 60 60 61 61 62 62 63 63 64 64 23 24 25 26 27 65 66 67 68 69 70 71 72 73 38 39 40 41 42 43 44 45 46 65 66 67 68 69 70 71 72 73 74 75 76 77 78 79 80 81 82 83 30 31 32 33 34 35 36 37 28 29 15 16 17 18 19 20 21 22 53 54 55 56 57 58 59 84 85 86 87 88 89 90 91 92 93 94 95 96 97 47 48 49 50 51 52 98 98 99 99 84 85 86 87 88 89 90 91 92 93 94 95 96 97 74 75 76 77 78 79 80 81 82 83 7 8 9 10 11 12 13 14 
59619
15
8 10 2 6 7 8 7 4 8 5 5 9 5 2 14 
3 43 15 22 2 3 27 28 19 27 31 19 9 60 56 
69 67 53 58 6 53 53 36 51 27 42 32 27 60 60 
279 673 892 947 662 981 413 519 807 761 412 384 475 701 442 
4 4 4 4 4 4 4 0 0 0 0 0 0 0 0 5 5 5 5 5 5 5 5 4 4 4 4 4 4 4 12 12 12 12 12 2 2 8 8 8 8 8 8 8 8 11 11 11 11 11 11 11 11 11 3 3 3 3 3 3 6 6 6 6 6 6 6 9 9 9 9 9 9 9 9 9 9 12 12 12 12 12 7 7 7 7 10 10 10 10 10 11 11 11 11 11 11 11 11 11 7 7 7 7 10 10 10 10 10 1 1 1 1 1 1 1 1 1 1 8 8 8 8 8 8 8 8 2 2 5 5 5 5 5 5 5 5 6 6 6 6 6 6 6 14 14 14 14 14 14 14 14 14 14 14 14 14 14 3 3 3 3 3 3 13 13 13 13 14 14 14 14 14 14 14 14 14 14 14 14 14 14 1 1 1 1 1 1 1 1 1 1 0 0 0 0 0 0 0 0 