247
100
2
3 3 3 5 5 5 5 5 5 5 5 5 5 5 5 5 5 5 5 5 5 5 5 9 9 12 12 12 12 12 12 12 12 17 17 17 17 17 17 17 18 18 18 18 18 18 18 18 18 18 18 18 18 18 18 18 18 18 18 18 19 19 19 19 24 24 24 24 24 24 24 24 24 24 29 29 29 29 29 29 29 29 29 29 29 29 29 29 29 29 29 29 29 29 32 32 32 32 32 32 32 32 36 36 39 39 39 39 39 39 41 41 41 41 41 41 41 41 41 41 43 43 43 43 43 43 43 43 47 47 47 47 47 47 47 47 48 48 48 48 48 48 48 48 48 48 48 48 48 48 48 48 48 48 51 51 54 54 54 54 54 54 54 54 54 54 54 54 54 54 54 54 57 57 57 57 57 57 57 57 60 60 60 64 64 64 64 65 65 68 68 68 68 68 68 68 68 68 68 68 
180 181 182 50 51 52 53 54 55 56 57 58 59 110 111 112 113 114 115 116 117 118 119 187 188 146 147 148 149 150 151 152 153 193 194 195 196 197 198 199 136 137 138 139 140 141 142 143 144 145 3 4 5 6 7 8 9 10 11 12 189 190 191 192 183 184 185 186 104 105 106 107 108 109 75 74 77 76 79 78 81 80 83 82 85 84 87 86 89 88 91 90 93 92 120 121 122 123 124 125 126 127 154 155 68 69 70 71 72 73 13 14 15 16 17 18 19 20 21 22 94 95 96 97 98 99 100 101 156 157 158 159 160 161 162 163 40 41 42 43 44 45 46 47 48 49 25 26 27 28 29 30 31 32 102 103 128 129 130 131 132 133 134 135 172 173 174 175 176 177 178 179 164 165 166 167 168 169 170 171 0 1 2 64 65 66 67 23 24 60 61 62 63 33 34 35 36 37 38 39 
792 792 792 435 435 435 435 435 435 435 435 435 435 582 582 582 582 582 582 582 582 582 582 993 993 381 381 381 381 381 381 381 381 787 787 787 787 787 787 787 807 807 807 807 807 807 807 807 807 807 435 435 435 435 435 435 435 435 435 435 702 702 702 702 416 416 416 416 638 638 638 638 638 638 412 412 412 412 412 412 412 412 412 412 412 412 412 412 412 412 412 412 412 412 768 768 768 768 768 768 768 768 197 197 638 638 638 638 638 638 582 582 582 582 582 582 582 582 582 582 768 768 768 768 768 768 768 768 748 748 748 748 748 748 748 748 807 807 807 807 807 807 807 807 807 807 381 381 381 381 381 381 381 381 197 197 748 748 748 748 748 748 748 748 553 553 553 553 553 553 553 553 553 553 553 553 553 553 553 553 792 792 792 416 416 416 416 993 993 702 702 702 702 787 787 787 787 787 787 787 
0 1 2 3 4 5 6 7 8 9 10 11 12 13 14 15 16 17 18 19 20 21 22 23 24 25 26 27 28 29 30 31 32 33 34 35 36 37 38 39 40 41 42 43 44 45 46 47 48 49 3 4 5 6 7 8 9 10 11 12 50 51 52 53 54 55 56 57 58 59 60 61 62 63 64 64 65 65 66 66 67 67 68 68 69 69 70 70 71 71 72 72 73 73 74 75 76 77 78 79 80 81 82 83 58 59 60 61 62 63 13 14 15 16 17 18 19 20 21 22 74 75 76 77 78 79 80 81 84 85 86 87 88 89 90 91 40 41 42 43 44 45 46 47 48 49 25 26 27 28 29 30 31 32 82 83 84 85 86 87 88 89 90 91 92 93 94 95 96 97 98 99 92 93 94 95 96 97 98 99 0 1 2 54 55 56 57 23 24 50 51 52 53 33 34 35 36 37 38 39 
60525
15
4 4 6 2 10 8 10 8 7 2 3 10 8 10 8 
24 19 24 9 18 47 5 32 17 36 3 29 54 5 12 
64 68 39 65 48 54 18 43 68 51 60 29 57 41 48 
416 702 638 993 807 748 435 768 787 197 792 412 553 582 381 
10 10 10 6 6 6 6 6 6 6 6 6 6 13 13 13 13 13 13 13 13 13 13 3 3 14 14 14 14 14 14 14 14 8 8 8 8 8 8 8 4 4 4 4 4 4 4 4 4 4 6 6 6 6 6 6 6 6 6 6 1 1 1 1 0 0 0 0 2 2 2 2 2 2 11 11 11 11 11 11 11 11 11 11 11 11 11 11 11 11 11 11 11 11 7 7 7 7 7 7 7 7 9 9 2 2 2 2 2 2 13 13 13 13 13 13 13 13 13 13 7 7 7 7 7 7 7 7 5 5 5 5 5 5 5 5 4 4 4 4 4 4 4 4 4 4 14 14 14 14 14 14 14 14 9 9 5 5 5 5 5 5 5 5 12 12 12 12 12 12 12 12 12 12 12 12 12 12 12 12 10 10 10 0 0 0 0 3 3 1 1 1 1 8 8 8 8 8 8 8 