617
100
2
1 1 1 1 2 2 2 4 4 4 4 4 6 6 6 6 6 6 6 6 6 6 6 6 7 7 7 7 7 7 7 8 8 8 8 8 8 10 10 11 11 11 11 12 12 12 12 12 13 13 13 13 13 16 16 16 17 17 17 17 17 17 18 20 20 20 20 20 20 20 20 22 22 22 22 23 23 24 24 24 25 25 26 26 26 26 26 26 26 26 26 26 30 30 30 30 30 30 31 31 31 31 31 35 35 38 38 38 38 38 38 38 38 40 40 40 41 41 41 41 43 43 43 43 43 43 43 43 43 43 43 43 43 47 47 47 47 47 47 50 50 50 50 50 52 53 53 53 53 53 53 53 53 53 53 53 53 53 53 53 53 53 53 53 53 53 53 54 54 54 56 56 57 57 57 57 57 59 59 59 65 65 68 68 68 68 68 68 69 69 69 69 69 69 69 69 69 69 69 69 
67 68 69 70 53 54 55 98 99 100 101 102 152 153 92 93 94 95 96 97 88 89 90 91 48 49 50 51 52 37 38 82 83 84 85 86 87 29 30 135 136 137 138 139 140 141 142 143 24 25 26 27 28 4 5 6 113 114 115 167 168 169 144 188 189 190 191 0 1 2 3 109 110 111 112 170 171 185 186 187 145 146 31 32 33 34 35 36 20 21 22 23 14 15 16 17 18 19 7 8 9 10 11 175 176 116 117 118 119 71 72 73 74 56 57 58 105 106 107 108 154 155 156 157 158 159 160 161 162 163 164 165 166 180 181 39 40 41 42 43 44 45 46 47 62 80 81 192 193 194 195 196 12 13 120 121 122 123 124 125 126 127 128 129 130 131 132 59 60 61 75 76 182 183 184 103 104 197 198 199 133 134 172 173 174 77 78 79 63 64 65 66 147 148 149 150 151 177 178 179 
970 970 970 970 905 905 905 732 732 732 732 732 952 952 478 478 478 478 478 478 939 939 939 939 548 548 548 548 548 805 805 309 309 309 309 309 309 805 805 579 579 579 579 158 158 158 158 158 548 548 548 548 548 905 905 905 231 231 231 833 833 833 159 720 720 720 720 970 970 970 970 441 441 441 441 906 906 902 902 902 448 448 309 309 309 309 309 309 939 939 939 939 478 478 478 478 478 478 732 732 732 732 732 668 668 429 429 429 429 441 441 441 441 231 231 231 429 429 429 429 729 729 729 729 729 729 729 729 729 729 729 729 729 656 656 579 579 579 579 158 158 158 158 158 159 448 448 293 293 293 293 293 952 952 729 729 729 729 729 729 729 729 729 729 729 729 729 833 833 833 906 906 237 237 237 668 668 505 505 505 656 656 237 237 237 902 902 902 720 720 720 720 293 293 293 293 293 505 505 505 
0 1 2 3 4 5 6 7 8 9 10 11 12 13 14 15 16 17 18 19 20 21 22 23 24 25 26 27 28 29 30 31 32 33 34 35 36 29 30 37 38 39 40 41 42 43 44 45 24 25 26 27 28 4 5 6 46 47 48 49 50 51 52 53 54 55 56 0 1 2 3 57 58 59 60 61 62 63 64 65 66 67 31 32 33 34 35 36 20 21 22 23 14 15 16 17 18 19 7 8 9 10 11 68 69 70 71 72 73 57 58 59 60 46 47 48 70 71 72 73 74 75 76 77 78 79 80 81 82 83 84 85 86 87 88 37 38 39 40 41 42 43 44 45 52 66 67 89 90 91 92 93 12 13 74 75 76 77 78 79 80 81 82 83 84 85 86 49 50 51 61 62 94 95 96 68 69 97 98 99 87 88 94 95 96 63 64 65 53 54 55 56 89 90 91 92 93 97 98 99 
59034
26
4 1 2 3 2 5 5 2 2 3 4 6 4 3 6 2 5 4 3 4 3 3 5 4 2 13 
20 18 25 57 47 7 53 6 23 24 38 6 22 17 8 35 12 11 59 6 17 2 4 1 7 43 
69 52 53 68 65 13 69 53 56 68 41 30 38 40 26 57 50 47 69 26 54 16 31 20 10 53 
720 159 448 237 656 548 293 952 906 902 429 478 441 231 309 668 158 579 505 939 833 905 732 970 805 729 
23 23 23 23 21 21 21 22 22 22 22 22 7 7 11 11 11 11 11 11 19 19 19 19 5 5 5 5 5 24 24 14 14 14 14 14 14 24 24 17 17 17 17 16 16 16 16 16 5 5 5 5 5 21 21 21 13 13 13 20 20 20 1 0 0 0 0 23 23 23 23 12 12 12 12 8 8 9 9 9 2 2 14 14 14 14 14 14 19 19 19 19 11 11 11 11 11 11 22 22 22 22 22 15 15 10 10 10 10 12 12 12 12 13 13 13 10 10 10 10 25 25 25 25 25 25 25 25 25 25 25 25 25 4 4 17 17 17 17 16 16 16 16 16 1 2 2 6 6 6 6 6 7 7 25 25 25 25 25 25 25 25 25 25 25 25 25 20 20 20 8 8 3 3 3 15 15 18 18 18 4 4 3 3 3 9 9 9 0 0 0 0 6 6 6 6 6 18 18 18 