629
100
2
2 2 2 2 2 2 2 5 5 5 5 5 5 5 5 5 5 5 5 5 5 5 6 8 8 8 8 8 8 8 8 8 8 8 8 8 8 8 9 9 9 9 9 9 11 11 12 12 12 13 14 14 14 14 14 14 14 15 15 15 15 15 15 15 16 16 16 16 16 16 16 17 17 17 17 18 19 19 19 19 20 20 20 22 22 22 22 22 22 22 24 24 24 24 24 24 24 24 24 24 24 24 24 24 25 26 26 26 26 26 26 27 27 27 27 27 27 33 33 33 33 33 36 36 42 42 42 43 44 44 44 44 44 44 44 44 44 47 47 47 49 49 49 49 51 51 51 51 53 54 54 54 54 54 59 59 59 59 59 59 59 59 59 59 59 59 63 63 63 63 63 63 63 64 64 64 64 64 64 64 64 64 64 64 64 64 64 64 64 64 64 64 67 70 70 70 70 70 70 70 
83 84 85 86 87 88 89 166 167 168 169 170 171 172 46 47 48 117 118 119 120 121 148 124 125 126 128 129 130 131 132 133 38 39 40 41 42 43 32 33 34 35 36 37 69 70 14 15 16 75 193 194 195 196 197 198 199 149 150 151 152 153 122 123 158 159 160 161 162 44 45 76 77 78 79 49 71 72 73 74 134 135 136 0 1 2 3 4 5 6 178 179 180 181 182 183 184 185 186 187 188 189 190 191 177 111 112 113 114 115 116 105 106 107 108 109 110 17 18 19 20 21 62 63 23 24 25 192 26 27 28 29 30 31 80 81 82 163 164 165 173 174 175 176 154 155 156 157 22 57 58 59 60 61 144 145 146 147 64 65 66 67 68 137 138 139 7 8 9 10 11 12 13 140 141 142 143 104 90 91 92 93 94 95 96 97 98 99 100 101 102 103 127 50 51 52 53 54 55 56 
211 211 211 211 211 211 211 938 938 938 938 938 938 938 789 789 789 647 647 647 647 647 730 724 724 724 713 713 713 713 713 713 882 882 882 882 882 882 882 882 882 882 882 882 605 605 789 789 789 310 584 584 584 584 584 584 584 618 618 618 618 618 929 929 424 424 424 424 424 605 605 631 631 631 631 310 631 631 631 631 847 847 847 211 211 211 211 211 211 211 772 772 772 772 772 772 772 772 772 772 772 772 772 772 592 708 708 708 708 708 708 708 708 708 708 708 708 647 647 647 647 647 929 929 724 724 724 433 713 713 713 713 713 713 847 847 847 385 385 385 217 217 217 217 211 211 211 211 730 618 618 618 618 618 211 211 211 211 424 424 424 424 424 385 385 385 938 938 938 938 938 938 938 217 217 217 217 592 772 772 772 772 772 772 772 772 772 772 772 772 772 772 433 584 584 584 584 584 584 584 
0 1 2 3 4 5 6 7 8 9 10 11 12 13 14 15 16 17 18 19 20 21 22 23 24 25 26 27 28 29 30 31 32 33 34 35 36 37 32 33 34 35 36 37 38 39 14 15 16 40 41 42 43 44 45 46 47 48 49 50 51 52 53 54 55 56 57 58 59 38 39 60 61 62 63 40 60 61 62 63 64 65 66 0 1 2 3 4 5 6 67 68 69 70 71 72 73 74 75 76 77 78 79 80 81 82 83 84 85 86 87 82 83 84 85 86 87 17 18 19 20 21 53 54 23 24 25 88 26 27 28 29 30 31 64 65 66 89 90 91 92 93 94 95 96 97 98 99 22 48 49 50 51 52 96 97 98 99 55 56 57 58 59 89 90 91 7 8 9 10 11 12 13 92 93 94 95 81 67 68 69 70 71 72 73 74 75 76 77 78 79 80 88 41 42 43 44 45 46 47 
62806
23
4 4 7 3 6 1 6 3 7 3 5 1 5 5 3 1 4 2 1 6 2 7 14 
51 49 5 8 8 43 26 5 2 20 15 13 5 16 47 25 17 11 6 8 15 14 24 
59 64 63 42 44 67 27 12 22 44 54 18 33 59 59 64 19 16 53 9 36 70 64 
211 217 938 724 713 433 708 789 211 847 618 310 647 424 385 592 631 605 730 882 929 584 772 
8 8 8 8 8 8 8 2 2 2 2 2 2 2 7 7 7 12 12 12 12 12 18 3 3 3 4 4 4 4 4 4 19 19 19 19 19 19 19 19 19 19 19 19 17 17 7 7 7 11 21 21 21 21 21 21 21 10 10 10 10 10 20 20 13 13 13 13 13 17 17 16 16 16 16 11 16 16 16 16 9 9 9 8 8 8 8 8 8 8 22 22 22 22 22 22 22 22 22 22 22 22 22 22 15 6 6 6 6 6 6 6 6 6 6 6 6 12 12 12 12 12 20 20 3 3 3 5 4 4 4 4 4 4 9 9 9 14 14 14 1 1 1 1 0 0 0 0 18 10 10 10 10 10 0 0 0 0 13 13 13 13 13 14 14 14 2 2 2 2 2 2 2 1 1 1 1 15 22 22 22 22 22 22 22 22 22 22 22 22 22 22 5 21 21 21 21 21 21 21 