383
100
2
1 1 1 1 1 1 1 1 1 1 1 1 1 1 1 3 3 3 3 5 5 6 6 10 11 11 11 13 17 17 17 17 17 17 17 17 17 17 17 21 21 21 22 22 22 22 24 24 24 24 24 24 24 24 24 25 25 25 25 25 25 25 25 26 26 26 26 26 26 26 28 28 28 29 29 29 29 29 33 33 33 33 33 33 33 33 33 35 35 35 35 39 39 39 39 40 40 40 40 40 40 40 42 42 42 42 42 46 46 46 46 46 46 46 46 46 46 46 46 47 47 47 47 47 47 47 47 48 48 48 48 48 48 48 48 48 48 48 48 50 50 51 51 51 51 51 51 51 51 51 51 51 51 51 51 51 51 51 51 51 51 51 51 51 52 52 52 52 52 52 52 52 52 52 52 52 52 52 52 52 52 52 52 52 52 52 57 57 57 57 57 59 59 59 59 59 59 59 59 59 
50 51 52 53 54 119 120 121 122 123 124 125 126 19 20 91 92 93 94 13 14 139 140 27 70 71 72 23 55 56 57 58 59 60 61 62 39 40 41 36 37 38 115 116 117 118 87 88 89 90 0 1 2 3 4 28 29 30 31 32 33 34 35 95 96 97 98 99 100 101 24 25 26 134 135 136 137 138 191 192 193 194 195 196 197 198 199 46 47 48 49 15 16 17 18 63 64 65 66 67 68 69 186 187 188 189 190 141 142 143 144 145 146 147 148 42 43 44 45 5 6 7 8 9 10 11 12 164 165 166 167 168 169 170 73 74 75 76 77 21 22 107 108 109 110 111 112 113 114 171 172 173 174 175 176 177 178 179 180 181 182 183 184 185 127 128 129 130 131 132 133 149 150 151 152 153 154 155 156 157 158 159 160 161 162 163 102 103 104 105 106 78 79 80 81 82 83 84 85 86 
847 847 847 847 847 346 346 346 346 346 346 346 346 302 302 649 649 649 649 302 302 300 300 573 880 880 880 573 823 823 823 823 823 823 823 823 821 821 821 821 821 821 633 633 633 633 697 697 697 697 847 847 847 847 847 823 823 823 823 823 823 823 823 663 663 663 663 663 663 663 880 880 880 979 979 979 979 979 447 447 447 447 447 447 447 447 447 697 697 697 697 649 649 649 649 663 663 663 663 663 663 663 560 560 560 560 560 710 710 710 710 710 710 710 710 633 633 633 633 346 346 346 346 346 346 346 346 853 853 853 853 853 853 853 979 979 979 979 979 300 300 710 710 710 710 710 710 710 710 251 251 251 251 251 251 251 251 251 251 251 251 251 251 251 853 853 853 853 853 853 853 251 251 251 251 251 251 251 251 251 251 251 251 251 251 251 560 560 560 560 560 447 447 447 447 447 447 447 447 447 
0 1 2 3 4 5 6 7 8 9 10 11 12 13 14 15 16 17 18 13 14 19 20 21 22 23 24 21 25 26 27 28 29 30 31 32 33 34 35 33 34 35 36 37 38 39 40 41 42 43 0 1 2 3 4 25 26 27 28 29 30 31 32 44 45 46 47 48 49 50 22 23 24 51 52 53 54 55 56 57 58 59 60 61 62 63 64 40 41 42 43 15 16 17 18 44 45 46 47 48 49 50 65 66 67 68 69 70 71 72 73 74 75 76 77 36 37 38 39 5 6 7 8 9 10 11 12 78 79 80 81 82 83 84 51 52 53 54 55 19 20 70 71 72 73 74 75 76 77 85 86 87 88 89 90 91 92 93 94 95 96 97 98 99 78 79 80 81 82 83 84 85 86 87 88 89 90 91 92 93 94 95 96 97 98 99 65 66 67 68 69 56 57 58 59 60 61 62 63 64 
60158
18
9 5 4 8 3 7 8 4 2 5 4 8 5 1 2 7 3 15 
33 42 24 17 11 48 46 22 6 1 3 1 29 10 1 26 17 51 
59 57 35 25 28 52 51 46 50 24 39 47 48 13 5 40 21 52 
447 560 697 823 880 853 710 633 300 847 649 346 979 573 302 663 821 251 
9 9 9 9 9 11 11 11 11 11 11 11 11 14 14 10 10 10 10 14 14 8 8 13 4 4 4 13 3 3 3 3 3 3 3 3 16 16 16 16 16 16 7 7 7 7 2 2 2 2 9 9 9 9 9 3 3 3 3 3 3 3 3 15 15 15 15 15 15 15 4 4 4 12 12 12 12 12 0 0 0 0 0 0 0 0 0 2 2 2 2 10 10 10 10 15 15 15 15 15 15 15 1 1 1 1 1 6 6 6 6 6 6 6 6 7 7 7 7 11 11 11 11 11 11 11 11 5 5 5 5 5 5 5 12 12 12 12 12 8 8 6 6 6 6 6 6 6 6 17 17 17 17 17 17 17 17 17 17 17 17 17 17 17 5 5 5 5 5 5 5 17 17 17 17 17 17 17 17 17 17 17 17 17 17 17 1 1 1 1 1 0 0 0 0 0 0 0 0 0 