543
100
2
1 1 1 1 1 2 2 2 2 2 2 2 2 4 4 4 4 5 5 5 5 5 5 5 5 5 10 10 10 10 10 10 10 10 10 12 12 13 13 13 13 13 13 13 13 13 16 16 16 16 16 16 18 18 18 18 18 18 18 18 18 18 18 18 18 22 22 22 22 22 22 22 22 22 22 22 22 22 22 22 22 24 24 24 24 24 24 24 24 24 25 25 25 25 25 27 27 27 27 27 27 27 29 29 29 29 29 29 29 29 29 31 31 31 35 35 35 35 35 35 35 35 35 36 36 36 36 36 38 38 38 41 41 44 44 44 44 49 49 49 49 49 49 49 49 52 52 52 52 52 52 52 52 52 54 54 54 54 54 54 54 59 59 59 59 59 59 63 63 63 63 63 63 63 63 63 63 63 63 63 63 63 63 65 65 65 65 65 67 67 67 67 67 67 67 67 67 70 70 70 
123 124 125 126 127 57 58 59 60 61 62 63 64 133 134 135 136 188 189 190 191 192 193 194 195 196 114 115 116 117 118 119 120 121 122 131 132 145 146 147 148 149 150 151 152 153 161 162 163 164 165 166 140 141 142 143 144 5 6 7 8 9 10 11 12 167 168 169 170 171 172 173 174 175 176 177 178 179 180 181 182 102 103 104 105 106 107 108 109 110 183 184 185 186 187 154 155 156 157 158 159 160 81 82 83 84 85 86 87 88 89 197 198 199 26 27 28 29 30 31 32 33 34 0 1 2 3 4 137 138 139 35 36 13 14 15 16 128 129 130 52 53 54 55 56 37 38 39 40 41 42 43 44 45 95 96 97 98 99 100 101 46 47 48 49 50 51 65 66 67 68 69 70 71 72 73 74 75 76 77 78 79 80 90 91 92 93 94 17 18 19 20 21 22 23 24 25 111 112 113 
398 398 398 398 398 473 473 473 473 473 473 473 473 571 571 571 571 295 295 295 295 295 295 295 295 295 357 357 357 357 357 357 357 357 357 828 828 363 363 363 363 363 363 363 363 363 883 883 883 883 883 883 391 391 391 391 391 473 473 473 473 473 473 473 473 503 503 503 503 503 503 503 503 503 503 503 503 503 503 503 503 690 690 690 690 690 690 690 690 690 947 947 947 947 947 645 645 645 645 645 645 645 690 690 690 690 690 690 690 690 690 826 826 826 357 357 357 357 357 357 357 357 357 398 398 398 398 398 470 470 470 828 828 571 571 571 571 470 470 470 391 391 391 391 391 363 363 363 363 363 363 363 363 363 645 645 645 645 645 645 645 883 883 883 883 883 883 503 503 503 503 503 503 503 503 503 503 503 503 503 503 503 503 947 947 947 947 947 295 295 295 295 295 295 295 295 295 826 826 826 
0 1 2 3 4 5 6 7 8 9 10 11 12 13 14 15 16 17 18 19 20 21 22 23 24 25 26 27 28 29 30 31 32 33 34 35 36 37 38 39 40 41 42 43 44 45 46 47 48 49 50 51 52 53 54 55 56 5 6 7 8 9 10 11 12 57 58 59 60 61 62 63 64 65 66 67 68 69 70 71 72 73 74 75 76 77 78 79 80 81 82 83 84 85 86 87 88 89 90 91 92 93 73 74 75 76 77 78 79 80 81 94 95 96 26 27 28 29 30 31 32 33 34 0 1 2 3 4 97 98 99 35 36 13 14 15 16 97 98 99 52 53 54 55 56 37 38 39 40 41 42 43 44 45 87 88 89 90 91 92 93 46 47 48 49 50 51 57 58 59 60 61 62 63 64 65 66 67 68 69 70 71 72 82 83 84 85 86 17 18 19 20 21 22 23 24 25 94 95 96 
53498
15
4 7 9 3 5 9 5 9 2 8 6 9 3 5 16 
4 27 5 38 25 13 18 24 12 2 16 10 31 1 22 
44 54 67 49 65 52 49 29 41 18 59 35 70 36 63 
571 645 295 470 947 363 391 690 828 473 883 357 826 398 503 
13 13 13 13 13 9 9 9 9 9 9 9 9 0 0 0 0 2 2 2 2 2 2 2 2 2 11 11 11 11 11 11 11 11 11 8 8 5 5 5 5 5 5 5 5 5 10 10 10 10 10 10 6 6 6 6 6 9 9 9 9 9 9 9 9 14 14 14 14 14 14 14 14 14 14 14 14 14 14 14 14 7 7 7 7 7 7 7 7 7 4 4 4 4 4 1 1 1 1 1 1 1 7 7 7 7 7 7 7 7 7 12 12 12 11 11 11 11 11 11 11 11 11 13 13 13 13 13 3 3 3 8 8 0 0 0 0 3 3 3 6 6 6 6 6 5 5 5 5 5 5 5 5 5 1 1 1 1 1 1 1 10 10 10 10 10 10 14 14 14 14 14 14 14 14 14 14 14 14 14 14 14 14 4 4 4 4 4 2 2 2 2 2 2 2 2 2 12 12 12 