966
100
2
2 2 2 3 3 3 3 3 3 3 3 3 3 3 3 3 3 3 3 3 8 8 8 8 8 8 8 8 8 8 16 16 16 21 21 21 21 21 21 21 21 21 21 21 21 21 21 21 21 21 21 21 22 22 22 22 22 22 22 22 22 25 25 25 25 25 25 25 25 25 33 33 33 33 33 38 38 38 38 40 40 40 40 40 40 40 40 40 40 40 42 42 42 42 42 42 42 42 42 42 47 47 47 47 47 47 47 47 47 47 47 47 47 47 47 47 47 47 47 50 50 50 50 50 50 50 50 57 57 57 57 57 57 57 57 58 58 58 58 58 61 61 61 61 62 62 62 62 62 62 62 62 62 62 62 62 62 62 63 63 63 63 63 63 63 63 63 63 63 63 63 63 63 63 63 65 65 65 65 65 65 65 65 65 65 65 65 65 65 68 68 68 68 68 68 68 68 68 68 68 
30 31 32 158 159 160 161 162 163 164 165 166 167 168 169 170 171 172 173 174 90 91 92 93 94 95 96 97 98 99 0 1 2 100 101 102 103 104 175 176 177 178 179 180 181 182 183 184 185 186 187 188 61 62 63 64 65 66 67 68 69 52 53 54 55 56 57 58 59 60 135 136 137 138 139 140 141 142 143 189 190 191 192 193 194 195 196 197 198 199 20 21 22 23 24 25 26 27 28 29 33 34 35 36 37 144 145 146 147 148 149 150 151 152 153 154 155 156 157 127 128 129 130 131 132 133 134 119 120 121 122 123 124 125 126 70 71 72 73 74 75 76 77 78 105 106 107 108 109 110 111 112 113 114 115 116 117 118 3 4 5 6 7 8 9 10 11 12 13 14 15 16 17 18 19 38 39 40 41 42 43 44 45 46 47 48 49 50 51 79 80 81 82 83 84 85 86 87 88 89 
197 197 197 863 863 863 863 863 863 863 863 863 863 863 863 863 863 863 863 863 223 223 223 223 223 223 223 223 223 223 197 197 197 812 812 812 812 812 511 511 511 511 511 511 511 511 511 511 511 511 511 511 459 459 459 459 459 459 459 459 459 459 459 459 459 459 459 459 459 459 314 314 314 314 314 385 385 385 385 582 582 582 582 582 582 582 582 582 582 582 223 223 223 223 223 223 223 223 223 223 812 812 812 812 812 341 341 341 341 341 341 341 341 341 341 341 341 341 341 690 690 690 690 690 690 690 690 690 690 690 690 690 690 690 690 314 314 314 314 314 385 385 385 385 341 341 341 341 341 341 341 341 341 341 341 341 341 341 863 863 863 863 863 863 863 863 863 863 863 863 863 863 863 863 863 511 511 511 511 511 511 511 511 511 511 511 511 511 511 582 582 582 582 582 582 582 582 582 582 582 
0 1 2 3 4 5 6 7 8 9 10 11 12 13 14 15 16 17 18 19 20 21 22 23 24 25 26 27 28 29 0 1 2 30 31 32 33 34 35 36 37 38 39 40 41 42 43 44 45 46 47 48 49 50 51 52 53 54 55 56 57 49 50 51 52 53 54 55 56 57 58 59 60 61 62 63 64 65 66 67 68 69 70 71 72 73 74 75 76 77 20 21 22 23 24 25 26 27 28 29 30 31 32 33 34 78 79 80 81 82 83 84 85 86 87 88 89 90 91 92 93 94 95 96 97 98 99 92 93 94 95 96 97 98 99 58 59 60 61 62 63 64 65 66 78 79 80 81 82 83 84 85 86 87 88 89 90 91 3 4 5 6 7 8 9 10 11 12 13 14 15 16 17 18 19 35 36 37 38 39 40 41 42 43 44 45 46 47 48 67 68 69 70 71 72 73 74 75 76 77 
52643
11
5 8 11 9 5 3 14 4 14 17 10 
21 50 40 22 33 2 21 38 47 3 8 
47 57 68 25 58 16 65 61 62 63 42 
812 690 582 459 314 197 511 385 341 863 223 
5 5 5 9 9 9 9 9 9 9 9 9 9 9 9 9 9 9 9 9 10 10 10 10 10 10 10 10 10 10 5 5 5 0 0 0 0 0 6 6 6 6 6 6 6 6 6 6 6 6 6 6 3 3 3 3 3 3 3 3 3 3 3 3 3 3 3 3 3 3 4 4 4 4 4 7 7 7 7 2 2 2 2 2 2 2 2 2 2 2 10 10 10 10 10 10 10 10 10 10 0 0 0 0 0 8 8 8 8 8 8 8 8 8 8 8 8 8 8 1 1 1 1 1 1 1 1 1 1 1 1 1 1 1 1 4 4 4 4 4 7 7 7 7 8 8 8 8 8 8 8 8 8 8 8 8 8 8 9 9 9 9 9 9 9 9 9 9 9 9 9 9 9 9 9 6 6 6 6 6 6 6 6 6 6 6 6 6 6 2 2 2 2 2 2 2 2 2 2 2 