430
100
2
1 3 4 4 4 4 4 4 7 7 7 7 7 7 10 10 13 13 13 13 13 13 13 13 13 13 13 13 13 13 13 13 13 13 14 14 14 14 14 14 14 14 16 16 18 18 18 18 18 19 19 19 19 19 19 19 22 24 24 24 24 24 24 24 24 24 24 24 24 25 25 28 28 28 28 28 29 29 29 31 31 31 31 31 31 31 32 32 32 32 32 32 32 32 32 32 32 32 32 32 35 35 35 35 36 36 36 36 36 36 36 37 37 38 38 38 38 38 38 38 38 38 39 39 39 40 40 40 40 40 40 42 42 42 44 44 44 44 44 44 44 44 45 45 45 45 46 46 46 46 46 47 47 47 47 47 47 47 55 55 55 55 55 55 58 58 58 58 60 60 60 61 61 61 61 61 61 61 61 61 61 63 63 63 63 63 64 64 64 64 64 67 67 67 67 67 68 68 68 70 
131 56 36 37 38 39 40 41 136 137 138 139 140 141 132 133 164 165 166 167 86 87 88 89 90 91 92 93 94 95 96 97 98 99 54 55 2 3 4 5 6 7 111 112 151 152 153 154 155 64 65 66 67 68 34 35 1 104 105 106 107 108 109 110 49 50 51 52 53 102 103 181 182 183 184 185 122 123 124 171 172 173 174 175 176 177 20 21 22 23 24 25 26 27 28 29 30 31 32 33 134 135 69 70 57 58 59 60 61 62 63 42 43 142 143 144 145 186 187 188 189 190 76 77 78 158 159 160 161 162 163 0 14 15 100 101 8 9 10 11 12 13 113 114 115 116 191 192 193 194 195 44 45 46 47 48 179 180 125 126 127 128 129 130 16 17 18 19 196 197 198 79 80 81 82 83 84 85 199 156 157 71 72 73 74 75 117 118 119 120 121 146 147 148 149 150 168 169 170 178 
785 583 244 244 244 244 244 244 479 479 479 479 479 479 599 599 227 227 227 227 364 364 364 364 364 364 364 364 364 364 364 364 364 364 737 737 244 244 244 244 244 244 870 870 871 871 871 871 871 612 612 612 612 612 737 737 583 699 699 699 699 699 699 699 612 612 612 612 612 990 990 269 269 269 269 269 919 919 919 566 566 566 566 566 566 566 364 364 364 364 364 364 364 364 364 364 364 364 364 364 967 967 990 990 699 699 699 699 699 699 699 870 870 284 284 284 284 687 687 687 687 687 919 919 919 666 666 666 666 666 666 785 599 599 967 967 479 479 479 479 479 479 284 284 284 284 477 477 477 477 477 871 871 871 871 871 693 693 666 666 666 666 666 666 227 227 227 227 537 537 537 566 566 566 566 566 566 566 996 693 693 269 269 269 269 269 687 687 687 687 687 477 477 477 477 477 537 537 537 996 
0 1 2 3 4 5 6 7 8 9 10 11 12 13 14 15 16 17 18 19 20 21 22 23 24 25 26 27 28 29 30 31 32 33 34 35 2 3 4 5 6 7 36 37 38 39 40 41 42 43 44 45 46 47 34 35 1 48 49 50 51 52 53 54 43 44 45 46 47 55 56 57 58 59 60 61 62 63 64 65 66 67 68 69 70 71 20 21 22 23 24 25 26 27 28 29 30 31 32 33 72 73 55 56 48 49 50 51 52 53 54 36 37 74 75 76 77 78 79 80 81 82 62 63 64 83 84 85 86 87 88 0 14 15 72 73 8 9 10 11 12 13 74 75 76 77 89 90 91 92 93 38 39 40 41 42 94 95 83 84 85 86 87 88 16 17 18 19 96 97 98 65 66 67 68 69 70 71 99 94 95 57 58 59 60 61 78 79 80 81 82 89 90 91 92 93 96 97 98 99 
55353
24
3 1 6 5 7 1 5 7 3 2 4 5 2 6 1 2 5 2 2 4 2 5 6 14 
60 3 40 18 24 1 19 31 29 35 38 46 10 7 61 25 38 47 14 13 16 28 4 13 
68 22 55 47 36 42 24 61 39 44 45 67 42 44 70 35 64 61 19 58 37 63 14 32 
537 583 666 871 699 785 612 566 919 967 284 477 599 479 996 990 687 693 737 227 870 269 244 364 
5 1 22 22 22 22 22 22 13 13 13 13 13 13 12 12 19 19 19 19 23 23 23 23 23 23 23 23 23 23 23 23 23 23 18 18 22 22 22 22 22 22 20 20 3 3 3 3 3 6 6 6 6 6 18 18 1 4 4 4 4 4 4 4 6 6 6 6 6 15 15 21 21 21 21 21 8 8 8 7 7 7 7 7 7 7 23 23 23 23 23 23 23 23 23 23 23 23 23 23 9 9 15 15 4 4 4 4 4 4 4 20 20 10 10 10 10 16 16 16 16 16 8 8 8 2 2 2 2 2 2 5 12 12 9 9 13 13 13 13 13 13 10 10 10 10 11 11 11 11 11 3 3 3 3 3 17 17 2 2 2 2 2 2 19 19 19 19 0 0 0 7 7 7 7 7 7 7 14 17 17 21 21 21 21 21 16 16 16 16 16 11 11 11 11 11 0 0 0 14 