726
100
2
1 1 1 5 5 5 5 5 5 5 5 5 5 5 8 8 8 8 8 8 11 11 11 11 11 11 11 11 11 11 11 11 11 11 11 11 11 11 12 12 12 13 13 13 13 13 14 14 14 14 14 17 17 17 17 17 17 17 17 17 17 17 17 17 17 17 17 17 22 22 22 22 24 24 24 26 26 26 27 29 29 29 29 29 29 29 29 29 29 29 29 29 32 32 32 32 32 32 32 33 33 33 33 33 33 35 35 35 36 36 36 36 36 37 37 39 39 39 39 39 41 41 42 42 42 42 44 44 44 44 44 44 44 44 47 47 47 47 47 47 48 48 48 49 49 49 49 49 50 50 50 52 52 52 53 53 53 55 57 57 57 57 58 58 58 59 59 61 61 61 61 63 63 63 63 63 63 63 63 63 63 63 63 63 63 66 67 67 67 67 67 67 67 67 67 70 70 70 70 70 
192 193 194 167 168 169 170 68 69 70 71 157 23 24 134 135 136 137 138 139 75 76 77 12 13 79 80 81 82 83 84 85 86 87 88 89 90 91 162 163 164 173 174 175 176 177 143 144 145 146 147 113 114 99 100 101 102 103 104 195 196 197 198 199 122 123 124 125 7 8 9 10 154 155 156 20 21 22 185 25 26 27 28 29 30 31 32 33 34 35 36 37 178 179 180 181 182 183 184 53 54 55 56 57 58 148 149 150 115 116 117 118 119 51 52 108 109 110 111 112 171 172 64 65 66 67 158 159 186 187 188 189 190 191 14 15 16 17 18 19 151 152 153 46 47 48 49 50 105 106 107 140 141 142 72 73 74 11 126 127 165 166 38 39 40 160 161 3 4 5 6 120 121 41 42 43 44 45 92 93 94 95 96 97 98 78 128 129 130 131 132 133 0 1 2 59 60 61 62 63 
763 763 763 375 375 375 375 626 626 626 626 749 855 855 452 452 452 452 452 452 787 787 787 855 855 511 511 511 511 511 511 511 511 511 511 511 511 511 221 221 221 936 936 936 936 936 213 213 213 213 213 208 208 438 438 438 438 438 438 405 405 405 405 405 657 657 657 657 626 626 626 626 393 393 393 787 787 787 604 511 511 511 511 511 511 511 511 511 511 511 511 511 349 349 349 349 349 349 349 438 438 438 438 438 438 380 380 380 852 852 852 852 852 208 208 852 852 852 852 852 777 777 657 657 657 657 295 295 545 545 545 545 545 545 452 452 452 452 452 452 912 912 912 213 213 213 213 213 380 380 380 912 912 912 393 393 393 749 295 295 348 348 221 221 221 348 348 375 375 375 375 777 777 936 936 936 936 936 349 349 349 349 349 349 349 604 545 545 545 545 545 545 763 763 763 405 405 405 405 405 
0 1 2 3 4 5 6 7 8 9 10 11 12 13 14 15 16 17 18 19 20 21 22 12 13 23 24 25 26 27 28 29 30 31 32 33 34 35 36 37 38 39 40 41 42 43 44 45 46 47 48 49 50 51 52 53 54 55 56 57 58 59 60 61 62 63 64 65 7 8 9 10 66 67 68 20 21 22 69 23 24 25 26 27 28 29 30 31 32 33 34 35 70 71 72 73 74 75 76 51 52 53 54 55 56 77 78 79 80 81 82 83 84 49 50 80 81 82 83 84 85 86 62 63 64 65 87 88 89 90 91 92 93 94 14 15 16 17 18 19 95 96 97 44 45 46 47 48 77 78 79 95 96 97 66 67 68 11 87 88 98 99 36 37 38 98 99 3 4 5 6 85 86 39 40 41 42 43 70 71 72 73 74 75 76 69 89 90 91 92 93 94 0 1 2 57 58 59 60 61 
53045
25
3 3 2 6 3 2 2 2 5 6 6 4 4 3 5 3 1 5 5 4 7 3 2 1 13 
48 35 17 8 24 44 41 57 36 17 44 5 5 11 14 12 5 17 13 17 32 1 5 27 11 
52 50 37 47 53 57 63 59 39 33 67 61 22 26 49 58 55 70 63 42 63 67 11 66 29 
912 380 208 452 393 295 777 348 852 438 545 375 626 787 213 221 749 405 936 657 349 763 855 604 511 
21 21 21 11 11 11 11 12 12 12 12 16 22 22 3 3 3 3 3 3 13 13 13 22 22 24 24 24 24 24 24 24 24 24 24 24 24 24 15 15 15 18 18 18 18 18 14 14 14 14 14 2 2 9 9 9 9 9 9 17 17 17 17 17 19 19 19 19 12 12 12 12 4 4 4 13 13 13 23 24 24 24 24 24 24 24 24 24 24 24 24 24 20 20 20 20 20 20 20 9 9 9 9 9 9 1 1 1 8 8 8 8 8 2 2 8 8 8 8 8 6 6 19 19 19 19 5 5 10 10 10 10 10 10 3 3 3 3 3 3 0 0 0 14 14 14 14 14 1 1 1 0 0 0 4 4 4 16 5 5 7 7 15 15 15 7 7 11 11 11 11 6 6 18 18 18 18 18 20 20 20 20 20 20 20 23 10 10 10 10 10 10 21 21 21 17 17 17 17 17 