580
100
2
3 3 3 3 3 3 3 3 8 8 8 8 8 8 8 8 8 8 8 8 8 8 8 11 11 11 11 11 11 11 11 11 11 11 11 11 14 14 14 14 14 14 14 14 14 14 14 14 14 21 21 21 21 21 21 21 21 23 23 23 23 28 28 28 28 28 28 28 28 28 28 28 28 28 28 28 28 28 28 28 28 28 28 28 28 28 28 28 28 30 30 30 30 33 33 33 33 33 33 33 33 33 40 40 40 40 40 40 45 45 45 45 45 45 45 45 45 45 45 45 45 45 45 48 48 48 48 48 48 48 48 48 49 49 49 49 58 58 58 58 58 58 58 58 58 58 58 58 58 61 61 61 61 62 62 62 62 62 62 62 62 62 62 62 62 62 64 64 64 64 64 64 64 64 64 64 64 64 64 66 66 66 66 66 66 69 69 69 69 69 69 69 69 69 69 69 69 69 69 69 
49 50 51 52 53 54 55 56 108 109 110 111 112 113 114 115 116 117 118 119 120 121 122 153 154 155 156 157 158 159 160 161 162 163 164 165 166 167 168 169 170 171 172 173 174 175 176 177 178 0 1 2 3 4 5 6 7 89 90 91 92 136 137 138 139 140 141 142 143 144 145 146 147 148 185 186 187 188 189 190 191 192 193 194 195 196 197 198 199 57 58 59 60 123 124 125 126 127 128 129 130 131 179 180 181 182 183 184 8 9 10 11 12 13 14 15 16 17 18 19 20 21 22 93 94 95 96 97 98 99 100 101 149 150 151 152 61 62 63 64 65 66 67 68 69 70 71 72 73 132 133 134 135 23 24 25 26 27 28 29 30 31 32 33 34 35 36 37 38 39 40 41 42 43 44 45 46 47 48 102 103 104 105 106 107 74 75 76 77 78 79 80 81 82 83 84 85 86 87 88 
961 961 961 961 961 961 961 961 616 616 616 616 616 616 616 616 616 616 616 616 616 616 616 276 276 276 276 276 276 276 276 276 276 276 276 276 501 501 501 501 501 501 501 501 501 501 501 501 501 961 961 961 961 961 961 961 961 992 992 992 992 863 863 863 863 863 863 863 863 863 863 863 863 863 418 418 418 418 418 418 418 418 418 418 418 418 418 418 418 992 992 992 992 288 288 288 288 288 288 288 288 288 751 751 751 751 751 751 616 616 616 616 616 616 616 616 616 616 616 616 616 616 616 288 288 288 288 288 288 288 288 288 564 564 564 564 863 863 863 863 863 863 863 863 863 863 863 863 863 564 564 564 564 276 276 276 276 276 276 276 276 276 276 276 276 276 501 501 501 501 501 501 501 501 501 501 501 501 501 751 751 751 751 751 751 418 418 418 418 418 418 418 418 418 418 418 418 418 418 418 
0 1 2 3 4 5 6 7 8 9 10 11 12 13 14 15 16 17 18 19 20 21 22 23 24 25 26 27 28 29 30 31 32 33 34 35 36 37 38 39 40 41 42 43 44 45 46 47 48 0 1 2 3 4 5 6 7 49 50 51 52 53 54 55 56 57 58 59 60 61 62 63 64 65 66 67 68 69 70 71 72 73 74 75 76 77 78 79 80 49 50 51 52 81 82 83 84 85 86 87 88 89 90 91 92 93 94 95 8 9 10 11 12 13 14 15 16 17 18 19 20 21 22 81 82 83 84 85 86 87 88 89 96 97 98 99 53 54 55 56 57 58 59 60 61 62 63 64 65 96 97 98 99 23 24 25 26 27 28 29 30 31 32 33 34 35 36 37 38 39 40 41 42 43 44 45 46 47 48 90 91 92 93 94 95 66 67 68 69 70 71 72 73 74 75 76 77 78 79 80 
57840
10
8 13 15 13 13 6 4 9 4 15 
3 28 28 14 11 40 49 33 23 8 
21 58 69 64 62 66 61 48 30 45 
961 863 418 501 276 751 564 288 992 616 
0 0 0 0 0 0 0 0 9 9 9 9 9 9 9 9 9 9 9 9 9 9 9 4 4 4 4 4 4 4 4 4 4 4 4 4 3 3 3 3 3 3 3 3 3 3 3 3 3 0 0 0 0 0 0 0 0 8 8 8 8 1 1 1 1 1 1 1 1 1 1 1 1 1 2 2 2 2 2 2 2 2 2 2 2 2 2 2 2 8 8 8 8 7 7 7 7 7 7 7 7 7 5 5 5 5 5 5 9 9 9 9 9 9 9 9 9 9 9 9 9 9 9 7 7 7 7 7 7 7 7 7 6 6 6 6 1 1 1 1 1 1 1 1 1 1 1 1 1 6 6 6 6 4 4 4 4 4 4 4 4 4 4 4 4 4 3 3 3 3 3 3 3 3 3 3 3 3 3 5 5 5 5 5 5 2 2 2 2 2 2 2 2 2 2 2 2 2 2 2 