450
100
2
4 4 4 9 9 9 9 9 9 9 9 9 9 9 9 9 9 9 9 9 9 9 9 9 9 9 10 12 12 12 14 14 15 15 16 16 16 18 18 18 20 20 20 20 20 20 20 20 22 22 22 22 22 22 22 22 25 25 25 25 25 25 25 25 25 25 25 25 27 27 27 28 28 28 28 28 28 28 28 28 28 28 28 33 33 33 33 33 38 38 38 38 38 38 39 39 39 39 39 39 39 41 41 41 41 41 41 44 44 44 46 46 46 46 46 46 47 47 47 47 47 47 47 47 47 48 48 48 48 48 48 48 48 48 52 52 52 52 53 53 53 53 53 53 53 55 55 55 56 56 56 56 56 56 58 58 58 58 58 58 58 58 58 58 58 58 58 58 58 58 58 58 58 58 58 60 63 64 64 64 64 64 64 64 64 64 64 64 66 66 66 68 68 68 68 68 69 69 69 69 
148 149 150 125 126 127 128 129 130 30 31 160 161 162 163 164 165 166 167 168 169 170 171 172 173 174 32 53 54 55 9 10 26 175 76 77 78 107 108 109 71 72 73 74 75 101 102 103 110 111 112 113 114 27 28 29 154 155 156 157 158 159 147 83 84 85 86 87 134 135 136 40 41 42 43 44 34 35 36 196 197 198 199 63 64 65 66 67 115 177 178 179 180 181 182 183 120 121 122 123 124 45 46 47 151 152 153 37 38 39 48 49 50 51 52 88 184 185 186 187 96 97 98 99 100 3 4 5 6 7 8 188 189 190 68 69 70 176 191 192 193 194 195 145 146 143 144 62 0 1 2 104 105 106 56 57 58 59 60 61 11 12 13 14 15 16 17 18 19 20 21 22 23 24 25 33 137 89 90 91 92 93 94 95 116 117 118 119 131 132 133 138 139 140 141 142 79 80 81 82 
760 760 760 528 528 528 528 528 528 949 949 251 251 251 251 251 251 251 251 251 251 251 251 251 251 251 497 315 315 315 949 949 497 650 256 256 256 754 754 754 379 379 379 379 379 643 643 643 835 835 835 835 835 315 315 315 551 551 551 551 551 551 528 753 753 753 753 753 708 708 708 379 379 379 379 379 256 256 256 860 860 860 860 753 753 753 753 753 190 930 930 930 930 930 360 360 152 152 152 152 152 643 643 643 634 634 634 754 754 754 835 835 835 835 835 190 823 823 823 823 152 152 152 152 152 528 528 528 528 528 528 338 338 338 708 708 708 871 172 172 172 172 172 649 649 649 649 528 760 760 760 634 634 634 551 551 551 551 551 551 251 251 251 251 251 251 251 251 251 251 251 251 251 251 251 650 871 930 930 930 930 930 360 360 823 823 823 823 338 338 338 172 172 172 172 172 860 860 860 860 
0 1 2 3 4 5 6 7 8 9 10 11 12 13 14 15 16 17 18 19 20 21 22 23 24 25 26 27 28 29 9 10 26 30 31 32 33 34 35 36 37 38 39 40 41 42 43 44 45 46 47 48 49 27 28 29 50 51 52 53 54 55 56 57 58 59 60 61 62 63 64 37 38 39 40 41 31 32 33 65 66 67 68 57 58 59 60 61 69 70 71 72 73 74 75 76 77 78 79 80 81 42 43 44 82 83 84 34 35 36 45 46 47 48 49 69 85 86 87 88 77 78 79 80 81 3 4 5 6 7 8 89 90 91 62 63 64 92 93 94 95 96 97 98 99 98 99 56 0 1 2 82 83 84 50 51 52 53 54 55 11 12 13 14 15 16 17 18 19 20 21 22 23 24 25 30 92 70 71 72 73 74 75 76 85 86 87 88 89 90 91 93 94 95 96 97 65 66 67 68 
52952
27
5 6 3 5 2 6 5 1 3 1 3 1 2 3 4 3 5 2 3 3 4 5 1 1 5 3 15 
53 25 27 20 53 9 22 38 48 25 16 10 9 20 28 4 38 39 12 18 47 25 52 15 39 41 9 
68 58 52 28 55 48 46 46 66 55 28 15 14 41 69 56 64 64 22 44 64 33 63 60 47 56 58 
172 551 708 379 649 528 835 190 338 528 256 497 949 643 860 760 930 360 315 754 823 753 871 650 152 634 251 
15 15 15 5 5 5 5 5 5 12 12 26 26 26 26 26 26 26 26 26 26 26 26 26 26 26 11 18 18 18 12 12 11 23 10 10 10 19 19 19 3 3 3 3 3 13 13 13 6 6 6 6 6 18 18 18 1 1 1 1 1 1 9 21 21 21 21 21 2 2 2 3 3 3 3 3 10 10 10 14 14 14 14 21 21 21 21 21 7 16 16 16 16 16 17 17 24 24 24 24 24 13 13 13 25 25 25 19 19 19 6 6 6 6 6 7 20 20 20 20 24 24 24 24 24 5 5 5 5 5 5 8 8 8 2 2 2 22 0 0 0 0 0 4 4 4 4 9 15 15 15 25 25 25 1 1 1 1 1 1 26 26 26 26 26 26 26 26 26 26 26 26 26 26 26 23 22 16 16 16 16 16 17 17 20 20 20 20 8 8 8 0 0 0 0 0 14 14 14 14 