443
100
2
1 1 2 2 2 2 2 4 4 4 4 4 4 4 4 4 5 5 5 5 5 5 5 5 5 5 5 5 5 5 6 6 6 6 6 7 7 7 7 8 8 8 8 9 9 9 9 9 9 9 9 9 9 9 9 9 9 9 10 10 10 14 14 14 15 15 15 15 15 15 15 15 16 16 16 16 16 16 16 16 16 16 16 16 16 16 16 19 19 19 19 19 19 20 20 20 20 20 21 21 21 21 21 25 25 25 25 25 25 25 25 25 25 25 25 35 35 35 39 39 39 39 41 41 44 44 44 46 47 47 47 48 48 48 48 50 50 50 52 52 52 55 55 57 57 57 57 57 57 57 57 57 58 58 58 58 60 60 61 61 61 61 61 63 63 63 63 65 65 65 65 65 65 66 66 66 66 66 66 66 66 66 67 67 67 67 67 67 67 67 69 69 69 69 69 69 69 69 69 69 
150 151 106 107 108 109 110 185 186 187 188 189 39 40 41 42 167 182 183 184 152 153 154 155 25 24 27 26 29 28 168 169 170 171 172 163 164 165 166 12 13 14 15 72 73 74 75 76 77 78 79 80 81 82 83 84 85 86 173 174 175 103 104 105 124 125 126 191 192 193 194 195 43 44 45 46 47 48 49 50 51 52 53 54 55 56 57 176 177 178 179 180 181 158 159 160 161 162 145 146 147 148 149 61 62 63 2 3 4 5 6 196 197 198 199 128 129 130 131 132 133 134 143 144 64 65 66 190 115 116 117 118 119 120 121 138 139 140 135 136 137 156 157 122 123 98 99 100 101 102 0 1 20 21 22 23 141 142 93 94 95 96 97 35 36 37 38 16 30 31 32 33 34 58 59 60 87 88 89 90 91 92 17 18 19 7 8 9 10 11 127 67 68 69 70 71 111 112 113 114 
488 488 537 537 537 537 537 644 644 644 644 644 697 697 697 697 758 354 354 354 400 400 400 400 786 786 786 786 786 786 556 556 556 556 556 292 292 292 292 697 697 697 697 672 672 672 672 672 672 672 672 672 672 672 672 672 672 672 709 709 709 312 312 312 200 200 200 577 577 577 577 577 672 672 672 672 672 672 672 672 672 672 672 672 672 672 672 848 848 848 848 848 848 396 396 396 396 396 605 605 605 605 605 312 312 312 537 537 537 537 537 940 940 940 940 612 612 612 740 740 740 740 561 561 200 200 200 577 612 612 612 740 740 740 740 232 232 232 232 232 232 601 601 561 561 605 605 605 605 605 488 488 400 400 400 400 601 601 396 396 396 396 396 292 292 292 292 758 556 556 556 556 556 709 709 709 848 848 848 848 848 848 354 354 354 644 644 644 644 644 577 577 577 577 577 577 940 940 940 940 
0 1 2 3 4 5 6 7 8 9 10 11 12 13 14 15 16 17 18 19 20 21 22 23 24 24 25 25 26 26 27 28 29 30 31 32 33 34 35 12 13 14 15 36 37 38 39 40 41 42 43 44 45 46 47 48 49 50 51 52 53 54 55 56 57 58 59 60 61 62 63 64 36 37 38 39 40 41 42 43 44 45 46 47 48 49 50 65 66 67 68 69 70 71 72 73 74 75 76 77 78 79 80 54 55 56 2 3 4 5 6 81 82 83 84 85 86 87 88 89 90 91 92 93 57 58 59 94 85 86 87 88 89 90 91 95 96 97 95 96 97 98 99 92 93 76 77 78 79 80 0 1 20 21 22 23 98 99 71 72 73 74 75 32 33 34 35 16 27 28 29 30 31 51 52 53 65 66 67 68 69 70 17 18 19 7 8 9 10 11 94 60 61 62 63 64 81 82 83 84 
58269
25
3 1 3 4 3 2 3 3 5 1 3 2 4 4 5 5 5 5 3 5 2 4 4 6 15 
14 5 5 5 35 55 10 50 20 46 15 41 7 39 21 4 15 2 5 6 1 25 4 19 9 
25 65 67 58 47 60 66 52 61 69 44 57 63 48 57 67 69 25 5 65 57 69 8 66 16 
312 758 354 400 612 601 709 232 396 577 200 561 292 740 605 644 577 537 786 556 488 940 697 848 672 
20 20 17 17 17 17 17 15 15 15 15 15 22 22 22 22 1 2 2 2 3 3 3 3 18 18 18 18 18 18 19 19 19 19 19 12 12 12 12 22 22 22 22 24 24 24 24 24 24 24 24 24 24 24 24 24 24 24 6 6 6 0 0 0 10 10 10 16 16 16 16 16 24 24 24 24 24 24 24 24 24 24 24 24 24 24 24 23 23 23 23 23 23 8 8 8 8 8 14 14 14 14 14 0 0 0 17 17 17 17 17 21 21 21 21 4 4 4 13 13 13 13 11 11 10 10 10 9 4 4 4 13 13 13 13 7 7 7 7 7 7 5 5 11 11 14 14 14 14 14 20 20 3 3 3 3 5 5 8 8 8 8 8 12 12 12 12 1 19 19 19 19 19 6 6 6 23 23 23 23 23 23 2 2 2 15 15 15 15 15 9 16 16 16 16 16 21 21 21 21 