218
100
2
1 1 1 1 1 1 1 1 1 1 1 1 1 1 1 1 1 1 1 1 1 4 8 8 15 15 15 15 15 15 15 15 15 15 15 15 15 15 15 15 18 18 18 18 18 18 18 18 19 19 19 19 19 21 21 21 23 23 23 23 24 24 24 24 29 29 29 29 29 33 33 33 33 33 33 34 34 35 35 35 35 35 35 35 35 35 36 36 37 37 39 39 39 39 39 39 39 39 39 39 39 39 41 41 41 41 41 43 43 43 43 43 43 44 44 44 44 44 44 44 44 45 45 50 50 50 50 50 50 50 50 51 51 51 51 51 51 53 53 56 56 56 56 56 58 58 58 58 58 58 58 58 58 58 58 58 58 58 58 58 59 59 59 59 59 59 60 60 62 62 62 62 62 62 62 62 62 62 64 64 64 64 64 64 67 67 67 67 67 67 68 68 68 68 68 68 70 70 70 70 
40 41 42 43 44 24 25 26 27 28 29 30 31 32 33 34 35 36 37 38 39 102 88 89 5 6 7 8 9 10 11 12 13 14 15 16 17 18 19 20 0 1 2 3 4 141 142 143 90 91 92 93 94 168 169 170 65 66 67 68 133 134 135 136 184 56 57 58 59 77 78 79 113 114 115 129 130 69 70 71 123 124 125 126 127 128 198 199 22 23 48 49 50 51 52 137 138 185 186 187 188 189 21 156 157 158 159 150 151 152 153 154 155 72 73 74 173 174 175 176 177 131 132 80 81 82 83 84 85 75 76 121 122 60 61 62 63 95 96 171 172 45 46 47 178 179 180 181 182 183 107 108 109 110 111 112 103 104 105 106 190 191 192 193 194 195 196 197 53 54 55 139 140 116 117 118 119 120 144 145 146 147 148 149 64 97 98 99 100 101 160 161 162 163 164 165 166 167 86 87 
889 889 889 889 889 371 371 371 371 371 371 371 371 371 371 371 371 371 371 371 371 497 677 677 371 371 371 371 371 371 371 371 371 371 371 371 371 371 371 371 889 889 889 889 889 717 717 717 974 974 974 974 974 815 815 815 454 454 454 454 326 326 326 326 822 454 454 454 454 606 606 606 749 749 749 320 320 606 606 606 650 650 650 650 650 650 577 577 677 677 974 974 974 974 974 160 160 281 281 281 281 281 497 975 975 975 975 903 903 903 903 903 903 749 749 749 617 617 617 617 617 272 272 650 650 650 650 650 650 320 320 272 272 326 326 326 326 160 160 389 389 717 717 717 618 618 618 618 618 618 903 903 903 903 903 903 975 975 975 975 466 466 466 466 466 466 779 779 815 815 815 389 389 617 617 617 617 617 618 618 618 618 618 618 822 281 281 281 281 281 466 466 466 466 466 466 779 779 577 577 
0 1 2 3 4 5 6 7 8 9 10 11 12 13 14 15 16 17 18 19 20 21 22 23 5 6 7 8 9 10 11 12 13 14 15 16 17 18 19 20 0 1 2 3 4 24 25 26 27 28 29 30 31 32 33 34 35 36 37 38 39 40 41 42 43 35 36 37 38 44 45 46 47 48 49 50 51 44 45 46 52 53 54 55 56 57 58 59 22 23 27 28 29 30 31 60 61 62 63 64 65 66 21 67 68 69 70 71 72 73 74 75 76 47 48 49 77 78 79 80 81 82 83 52 53 54 55 56 57 50 51 82 83 39 40 41 42 60 61 84 85 24 25 26 86 87 88 89 90 91 71 72 73 74 75 76 67 68 69 70 92 93 94 95 96 97 98 99 32 33 34 84 85 77 78 79 80 81 86 87 88 89 90 91 43 62 63 64 65 66 92 93 94 95 96 97 98 99 58 59 
58911
25
5 3 2 6 3 6 4 2 1 2 2 2 1 2 5 5 3 2 6 4 6 4 3 5 16 
19 33 45 58 21 35 24 39 29 8 56 34 4 60 39 1 33 36 43 41 59 23 18 44 1 
39 35 51 64 62 50 51 53 67 37 62 50 41 70 67 18 44 70 58 58 68 29 56 62 15 
974 606 272 618 815 650 326 160 822 677 389 320 497 779 281 889 749 577 903 975 466 454 717 617 371 
15 15 15 15 15 24 24 24 24 24 24 24 24 24 24 24 24 24 24 24 24 12 9 9 24 24 24 24 24 24 24 24 24 24 24 24 24 24 24 24 15 15 15 15 15 22 22 22 0 0 0 0 0 4 4 4 21 21 21 21 6 6 6 6 8 21 21 21 21 1 1 1 16 16 16 11 11 1 1 1 5 5 5 5 5 5 17 17 9 9 0 0 0 0 0 7 7 14 14 14 14 14 12 19 19 19 19 18 18 18 18 18 18 16 16 16 23 23 23 23 23 2 2 5 5 5 5 5 5 11 11 2 2 6 6 6 6 7 7 10 10 22 22 22 3 3 3 3 3 3 18 18 18 18 18 18 19 19 19 19 20 20 20 20 20 20 13 13 4 4 4 10 10 23 23 23 23 23 3 3 3 3 3 3 8 14 14 14 14 14 20 20 20 20 20 20 13 13 17 17 