897
100
2
2 2 2 2 2 2 5 5 9 9 9 9 9 9 9 9 9 10 10 10 10 15 15 15 15 15 15 15 15 15 19 19 19 19 19 19 19 19 19 19 21 21 21 21 21 21 21 21 21 21 21 21 21 21 21 21 21 23 23 23 23 27 27 27 27 27 27 27 31 31 31 31 31 31 31 31 32 32 32 33 33 33 33 33 33 33 33 33 33 33 33 33 33 33 33 34 34 34 34 38 38 38 38 38 38 38 38 38 42 42 42 42 42 42 42 43 43 45 45 46 46 46 46 46 46 46 46 46 47 47 47 47 47 47 47 47 47 47 47 47 47 47 47 47 47 47 47 47 48 48 48 48 48 48 48 48 48 48 48 48 48 49 49 49 50 50 50 50 50 50 50 50 50 50 50 50 50 54 54 54 56 56 59 59 59 61 61 61 61 61 61 61 61 61 62 62 62 62 62 62 
164 165 166 167 168 169 180 181 185 186 187 188 189 190 191 192 193 95 96 97 98 119 120 121 122 123 124 125 126 127 85 86 87 88 89 90 91 92 93 94 68 69 70 71 72 73 74 75 99 100 101 102 103 104 105 106 107 115 116 117 118 170 171 172 173 174 175 176 40 41 42 43 44 45 46 47 177 178 179 194 195 196 197 198 199 30 31 32 33 34 35 36 37 38 39 17 18 19 20 48 49 50 51 52 53 54 55 56 128 129 130 131 132 133 134 57 58 59 60 21 22 23 24 25 26 27 28 29 108 109 110 111 112 113 114 148 149 150 151 152 153 154 155 156 157 158 159 160 135 136 137 138 139 140 141 142 143 144 145 146 147 182 183 184 0 1 2 3 4 5 61 62 63 64 65 66 67 76 77 78 6 7 161 162 163 8 9 10 11 12 13 14 15 16 79 80 81 82 83 84 
375 375 375 375 375 375 860 860 645 645 645 645 645 645 645 645 645 713 713 713 713 584 584 584 584 584 584 584 584 584 533 533 533 533 533 533 533 533 533 533 331 331 331 331 331 331 331 331 922 922 922 922 922 922 922 922 922 645 645 900 900 494 494 494 494 494 494 494 331 331 331 331 331 331 331 331 848 848 848 251 251 251 251 251 251 533 533 533 533 533 533 533 533 533 533 713 713 713 713 922 922 922 922 922 922 922 922 922 666 666 666 666 666 666 666 645 645 900 900 584 584 584 584 584 584 584 584 584 666 666 666 666 666 666 666 387 387 387 387 387 387 387 387 387 387 387 387 387 387 387 387 387 387 387 387 387 387 387 387 387 387 608 608 608 375 375 375 375 375 375 494 494 494 494 494 494 494 848 848 848 860 860 608 608 608 645 645 645 645 645 645 645 645 645 251 251 251 251 251 251 
0 1 2 3 4 5 6 7 8 9 10 11 12 13 14 15 16 17 18 19 20 21 22 23 24 25 26 27 28 29 30 31 32 33 34 35 36 37 38 39 40 41 42 43 44 45 46 47 48 49 50 51 52 53 54 55 56 57 58 59 60 61 62 63 64 65 66 67 40 41 42 43 44 45 46 47 68 69 70 71 72 73 74 75 76 30 31 32 33 34 35 36 37 38 39 17 18 19 20 48 49 50 51 52 53 54 55 56 77 78 79 80 81 82 83 57 58 59 60 21 22 23 24 25 26 27 28 29 77 78 79 80 81 82 83 84 85 86 87 88 89 90 91 92 93 94 95 96 84 85 86 87 88 89 90 91 92 93 94 95 96 97 98 99 0 1 2 3 4 5 61 62 63 64 65 66 67 68 69 70 6 7 97 98 99 8 9 10 11 12 13 14 15 16 71 72 73 74 75 76 
56274
16
6 8 9 7 9 6 9 4 7 3 2 2 10 3 2 13 
33 21 15 42 21 2 9 10 27 32 5 23 19 49 23 47 
62 31 46 47 38 50 61 34 50 54 56 43 33 59 45 48 
251 331 584 666 922 375 645 713 494 848 860 645 533 608 900 387 
5 5 5 5 5 5 10 10 6 6 6 6 6 6 6 6 6 7 7 7 7 2 2 2 2 2 2 2 2 2 12 12 12 12 12 12 12 12 12 12 1 1 1 1 1 1 1 1 4 4 4 4 4 4 4 4 4 11 11 14 14 8 8 8 8 8 8 8 1 1 1 1 1 1 1 1 9 9 9 0 0 0 0 0 0 12 12 12 12 12 12 12 12 12 12 7 7 7 7 4 4 4 4 4 4 4 4 4 3 3 3 3 3 3 3 11 11 14 14 2 2 2 2 2 2 2 2 2 3 3 3 3 3 3 3 15 15 15 15 15 15 15 15 15 15 15 15 15 15 15 15 15 15 15 15 15 15 15 15 15 15 13 13 13 5 5 5 5 5 5 8 8 8 8 8 8 8 9 9 9 10 10 13 13 13 6 6 6 6 6 6 6 6 6 0 0 0 0 0 0 