65
100
2
1 1 1 1 2 2 2 2 4 4 4 4 4 4 4 4 4 4 4 4 4 4 4 5 5 5 5 5 5 5 5 5 5 5 6 6 6 6 6 6 6 6 7 7 7 7 7 8 9 9 9 9 9 9 9 11 11 11 11 11 11 11 11 11 12 12 12 12 12 12 12 12 12 12 12 12 12 12 12 12 12 12 12 12 12 12 13 14 14 16 17 17 17 17 20 20 20 20 22 22 23 23 23 25 25 25 25 25 26 26 26 29 29 32 32 32 35 35 35 37 37 37 37 37 38 38 38 38 38 40 42 42 42 42 44 44 45 45 45 45 45 49 49 49 49 51 51 51 52 52 54 54 54 54 54 54 54 56 56 56 56 56 60 60 60 63 63 63 63 63 63 63 63 63 65 65 65 65 65 65 68 68 68 69 69 69 69 69 69 69 69 69 69 69 69 69 69 69 69 69 
154 155 156 111 187 188 189 190 71 72 73 74 75 76 77 78 79 80 81 82 83 84 85 134 135 165 166 167 168 169 149 108 109 110 130 131 132 133 90 91 92 93 59 60 61 62 63 112 158 159 160 161 180 181 182 150 151 152 153 42 43 44 45 46 124 125 126 127 128 117 118 8 9 10 11 12 13 14 15 16 17 18 19 20 21 22 148 88 87 129 38 39 40 41 183 184 185 186 178 179 113 114 115 136 137 138 139 140 31 32 33 3 47 100 101 102 157 69 70 191 192 193 194 195 64 65 66 67 68 89 34 35 36 37 23 24 103 104 105 106 107 174 175 176 177 162 163 164 86 30 55 56 57 58 0 1 2 116 48 49 50 51 145 146 147 25 26 27 28 29 196 197 198 199 141 142 143 144 98 99 52 53 54 94 95 96 97 4 5 6 7 119 120 121 122 123 170 171 172 173 
924 924 924 710 661 661 661 661 237 237 237 237 237 237 237 237 237 237 237 237 237 237 237 566 566 767 767 767 767 767 528 628 628 628 987 987 987 987 584 584 584 584 400 400 400 400 400 362 701 701 701 701 741 741 741 863 863 863 863 400 400 400 400 400 802 802 802 802 802 443 443 237 237 237 237 237 237 237 237 237 237 237 237 237 237 237 836 249 249 907 584 584 584 584 803 803 803 803 571 571 718 718 718 432 432 432 432 432 628 628 628 710 362 718 718 718 383 443 443 495 495 495 495 495 802 802 802 802 802 907 987 987 987 987 566 566 432 432 432 432 432 779 779 779 779 496 496 496 836 528 863 863 863 863 924 924 924 383 701 701 701 701 496 496 496 767 767 767 767 767 411 411 411 411 779 779 779 779 571 571 741 741 741 803 803 803 803 661 661 661 661 495 495 495 495 495 411 411 411 411 
0 1 2 3 4 5 6 7 8 9 10 11 12 13 14 15 16 17 18 19 20 21 22 23 24 25 26 27 28 29 30 31 32 33 34 35 36 37 38 39 40 41 42 43 44 45 46 47 48 49 50 51 52 53 54 55 56 57 58 42 43 44 45 46 59 60 61 62 63 64 65 8 9 10 11 12 13 14 15 16 17 18 19 20 21 22 66 67 67 68 38 39 40 41 69 70 71 72 73 74 75 76 77 78 79 80 81 82 31 32 33 3 47 75 76 77 83 64 65 84 85 86 87 88 59 60 61 62 63 68 34 35 36 37 23 24 78 79 80 81 82 89 90 91 92 93 94 95 66 30 55 56 57 58 0 1 2 83 48 49 50 51 93 94 95 25 26 27 28 29 96 97 98 99 89 90 91 92 73 74 52 53 54 69 70 71 72 4 5 6 7 84 85 86 87 88 96 97 98 99 
58847
29
3 1 4 4 1 2 1 1 4 5 5 5 4 3 5 3 2 4 1 2 4 3 4 3 5 1 4 1 15 
51 13 11 49 35 5 16 14 9 25 7 12 20 1 5 9 12 6 5 22 2 5 6 23 37 1 63 8 4 
60 52 54 65 56 44 40 14 56 45 11 38 69 54 63 68 35 42 52 65 69 26 17 32 69 29 69 29 12 
496 836 863 779 383 566 907 249 701 432 400 802 803 924 767 741 443 987 528 571 661 628 584 718 495 710 411 362 237 
13 13 13 25 20 20 20 20 28 28 28 28 28 28 28 28 28 28 28 28 28 28 28 5 5 14 14 14 14 14 18 21 21 21 17 17 17 17 22 22 22 22 10 10 10 10 10 27 8 8 8 8 15 15 15 2 2 2 2 10 10 10 10 10 11 11 11 11 11 16 16 28 28 28 28 28 28 28 28 28 28 28 28 28 28 28 1 7 7 6 22 22 22 22 12 12 12 12 19 19 23 23 23 9 9 9 9 9 21 21 21 25 27 23 23 23 4 16 16 24 24 24 24 24 11 11 11 11 11 6 17 17 17 17 5 5 9 9 9 9 9 3 3 3 3 0 0 0 1 18 2 2 2 2 13 13 13 4 8 8 8 8 0 0 0 14 14 14 14 14 26 26 26 26 3 3 3 3 19 19 15 15 15 12 12 12 12 20 20 20 20 24 24 24 24 24 26 26 26 26 