428
100
2
5 5 6 6 6 6 6 6 6 6 6 6 6 12 12 12 14 14 14 14 14 14 14 14 14 14 14 14 14 18 18 18 18 18 18 18 18 18 20 20 20 20 21 21 21 21 21 21 21 21 21 21 21 21 21 24 24 24 24 24 24 24 24 26 26 36 36 36 36 36 36 36 36 36 36 36 36 36 37 37 37 37 38 38 40 40 40 40 44 44 44 44 44 44 46 46 46 46 46 46 48 48 50 50 50 50 50 51 51 51 51 51 51 51 51 55 55 55 56 56 56 56 56 56 56 57 57 57 57 59 59 59 59 59 59 59 59 59 59 59 59 64 64 64 64 64 64 64 64 64 64 64 64 64 64 64 64 64 64 64 64 64 64 64 64 64 68 68 68 68 68 68 68 68 69 69 69 69 69 69 69 69 69 69 69 70 70 70 70 70 70 70 70 70 70 70 70 70 70 70 
82 83 189 190 191 192 193 194 195 196 197 198 199 115 116 117 42 43 44 45 46 166 167 168 169 170 171 172 173 185 186 187 188 161 162 163 164 165 78 79 80 81 16 17 18 19 20 55 56 57 58 59 60 61 62 47 48 49 50 51 52 53 54 100 101 118 119 120 121 122 123 124 88 89 90 91 92 93 38 39 40 41 0 1 125 126 127 128 72 73 74 75 76 77 174 175 176 177 178 179 63 64 180 181 182 183 184 149 150 151 152 153 154 155 156 13 14 15 65 66 67 68 69 70 71 84 85 86 87 141 142 143 144 145 146 147 148 157 158 159 160 129 130 131 132 133 134 135 136 107 108 109 110 111 112 113 114 137 138 139 140 33 34 35 36 37 21 22 23 24 25 26 27 28 94 95 96 97 98 99 102 103 104 105 106 29 30 31 32 2 3 4 5 6 7 8 9 10 11 12 
258 258 281 281 281 281 281 281 281 281 281 281 281 495 495 495 872 872 872 872 872 822 822 822 822 822 822 822 822 353 353 353 353 437 437 437 437 437 559 559 559 559 872 872 872 872 872 542 542 542 542 542 542 542 542 542 542 542 542 542 542 542 542 308 308 164 164 164 164 164 164 164 946 946 946 946 946 946 559 559 559 559 258 258 183 183 183 183 946 946 946 946 946 946 296 296 296 296 296 296 308 308 535 535 535 535 535 538 538 538 538 538 538 538 538 495 495 495 164 164 164 164 164 164 164 183 183 183 183 631 631 631 631 631 631 631 631 502 502 502 502 631 631 631 631 631 631 631 631 538 538 538 538 538 538 538 538 502 502 502 502 437 437 437 437 437 822 822 822 822 822 822 822 822 296 296 296 296 296 296 535 535 535 535 535 353 353 353 353 281 281 281 281 281 281 281 281 281 281 281 
0 1 2 3 4 5 6 7 8 9 10 11 12 13 14 15 16 17 18 19 20 21 22 23 24 25 26 27 28 29 30 31 32 33 34 35 36 37 38 39 40 41 16 17 18 19 20 42 43 44 45 46 47 48 49 42 43 44 45 46 47 48 49 50 51 52 53 54 55 56 57 58 59 60 61 62 63 64 38 39 40 41 0 1 65 66 67 68 59 60 61 62 63 64 69 70 71 72 73 74 50 51 75 76 77 78 79 80 81 82 83 84 85 86 87 13 14 15 52 53 54 55 56 57 58 65 66 67 68 88 89 90 91 92 93 94 95 96 97 98 99 88 89 90 91 92 93 94 95 80 81 82 83 84 85 86 87 96 97 98 99 33 34 35 36 37 21 22 23 24 25 26 27 28 69 70 71 72 73 74 75 76 77 78 79 29 30 31 32 2 3 4 5 6 7 8 9 10 11 12 
50180
18
5 8 4 8 6 7 6 8 5 3 4 2 2 4 8 5 4 11 
14 59 18 51 46 36 36 21 50 12 40 26 5 59 14 18 20 6 
21 64 70 64 69 56 44 24 69 55 57 48 38 64 68 64 37 70 
872 631 353 538 296 164 946 542 535 495 183 308 258 502 822 437 559 281 
12 12 17 17 17 17 17 17 17 17 17 17 17 9 9 9 0 0 0 0 0 14 14 14 14 14 14 14 14 2 2 2 2 15 15 15 15 15 16 16 16 16 0 0 0 0 0 7 7 7 7 7 7 7 7 7 7 7 7 7 7 7 7 11 11 5 5 5 5 5 5 5 6 6 6 6 6 6 16 16 16 16 12 12 10 10 10 10 6 6 6 6 6 6 4 4 4 4 4 4 11 11 8 8 8 8 8 3 3 3 3 3 3 3 3 9 9 9 5 5 5 5 5 5 5 10 10 10 10 1 1 1 1 1 1 1 1 13 13 13 13 1 1 1 1 1 1 1 1 3 3 3 3 3 3 3 3 13 13 13 13 15 15 15 15 15 14 14 14 14 14 14 14 14 4 4 4 4 4 4 8 8 8 8 8 2 2 2 2 17 17 17 17 17 17 17 17 17 17 17 