391
100
2
1 1 1 1 1 1 1 1 1 1 3 3 3 6 6 6 6 6 6 7 7 7 7 7 7 8 8 8 9 9 9 9 10 10 10 10 10 10 10 10 10 11 11 11 11 11 11 12 12 12 12 12 12 12 12 16 16 17 19 19 19 19 19 19 19 19 19 19 19 19 19 19 19 19 19 19 19 19 19 19 19 19 19 20 20 21 21 21 21 24 24 24 24 24 24 24 24 26 26 26 26 26 26 26 28 28 28 28 28 28 28 32 32 33 33 33 33 33 33 38 38 38 38 38 38 38 39 39 39 39 39 39 39 39 39 39 39 39 39 39 39 39 39 42 42 42 43 43 45 45 45 45 45 46 46 46 46 46 46 46 46 46 46 46 46 47 47 47 47 47 50 50 50 57 57 57 57 57 57 57 57 57 59 59 59 59 63 63 63 63 63 67 67 67 67 67 67 69 69 69 
113 114 115 193 194 195 196 170 171 172 116 117 118 47 48 49 50 51 52 41 42 43 44 45 46 32 33 34 182 183 184 185 25 26 27 60 61 62 63 64 65 19 20 21 22 23 24 13 14 15 16 17 18 58 59 146 147 148 53 54 35 36 37 38 39 40 126 127 128 129 130 131 132 133 134 135 136 137 138 139 140 141 142 191 192 149 150 151 152 197 198 199 165 166 167 168 169 111 112 186 187 188 189 190 158 159 160 161 162 163 164 97 98 0 1 2 10 11 12 143 144 145 173 174 175 176 66 67 68 69 70 71 72 73 74 75 76 77 78 79 80 81 82 119 120 121 55 56 57 85 86 87 88 177 178 179 180 181 104 105 106 107 108 109 110 92 93 94 95 96 7 8 9 122 123 124 125 153 154 155 156 157 28 29 30 31 99 100 101 102 103 83 84 3 4 5 6 89 90 91 
598 598 598 964 964 964 964 759 759 759 289 289 289 789 789 789 789 789 789 688 688 688 688 688 688 378 378 378 578 578 578 578 378 378 378 996 996 996 996 996 996 688 688 688 688 688 688 789 789 789 789 789 789 210 210 220 220 711 210 210 996 996 996 996 996 996 225 225 225 225 225 225 225 225 225 225 225 225 225 225 225 225 225 761 761 997 997 997 997 376 376 376 340 340 340 340 340 877 877 613 613 613 613 613 336 336 336 336 336 336 336 877 877 598 598 598 289 289 289 916 916 916 336 336 336 336 225 225 225 225 225 225 225 225 225 225 225 225 225 225 225 225 225 916 916 916 220 220 711 997 997 997 997 909 909 909 909 909 336 336 336 336 336 336 336 340 340 340 340 340 759 759 759 336 336 336 336 909 909 909 909 909 578 578 578 578 613 613 613 613 613 761 761 964 964 964 964 376 376 376 
0 1 2 3 4 5 6 7 8 9 10 11 12 13 14 15 16 17 18 19 20 21 22 23 24 25 26 27 28 29 30 31 25 26 27 32 33 34 35 36 37 19 20 21 22 23 24 13 14 15 16 17 18 38 39 40 41 42 38 39 32 33 34 35 36 37 43 44 45 46 47 48 49 50 51 52 53 54 55 56 57 58 59 60 61 62 63 64 65 66 67 68 69 70 71 72 73 74 75 76 77 78 79 80 81 82 83 84 85 86 87 74 75 0 1 2 10 11 12 88 89 90 91 92 93 94 43 44 45 46 47 48 49 50 51 52 53 54 55 56 57 58 59 88 89 90 40 41 42 62 63 64 65 95 96 97 98 99 81 82 83 84 85 86 87 69 70 71 72 73 7 8 9 91 92 93 94 95 96 97 98 99 28 29 30 31 76 77 78 79 80 60 61 3 4 5 6 66 67 68 
56620
23
4 6 2 3 2 3 1 3 5 4 3 2 4 4 3 3 5 7 2 6 5 6 17 
9 6 26 1 20 38 17 3 26 1 1 12 21 38 8 24 46 28 16 7 24 10 19 
59 12 32 33 67 42 45 33 63 67 50 19 45 57 10 69 57 46 43 11 47 19 39 
578 789 877 598 761 916 711 289 613 964 759 210 997 336 378 376 909 336 220 688 340 996 225 
3 3 3 9 9 9 9 10 10 10 7 7 7 1 1 1 1 1 1 19 19 19 19 19 19 14 14 14 0 0 0 0 14 14 14 21 21 21 21 21 21 19 19 19 19 19 19 1 1 1 1 1 1 11 11 18 18 6 11 11 21 21 21 21 21 21 22 22 22 22 22 22 22 22 22 22 22 22 22 22 22 22 22 4 4 12 12 12 12 15 15 15 20 20 20 20 20 2 2 8 8 8 8 8 17 17 17 17 17 17 17 2 2 3 3 3 7 7 7 5 5 5 13 13 13 13 22 22 22 22 22 22 22 22 22 22 22 22 22 22 22 22 22 5 5 5 18 18 6 12 12 12 12 16 16 16 16 16 17 17 17 17 17 17 17 20 20 20 20 20 10 10 10 13 13 13 13 16 16 16 16 16 0 0 0 0 8 8 8 8 8 4 4 9 9 9 9 15 15 15 