89
100
2
1 1 1 1 3 3 4 4 4 4 4 4 4 6 6 6 6 6 6 6 7 7 7 7 7 7 7 7 7 7 7 7 7 7 7 7 7 7 8 8 8 8 8 8 9 9 9 9 9 12 12 12 12 12 12 14 14 15 15 15 15 15 15 15 15 15 15 15 15 16 16 16 16 16 16 18 18 19 19 19 19 21 21 22 22 22 22 22 26 26 26 26 26 26 26 26 26 33 38 39 39 39 39 39 39 39 41 41 41 45 45 45 45 45 45 45 45 45 45 45 45 45 45 47 47 47 49 49 49 49 49 50 50 50 50 50 50 50 50 51 51 51 51 51 55 55 55 55 59 59 59 60 60 60 61 61 61 61 61 61 61 61 62 62 62 62 62 62 62 64 64 64 64 64 64 64 64 64 64 65 65 65 65 65 65 65 65 65 65 65 68 68 68 68 68 68 68 70 70 70 
51 52 53 54 81 82 191 192 193 194 195 196 153 169 170 171 172 173 174 175 144 145 146 147 109 110 111 112 113 114 115 116 117 118 119 120 121 122 156 157 158 159 160 161 83 84 85 86 87 75 76 0 1 2 3 162 163 183 184 185 186 187 188 189 164 165 166 167 168 133 134 135 136 137 138 49 50 179 180 181 182 4 5 44 45 46 47 48 99 100 101 102 103 104 105 176 177 131 178 88 89 90 91 92 93 94 148 149 150 24 25 26 27 28 29 30 31 32 33 34 35 36 37 197 198 199 139 140 141 142 143 97 190 69 70 71 72 73 74 126 127 128 129 130 20 21 22 23 106 107 108 154 155 12 151 152 38 39 40 41 42 43 55 56 64 65 66 67 68 13 14 15 16 17 18 19 95 96 98 77 78 79 80 57 58 59 60 61 62 63 132 6 7 8 9 10 11 123 124 125 
814 814 814 814 589 589 732 732 732 732 732 732 733 702 702 702 702 702 702 702 361 361 361 361 959 959 959 959 959 959 959 959 959 959 959 959 959 959 854 854 854 854 854 854 150 150 150 150 150 827 827 814 814 814 814 728 728 606 606 606 606 606 606 606 584 584 584 584 584 847 847 847 847 847 847 827 827 553 553 553 553 589 589 150 150 150 150 150 337 337 337 337 337 337 337 494 494 971 553 337 337 337 337 337 337 337 754 754 754 959 959 959 959 959 959 959 959 959 959 959 959 959 959 651 651 651 834 834 834 834 834 971 952 847 847 847 847 847 847 834 834 834 834 834 361 361 361 361 754 754 754 426 426 733 426 426 854 854 854 854 854 854 728 728 584 584 584 584 584 702 702 702 702 702 702 702 494 494 553 553 553 553 553 606 606 606 606 606 606 606 952 732 732 732 732 732 732 651 651 651 
0 1 2 3 4 5 6 7 8 9 10 11 12 13 14 15 16 17 18 19 20 21 22 23 24 25 26 27 28 29 30 31 32 33 34 35 36 37 38 39 40 41 42 43 44 45 46 47 48 49 50 0 1 2 3 51 52 53 54 55 56 57 58 59 60 61 62 63 64 65 66 67 68 69 70 49 50 71 72 73 74 4 5 44 45 46 47 48 75 76 77 78 79 80 81 82 83 84 85 75 76 77 78 79 80 81 86 87 88 24 25 26 27 28 29 30 31 32 33 34 35 36 37 89 90 91 92 93 94 95 96 84 97 65 66 67 68 69 70 92 93 94 95 96 20 21 22 23 86 87 88 98 99 12 98 99 38 39 40 41 42 43 51 52 60 61 62 63 64 13 14 15 16 17 18 19 82 83 85 71 72 73 74 53 54 55 56 57 58 59 97 6 7 8 9 10 11 89 90 91 
67843
24
4 2 4 3 1 5 1 2 2 6 7 2 7 7 5 2 6 1 3 5 1 4 6 14 
19 14 7 41 33 49 50 12 3 4 26 60 6 15 9 26 8 4 47 15 38 1 16 7 
65 62 55 59 50 51 68 18 21 68 39 61 64 65 22 64 61 60 70 62 64 12 50 45 
553 728 361 754 971 834 952 827 589 732 337 426 702 606 150 494 854 733 651 584 553 814 847 959 
21 21 21 21 8 8 9 9 9 9 9 9 17 12 12 12 12 12 12 12 2 2 2 2 23 23 23 23 23 23 23 23 23 23 23 23 23 23 16 16 16 16 16 16 14 14 14 14 14 7 7 21 21 21 21 1 1 13 13 13 13 13 13 13 19 19 19 19 19 22 22 22 22 22 22 7 7 0 0 0 0 8 8 14 14 14 14 14 10 10 10 10 10 10 10 15 15 4 20 10 10 10 10 10 10 10 3 3 3 23 23 23 23 23 23 23 23 23 23 23 23 23 23 18 18 18 5 5 5 5 5 4 6 22 22 22 22 22 22 5 5 5 5 5 2 2 2 2 3 3 3 11 11 17 11 11 16 16 16 16 16 16 1 1 19 19 19 19 19 12 12 12 12 12 12 12 15 15 20 0 0 0 0 13 13 13 13 13 13 13 6 9 9 9 9 9 9 18 18 18 