984
100
2
7 9 9 9 9 9 9 11 11 11 11 11 11 11 11 11 11 11 11 11 11 11 11 11 11 11 11 11 11 12 12 12 12 12 12 12 15 16 16 16 19 19 19 19 19 19 19 19 19 19 19 19 19 19 19 19 19 19 19 19 19 19 19 19 19 21 21 21 21 22 22 24 24 24 26 28 30 30 30 30 30 30 30 30 30 30 30 32 34 34 35 35 35 35 35 35 35 35 35 35 35 35 35 35 35 37 37 37 37 37 39 39 39 39 39 39 40 40 42 42 42 42 42 42 42 42 44 44 44 46 46 46 46 46 48 48 48 53 53 54 54 54 54 54 54 55 55 55 55 57 57 57 58 59 60 60 60 60 60 60 60 61 61 61 61 61 63 63 63 63 63 63 63 63 64 64 64 64 67 67 68 68 68 68 68 69 69 69 69 70 70 70 70 70 70 70 70 70 70 70 
75 30 31 32 33 34 35 153 44 45 46 47 48 49 50 51 52 53 54 55 56 57 58 59 60 61 62 63 64 185 1 2 3 4 5 6 139 149 150 151 174 175 176 177 8 9 10 11 12 13 14 15 16 17 18 19 20 21 22 23 24 25 26 27 28 145 146 147 148 71 72 69 70 154 186 0 118 119 120 121 122 166 167 168 169 170 171 136 137 138 110 111 112 94 93 96 95 98 97 100 99 102 101 104 103 189 190 191 192 193 90 91 92 123 124 125 127 128 76 77 78 79 80 113 114 115 152 116 117 140 141 142 143 144 178 179 87 88 89 36 129 130 131 132 133 65 66 67 68 37 38 39 126 7 73 194 195 196 197 198 199 180 181 182 183 184 81 82 83 84 85 86 187 188 40 41 42 43 134 135 161 162 163 164 165 29 74 172 173 105 106 107 108 109 155 156 157 158 159 160 
980 621 621 621 621 621 621 448 517 517 517 517 517 517 517 517 517 517 517 517 517 517 517 517 517 517 517 517 517 935 621 621 621 621 621 621 505 702 702 702 156 156 156 156 517 517 517 517 517 517 517 517 517 517 517 517 517 517 517 517 517 517 517 517 517 384 384 384 384 297 297 297 297 602 694 980 556 556 556 556 556 599 599 599 599 599 599 509 530 530 458 458 458 220 220 220 220 220 220 220 220 220 220 220 220 535 535 535 535 535 458 458 458 191 191 191 604 604 556 556 556 556 556 191 191 191 867 604 604 859 859 859 859 859 869 869 509 530 530 505 859 859 859 859 859 384 384 384 384 702 702 702 867 448 602 317 317 317 317 317 317 295 295 295 295 295 599 599 599 599 599 599 347 347 156 156 156 156 869 869 295 295 295 295 295 935 694 347 347 535 535 535 535 535 317 317 317 317 317 317 
0 1 2 3 4 5 6 7 8 9 10 11 12 13 14 15 16 17 18 19 20 21 22 23 24 25 26 27 28 29 1 2 3 4 5 6 30 31 32 33 34 35 36 37 8 9 10 11 12 13 14 15 16 17 18 19 20 21 22 23 24 25 26 27 28 38 39 40 41 42 43 42 43 44 45 0 46 47 48 49 50 51 52 53 54 55 56 57 58 59 60 61 62 63 63 64 64 65 65 66 66 67 67 68 68 69 70 71 72 73 60 61 62 74 75 76 77 78 46 47 48 49 50 74 75 76 79 77 78 80 81 82 83 84 85 86 57 58 59 30 80 81 82 83 84 38 39 40 41 31 32 33 79 7 44 87 88 89 90 91 92 93 94 95 96 97 51 52 53 54 55 56 98 99 34 35 36 37 85 86 93 94 95 96 97 29 45 98 99 69 70 71 72 73 87 88 89 90 91 92 
49671
27
1 1 5 1 2 5 1 2 3 5 2 6 6 1 2 4 1 1 6 3 6 4 3 1 2 5 21 
11 15 37 12 34 30 26 48 35 61 22 30 35 32 63 21 7 24 9 39 60 19 16 44 40 46 11 
59 54 70 69 53 42 69 67 39 68 24 63 35 48 69 55 28 60 12 42 70 64 57 58 44 54 19 
448 505 535 935 530 556 694 869 458 295 297 599 220 509 347 384 980 602 621 191 317 156 702 867 604 859 517 
16 18 18 18 18 18 18 0 26 26 26 26 26 26 26 26 26 26 26 26 26 26 26 26 26 26 26 26 26 3 18 18 18 18 18 18 1 22 22 22 21 21 21 21 26 26 26 26 26 26 26 26 26 26 26 26 26 26 26 26 26 26 26 26 26 15 15 15 15 10 10 10 10 17 6 16 5 5 5 5 5 11 11 11 11 11 11 13 4 4 8 8 8 12 12 12 12 12 12 12 12 12 12 12 12 2 2 2 2 2 8 8 8 19 19 19 24 24 5 5 5 5 5 19 19 19 23 24 24 25 25 25 25 25 7 7 13 4 4 1 25 25 25 25 25 15 15 15 15 22 22 22 23 0 17 20 20 20 20 20 20 9 9 9 9 9 11 11 11 11 11 11 14 14 21 21 21 21 7 7 9 9 9 9 9 3 6 14 14 2 2 2 2 2 20 20 20 20 20 20 