803
100
2
1 1 1 1 1 1 1 1 1 1 1 1 1 1 1 1 1 1 1 1 1 1 1 1 1 1 1 1 4 4 4 4 4 4 4 4 4 5 5 5 5 5 8 8 8 8 12 12 13 13 13 14 14 14 14 14 14 15 15 15 16 16 17 17 17 17 17 17 17 17 20 20 20 20 20 22 22 22 22 24 24 24 24 24 24 24 24 32 32 32 32 32 33 33 33 35 35 35 41 41 41 42 42 42 42 42 42 42 42 42 42 44 44 44 45 45 45 45 48 48 48 48 50 50 50 53 53 53 53 53 53 55 55 56 56 56 56 56 56 57 57 57 57 58 58 58 58 58 58 58 59 59 59 59 59 59 61 61 61 61 61 63 63 63 63 63 63 63 63 63 63 63 63 63 63 63 63 63 63 63 67 67 67 67 67 67 67 69 69 69 69 70 70 70 70 70 70 70 70 70 
101 102 103 104 118 119 120 121 125 126 127 128 129 130 166 167 168 169 170 171 172 173 174 175 176 177 178 179 62 63 64 65 66 67 184 185 186 136 137 138 68 69 114 115 116 117 47 46 143 144 145 81 82 83 84 85 86 98 99 100 79 80 28 29 30 31 32 33 40 41 131 132 92 93 94 180 181 182 183 60 61 51 52 53 54 55 56 156 157 158 159 160 72 73 74 133 134 135 57 58 59 0 1 2 3 150 151 152 153 154 155 122 123 124 42 43 44 45 4 5 6 7 111 112 113 8 9 10 11 12 13 70 71 95 96 97 37 38 39 146 147 148 149 48 49 50 139 140 141 142 105 106 107 108 109 110 87 88 89 90 91 191 192 193 194 195 14 15 16 17 18 19 20 21 22 23 24 25 26 27 75 76 77 78 34 35 36 196 197 198 199 161 162 163 164 165 187 188 189 190 
775 775 775 775 703 703 703 703 618 618 618 618 618 618 663 663 663 663 663 663 663 663 663 663 663 663 663 663 569 569 569 569 569 569 438 438 438 253 253 253 727 727 176 176 176 176 806 806 943 943 943 778 778 778 778 778 778 258 258 258 218 218 569 569 569 569 569 569 727 727 676 676 658 658 658 480 480 480 480 218 218 778 778 778 778 778 778 539 539 539 539 539 658 658 658 717 717 717 258 258 258 775 775 775 775 477 477 477 477 477 477 332 332 332 176 176 176 176 703 703 703 703 332 332 332 618 618 618 618 618 618 676 676 717 717 717 253 253 253 615 615 615 615 943 943 943 615 615 615 615 477 477 477 477 477 477 539 539 539 539 539 956 956 956 956 956 663 663 663 663 663 663 663 663 663 663 663 663 663 663 480 480 480 480 438 438 438 337 337 337 337 956 956 956 956 956 337 337 337 337 
0 1 2 3 4 5 6 7 8 9 10 11 12 13 14 15 16 17 18 19 20 21 22 23 24 25 26 27 28 29 30 31 32 33 34 35 36 37 38 39 40 41 42 43 44 45 46 46 47 48 49 50 51 52 53 54 55 56 57 58 59 60 28 29 30 31 32 33 40 41 61 62 63 64 65 66 67 68 69 59 60 50 51 52 53 54 55 70 71 72 73 74 63 64 65 75 76 77 56 57 58 0 1 2 3 78 79 80 81 82 83 84 85 86 42 43 44 45 4 5 6 7 84 85 86 8 9 10 11 12 13 61 62 75 76 77 37 38 39 87 88 89 90 47 48 49 87 88 89 90 78 79 80 81 82 83 70 71 72 73 74 91 92 93 94 95 14 15 16 17 18 19 20 21 22 23 24 25 26 27 66 67 68 69 34 35 36 96 97 98 99 91 92 93 94 95 96 97 98 99 
58598
24
4 3 5 1 4 4 2 6 2 4 6 4 3 3 3 3 2 6 6 3 3 4 5 14 
22 35 63 12 69 1 16 4 20 1 1 8 44 5 15 13 5 14 42 4 20 57 32 1 
67 56 70 12 70 42 24 17 55 48 53 45 50 56 41 58 17 24 59 67 33 58 61 63 
480 717 956 806 337 775 218 569 676 703 618 176 332 253 258 943 727 778 477 438 658 615 539 663 
5 5 5 5 9 9 9 9 10 10 10 10 10 10 23 23 23 23 23 23 23 23 23 23 23 23 23 23 7 7 7 7 7 7 19 19 19 13 13 13 16 16 11 11 11 11 3 3 15 15 15 17 17 17 17 17 17 14 14 14 6 6 7 7 7 7 7 7 16 16 8 8 20 20 20 0 0 0 0 6 6 17 17 17 17 17 17 22 22 22 22 22 20 20 20 1 1 1 14 14 14 5 5 5 5 18 18 18 18 18 18 12 12 12 11 11 11 11 9 9 9 9 12 12 12 10 10 10 10 10 10 8 8 1 1 1 13 13 13 21 21 21 21 15 15 15 21 21 21 21 18 18 18 18 18 18 22 22 22 22 22 2 2 2 2 2 23 23 23 23 23 23 23 23 23 23 23 23 23 23 0 0 0 0 19 19 19 4 4 4 4 2 2 2 2 2 4 4 4 4 