799
100
2
2 2 2 2 2 5 5 5 5 5 5 5 5 5 5 5 5 6 6 6 6 6 6 6 6 6 6 6 6 6 6 6 6 6 6 6 6 6 6 6 6 6 6 6 6 6 6 6 6 6 6 10 10 10 10 10 10 10 10 10 10 10 10 10 13 13 13 13 13 13 17 17 17 17 17 17 17 17 17 17 17 17 18 18 18 18 18 18 18 18 18 18 18 18 18 18 20 20 20 20 20 25 25 25 25 25 25 25 25 25 25 25 25 25 25 25 25 25 25 27 27 27 27 27 27 27 27 27 27 29 29 29 29 29 29 29 29 29 29 30 30 30 30 30 30 30 30 30 30 30 30 30 30 30 32 32 32 32 32 32 35 35 37 37 37 37 47 47 47 47 47 47 47 47 47 47 47 47 47 47 47 47 47 47 47 47 49 49 49 49 69 69 69 69 69 69 69 69 69 69 
96 97 98 99 100 70 71 72 73 74 75 76 77 78 79 80 81 105 106 107 108 109 110 111 112 113 114 115 116 117 118 166 167 168 169 170 171 172 173 174 175 176 177 178 179 180 181 182 183 184 185 139 140 141 142 143 144 145 146 147 148 149 150 151 154 155 156 157 158 159 5 6 7 8 9 10 11 12 13 14 15 16 162 163 164 165 129 130 131 132 133 134 135 136 137 138 0 1 2 3 4 186 187 188 189 17 18 19 20 21 22 23 24 25 26 27 28 29 30 190 191 192 193 194 195 196 197 198 199 86 87 88 89 90 91 92 93 94 95 51 52 53 54 55 56 57 58 59 60 61 62 63 160 161 64 65 66 67 68 69 152 153 82 83 84 85 31 32 33 34 35 36 37 38 39 40 41 42 43 44 45 46 47 48 49 50 101 102 103 104 119 120 121 122 123 124 125 126 127 128 
887 887 887 887 887 159 159 159 159 159 159 159 159 159 159 159 159 695 695 695 695 695 695 695 695 695 695 695 695 695 695 645 645 645 645 645 645 645 645 645 645 645 645 645 645 645 645 645 645 645 645 272 272 272 272 272 272 272 272 272 272 272 272 272 909 909 909 909 909 909 159 159 159 159 159 159 159 159 159 159 159 159 734 734 734 734 557 557 557 557 557 557 557 557 557 557 887 887 887 887 887 780 780 780 780 695 695 695 695 695 695 695 695 695 695 695 695 695 695 512 512 512 512 512 512 512 512 512 512 557 557 557 557 557 557 557 557 557 557 272 272 272 272 272 272 272 272 272 272 272 272 272 372 372 909 909 909 909 909 909 372 372 734 734 734 734 645 645 645 645 645 645 645 645 645 645 645 645 645 645 645 645 645 645 645 645 780 780 780 780 512 512 512 512 512 512 512 512 512 512 
0 1 2 3 4 5 6 7 8 9 10 11 12 13 14 15 16 17 18 19 20 21 22 23 24 25 26 27 28 29 30 31 32 33 34 35 36 37 38 39 40 41 42 43 44 45 46 47 48 49 50 51 52 53 54 55 56 57 58 59 60 61 62 63 64 65 66 67 68 69 5 6 7 8 9 10 11 12 13 14 15 16 70 71 72 73 74 75 76 77 78 79 80 81 82 83 0 1 2 3 4 84 85 86 87 17 18 19 20 21 22 23 24 25 26 27 28 29 30 88 89 90 91 92 93 94 95 96 97 74 75 76 77 78 79 80 81 82 83 51 52 53 54 55 56 57 58 59 60 61 62 63 98 99 64 65 66 67 68 69 98 99 70 71 72 73 31 32 33 34 35 36 37 38 39 40 41 42 43 44 45 46 47 48 49 50 84 85 86 87 88 89 90 91 92 93 94 95 96 97 
55453
11
6 5 13 12 4 4 10 14 2 10 20 
13 2 10 5 18 25 18 6 30 27 6 
32 20 30 17 37 49 29 25 35 69 47 
909 887 272 159 734 780 557 695 372 512 645 
1 1 1 1 1 3 3 3 3 3 3 3 3 3 3 3 3 7 7 7 7 7 7 7 7 7 7 7 7 7 7 10 10 10 10 10 10 10 10 10 10 10 10 10 10 10 10 10 10 10 10 2 2 2 2 2 2 2 2 2 2 2 2 2 0 0 0 0 0 0 3 3 3 3 3 3 3 3 3 3 3 3 4 4 4 4 6 6 6 6 6 6 6 6 6 6 1 1 1 1 1 5 5 5 5 7 7 7 7 7 7 7 7 7 7 7 7 7 7 9 9 9 9 9 9 9 9 9 9 6 6 6 6 6 6 6 6 6 6 2 2 2 2 2 2 2 2 2 2 2 2 2 8 8 0 0 0 0 0 0 8 8 4 4 4 4 10 10 10 10 10 10 10 10 10 10 10 10 10 10 10 10 10 10 10 10 5 5 5 5 9 9 9 9 9 9 9 9 9 9 