901
100
2
2 2 2 2 7 8 9 9 9 9 11 11 11 12 12 15 15 15 15 15 16 16 16 16 16 16 16 17 17 17 18 18 18 18 18 19 19 19 19 19 21 23 23 23 24 24 24 24 24 24 24 24 24 24 24 24 24 28 28 28 28 28 29 29 29 29 29 29 29 29 29 29 29 29 29 29 31 31 31 31 31 31 31 31 31 31 31 31 31 31 32 32 32 32 32 33 33 33 33 34 34 35 35 35 35 35 35 36 37 37 37 37 37 41 41 41 44 44 44 45 45 45 45 45 46 46 46 46 46 46 46 48 48 48 48 48 49 49 49 49 52 52 52 52 52 52 53 53 53 54 54 54 54 54 56 56 56 56 56 56 57 57 57 60 60 60 60 60 60 60 60 60 60 60 60 60 62 62 62 62 62 62 62 62 62 62 62 63 67 67 67 67 68 68 68 68 69 69 69 69 
6 7 8 9 148 40 0 1 2 3 176 177 178 158 159 44 45 46 47 48 196 197 198 199 59 60 61 113 114 115 95 96 97 98 162 131 132 133 134 135 5 140 141 142 15 16 17 18 19 172 173 174 175 136 137 138 139 116 117 24 25 26 76 77 78 79 80 81 82 83 84 85 86 87 88 89 62 63 64 65 66 67 68 69 70 71 72 73 74 75 119 120 121 122 123 30 31 32 33 160 161 118 126 127 128 129 130 186 179 180 181 182 187 27 28 29 57 58 101 90 91 92 93 94 146 147 102 103 104 105 106 35 36 37 38 39 53 54 55 56 41 42 43 183 184 185 124 125 4 163 164 165 166 167 192 193 194 195 13 14 99 100 34 149 150 151 152 153 188 189 190 191 49 50 51 52 10 11 12 108 109 110 111 143 144 145 107 112 168 169 170 171 154 155 156 157 20 21 22 23 
154 154 154 154 379 844 154 154 154 154 796 796 796 995 995 932 932 932 932 932 170 170 170 170 467 467 467 484 484 484 637 637 637 637 473 629 629 629 629 629 844 657 657 657 932 932 932 932 932 729 729 729 729 161 161 161 161 521 521 467 467 467 874 874 874 874 874 874 874 874 874 874 874 874 874 874 874 874 874 874 874 874 874 874 874 874 874 874 874 874 458 458 458 458 458 637 637 637 637 740 740 912 333 333 333 333 333 272 297 297 297 297 706 484 484 484 521 521 912 458 458 458 458 458 343 343 333 333 333 333 333 629 629 629 629 629 161 161 161 161 657 657 657 549 549 549 343 343 379 734 734 734 734 734 473 473 473 473 995 995 740 740 473 734 734 734 734 734 887 887 887 887 729 729 729 729 796 796 796 297 297 297 297 549 549 549 272 706 887 887 887 887 473 473 473 473 170 170 170 170 
0 1 2 3 4 5 0 1 2 3 6 7 8 9 10 11 12 13 14 15 16 17 18 19 20 21 22 23 24 25 26 27 28 29 30 31 32 33 34 35 5 36 37 38 11 12 13 14 15 39 40 41 42 43 44 45 46 47 48 20 21 22 49 50 51 52 53 54 55 56 57 58 59 60 61 62 49 50 51 52 53 54 55 56 57 58 59 60 61 62 63 64 65 66 67 26 27 28 29 68 69 70 71 72 73 74 75 76 77 78 79 80 81 23 24 25 47 48 70 63 64 65 66 67 82 83 71 72 73 74 75 31 32 33 34 35 43 44 45 46 36 37 38 84 85 86 82 83 4 87 88 89 90 91 92 93 94 95 9 10 68 69 30 87 88 89 90 91 96 97 98 99 39 40 41 42 6 7 8 77 78 79 80 84 85 86 76 81 96 97 98 99 92 93 94 95 16 17 18 19 
59341
29
4 5 4 5 2 5 3 2 5 1 1 4 5 4 2 4 3 3 2 3 4 3 4 1 1 4 1 1 14 
2 15 16 54 28 19 17 46 32 8 35 60 35 56 34 24 16 11 12 23 37 52 18 7 37 24 36 18 29 
9 24 69 60 44 48 41 53 45 21 44 67 46 68 57 60 28 62 56 52 62 62 33 53 63 49 62 57 31 
154 932 170 734 521 629 484 343 458 844 912 887 333 473 740 729 467 796 995 657 297 549 637 379 706 161 272 473 874 
0 0 0 0 23 9 0 0 0 0 17 17 17 18 18 1 1 1 1 1 2 2 2 2 16 16 16 6 6 6 22 22 22 22 27 5 5 5 5 5 9 19 19 19 1 1 1 1 1 15 15 15 15 25 25 25 25 4 4 16 16 16 28 28 28 28 28 28 28 28 28 28 28 28 28 28 28 28 28 28 28 28 28 28 28 28 28 28 28 28 8 8 8 8 8 22 22 22 22 14 14 10 12 12 12 12 12 26 20 20 20 20 24 6 6 6 4 4 10 8 8 8 8 8 7 7 12 12 12 12 12 5 5 5 5 5 25 25 25 25 19 19 19 21 21 21 7 7 23 3 3 3 3 3 13 13 13 13 18 18 14 14 27 3 3 3 3 3 11 11 11 11 15 15 15 15 17 17 17 20 20 20 20 21 21 21 26 24 11 11 11 11 13 13 13 13 2 2 2 2 