603
100
2
5 5 5 5 5 5 6 6 6 6 6 6 6 6 7 7 7 7 7 7 7 7 7 7 7 7 8 8 8 8 8 8 9 9 9 9 9 9 9 9 10 11 11 11 11 11 11 11 11 11 11 11 11 11 11 11 11 11 11 13 14 14 14 14 20 20 20 20 20 21 21 21 21 24 24 24 24 24 24 24 24 26 29 29 29 32 32 32 32 32 32 32 32 34 34 34 37 37 37 41 42 42 42 43 43 43 43 43 43 44 44 44 44 44 44 44 44 44 44 44 44 44 44 44 44 44 44 45 45 45 46 47 47 47 47 47 47 47 47 47 47 47 47 49 50 50 50 50 50 50 51 51 51 51 51 51 53 53 53 53 54 54 54 54 54 55 55 55 55 55 55 60 60 60 60 64 64 64 64 64 64 65 65 65 65 65 65 66 66 66 66 66 68 68 68 68 68 68 69 69 
103 104 105 106 107 108 93 94 95 15 16 17 18 19 40 9 10 11 12 13 150 151 152 153 154 155 144 145 146 147 148 149 33 32 35 34 37 36 39 38 14 109 110 111 112 113 114 115 116 117 118 119 120 121 122 123 124 125 126 130 73 74 75 76 165 166 167 168 169 171 172 173 174 60 61 62 63 156 157 158 159 170 96 97 98 198 199 137 138 139 140 141 142 6 7 8 82 83 84 143 127 128 129 0 1 2 3 4 5 41 42 43 44 45 46 47 48 49 50 51 52 53 54 55 56 57 58 100 101 102 59 181 182 183 184 185 186 87 88 89 90 91 92 99 26 27 28 29 30 31 20 21 22 23 24 25 77 78 79 80 187 188 189 190 191 64 65 66 67 68 81 69 70 71 72 192 193 194 195 196 197 131 132 133 134 135 136 160 161 162 163 164 175 176 177 178 179 180 85 86 
962 962 962 962 962 962 501 501 501 516 516 516 516 516 994 516 516 516 516 516 929 929 929 929 929 929 208 208 208 208 208 208 667 667 667 667 667 667 667 667 994 495 495 495 495 495 495 495 495 495 495 495 495 495 495 495 495 495 495 397 243 243 243 243 745 745 745 745 745 693 693 693 693 243 243 243 243 638 638 638 638 914 548 548 548 892 892 177 177 177 177 177 177 501 501 501 548 548 548 995 362 362 362 962 962 962 962 962 962 495 495 495 495 495 495 495 495 495 495 495 495 495 495 495 495 495 495 362 362 362 397 725 725 725 725 725 725 177 177 177 177 177 177 995 208 208 208 208 208 208 929 929 929 929 929 929 638 638 638 638 978 978 978 978 978 745 745 745 745 745 914 693 693 693 693 151 151 151 151 151 151 725 725 725 725 725 725 978 978 978 978 978 151 151 151 151 151 151 892 892 
0 1 2 3 4 5 6 7 8 9 10 11 12 13 14 9 10 11 12 13 15 16 17 18 19 20 21 22 23 24 25 26 27 27 28 28 29 29 30 30 14 31 32 33 34 35 36 37 38 39 40 41 42 43 44 45 46 47 48 49 50 51 52 53 54 55 56 57 58 59 60 61 62 50 51 52 53 63 64 65 66 67 68 69 70 71 72 73 74 75 76 77 78 6 7 8 68 69 70 79 80 81 82 0 1 2 3 4 5 31 32 33 34 35 36 37 38 39 40 41 42 43 44 45 46 47 48 80 81 82 49 83 84 85 86 87 88 73 74 75 76 77 78 79 21 22 23 24 25 26 15 16 17 18 19 20 63 64 65 66 89 90 91 92 93 54 55 56 57 58 67 59 60 61 62 94 95 96 97 98 99 83 84 85 86 87 88 89 90 91 92 93 94 95 96 97 98 99 71 72 
57298
22
1 3 6 1 5 4 1 2 6 4 5 3 4 1 4 6 6 6 3 5 6 18 
7 42 47 13 20 21 26 32 64 14 54 29 24 41 9 5 32 8 6 6 7 11 
10 45 65 46 55 60 55 69 68 24 66 37 53 49 9 43 47 50 34 7 51 44 
994 362 725 397 745 693 914 892 151 243 978 548 638 995 667 962 177 208 501 516 929 495 
15 15 15 15 15 15 18 18 18 19 19 19 19 19 0 19 19 19 19 19 20 20 20 20 20 20 17 17 17 17 17 17 14 14 14 14 14 14 14 14 0 21 21 21 21 21 21 21 21 21 21 21 21 21 21 21 21 21 21 3 9 9 9 9 4 4 4 4 4 5 5 5 5 9 9 9 9 12 12 12 12 6 11 11 11 7 7 16 16 16 16 16 16 18 18 18 11 11 11 13 1 1 1 15 15 15 15 15 15 21 21 21 21 21 21 21 21 21 21 21 21 21 21 21 21 21 21 1 1 1 3 2 2 2 2 2 2 16 16 16 16 16 16 13 17 17 17 17 17 17 20 20 20 20 20 20 12 12 12 12 10 10 10 10 10 4 4 4 4 4 6 5 5 5 5 8 8 8 8 8 8 2 2 2 2 2 2 10 10 10 10 10 8 8 8 8 8 8 7 7 