789
100
2
3 3 3 3 3 3 3 3 3 3 3 5 5 5 5 5 5 7 7 7 7 7 7 7 7 7 7 7 7 7 7 7 7 7 7 7 7 7 18 18 18 18 18 18 20 20 20 20 20 20 22 22 22 22 22 22 22 22 22 22 22 26 26 26 26 26 27 27 27 27 27 27 27 27 27 27 28 28 28 28 28 28 29 29 29 29 29 29 30 30 30 30 30 30 30 30 30 31 33 33 33 33 33 33 33 33 33 34 34 34 34 37 37 37 37 37 37 37 38 38 39 39 39 39 39 39 39 44 44 44 44 44 44 44 44 44 44 44 44 44 44 47 48 48 48 48 48 52 52 52 52 52 52 52 52 52 52 54 54 54 54 54 54 55 55 55 55 55 55 55 55 55 55 55 55 55 55 58 58 58 58 59 59 59 59 59 59 59 61 64 64 64 64 64 64 68 68 68 68 68 
11 12 13 14 15 16 92 93 94 95 96 0 1 2 3 4 5 54 55 56 57 58 59 60 196 197 198 199 44 45 46 47 48 49 153 154 155 156 76 77 78 79 80 81 28 29 30 31 32 33 120 102 103 104 17 18 19 20 21 22 23 142 143 144 145 146 98 99 100 101 82 83 84 85 86 87 38 39 40 41 42 43 70 71 72 73 74 75 89 88 91 90 6 7 8 9 10 141 66 67 68 69 51 52 53 118 119 177 178 179 180 181 182 183 184 185 186 187 105 106 50 189 190 191 192 193 194 163 164 165 166 167 168 169 170 171 172 173 174 175 176 97 61 62 63 64 65 157 158 159 160 161 162 34 35 36 37 147 148 149 150 151 152 127 128 129 130 131 132 133 134 135 136 137 138 139 140 107 108 109 110 111 112 113 114 115 116 117 195 121 122 123 124 125 126 188 24 25 26 27 
539 539 539 539 539 539 206 206 206 206 206 539 539 539 539 539 539 618 618 618 618 618 618 618 226 226 226 226 484 484 484 484 484 484 656 656 656 656 765 765 765 765 765 765 484 484 484 484 484 484 912 332 332 332 618 618 618 618 618 618 618 486 486 486 486 486 357 357 357 357 532 532 532 532 532 532 765 765 765 765 765 765 532 532 532 532 532 532 775 775 775 775 206 206 206 206 206 631 357 357 357 357 332 332 332 926 926 833 833 833 833 350 350 350 350 350 350 350 926 926 912 504 504 504 504 504 504 800 800 800 800 800 800 800 800 800 800 800 800 800 800 631 486 486 486 486 486 898 898 898 898 898 898 656 656 656 656 898 898 898 898 898 898 800 800 800 800 800 800 800 800 800 800 800 800 800 800 833 833 833 833 350 350 350 350 350 350 350 450 504 504 504 504 504 504 450 226 226 226 226 
0 1 2 3 4 5 6 7 8 9 10 0 1 2 3 4 5 11 12 13 14 15 16 17 18 19 20 21 22 23 24 25 26 27 28 29 30 31 32 33 34 35 36 37 22 23 24 25 26 27 38 39 40 41 11 12 13 14 15 16 17 42 43 44 45 46 47 48 49 50 51 52 53 54 55 56 32 33 34 35 36 37 51 52 53 54 55 56 57 57 58 58 6 7 8 9 10 59 47 48 49 50 39 40 41 60 61 62 63 64 65 66 67 68 69 70 71 72 60 61 38 73 74 75 76 77 78 79 80 81 82 83 84 85 86 87 88 89 90 91 92 59 42 43 44 45 46 93 94 95 96 97 98 28 29 30 31 93 94 95 96 97 98 79 80 81 82 83 84 85 86 87 88 89 90 91 92 62 63 64 65 66 67 68 69 70 71 72 99 73 74 75 76 77 78 99 18 19 20 21 
58447
21
1 6 4 5 6 2 4 6 6 5 6 1 3 7 7 1 4 2 6 4 14 
22 52 34 26 3 30 27 27 39 3 18 61 22 7 37 31 7 33 7 7 44 
39 54 58 48 5 30 33 29 64 30 28 68 33 22 59 47 68 38 20 52 55 
912 898 833 486 539 775 357 532 504 206 765 450 332 618 350 631 226 926 484 656 800 
4 4 4 4 4 4 9 9 9 9 9 4 4 4 4 4 4 13 13 13 13 13 13 13 16 16 16 16 18 18 18 18 18 18 19 19 19 19 10 10 10 10 10 10 18 18 18 18 18 18 0 12 12 12 13 13 13 13 13 13 13 3 3 3 3 3 6 6 6 6 7 7 7 7 7 7 10 10 10 10 10 10 7 7 7 7 7 7 5 5 5 5 9 9 9 9 9 15 6 6 6 6 12 12 12 17 17 2 2 2 2 14 14 14 14 14 14 14 17 17 0 8 8 8 8 8 8 20 20 20 20 20 20 20 20 20 20 20 20 20 20 15 3 3 3 3 3 1 1 1 1 1 1 19 19 19 19 1 1 1 1 1 1 20 20 20 20 20 20 20 20 20 20 20 20 20 20 2 2 2 2 14 14 14 14 14 14 14 11 8 8 8 8 8 8 11 16 16 16 16 