846
100
2
1 1 1 1 1 1 6 6 6 6 6 6 6 6 6 7 7 7 7 7 7 7 7 7 7 7 7 7 7 7 8 8 8 8 8 8 8 8 8 8 10 10 10 10 19 19 19 19 19 19 20 20 20 20 22 22 22 22 22 22 22 22 22 22 22 22 24 24 24 25 25 25 25 33 33 33 33 33 33 33 34 34 34 34 34 34 34 34 34 34 34 34 34 34 34 34 34 38 38 38 38 38 40 40 40 40 40 42 42 42 42 45 45 45 45 50 50 50 50 50 50 54 54 54 54 54 54 56 56 56 56 56 56 56 56 56 56 56 56 56 56 58 58 58 58 58 58 58 58 58 58 58 58 58 58 60 60 60 60 60 60 61 61 61 61 61 61 62 62 62 62 62 64 64 64 64 64 66 66 66 66 66 66 66 66 67 67 67 67 67 67 67 67 68 68 68 68 68 70 70 
44 45 46 47 48 49 57 58 59 60 61 62 63 64 65 40 41 42 43 121 122 123 124 125 126 172 173 174 175 176 87 88 89 90 91 92 93 94 95 96 15 16 17 18 0 1 2 3 4 5 69 70 71 72 66 67 68 6 7 8 9 10 11 12 13 14 54 55 56 50 51 52 53 134 135 136 137 138 139 140 127 128 129 130 131 132 133 30 31 32 33 34 35 36 37 38 39 193 194 195 196 197 188 189 190 191 192 111 112 113 114 107 108 109 110 155 156 157 158 159 160 19 20 21 22 23 24 80 81 82 83 84 85 86 73 74 75 76 77 78 79 177 178 179 180 181 182 183 184 161 162 163 164 165 166 115 116 117 118 119 120 149 150 151 152 153 154 185 186 187 198 199 25 26 27 28 29 141 142 143 144 145 146 147 148 167 168 169 102 103 104 105 106 97 98 99 100 101 170 171 
442 442 442 442 442 442 747 747 747 747 747 747 747 747 747 389 389 389 389 857 857 857 857 857 857 419 419 419 419 419 685 685 685 685 685 685 685 685 685 685 389 389 389 389 442 442 442 442 442 442 577 577 577 577 377 377 377 747 747 747 747 747 747 747 747 747 377 377 377 577 577 577 577 425 425 425 425 425 425 425 439 439 439 439 439 439 439 685 685 685 685 685 685 685 685 685 685 388 388 388 388 388 551 551 551 551 551 803 803 803 803 803 803 803 803 405 405 405 405 405 405 857 857 857 857 857 857 439 439 439 439 439 439 439 425 425 425 425 425 425 425 466 466 466 466 466 466 466 466 690 690 690 690 690 690 405 405 405 405 405 405 690 690 690 690 690 690 724 724 724 224 224 419 419 419 419 419 466 466 466 466 466 466 466 466 724 724 724 551 551 551 551 551 388 388 388 388 388 224 224 
0 1 2 3 4 5 6 7 8 9 10 11 12 13 14 15 16 17 18 19 20 21 22 23 24 25 26 27 28 29 30 31 32 33 34 35 36 37 38 39 15 16 17 18 0 1 2 3 4 5 40 41 42 43 44 45 46 6 7 8 9 10 11 12 13 14 44 45 46 40 41 42 43 47 48 49 50 51 52 53 54 55 56 57 58 59 60 30 31 32 33 34 35 36 37 38 39 61 62 63 64 65 66 67 68 69 70 71 72 73 74 71 72 73 74 75 76 77 78 79 80 19 20 21 22 23 24 54 55 56 57 58 59 60 47 48 49 50 51 52 53 81 82 83 84 85 86 87 88 89 90 91 92 93 94 75 76 77 78 79 80 89 90 91 92 93 94 95 96 97 98 99 25 26 27 28 29 81 82 83 84 85 86 87 88 95 96 97 66 67 68 69 70 61 62 63 64 65 98 99 
55330
18
7 8 4 5 7 6 4 6 3 4 9 6 3 5 2 6 5 10 
34 58 42 38 33 58 7 1 22 20 6 7 62 40 62 50 7 8 
56 66 45 68 56 61 10 19 24 25 22 54 67 67 70 60 64 34 
439 466 803 388 425 690 389 442 377 577 747 857 724 551 224 405 419 685 
7 7 7 7 7 7 10 10 10 10 10 10 10 10 10 6 6 6 6 11 11 11 11 11 11 16 16 16 16 16 17 17 17 17 17 17 17 17 17 17 6 6 6 6 7 7 7 7 7 7 9 9 9 9 8 8 8 10 10 10 10 10 10 10 10 10 8 8 8 9 9 9 9 4 4 4 4 4 4 4 0 0 0 0 0 0 0 17 17 17 17 17 17 17 17 17 17 3 3 3 3 3 13 13 13 13 13 2 2 2 2 2 2 2 2 15 15 15 15 15 15 11 11 11 11 11 11 0 0 0 0 0 0 0 4 4 4 4 4 4 4 1 1 1 1 1 1 1 1 5 5 5 5 5 5 15 15 15 15 15 15 5 5 5 5 5 5 12 12 12 14 14 16 16 16 16 16 1 1 1 1 1 1 1 1 12 12 12 13 13 13 13 13 3 3 3 3 3 14 14 