71
100
2
3 4 4 4 4 5 5 5 5 6 6 6 6 6 7 12 12 12 12 12 13 15 15 15 15 16 16 16 16 16 16 17 17 17 17 17 17 17 17 17 17 17 17 17 17 17 17 17 17 17 17 17 19 19 19 19 19 19 19 19 19 19 19 19 19 19 19 21 21 22 22 22 22 24 24 24 24 24 24 25 25 25 25 27 27 28 28 28 28 28 28 28 28 30 30 30 30 30 32 32 32 32 33 33 33 34 34 34 34 34 37 37 41 41 41 45 45 45 45 45 45 46 46 46 46 48 48 48 48 49 50 50 50 50 51 51 51 51 52 52 52 52 52 52 53 53 53 54 54 54 54 54 54 54 58 58 58 58 58 58 59 59 59 59 59 59 59 59 59 59 61 61 61 61 61 61 66 66 66 66 66 67 67 69 69 69 69 69 69 69 69 69 69 69 69 69 69 69 69 69 
66 125 126 127 128 177 178 179 180 52 53 54 110 111 176 148 149 150 151 152 153 31 32 33 34 61 62 63 64 65 137 21 22 23 24 183 184 185 186 187 188 189 190 191 192 193 194 195 196 197 198 199 9 10 11 87 88 89 90 91 92 25 26 27 28 29 0 81 82 130 131 132 133 147 93 94 95 96 97 181 182 67 68 123 124 170 171 55 56 57 58 59 60 74 75 76 77 78 117 118 119 120 144 145 146 138 139 140 141 142 12 13 134 135 136 121 122 98 99 100 101 115 116 83 84 1 2 3 4 143 69 70 71 72 112 113 114 30 105 106 107 108 109 129 102 103 104 73 15 16 17 18 19 20 164 165 166 167 168 169 172 173 174 175 154 155 156 157 158 159 85 86 160 161 162 163 14 5 6 7 8 79 80 35 36 37 38 39 40 41 42 43 44 45 46 47 48 49 50 51 
640 783 783 783 783 679 679 679 679 507 507 507 955 955 375 525 525 525 525 525 183 164 164 164 164 785 785 785 785 785 959 164 164 164 164 821 821 821 821 821 821 821 821 821 821 821 821 821 821 821 821 821 507 507 507 774 774 774 774 774 774 785 785 785 785 785 640 616 616 688 688 688 688 831 614 614 614 614 614 974 974 616 616 901 901 242 242 774 774 774 774 774 774 614 614 614 614 614 891 891 891 891 645 645 645 860 860 860 860 860 955 955 533 533 533 923 923 891 891 891 891 923 923 901 901 783 783 783 783 713 688 688 688 688 533 533 533 959 860 860 860 860 860 713 645 645 645 831 525 525 525 525 525 183 272 272 272 272 272 272 441 441 441 441 272 272 272 272 272 272 242 242 441 441 441 441 375 679 679 679 679 974 974 821 821 821 821 821 821 821 821 821 821 821 821 821 821 821 821 821 
0 1 2 3 4 5 6 7 8 9 10 11 12 13 14 15 16 17 18 19 20 21 22 23 24 25 26 27 28 29 30 21 22 23 24 31 32 33 34 35 36 37 38 39 40 41 42 43 44 45 46 47 9 10 11 48 49 50 51 52 53 25 26 27 28 29 0 54 55 56 57 58 59 60 61 62 63 64 65 66 67 54 55 68 69 70 71 48 49 50 51 52 53 61 62 63 64 65 72 73 74 75 76 77 78 79 80 81 82 83 12 13 84 85 86 87 88 72 73 74 75 87 88 68 69 1 2 3 4 89 56 57 58 59 84 85 86 30 79 80 81 82 83 89 76 77 78 60 15 16 17 18 19 20 90 91 92 93 94 95 96 97 98 99 90 91 92 93 94 95 70 71 96 97 98 99 14 5 6 7 8 66 67 31 32 33 34 35 36 37 38 39 40 41 42 43 44 45 46 47 
66715
28
3 2 2 4 5 6 4 1 4 5 5 1 5 4 1 2 4 1 3 2 3 2 6 2 1 1 4 17 
6 45 28 15 34 19 59 24 22 16 24 7 12 5 3 27 4 13 41 25 33 6 58 21 49 16 32 17 
19 46 61 17 52 28 61 54 50 19 30 66 54 66 19 46 48 54 51 67 53 37 59 25 52 51 45 69 
507 923 242 164 860 774 441 831 688 785 614 375 525 679 640 901 783 183 533 974 645 955 272 616 713 959 891 821 
14 16 16 16 16 13 13 13 13 0 0 0 21 21 11 12 12 12 12 12 17 3 3 3 3 9 9 9 9 9 25 3 3 3 3 27 27 27 27 27 27 27 27 27 27 27 27 27 27 27 27 27 0 0 0 5 5 5 5 5 5 9 9 9 9 9 14 23 23 8 8 8 8 7 10 10 10 10 10 19 19 23 23 15 15 2 2 5 5 5 5 5 5 10 10 10 10 10 26 26 26 26 20 20 20 4 4 4 4 4 21 21 18 18 18 1 1 26 26 26 26 1 1 15 15 16 16 16 16 24 8 8 8 8 18 18 18 25 4 4 4 4 4 24 20 20 20 7 12 12 12 12 12 17 22 22 22 22 22 22 6 6 6 6 22 22 22 22 22 22 2 2 6 6 6 6 11 13 13 13 13 19 19 27 27 27 27 27 27 27 27 27 27 27 27 27 27 27 27 27 