338
100
2
7 7 7 7 7 8 8 8 8 8 8 8 14 14 14 14 14 14 14 16 16 16 16 16 17 17 17 17 17 17 17 19 19 19 19 19 19 21 21 21 24 24 24 24 24 26 26 26 26 26 26 26 26 26 26 26 26 29 29 29 29 29 29 29 29 29 29 29 29 29 29 29 29 29 30 30 30 32 32 32 32 35 35 37 37 37 37 37 38 38 38 38 38 39 39 39 39 39 39 39 39 39 39 39 39 39 39 39 39 39 40 40 40 40 41 41 41 46 46 46 46 47 47 47 47 47 47 47 48 48 48 48 48 48 53 53 53 53 53 53 53 53 53 53 54 54 54 54 54 54 54 54 56 56 56 56 56 56 56 57 57 57 57 57 57 58 58 58 58 58 58 58 58 58 58 59 59 59 59 59 59 63 63 63 63 63 63 67 67 67 67 67 67 67 69 69 69 70 70 70 
40 41 42 43 44 50 51 52 53 54 55 56 187 188 189 190 191 192 193 83 84 85 86 87 165 166 167 168 169 170 171 74 75 76 172 173 174 197 198 199 0 1 2 3 4 88 89 90 91 92 5 6 7 8 9 10 11 93 94 95 96 97 98 99 100 101 102 103 104 105 106 107 108 109 31 32 33 110 111 112 113 144 145 19 20 21 22 23 45 46 47 48 49 57 58 59 60 61 62 63 64 65 66 67 68 69 70 71 72 73 77 78 79 80 194 195 196 140 141 142 143 152 153 154 155 156 157 158 175 176 177 178 179 180 181 182 183 184 185 186 117 118 119 120 81 82 159 160 161 162 163 164 121 122 123 124 125 126 127 146 147 148 149 150 151 24 25 26 27 28 29 30 34 35 36 128 129 130 131 132 133 134 135 136 137 138 139 12 13 14 15 16 17 18 114 115 116 37 38 39 
302 302 302 302 302 890 890 890 890 890 890 890 652 652 652 652 652 652 652 769 769 769 769 769 488 488 488 488 488 488 488 694 694 694 633 633 633 612 612 612 302 302 302 302 302 222 222 222 222 222 890 890 890 890 890 890 890 651 651 651 651 651 651 651 651 651 651 651 651 651 651 651 651 651 694 694 694 916 916 916 916 443 443 769 769 769 769 769 222 222 222 222 222 651 651 651 651 651 651 651 651 651 651 651 651 651 651 651 651 651 916 916 916 916 691 691 691 383 383 383 383 191 191 191 191 191 191 191 475 475 475 475 475 475 256 256 256 256 256 256 383 383 383 383 443 443 427 427 427 427 427 427 191 191 191 191 191 191 191 427 427 427 427 427 427 488 488 488 488 488 488 488 633 633 633 475 475 475 475 475 475 256 256 256 256 256 256 652 652 652 652 652 652 652 691 691 691 612 612 612 
0 1 2 3 4 5 6 7 8 9 10 11 12 13 14 15 16 17 18 19 20 21 22 23 24 25 26 27 28 29 30 31 32 33 34 35 36 37 38 39 0 1 2 3 4 40 41 42 43 44 5 6 7 8 9 10 11 45 46 47 48 49 50 51 52 53 54 55 56 57 58 59 60 61 31 32 33 62 63 64 65 66 67 19 20 21 22 23 40 41 42 43 44 45 46 47 48 49 50 51 52 53 54 55 56 57 58 59 60 61 62 63 64 65 68 69 70 71 72 73 74 75 76 77 78 79 80 81 82 83 84 85 86 87 88 89 90 91 92 93 71 72 73 74 66 67 94 95 96 97 98 99 75 76 77 78 79 80 81 94 95 96 97 98 99 24 25 26 27 28 29 30 34 35 36 82 83 84 85 86 87 88 89 90 91 92 93 12 13 14 15 16 17 18 68 69 70 37 38 39 
53999
18
2 7 3 6 7 3 6 5 4 5 3 4 6 5 3 7 7 17 
35 17 21 53 47 41 48 7 32 16 19 46 54 26 19 8 14 29 
54 58 70 63 56 69 59 24 40 37 30 53 57 38 58 26 67 39 
443 488 612 256 191 691 475 302 916 769 694 383 427 222 633 890 652 651 
7 7 7 7 7 15 15 15 15 15 15 15 16 16 16 16 16 16 16 9 9 9 9 9 1 1 1 1 1 1 1 10 10 10 14 14 14 2 2 2 7 7 7 7 7 13 13 13 13 13 15 15 15 15 15 15 15 17 17 17 17 17 17 17 17 17 17 17 17 17 17 17 17 17 10 10 10 8 8 8 8 0 0 9 9 9 9 9 13 13 13 13 13 17 17 17 17 17 17 17 17 17 17 17 17 17 17 17 17 17 8 8 8 8 5 5 5 11 11 11 11 4 4 4 4 4 4 4 6 6 6 6 6 6 3 3 3 3 3 3 11 11 11 11 0 0 12 12 12 12 12 12 4 4 4 4 4 4 4 12 12 12 12 12 12 1 1 1 1 1 1 1 14 14 14 6 6 6 6 6 6 3 3 3 3 3 3 16 16 16 16 16 16 16 5 5 5 2 2 2 