449
100
2
4 4 4 5 5 5 5 5 5 7 9 9 10 10 10 10 10 13 13 13 13 13 13 16 16 16 16 16 16 16 18 18 18 19 19 20 21 21 21 21 21 21 21 21 23 23 23 23 23 23 23 23 23 23 23 23 23 25 25 25 25 25 26 26 26 26 26 26 26 26 26 29 29 30 30 30 30 30 30 30 30 30 34 34 34 34 34 36 36 36 36 36 37 37 37 37 37 37 39 39 39 39 39 39 39 39 39 39 39 39 39 39 39 39 39 39 39 39 39 39 39 39 43 43 43 43 43 43 44 44 44 44 44 49 49 49 49 49 49 49 49 49 49 50 50 50 50 53 54 56 56 56 56 56 56 56 56 56 56 56 56 56 56 56 56 56 56 56 56 56 56 56 56 58 58 58 58 60 60 60 60 60 60 60 60 61 61 61 61 61 61 61 61 69 69 69 69 70 70 70 
197 198 199 33 34 143 144 145 146 147 191 192 128 129 130 131 132 92 93 94 95 96 97 57 58 59 60 61 71 72 182 183 184 3 4 142 122 123 124 125 126 127 49 50 87 88 89 90 91 42 43 76 77 78 79 80 81 23 24 25 26 27 185 186 187 188 189 190 73 74 75 28 29 68 69 70 51 52 53 54 55 56 173 174 175 176 148 44 45 46 47 48 17 18 19 20 21 22 193 194 195 196 153 154 155 156 157 158 159 160 161 162 163 164 165 166 167 168 169 170 171 172 36 37 38 39 40 41 12 13 14 15 16 149 150 151 152 177 178 179 180 181 35 5 6 7 8 9 86 133 134 135 136 102 103 104 105 106 107 108 109 110 111 112 113 114 115 116 117 118 119 120 121 82 83 84 85 137 138 139 140 141 30 31 32 62 63 64 65 66 67 10 11 98 99 100 101 0 1 2 
921 921 921 796 796 603 603 603 603 741 888 888 678 678 678 678 678 319 319 319 319 319 319 236 236 236 236 236 244 244 975 975 975 796 796 648 823 823 823 823 823 823 791 791 254 254 254 254 254 791 791 592 592 592 592 592 592 236 236 236 236 236 847 847 847 847 847 847 836 836 836 244 244 836 836 836 592 592 592 592 592 592 230 230 230 230 627 254 254 254 254 254 319 319 319 319 319 319 381 381 381 381 219 219 219 219 219 219 219 219 219 219 219 219 219 219 219 219 219 219 219 219 823 823 823 823 823 823 678 678 678 678 678 191 191 191 191 607 607 607 607 607 648 603 603 603 603 741 627 191 191 191 191 219 219 219 219 219 219 219 219 219 219 219 219 219 219 219 219 219 219 219 219 230 230 230 230 607 607 607 607 607 975 975 975 847 847 847 847 847 847 888 888 381 381 381 381 921 921 921 
0 1 2 3 4 5 6 7 8 9 10 11 12 13 14 15 16 17 18 19 20 21 22 23 24 25 26 27 28 29 30 31 32 3 4 33 34 35 36 37 38 39 40 41 42 43 44 45 46 40 41 47 48 49 50 51 52 23 24 25 26 27 53 54 55 56 57 58 59 60 61 28 29 59 60 61 47 48 49 50 51 52 62 63 64 65 66 42 43 44 45 46 17 18 19 20 21 22 67 68 69 70 71 72 73 74 75 76 77 78 79 80 81 82 83 84 85 86 87 88 89 90 34 35 36 37 38 39 12 13 14 15 16 91 92 93 94 95 96 97 98 99 33 5 6 7 8 9 66 91 92 93 94 71 72 73 74 75 76 77 78 79 80 81 82 83 84 85 86 87 88 89 90 62 63 64 65 95 96 97 98 99 30 31 32 53 54 55 56 57 58 10 11 67 68 69 70 0 1 2 
50011
23
4 3 6 4 2 6 6 4 5 2 4 3 5 5 1 5 2 2 6 1 1 3 20 
34 4 13 39 5 21 26 49 16 9 5 26 10 23 34 49 21 16 23 7 20 18 39 
58 70 37 69 19 43 61 56 25 61 50 30 44 36 54 60 23 29 30 53 49 60 56 
230 921 319 381 796 823 847 191 236 888 603 836 678 254 627 607 791 244 592 741 648 975 219 
1 1 1 4 4 10 10 10 10 19 9 9 12 12 12 12 12 2 2 2 2 2 2 8 8 8 8 8 17 17 21 21 21 4 4 20 5 5 5 5 5 5 16 16 13 13 13 13 13 16 16 18 18 18 18 18 18 8 8 8 8 8 6 6 6 6 6 6 11 11 11 17 17 11 11 11 18 18 18 18 18 18 0 0 0 0 14 13 13 13 13 13 2 2 2 2 2 2 3 3 3 3 22 22 22 22 22 22 22 22 22 22 22 22 22 22 22 22 22 22 22 22 5 5 5 5 5 5 12 12 12 12 12 7 7 7 7 15 15 15 15 15 20 10 10 10 10 19 14 7 7 7 7 22 22 22 22 22 22 22 22 22 22 22 22 22 22 22 22 22 22 22 22 0 0 0 0 15 15 15 15 15 21 21 21 6 6 6 6 6 6 9 9 3 3 3 3 1 1 1 