872
100
2
1 1 4 4 4 4 4 4 4 4 8 8 8 8 9 9 9 9 9 9 9 9 10 10 10 11 11 11 11 14 14 14 18 18 18 18 18 18 18 18 18 21 21 21 30 30 30 30 30 32 32 33 33 33 33 33 33 33 33 34 34 34 34 34 34 34 34 34 35 35 35 35 38 38 38 38 38 38 38 38 38 40 40 40 40 42 42 42 42 42 42 42 42 42 43 43 43 43 43 43 43 43 43 43 43 43 43 43 43 43 43 43 43 43 43 43 43 43 43 43 43 43 44 44 44 45 47 47 47 47 47 47 47 47 47 49 49 49 49 49 49 49 49 49 49 49 49 49 49 49 50 52 52 52 52 52 52 52 52 54 54 54 54 55 55 57 57 57 57 57 57 57 60 60 60 63 63 63 64 64 64 64 64 64 64 64 64 64 64 64 64 64 65 65 65 65 67 67 70 70 
163 164 51 52 53 54 55 56 57 58 94 95 96 97 151 152 153 154 155 156 157 158 41 42 43 192 193 194 195 175 176 177 126 127 128 129 130 131 132 133 134 22 23 24 178 179 180 181 182 198 199 2 3 4 5 6 7 8 9 98 99 100 101 102 103 104 105 106 159 160 161 162 165 166 167 168 169 170 171 196 197 82 81 84 83 183 184 185 186 187 188 189 190 191 10 11 12 13 59 60 61 62 63 64 65 66 67 135 136 137 138 139 140 141 142 143 144 145 146 147 148 149 172 173 174 150 32 33 34 35 36 37 38 39 40 107 108 109 110 111 112 113 114 115 116 117 118 119 120 121 125 14 15 16 17 18 19 20 21 68 69 70 71 0 1 72 73 74 75 76 77 78 122 123 124 29 30 31 44 45 46 47 48 85 86 87 88 89 90 91 92 93 25 26 27 28 79 80 49 50 
762 762 232 232 232 232 232 232 232 232 911 911 911 911 196 196 196 196 196 196 196 196 540 540 540 804 804 804 804 473 473 473 382 382 382 382 382 382 382 382 382 540 540 540 642 642 642 642 642 171 171 232 232 232 232 232 232 232 232 407 407 407 407 407 407 407 407 407 726 726 726 726 833 833 833 833 833 833 833 512 512 726 726 726 726 978 978 978 978 978 978 978 978 978 911 911 911 911 407 407 407 407 407 407 407 407 407 251 251 251 251 251 251 251 251 251 251 251 251 251 251 251 497 497 497 884 382 382 382 382 382 382 382 382 382 251 251 251 251 251 251 251 251 251 251 251 251 251 251 251 884 196 196 196 196 196 196 196 196 726 726 726 726 762 762 833 833 833 833 833 833 833 497 497 497 473 473 473 642 642 642 642 642 978 978 978 978 978 978 978 978 978 804 804 804 804 512 512 171 171 
0 1 2 3 4 5 6 7 8 9 10 11 12 13 14 15 16 17 18 19 20 21 22 23 24 25 26 27 28 29 30 31 32 33 34 35 36 37 38 39 40 22 23 24 41 42 43 44 45 46 47 2 3 4 5 6 7 8 9 48 49 50 51 52 53 54 55 56 57 58 59 60 61 62 63 64 65 66 67 68 69 70 70 71 71 72 73 74 75 76 77 78 79 80 10 11 12 13 48 49 50 51 52 53 54 55 56 81 82 83 84 85 86 87 88 89 90 91 92 93 94 95 96 97 98 99 32 33 34 35 36 37 38 39 40 81 82 83 84 85 86 87 88 89 90 91 92 93 94 95 99 14 15 16 17 18 19 20 21 57 58 59 60 0 1 61 62 63 64 65 66 67 96 97 98 29 30 31 41 42 43 44 45 72 73 74 75 76 77 78 79 80 25 26 27 28 68 69 46 47 
51653
19
4 2 5 8 9 2 2 7 4 3 1 3 4 3 9 9 2 8 15 
35 40 30 9 42 1 32 38 11 14 45 44 8 10 34 18 38 4 43 
54 40 64 52 64 55 70 57 65 63 50 60 43 21 43 47 67 33 49 
726 726 642 196 978 762 171 833 804 473 884 497 911 540 407 382 512 232 251 
5 5 17 17 17 17 17 17 17 17 12 12 12 12 3 3 3 3 3 3 3 3 13 13 13 8 8 8 8 9 9 9 15 15 15 15 15 15 15 15 15 13 13 13 2 2 2 2 2 6 6 17 17 17 17 17 17 17 17 14 14 14 14 14 14 14 14 14 0 0 0 0 7 7 7 7 7 7 7 16 16 1 1 1 1 4 4 4 4 4 4 4 4 4 12 12 12 12 14 14 14 14 14 14 14 14 14 18 18 18 18 18 18 18 18 18 18 18 18 18 18 18 11 11 11 10 15 15 15 15 15 15 15 15 15 18 18 18 18 18 18 18 18 18 18 18 18 18 18 18 10 3 3 3 3 3 3 3 3 0 0 0 0 5 5 7 7 7 7 7 7 7 11 11 11 9 9 9 2 2 2 2 2 4 4 4 4 4 4 4 4 4 8 8 8 8 16 16 6 6 