92
100
2
4 4 4 4 4 10 10 10 10 10 10 10 10 10 10 10 11 11 11 11 11 14 14 14 14 14 14 14 14 15 15 15 15 15 15 15 15 15 15 15 15 15 15 15 15 15 15 15 15 17 17 17 17 17 17 17 18 18 18 18 18 21 21 21 21 21 21 21 21 21 21 21 21 21 21 21 21 21 21 21 21 24 24 24 24 24 24 24 24 24 33 33 33 33 33 33 33 33 34 34 34 34 36 36 36 36 36 38 38 38 39 39 39 39 39 39 39 39 39 40 40 40 40 40 40 40 40 40 42 42 42 42 42 42 42 42 42 42 42 42 42 42 42 42 42 42 42 43 43 43 43 43 43 43 43 43 43 43 45 45 45 45 45 45 45 45 49 49 49 64 64 64 64 64 64 64 64 64 66 66 66 66 66 66 66 69 69 69 69 69 69 69 69 69 69 69 70 70 70 70 
16 17 18 19 20 61 62 63 64 65 66 67 68 69 70 71 0 1 2 3 4 90 91 92 93 94 95 96 97 72 73 74 75 76 77 78 79 80 147 148 149 150 151 152 153 154 155 156 157 178 179 180 181 182 183 184 102 103 104 105 106 5 6 7 8 9 10 11 12 13 14 15 29 30 31 32 33 34 35 36 37 119 120 121 122 123 124 125 126 127 21 22 23 24 25 26 27 28 196 197 198 199 56 57 58 59 60 166 167 168 169 170 171 172 173 174 175 176 177 81 82 83 84 85 86 87 88 89 158 159 160 161 162 163 164 165 185 186 187 188 189 190 191 192 193 194 195 38 39 40 41 42 43 44 45 46 47 48 128 129 130 131 132 133 134 135 107 108 109 110 111 112 113 114 115 116 117 118 49 50 51 52 53 54 55 136 137 138 139 140 141 142 143 144 145 146 98 99 100 101 
879 879 879 879 879 945 945 945 945 945 945 945 945 945 945 945 879 879 879 879 879 725 725 725 725 725 725 725 725 952 952 952 952 952 952 952 952 952 162 162 162 162 162 162 162 162 162 162 162 532 532 532 532 532 532 532 661 661 661 661 661 945 945 945 945 945 945 945 945 945 945 945 952 952 952 952 952 952 952 952 952 242 242 242 242 242 242 242 242 242 725 725 725 725 725 725 725 725 520 520 520 520 661 661 661 661 661 342 342 342 463 463 463 463 463 463 463 463 463 242 242 242 242 242 242 242 242 242 198 198 198 198 198 198 198 198 344 344 344 344 344 344 344 344 344 344 344 162 162 162 162 162 162 162 162 162 162 162 198 198 198 198 198 198 198 198 342 342 342 463 463 463 463 463 463 463 463 463 532 532 532 532 532 532 532 344 344 344 344 344 344 344 344 344 344 344 520 520 520 520 
0 1 2 3 4 5 6 7 8 9 10 11 12 13 14 15 0 1 2 3 4 16 17 18 19 20 21 22 23 24 25 26 27 28 29 30 31 32 33 34 35 36 37 38 39 40 41 42 43 44 45 46 47 48 49 50 51 52 53 54 55 5 6 7 8 9 10 11 12 13 14 15 24 25 26 27 28 29 30 31 32 56 57 58 59 60 61 62 63 64 16 17 18 19 20 21 22 23 65 66 67 68 51 52 53 54 55 69 70 71 72 73 74 75 76 77 78 79 80 56 57 58 59 60 61 62 63 64 81 82 83 84 85 86 87 88 89 90 91 92 93 94 95 96 97 98 99 33 34 35 36 37 38 39 40 41 42 43 81 82 83 84 85 86 87 88 69 70 71 72 73 74 75 76 77 78 79 80 44 45 46 47 48 49 50 89 90 91 92 93 94 95 96 97 98 99 65 66 67 68 
52788
13
5 9 7 4 5 11 9 8 8 9 11 3 11 
4 24 17 34 18 10 39 14 42 15 15 38 42 
11 40 66 70 36 21 64 33 45 21 43 49 69 
879 242 532 520 661 945 463 725 198 952 162 342 344 
0 0 0 0 0 5 5 5 5 5 5 5 5 5 5 5 0 0 0 0 0 7 7 7 7 7 7 7 7 9 9 9 9 9 9 9 9 9 10 10 10 10 10 10 10 10 10 10 10 2 2 2 2 2 2 2 4 4 4 4 4 5 5 5 5 5 5 5 5 5 5 5 9 9 9 9 9 9 9 9 9 1 1 1 1 1 1 1 1 1 7 7 7 7 7 7 7 7 3 3 3 3 4 4 4 4 4 11 11 11 6 6 6 6 6 6 6 6 6 1 1 1 1 1 1 1 1 1 8 8 8 8 8 8 8 8 12 12 12 12 12 12 12 12 12 12 12 10 10 10 10 10 10 10 10 10 10 10 8 8 8 8 8 8 8 8 11 11 11 6 6 6 6 6 6 6 6 6 2 2 2 2 2 2 2 12 12 12 12 12 12 12 12 12 12 12 3 3 3 3 