722
100
2
2 2 2 2 2 2 2 2 2 2 2 2 5 5 5 5 5 5 5 5 5 5 5 6 6 6 6 6 6 6 6 6 6 6 9 9 9 9 9 18 18 18 18 18 18 18 18 18 18 18 18 18 18 18 18 18 19 19 19 19 19 19 19 19 19 19 19 19 24 24 24 24 24 24 24 24 24 24 24 24 25 25 25 40 40 40 40 40 40 40 40 40 40 40 40 43 43 43 43 43 43 43 43 43 43 43 43 43 43 43 43 43 46 46 46 46 46 48 48 48 48 48 48 48 49 49 49 49 49 49 49 49 49 49 49 49 49 49 49 49 49 50 50 50 50 50 50 50 53 53 53 53 53 53 53 53 53 53 53 53 53 53 53 57 57 66 66 66 66 66 66 66 66 66 66 66 66 66 66 66 66 66 66 66 67 67 67 67 67 69 69 69 69 69 69 69 69 69 69 69 
56 57 58 59 60 61 62 63 64 65 66 67 23 24 25 26 27 28 29 30 31 32 33 12 13 14 15 16 17 18 19 20 21 22 124 125 126 127 128 95 96 97 98 99 100 101 102 103 104 105 106 107 108 109 110 111 0 1 2 3 4 5 6 7 8 9 10 11 83 84 85 86 87 88 89 90 91 92 93 94 186 187 188 68 69 70 71 72 73 74 75 76 77 78 79 39 40 41 42 43 44 45 46 47 48 49 50 51 52 53 54 55 129 130 131 132 133 156 157 158 159 160 161 162 34 35 36 37 38 112 113 114 115 116 141 142 143 144 145 146 147 134 135 136 137 138 139 140 165 166 167 168 169 170 171 172 117 118 119 120 121 122 123 184 185 148 149 150 151 152 153 154 155 189 190 191 192 193 194 195 196 197 198 199 163 164 80 81 82 173 174 175 176 177 178 179 180 181 182 183 
341 341 341 341 341 341 341 341 341 341 341 341 633 633 633 633 633 633 633 633 633 633 633 633 633 633 633 633 633 633 633 633 633 633 590 590 590 590 590 516 516 516 516 516 516 516 516 516 516 516 516 516 516 516 516 516 341 341 341 341 341 341 341 341 341 341 341 341 497 497 497 497 497 497 497 497 497 497 497 497 684 684 684 497 497 497 497 497 497 497 497 497 497 497 497 516 516 516 516 516 516 516 516 516 516 516 516 516 516 516 516 516 920 920 920 920 920 685 685 685 685 685 685 685 590 590 590 590 590 920 920 920 920 920 815 815 815 815 815 815 815 815 815 815 815 815 815 815 447 447 447 447 447 447 447 447 685 685 685 685 685 685 685 627 627 447 447 447 447 447 447 447 447 734 734 734 734 734 734 734 734 734 734 734 627 627 684 684 684 734 734 734 734 734 734 734 734 734 734 734 
0 1 2 3 4 5 6 7 8 9 10 11 12 13 14 15 16 17 18 19 20 21 22 12 13 14 15 16 17 18 19 20 21 22 23 24 25 26 27 28 29 30 31 32 33 34 35 36 37 38 39 40 41 42 43 44 0 1 2 3 4 5 6 7 8 9 10 11 45 46 47 48 49 50 51 52 53 54 55 56 57 58 59 45 46 47 48 49 50 51 52 53 54 55 56 28 29 30 31 32 33 34 35 36 37 38 39 40 41 42 43 44 60 61 62 63 64 65 66 67 68 69 70 71 23 24 25 26 27 60 61 62 63 64 72 73 74 75 76 77 78 72 73 74 75 76 77 78 79 80 81 82 83 84 85 86 65 66 67 68 69 70 71 87 88 79 80 81 82 83 84 85 86 89 90 91 92 93 94 95 96 97 98 99 87 88 57 58 59 89 90 91 92 93 94 95 96 97 98 99 
58797
12
2 5 5 8 12 11 7 3 7 12 11 17 
57 9 46 53 24 5 49 25 48 2 66 18 
67 49 49 66 40 6 50 67 53 19 69 43 
627 590 920 447 497 633 815 684 685 341 734 516 
9 9 9 9 9 9 9 9 9 9 9 9 5 5 5 5 5 5 5 5 5 5 5 5 5 5 5 5 5 5 5 5 5 5 1 1 1 1 1 11 11 11 11 11 11 11 11 11 11 11 11 11 11 11 11 11 9 9 9 9 9 9 9 9 9 9 9 9 4 4 4 4 4 4 4 4 4 4 4 4 7 7 7 4 4 4 4 4 4 4 4 4 4 4 4 11 11 11 11 11 11 11 11 11 11 11 11 11 11 11 11 11 2 2 2 2 2 8 8 8 8 8 8 8 1 1 1 1 1 2 2 2 2 2 6 6 6 6 6 6 6 6 6 6 6 6 6 6 3 3 3 3 3 3 3 3 8 8 8 8 8 8 8 0 0 3 3 3 3 3 3 3 3 10 10 10 10 10 10 10 10 10 10 10 0 0 7 7 7 10 10 10 10 10 10 10 10 10 10 10 