330
100
2
2 2 2 2 2 2 2 9 9 10 10 10 10 10 10 10 12 12 12 12 12 12 12 14 14 14 14 14 14 14 14 14 14 14 14 14 14 14 15 15 15 15 15 15 15 15 15 15 15 15 15 15 15 16 16 16 16 16 16 16 16 17 17 17 17 17 17 17 17 17 17 17 21 21 21 21 21 21 21 21 21 21 21 21 21 21 21 21 21 21 21 21 23 23 23 23 23 23 27 27 27 27 27 28 28 28 28 28 28 28 28 28 33 33 33 33 33 33 33 33 33 33 33 33 34 34 34 34 34 34 34 34 34 34 34 43 43 43 43 43 43 43 43 43 43 43 43 43 43 43 43 43 43 43 56 56 56 59 59 59 59 59 59 59 59 59 59 59 59 59 59 59 59 59 59 59 59 62 62 62 62 62 62 62 66 66 66 66 66 66 66 66 66 70 70 70 70 70 70 70 
72 73 74 75 76 77 78 133 134 177 178 179 180 181 182 183 193 194 195 196 197 198 199 38 39 40 41 42 43 44 45 46 47 48 49 50 51 52 23 24 25 26 27 28 29 30 31 32 33 34 35 36 37 79 80 81 82 83 84 85 86 135 136 137 138 139 140 141 142 143 144 145 0 1 2 3 4 5 6 53 54 55 56 57 58 59 60 98 99 100 101 102 124 125 126 127 128 129 87 88 89 90 91 184 185 186 187 188 189 190 191 192 165 166 167 168 169 170 171 172 173 174 175 176 92 93 94 95 96 97 154 155 156 7 8 61 62 63 64 65 66 67 68 69 70 71 157 158 159 160 161 162 163 164 130 131 132 146 147 148 149 150 151 152 153 112 113 114 115 116 117 118 119 120 121 122 123 9 10 11 12 13 14 15 103 104 105 106 107 108 109 110 111 16 17 18 19 20 21 22 
892 892 892 892 892 892 892 277 277 809 809 809 809 809 809 809 609 609 609 609 609 609 609 204 204 204 204 204 204 204 204 204 204 204 204 204 204 204 204 204 204 204 204 204 204 204 204 204 204 204 204 204 204 476 476 476 476 476 476 476 476 968 968 968 968 968 968 968 968 968 968 968 892 892 892 892 892 892 892 476 476 476 476 476 476 476 476 755 755 755 755 755 647 647 647 647 647 647 755 755 755 755 755 574 574 574 574 574 574 574 574 574 614 614 614 614 614 614 614 614 614 614 614 614 647 647 647 647 647 647 858 858 858 277 277 968 968 968 968 968 968 968 968 968 968 968 966 966 966 966 966 966 966 966 858 858 858 966 966 966 966 966 966 966 966 614 614 614 614 614 614 614 614 614 614 614 614 809 809 809 809 809 809 809 574 574 574 574 574 574 574 574 574 609 609 609 609 609 609 609 
0 1 2 3 4 5 6 7 8 9 10 11 12 13 14 15 16 17 18 19 20 21 22 23 24 25 26 27 28 29 30 31 32 33 34 35 36 37 23 24 25 26 27 28 29 30 31 32 33 34 35 36 37 38 39 40 41 42 43 44 45 46 47 48 49 50 51 52 53 54 55 56 0 1 2 3 4 5 6 38 39 40 41 42 43 44 45 57 58 59 60 61 62 63 64 65 66 67 57 58 59 60 61 68 69 70 71 72 73 74 75 76 77 78 79 80 81 82 83 84 85 86 87 88 62 63 64 65 66 67 89 90 91 7 8 46 47 48 49 50 51 52 53 54 55 56 92 93 94 95 96 97 98 99 89 90 91 92 93 94 95 96 97 98 99 77 78 79 80 81 82 83 84 85 86 87 88 9 10 11 12 13 14 15 68 69 70 71 72 73 74 75 76 16 17 18 19 20 21 22 
64733
13
7 7 6 3 11 8 7 8 2 9 5 12 15 
12 2 23 34 17 43 10 16 9 28 21 33 14 
70 21 34 56 43 59 62 21 34 66 27 59 15 
609 892 647 858 968 966 809 476 277 574 755 614 204 
1 1 1 1 1 1 1 8 8 6 6 6 6 6 6 6 0 0 0 0 0 0 0 12 12 12 12 12 12 12 12 12 12 12 12 12 12 12 12 12 12 12 12 12 12 12 12 12 12 12 12 12 12 7 7 7 7 7 7 7 7 4 4 4 4 4 4 4 4 4 4 4 1 1 1 1 1 1 1 7 7 7 7 7 7 7 7 10 10 10 10 10 2 2 2 2 2 2 10 10 10 10 10 9 9 9 9 9 9 9 9 9 11 11 11 11 11 11 11 11 11 11 11 11 2 2 2 2 2 2 3 3 3 8 8 4 4 4 4 4 4 4 4 4 4 4 5 5 5 5 5 5 5 5 3 3 3 5 5 5 5 5 5 5 5 11 11 11 11 11 11 11 11 11 11 11 11 6 6 6 6 6 6 6 9 9 9 9 9 9 9 9 9 0 0 0 0 0 0 0 