221
100
2
1 1 1 1 1 1 1 1 1 4 4 4 4 4 4 4 4 4 4 4 4 4 4 4 4 4 4 4 4 4 4 4 4 6 6 6 6 6 9 9 9 9 9 9 11 11 11 12 12 12 12 12 12 12 12 12 12 12 12 12 12 12 12 12 15 15 15 15 19 19 19 19 19 19 19 19 19 21 21 21 21 21 21 21 21 21 21 21 21 24 24 24 24 24 24 24 24 24 24 25 25 25 25 27 27 27 27 27 27 30 30 30 30 30 30 30 30 30 30 30 35 35 35 35 35 35 35 35 35 35 35 37 37 37 37 38 38 38 38 42 42 42 42 42 42 42 42 42 42 42 53 53 53 53 53 53 53 53 53 53 53 53 53 54 54 54 54 54 54 54 54 55 55 55 55 55 55 64 64 64 64 64 64 64 64 64 64 65 65 65 65 65 69 69 69 69 69 69 69 69 
68 69 70 71 72 73 74 75 76 139 140 141 142 143 144 145 146 147 148 149 150 151 152 153 154 155 156 157 158 159 160 161 162 187 188 189 190 191 171 172 173 174 175 176 61 62 63 48 47 50 49 52 51 54 53 56 55 58 57 60 59 44 45 46 135 136 137 138 0 1 2 3 4 5 6 7 8 78 77 80 79 82 81 103 104 105 106 107 108 177 178 179 180 181 182 183 184 185 186 131 132 133 134 83 84 85 86 87 88 120 121 122 123 124 125 126 127 128 129 130 109 110 111 112 113 114 115 116 117 118 119 99 100 101 102 64 65 66 67 9 10 11 12 13 14 15 16 17 18 19 20 21 22 23 24 25 26 27 28 29 30 31 32 192 193 194 195 196 197 198 199 38 39 40 41 42 43 89 90 91 92 93 94 95 96 97 98 33 34 35 36 37 163 164 165 166 167 168 169 170 
250 250 250 250 250 250 250 250 250 906 906 906 906 906 906 906 906 906 906 906 433 433 433 433 433 433 433 433 433 433 433 433 433 838 838 838 838 838 865 865 865 865 865 865 173 173 173 836 836 836 836 836 836 836 836 836 836 836 836 836 836 173 173 173 627 627 627 627 250 250 250 250 250 250 250 250 250 392 392 392 392 392 392 232 232 232 232 232 232 707 707 707 707 707 707 707 707 707 707 345 345 345 345 232 232 232 232 232 232 225 225 225 225 225 225 225 225 225 225 225 225 225 225 225 225 225 225 225 225 225 225 345 345 345 345 627 627 627 627 906 906 906 906 906 906 906 906 906 906 906 433 433 433 433 433 433 433 433 433 433 433 433 433 747 747 747 747 747 747 747 747 865 865 865 865 865 865 707 707 707 707 707 707 707 707 707 707 838 838 838 838 838 747 747 747 747 747 747 747 747 
0 1 2 3 4 5 6 7 8 9 10 11 12 13 14 15 16 17 18 19 20 21 22 23 24 25 26 27 28 29 30 31 32 33 34 35 36 37 38 39 40 41 42 43 44 45 46 47 47 48 48 49 49 50 50 51 51 52 52 53 53 44 45 46 54 55 56 57 0 1 2 3 4 5 6 7 8 58 58 59 59 60 60 61 62 63 64 65 66 67 68 69 70 71 72 73 74 75 76 77 78 79 80 61 62 63 64 65 66 81 82 83 84 85 86 87 88 89 90 91 81 82 83 84 85 86 87 88 89 90 91 77 78 79 80 54 55 56 57 9 10 11 12 13 14 15 16 17 18 19 20 21 22 23 24 25 26 27 28 29 30 31 32 92 93 94 95 96 97 98 99 38 39 40 41 42 43 67 68 69 70 71 72 73 74 75 76 33 34 35 36 37 92 93 94 95 96 97 98 99 
55573
14
10 3 6 11 11 5 4 9 7 4 3 6 8 13 
24 21 9 4 30 6 15 1 12 25 11 21 54 4 
64 21 55 42 35 65 38 19 12 37 12 27 69 53 
707 392 865 906 225 838 627 250 836 345 173 232 747 433 
7 7 7 7 7 7 7 7 7 3 3 3 3 3 3 3 3 3 3 3 13 13 13 13 13 13 13 13 13 13 13 13 13 5 5 5 5 5 2 2 2 2 2 2 10 10 10 8 8 8 8 8 8 8 8 8 8 8 8 8 8 10 10 10 6 6 6 6 7 7 7 7 7 7 7 7 7 1 1 1 1 1 1 11 11 11 11 11 11 0 0 0 0 0 0 0 0 0 0 9 9 9 9 11 11 11 11 11 11 4 4 4 4 4 4 4 4 4 4 4 4 4 4 4 4 4 4 4 4 4 4 9 9 9 9 6 6 6 6 3 3 3 3 3 3 3 3 3 3 3 13 13 13 13 13 13 13 13 13 13 13 13 13 12 12 12 12 12 12 12 12 2 2 2 2 2 2 0 0 0 0 0 0 0 0 0 0 5 5 5 5 5 12 12 12 12 12 12 12 12 