871
100
2
1 1 1 1 1 1 1 1 1 1 1 1 1 1 1 3 3 3 7 7 7 7 7 7 8 8 8 8 8 8 8 8 13 13 14 14 14 14 14 14 18 18 18 18 18 18 20 20 20 20 20 20 20 20 20 20 20 20 25 25 25 25 25 25 25 25 28 28 28 28 28 28 28 28 30 30 30 30 30 30 36 36 36 36 39 39 39 41 41 41 41 41 41 41 41 41 41 41 43 43 43 43 43 43 43 43 43 43 43 43 43 43 43 45 45 45 45 45 45 45 45 46 46 46 46 46 46 46 46 46 46 46 46 46 46 46 46 46 46 46 46 54 54 54 54 54 54 54 54 54 54 57 57 57 57 57 57 57 57 57 57 57 59 59 59 59 60 60 60 60 60 60 64 64 64 64 64 64 66 66 66 66 66 66 66 66 66 66 66 66 66 69 69 69 69 69 69 69 69 69 
40 41 42 43 44 45 98 99 100 101 102 103 104 105 106 191 192 193 166 167 168 169 170 171 58 59 60 61 62 63 64 65 72 73 172 173 174 175 176 177 0 1 2 3 4 5 129 130 131 132 133 134 135 136 137 138 139 140 24 25 26 27 28 29 30 31 74 75 76 77 78 79 32 33 66 67 68 69 70 71 162 163 164 165 188 189 190 151 152 153 154 155 156 157 158 159 160 161 6 7 8 9 10 11 12 13 14 194 195 196 197 198 199 121 122 123 124 125 126 127 128 113 114 115 116 117 118 119 120 46 47 48 49 50 51 52 53 54 55 56 57 178 179 180 181 182 183 184 185 186 187 87 88 89 90 91 92 93 94 95 96 97 80 81 82 83 18 19 20 21 22 23 34 35 36 37 38 39 141 142 143 144 145 146 147 148 149 150 84 85 86 15 16 17 107 108 109 110 111 112 
327 327 327 327 327 327 599 599 599 599 599 599 599 599 599 523 523 523 580 580 580 580 580 580 837 837 837 837 837 837 837 837 807 807 908 908 908 908 908 908 327 327 327 327 327 327 272 272 272 272 272 272 272 272 272 272 272 272 837 837 837 837 837 837 837 837 204 204 204 204 204 204 807 807 204 204 204 204 204 204 695 695 695 695 164 164 164 807 807 807 807 807 807 807 807 807 807 807 599 599 599 599 599 599 599 599 599 180 180 180 180 180 180 515 515 515 515 515 515 515 515 515 515 515 515 515 515 515 515 272 272 272 272 272 272 272 272 272 272 272 272 160 160 160 160 160 160 160 160 160 160 807 807 807 807 807 807 807 807 807 807 807 695 695 695 695 580 580 580 580 580 580 908 908 908 908 908 908 160 160 160 160 160 160 160 160 160 160 164 164 164 523 523 523 180 180 180 180 180 180 
0 1 2 3 4 5 6 7 8 9 10 11 12 13 14 15 16 17 18 19 20 21 22 23 24 25 26 27 28 29 30 31 32 33 34 35 36 37 38 39 0 1 2 3 4 5 40 41 42 43 44 45 46 47 48 49 50 51 24 25 26 27 28 29 30 31 52 53 54 55 56 57 32 33 52 53 54 55 56 57 58 59 60 61 62 63 64 65 66 67 68 69 70 71 72 73 74 75 6 7 8 9 10 11 12 13 14 76 77 78 79 80 81 82 83 84 85 86 87 88 89 82 83 84 85 86 87 88 89 40 41 42 43 44 45 46 47 48 49 50 51 90 91 92 93 94 95 96 97 98 99 65 66 67 68 69 70 71 72 73 74 75 58 59 60 61 18 19 20 21 22 23 34 35 36 37 38 39 90 91 92 93 94 95 96 97 98 99 62 63 64 15 16 17 76 77 78 79 80 81 
49597
15
10 6 8 6 8 11 3 3 6 4 2 6 9 6 12 
54 28 8 1 45 41 39 3 14 36 13 7 1 43 20 
66 30 25 18 46 57 66 69 64 59 28 60 43 69 46 
160 204 837 327 515 807 164 523 908 695 807 580 599 180 272 
3 3 3 3 3 3 12 12 12 12 12 12 12 12 12 7 7 7 11 11 11 11 11 11 2 2 2 2 2 2 2 2 10 10 8 8 8 8 8 8 3 3 3 3 3 3 14 14 14 14 14 14 14 14 14 14 14 14 2 2 2 2 2 2 2 2 1 1 1 1 1 1 10 10 1 1 1 1 1 1 9 9 9 9 6 6 6 5 5 5 5 5 5 5 5 5 5 5 12 12 12 12 12 12 12 12 12 13 13 13 13 13 13 4 4 4 4 4 4 4 4 4 4 4 4 4 4 4 4 14 14 14 14 14 14 14 14 14 14 14 14 0 0 0 0 0 0 0 0 0 0 5 5 5 5 5 5 5 5 5 5 5 9 9 9 9 11 11 11 11 11 11 8 8 8 8 8 8 0 0 0 0 0 0 0 0 0 0 6 6 6 7 7 7 13 13 13 13 13 13 