469
100
2
3 3 3 4 4 4 6 6 6 6 7 7 7 7 8 8 8 8 8 9 9 9 9 9 9 11 11 11 11 11 11 11 11 11 11 11 11 11 11 11 11 11 11 11 13 13 13 13 13 13 13 14 14 15 15 15 15 15 15 15 15 15 15 15 17 17 20 20 22 22 22 22 22 26 26 26 26 26 26 28 28 28 28 28 28 28 28 28 28 28 28 29 29 31 32 32 32 32 34 34 34 37 37 37 37 37 41 42 42 42 42 42 42 44 44 44 44 44 44 46 46 46 46 46 46 46 46 48 49 49 50 52 52 52 52 52 52 52 52 53 53 54 54 54 54 55 55 56 57 57 57 57 57 58 58 58 58 58 58 58 58 58 58 58 58 58 60 60 60 60 60 62 62 62 62 62 62 62 62 62 62 62 62 62 62 62 62 62 62 62 64 67 67 67 67 67 67 68 68 68 
98 99 100 76 77 78 57 58 59 60 131 132 133 134 73 74 75 107 108 113 114 115 116 117 118 171 172 173 174 175 176 177 178 179 180 181 182 183 184 185 186 187 188 189 85 86 87 88 89 90 101 66 67 153 154 155 156 6 7 8 9 197 198 199 93 106 51 52 148 149 150 151 152 14 15 16 3 4 5 191 192 193 194 195 196 44 45 46 47 48 49 145 146 64 162 163 164 165 0 1 2 50 123 124 125 126 65 17 18 135 136 137 138 19 20 21 22 23 24 141 142 143 144 102 103 104 105 190 139 140 147 10 11 12 13 109 110 111 112 128 129 119 120 121 122 91 92 130 68 69 70 71 72 53 54 55 56 166 167 168 169 170 94 95 96 97 157 158 159 160 161 25 26 27 28 29 30 31 32 33 34 35 36 37 38 39 40 41 42 43 127 79 80 81 82 83 84 61 62 63 
704 704 704 497 497 497 281 281 281 281 512 512 512 512 197 197 197 807 807 387 387 387 387 387 387 787 787 787 787 787 787 787 787 787 787 787 787 787 787 787 787 787 787 787 792 792 792 792 792 792 445 563 563 706 706 706 706 281 281 281 281 515 515 515 940 303 563 563 267 267 267 267 267 197 197 197 497 497 497 459 459 459 459 459 459 792 792 792 792 792 792 744 744 940 849 849 849 849 704 704 704 445 840 840 840 840 303 807 807 465 465 465 465 387 387 387 387 387 387 734 734 734 734 840 840 840 840 840 688 688 487 512 512 512 512 465 465 465 465 688 688 734 734 734 734 744 744 487 267 267 267 267 267 706 706 706 706 653 653 653 653 653 849 849 849 849 653 653 653 653 653 787 787 787 787 787 787 787 787 787 787 787 787 787 787 787 787 787 787 787 840 459 459 459 459 459 459 515 515 515 
0 1 2 3 4 5 6 7 8 9 10 11 12 13 14 15 16 17 18 19 20 21 22 23 24 25 26 27 28 29 30 31 32 33 34 35 36 37 38 39 40 41 42 43 44 45 46 47 48 49 50 51 52 53 54 55 56 6 7 8 9 57 58 59 60 61 51 52 62 63 64 65 66 14 15 16 3 4 5 67 68 69 70 71 72 44 45 46 47 48 49 73 74 60 75 76 77 78 0 1 2 50 79 80 81 82 61 17 18 83 84 85 86 19 20 21 22 23 24 87 88 89 90 79 80 81 82 91 92 93 94 10 11 12 13 83 84 85 86 92 93 87 88 89 90 73 74 94 62 63 64 65 66 53 54 55 56 95 96 97 98 99 75 76 77 78 95 96 97 98 99 25 26 27 28 29 30 31 32 33 34 35 36 37 38 39 40 41 42 43 91 67 68 69 70 71 72 57 58 59 
61287
26
1 3 3 6 4 5 1 4 6 1 3 6 5 2 4 1 4 2 2 1 4 4 2 4 3 19 
17 8 3 28 46 22 17 15 13 48 4 9 58 29 7 13 6 14 8 50 37 32 49 42 15 11 
31 26 34 67 54 57 41 58 28 64 26 44 60 55 52 37 15 20 42 56 46 58 53 52 68 62 
940 197 704 459 734 267 303 706 792 840 497 387 653 744 512 445 281 563 807 487 840 849 688 465 515 787 
2 2 2 10 10 10 16 16 16 16 14 14 14 14 1 1 1 18 18 11 11 11 11 11 11 25 25 25 25 25 25 25 25 25 25 25 25 25 25 25 25 25 25 25 8 8 8 8 8 8 15 17 17 7 7 7 7 16 16 16 16 24 24 24 0 6 17 17 5 5 5 5 5 1 1 1 10 10 10 3 3 3 3 3 3 8 8 8 8 8 8 13 13 0 21 21 21 21 2 2 2 15 20 20 20 20 6 18 18 23 23 23 23 11 11 11 11 11 11 4 4 4 4 20 20 20 20 9 22 22 19 14 14 14 14 23 23 23 23 22 22 4 4 4 4 13 13 19 5 5 5 5 5 7 7 7 7 12 12 12 12 12 21 21 21 21 12 12 12 12 12 25 25 25 25 25 25 25 25 25 25 25 25 25 25 25 25 25 25 25 9 3 3 3 3 3 3 24 24 24 