300
100
2
1 1 1 1 1 1 3 3 3 3 3 3 3 4 4 4 4 4 4 5 5 5 5 5 5 6 6 6 9 9 9 9 9 9 10 10 13 13 13 13 13 13 13 13 13 15 15 15 15 15 15 17 17 17 17 17 18 18 18 18 18 18 18 21 21 21 21 21 21 21 22 22 24 24 24 24 24 24 24 24 24 24 24 24 24 24 24 24 24 26 26 30 30 30 30 30 30 30 30 30 30 30 30 30 30 30 30 30 30 30 30 31 31 32 32 32 32 32 32 35 35 35 35 35 35 37 37 37 39 39 39 39 39 39 39 42 42 42 42 43 43 43 43 43 51 51 51 51 51 51 51 51 51 51 53 53 53 53 53 53 56 56 56 56 58 58 58 58 58 58 58 58 60 60 60 60 60 64 64 64 64 64 64 65 65 65 65 65 65 66 66 66 66 67 67 67 70 70 70 70 
177 178 179 180 181 182 56 57 58 59 60 61 62 91 92 93 94 95 96 113 114 115 116 117 118 63 64 65 45 46 47 48 49 50 128 129 183 184 185 186 187 188 72 73 74 28 29 30 31 32 33 172 173 174 175 176 6 7 8 9 10 11 12 25 26 27 160 161 162 163 111 112 42 43 44 97 98 99 100 101 102 103 104 105 106 107 108 109 110 170 171 13 14 15 16 17 18 75 76 77 78 79 80 81 82 83 84 85 86 87 88 70 71 19 20 21 22 23 24 144 145 146 147 148 149 193 194 195 34 35 139 140 141 142 143 196 197 198 199 130 131 132 133 134 119 120 121 122 123 124 189 190 191 192 164 165 166 167 168 169 66 67 68 69 154 155 156 157 158 159 89 90 51 52 53 54 55 0 1 2 3 4 5 36 37 38 39 40 41 150 151 152 153 125 126 127 135 136 137 138 
312 312 312 312 312 312 818 818 818 818 818 818 818 893 893 893 893 893 893 475 475 475 475 475 475 259 259 259 239 239 239 239 239 239 348 348 793 793 793 793 793 793 675 675 675 239 239 239 239 239 239 515 515 515 515 515 818 818 818 818 818 818 818 259 259 259 873 873 873 873 988 988 675 675 675 174 174 174 174 174 174 174 174 174 174 174 174 174 174 469 469 893 893 893 893 893 893 174 174 174 174 174 174 174 174 174 174 174 174 174 174 988 988 475 475 475 475 475 475 694 694 694 694 694 694 759 759 759 348 348 624 624 624 624 624 237 237 237 237 624 624 624 624 624 694 694 694 694 694 694 430 430 430 430 219 219 219 219 219 219 873 873 873 873 219 219 219 219 219 219 469 469 515 515 515 515 515 312 312 312 312 312 312 793 793 793 793 793 793 430 430 430 430 759 759 759 237 237 237 237 
0 1 2 3 4 5 6 7 8 9 10 11 12 13 14 15 16 17 18 19 20 21 22 23 24 25 26 27 28 29 30 31 32 33 34 35 36 37 38 39 40 41 42 43 44 28 29 30 31 32 33 45 46 47 48 49 6 7 8 9 10 11 12 25 26 27 50 51 52 53 54 55 42 43 44 56 57 58 59 60 61 62 63 64 65 66 67 68 69 70 71 13 14 15 16 17 18 56 57 58 59 60 61 62 63 64 65 66 67 68 69 54 55 19 20 21 22 23 24 72 73 74 75 76 77 78 79 80 34 35 81 82 83 84 85 86 87 88 89 81 82 83 84 85 72 73 74 75 76 77 90 91 92 93 94 95 96 97 98 99 50 51 52 53 94 95 96 97 98 99 70 71 45 46 47 48 49 0 1 2 3 4 5 36 37 38 39 40 41 90 91 92 93 78 79 80 86 87 88 89 
50456
20
5 2 3 6 3 6 2 4 5 6 3 6 4 6 2 6 4 7 6 14 
17 10 37 4 6 35 22 21 39 13 13 1 42 53 26 9 51 3 5 24 
60 39 67 30 21 51 31 56 43 65 24 64 70 58 58 15 66 18 32 30 
515 348 759 893 259 694 988 873 624 793 675 312 237 219 469 239 430 818 475 174 
11 11 11 11 11 11 17 17 17 17 17 17 17 3 3 3 3 3 3 18 18 18 18 18 18 4 4 4 15 15 15 15 15 15 1 1 9 9 9 9 9 9 10 10 10 15 15 15 15 15 15 0 0 0 0 0 17 17 17 17 17 17 17 4 4 4 7 7 7 7 6 6 10 10 10 19 19 19 19 19 19 19 19 19 19 19 19 19 19 14 14 3 3 3 3 3 3 19 19 19 19 19 19 19 19 19 19 19 19 19 19 6 6 18 18 18 18 18 18 5 5 5 5 5 5 2 2 2 1 1 8 8 8 8 8 12 12 12 12 8 8 8 8 8 5 5 5 5 5 5 16 16 16 16 13 13 13 13 13 13 7 7 7 7 13 13 13 13 13 13 14 14 0 0 0 0 0 11 11 11 11 11 11 9 9 9 9 9 9 16 16 16 16 2 2 2 12 12 12 12 