995
100
2
2 2 2 2 4 4 4 4 4 4 5 5 5 5 5 5 5 5 5 5 5 5 5 5 5 5 5 8 8 8 8 8 8 10 10 10 10 10 10 13 13 13 13 13 14 14 14 15 15 15 15 15 15 15 15 17 17 17 17 17 21 21 21 21 21 21 21 25 25 25 25 29 29 29 29 29 30 30 30 30 30 31 31 31 31 31 31 31 31 31 31 32 32 32 32 32 32 32 32 32 32 32 33 33 33 33 33 35 35 35 35 35 35 37 37 37 37 37 37 43 43 43 43 43 43 43 43 43 45 45 45 46 46 46 46 46 46 46 46 52 52 52 52 52 52 52 52 52 52 52 52 52 52 52 52 52 52 55 55 55 55 55 59 59 59 61 61 61 61 63 63 63 63 63 63 63 63 63 63 63 63 63 63 63 64 64 64 64 64 64 66 66 66 66 69 69 69 69 69 69 
190 191 192 193 184 185 186 187 188 189 148 149 150 151 152 153 91 92 93 94 95 96 97 98 99 100 101 157 158 165 166 167 168 113 114 115 116 117 118 76 77 78 79 80 162 163 164 176 177 178 179 180 181 182 183 60 61 62 63 64 55 56 57 58 59 81 82 169 170 171 172 102 103 104 105 106 39 40 41 42 43 65 66 107 108 109 110 111 112 131 132 16 17 18 19 20 21 22 23 24 25 26 71 72 73 74 75 83 84 85 86 87 88 33 34 35 36 37 38 139 140 141 194 195 196 197 198 199 173 174 175 89 90 142 143 144 145 146 147 119 120 121 133 134 135 136 137 138 10 11 12 13 14 15 159 160 161 27 28 154 155 156 44 45 46 29 30 31 32 67 68 69 70 128 129 130 47 48 49 50 51 52 53 54 4 5 6 7 8 9 0 1 2 3 122 123 124 125 126 127 
174 174 174 174 338 338 338 338 338 338 240 240 240 240 240 240 885 885 885 885 885 885 885 885 885 885 885 262 262 227 227 227 227 691 691 691 691 691 691 972 972 972 972 972 211 211 211 902 902 902 902 902 902 902 902 856 856 856 856 856 856 856 856 856 856 633 633 417 417 417 417 592 592 592 592 592 972 972 972 972 972 633 633 227 227 227 227 227 227 158 158 885 885 885 885 885 885 885 885 885 885 885 592 592 592 592 592 227 227 227 227 227 227 691 691 691 691 691 691 438 438 438 662 662 662 662 662 662 855 855 855 158 158 679 679 679 679 679 679 438 438 438 679 679 679 679 679 679 240 240 240 240 240 240 523 523 523 262 262 523 523 523 211 211 211 227 227 227 227 417 417 417 417 855 855 855 902 902 902 902 902 902 902 902 338 338 338 338 338 338 174 174 174 174 662 662 662 662 662 662 
0 1 2 3 4 5 6 7 8 9 10 11 12 13 14 15 16 17 18 19 20 21 22 23 24 25 26 27 28 29 30 31 32 33 34 35 36 37 38 39 40 41 42 43 44 45 46 47 48 49 50 51 52 53 54 55 56 57 58 59 55 56 57 58 59 60 61 62 63 64 65 66 67 68 69 70 39 40 41 42 43 60 61 71 72 73 74 75 76 77 78 16 17 18 19 20 21 22 23 24 25 26 66 67 68 69 70 71 72 73 74 75 76 33 34 35 36 37 38 79 80 81 82 83 84 85 86 87 88 89 90 77 78 91 92 93 94 95 96 79 80 81 91 92 93 94 95 96 10 11 12 13 14 15 97 98 99 27 28 97 98 99 44 45 46 29 30 31 32 62 63 64 65 88 89 90 47 48 49 50 51 52 53 54 4 5 6 7 8 9 0 1 2 3 82 83 84 85 86 87 
57532
21
5 2 6 4 5 6 2 6 3 6 2 3 4 4 8 5 3 6 6 3 11 
17 21 10 25 29 31 31 4 43 43 8 45 2 8 15 13 14 46 5 52 5 
21 31 37 63 33 35 46 64 52 69 55 63 66 61 63 30 59 52 52 55 32 
856 633 691 417 592 227 158 338 438 662 262 855 174 227 902 972 211 679 240 523 885 
12 12 12 12 7 7 7 7 7 7 18 18 18 18 18 18 20 20 20 20 20 20 20 20 20 20 20 10 10 13 13 13 13 2 2 2 2 2 2 15 15 15 15 15 16 16 16 14 14 14 14 14 14 14 14 0 0 0 0 0 0 0 0 0 0 1 1 3 3 3 3 4 4 4 4 4 15 15 15 15 15 1 1 5 5 5 5 5 5 6 6 20 20 20 20 20 20 20 20 20 20 20 4 4 4 4 4 5 5 5 5 5 5 2 2 2 2 2 2 8 8 8 9 9 9 9 9 9 11 11 11 6 6 17 17 17 17 17 17 8 8 8 17 17 17 17 17 17 18 18 18 18 18 18 19 19 19 10 10 19 19 19 16 16 16 13 13 13 13 3 3 3 3 11 11 11 14 14 14 14 14 14 14 14 7 7 7 7 7 7 12 12 12 12 9 9 9 9 9 9 