149
100
2
1 1 1 1 1 1 1 1 6 6 6 6 6 6 6 6 8 8 8 8 8 8 8 8 14 14 14 14 14 14 14 14 14 14 14 14 16 16 16 16 16 16 16 16 20 20 20 20 20 20 20 20 22 22 22 22 22 22 22 22 22 22 22 22 22 22 22 22 22 22 22 22 22 22 22 22 22 28 28 28 28 28 28 28 28 28 28 28 28 28 28 28 31 31 31 31 31 32 32 32 32 32 32 32 32 32 32 32 32 32 32 32 36 36 36 36 36 36 40 40 40 40 40 40 40 40 40 40 40 40 44 44 44 44 44 44 51 51 51 51 51 51 51 51 51 51 54 54 54 54 54 55 55 55 55 55 55 55 55 55 55 55 55 55 55 55 68 68 68 68 68 68 68 68 68 68 68 68 68 68 68 68 68 69 69 69 69 69 69 69 69 69 69 69 69 69 69 69 69 69 
16 17 18 19 20 21 22 23 9 8 11 10 13 12 15 14 0 1 2 3 4 5 6 7 118 119 120 121 122 123 124 125 126 127 128 129 44 45 46 47 48 49 50 51 36 37 38 39 40 41 42 43 136 137 138 139 140 141 142 143 144 145 77 78 79 80 81 82 83 84 85 86 87 88 89 90 91 62 63 64 65 66 67 68 69 70 71 72 73 74 75 76 146 147 148 149 150 151 152 153 154 155 156 157 158 159 160 161 162 163 164 165 130 131 132 133 134 135 24 25 26 27 28 29 30 31 32 33 34 35 112 113 114 115 116 117 52 53 54 55 56 57 58 59 60 61 92 93 94 95 96 97 98 99 100 101 102 103 104 105 106 107 108 109 110 111 183 184 185 186 187 188 189 190 191 192 193 194 195 196 197 198 199 166 167 168 169 170 171 172 173 174 175 176 177 178 179 180 181 182 
376 376 376 376 376 376 376 376 574 574 574 574 574 574 574 574 376 376 376 376 376 376 376 376 982 982 982 982 982 982 982 982 982 982 982 982 438 438 438 438 438 438 438 438 438 438 438 438 438 438 438 438 214 214 214 214 214 214 214 214 214 214 162 162 162 162 162 162 162 162 162 162 162 162 162 162 162 162 162 162 162 162 162 162 162 162 162 162 162 162 162 162 154 154 154 154 154 472 472 472 472 472 472 472 472 472 472 472 472 472 472 472 619 619 619 619 619 619 982 982 982 982 982 982 982 982 982 982 982 982 619 619 619 619 619 619 214 214 214 214 214 214 214 214 214 214 154 154 154 154 154 472 472 472 472 472 472 472 472 472 472 472 472 472 472 472 929 929 929 929 929 929 929 929 929 929 929 929 929 929 929 929 929 929 929 929 929 929 929 929 929 929 929 929 929 929 929 929 929 929 
0 1 2 3 4 5 6 7 8 8 9 9 10 10 11 11 0 1 2 3 4 5 6 7 12 13 14 15 16 17 18 19 20 21 22 23 24 25 26 27 28 29 30 31 24 25 26 27 28 29 30 31 32 33 34 35 36 37 38 39 40 41 42 43 44 45 46 47 48 49 50 51 52 53 54 55 56 42 43 44 45 46 47 48 49 50 51 52 53 54 55 56 57 58 59 60 61 62 63 64 65 66 67 68 69 70 71 72 73 74 75 76 77 78 79 80 81 82 12 13 14 15 16 17 18 19 20 21 22 23 77 78 79 80 81 82 32 33 34 35 36 37 38 39 40 41 57 58 59 60 61 62 63 64 65 66 67 68 69 70 71 72 73 74 75 76 83 84 85 86 87 88 89 90 91 92 93 94 95 96 97 98 99 83 84 85 86 87 88 89 90 91 92 93 94 95 96 97 98 99 
52519
10
4 15 10 5 6 8 12 8 17 15 
6 32 22 31 36 16 14 1 68 22 
6 55 51 54 44 20 40 8 69 28 
574 472 214 154 619 438 982 376 929 162 
7 7 7 7 7 7 7 7 0 0 0 0 0 0 0 0 7 7 7 7 7 7 7 7 6 6 6 6 6 6 6 6 6 6 6 6 5 5 5 5 5 5 5 5 5 5 5 5 5 5 5 5 2 2 2 2 2 2 2 2 2 2 9 9 9 9 9 9 9 9 9 9 9 9 9 9 9 9 9 9 9 9 9 9 9 9 9 9 9 9 9 9 3 3 3 3 3 1 1 1 1 1 1 1 1 1 1 1 1 1 1 1 4 4 4 4 4 4 6 6 6 6 6 6 6 6 6 6 6 6 4 4 4 4 4 4 2 2 2 2 2 2 2 2 2 2 3 3 3 3 3 1 1 1 1 1 1 1 1 1 1 1 1 1 1 1 8 8 8 8 8 8 8 8 8 8 8 8 8 8 8 8 8 8 8 8 8 8 8 8 8 8 8 8 8 8 8 8 8 8 