144
100
2
3 3 3 3 3 4 4 4 4 4 4 4 4 6 6 14 14 14 14 14 14 14 14 14 14 14 15 15 15 15 15 15 15 15 15 15 16 16 16 16 16 16 16 16 16 16 16 18 18 18 18 18 18 18 18 18 18 19 19 19 19 19 19 19 22 22 22 22 22 25 25 25 25 25 25 25 31 31 31 31 31 31 31 31 31 33 33 33 33 33 33 33 33 33 33 33 33 35 35 35 39 39 39 42 42 42 42 42 42 42 42 42 42 43 43 43 43 43 43 43 43 43 44 44 44 44 44 44 44 44 49 49 49 49 49 49 53 53 53 53 53 53 55 55 55 55 55 55 55 59 59 59 59 59 59 59 59 59 59 59 59 59 59 59 59 59 59 59 59 59 59 61 61 61 61 61 61 61 61 64 64 64 64 64 64 64 65 65 65 67 67 67 70 70 70 70 70 70 70 70 
64 65 66 67 68 192 193 194 195 196 197 198 199 95 96 160 161 162 163 164 165 166 167 168 169 170 85 86 87 88 89 90 91 92 93 94 149 150 151 152 153 154 155 156 157 158 159 103 104 105 106 107 108 109 110 111 112 69 70 71 72 73 74 75 0 1 2 3 4 57 58 59 60 61 62 63 113 114 115 116 117 118 119 120 121 26 27 28 29 30 31 32 33 34 35 13 14 186 187 188 189 190 191 47 48 49 50 51 52 53 54 55 56 76 77 78 79 80 81 82 83 84 171 172 173 174 175 176 177 178 136 137 138 139 140 141 130 131 132 133 134 135 179 180 181 182 183 184 185 36 37 38 39 40 41 42 43 44 45 46 15 16 17 18 19 20 21 22 23 24 25 122 123 124 125 126 127 128 129 142 143 144 145 146 147 148 97 98 99 100 101 102 5 6 7 8 9 10 11 12 
617 617 617 617 617 581 581 581 581 581 581 581 581 587 587 931 931 931 931 931 931 931 931 931 931 931 777 777 777 777 777 777 777 777 777 777 552 552 552 552 552 552 552 552 552 552 552 455 455 455 455 455 455 455 455 455 455 912 912 912 912 912 912 912 617 617 617 617 617 912 912 912 912 912 912 912 597 597 597 597 597 597 597 597 597 777 777 777 777 777 777 777 777 777 777 587 587 898 898 898 178 178 178 455 455 455 455 455 455 455 455 455 455 597 597 597 597 597 597 597 597 597 886 886 886 886 886 886 886 886 780 780 780 780 780 780 780 780 780 780 780 780 250 250 250 250 250 250 250 552 552 552 552 552 552 552 552 552 552 552 931 931 931 931 931 931 931 931 931 931 931 886 886 886 886 886 886 886 886 250 250 250 250 250 250 250 898 898 898 178 178 178 581 581 581 581 581 581 581 581 
0 1 2 3 4 5 6 7 8 9 10 11 12 13 14 15 16 17 18 19 20 21 22 23 24 25 26 27 28 29 30 31 32 33 34 35 36 37 38 39 40 41 42 43 44 45 46 47 48 49 50 51 52 53 54 55 56 57 58 59 60 61 62 63 0 1 2 3 4 57 58 59 60 61 62 63 64 65 66 67 68 69 70 71 72 26 27 28 29 30 31 32 33 34 35 13 14 73 74 75 76 77 78 47 48 49 50 51 52 53 54 55 56 64 65 66 67 68 69 70 71 72 79 80 81 82 83 84 85 86 87 88 89 90 91 92 87 88 89 90 91 92 93 94 95 96 97 98 99 36 37 38 39 40 41 42 43 44 45 46 15 16 17 18 19 20 21 22 23 24 25 79 80 81 82 83 84 85 86 93 94 95 96 97 98 99 73 74 75 76 77 78 5 6 7 8 9 10 11 12 
66043
14
6 3 10 7 8 11 3 10 11 7 2 5 9 8 
49 39 15 55 44 16 35 18 14 19 6 3 31 4 
53 67 33 64 61 59 65 42 59 25 33 22 43 70 
780 178 777 250 886 552 898 455 931 912 587 617 597 581 
11 11 11 11 11 13 13 13 13 13 13 13 13 10 10 8 8 8 8 8 8 8 8 8 8 8 2 2 2 2 2 2 2 2 2 2 5 5 5 5 5 5 5 5 5 5 5 7 7 7 7 7 7 7 7 7 7 9 9 9 9 9 9 9 11 11 11 11 11 9 9 9 9 9 9 9 12 12 12 12 12 12 12 12 12 2 2 2 2 2 2 2 2 2 2 10 10 6 6 6 1 1 1 7 7 7 7 7 7 7 7 7 7 12 12 12 12 12 12 12 12 12 4 4 4 4 4 4 4 4 0 0 0 0 0 0 0 0 0 0 0 0 3 3 3 3 3 3 3 5 5 5 5 5 5 5 5 5 5 5 8 8 8 8 8 8 8 8 8 8 8 4 4 4 4 4 4 4 4 3 3 3 3 3 3 3 6 6 6 1 1 1 13 13 13 13 13 13 13 13 