265
100
2
1 1 1 1 4 4 4 4 4 4 4 4 4 6 6 6 6 6 8 8 8 8 8 8 8 8 8 8 8 8 8 9 9 9 9 9 9 9 9 9 9 9 9 9 9 9 9 21 21 21 21 21 21 21 23 23 23 23 23 36 36 36 36 40 40 40 40 40 40 40 40 40 40 40 40 40 40 40 40 40 40 40 40 40 40 40 42 42 42 42 42 42 42 42 42 42 42 42 42 56 56 56 56 56 56 56 56 56 56 56 56 56 57 57 57 57 57 57 58 58 58 58 58 58 58 58 58 58 58 58 58 58 58 58 58 58 58 58 58 58 58 59 59 59 59 60 60 60 60 60 60 63 63 63 63 63 63 63 63 63 63 63 63 63 65 65 65 65 65 65 65 66 66 66 66 66 66 66 66 66 66 66 66 66 66 66 66 70 70 70 70 70 70 70 70 70 70 70 70 70 
59 60 61 62 155 156 157 158 159 160 161 162 163 54 55 56 57 58 99 100 101 102 103 104 105 106 107 108 109 110 111 171 172 173 174 175 176 177 178 179 180 181 182 183 184 185 186 164 165 166 167 168 169 170 13 14 15 16 17 0 1 2 3 118 119 120 121 122 123 124 125 126 127 128 129 130 131 132 133 134 135 136 137 138 139 140 187 188 189 190 191 192 193 194 195 196 197 198 199 18 19 20 21 22 23 24 25 26 27 28 29 30 145 146 147 148 149 150 63 64 65 66 67 68 69 70 71 72 73 74 75 76 77 78 79 80 81 82 83 84 85 151 152 153 154 112 113 114 115 116 117 141 142 143 144 4 5 6 7 8 9 10 11 12 47 48 49 50 51 52 53 31 32 33 34 35 36 37 38 39 40 41 42 43 44 45 46 86 87 88 89 90 91 92 93 94 95 96 97 98 
952 952 952 952 398 398 398 398 398 398 398 398 398 682 682 682 682 682 821 821 821 821 821 821 821 821 821 821 821 821 821 770 770 770 770 770 770 770 770 770 770 770 770 770 770 770 770 781 781 781 781 781 781 781 682 682 682 682 682 952 952 952 952 561 561 561 561 561 561 561 561 561 561 561 561 561 561 561 561 561 561 561 561 561 561 561 485 485 485 485 485 485 485 485 485 485 485 485 485 821 821 821 821 821 821 821 821 821 821 821 821 821 189 189 189 189 189 189 561 561 561 561 561 561 561 561 561 561 561 561 561 561 561 561 561 561 561 561 561 561 561 380 380 380 380 189 189 189 189 189 189 380 380 380 380 398 398 398 398 398 398 398 398 398 781 781 781 781 781 781 781 770 770 770 770 770 770 770 770 770 770 770 770 770 770 770 770 485 485 485 485 485 485 485 485 485 485 485 485 485 
0 1 2 3 4 5 6 7 8 9 10 11 12 13 14 15 16 17 18 19 20 21 22 23 24 25 26 27 28 29 30 31 32 33 34 35 36 37 38 39 40 41 42 43 44 45 46 47 48 49 50 51 52 53 13 14 15 16 17 0 1 2 3 54 55 56 57 58 59 60 61 62 63 64 65 66 67 68 69 70 71 72 73 74 75 76 77 78 79 80 81 82 83 84 85 86 87 88 89 18 19 20 21 22 23 24 25 26 27 28 29 30 90 91 92 93 94 95 54 55 56 57 58 59 60 61 62 63 64 65 66 67 68 69 70 71 72 73 74 75 76 96 97 98 99 90 91 92 93 94 95 96 97 98 99 4 5 6 7 8 9 10 11 12 47 48 49 50 51 52 53 31 32 33 34 35 36 37 38 39 40 41 42 43 44 45 46 77 78 79 80 81 82 83 84 85 86 87 88 89 
61122
10
5 4 13 13 4 9 7 16 6 23 
6 1 8 42 59 4 21 9 57 40 
23 36 56 70 63 63 65 66 60 58 
682 952 821 485 380 398 781 770 189 561 
1 1 1 1 5 5 5 5 5 5 5 5 5 0 0 0 0 0 2 2 2 2 2 2 2 2 2 2 2 2 2 7 7 7 7 7 7 7 7 7 7 7 7 7 7 7 7 6 6 6 6 6 6 6 0 0 0 0 0 1 1 1 1 9 9 9 9 9 9 9 9 9 9 9 9 9 9 9 9 9 9 9 9 9 9 9 3 3 3 3 3 3 3 3 3 3 3 3 3 2 2 2 2 2 2 2 2 2 2 2 2 2 8 8 8 8 8 8 9 9 9 9 9 9 9 9 9 9 9 9 9 9 9 9 9 9 9 9 9 9 9 4 4 4 4 8 8 8 8 8 8 4 4 4 4 5 5 5 5 5 5 5 5 5 6 6 6 6 6 6 6 7 7 7 7 7 7 7 7 7 7 7 7 7 7 7 7 3 3 3 3 3 3 3 3 3 3 3 3 3 