36
100
2
1 1 1 10 10 12 12 12 12 12 12 14 14 14 14 14 14 14 14 14 14 14 14 14 14 14 16 17 17 17 17 17 17 17 20 20 21 22 22 22 22 22 22 22 22 22 22 22 22 22 22 22 23 23 23 23 23 23 23 24 24 24 24 24 24 24 24 26 26 26 26 26 26 26 26 27 27 27 27 27 27 27 27 27 27 28 28 28 28 28 28 28 28 28 28 28 28 28 28 28 29 29 29 29 29 29 29 29 29 29 29 29 29 29 29 30 30 30 32 32 32 32 32 36 36 36 36 36 38 38 38 38 38 38 39 39 39 39 39 39 41 41 47 47 47 49 49 49 49 51 51 51 51 51 51 51 51 52 52 52 59 59 59 59 59 59 59 59 59 59 59 59 59 59 59 65 65 65 65 65 65 65 65 65 65 65 65 65 65 67 67 67 67 67 67 67 68 68 68 68 
34 35 36 126 127 128 129 130 131 132 133 180 181 182 183 184 185 186 187 188 134 135 136 137 138 139 157 189 190 191 192 193 194 195 0 1 2 160 161 162 163 164 165 166 167 168 169 170 171 172 173 174 75 76 77 78 79 80 81 60 59 62 61 64 63 66 65 149 150 151 152 153 154 155 156 52 53 54 55 56 57 58 123 124 125 100 101 102 103 104 105 106 107 108 109 110 111 112 113 114 85 86 87 88 89 90 91 92 93 94 95 96 97 98 99 142 143 144 175 176 177 178 179 82 83 84 3 4 5 6 7 8 9 10 20 21 22 23 24 25 158 159 115 116 117 196 197 198 199 67 68 69 70 71 72 73 74 26 140 141 37 38 39 40 41 42 43 44 45 46 47 48 49 50 51 118 119 120 121 122 11 12 13 14 15 16 17 18 19 27 28 29 30 31 32 33 145 146 147 148 
177 177 326 356 356 664 664 664 664 664 664 652 652 652 652 652 652 652 652 652 406 406 406 406 406 406 197 339 339 339 339 339 339 339 177 177 326 410 410 410 410 410 410 410 257 257 257 257 257 257 257 257 155 155 155 155 155 155 155 466 466 466 466 466 466 466 466 764 764 764 764 764 764 764 764 155 155 155 155 155 155 155 799 799 799 370 370 370 370 370 370 370 370 370 370 370 370 370 370 370 370 370 370 370 370 370 370 370 370 370 370 370 370 370 370 190 190 190 564 564 564 564 564 799 799 799 356 356 664 664 664 664 664 664 406 406 406 406 406 406 732 732 190 190 190 416 416 416 416 764 764 764 764 764 764 764 764 197 732 732 410 410 410 410 410 410 410 257 257 257 257 257 257 257 257 564 564 564 564 564 652 652 652 652 652 652 652 652 652 339 339 339 339 339 339 339 416 416 416 416 
0 1 2 3 4 5 6 7 8 9 10 11 12 13 14 15 16 17 18 19 20 21 22 23 24 25 26 27 28 29 30 31 32 33 0 1 2 34 35 36 37 38 39 40 41 42 43 44 45 46 47 48 49 50 51 52 53 54 55 56 56 57 57 58 58 59 59 60 61 62 63 64 65 66 67 49 50 51 52 53 54 55 68 69 70 71 72 73 74 75 76 77 78 79 80 81 82 83 84 85 71 72 73 74 75 76 77 78 79 80 81 82 83 84 85 86 87 88 89 90 91 92 93 68 69 70 3 4 5 6 7 8 9 10 20 21 22 23 24 25 94 95 86 87 88 96 97 98 99 60 61 62 63 64 65 66 67 26 94 95 34 35 36 37 38 39 40 41 42 43 44 45 46 47 48 89 90 91 92 93 11 12 13 14 15 16 17 18 19 27 28 29 30 31 32 33 96 97 98 99 
44702
19
2 4 6 7 7 7 8 5 3 1 9 4 3 1 6 8 2 2 15 
1 49 12 17 22 23 22 32 27 1 14 24 30 16 14 26 41 10 28 
20 68 38 67 59 27 59 65 36 21 65 24 47 52 39 51 52 36 29 
177 416 664 339 410 155 257 564 799 326 652 466 190 197 406 764 732 356 370 
0 0 9 17 17 2 2 2 2 2 2 10 10 10 10 10 10 10 10 10 14 14 14 14 14 14 13 3 3 3 3 3 3 3 0 0 9 4 4 4 4 4 4 4 6 6 6 6 6 6 6 6 5 5 5 5 5 5 5 11 11 11 11 11 11 11 11 15 15 15 15 15 15 15 15 5 5 5 5 5 5 5 8 8 8 18 18 18 18 18 18 18 18 18 18 18 18 18 18 18 18 18 18 18 18 18 18 18 18 18 18 18 18 18 18 12 12 12 7 7 7 7 7 8 8 8 17 17 2 2 2 2 2 2 14 14 14 14 14 14 16 16 12 12 12 1 1 1 1 15 15 15 15 15 15 15 15 13 16 16 4 4 4 4 4 4 4 6 6 6 6 6 6 6 6 7 7 7 7 7 10 10 10 10 10 10 10 10 10 3 3 3 3 3 3 3 1 1 1 1 