458
100
2
7 7 7 7 7 7 7 7 7 7 16 16 16 16 16 16 16 16 16 17 17 17 17 17 17 17 17 17 17 17 23 23 23 23 23 23 23 25 25 25 25 25 25 25 25 25 25 25 29 29 29 29 31 31 31 31 31 31 31 31 31 33 33 33 36 36 36 36 36 36 36 36 36 36 36 39 39 39 39 39 39 39 40 40 40 40 40 41 41 41 41 41 41 41 41 41 41 41 41 41 41 41 41 41 41 41 41 41 41 44 44 44 48 48 48 48 48 48 48 48 48 48 55 55 55 55 55 55 55 55 55 55 55 55 55 55 55 55 55 57 57 57 57 57 57 57 57 57 57 57 57 57 57 57 57 57 57 57 57 57 57 57 59 59 59 59 59 59 59 59 59 59 59 59 59 59 59 59 59 59 61 61 61 61 61 61 61 61 61 61 61 64 64 64 64 69 69 69 69 69 
112 113 114 115 116 117 118 119 120 121 52 53 54 55 56 57 58 59 60 37 38 39 40 41 42 43 44 45 46 47 75 76 77 78 79 80 81 19 20 21 22 23 24 25 26 27 28 29 191 192 193 194 10 11 12 13 14 15 16 17 18 109 110 111 180 181 182 183 184 185 186 187 188 189 190 30 31 32 33 34 35 36 139 140 141 142 143 122 123 124 125 126 127 128 129 130 131 132 133 134 135 136 137 138 195 196 197 198 199 61 62 63 0 1 2 3 4 5 6 7 8 9 87 88 89 90 91 92 93 94 95 96 97 98 99 100 101 102 103 82 83 84 85 86 162 163 164 165 166 167 168 169 170 171 172 173 174 175 176 177 178 179 144 145 146 147 148 149 150 151 152 153 154 155 156 157 158 159 160 161 64 65 66 67 68 69 70 71 72 73 74 48 49 50 51 104 105 106 107 108 
590 590 590 590 590 590 590 590 590 590 831 831 831 831 831 831 831 831 831 246 246 246 246 246 246 246 246 246 246 246 505 505 505 505 505 505 505 246 246 246 246 246 246 246 246 246 246 246 584 584 584 584 831 831 831 831 831 831 831 831 831 729 729 729 237 237 237 237 237 237 237 237 237 237 237 505 505 505 505 505 505 505 375 375 375 375 375 974 974 974 974 974 974 974 974 974 974 974 974 974 974 974 974 974 870 870 870 870 870 729 729 729 590 590 590 590 590 590 590 590 590 590 974 974 974 974 974 974 974 974 974 974 974 974 974 974 974 974 974 375 375 375 375 375 650 650 650 650 650 650 650 650 650 650 650 650 650 650 650 650 650 650 650 650 650 650 650 650 650 650 650 650 650 650 650 650 650 650 650 650 237 237 237 237 237 237 237 237 237 237 237 584 584 584 584 870 870 870 870 870 
0 1 2 3 4 5 6 7 8 9 10 11 12 13 14 15 16 17 18 19 20 21 22 23 24 25 26 27 28 29 30 31 32 33 34 35 36 19 20 21 22 23 24 25 26 27 28 29 37 38 39 40 10 11 12 13 14 15 16 17 18 41 42 43 44 45 46 47 48 49 50 51 52 53 54 30 31 32 33 34 35 36 55 56 57 58 59 60 61 62 63 64 65 66 67 68 69 70 71 72 73 74 75 76 77 78 79 80 81 41 42 43 0 1 2 3 4 5 6 7 8 9 60 61 62 63 64 65 66 67 68 69 70 71 72 73 74 75 76 55 56 57 58 59 82 83 84 85 86 87 88 89 90 91 92 93 94 95 96 97 98 99 82 83 84 85 86 87 88 89 90 91 92 93 94 95 96 97 98 99 44 45 46 47 48 49 50 51 52 53 54 37 38 39 40 77 78 79 80 81 
61233
11
11 9 10 11 7 17 4 5 3 5 18 
36 16 7 17 23 41 29 40 33 41 57 
61 31 48 25 39 55 64 57 44 69 59 
237 831 590 246 505 974 584 375 729 870 650 
2 2 2 2 2 2 2 2 2 2 1 1 1 1 1 1 1 1 1 3 3 3 3 3 3 3 3 3 3 3 4 4 4 4 4 4 4 3 3 3 3 3 3 3 3 3 3 3 6 6 6 6 1 1 1 1 1 1 1 1 1 8 8 8 0 0 0 0 0 0 0 0 0 0 0 4 4 4 4 4 4 4 7 7 7 7 7 5 5 5 5 5 5 5 5 5 5 5 5 5 5 5 5 5 9 9 9 9 9 8 8 8 2 2 2 2 2 2 2 2 2 2 5 5 5 5 5 5 5 5 5 5 5 5 5 5 5 5 5 7 7 7 7 7 10 10 10 10 10 10 10 10 10 10 10 10 10 10 10 10 10 10 10 10 10 10 10 10 10 10 10 10 10 10 10 10 10 10 10 10 0 0 0 0 0 0 0 0 0 0 0 6 6 6 6 9 9 9 9 9 