773
100
2
2 2 2 2 2 2 2 2 2 2 2 2 2 2 2 4 4 4 4 4 4 4 4 4 4 4 8 8 8 8 8 8 8 8 8 8 20 20 20 20 20 20 20 20 20 20 21 21 21 21 21 21 21 21 21 23 23 23 23 23 23 23 23 23 23 23 23 25 25 25 25 25 25 25 25 25 28 28 28 28 28 28 28 28 28 28 28 28 28 28 28 28 28 37 37 37 37 37 37 37 37 37 37 37 37 39 39 39 39 39 39 39 39 39 39 39 39 39 39 39 39 39 39 39 46 46 46 46 46 46 46 46 46 46 46 50 50 50 50 50 50 50 50 52 52 52 52 52 52 52 52 52 52 54 54 57 57 57 57 57 57 57 57 57 57 57 57 64 64 64 64 64 64 64 64 64 64 66 66 66 66 66 66 66 66 66 66 66 67 67 67 67 67 67 67 67 67 67 67 67 
78 79 80 81 82 83 84 85 86 87 88 89 90 91 92 124 125 126 127 128 129 130 131 132 133 134 143 144 145 146 147 148 149 150 151 152 167 168 169 170 171 172 173 174 175 176 67 68 69 70 71 72 73 74 75 155 156 157 158 159 160 161 162 163 164 165 166 46 47 48 49 50 51 52 53 54 153 154 0 1 2 3 4 5 6 7 8 9 10 11 12 13 14 188 189 190 191 192 193 194 195 196 197 198 199 135 136 137 138 139 140 141 142 177 178 179 180 181 182 183 184 185 186 187 15 16 17 18 19 20 21 22 23 24 25 105 106 107 108 109 110 111 112 26 27 28 29 30 31 32 33 34 35 76 77 55 56 57 58 59 60 61 62 63 64 65 66 36 37 38 39 40 41 42 43 44 45 113 114 115 116 117 118 119 120 121 122 123 93 94 95 96 97 98 99 100 101 102 103 104 
991 991 991 991 991 991 991 991 991 991 991 991 991 991 991 873 873 873 873 873 873 873 873 873 873 873 158 158 158 158 158 158 158 158 158 158 395 395 395 395 395 395 395 395 395 395 336 336 336 336 336 336 336 336 336 445 445 445 445 445 445 445 445 445 445 445 445 336 336 336 336 336 336 336 336 336 242 242 991 991 991 991 991 991 991 991 991 991 991 991 991 991 991 555 555 555 555 555 555 555 555 555 555 555 555 311 311 311 311 311 311 311 311 705 705 705 705 705 705 705 705 705 705 705 873 873 873 873 873 873 873 873 873 873 873 311 311 311 311 311 311 311 311 158 158 158 158 158 158 158 158 158 158 242 242 445 445 445 445 445 445 445 445 445 445 445 445 395 395 395 395 395 395 395 395 395 395 705 705 705 705 705 705 705 705 705 705 705 555 555 555 555 555 555 555 555 555 555 555 555 
0 1 2 3 4 5 6 7 8 9 10 11 12 13 14 15 16 17 18 19 20 21 22 23 24 25 26 27 28 29 30 31 32 33 34 35 36 37 38 39 40 41 42 43 44 45 46 47 48 49 50 51 52 53 54 55 56 57 58 59 60 61 62 63 64 65 66 46 47 48 49 50 51 52 53 54 67 68 0 1 2 3 4 5 6 7 8 9 10 11 12 13 14 69 70 71 72 73 74 75 76 77 78 79 80 81 82 83 84 85 86 87 88 89 90 91 92 93 94 95 96 97 98 99 15 16 17 18 19 20 21 22 23 24 25 81 82 83 84 85 86 87 88 26 27 28 29 30 31 32 33 34 35 67 68 55 56 57 58 59 60 61 62 63 64 65 66 36 37 38 39 40 41 42 43 44 45 89 90 91 92 93 94 95 96 97 98 99 69 70 71 72 73 74 75 76 77 78 79 80 
55749
10
10 2 10 8 12 9 12 11 11 15 
8 28 20 39 23 21 37 39 4 2 
52 54 64 50 57 25 67 66 46 28 
158 242 395 311 445 336 555 705 873 991 
9 9 9 9 9 9 9 9 9 9 9 9 9 9 9 8 8 8 8 8 8 8 8 8 8 8 0 0 0 0 0 0 0 0 0 0 2 2 2 2 2 2 2 2 2 2 5 5 5 5 5 5 5 5 5 4 4 4 4 4 4 4 4 4 4 4 4 5 5 5 5 5 5 5 5 5 1 1 9 9 9 9 9 9 9 9 9 9 9 9 9 9 9 6 6 6 6 6 6 6 6 6 6 6 6 3 3 3 3 3 3 3 3 7 7 7 7 7 7 7 7 7 7 7 8 8 8 8 8 8 8 8 8 8 8 3 3 3 3 3 3 3 3 0 0 0 0 0 0 0 0 0 0 1 1 4 4 4 4 4 4 4 4 4 4 4 4 2 2 2 2 2 2 2 2 2 2 7 7 7 7 7 7 7 7 7 7 7 6 6 6 6 6 6 6 6 6 6 6 6 