689
100
2
2 2 2 2 2 3 7 7 7 9 10 10 10 10 12 12 12 12 12 12 12 12 13 16 16 16 18 18 18 18 18 18 18 18 18 19 19 19 20 20 20 22 22 22 22 24 24 24 24 24 24 24 24 24 24 25 25 25 25 26 26 26 26 26 26 26 26 26 26 26 26 27 27 27 27 27 27 27 27 27 27 27 27 30 30 30 30 30 30 31 31 31 32 32 32 35 35 35 35 35 37 37 38 38 38 38 39 39 40 40 40 40 40 40 40 40 40 40 40 40 40 40 40 40 40 40 40 41 41 41 41 41 41 41 41 41 41 41 41 41 41 41 41 41 42 42 42 42 44 44 44 44 45 45 46 46 46 46 46 46 46 46 46 46 47 50 50 50 50 51 51 51 51 52 52 52 52 52 55 55 57 57 58 58 58 58 58 58 62 62 62 64 64 64 64 64 64 66 66 66 
76 77 78 79 80 23 197 198 199 10 9 45 46 47 165 166 167 168 160 161 162 163 89 5 90 91 41 42 43 44 173 174 175 176 177 182 183 184 68 69 70 26 27 28 29 11 12 13 193 194 195 196 108 109 110 64 65 66 67 155 156 157 158 159 55 56 57 58 38 39 40 95 96 97 98 99 0 1 2 3 4 189 190 102 103 104 105 146 147 22 24 25 185 186 187 71 72 73 74 75 127 164 83 84 85 86 144 145 52 53 54 128 129 130 131 132 133 134 135 136 137 138 139 140 141 142 143 100 111 112 113 114 115 116 117 118 119 120 121 122 123 124 125 126 106 107 87 88 169 170 171 172 180 181 188 59 60 61 62 63 18 19 20 21 101 14 15 16 17 148 149 150 151 30 31 32 33 34 191 192 152 153 35 36 37 92 93 94 154 81 82 178 179 48 49 50 51 6 7 8 
690 690 690 690 690 550 680 680 680 588 588 993 993 993 491 491 491 491 841 841 841 841 158 550 378 378 855 855 855 855 958 958 958 958 958 445 445 445 596 596 596 855 855 855 855 993 993 993 733 733 733 733 221 221 221 341 341 341 341 681 681 681 681 681 341 341 341 341 596 596 596 960 960 960 960 960 690 690 690 690 690 412 412 432 432 432 432 264 264 158 378 378 940 940 940 960 960 960 960 960 258 931 432 432 432 432 512 512 221 221 221 669 669 669 669 669 669 669 669 669 669 669 669 669 669 669 669 258 669 669 669 669 669 669 669 669 669 669 669 669 669 669 669 669 512 512 264 264 270 270 270 270 648 648 606 681 681 681 681 681 841 841 841 841 931 491 491 491 491 270 270 270 270 958 958 958 958 958 446 446 648 648 445 445 445 940 940 940 606 412 412 446 446 733 733 733 733 680 680 680 
0 1 2 3 4 5 6 7 8 9 9 10 11 12 13 14 15 16 17 18 19 20 21 5 22 23 24 25 26 27 28 29 30 31 32 33 34 35 36 37 38 24 25 26 27 10 11 12 39 40 41 42 43 44 45 46 47 48 49 50 51 52 53 54 46 47 48 49 36 37 38 55 56 57 58 59 0 1 2 3 4 60 61 62 63 64 65 66 67 21 22 23 68 69 70 55 56 57 58 59 71 72 62 63 64 65 73 74 43 44 45 75 76 77 78 79 80 81 82 83 84 85 86 87 88 89 90 71 75 76 77 78 79 80 81 82 83 84 85 86 87 88 89 90 73 74 66 67 91 92 93 94 95 96 97 50 51 52 53 54 17 18 19 20 72 13 14 15 16 91 92 93 94 28 29 30 31 32 98 99 95 96 33 34 35 68 69 70 97 60 61 98 99 39 40 41 42 6 7 8 
63037
30
2 2 1 1 5 4 3 3 4 1 5 3 5 2 1 1 2 4 1 4 3 2 2 4 4 5 3 3 4 16 
45 39 37 46 27 30 19 32 12 9 2 10 26 55 3 13 27 25 37 18 7 16 30 24 44 18 20 24 12 40 
57 42 41 62 35 38 58 58 50 10 27 24 46 64 16 31 62 26 47 22 66 31 42 64 51 52 26 40 46 41 
648 512 258 606 960 432 445 940 491 588 690 993 681 446 550 158 412 341 931 855 680 378 264 733 270 958 596 221 841 669 
10 10 10 10 10 14 20 20 20 9 9 11 11 11 8 8 8 8 28 28 28 28 15 14 21 21 19 19 19 19 25 25 25 25 25 6 6 6 26 26 26 19 19 19 19 11 11 11 23 23 23 23 27 27 27 17 17 17 17 12 12 12 12 12 17 17 17 17 26 26 26 4 4 4 4 4 10 10 10 10 10 16 16 5 5 5 5 22 22 15 21 21 7 7 7 4 4 4 4 4 2 18 5 5 5 5 1 1 27 27 27 29 29 29 29 29 29 29 29 29 29 29 29 29 29 29 29 2 29 29 29 29 29 29 29 29 29 29 29 29 29 29 29 29 1 1 22 22 24 24 24 24 0 0 3 12 12 12 12 12 28 28 28 28 18 8 8 8 8 24 24 24 24 25 25 25 25 25 13 13 0 0 6 6 6 7 7 7 3 16 16 13 13 23 23 23 23 20 20 20 