15
100
2
2 2 2 7 7 7 7 7 7 7 7 7 7 7 7 7 8 8 8 8 8 8 8 8 8 8 8 15 15 15 15 15 15 15 15 15 15 15 15 19 19 19 21 21 21 21 22 22 22 28 28 28 28 28 28 28 28 28 29 29 29 29 29 29 29 29 29 29 29 29 31 31 31 31 31 31 31 31 31 31 31 31 33 33 33 33 39 39 39 39 39 39 39 39 39 40 40 40 40 41 41 41 41 41 41 41 41 41 41 41 41 50 50 50 50 50 50 50 50 50 50 50 50 50 51 51 51 51 51 51 51 51 51 51 51 51 51 51 51 51 51 51 51 51 52 52 52 52 52 52 52 52 52 52 52 54 54 54 54 54 54 54 54 54 54 54 54 54 59 59 59 59 63 63 63 63 63 63 63 63 63 64 64 64 66 66 66 66 66 66 66 66 66 66 66 66 66 66 66 66 
39 40 41 155 156 157 158 159 160 161 162 163 164 165 166 167 144 145 146 147 148 149 150 151 152 153 154 172 173 174 175 176 177 178 179 180 181 182 183 0 1 2 82 83 84 85 184 185 186 86 87 88 89 90 91 92 93 94 70 71 72 73 74 75 76 77 78 79 80 81 58 59 60 61 62 63 64 65 66 67 68 69 42 43 44 45 49 50 51 52 53 54 55 56 57 128 129 130 131 132 133 134 135 136 137 138 139 140 141 142 143 187 188 189 190 191 192 193 194 195 196 197 198 199 168 169 170 171 95 96 97 98 99 100 101 102 103 104 105 106 107 108 109 110 16 17 18 19 20 21 22 23 24 25 26 3 4 5 6 7 8 9 10 11 12 13 14 15 124 125 126 127 27 28 29 30 31 32 33 34 35 36 37 38 46 47 48 111 112 113 114 115 116 117 118 119 120 121 122 123 
632 632 632 962 962 962 962 962 962 962 962 962 962 962 962 962 444 444 444 444 444 444 444 444 444 444 444 753 753 753 753 753 753 753 753 753 473 473 473 632 632 632 855 855 855 855 223 223 223 440 440 440 440 440 440 440 440 440 560 560 560 560 560 560 560 560 560 560 560 560 560 560 560 560 560 560 560 560 560 560 560 560 855 855 855 855 440 440 440 440 440 440 440 440 440 614 614 614 614 954 954 954 954 954 954 954 954 954 954 954 954 289 289 289 289 289 289 289 289 289 289 289 289 289 277 277 277 277 614 614 614 614 954 954 954 954 954 954 954 954 954 954 954 954 444 444 444 444 444 444 444 444 444 444 444 962 962 962 962 962 962 962 962 962 962 962 962 962 277 277 277 277 753 753 753 753 753 753 753 753 753 473 473 473 223 223 223 289 289 289 289 289 289 289 289 289 289 289 289 289 
0 1 2 3 4 5 6 7 8 9 10 11 12 13 14 15 16 17 18 19 20 21 22 23 24 25 26 27 28 29 30 31 32 33 34 35 36 37 38 0 1 2 39 40 41 42 43 44 45 46 47 48 49 50 51 52 53 54 55 56 57 58 59 60 61 62 63 64 65 66 55 56 57 58 59 60 61 62 63 64 65 66 39 40 41 42 46 47 48 49 50 51 52 53 54 67 68 69 70 71 72 73 74 75 76 77 78 79 80 81 82 83 84 85 86 87 88 89 90 91 92 93 94 95 96 97 98 99 67 68 69 70 71 72 73 74 75 76 77 78 79 80 81 82 16 17 18 19 20 21 22 23 24 25 26 3 4 5 6 7 8 9 10 11 12 13 14 15 96 97 98 99 27 28 29 30 31 32 33 34 35 36 37 38 43 44 45 83 84 85 86 87 88 89 90 91 92 93 94 95 
61020
13
4 11 3 13 4 9 9 12 3 3 12 4 13 
51 8 2 7 40 15 28 41 22 15 29 21 50 
59 52 19 54 51 63 39 51 66 64 31 33 66 
277 444 632 962 614 753 440 954 223 473 560 855 289 
2 2 2 3 3 3 3 3 3 3 3 3 3 3 3 3 1 1 1 1 1 1 1 1 1 1 1 5 5 5 5 5 5 5 5 5 9 9 9 2 2 2 11 11 11 11 8 8 8 6 6 6 6 6 6 6 6 6 10 10 10 10 10 10 10 10 10 10 10 10 10 10 10 10 10 10 10 10 10 10 10 10 11 11 11 11 6 6 6 6 6 6 6 6 6 4 4 4 4 7 7 7 7 7 7 7 7 7 7 7 7 12 12 12 12 12 12 12 12 12 12 12 12 12 0 0 0 0 4 4 4 4 7 7 7 7 7 7 7 7 7 7 7 7 1 1 1 1 1 1 1 1 1 1 1 3 3 3 3 3 3 3 3 3 3 3 3 3 0 0 0 0 5 5 5 5 5 5 5 5 5 9 9 9 8 8 8 12 12 12 12 12 12 12 12 12 12 12 12 12 