38
100
2
1 1 2 4 4 4 4 7 7 7 7 7 9 9 10 10 10 10 10 10 10 10 10 10 12 12 12 12 13 13 13 13 13 15 15 15 16 16 17 17 17 17 18 18 18 18 19 23 23 23 23 23 23 23 23 23 23 23 23 23 23 23 23 23 23 23 23 23 23 27 27 27 27 27 27 27 27 27 27 27 27 27 27 27 27 27 27 30 30 30 30 30 34 35 35 35 35 35 38 38 39 39 39 39 39 39 39 42 45 45 45 45 45 45 45 45 46 46 46 46 46 46 46 46 47 47 48 48 48 48 49 49 52 52 52 52 52 53 53 53 53 53 53 54 54 54 54 54 54 54 54 54 54 54 54 54 54 54 54 55 55 55 55 56 56 56 56 56 64 64 64 64 64 64 64 64 64 64 64 64 64 64 64 64 66 66 66 66 67 67 67 67 67 67 67 68 68 68 68 68 
33 34 46 184 185 186 187 132 133 134 135 136 36 37 108 109 110 111 112 93 94 95 96 97 150 151 152 153 47 48 113 114 115 0 1 106 12 13 159 160 161 162 102 103 104 105 2 28 29 124 125 69 70 71 72 73 74 75 76 77 78 79 80 81 82 83 84 85 86 51 52 53 54 55 56 57 58 59 60 61 62 63 64 65 66 67 68 195 196 197 198 199 107 19 20 21 22 23 188 189 130 131 42 43 44 45 35 92 14 15 16 17 18 30 31 32 147 148 149 174 175 176 177 178 49 50 143 144 145 146 100 101 7 8 9 10 11 168 169 170 171 172 173 126 127 128 129 116 117 118 24 25 26 27 190 191 192 193 194 38 39 40 41 179 180 181 182 183 137 138 139 140 141 142 119 120 121 122 123 163 164 165 166 167 3 4 5 6 98 99 154 155 156 157 158 87 88 89 90 91 
355 355 333 198 198 198 198 619 619 619 619 619 410 410 300 300 300 300 300 779 779 779 779 779 551 551 551 551 238 238 863 863 863 355 355 835 410 410 226 226 226 226 567 567 567 567 333 238 238 389 389 303 303 303 303 303 303 303 303 303 303 303 303 303 303 303 303 303 303 303 303 303 303 303 303 303 303 303 303 303 303 303 303 303 303 303 303 368 368 368 368 368 630 779 779 779 779 779 706 706 484 484 567 567 567 567 835 630 300 300 300 300 300 863 863 863 784 784 784 562 562 562 562 562 389 389 701 701 701 701 484 484 619 619 619 619 619 970 970 970 970 970 970 701 701 701 701 784 784 784 551 551 551 551 291 291 291 291 291 226 226 226 226 303 303 303 303 303 970 970 970 970 970 970 562 562 562 562 562 303 303 303 303 303 198 198 198 198 706 706 291 291 291 291 291 368 368 368 368 368 
0 1 2 3 4 5 6 7 8 9 10 11 12 13 14 15 16 17 18 19 20 21 22 23 24 25 26 27 28 29 30 31 32 0 1 33 12 13 34 35 36 37 38 39 40 41 2 28 29 42 43 44 45 46 47 48 49 50 51 52 53 54 55 56 57 58 59 60 61 44 45 46 47 48 49 50 51 52 53 54 55 56 57 58 59 60 61 62 63 64 65 66 67 19 20 21 22 23 68 69 70 71 38 39 40 41 33 67 14 15 16 17 18 30 31 32 72 73 74 75 76 77 78 79 42 43 80 81 82 83 70 71 7 8 9 10 11 84 85 86 87 88 89 80 81 82 83 72 73 74 24 25 26 27 90 91 92 93 94 34 35 36 37 95 96 97 98 99 84 85 86 87 88 89 75 76 77 78 79 95 96 97 98 99 3 4 5 6 68 69 90 91 92 93 94 62 63 64 65 66 
48259
25
4 2 6 2 5 5 4 3 5 1 5 4 2 2 4 2 1 2 4 5 5 1 5 3 18 
17 39 53 38 10 10 48 46 46 2 30 12 13 23 4 9 34 1 18 54 7 15 56 13 23 
55 49 64 67 45 35 54 54 64 19 68 54 23 47 66 16 42 15 39 67 52 39 64 45 27 
226 484 970 706 300 779 701 784 562 333 368 551 238 389 198 410 630 355 567 291 619 835 303 863 303 
17 17 9 14 14 14 14 20 20 20 20 20 15 15 4 4 4 4 4 5 5 5 5 5 11 11 11 11 12 12 23 23 23 17 17 21 15 15 0 0 0 0 18 18 18 18 9 12 12 13 13 24 24 24 24 24 24 24 24 24 24 24 24 24 24 24 24 24 24 24 24 24 24 24 24 24 24 24 24 24 24 24 24 24 24 24 24 10 10 10 10 10 16 5 5 5 5 5 3 3 1 1 18 18 18 18 21 16 4 4 4 4 4 23 23 23 7 7 7 8 8 8 8 8 13 13 6 6 6 6 1 1 20 20 20 20 20 2 2 2 2 2 2 6 6 6 6 7 7 7 11 11 11 11 19 19 19 19 19 0 0 0 0 22 22 22 22 22 2 2 2 2 2 2 8 8 8 8 8 22 22 22 22 22 14 14 14 14 3 3 19 19 19 19 19 10 10 10 10 10 