277
100
2
1 1 1 1 1 1 1 1 1 2 2 3 3 3 3 4 4 4 4 4 10 10 10 10 10 11 11 11 13 13 13 13 13 13 15 15 15 15 18 18 18 19 20 20 21 21 21 21 21 21 22 22 22 23 27 27 27 27 27 27 27 28 28 29 29 29 29 29 30 30 30 30 30 30 30 30 30 30 30 30 30 30 30 30 30 30 30 30 30 30 30 30 30 30 30 30 30 30 30 30 30 30 32 32 33 33 33 33 33 33 34 34 34 34 34 34 34 35 35 35 36 36 36 36 38 38 38 38 38 38 40 40 40 40 40 41 41 41 41 41 41 43 45 45 45 45 45 45 45 45 47 47 49 50 50 51 51 53 58 58 58 58 58 60 60 60 60 61 61 62 62 62 62 64 64 64 64 65 65 65 65 65 65 65 65 66 66 66 66 67 67 67 67 67 68 68 68 70 70 70 
185 186 187 188 15 16 17 18 19 102 103 157 50 51 52 4 5 6 7 8 35 36 37 59 60 117 118 119 124 125 126 127 128 129 41 20 21 22 197 198 199 34 49 168 189 190 191 192 193 42 12 13 14 152 63 64 65 66 67 23 24 150 151 54 55 56 57 58 69 68 71 70 73 72 75 74 77 76 79 78 81 80 83 82 85 84 87 86 89 88 91 90 93 92 95 94 97 96 99 98 101 100 9 10 105 104 107 106 109 108 135 136 137 138 139 140 141 25 26 27 142 143 144 167 28 29 30 31 32 33 180 181 182 183 184 110 111 112 113 114 115 116 120 121 122 158 159 160 161 162 61 62 53 155 156 153 154 11 145 146 147 148 149 173 174 175 176 123 43 170 169 172 171 163 164 165 166 194 195 196 130 131 132 133 134 0 1 2 3 44 45 46 47 48 177 178 179 38 39 40 
465 465 465 465 540 540 540 540 540 216 216 208 204 204 204 540 540 540 540 540 491 491 491 961 961 488 488 488 679 679 679 679 679 679 501 491 491 491 274 274 274 501 720 246 832 832 832 832 832 720 204 204 204 501 893 893 893 893 893 961 961 678 678 893 893 893 893 893 239 239 239 239 239 239 239 239 239 239 239 239 239 239 239 239 239 239 239 239 239 239 239 239 239 239 239 239 239 239 239 239 239 239 216 216 290 290 290 290 290 290 744 744 744 744 744 744 273 488 488 488 245 245 245 643 679 679 679 679 679 679 430 430 430 430 430 744 744 744 744 744 744 273 245 245 245 290 290 290 290 290 678 678 501 245 245 245 245 208 290 290 290 290 290 506 506 506 506 643 246 190 190 190 190 506 506 506 506 497 497 497 430 430 430 430 430 465 465 465 465 832 832 832 832 832 497 497 497 274 274 274 
0 1 2 3 4 5 6 7 8 9 10 11 12 13 14 4 5 6 7 8 15 16 17 18 19 20 21 22 23 24 25 26 27 28 29 15 16 17 30 31 32 29 33 34 35 36 37 38 39 33 12 13 14 40 41 42 43 44 45 18 19 46 47 41 42 43 44 45 48 48 49 49 50 50 51 51 52 52 53 53 54 54 55 55 56 56 57 57 58 58 59 59 60 60 61 61 62 62 63 63 64 64 9 10 65 65 66 66 67 67 68 69 70 71 72 73 74 20 21 22 75 76 77 78 23 24 25 26 27 28 79 80 81 82 83 68 69 70 71 72 73 74 75 76 77 84 85 86 87 88 46 47 40 89 90 89 90 11 84 85 86 87 88 91 92 93 94 78 34 95 95 96 96 91 92 93 94 97 98 99 79 80 81 82 83 0 1 2 3 35 36 37 38 39 97 98 99 30 31 32 
46549
29
1 4 3 3 3 3 2 5 6 5 2 1 5 2 1 6 3 3 2 1 5 4 1 1 3 1 2 5 17 
15 60 11 65 36 10 62 27 13 45 28 23 21 50 36 34 18 33 2 3 40 1 20 20 3 34 10 1 30 
19 64 35 68 45 15 62 29 38 58 47 49 67 51 61 41 70 33 32 53 65 66 21 61 22 43 27 4 30 
501 506 488 497 245 491 190 893 679 290 678 501 832 245 643 744 274 290 216 208 430 465 720 246 204 273 961 540 239 
21 21 21 21 27 27 27 27 27 18 18 19 24 24 24 27 27 27 27 27 5 5 5 26 26 2 2 2 8 8 8 8 8 8 0 5 5 5 16 16 16 0 22 23 12 12 12 12 12 22 24 24 24 11 7 7 7 7 7 26 26 10 10 7 7 7 7 7 28 28 28 28 28 28 28 28 28 28 28 28 28 28 28 28 28 28 28 28 28 28 28 28 28 28 28 28 28 28 28 28 28 28 18 18 17 17 17 17 17 17 15 15 15 15 15 15 25 2 2 2 4 4 4 14 8 8 8 8 8 8 20 20 20 20 20 15 15 15 15 15 15 25 4 4 4 9 9 9 9 9 10 10 11 13 13 13 13 19 9 9 9 9 9 1 1 1 1 14 23 6 6 6 6 1 1 1 1 3 3 3 20 20 20 20 20 21 21 21 21 12 12 12 12 12 3 3 3 16 16 16 