959
100
2
1 1 1 1 1 2 2 2 2 2 4 4 4 4 4 4 4 4 4 4 4 4 4 4 4 4 4 4 4 4 4 4 5 5 6 6 7 7 7 7 7 7 8 9 9 9 9 9 10 10 11 11 12 12 14 14 14 14 14 14 14 14 16 16 16 16 16 16 17 17 17 17 17 17 17 18 18 18 18 18 18 18 22 22 22 23 23 23 23 23 23 25 26 26 26 26 27 27 27 27 29 29 29 29 29 30 30 30 30 30 30 30 31 36 36 36 36 36 40 40 40 41 41 41 41 41 41 45 45 45 45 45 46 46 46 46 46 46 46 46 46 48 51 51 51 51 52 54 54 54 58 58 58 58 58 58 58 59 59 60 60 60 60 61 61 61 61 61 63 63 63 63 65 65 65 68 68 68 68 68 68 68 68 68 68 68 68 68 68 68 68 68 68 68 68 68 68 68 70 70 
62 63 64 65 66 163 164 165 166 167 146 177 178 179 180 181 182 183 184 185 186 187 188 189 190 191 192 193 194 195 196 197 75 76 85 86 50 51 96 97 98 99 141 77 78 79 80 81 145 198 36 37 168 169 132 133 134 135 136 109 110 111 0 1 2 3 4 199 92 93 94 95 147 148 149 32 33 43 44 45 46 47 105 106 107 34 35 137 138 139 140 150 68 69 70 71 38 39 40 41 113 114 115 116 117 82 83 84 158 59 60 61 174 100 101 102 103 104 142 143 144 157 127 128 129 130 131 122 123 124 125 126 54 55 56 57 58 87 88 89 90 42 118 119 120 48 10 72 73 74 91 172 173 159 160 161 162 121 108 153 154 155 156 5 6 7 8 9 52 53 175 176 151 152 112 170 171 11 12 13 14 15 16 17 18 19 20 21 22 23 24 25 26 27 28 29 30 31 49 67 
576 576 576 576 576 706 706 706 706 706 603 151 151 151 151 151 151 151 151 151 151 151 151 151 151 151 151 151 151 151 151 151 238 238 463 463 381 381 904 904 904 904 187 287 287 287 287 287 407 155 381 381 185 185 543 543 543 543 543 916 916 916 576 576 576 576 576 483 867 867 867 867 693 693 693 238 238 287 287 287 287 287 210 210 210 463 463 260 260 260 260 838 867 867 867 867 904 904 904 904 443 443 443 443 443 210 210 210 859 916 916 916 442 443 443 443 443 443 716 716 716 485 486 486 486 486 486 486 486 486 486 486 543 543 543 543 543 260 260 260 260 187 716 716 716 407 603 693 693 693 838 839 839 299 299 299 299 485 859 299 299 299 299 706 706 706 706 706 185 185 323 323 839 839 442 323 323 151 151 151 151 151 151 151 151 151 151 151 151 151 151 151 151 151 151 151 151 151 155 483 
0 1 2 3 4 5 6 7 8 9 10 11 12 13 14 15 16 17 18 19 20 21 22 23 24 25 26 27 28 29 30 31 32 33 34 35 36 37 38 39 40 41 42 43 44 45 46 47 48 49 36 37 50 51 52 53 54 55 56 57 58 59 0 1 2 3 4 60 61 62 63 64 65 66 67 32 33 43 44 45 46 47 68 69 70 34 35 71 72 73 74 75 61 62 63 64 38 39 40 41 76 77 78 79 80 68 69 70 81 57 58 59 82 76 77 78 79 80 83 84 85 86 87 88 89 90 91 87 88 89 90 91 52 53 54 55 56 71 72 73 74 42 83 84 85 48 10 65 66 67 75 92 93 94 95 96 97 86 81 94 95 96 97 5 6 7 8 9 50 51 98 99 92 93 82 98 99 11 12 13 14 15 16 17 18 19 20 21 22 23 24 25 26 27 28 29 30 31 49 60 
44618
30
5 3 2 1 2 2 2 3 1 5 1 5 2 1 5 1 1 4 5 4 1 1 1 5 4 3 2 4 3 21 
14 22 7 41 5 6 12 40 25 1 10 41 58 8 9 10 30 58 29 23 16 4 31 2 17 14 63 7 17 4 
46 30 11 59 18 23 63 51 58 16 51 45 65 48 18 70 59 60 36 46 70 52 65 61 26 30 68 27 54 68 
543 210 381 485 238 463 185 716 838 576 407 486 839 187 287 155 859 299 443 260 483 603 442 706 867 916 323 904 693 151 
9 9 9 9 9 23 23 23 23 23 21 29 29 29 29 29 29 29 29 29 29 29 29 29 29 29 29 29 29 29 29 29 4 4 5 5 2 2 27 27 27 27 13 14 14 14 14 14 10 15 2 2 6 6 0 0 0 0 0 25 25 25 9 9 9 9 9 20 24 24 24 24 28 28 28 4 4 14 14 14 14 14 1 1 1 5 5 19 19 19 19 8 24 24 24 24 27 27 27 27 18 18 18 18 18 1 1 1 16 25 25 25 22 18 18 18 18 18 7 7 7 3 11 11 11 11 11 11 11 11 11 11 0 0 0 0 0 19 19 19 19 13 7 7 7 10 21 28 28 28 8 12 12 17 17 17 17 3 16 17 17 17 17 23 23 23 23 23 6 6 26 26 12 12 22 26 26 29 29 29 29 29 29 29 29 29 29 29 29 29 29 29 29 29 29 29 29 29 15 20 