494
100
2
2 2 2 2 7 7 7 8 8 8 8 8 8 10 10 10 10 10 13 16 16 16 16 16 16 23 23 23 23 24 24 28 30 30 30 31 31 31 31 31 31 31 31 31 31 34 34 34 34 34 34 34 34 34 34 35 37 37 37 37 37 37 38 38 38 38 38 38 40 40 40 40 40 40 41 41 41 41 41 41 41 43 43 44 46 46 46 46 46 46 48 48 50 50 50 50 51 51 51 51 51 51 51 51 51 52 52 52 52 53 53 53 53 53 53 53 53 53 53 53 53 53 53 53 53 53 53 53 53 53 56 56 56 58 58 58 58 58 58 58 58 58 58 58 58 58 58 58 58 58 58 58 58 58 58 58 58 58 58 58 58 59 59 60 60 60 60 60 64 64 64 64 64 64 64 64 65 65 65 65 65 65 66 66 67 67 67 67 68 68 68 68 68 68 70 70 70 70 70 70 
105 106 107 108 142 143 144 168 169 170 171 172 173 35 36 37 38 39 55 188 189 190 191 192 193 92 93 94 95 133 134 83 130 131 132 13 14 15 16 17 109 110 111 112 113 184 185 186 187 84 85 86 87 88 89 18 62 63 64 65 66 67 56 57 58 59 60 61 176 177 178 179 180 181 96 97 98 99 100 174 175 161 162 31 49 50 51 52 53 54 182 183 25 26 27 28 74 75 76 77 78 196 197 198 199 0 1 2 3 40 41 42 43 44 145 146 147 148 149 150 151 152 153 154 155 156 157 158 159 160 32 33 34 29 30 194 195 163 164 165 166 167 4 5 6 114 115 116 117 118 119 120 121 122 123 124 125 126 127 128 129 81 82 137 138 139 140 141 7 8 9 10 11 12 79 80 68 69 70 71 72 73 90 91 45 46 47 48 19 20 21 22 23 24 135 136 101 102 103 104 
175 175 175 175 505 505 505 790 790 790 790 790 790 494 494 494 494 494 557 773 773 773 773 773 773 922 922 922 922 754 754 839 243 243 243 494 494 494 494 494 224 224 224 224 224 883 883 883 883 280 280 280 280 280 280 557 672 672 672 672 672 672 672 672 672 672 672 672 745 745 745 745 745 745 362 362 362 362 362 620 620 871 871 839 280 280 280 280 280 280 615 615 922 922 922 922 362 362 362 362 362 541 541 541 541 175 175 175 175 224 224 224 224 224 250 250 250 250 250 250 250 250 250 250 250 250 250 250 250 250 243 243 243 754 754 973 973 563 563 563 563 563 505 505 505 250 250 250 250 250 250 250 250 250 250 250 250 250 250 250 250 871 871 563 563 563 563 563 790 790 790 790 790 790 620 620 745 745 745 745 745 745 615 615 883 883 883 883 773 773 773 773 773 773 973 973 541 541 541 541 
0 1 2 3 4 5 6 7 8 9 10 11 12 13 14 15 16 17 18 19 20 21 22 23 24 25 26 27 28 29 30 31 32 33 34 13 14 15 16 17 35 36 37 38 39 40 41 42 43 44 45 46 47 48 49 18 50 51 52 53 54 55 50 51 52 53 54 55 56 57 58 59 60 61 62 63 64 65 66 67 68 69 70 31 44 45 46 47 48 49 71 72 25 26 27 28 62 63 64 65 66 73 74 75 76 0 1 2 3 35 36 37 38 39 77 78 79 80 81 82 83 84 85 86 87 88 89 90 91 92 32 33 34 29 30 93 94 95 96 97 98 99 4 5 6 77 78 79 80 81 82 83 84 85 86 87 88 89 90 91 92 69 70 95 96 97 98 99 7 8 9 10 11 12 67 68 56 57 58 59 60 61 71 72 40 41 42 43 19 20 21 22 23 24 93 94 73 74 75 76 
53165
23
2 6 6 5 4 2 6 2 2 6 4 5 3 2 6 4 4 5 1 5 3 1 16 
24 40 8 41 34 41 34 43 58 16 23 10 30 48 37 2 51 31 28 58 7 13 53 
58 65 64 51 67 64 46 59 70 68 50 31 56 66 38 52 70 53 44 60 58 35 58 
754 745 790 362 883 620 280 871 973 773 922 494 243 615 672 175 541 224 839 563 505 557 250 
15 15 15 15 20 20 20 2 2 2 2 2 2 11 11 11 11 11 21 9 9 9 9 9 9 10 10 10 10 0 0 18 12 12 12 11 11 11 11 11 17 17 17 17 17 4 4 4 4 6 6 6 6 6 6 21 14 14 14 14 14 14 14 14 14 14 14 14 1 1 1 1 1 1 3 3 3 3 3 5 5 7 7 18 6 6 6 6 6 6 13 13 10 10 10 10 3 3 3 3 3 16 16 16 16 15 15 15 15 17 17 17 17 17 22 22 22 22 22 22 22 22 22 22 22 22 22 22 22 22 12 12 12 0 0 8 8 19 19 19 19 19 20 20 20 22 22 22 22 22 22 22 22 22 22 22 22 22 22 22 22 7 7 19 19 19 19 19 2 2 2 2 2 2 5 5 1 1 1 1 1 1 13 13 4 4 4 4 9 9 9 9 9 9 8 8 16 16 16 16 