994
100
2
3 3 3 3 3 3 3 3 3 3 3 3 3 3 3 3 6 6 6 6 6 6 6 6 6 6 6 6 6 6 6 6 6 7 7 7 7 7 8 8 8 8 8 8 8 8 9 9 9 13 13 13 13 13 13 13 13 13 13 19 19 19 19 19 19 19 20 20 20 21 21 21 21 21 21 21 21 21 21 22 22 22 22 22 22 22 22 22 22 23 23 23 23 23 23 23 27 27 31 31 31 32 32 32 32 32 32 32 32 32 32 35 35 35 35 35 35 35 35 35 35 35 35 35 43 43 43 43 43 43 43 43 43 45 45 45 45 45 45 45 45 45 45 45 45 45 48 48 48 48 48 50 50 50 50 50 50 53 53 53 53 53 53 53 56 56 56 56 56 56 61 61 61 64 64 64 64 64 64 64 66 66 66 66 66 68 68 68 68 68 69 69 69 69 69 69 69 70 70 70 
164 165 166 167 168 169 79 124 125 126 127 128 129 130 131 132 197 198 199 151 152 153 154 155 156 38 39 40 41 42 43 44 45 185 186 187 188 189 25 26 27 28 29 30 31 32 56 57 58 89 90 91 92 93 94 95 46 47 48 82 83 84 85 86 87 88 170 171 172 98 99 100 190 191 192 193 194 195 196 6 96 97 59 60 61 62 63 64 65 49 50 51 52 53 54 55 80 81 69 70 71 180 181 182 183 184 146 147 148 149 150 133 134 135 136 137 138 139 140 141 142 143 144 145 7 8 9 10 11 12 13 14 15 111 112 113 114 115 116 117 118 119 120 121 122 123 106 107 108 109 110 19 20 21 22 23 24 173 174 175 176 177 178 179 0 1 2 3 4 5 66 67 68 157 158 159 160 161 162 163 101 102 103 104 105 33 34 35 36 37 72 73 74 75 76 77 78 16 17 18 
720 720 720 720 720 720 757 842 842 842 842 842 842 842 842 842 991 991 991 358 358 358 358 358 358 612 612 612 612 612 612 612 612 940 940 940 940 940 612 612 612 612 612 612 612 612 719 719 719 238 238 238 238 238 238 238 719 719 719 543 543 543 543 543 543 543 462 462 462 411 411 411 881 881 881 881 881 881 881 757 243 243 543 543 543 543 543 543 543 238 238 238 238 238 238 238 243 243 411 411 411 658 658 658 658 658 338 338 338 338 338 918 918 918 918 918 918 918 918 918 918 918 918 918 842 842 842 842 842 842 842 842 842 918 918 918 918 918 918 918 918 918 918 918 918 918 338 338 338 338 338 358 358 358 358 358 358 618 618 618 618 618 618 618 720 720 720 720 720 720 462 462 462 618 618 618 618 618 618 618 658 658 658 658 658 940 940 940 940 940 881 881 881 881 881 881 881 991 991 991 
0 1 2 3 4 5 6 7 8 9 10 11 12 13 14 15 16 17 18 19 20 21 22 23 24 25 26 27 28 29 30 31 32 33 34 35 36 37 25 26 27 28 29 30 31 32 38 39 40 41 42 43 44 45 46 47 38 39 40 48 49 50 51 52 53 54 55 56 57 58 59 60 61 62 63 64 65 66 67 6 68 69 48 49 50 51 52 53 54 41 42 43 44 45 46 47 68 69 58 59 60 70 71 72 73 74 75 76 77 78 79 80 81 82 83 84 85 86 87 88 89 90 91 92 7 8 9 10 11 12 13 14 15 80 81 82 83 84 85 86 87 88 89 90 91 92 75 76 77 78 79 19 20 21 22 23 24 93 94 95 96 97 98 99 0 1 2 3 4 5 55 56 57 93 94 95 96 97 98 99 70 71 72 73 74 33 34 35 36 37 61 62 63 64 65 66 67 16 17 18 
65508
18
3 6 1 2 5 7 3 3 5 7 3 6 9 8 5 7 7 13 
21 3 3 22 32 13 6 20 7 53 9 6 3 6 32 21 19 35 
31 56 22 27 66 23 70 61 68 64 13 50 43 8 48 69 22 45 
411 720 757 243 658 238 991 462 940 618 719 358 842 612 338 881 543 918 
1 1 1 1 1 1 2 12 12 12 12 12 12 12 12 12 6 6 6 11 11 11 11 11 11 13 13 13 13 13 13 13 13 8 8 8 8 8 13 13 13 13 13 13 13 13 10 10 10 5 5 5 5 5 5 5 10 10 10 16 16 16 16 16 16 16 7 7 7 0 0 0 15 15 15 15 15 15 15 2 3 3 16 16 16 16 16 16 16 5 5 5 5 5 5 5 3 3 0 0 0 4 4 4 4 4 14 14 14 14 14 17 17 17 17 17 17 17 17 17 17 17 17 17 12 12 12 12 12 12 12 12 12 17 17 17 17 17 17 17 17 17 17 17 17 17 14 14 14 14 14 11 11 11 11 11 11 9 9 9 9 9 9 9 1 1 1 1 1 1 7 7 7 9 9 9 9 9 9 9 4 4 4 4 4 8 8 8 8 8 15 15 15 15 15 15 15 6 6 6 