640
100
2
2 2 4 4 4 4 4 4 4 4 4 6 6 6 6 6 6 6 6 6 6 6 6 8 8 8 8 9 9 9 9 9 9 9 9 9 10 10 10 10 10 10 10 10 10 10 11 11 11 11 11 11 11 11 11 11 11 11 11 11 11 11 11 11 11 12 12 12 12 12 12 12 12 12 12 12 12 12 12 12 12 12 12 12 12 12 12 18 18 21 21 21 21 21 21 21 21 21 21 21 21 21 21 21 21 21 22 22 22 22 23 23 27 27 27 27 27 27 27 27 27 27 31 31 31 31 31 34 34 38 38 40 40 40 40 40 40 41 41 41 41 41 41 41 50 50 50 52 52 52 52 52 52 52 52 52 52 52 52 52 52 52 52 58 58 58 58 58 60 60 60 60 60 60 60 60 60 60 62 62 62 62 62 62 62 62 62 65 65 65 68 68 68 68 68 68 68 68 68 68 
11 12 27 28 29 30 31 32 33 34 35 0 1 55 56 57 58 59 60 61 62 63 64 106 107 108 109 2 3 4 5 6 7 8 9 10 96 97 98 99 100 101 102 103 104 105 178 179 180 181 182 183 184 185 186 13 14 15 16 17 18 19 20 21 22 131 132 133 134 135 136 147 148 149 150 151 152 153 154 155 156 157 158 159 160 161 162 139 140 193 194 195 196 197 198 199 36 37 38 39 40 41 42 43 44 45 23 24 25 26 166 167 168 169 170 171 172 173 174 175 176 177 141 142 143 127 128 125 126 137 138 65 66 67 68 69 70 129 130 87 88 122 123 124 187 188 189 71 72 73 74 75 76 77 78 79 80 81 82 83 84 85 86 190 191 192 110 111 112 113 114 115 116 117 118 119 120 121 46 47 48 49 50 51 52 53 54 144 145 146 163 164 165 89 90 91 92 93 94 95 
544 544 704 704 704 704 704 704 704 704 704 544 544 443 443 443 443 443 443 443 443 443 443 426 426 426 426 704 704 704 704 704 704 704 704 704 726 726 726 726 726 726 726 726 726 726 183 183 183 183 183 183 183 183 183 443 443 443 443 443 443 443 443 443 443 258 258 258 258 258 258 489 489 489 489 489 489 489 489 489 489 489 489 489 489 489 489 202 202 652 652 652 652 652 652 652 726 726 726 726 726 726 726 726 726 726 426 426 426 426 376 376 746 746 746 746 746 746 746 746 746 746 870 870 870 830 830 830 830 552 552 258 258 258 258 258 258 552 552 202 202 870 870 870 965 965 965 489 489 489 489 489 489 489 489 489 489 489 489 489 489 489 489 212 212 212 376 376 746 746 746 746 746 746 746 746 746 746 183 183 183 183 183 183 183 183 183 965 965 965 212 212 212 652 652 652 652 652 652 652 
0 1 2 3 4 5 6 7 8 9 10 0 1 11 12 13 14 15 16 17 18 19 20 21 22 23 24 2 3 4 5 6 7 8 9 10 25 26 27 28 29 30 31 32 33 34 35 36 37 38 39 40 41 42 43 11 12 13 14 15 16 17 18 19 20 44 45 46 47 48 49 50 51 52 53 54 55 56 57 58 59 60 61 62 63 64 65 66 67 68 69 70 71 72 73 74 25 26 27 28 29 30 31 32 33 34 21 22 23 24 75 76 77 78 79 80 81 82 83 84 85 86 87 88 89 90 91 90 91 92 93 44 45 46 47 48 49 92 93 66 67 87 88 89 94 95 96 50 51 52 53 54 55 56 57 58 59 60 61 62 63 64 65 97 98 99 75 76 77 78 79 80 81 82 83 84 85 86 35 36 37 38 39 40 41 42 43 94 95 96 97 98 99 68 69 70 71 72 73 74 
53922
17
3 7 2 9 2 2 10 10 10 4 9 6 3 2 3 2 16 
58 21 2 11 38 18 6 10 27 8 4 12 50 23 31 31 12 
68 68 6 62 41 41 11 21 60 22 9 40 65 58 41 34 52 
212 652 544 183 552 202 443 726 746 426 704 258 965 376 870 830 489 
2 2 10 10 10 10 10 10 10 10 10 2 2 6 6 6 6 6 6 6 6 6 6 9 9 9 9 10 10 10 10 10 10 10 10 10 7 7 7 7 7 7 7 7 7 7 3 3 3 3 3 3 3 3 3 6 6 6 6 6 6 6 6 6 6 11 11 11 11 11 11 16 16 16 16 16 16 16 16 16 16 16 16 16 16 16 16 5 5 1 1 1 1 1 1 1 7 7 7 7 7 7 7 7 7 7 9 9 9 9 13 13 8 8 8 8 8 8 8 8 8 8 14 14 14 15 15 15 15 4 4 11 11 11 11 11 11 4 4 5 5 14 14 14 12 12 12 16 16 16 16 16 16 16 16 16 16 16 16 16 16 16 16 0 0 0 13 13 8 8 8 8 8 8 8 8 8 8 3 3 3 3 3 3 3 3 3 12 12 12 0 0 0 1 1 1 1 1 1 1 