644
100
2
2 2 2 2 3 3 3 4 4 4 7 7 7 7 7 7 7 7 7 7 7 7 7 7 7 9 9 9 9 9 9 9 9 9 9 9 9 9 9 9 9 9 9 9 10 14 14 14 14 14 14 14 14 16 17 17 17 17 17 18 18 21 21 21 21 23 23 23 26 26 28 28 30 30 30 30 30 33 33 33 34 35 35 35 35 35 35 38 38 38 38 38 38 38 39 39 39 39 39 39 39 39 39 39 39 39 39 39 39 39 39 39 39 43 43 43 43 43 43 43 43 43 43 45 45 45 45 45 45 45 45 45 46 46 46 46 46 46 46 48 48 49 49 49 49 49 49 50 50 50 50 50 50 52 53 53 53 53 53 54 55 55 55 55 55 55 55 55 55 55 55 58 58 58 61 61 61 61 61 61 61 63 63 63 63 63 65 65 65 65 67 68 68 68 68 68 69 70 70 70 
49 50 51 52 62 63 64 65 66 67 181 182 183 184 185 186 187 188 189 177 178 179 180 70 71 174 175 176 97 98 99 100 101 102 103 104 105 106 107 108 109 110 111 112 118 54 55 56 57 0 1 2 3 128 45 46 47 48 196 68 69 190 4 5 6 7 8 9 59 60 23 24 139 140 77 78 79 74 75 76 159 160 161 162 163 141 142 147 148 191 192 193 194 195 136 137 138 28 29 30 31 32 33 34 35 36 37 38 39 40 41 42 43 123 124 125 126 127 44 143 144 145 146 113 114 115 116 117 53 168 169 170 155 156 157 158 94 95 96 72 73 85 86 119 120 121 122 87 88 164 165 166 167 154 153 132 133 134 135 80 81 82 83 84 149 150 151 152 129 130 131 197 198 199 25 26 27 19 20 21 22 10 11 12 13 14 15 16 17 18 61 89 90 91 92 93 58 171 172 173 
195 195 195 195 823 823 823 381 381 381 275 275 275 275 275 977 977 977 977 869 869 869 869 453 453 725 725 725 543 543 543 543 543 543 543 543 543 543 543 543 543 543 543 543 513 169 169 169 169 195 195 195 195 351 169 169 169 169 368 659 659 790 823 823 823 381 381 381 659 659 453 453 797 797 668 668 668 668 668 668 810 771 771 771 771 911 911 354 354 245 245 245 245 245 464 464 464 543 543 543 543 543 543 543 543 543 543 543 543 543 543 543 543 874 874 874 874 874 513 416 416 416 416 874 874 874 874 874 351 793 793 793 623 623 623 623 464 464 464 797 797 911 911 416 416 416 416 354 354 997 997 997 997 928 928 623 623 623 623 810 771 771 771 771 997 997 997 997 793 793 793 518 518 518 725 725 725 869 869 869 869 275 275 275 275 275 977 977 977 977 790 245 245 245 245 245 368 518 518 518 
0 1 2 3 4 5 6 7 8 9 10 11 12 13 14 15 16 17 18 19 20 21 22 23 24 25 26 27 28 29 30 31 32 33 34 35 36 37 38 39 40 41 42 43 44 45 46 47 48 0 1 2 3 49 45 46 47 48 50 51 52 53 4 5 6 7 8 9 51 52 23 24 54 55 56 57 58 56 57 58 59 60 61 62 63 64 65 66 67 68 69 70 71 72 73 74 75 28 29 30 31 32 33 34 35 36 37 38 39 40 41 42 43 76 77 78 79 80 44 81 82 83 84 76 77 78 79 80 49 85 86 87 88 89 90 91 73 74 75 54 55 64 65 81 82 83 84 66 67 92 93 94 95 96 96 88 89 90 91 59 60 61 62 63 92 93 94 95 85 86 87 97 98 99 25 26 27 19 20 21 22 10 11 12 13 14 15 16 17 18 53 68 69 70 71 72 50 97 98 99 
58950
30
3 4 5 5 3 2 2 4 1 2 4 1 1 4 1 2 4 1 4 5 1 4 3 3 2 3 4 3 3 16 
4 35 43 7 9 38 35 7 21 18 14 17 10 43 34 30 2 16 7 38 52 46 58 30 7 3 50 39 45 9 
23 55 45 63 61 50 49 65 67 26 17 69 43 49 54 48 14 45 61 68 53 53 70 33 28 21 55 46 55 39 
381 771 874 275 725 354 911 977 790 659 169 368 513 416 810 797 195 351 869 245 928 623 518 668 453 823 997 464 793 543 
16 16 16 16 25 25 25 0 0 0 3 3 3 3 3 7 7 7 7 18 18 18 18 24 24 4 4 4 29 29 29 29 29 29 29 29 29 29 29 29 29 29 29 29 12 10 10 10 10 16 16 16 16 17 10 10 10 10 11 9 9 8 25 25 25 0 0 0 9 9 24 24 15 15 23 23 23 23 23 23 14 1 1 1 1 6 6 5 5 19 19 19 19 19 27 27 27 29 29 29 29 29 29 29 29 29 29 29 29 29 29 29 29 2 2 2 2 2 12 13 13 13 13 2 2 2 2 2 17 28 28 28 21 21 21 21 27 27 27 15 15 6 6 13 13 13 13 5 5 26 26 26 26 20 20 21 21 21 21 14 1 1 1 1 26 26 26 26 28 28 28 22 22 22 4 4 4 18 18 18 18 3 3 3 3 3 7 7 7 7 8 19 19 19 19 19 11 22 22 22 