256
100
2
3 3 3 4 4 4 4 4 4 6 6 6 6 6 6 6 6 6 6 6 6 6 6 6 6 6 6 6 6 6 7 7 7 7 7 7 8 8 8 8 8 8 10 10 12 13 13 13 13 13 13 13 13 13 13 13 13 13 13 13 14 14 14 15 15 15 15 15 15 15 15 17 17 17 17 17 17 17 17 18 18 18 18 18 18 18 20 20 20 20 20 20 20 23 23 27 27 28 34 34 36 38 38 38 38 38 38 38 38 38 38 38 38 38 38 40 40 40 40 40 40 41 41 41 41 41 41 41 41 41 43 43 43 43 44 44 46 46 46 47 47 47 47 50 50 51 51 51 51 51 51 53 53 56 56 58 58 58 58 58 58 58 58 59 59 59 59 59 59 59 62 62 62 62 62 62 63 65 65 65 65 65 65 65 68 68 68 68 68 68 68 68 68 68 70 70 70 70 70 70 
121 122 123 124 125 126 127 128 129 194 195 196 197 198 199 45 46 47 48 49 50 51 52 53 54 55 56 57 58 59 145 146 147 148 149 150 115 116 117 118 119 120 137 138 136 15 16 17 18 19 20 21 22 23 24 25 26 27 28 29 140 141 142 139 72 73 74 75 76 77 78 176 64 65 66 67 68 69 70 108 109 110 111 112 113 114 177 178 179 180 181 182 183 143 144 151 152 100 153 154 97 130 131 132 133 184 185 186 79 80 81 82 83 84 85 36 37 38 39 40 41 0 1 2 3 4 5 6 7 8 101 102 103 104 155 156 44 42 43 63 60 61 62 93 94 30 31 32 33 34 35 95 96 98 99 134 135 170 171 172 173 174 175 187 188 189 190 191 192 193 157 158 159 160 161 162 71 86 87 88 89 90 91 92 105 106 107 163 164 165 166 167 168 169 9 10 11 12 13 14 
372 372 372 524 524 524 524 524 524 656 656 656 656 656 656 984 984 984 984 984 984 984 984 984 984 984 984 984 984 984 811 811 811 811 811 811 819 819 819 819 819 819 213 213 931 984 984 984 984 984 984 984 984 984 984 984 984 984 984 984 386 386 386 308 394 394 394 394 394 394 394 469 394 394 394 394 394 394 394 969 969 969 969 969 969 969 768 768 768 768 768 768 768 466 466 329 329 957 282 282 957 253 253 253 253 171 171 171 969 969 969 969 969 969 969 819 819 819 819 819 819 372 372 372 524 524 524 524 524 524 253 253 253 253 700 700 931 213 213 308 386 386 386 466 466 811 811 811 811 811 811 329 329 282 282 700 700 800 800 800 800 800 800 244 244 244 244 244 244 244 800 800 800 800 800 800 469 768 768 768 768 768 768 768 171 171 171 244 244 244 244 244 244 244 656 656 656 656 656 656 
0 1 2 3 4 5 6 7 8 9 10 11 12 13 14 15 16 17 18 19 20 21 22 23 24 25 26 27 28 29 30 31 32 33 34 35 36 37 38 39 40 41 42 43 44 15 16 17 18 19 20 21 22 23 24 25 26 27 28 29 45 46 47 48 49 50 51 52 53 54 55 56 49 50 51 52 53 54 55 57 58 59 60 61 62 63 64 65 66 67 68 69 70 71 72 73 74 75 76 77 75 78 79 80 81 82 83 84 57 58 59 60 61 62 63 36 37 38 39 40 41 0 1 2 3 4 5 6 7 8 78 79 80 81 85 86 44 42 43 48 45 46 47 71 72 30 31 32 33 34 35 73 74 76 77 85 86 87 88 89 90 91 92 93 94 95 96 97 98 99 87 88 89 90 91 92 56 64 65 66 67 68 69 70 82 83 84 93 94 95 96 97 98 99 9 10 11 12 13 14 
63489
23
2 2 1 6 1 4 2 3 6 1 2 7 3 1 7 6 6 3 2 6 7 7 15 
44 23 15 6 12 38 34 3 4 17 10 15 38 28 59 7 8 14 27 58 20 18 6 
58 50 47 70 46 43 56 41 41 63 46 17 68 36 68 51 40 47 53 62 65 38 13 
700 466 308 656 931 253 282 372 524 469 213 394 171 957 244 811 819 386 329 800 768 969 984 
7 7 7 8 8 8 8 8 8 3 3 3 3 3 3 22 22 22 22 22 22 22 22 22 22 22 22 22 22 22 15 15 15 15 15 15 16 16 16 16 16 16 10 10 4 22 22 22 22 22 22 22 22 22 22 22 22 22 22 22 17 17 17 2 11 11 11 11 11 11 11 9 11 11 11 11 11 11 11 21 21 21 21 21 21 21 20 20 20 20 20 20 20 1 1 18 18 13 6 6 13 5 5 5 5 12 12 12 21 21 21 21 21 21 21 16 16 16 16 16 16 7 7 7 8 8 8 8 8 8 5 5 5 5 0 0 4 10 10 2 17 17 17 1 1 15 15 15 15 15 15 18 18 6 6 0 0 19 19 19 19 19 19 14 14 14 14 14 14 14 19 19 19 19 19 19 9 20 20 20 20 20 20 20 12 12 12 14 14 14 14 14 14 14 3 3 3 3 3 3 