498
100
2
1 1 1 1 1 1 3 3 6 6 6 6 6 6 6 6 6 9 9 9 9 9 9 9 9 9 9 9 9 9 9 9 9 10 10 10 10 10 10 10 10 10 10 10 10 10 10 10 10 10 10 10 10 14 14 14 14 14 14 18 18 18 18 18 18 18 25 25 26 26 26 26 26 26 31 31 31 31 31 31 32 32 32 32 32 32 34 34 34 34 34 34 35 35 35 35 36 36 36 36 38 38 38 38 38 38 39 39 39 39 39 39 39 39 39 39 39 39 39 39 39 39 41 41 41 41 41 41 41 44 44 44 44 44 44 44 44 44 44 45 45 45 45 45 45 45 45 45 45 45 45 47 47 51 51 51 51 51 51 51 51 51 54 54 54 54 54 54 54 54 54 54 57 57 57 57 57 57 57 61 61 61 61 61 61 61 61 61 61 62 62 64 64 64 64 64 64 66 66 66 
80 81 82 83 84 85 151 152 153 154 155 156 157 158 159 160 161 106 107 108 109 110 111 112 113 114 115 116 117 118 119 120 121 172 173 174 175 176 177 178 197 198 199 179 180 181 182 183 184 185 186 187 188 191 192 193 194 195 196 122 123 124 125 126 127 128 189 190 86 87 88 89 90 91 139 140 141 142 143 144 0 1 2 3 4 5 68 69 70 71 72 73 96 97 98 99 92 93 94 95 145 146 147 148 149 150 17 18 19 20 21 22 23 24 25 26 27 28 29 30 31 32 59 60 61 62 63 64 65 162 163 164 165 166 167 168 169 170 171 74 75 76 77 78 79 100 101 102 103 104 105 6 7 8 9 10 11 12 13 14 15 16 129 130 131 132 133 134 135 136 137 138 33 34 35 36 37 38 39 43 44 45 46 47 48 49 50 51 52 66 67 53 54 55 56 57 58 40 41 42 
804 804 804 804 804 804 814 814 224 224 224 224 224 224 224 224 224 152 152 152 152 152 152 152 152 152 152 152 152 152 152 152 152 324 324 324 324 324 324 324 641 641 641 267 267 267 267 267 267 267 267 267 267 497 497 497 497 497 497 947 947 947 947 947 947 947 380 380 822 822 822 822 822 822 229 229 229 229 229 229 804 804 804 804 804 804 822 822 822 822 822 822 455 455 455 455 455 455 455 455 864 864 864 864 864 864 152 152 152 152 152 152 152 152 152 152 152 152 152 152 152 152 947 947 947 947 947 947 947 238 238 238 238 238 238 238 238 238 238 229 229 229 229 229 229 864 864 864 864 864 864 814 814 224 224 224 224 224 224 224 224 224 238 238 238 238 238 238 238 238 238 238 324 324 324 324 324 324 324 267 267 267 267 267 267 267 267 267 267 380 380 497 497 497 497 497 497 641 641 641 
0 1 2 3 4 5 6 7 8 9 10 11 12 13 14 15 16 17 18 19 20 21 22 23 24 25 26 27 28 29 30 31 32 33 34 35 36 37 38 39 40 41 42 43 44 45 46 47 48 49 50 51 52 53 54 55 56 57 58 59 60 61 62 63 64 65 66 67 68 69 70 71 72 73 74 75 76 77 78 79 0 1 2 3 4 5 68 69 70 71 72 73 80 81 82 83 80 81 82 83 84 85 86 87 88 89 17 18 19 20 21 22 23 24 25 26 27 28 29 30 31 32 59 60 61 62 63 64 65 90 91 92 93 94 95 96 97 98 99 74 75 76 77 78 79 84 85 86 87 88 89 6 7 8 9 10 11 12 13 14 15 16 90 91 92 93 94 95 96 97 98 99 33 34 35 36 37 38 39 43 44 45 46 47 48 49 50 51 52 66 67 53 54 55 56 57 58 40 41 42 
43822
15
7 3 9 2 2 7 6 4 6 10 6 6 6 10 16 
10 10 6 3 25 18 31 35 14 44 1 26 38 10 9 
57 66 51 47 62 41 45 36 64 54 32 34 45 61 39 
324 641 224 814 380 947 229 455 497 238 804 822 864 267 152 
10 10 10 10 10 10 3 3 2 2 2 2 2 2 2 2 2 14 14 14 14 14 14 14 14 14 14 14 14 14 14 14 14 0 0 0 0 0 0 0 1 1 1 13 13 13 13 13 13 13 13 13 13 8 8 8 8 8 8 5 5 5 5 5 5 5 4 4 11 11 11 11 11 11 6 6 6 6 6 6 10 10 10 10 10 10 11 11 11 11 11 11 7 7 7 7 7 7 7 7 12 12 12 12 12 12 14 14 14 14 14 14 14 14 14 14 14 14 14 14 14 14 5 5 5 5 5 5 5 9 9 9 9 9 9 9 9 9 9 6 6 6 6 6 6 12 12 12 12 12 12 3 3 2 2 2 2 2 2 2 2 2 9 9 9 9 9 9 9 9 9 9 0 0 0 0 0 0 0 13 13 13 13 13 13 13 13 13 13 4 4 8 8 8 8 8 8 1 1 1 