524
100
2
6 6 6 6 6 6 6 6 7 7 7 7 7 7 7 7 9 9 9 9 9 13 13 13 13 13 13 13 13 16 16 16 16 17 17 20 20 20 20 20 20 20 20 21 21 21 23 23 23 23 26 26 26 26 26 26 26 27 27 27 27 27 27 27 27 27 27 27 27 30 30 34 34 34 34 34 34 34 34 34 37 37 37 37 37 37 37 37 37 37 39 39 39 39 39 39 39 39 39 39 39 39 40 40 40 40 40 40 40 40 40 40 40 44 44 44 45 45 45 45 45 45 45 45 45 45 45 45 45 45 47 47 47 47 47 47 47 48 48 48 50 50 50 50 50 50 50 50 51 51 51 51 51 53 53 53 53 53 53 56 56 56 56 56 56 56 56 57 57 57 57 57 64 64 64 64 64 64 64 64 64 66 66 68 68 68 68 68 68 68 68 68 68 68 68 68 68 68 68 68 
35 36 37 38 39 40 41 42 21 22 23 24 25 26 27 28 183 184 185 186 187 8 9 10 11 12 13 14 15 46 47 48 49 181 182 0 1 2 3 4 5 6 7 113 114 115 29 30 31 32 130 131 132 133 134 135 136 69 70 80 81 82 83 84 85 86 87 88 89 57 58 172 173 174 175 176 177 178 179 180 59 60 61 62 63 64 65 66 67 68 188 189 190 191 192 193 194 195 196 197 198 199 116 117 118 119 120 121 122 123 124 125 126 43 44 45 102 103 104 105 106 107 108 109 110 111 112 137 138 139 50 51 52 53 54 55 56 127 128 129 159 160 161 162 163 164 165 166 167 168 169 170 171 154 153 156 155 158 157 140 141 142 143 144 145 146 147 148 149 150 151 152 71 72 73 74 75 76 77 78 79 33 34 16 17 18 19 20 90 91 92 93 94 95 96 97 98 99 100 101 
285 285 285 285 285 285 285 285 205 205 205 205 205 205 205 205 576 576 576 576 576 205 205 205 205 205 205 205 205 754 754 754 754 700 700 285 285 285 285 285 285 285 285 423 423 423 754 754 754 754 673 673 673 673 673 673 673 655 655 537 537 537 537 537 537 537 537 537 537 655 655 991 991 991 991 991 991 991 991 991 537 537 537 537 537 537 537 537 537 537 980 980 980 980 980 980 980 980 980 980 980 980 172 172 172 172 172 172 172 172 172 172 172 423 423 423 172 172 172 172 172 172 172 172 172 172 172 810 810 810 673 673 673 673 673 673 673 810 810 810 650 650 650 650 650 650 650 650 674 674 674 674 674 565 565 565 565 565 565 650 650 650 650 650 650 650 650 674 674 674 674 674 991 991 991 991 991 991 991 991 991 700 700 576 576 576 576 576 980 980 980 980 980 980 980 980 980 980 980 980 
0 1 2 3 4 5 6 7 8 9 10 11 12 13 14 15 16 17 18 19 20 8 9 10 11 12 13 14 15 21 22 23 24 25 26 0 1 2 3 4 5 6 7 27 28 29 21 22 23 24 30 31 32 33 34 35 36 37 38 39 40 41 42 43 44 45 46 47 48 37 38 49 50 51 52 53 54 55 56 57 39 40 41 42 43 44 45 46 47 48 58 59 60 61 62 63 64 65 66 67 68 69 70 71 72 73 74 75 76 77 78 79 80 27 28 29 70 71 72 73 74 75 76 77 78 79 80 81 82 83 30 31 32 33 34 35 36 81 82 83 84 85 86 87 88 89 90 91 92 93 94 95 96 97 97 98 98 99 99 84 85 86 87 88 89 90 91 92 93 94 95 96 49 50 51 52 53 54 55 56 57 25 26 16 17 18 19 20 58 59 60 61 62 63 64 65 66 67 68 69 
59142
16
3 5 11 4 3 2 3 5 8 10 8 2 8 7 9 12 
53 9 40 16 45 27 21 51 50 27 7 17 6 26 34 39 
53 68 45 23 48 30 44 57 56 37 13 66 20 47 64 68 
565 576 172 754 810 655 423 674 650 537 205 700 285 673 991 980 
12 12 12 12 12 12 12 12 10 10 10 10 10 10 10 10 1 1 1 1 1 10 10 10 10 10 10 10 10 3 3 3 3 11 11 12 12 12 12 12 12 12 12 6 6 6 3 3 3 3 13 13 13 13 13 13 13 5 5 9 9 9 9 9 9 9 9 9 9 5 5 14 14 14 14 14 14 14 14 14 9 9 9 9 9 9 9 9 9 9 15 15 15 15 15 15 15 15 15 15 15 15 2 2 2 2 2 2 2 2 2 2 2 6 6 6 2 2 2 2 2 2 2 2 2 2 2 4 4 4 13 13 13 13 13 13 13 4 4 4 8 8 8 8 8 8 8 8 7 7 7 7 7 0 0 0 0 0 0 8 8 8 8 8 8 8 8 7 7 7 7 7 14 14 14 14 14 14 14 14 14 11 11 1 1 1 1 1 15 15 15 15 15 15 15 15 15 15 15 15 