663
100
2
2 2 3 3 3 6 6 6 6 6 7 7 7 7 7 7 10 10 10 10 11 11 11 11 11 11 11 11 11 11 11 11 11 11 11 11 11 11 11 12 12 12 12 14 14 14 14 14 14 14 14 14 14 17 18 18 18 18 18 18 23 23 23 23 24 24 25 25 25 25 25 25 27 27 27 27 27 28 28 28 28 28 29 29 29 29 29 29 29 29 29 31 31 31 31 31 31 31 31 31 33 33 33 33 33 33 34 34 34 34 34 34 34 34 34 34 34 34 34 36 36 36 36 36 36 38 40 40 40 40 40 45 45 47 47 47 47 49 50 50 50 50 51 51 51 51 54 55 55 55 55 55 56 56 56 56 56 56 56 56 56 56 56 56 56 57 57 57 57 61 61 62 62 63 63 63 65 66 66 66 67 67 67 67 67 67 67 67 67 67 67 67 67 67 67 67 67 67 70 70 
64 65 173 174 175 147 148 149 150 151 48 165 166 167 168 171 198 199 123 124 172 180 181 182 183 184 185 186 187 188 189 190 191 192 193 194 195 196 197 102 103 104 105 77 78 79 80 81 10 87 88 89 90 176 66 67 68 94 95 96 152 153 154 155 0 1 54 55 56 97 98 99 91 92 93 169 170 43 44 45 46 47 126 127 128 129 130 49 50 51 52 72 73 74 57 58 59 69 70 71 131 132 39 40 41 42 156 157 158 159 160 177 178 179 138 139 140 141 125 133 134 135 136 18 19 118 82 83 84 85 86 100 101 119 120 121 122 146 114 115 116 117 161 162 163 164 137 5 6 7 8 9 60 61 62 63 106 107 108 109 110 142 143 144 145 11 12 13 14 75 76 15 20 2 3 4 53 111 112 113 21 22 23 24 25 26 27 28 29 30 31 32 33 34 35 36 37 38 16 17 
890 890 258 258 258 460 460 460 460 460 323 326 326 326 326 181 406 406 298 298 668 281 281 281 281 281 281 281 281 281 281 281 281 281 281 281 281 281 281 886 886 886 886 218 218 218 218 218 323 641 641 641 641 181 378 378 378 318 318 318 523 523 523 523 890 890 378 378 378 669 669 669 599 599 599 167 167 218 218 218 218 218 798 798 798 798 798 641 641 641 641 599 599 599 318 318 318 669 669 669 980 980 886 886 886 886 366 366 366 366 366 219 219 219 720 720 720 720 657 524 524 524 524 298 298 657 798 798 798 798 798 980 980 524 524 524 524 806 720 720 720 720 841 841 841 841 806 460 460 460 460 460 523 523 523 523 366 366 366 366 366 841 841 841 841 326 326 326 326 167 167 181 668 258 258 258 181 219 219 219 281 281 281 281 281 281 281 281 281 281 281 281 281 281 281 281 281 281 406 406 
0 1 2 3 4 5 6 7 8 9 10 11 12 13 14 15 16 17 18 19 20 21 22 23 24 25 26 27 28 29 30 31 32 33 34 35 36 37 38 39 40 41 42 43 44 45 46 47 10 48 49 50 51 52 53 54 55 56 57 58 59 60 61 62 0 1 53 54 55 63 64 65 66 67 68 69 70 43 44 45 46 47 71 72 73 74 75 48 49 50 51 66 67 68 56 57 58 63 64 65 76 77 39 40 41 42 78 79 80 81 82 83 84 85 86 87 88 89 90 91 92 93 94 18 19 90 71 72 73 74 75 76 77 91 92 93 94 95 86 87 88 89 96 97 98 99 95 5 6 7 8 9 59 60 61 62 78 79 80 81 82 96 97 98 99 11 12 13 14 69 70 15 20 2 3 4 52 83 84 85 21 22 23 24 25 26 27 28 29 30 31 32 33 34 35 36 37 38 16 17 
47733
29
4 1 5 5 4 2 4 2 3 1 4 5 4 3 2 5 3 1 2 3 1 3 4 1 4 1 2 3 18 
23 49 14 34 36 33 12 2 27 7 51 29 7 3 27 6 18 17 10 34 7 18 34 11 14 34 10 25 11 
56 54 28 56 47 45 33 24 31 14 56 40 57 63 61 55 25 65 70 66 62 31 50 62 29 38 36 31 67 
523 806 218 366 524 980 886 890 599 323 841 798 326 258 167 460 378 181 406 219 181 318 720 668 641 657 298 669 281 
7 7 13 13 13 15 15 15 15 15 9 12 12 12 12 20 18 18 26 26 23 28 28 28 28 28 28 28 28 28 28 28 28 28 28 28 28 28 28 6 6 6 6 2 2 2 2 2 9 24 24 24 24 17 16 16 16 21 21 21 0 0 0 0 7 7 16 16 16 27 27 27 8 8 8 14 14 2 2 2 2 2 11 11 11 11 11 24 24 24 24 8 8 8 21 21 21 27 27 27 5 5 6 6 6 6 3 3 3 3 3 19 19 19 22 22 22 22 25 4 4 4 4 26 26 25 11 11 11 11 11 5 5 4 4 4 4 1 22 22 22 22 10 10 10 10 1 15 15 15 15 15 0 0 0 0 3 3 3 3 3 10 10 10 10 12 12 12 12 14 14 20 23 13 13 13 17 19 19 19 28 28 28 28 28 28 28 28 28 28 28 28 28 28 28 28 28 28 18 18 