182
100
2
5 5 5 5 5 5 5 5 5 5 5 5 8 8 8 8 8 8 15 15 15 15 15 15 15 15 15 15 15 15 15 15 15 15 16 16 16 16 19 19 19 19 19 19 19 19 23 23 23 23 23 23 23 23 23 23 23 23 23 23 23 23 23 23 23 25 25 25 25 25 25 25 25 31 31 31 31 31 31 31 31 31 31 31 31 31 31 31 31 37 37 37 37 37 37 38 38 38 38 38 38 38 38 38 38 38 38 38 38 38 38 38 38 38 38 38 38 38 39 39 39 42 42 42 42 42 42 42 42 42 42 42 42 42 42 42 42 42 42 47 47 47 47 47 47 47 47 47 47 50 50 50 50 50 50 50 50 50 50 51 51 52 52 52 54 54 54 54 63 63 63 63 63 63 63 63 63 63 63 63 63 63 63 63 63 63 63 63 68 68 68 68 68 68 68 68 68 68 68 68 
188 189 190 191 192 193 194 195 196 197 198 199 89 90 91 92 93 94 73 74 75 76 77 78 79 80 81 82 83 84 85 86 87 88 164 165 166 167 65 66 67 68 69 70 71 72 95 96 97 98 99 100 101 102 103 104 105 121 122 123 124 125 126 127 128 38 39 40 41 42 43 44 45 18 19 20 21 22 23 24 25 26 27 28 29 30 31 32 33 12 13 14 15 16 17 46 47 48 49 50 51 52 53 54 55 56 159 160 149 150 151 152 153 154 155 156 157 158 161 162 163 57 58 59 60 61 62 63 64 178 179 180 181 182 183 184 185 186 187 168 169 170 171 172 173 174 175 176 177 108 109 110 111 112 113 114 115 116 117 106 107 118 119 120 34 35 36 37 139 140 141 142 143 144 145 146 147 148 129 130 131 132 133 134 135 136 137 138 0 1 2 3 4 5 6 7 8 9 10 11 
345 345 345 345 345 345 345 345 345 345 345 345 162 162 162 162 162 162 445 445 445 445 445 445 445 445 445 445 445 445 445 445 445 445 355 355 355 355 652 652 652 652 652 652 652 652 999 999 999 999 999 999 999 999 999 999 999 866 866 866 866 866 866 866 866 652 652 652 652 652 652 652 652 445 445 445 445 445 445 445 445 445 445 445 445 445 445 445 445 162 162 162 162 162 162 999 999 999 999 999 999 999 999 999 999 999 437 437 431 431 431 431 431 431 431 431 431 431 897 897 897 866 866 866 866 866 866 866 866 174 174 174 174 174 174 174 174 174 174 888 888 888 888 888 888 888 888 888 888 431 431 431 431 431 431 431 431 431 431 437 437 897 897 897 355 355 355 355 888 888 888 888 888 888 888 888 888 888 174 174 174 174 174 174 174 174 174 174 345 345 345 345 345 345 345 345 345 345 345 345 
0 1 2 3 4 5 6 7 8 9 10 11 12 13 14 15 16 17 18 19 20 21 22 23 24 25 26 27 28 29 30 31 32 33 34 35 36 37 38 39 40 41 42 43 44 45 46 47 48 49 50 51 52 53 54 55 56 57 58 59 60 61 62 63 64 38 39 40 41 42 43 44 45 18 19 20 21 22 23 24 25 26 27 28 29 30 31 32 33 12 13 14 15 16 17 46 47 48 49 50 51 52 53 54 55 56 65 66 67 68 69 70 71 72 73 74 75 76 77 78 79 57 58 59 60 61 62 63 64 80 81 82 83 84 85 86 87 88 89 90 91 92 93 94 95 96 97 98 99 67 68 69 70 71 72 73 74 75 76 65 66 77 78 79 34 35 36 37 90 91 92 93 94 95 96 97 98 99 80 81 82 83 84 85 86 87 88 89 0 1 2 3 4 5 6 7 8 9 10 11 
55280
12
12 11 10 8 4 8 10 2 10 6 3 16 
5 23 47 23 16 19 42 38 38 8 39 15 
68 38 63 42 54 25 63 51 50 37 52 31 
345 999 888 866 355 652 174 437 431 162 897 445 
0 0 0 0 0 0 0 0 0 0 0 0 9 9 9 9 9 9 11 11 11 11 11 11 11 11 11 11 11 11 11 11 11 11 4 4 4 4 5 5 5 5 5 5 5 5 1 1 1 1 1 1 1 1 1 1 1 3 3 3 3 3 3 3 3 5 5 5 5 5 5 5 5 11 11 11 11 11 11 11 11 11 11 11 11 11 11 11 11 9 9 9 9 9 9 1 1 1 1 1 1 1 1 1 1 1 7 7 8 8 8 8 8 8 8 8 8 8 10 10 10 3 3 3 3 3 3 3 3 6 6 6 6 6 6 6 6 6 6 2 2 2 2 2 2 2 2 2 2 8 8 8 8 8 8 8 8 8 8 7 7 10 10 10 4 4 4 4 2 2 2 2 2 2 2 2 2 2 6 6 6 6 6 6 6 6 6 6 0 0 0 0 0 0 0 0 0 0 0 0 