853
100
2
6 6 6 6 6 7 7 7 8 8 8 8 8 8 8 8 8 8 8 8 8 8 8 8 12 12 12 13 13 13 13 13 13 13 14 14 14 14 14 14 14 14 14 14 14 15 18 18 18 18 18 18 22 22 22 22 22 22 22 23 23 23 23 23 23 24 24 24 24 24 24 26 26 26 26 26 26 27 27 28 28 28 28 28 28 30 30 30 30 30 32 32 32 32 32 32 32 32 32 32 32 32 32 32 32 32 34 34 34 43 43 43 43 43 43 43 43 43 47 47 47 47 47 47 47 47 47 47 47 47 47 48 48 49 49 49 49 49 49 52 52 52 54 54 54 54 58 58 58 58 58 58 58 58 61 61 61 62 62 62 62 62 62 62 63 63 63 63 63 63 64 64 64 65 65 65 65 65 65 66 66 66 67 67 67 67 67 67 67 67 67 67 67 67 67 68 69 69 69 69 
146 109 110 111 112 24 25 26 90 91 92 93 94 95 96 97 98 99 100 101 102 103 104 105 5 6 7 124 125 126 127 128 129 130 52 53 54 55 56 57 58 196 197 198 199 195 173 174 175 176 177 178 34 35 36 37 38 39 40 118 119 120 121 122 123 71 72 73 74 75 76 65 66 67 68 69 70 131 132 189 190 191 192 193 194 113 114 115 116 117 8 9 10 11 12 13 14 15 16 17 18 19 20 21 22 23 182 183 184 1 2 3 4 85 86 87 88 89 59 60 61 62 63 64 27 28 29 30 31 32 33 77 78 164 165 166 167 168 169 179 180 181 185 186 187 188 0 157 158 159 160 161 162 163 170 171 172 147 148 149 150 151 152 153 133 134 135 136 137 138 154 155 156 46 47 48 49 50 51 139 140 141 106 107 108 142 143 144 145 79 80 81 82 83 84 45 41 42 43 44 
199 657 657 657 657 664 664 664 712 712 712 712 712 712 712 712 712 712 712 712 712 712 712 712 664 664 664 635 635 635 635 635 635 635 358 358 358 358 358 358 358 568 568 568 568 581 260 260 260 260 260 260 358 358 358 358 358 358 358 900 900 900 900 900 900 357 357 357 357 357 357 357 357 357 357 357 357 731 731 469 469 469 469 469 469 670 670 670 670 670 712 712 712 712 712 712 712 712 712 712 712 712 712 712 712 712 312 312 312 657 657 657 657 670 670 670 670 670 900 900 900 900 900 900 635 635 635 635 635 635 635 731 731 871 871 871 871 871 871 886 886 886 616 616 616 616 199 526 526 526 526 526 526 526 392 392 392 526 526 526 526 526 526 526 871 871 871 871 871 871 392 392 392 260 260 260 260 260 260 886 886 886 312 312 312 616 616 616 616 469 469 469 469 469 469 581 568 568 568 568 
0 1 2 3 4 5 6 7 8 9 10 11 12 13 14 15 16 17 18 19 20 21 22 23 5 6 7 24 25 26 27 28 29 30 31 32 33 34 35 36 37 38 39 40 41 42 43 44 45 46 47 48 31 32 33 34 35 36 37 49 50 51 52 53 54 55 56 57 58 59 60 55 56 57 58 59 60 61 62 63 64 65 66 67 68 69 70 71 72 73 8 9 10 11 12 13 14 15 16 17 18 19 20 21 22 23 74 75 76 1 2 3 4 69 70 71 72 73 49 50 51 52 53 54 24 25 26 27 28 29 30 61 62 77 78 79 80 81 82 83 84 85 86 87 88 89 0 90 91 92 93 94 95 96 97 98 99 90 91 92 93 94 95 96 77 78 79 80 81 82 97 98 99 43 44 45 46 47 48 83 84 85 74 75 76 86 87 88 89 63 64 65 66 67 68 42 38 39 40 41 
58885
20
1 6 4 6 5 3 6 2 7 3 1 3 6 3 7 4 4 6 7 16 
6 18 6 49 30 61 24 27 14 52 15 34 23 7 58 14 54 28 13 8 
58 65 43 63 43 64 26 48 22 66 68 67 47 12 62 69 67 67 47 32 
199 260 657 871 670 392 357 731 358 886 581 312 900 664 526 568 616 469 635 712 
0 2 2 2 2 13 13 13 19 19 19 19 19 19 19 19 19 19 19 19 19 19 19 19 13 13 13 18 18 18 18 18 18 18 8 8 8 8 8 8 8 15 15 15 15 10 1 1 1 1 1 1 8 8 8 8 8 8 8 12 12 12 12 12 12 6 6 6 6 6 6 6 6 6 6 6 6 7 7 17 17 17 17 17 17 4 4 4 4 4 19 19 19 19 19 19 19 19 19 19 19 19 19 19 19 19 11 11 11 2 2 2 2 4 4 4 4 4 12 12 12 12 12 12 18 18 18 18 18 18 18 7 7 3 3 3 3 3 3 9 9 9 16 16 16 16 0 14 14 14 14 14 14 14 5 5 5 14 14 14 14 14 14 14 3 3 3 3 3 3 5 5 5 1 1 1 1 1 1 9 9 9 11 11 11 16 16 16 16 17 17 17 17 17 17 10 15 15 15 15 