807
100
2
1 1 1 1 1 1 2 2 2 2 2 3 3 3 3 3 3 8 8 9 9 9 9 9 9 9 9 15 15 17 17 17 17 17 17 17 17 18 18 18 18 18 18 18 18 18 18 18 18 18 18 18 18 23 23 23 23 23 23 23 23 23 23 26 26 26 26 26 32 32 32 34 34 34 34 34 34 34 34 34 34 34 34 34 36 36 36 38 38 38 38 38 38 38 38 38 38 38 38 38 38 43 43 43 43 43 43 43 50 50 50 51 51 51 51 51 51 51 51 51 51 51 51 51 51 51 51 55 55 57 57 57 57 57 57 57 57 57 58 58 58 58 58 58 58 58 58 58 58 58 58 58 58 58 58 58 58 58 58 58 58 58 58 58 59 59 59 60 60 60 60 60 68 68 68 68 68 68 68 68 68 68 68 68 68 68 68 68 68 68 68 68 68 69 69 69 69 69 69 69 
11 12 13 14 15 16 96 97 98 99 100 0 1 2 3 4 5 127 128 37 38 39 40 41 42 43 44 53 54 45 46 47 48 49 50 51 52 19 20 21 22 23 24 25 26 29 30 31 32 33 34 35 36 27 28 71 72 73 74 75 76 77 78 138 139 140 141 142 84 85 86 55 56 57 58 59 60 61 62 143 144 145 146 147 68 69 70 129 130 131 132 133 134 135 136 137 6 7 8 9 10 193 194 195 196 197 198 199 164 165 166 112 111 114 113 116 115 118 117 120 119 122 121 124 123 126 125 17 18 87 88 89 90 91 92 93 94 95 63 64 65 66 67 79 80 81 82 83 177 178 179 180 181 182 183 184 185 186 187 188 189 190 191 192 108 109 110 172 173 174 175 176 167 168 169 170 171 148 149 150 151 152 153 154 155 156 157 158 159 160 161 162 163 101 102 103 104 105 106 107 
995 995 995 995 995 995 998 998 998 998 998 995 995 995 995 995 995 597 597 186 186 186 186 186 186 186 186 861 861 321 321 321 321 321 321 321 321 186 186 186 186 186 186 186 186 321 321 321 321 321 321 321 321 861 861 475 475 475 475 475 475 475 475 343 343 343 343 343 305 305 305 475 475 475 475 475 475 475 475 184 184 184 184 184 305 305 305 456 456 456 456 456 456 456 456 456 998 998 998 998 998 248 248 248 248 248 248 248 503 503 503 509 509 509 509 509 509 509 509 509 509 509 509 509 509 509 509 597 597 456 456 456 456 456 456 456 456 456 343 343 343 343 343 184 184 184 184 184 894 894 894 894 894 894 894 894 894 894 894 894 894 894 894 894 503 503 503 375 375 375 375 375 375 375 375 375 375 894 894 894 894 894 894 894 894 894 894 894 894 894 894 894 894 248 248 248 248 248 248 248 
0 1 2 3 4 5 6 7 8 9 10 0 1 2 3 4 5 11 12 13 14 15 16 17 18 19 20 21 22 23 24 25 26 27 28 29 30 13 14 15 16 17 18 19 20 23 24 25 26 27 28 29 30 21 22 31 32 33 34 35 36 37 38 39 40 41 42 43 44 45 46 31 32 33 34 35 36 37 38 47 48 49 50 51 44 45 46 52 53 54 55 56 57 58 59 60 6 7 8 9 10 61 62 63 64 65 66 67 68 69 70 71 71 72 72 73 73 74 74 75 75 76 76 77 77 78 78 11 12 52 53 54 55 56 57 58 59 60 39 40 41 42 43 47 48 49 50 51 79 80 81 82 83 84 85 86 87 88 89 90 91 92 93 94 68 69 70 95 96 97 98 99 95 96 97 98 99 79 80 81 82 83 84 85 86 87 88 89 90 91 92 93 94 61 62 63 64 65 66 67 
52882
16
8 6 7 3 2 8 8 9 5 5 8 3 5 2 5 16 
9 1 43 50 15 51 23 38 26 34 17 32 2 8 60 58 
18 3 69 59 23 51 34 57 58 58 18 36 38 55 68 68 
186 995 248 503 861 509 475 456 343 184 321 305 998 597 375 894 
1 1 1 1 1 1 12 12 12 12 12 1 1 1 1 1 1 13 13 0 0 0 0 0 0 0 0 4 4 10 10 10 10 10 10 10 10 0 0 0 0 0 0 0 0 10 10 10 10 10 10 10 10 4 4 6 6 6 6 6 6 6 6 8 8 8 8 8 11 11 11 6 6 6 6 6 6 6 6 9 9 9 9 9 11 11 11 7 7 7 7 7 7 7 7 7 12 12 12 12 12 2 2 2 2 2 2 2 3 3 3 5 5 5 5 5 5 5 5 5 5 5 5 5 5 5 5 13 13 7 7 7 7 7 7 7 7 7 8 8 8 8 8 9 9 9 9 9 15 15 15 15 15 15 15 15 15 15 15 15 15 15 15 15 3 3 3 14 14 14 14 14 14 14 14 14 14 15 15 15 15 15 15 15 15 15 15 15 15 15 15 15 15 2 2 2 2 2 2 2 