179
100
2
2 2 2 2 2 3 3 3 3 3 3 3 3 3 3 3 3 3 3 5 5 7 7 7 7 14 14 14 14 14 14 14 14 14 14 14 14 14 14 14 14 15 15 16 16 16 16 16 16 16 16 16 16 16 16 19 19 19 19 19 19 21 21 21 21 21 23 23 23 25 25 25 25 25 25 25 25 25 25 25 25 25 25 25 25 25 27 27 27 27 27 27 27 27 27 27 27 27 27 28 28 28 31 31 31 31 34 34 34 34 35 35 35 35 35 35 35 35 35 36 36 36 36 36 36 37 37 37 37 41 41 41 43 46 46 46 46 46 46 46 46 51 51 51 51 51 53 53 53 55 55 55 56 56 56 56 58 58 58 58 58 59 59 59 59 60 60 61 61 61 61 62 62 62 62 62 62 62 62 62 65 65 65 65 65 66 66 66 66 66 66 67 68 68 68 68 68 68 68 68 
156 157 158 159 160 27 28 29 30 31 32 33 34 35 36 37 38 39 40 133 134 191 167 168 169 165 166 5 6 7 8 9 10 11 12 13 14 15 16 17 18 178 179 185 186 187 188 189 190 69 70 71 72 73 74 119 120 121 122 123 124 110 111 112 113 114 129 130 131 49 50 51 52 53 54 180 181 182 183 184 86 87 88 89 90 91 80 81 82 83 84 85 135 136 137 138 139 140 132 149 150 151 161 162 163 164 152 153 154 155 61 62 63 64 65 125 126 127 128 55 56 57 58 59 60 115 116 117 118 66 67 68 98 19 20 92 93 94 95 96 97 171 172 173 174 170 175 176 177 99 100 101 106 107 108 109 0 1 2 3 4 102 103 104 105 25 26 22 23 24 145 141 142 143 144 146 147 148 41 42 75 76 77 78 79 43 44 45 46 47 48 21 193 192 195 194 197 196 199 198 
154 154 154 154 154 470 470 470 470 470 470 470 470 470 470 470 470 470 470 653 653 169 764 764 764 159 159 470 470 470 470 470 470 470 470 470 470 470 470 470 470 907 907 716 716 716 716 716 716 571 571 571 571 571 571 706 706 706 706 706 706 161 161 161 161 161 929 929 929 571 571 571 571 571 571 975 975 975 975 975 232 232 232 232 232 232 232 232 232 232 232 232 993 993 993 993 993 993 781 891 891 891 753 753 753 753 656 656 656 656 161 161 161 161 161 247 247 247 247 706 706 706 706 706 706 247 247 247 247 929 929 929 781 653 653 993 993 993 993 993 993 553 553 553 553 305 657 657 657 891 891 891 656 656 656 656 154 154 154 154 154 753 753 753 753 159 159 764 764 764 305 553 553 553 553 657 657 657 907 907 975 975 975 975 975 716 716 716 716 716 716 169 466 466 466 466 466 466 466 466 
0 1 2 3 4 5 6 7 8 9 10 11 12 13 14 15 16 17 18 19 20 21 22 23 24 25 26 5 6 7 8 9 10 11 12 13 14 15 16 17 18 27 28 29 30 31 32 33 34 35 36 37 38 39 40 41 42 43 44 45 46 47 48 49 50 51 52 53 54 35 36 37 38 39 40 55 56 57 58 59 60 61 62 63 64 65 60 61 62 63 64 65 66 67 68 69 70 71 72 73 74 75 76 77 78 79 80 81 82 83 47 48 49 50 51 84 85 86 87 41 42 43 44 45 46 84 85 86 87 52 53 54 72 19 20 66 67 68 69 70 71 88 89 90 91 92 93 94 95 73 74 75 80 81 82 83 0 1 2 3 4 76 77 78 79 25 26 22 23 24 92 88 89 90 91 93 94 95 27 28 55 56 57 58 59 29 30 31 32 33 34 21 96 96 97 97 98 98 99 99 
57454
24
6 2 4 4 5 2 6 4 3 3 1 6 3 5 2 5 3 1 6 6 4 4 1 14 
16 14 68 34 21 5 16 51 23 53 7 19 28 2 15 25 7 51 25 27 35 31 27 3 
66 60 68 56 35 46 25 62 41 62 67 36 55 58 62 65 61 61 27 46 37 59 43 14 
716 159 466 656 161 653 571 553 929 657 169 706 891 154 907 975 764 305 232 993 247 753 781 470 
13 13 13 13 13 23 23 23 23 23 23 23 23 23 23 23 23 23 23 5 5 10 16 16 16 1 1 23 23 23 23 23 23 23 23 23 23 23 23 23 23 14 14 0 0 0 0 0 0 6 6 6 6 6 6 11 11 11 11 11 11 4 4 4 4 4 8 8 8 6 6 6 6 6 6 15 15 15 15 15 18 18 18 18 18 18 18 18 18 18 18 18 19 19 19 19 19 19 22 12 12 12 21 21 21 21 3 3 3 3 4 4 4 4 4 20 20 20 20 11 11 11 11 11 11 20 20 20 20 8 8 8 22 5 5 19 19 19 19 19 19 7 7 7 7 17 9 9 9 12 12 12 3 3 3 3 13 13 13 13 13 21 21 21 21 1 1 16 16 16 17 7 7 7 7 9 9 9 14 14 15 15 15 15 15 0 0 0 0 0 0 10 2 2 2 2 2 2 2 2 