919
100
2
1 1 1 1 1 1 1 1 1 1 1 1 1 1 1 1 1 1 1 2 3 3 3 3 3 3 3 3 3 6 7 7 7 7 7 7 7 7 7 7 7 7 7 7 7 10 10 10 10 10 11 12 12 13 13 13 13 13 16 16 16 16 16 16 16 16 16 16 18 18 18 18 18 18 18 18 18 18 18 22 22 22 22 23 23 23 26 26 26 26 26 27 27 27 27 29 29 29 29 29 31 31 31 31 31 31 32 32 32 32 32 32 32 32 32 32 33 33 33 33 33 33 34 34 34 34 34 34 35 35 35 35 35 35 35 35 35 35 35 35 35 35 35 35 36 36 36 36 36 36 36 36 36 37 37 37 37 37 37 37 37 37 38 38 38 38 38 41 44 44 46 46 46 48 48 48 48 51 51 51 51 51 51 51 51 51 52 52 52 52 52 57 65 65 65 68 70 70 70 70 
58 59 60 61 62 63 106 107 108 109 110 111 48 49 86 87 88 89 90 53 95 96 97 98 99 91 92 93 94 128 129 130 131 132 133 134 135 136 137 138 139 140 141 142 143 83 84 85 12 13 121 168 169 19 170 171 172 167 0 1 2 3 4 5 112 113 114 115 144 145 146 147 192 193 194 158 159 160 161 173 174 175 176 45 46 47 14 15 16 17 18 25 26 27 28 20 21 22 23 24 122 123 124 125 126 127 6 7 8 9 10 11 64 65 66 67 162 163 164 165 166 50 100 101 102 103 104 105 29 30 31 32 33 34 35 36 37 38 39 40 41 42 43 44 68 69 70 71 186 187 188 189 190 181 182 183 184 185 75 76 77 78 116 117 118 119 120 57 51 52 54 55 56 79 80 81 82 196 197 198 199 153 154 155 156 157 148 149 150 151 152 195 72 73 74 191 177 178 179 180 
625 625 625 625 625 625 515 515 515 515 515 515 282 282 843 843 843 843 843 195 497 497 497 497 497 267 267 267 267 420 316 316 316 316 316 316 316 316 316 316 316 316 316 316 316 775 775 775 282 282 343 281 281 195 798 798 798 268 625 625 625 625 625 625 651 651 651 651 769 769 769 769 834 834 834 591 591 591 591 538 538 538 538 775 775 775 843 843 843 843 843 267 267 267 267 497 497 497 497 497 613 613 613 613 613 613 515 515 515 515 515 515 651 651 651 651 370 370 370 370 370 343 613 613 613 613 613 613 420 316 316 316 316 316 316 316 316 316 316 316 316 316 316 316 769 769 769 769 992 992 992 992 992 209 209 209 209 209 591 591 591 591 370 370 370 370 370 268 281 281 798 798 798 538 538 538 538 333 333 333 333 209 209 209 209 209 992 992 992 992 992 458 834 834 834 458 333 333 333 333 
0 1 2 3 4 5 6 7 8 9 10 11 12 13 14 15 16 17 18 19 20 21 22 23 24 25 26 27 28 29 30 31 32 33 34 35 36 37 38 39 40 41 42 43 44 45 46 47 12 13 48 49 50 19 51 52 53 54 0 1 2 3 4 5 55 56 57 58 59 60 61 62 63 64 65 66 67 68 69 70 71 72 73 45 46 47 14 15 16 17 18 25 26 27 28 20 21 22 23 24 74 75 76 77 78 79 6 7 8 9 10 11 55 56 57 58 80 81 82 83 84 48 74 75 76 77 78 79 29 30 31 32 33 34 35 36 37 38 39 40 41 42 43 44 59 60 61 62 85 86 87 88 89 90 91 92 93 94 66 67 68 69 80 81 82 83 84 54 49 50 51 52 53 70 71 72 73 95 96 97 98 90 91 92 93 94 85 86 87 88 89 99 63 64 65 99 95 96 97 98 
52440
25
5 5 6 4 4 4 6 3 4 1 1 6 1 1 5 3 4 3 2 5 2 5 4 1 15 
3 33 1 51 18 3 31 10 22 11 57 1 2 6 37 18 16 13 1 1 12 36 18 13 7 
29 38 16 70 36 27 34 23 48 33 68 32 13 35 51 65 32 46 10 26 44 52 37 41 35 
497 370 625 333 769 267 613 775 538 343 458 515 195 420 209 834 651 798 282 843 281 992 591 268 316 
2 2 2 2 2 2 11 11 11 11 11 11 18 18 19 19 19 19 19 12 0 0 0 0 0 5 5 5 5 13 24 24 24 24 24 24 24 24 24 24 24 24 24 24 24 7 7 7 18 18 9 20 20 12 17 17 17 23 2 2 2 2 2 2 16 16 16 16 4 4 4 4 15 15 15 22 22 22 22 8 8 8 8 7 7 7 19 19 19 19 19 5 5 5 5 0 0 0 0 0 6 6 6 6 6 6 11 11 11 11 11 11 16 16 16 16 1 1 1 1 1 9 6 6 6 6 6 6 13 24 24 24 24 24 24 24 24 24 24 24 24 24 24 24 4 4 4 4 21 21 21 21 21 14 14 14 14 14 22 22 22 22 1 1 1 1 1 23 20 20 17 17 17 8 8 8 8 3 3 3 3 14 14 14 14 14 21 21 21 21 21 10 15 15 15 10 3 3 3 3 