550
100
2
6 6 6 6 6 6 6 6 6 6 6 6 6 6 8 8 8 8 8 13 13 13 13 13 13 13 13 13 13 13 13 13 13 13 13 13 15 15 15 15 15 15 15 15 15 15 15 15 15 15 15 15 15 15 15 15 15 15 18 18 18 18 18 19 19 19 19 19 19 20 20 20 20 24 24 24 24 24 24 24 24 24 24 24 24 24 24 26 26 26 26 26 26 28 28 28 29 29 30 30 32 32 32 32 32 32 32 36 36 36 36 36 36 36 41 41 41 41 41 41 42 42 42 42 42 42 42 43 43 43 43 43 43 43 43 43 43 44 44 44 44 44 44 44 44 44 44 44 44 48 48 48 48 48 48 48 58 58 58 58 58 58 58 58 58 58 58 58 58 58 58 58 58 59 59 59 59 59 61 61 61 61 61 61 61 61 61 61 66 66 66 66 66 66 66 67 67 67 67 67 
93 94 95 47 48 49 50 51 52 53 54 55 56 57 195 196 197 198 199 73 74 75 76 77 78 79 80 81 137 138 139 140 141 142 143 144 156 157 158 159 160 114 115 116 117 118 119 3 4 5 6 7 8 9 10 11 12 13 173 174 175 176 177 127 128 129 130 131 132 178 179 180 181 19 20 21 22 23 24 25 26 27 161 162 163 164 165 182 183 184 185 186 187 0 1 2 98 99 96 97 107 108 109 110 111 112 113 100 101 102 103 104 105 106 41 42 43 44 45 46 188 189 190 191 192 193 194 63 64 65 66 67 68 145 146 147 148 28 29 30 31 32 33 34 35 133 134 135 136 166 167 168 169 170 171 172 36 37 38 39 40 82 83 84 85 86 149 150 151 152 153 154 155 58 59 60 61 62 69 70 71 72 87 88 89 90 91 92 120 121 122 123 124 125 126 14 15 16 17 18 
883 883 883 400 400 400 400 400 400 400 400 400 400 400 460 460 460 460 460 768 768 768 768 768 768 768 768 768 269 269 269 269 269 269 269 269 441 441 441 441 441 931 931 931 931 931 931 400 400 400 400 400 400 400 400 400 400 400 241 241 241 241 241 539 539 539 539 539 539 535 535 535 535 768 768 768 768 768 768 768 768 768 281 281 281 281 281 919 919 919 919 919 919 883 883 883 639 639 639 639 317 317 317 317 317 317 317 317 317 317 317 317 317 317 931 931 931 931 931 931 180 180 180 180 180 180 180 539 539 539 539 539 539 961 961 961 961 269 269 269 269 269 269 269 269 961 961 961 961 338 338 338 338 338 338 338 441 441 441 441 441 281 281 281 281 281 338 338 338 338 338 338 338 241 241 241 241 241 535 535 535 535 919 919 919 919 919 919 180 180 180 180 180 180 180 460 460 460 460 460 
0 1 2 3 4 5 6 7 8 9 10 11 12 13 14 15 16 17 18 19 20 21 22 23 24 25 26 27 28 29 30 31 32 33 34 35 36 37 38 39 40 41 42 43 44 45 46 3 4 5 6 7 8 9 10 11 12 13 47 48 49 50 51 52 53 54 55 56 57 58 59 60 61 19 20 21 22 23 24 25 26 27 62 63 64 65 66 67 68 69 70 71 72 0 1 2 73 74 73 74 75 76 77 78 79 80 81 75 76 77 78 79 80 81 41 42 43 44 45 46 82 83 84 85 86 87 88 52 53 54 55 56 57 89 90 91 92 28 29 30 31 32 33 34 35 89 90 91 92 93 94 95 96 97 98 99 36 37 38 39 40 62 63 64 65 66 93 94 95 96 97 98 99 47 48 49 50 51 58 59 60 61 67 68 69 70 71 72 82 83 84 85 86 87 88 14 15 16 17 18 
50669
17
6 5 9 4 3 5 8 5 7 7 6 6 7 2 5 4 11 
19 15 13 20 6 18 13 24 42 48 15 26 32 29 8 43 6 
43 58 24 61 28 59 44 58 66 58 41 61 36 30 67 44 15 
539 441 768 535 883 241 269 281 180 338 931 919 317 639 460 961 400 
4 4 4 16 16 16 16 16 16 16 16 16 16 16 14 14 14 14 14 2 2 2 2 2 2 2 2 2 6 6 6 6 6 6 6 6 1 1 1 1 1 10 10 10 10 10 10 16 16 16 16 16 16 16 16 16 16 16 5 5 5 5 5 0 0 0 0 0 0 3 3 3 3 2 2 2 2 2 2 2 2 2 7 7 7 7 7 11 11 11 11 11 11 4 4 4 13 13 13 13 12 12 12 12 12 12 12 12 12 12 12 12 12 12 10 10 10 10 10 10 8 8 8 8 8 8 8 0 0 0 0 0 0 15 15 15 15 6 6 6 6 6 6 6 6 15 15 15 15 9 9 9 9 9 9 9 1 1 1 1 1 7 7 7 7 7 9 9 9 9 9 9 9 5 5 5 5 5 3 3 3 3 11 11 11 11 11 11 8 8 8 8 8 8 8 14 14 14 14 14 