672
100
2
4 4 4 4 4 4 4 4 4 4 5 5 5 5 5 5 5 5 7 7 7 7 7 7 7 7 9 9 9 9 9 9 9 10 10 10 10 13 13 15 15 18 20 20 20 20 20 20 20 20 20 24 24 24 24 24 24 24 26 26 27 27 27 27 27 27 33 33 33 33 33 33 33 33 33 33 34 34 34 34 34 34 34 34 35 35 35 35 35 35 35 36 37 37 37 38 38 38 38 38 38 38 38 38 38 38 38 38 38 38 42 42 49 49 49 49 49 49 49 49 49 49 49 49 49 49 49 49 49 49 49 54 54 54 54 54 54 54 54 54 59 59 60 60 60 60 60 60 60 60 60 60 60 60 60 61 61 65 65 65 65 65 65 65 67 67 67 67 67 67 67 67 67 67 67 67 67 67 68 68 68 68 68 68 68 70 70 70 70 70 70 70 70 70 70 70 70 70 70 70 
112 113 114 115 116 117 118 119 37 38 170 171 172 173 174 175 176 177 76 77 78 79 80 81 82 83 178 179 180 181 182 183 184 151 152 153 154 8 9 140 141 91 131 132 133 134 135 136 137 138 139 157 158 159 160 161 162 163 155 156 164 165 166 167 168 169 84 85 86 87 88 89 90 92 93 94 18 19 20 21 22 23 24 25 66 67 68 69 70 71 72 41 73 74 75 185 186 187 188 189 190 191 192 193 194 195 196 197 198 199 120 121 0 1 2 3 4 5 6 7 110 111 142 143 144 145 146 147 148 149 150 42 43 44 45 46 47 48 49 50 39 40 122 123 124 125 126 127 128 129 130 33 34 35 36 58 59 51 52 53 54 55 56 57 60 61 62 63 64 65 10 11 12 13 14 15 16 17 26 27 28 29 30 31 32 95 96 97 98 99 100 101 102 103 104 105 106 107 108 109 
788 788 788 788 788 788 788 788 604 604 549 549 549 549 549 549 549 549 326 326 326 326 326 326 326 326 339 339 339 339 339 339 339 919 919 919 919 604 604 327 327 849 834 834 834 834 834 834 834 834 834 863 863 863 863 863 863 863 523 523 676 676 676 676 676 676 805 805 805 805 805 805 805 360 360 360 326 326 326 326 326 326 326 326 805 805 805 805 805 805 805 849 360 360 360 760 760 760 760 760 760 760 760 760 760 760 760 760 760 760 800 800 788 788 788 788 788 788 788 788 800 800 151 151 151 151 151 151 151 151 151 834 834 834 834 834 834 834 834 834 327 327 151 151 151 151 151 151 151 151 151 919 919 919 919 523 523 863 863 863 863 863 863 863 676 676 676 676 676 676 549 549 549 549 549 549 549 549 339 339 339 339 339 339 339 760 760 760 760 760 760 760 760 760 760 760 760 760 760 760 
0 1 2 3 4 5 6 7 8 9 10 11 12 13 14 15 16 17 18 19 20 21 22 23 24 25 26 27 28 29 30 31 32 33 34 35 36 8 9 37 38 39 40 41 42 43 44 45 46 47 48 49 50 51 52 53 54 55 56 57 58 59 60 61 62 63 64 65 66 67 68 69 70 71 72 73 18 19 20 21 22 23 24 25 64 65 66 67 68 69 70 39 71 72 73 74 75 76 77 78 79 80 81 82 83 84 85 86 87 88 89 90 0 1 2 3 4 5 6 7 89 90 91 92 93 94 95 96 97 98 99 40 41 42 43 44 45 46 47 48 37 38 91 92 93 94 95 96 97 98 99 33 34 35 36 56 57 49 50 51 52 53 54 55 58 59 60 61 62 63 10 11 12 13 14 15 16 17 26 27 28 29 30 31 32 74 75 76 77 78 79 80 81 82 83 84 85 86 87 88 
61787
17
7 1 6 8 8 2 9 9 8 2 7 2 4 7 2 3 15 
33 18 27 5 4 42 49 20 7 4 24 26 10 9 15 33 38 
35 36 67 67 49 49 60 54 34 13 65 61 60 68 59 37 70 
805 849 676 549 788 800 151 834 326 604 863 523 919 339 327 360 760 
4 4 4 4 4 4 4 4 9 9 3 3 3 3 3 3 3 3 8 8 8 8 8 8 8 8 13 13 13 13 13 13 13 12 12 12 12 9 9 14 14 1 7 7 7 7 7 7 7 7 7 10 10 10 10 10 10 10 11 11 2 2 2 2 2 2 0 0 0 0 0 0 0 15 15 15 8 8 8 8 8 8 8 8 0 0 0 0 0 0 0 1 15 15 15 16 16 16 16 16 16 16 16 16 16 16 16 16 16 16 5 5 4 4 4 4 4 4 4 4 5 5 6 6 6 6 6 6 6 6 6 7 7 7 7 7 7 7 7 7 14 14 6 6 6 6 6 6 6 6 6 12 12 12 12 11 11 10 10 10 10 10 10 10 2 2 2 2 2 2 3 3 3 3 3 3 3 3 13 13 13 13 13 13 13 16 16 16 16 16 16 16 16 16 16 16 16 16 16 16 