917
100
2
1 1 1 1 1 1 1 3 3 3 3 3 3 3 6 6 6 6 6 6 6 7 7 7 10 10 10 10 10 10 10 10 10 10 10 10 10 10 10 10 10 11 11 11 11 11 11 11 11 11 11 11 11 11 11 11 11 11 13 13 13 13 13 13 13 13 13 13 13 13 13 14 14 14 14 14 14 14 14 15 16 16 16 16 16 16 16 16 16 20 20 20 20 20 20 20 20 22 22 22 22 22 22 22 24 24 24 24 24 26 26 26 26 29 29 29 29 29 30 30 33 33 33 33 33 33 36 36 36 36 36 38 38 38 38 38 38 39 39 39 39 39 39 39 42 42 47 47 50 50 51 51 51 51 51 51 51 51 51 53 53 53 53 56 56 56 56 56 57 57 57 57 57 57 58 58 58 58 59 59 59 59 59 59 59 59 60 60 64 64 64 64 64 64 69 69 70 70 70 70 
137 138 139 140 141 142 143 90 91 92 93 94 95 96 97 98 99 100 101 102 103 126 127 128 41 42 43 44 45 46 47 48 49 50 51 52 53 54 55 56 57 24 25 26 27 28 29 30 31 32 33 34 35 36 37 38 39 40 71 72 73 74 75 76 77 78 113 114 115 116 117 58 59 60 61 62 63 64 65 89 150 151 152 153 154 155 156 157 158 79 7 8 9 10 11 12 13 14 15 16 17 18 19 20 163 164 165 166 167 174 175 176 177 66 67 68 69 70 148 149 131 132 133 134 135 136 21 22 23 194 195 120 121 122 123 124 125 0 1 2 3 4 5 6 186 187 147 146 118 119 80 81 82 83 84 85 86 87 88 182 183 184 185 104 105 106 107 108 188 189 190 191 192 193 109 110 111 112 196 197 198 199 159 160 161 162 144 145 168 169 170 171 172 173 129 130 178 179 180 181 
374 374 374 374 374 374 374 794 794 794 794 794 794 794 592 592 592 592 592 592 592 486 486 486 811 811 811 811 811 811 811 811 811 811 811 811 811 811 811 811 811 811 811 811 811 811 811 811 811 811 811 811 811 811 811 811 811 811 710 710 710 710 710 710 710 710 322 322 322 322 322 710 710 710 710 710 710 710 710 610 226 226 226 226 226 226 226 226 226 610 794 794 794 794 794 794 794 592 592 592 592 592 592 592 514 514 514 514 514 483 483 483 483 322 322 322 322 322 725 725 476 476 476 476 476 476 486 486 486 702 702 476 476 476 476 476 476 374 374 374 374 374 374 374 628 628 317 317 725 725 226 226 226 226 226 226 226 226 226 780 780 780 780 514 514 514 514 514 894 894 894 894 894 894 483 483 483 483 632 632 632 632 780 780 780 780 628 628 894 894 894 894 894 894 702 702 632 632 632 632 
0 1 2 3 4 5 6 7 8 9 10 11 12 13 14 15 16 17 18 19 20 21 22 23 24 25 26 27 28 29 30 31 32 33 34 35 36 37 38 39 40 24 25 26 27 28 29 30 31 32 33 34 35 36 37 38 39 40 41 42 43 44 45 46 47 48 49 50 51 52 53 41 42 43 44 45 46 47 48 54 55 56 57 58 59 60 61 62 63 54 7 8 9 10 11 12 13 14 15 16 17 18 19 20 64 65 66 67 68 69 70 71 72 49 50 51 52 53 73 74 75 76 77 78 79 80 21 22 23 81 82 75 76 77 78 79 80 0 1 2 3 4 5 6 83 84 85 85 73 74 55 56 57 58 59 60 61 62 63 86 87 88 89 64 65 66 67 68 90 91 92 93 94 95 69 70 71 72 96 97 98 99 86 87 88 89 83 84 90 91 92 93 94 95 81 82 96 97 98 99 
60296
19
1 6 5 9 3 4 2 4 8 1 2 6 2 7 7 7 5 4 17 
15 57 24 16 7 59 30 26 13 47 42 33 36 6 3 1 13 53 10 
20 64 56 51 36 70 50 58 14 47 60 38 69 22 20 39 29 59 11 
610 894 514 226 486 632 725 483 710 317 628 476 702 592 794 374 322 780 811 
15 15 15 15 15 15 15 14 14 14 14 14 14 14 13 13 13 13 13 13 13 4 4 4 18 18 18 18 18 18 18 18 18 18 18 18 18 18 18 18 18 18 18 18 18 18 18 18 18 18 18 18 18 18 18 18 18 18 8 8 8 8 8 8 8 8 16 16 16 16 16 8 8 8 8 8 8 8 8 0 3 3 3 3 3 3 3 3 3 0 14 14 14 14 14 14 14 13 13 13 13 13 13 13 2 2 2 2 2 7 7 7 7 16 16 16 16 16 6 6 11 11 11 11 11 11 4 4 4 12 12 11 11 11 11 11 11 15 15 15 15 15 15 15 10 10 9 9 6 6 3 3 3 3 3 3 3 3 3 17 17 17 17 2 2 2 2 2 1 1 1 1 1 1 7 7 7 7 5 5 5 5 17 17 17 17 10 10 1 1 1 1 1 1 12 12 5 5 5 5 