965
100
2
1 1 1 1 4 4 4 4 5 5 5 5 5 6 6 6 8 8 8 8 9 9 9 9 9 9 12 12 14 14 14 14 14 14 15 16 16 16 17 17 17 17 17 18 19 19 19 19 19 19 19 19 20 21 21 21 21 21 22 22 22 22 22 22 23 23 23 23 23 23 23 26 26 26 28 28 28 28 28 28 28 28 28 28 29 29 29 29 29 34 34 34 34 34 34 34 34 34 34 35 35 37 38 38 38 38 38 38 38 38 38 38 38 38 38 38 38 38 38 38 42 42 42 42 42 42 42 42 43 44 44 44 44 44 46 48 48 48 48 48 48 48 48 48 48 48 48 48 48 48 48 48 48 48 48 49 51 52 52 57 57 57 57 57 57 57 57 57 57 59 60 60 60 60 60 61 61 61 61 61 63 63 63 63 65 65 65 65 65 67 67 67 67 67 68 68 68 68 68 69 
135 136 137 138 27 13 14 15 20 21 22 23 24 5 6 7 165 166 167 168 8 9 10 11 12 26 25 4 101 160 161 162 163 164 52 49 50 51 74 75 76 77 78 199 189 190 191 192 193 35 36 37 34 71 72 73 102 103 180 181 182 183 69 70 89 90 91 92 93 62 63 53 54 55 38 39 40 41 42 129 130 131 132 133 94 95 96 97 98 64 65 66 67 68 84 85 86 87 88 157 158 28 56 57 139 140 141 142 143 144 145 146 147 148 149 150 151 152 153 154 121 120 123 122 125 124 127 126 169 79 80 81 82 83 159 0 1 2 3 104 105 106 107 108 109 110 111 112 113 114 115 116 117 118 119 156 155 99 100 134 29 30 31 32 33 16 17 18 19 128 184 185 186 187 188 194 195 196 197 198 58 59 60 61 170 171 172 173 174 44 45 46 47 48 175 176 177 178 179 43 
242 242 242 242 275 438 438 438 684 684 684 684 684 438 438 438 787 787 787 787 684 684 684 684 684 494 494 275 494 995 995 995 995 995 610 407 407 407 413 413 413 413 413 173 895 895 895 895 895 407 407 407 610 977 977 977 156 156 268 268 268 268 650 650 338 338 338 338 338 650 650 977 977 977 413 413 413 413 413 259 259 259 259 259 562 562 562 562 562 338 338 338 338 338 562 562 562 562 562 152 152 494 156 156 690 690 690 690 690 690 690 690 690 690 690 690 690 690 690 690 991 991 991 991 991 991 991 991 871 259 259 259 259 259 529 242 242 242 242 690 690 690 690 690 690 690 690 690 690 690 690 690 690 690 690 769 769 152 152 529 995 995 995 995 995 787 787 787 787 871 634 634 634 634 634 300 300 300 300 300 268 268 268 268 634 634 634 634 634 895 895 895 895 895 300 300 300 300 300 173 
0 1 2 3 4 5 6 7 8 9 10 11 12 5 6 7 13 14 15 16 8 9 10 11 12 17 17 4 18 19 20 21 22 23 24 25 26 27 28 29 30 31 32 33 34 35 36 37 38 25 26 27 24 39 40 41 42 43 44 45 46 47 48 49 50 51 52 53 54 48 49 39 40 41 28 29 30 31 32 55 56 57 58 59 60 61 62 63 64 50 51 52 53 54 60 61 62 63 64 65 66 18 42 43 67 68 69 70 71 72 73 74 75 76 77 78 79 80 81 82 83 83 84 84 85 85 86 86 87 55 56 57 58 59 88 0 1 2 3 67 68 69 70 71 72 73 74 75 76 77 78 79 80 81 82 89 89 65 66 88 19 20 21 22 23 13 14 15 16 87 90 91 92 93 94 95 96 97 98 99 44 45 46 47 90 91 92 93 94 34 35 36 37 38 95 96 97 98 99 33 
57189
28
5 5 4 1 1 5 5 4 5 5 1 1 2 1 1 1 3 1 2 5 5 5 3 4 4 3 2 16 
5 17 22 14 43 19 60 1 28 23 46 9 22 18 49 4 21 15 21 61 29 14 4 8 42 16 35 38 
9 28 63 37 59 67 65 48 44 34 57 12 23 69 51 12 26 20 38 68 34 57 6 57 42 19 52 48 
684 413 268 494 871 895 634 242 259 338 529 494 650 173 769 275 977 610 156 300 562 995 438 787 991 407 152 690 
7 7 7 7 15 22 22 22 0 0 0 0 0 22 22 22 23 23 23 23 0 0 0 0 0 11 11 15 3 21 21 21 21 21 17 25 25 25 1 1 1 1 1 13 5 5 5 5 5 25 25 25 17 16 16 16 18 18 2 2 2 2 12 12 9 9 9 9 9 12 12 16 16 16 1 1 1 1 1 8 8 8 8 8 20 20 20 20 20 9 9 9 9 9 20 20 20 20 20 26 26 3 18 18 27 27 27 27 27 27 27 27 27 27 27 27 27 27 27 27 24 24 24 24 24 24 24 24 4 8 8 8 8 8 10 7 7 7 7 27 27 27 27 27 27 27 27 27 27 27 27 27 27 27 27 14 14 26 26 10 21 21 21 21 21 23 23 23 23 4 6 6 6 6 6 19 19 19 19 19 2 2 2 2 6 6 6 6 6 5 5 5 5 5 19 19 19 19 19 13 