272
100
2
4 4 4 4 4 4 4 4 4 4 6 6 6 6 6 6 6 6 6 6 6 6 6 6 6 6 6 6 6 6 6 6 6 6 6 13 13 13 13 13 13 13 13 13 13 14 14 14 14 14 14 14 14 14 17 17 18 18 18 18 18 18 21 21 21 21 21 21 21 21 21 21 21 25 25 25 25 25 25 25 25 25 25 26 26 26 26 26 29 29 29 29 29 29 29 29 29 29 34 34 34 34 34 34 34 34 34 34 41 41 41 41 41 41 41 41 41 43 43 43 43 43 43 43 43 43 43 47 47 47 47 47 47 53 53 53 53 53 53 53 53 53 53 53 53 53 53 53 53 53 53 53 53 54 54 54 54 54 54 54 54 54 54 54 54 54 54 54 54 54 55 55 55 55 55 55 55 55 56 56 56 56 62 62 62 62 62 62 62 62 62 62 62 62 62 62 62 62 62 62 
190 191 192 193 194 195 196 197 198 199 88 89 90 91 92 93 94 95 96 97 138 139 140 141 142 143 144 145 146 147 148 149 150 151 152 98 99 100 101 102 103 104 105 106 107 108 109 110 111 112 113 114 115 116 56 57 54 55 178 179 180 181 159 160 161 162 163 164 165 166 167 168 169 117 118 119 120 121 122 123 124 125 126 133 134 135 136 137 10 11 12 13 14 15 16 17 18 19 35 36 37 38 39 40 41 42 43 44 45 46 47 48 49 50 51 52 53 73 74 75 76 77 78 79 80 81 82 153 154 155 156 157 158 83 84 85 86 87 20 21 22 23 24 25 26 27 28 29 30 31 32 33 34 127 128 129 130 131 132 62 63 64 65 66 67 68 69 70 71 72 182 183 184 185 186 187 188 189 58 59 60 61 170 171 172 173 174 175 176 177 0 1 2 3 4 5 6 7 8 9 
832 832 832 832 832 832 832 832 832 832 158 158 158 158 158 158 158 158 158 158 601 601 601 601 601 601 601 601 601 601 601 601 601 601 601 221 221 221 221 221 221 221 221 221 221 466 466 466 466 466 466 466 466 466 934 934 934 934 516 516 516 516 947 947 947 947 947 947 947 947 947 947 947 902 902 902 902 902 902 902 902 902 902 339 339 339 339 339 158 158 158 158 158 158 158 158 158 158 221 221 221 221 221 221 221 221 221 221 466 466 466 466 466 466 466 466 466 902 902 902 902 902 902 902 902 902 902 674 674 674 674 674 674 339 339 339 339 339 601 601 601 601 601 601 601 601 601 601 601 601 601 601 601 674 674 674 674 674 674 947 947 947 947 947 947 947 947 947 947 947 279 279 279 279 279 279 279 279 516 516 516 516 279 279 279 279 279 279 279 279 832 832 832 832 832 832 832 832 832 832 
0 1 2 3 4 5 6 7 8 9 10 11 12 13 14 15 16 17 18 19 20 21 22 23 24 25 26 27 28 29 30 31 32 33 34 35 36 37 38 39 40 41 42 43 44 45 46 47 48 49 50 51 52 53 54 55 54 55 56 57 58 59 60 61 62 63 64 65 66 67 68 69 70 71 72 73 74 75 76 77 78 79 80 81 82 83 84 85 10 11 12 13 14 15 16 17 18 19 35 36 37 38 39 40 41 42 43 44 45 46 47 48 49 50 51 52 53 71 72 73 74 75 76 77 78 79 80 86 87 88 89 90 91 81 82 83 84 85 20 21 22 23 24 25 26 27 28 29 30 31 32 33 34 86 87 88 89 90 91 60 61 62 63 64 65 66 67 68 69 70 92 93 94 95 96 97 98 99 56 57 58 59 92 93 94 95 96 97 98 99 0 1 2 3 4 5 6 7 8 9 
56659
12
6 10 9 10 11 2 8 5 10 10 4 15 
47 13 14 6 21 17 55 26 25 4 18 6 
54 34 41 29 54 18 62 53 43 62 56 53 
674 221 466 158 947 934 279 339 902 832 516 601 
9 9 9 9 9 9 9 9 9 9 3 3 3 3 3 3 3 3 3 3 11 11 11 11 11 11 11 11 11 11 11 11 11 11 11 1 1 1 1 1 1 1 1 1 1 2 2 2 2 2 2 2 2 2 5 5 5 5 10 10 10 10 4 4 4 4 4 4 4 4 4 4 4 8 8 8 8 8 8 8 8 8 8 7 7 7 7 7 3 3 3 3 3 3 3 3 3 3 1 1 1 1 1 1 1 1 1 1 2 2 2 2 2 2 2 2 2 8 8 8 8 8 8 8 8 8 8 0 0 0 0 0 0 7 7 7 7 7 11 11 11 11 11 11 11 11 11 11 11 11 11 11 11 0 0 0 0 0 0 4 4 4 4 4 4 4 4 4 4 4 6 6 6 6 6 6 6 6 10 10 10 10 6 6 6 6 6 6 6 6 9 9 9 9 9 9 9 9 9 9 