864
100
2
1 1 1 1 1 1 1 1 1 8 8 8 8 10 10 11 11 11 11 12 12 12 12 14 14 14 14 14 14 14 14 18 18 18 18 19 19 19 19 19 19 19 19 19 27 27 27 27 31 31 31 31 31 31 31 31 31 31 36 36 36 36 36 36 36 36 39 39 40 40 40 40 40 40 40 40 40 42 42 42 42 42 42 42 42 42 42 42 42 42 42 43 43 43 43 45 45 45 45 45 45 45 45 46 46 46 46 46 46 46 47 47 47 47 47 47 47 47 47 54 54 54 54 56 56 56 56 56 56 56 60 60 60 60 60 60 60 62 62 62 62 62 62 62 62 62 62 62 62 62 62 62 63 63 63 63 63 63 63 63 63 67 67 67 67 67 67 67 67 69 69 69 69 69 69 69 69 69 69 69 69 69 69 69 69 69 69 69 69 69 69 69 69 69 69 69 69 69 69 69 
68 69 70 71 72 73 74 75 76 91 92 93 94 66 67 87 88 89 90 44 45 46 47 161 162 163 164 165 166 167 168 119 120 121 122 152 153 154 155 156 157 158 159 160 19 20 21 22 77 78 79 80 81 82 83 84 85 86 95 96 97 98 99 100 101 102 13 14 0 1 2 3 4 5 6 7 8 48 49 50 51 52 53 54 55 56 57 15 16 17 18 9 10 11 12 58 59 60 61 62 63 64 65 123 124 125 126 127 128 129 176 177 178 179 180 181 182 183 184 31 32 33 34 103 104 105 106 107 108 109 169 170 171 172 173 174 175 185 186 187 188 189 190 191 192 193 194 195 196 197 198 199 35 36 37 38 39 40 41 42 43 23 24 25 26 27 28 29 30 130 131 132 133 134 135 136 110 111 112 113 114 115 116 117 118 137 138 139 140 141 142 143 144 145 146 147 148 149 150 151 
220 220 220 220 220 220 220 220 220 172 172 172 172 846 846 484 484 484 484 348 348 348 348 543 543 543 543 543 543 543 543 843 843 843 843 999 999 999 999 999 999 999 999 999 348 348 348 348 622 622 622 622 622 622 622 622 622 622 530 530 530 530 530 530 530 530 846 846 220 220 220 220 220 220 220 220 220 622 622 622 622 622 622 622 622 622 622 484 484 484 484 172 172 172 172 530 530 530 530 530 530 530 530 156 156 156 156 156 156 156 527 527 527 527 527 527 527 527 527 843 843 843 843 156 156 156 156 156 156 156 760 760 760 760 760 760 760 230 230 230 230 230 230 230 230 230 230 230 230 230 230 230 999 999 999 999 999 999 999 999 999 543 543 543 543 543 543 543 543 760 760 760 760 760 760 760 527 527 527 527 527 527 527 527 527 230 230 230 230 230 230 230 230 230 230 230 230 230 230 230 
0 1 2 3 4 5 6 7 8 9 10 11 12 13 14 15 16 17 18 19 20 21 22 23 24 25 26 27 28 29 30 31 32 33 34 35 36 37 38 39 40 41 42 43 19 20 21 22 44 45 46 47 48 49 50 51 52 53 54 55 56 57 58 59 60 61 13 14 0 1 2 3 4 5 6 7 8 44 45 46 47 48 49 50 51 52 53 15 16 17 18 9 10 11 12 54 55 56 57 58 59 60 61 62 63 64 65 66 67 68 69 70 71 72 73 74 75 76 77 31 32 33 34 62 63 64 65 66 67 68 78 79 80 81 82 83 84 85 86 87 88 89 90 91 92 93 94 95 96 97 98 99 35 36 37 38 39 40 41 42 43 23 24 25 26 27 28 29 30 78 79 80 81 82 83 84 69 70 71 72 73 74 75 76 77 85 86 87 88 89 90 91 92 93 94 95 96 97 98 99 
49460
14
7 8 7 4 10 4 9 8 9 4 2 9 4 15 
46 36 60 8 31 11 19 14 1 12 10 47 18 62 
56 45 69 43 42 42 63 67 40 27 39 69 54 69 
156 530 760 172 622 484 999 543 220 348 846 527 843 230 
8 8 8 8 8 8 8 8 8 3 3 3 3 10 10 5 5 5 5 9 9 9 9 7 7 7 7 7 7 7 7 12 12 12 12 6 6 6 6 6 6 6 6 6 9 9 9 9 4 4 4 4 4 4 4 4 4 4 1 1 1 1 1 1 1 1 10 10 8 8 8 8 8 8 8 8 8 4 4 4 4 4 4 4 4 4 4 5 5 5 5 3 3 3 3 1 1 1 1 1 1 1 1 0 0 0 0 0 0 0 11 11 11 11 11 11 11 11 11 12 12 12 12 0 0 0 0 0 0 0 2 2 2 2 2 2 2 13 13 13 13 13 13 13 13 13 13 13 13 13 13 13 6 6 6 6 6 6 6 6 6 7 7 7 7 7 7 7 7 2 2 2 2 2 2 2 11 11 11 11 11 11 11 11 11 13 13 13 13 13 13 13 13 13 13 13 13 13 13 13 