586
100
2
2 2 2 6 6 6 6 8 8 8 10 10 10 10 10 10 10 10 10 10 10 10 10 10 10 10 10 10 12 12 12 13 13 13 13 13 14 14 14 14 14 14 14 15 15 16 16 16 17 17 17 17 17 17 17 17 18 18 18 18 18 18 22 22 22 23 23 24 24 24 24 24 26 26 26 26 26 26 28 28 28 28 28 28 28 28 28 30 30 30 30 33 33 33 33 33 33 33 33 33 33 34 34 34 34 34 34 36 36 36 36 36 36 37 37 37 38 38 38 40 44 44 44 44 47 47 47 49 49 49 49 49 49 49 49 49 49 49 49 55 55 55 55 55 55 56 56 56 56 56 56 56 56 56 56 56 56 56 56 56 56 56 56 56 56 56 59 59 59 60 60 60 60 60 60 61 61 62 62 62 62 62 62 62 62 63 63 65 67 67 67 67 67 67 67 67 69 69 69 69 
45 46 47 131 132 133 134 56 57 58 148 149 150 151 152 153 154 155 156 157 158 159 160 161 162 163 164 165 145 146 147 71 52 53 54 55 116 117 118 181 182 183 184 196 197 0 1 2 83 84 85 86 32 33 34 35 7 8 9 169 170 171 139 140 141 198 199 103 104 105 106 31 119 192 135 136 137 138 187 109 110 111 112 48 49 50 51 120 121 122 123 166 167 168 188 189 190 191 113 114 115 107 108 67 68 69 70 101 102 79 80 81 82 98 99 100 36 37 38 72 87 88 89 90 172 173 174 177 178 179 180 3 4 5 6 74 75 76 77 62 63 64 193 194 195 28 29 30 10 11 12 13 14 15 16 17 18 19 20 21 22 23 24 25 26 27 91 92 93 59 60 61 124 125 126 185 186 127 128 129 130 39 40 41 42 175 176 78 94 95 96 97 73 142 143 144 43 44 65 66 
245 245 245 509 509 509 509 631 631 631 671 671 671 671 671 671 671 671 671 671 671 671 671 671 671 671 671 671 428 428 428 304 807 807 807 807 981 981 981 292 292 292 292 683 683 245 245 245 766 766 766 766 807 807 807 807 631 631 631 878 878 878 975 975 975 268 268 726 726 726 726 304 225 195 879 879 879 879 696 921 921 921 921 766 766 766 766 188 188 188 188 495 495 495 890 890 890 890 286 286 286 743 743 726 726 726 726 743 743 921 921 921 921 286 286 286 981 981 981 225 188 188 188 188 678 678 678 925 925 925 925 509 509 509 509 879 879 879 879 975 975 975 157 157 157 428 428 428 671 671 671 671 671 671 671 671 671 671 671 671 671 671 671 671 671 671 495 495 495 878 878 878 678 678 678 664 664 925 925 925 925 292 292 292 292 664 664 696 890 890 890 890 195 157 157 157 683 683 268 268 
0 1 2 3 4 5 6 7 8 9 10 11 12 13 14 15 16 17 18 19 20 21 22 23 24 25 26 27 28 29 30 31 32 33 34 35 36 37 38 39 40 41 42 43 44 0 1 2 45 46 47 48 32 33 34 35 7 8 9 49 50 51 52 53 54 55 56 57 58 59 60 31 61 62 63 64 65 66 67 68 69 70 71 45 46 47 48 72 73 74 75 76 77 78 79 80 81 82 83 84 85 86 87 57 58 59 60 86 87 68 69 70 71 83 84 85 36 37 38 61 72 73 74 75 88 89 90 91 92 93 94 3 4 5 6 63 64 65 66 52 53 54 95 96 97 28 29 30 10 11 12 13 14 15 16 17 18 19 20 21 22 23 24 25 26 27 76 77 78 49 50 51 88 89 90 98 99 91 92 93 94 39 40 41 42 98 99 67 79 80 81 82 62 95 96 97 43 44 55 56 
63088
30
2 1 2 3 3 4 3 3 4 3 3 4 4 2 3 4 2 4 1 4 4 1 1 3 4 4 3 0 3 18 
15 28 34 33 8 33 12 14 49 18 2 14 24 61 47 28 23 6 26 17 30 13 26 22 26 13 33 58 55 10 
69 65 36 59 18 67 56 38 62 60 16 62 34 63 60 36 69 49 40 28 44 24 67 55 49 17 37 62 67 56 
683 696 743 495 631 890 428 981 925 878 245 292 726 664 678 921 268 509 225 766 188 304 195 975 879 807 286 316 157 671 
10 10 10 17 17 17 17 4 4 4 29 29 29 29 29 29 29 29 29 29 29 29 29 29 29 29 29 29 6 6 6 21 25 25 25 25 7 7 7 11 11 11 11 0 0 10 10 10 19 19 19 19 25 25 25 25 4 4 4 9 9 9 23 23 23 16 16 12 12 12 12 21 18 22 24 24 24 24 1 15 15 15 15 19 19 19 19 20 20 20 20 3 3 3 5 5 5 5 26 26 26 2 2 12 12 12 12 2 2 15 15 15 15 26 26 26 7 7 7 18 20 20 20 20 14 14 14 8 8 8 8 17 17 17 17 24 24 24 24 23 23 23 28 28 28 6 6 6 29 29 29 29 29 29 29 29 29 29 29 29 29 29 29 29 29 29 3 3 3 9 9 9 14 14 14 13 13 8 8 8 8 11 11 11 11 13 13 1 5 5 5 5 22 28 28 28 0 0 16 16 