542
100
2
1 1 1 1 1 1 1 1 1 1 1 1 4 4 4 4 5 5 5 5 5 5 10 10 10 10 10 10 10 10 10 10 10 10 12 12 12 12 12 12 12 12 12 12 12 12 13 13 13 13 13 13 13 13 14 14 21 21 21 21 21 21 24 24 24 24 24 24 24 24 24 24 30 30 30 30 31 31 31 31 31 31 31 31 31 31 36 36 36 36 36 36 36 36 36 36 36 36 37 37 37 37 37 37 37 37 37 37 37 37 40 40 40 40 40 40 40 40 40 40 40 40 40 40 47 47 47 47 47 47 47 47 48 48 48 48 48 48 48 48 48 48 48 48 49 49 49 49 51 51 51 51 51 51 51 51 51 51 61 61 61 61 61 61 61 61 61 61 61 61 61 61 65 65 65 65 65 65 66 66 66 66 66 66 66 66 66 66 69 69 69 69 69 69 69 69 69 69 69 69 
132 133 134 135 136 137 138 139 140 141 142 143 98 99 100 101 172 173 174 175 176 177 34 35 36 37 38 39 40 41 42 43 44 45 22 23 24 25 26 27 28 29 30 31 32 33 102 103 104 105 106 107 108 109 124 125 126 127 128 129 130 131 148 149 150 151 152 153 154 155 156 157 144 145 146 147 178 179 180 181 182 183 184 185 186 187 188 189 190 191 192 193 194 195 196 197 198 199 12 13 14 15 46 47 48 49 50 51 52 53 158 159 160 161 162 163 164 165 166 167 168 169 170 171 54 55 56 57 58 59 60 61 0 1 2 3 4 5 6 7 8 9 10 11 72 73 74 75 62 63 64 65 66 67 68 69 70 71 110 111 112 113 114 115 116 117 118 119 120 121 122 123 16 17 18 19 20 21 76 77 78 79 80 81 82 83 84 85 86 87 88 89 90 91 92 93 94 95 96 97 
281 281 281 281 281 281 281 281 281 281 281 281 442 442 442 442 173 173 173 173 173 173 499 499 499 499 499 499 499 499 499 499 499 499 499 499 499 499 499 499 499 499 499 499 499 499 888 888 888 888 888 888 888 888 390 390 593 593 593 593 593 593 604 604 604 604 604 604 604 604 604 604 482 482 482 482 645 645 645 645 645 645 645 645 645 645 632 632 632 632 632 632 632 632 632 632 632 632 442 442 442 442 888 888 888 888 888 888 888 888 159 159 159 159 159 159 159 159 159 159 159 159 159 159 390 390 593 593 593 593 593 593 281 281 281 281 281 281 281 281 281 281 281 281 482 482 482 482 604 604 604 604 604 604 604 604 604 604 159 159 159 159 159 159 159 159 159 159 159 159 159 159 173 173 173 173 173 173 645 645 645 645 645 645 645 645 645 645 632 632 632 632 632 632 632 632 632 632 632 632 
0 1 2 3 4 5 6 7 8 9 10 11 12 13 14 15 16 17 18 19 20 21 22 23 24 25 26 27 28 29 30 31 32 33 22 23 24 25 26 27 28 29 30 31 32 33 34 35 36 37 38 39 40 41 42 43 44 45 46 47 48 49 50 51 52 53 54 55 56 57 58 59 60 61 62 63 64 65 66 67 68 69 70 71 72 73 74 75 76 77 78 79 80 81 82 83 84 85 12 13 14 15 34 35 36 37 38 39 40 41 86 87 88 89 90 91 92 93 94 95 96 97 98 99 42 43 44 45 46 47 48 49 0 1 2 3 4 5 6 7 8 9 10 11 60 61 62 63 50 51 52 53 54 55 56 57 58 59 86 87 88 89 90 91 92 93 94 95 96 97 98 99 16 17 18 19 20 21 64 65 66 67 68 69 70 71 72 73 74 75 76 77 78 79 80 81 82 83 84 85 
47836
12
2 4 4 14 6 12 10 8 6 12 10 12 
14 4 30 40 21 10 24 13 5 1 31 36 
47 37 49 61 47 12 51 37 65 48 66 69 
390 442 482 159 593 499 604 888 173 281 645 632 
9 9 9 9 9 9 9 9 9 9 9 9 1 1 1 1 8 8 8 8 8 8 5 5 5 5 5 5 5 5 5 5 5 5 5 5 5 5 5 5 5 5 5 5 5 5 7 7 7 7 7 7 7 7 0 0 4 4 4 4 4 4 6 6 6 6 6 6 6 6 6 6 2 2 2 2 10 10 10 10 10 10 10 10 10 10 11 11 11 11 11 11 11 11 11 11 11 11 1 1 1 1 7 7 7 7 7 7 7 7 3 3 3 3 3 3 3 3 3 3 3 3 3 3 0 0 4 4 4 4 4 4 9 9 9 9 9 9 9 9 9 9 9 9 2 2 2 2 6 6 6 6 6 6 6 6 6 6 3 3 3 3 3 3 3 3 3 3 3 3 3 3 8 8 8 8 8 8 10 10 10 10 10 10 10 10 10 10 11 11 11 11 11 11 11 11 11 11 11 11 