11
100
2
1 1 1 1 1 1 1 1 1 1 1 1 3 3 4 4 4 4 4 4 4 5 5 5 5 5 5 5 5 8 8 8 8 8 8 8 9 9 9 9 9 9 9 9 9 9 12 12 12 12 12 16 16 16 18 19 19 19 19 19 19 19 19 19 19 19 19 22 22 22 25 25 25 25 25 25 26 26 26 26 26 28 28 28 32 32 32 35 35 35 35 35 35 35 39 41 41 41 41 41 41 41 41 41 41 41 41 41 41 42 42 42 42 43 43 43 43 43 43 43 43 44 44 49 49 49 49 49 49 50 50 50 50 50 50 50 50 50 50 50 50 50 50 50 50 50 51 51 51 51 51 51 54 54 54 54 54 54 54 54 54 54 54 58 58 58 58 58 58 58 58 60 60 60 60 60 60 60 63 63 63 63 63 65 65 65 65 65 65 70 70 70 70 70 70 70 70 70 70 70 
62 63 64 65 66 171 172 173 174 175 176 177 121 122 55 56 57 58 59 60 61 178 179 180 181 182 84 85 86 132 133 134 135 136 137 138 146 147 148 149 150 151 109 110 111 112 76 77 78 79 80 67 68 69 185 14 15 16 17 18 19 20 0 1 2 3 4 51 52 53 103 104 105 106 107 108 46 47 48 49 50 129 130 131 26 27 28 139 140 141 142 143 144 145 95 94 125 126 127 128 186 187 188 70 71 72 73 74 75 42 43 44 45 163 164 165 166 167 168 169 170 12 13 183 184 96 97 98 99 81 82 83 29 30 31 32 33 34 35 87 88 89 90 91 92 93 36 37 38 39 40 41 189 190 191 192 193 194 195 196 197 198 199 113 114 115 116 117 118 119 120 5 6 7 8 9 10 11 21 22 23 24 25 123 124 54 100 101 102 152 153 154 155 156 157 158 159 160 161 162 
842 842 842 842 842 943 943 943 943 943 943 943 834 834 933 933 933 933 933 933 933 866 866 866 866 866 706 706 706 665 665 665 665 665 665 665 778 778 778 778 778 778 671 671 671 671 210 210 210 210 210 619 619 619 879 933 933 933 933 933 933 933 842 842 842 842 842 619 619 619 219 219 219 219 219 219 210 210 210 210 210 309 309 309 706 706 706 936 936 936 936 936 936 936 769 769 227 227 227 227 490 490 490 219 219 219 219 219 219 671 671 671 671 872 872 872 872 872 872 872 872 834 834 285 285 227 227 227 227 309 309 309 665 665 665 665 665 665 665 936 936 936 936 936 936 936 778 778 778 778 778 778 653 653 653 653 653 653 653 653 653 653 653 872 872 872 872 872 872 872 872 943 943 943 943 943 943 943 866 866 866 866 866 285 285 879 490 490 490 653 653 653 653 653 653 653 653 653 653 653 
0 1 2 3 4 5 6 7 8 9 10 11 12 13 14 15 16 17 18 19 20 21 22 23 24 25 26 27 28 29 30 31 32 33 34 35 36 37 38 39 40 41 42 43 44 45 46 47 48 49 50 51 52 53 54 14 15 16 17 18 19 20 0 1 2 3 4 51 52 53 55 56 57 58 59 60 46 47 48 49 50 61 62 63 26 27 28 64 65 66 67 68 69 70 71 71 72 73 74 75 76 77 78 55 56 57 58 59 60 42 43 44 45 79 80 81 82 83 84 85 86 12 13 87 88 72 73 74 75 61 62 63 29 30 31 32 33 34 35 64 65 66 67 68 69 70 36 37 38 39 40 41 89 90 91 92 93 94 95 96 97 98 99 79 80 81 82 83 84 85 86 5 6 7 8 9 10 11 21 22 23 24 25 87 88 54 76 77 78 89 90 91 92 93 94 95 96 97 98 99 
67920
21
7 5 2 6 5 3 1 7 7 2 7 4 5 1 3 3 8 6 3 4 11 
4 12 49 9 1 28 39 1 8 3 35 41 5 18 41 5 43 25 16 9 54 
19 26 65 51 19 50 41 60 50 44 50 49 63 65 65 32 58 41 22 42 70 
933 210 285 778 842 309 769 943 665 834 936 227 866 879 490 706 872 219 619 671 653 
4 4 4 4 4 7 7 7 7 7 7 7 9 9 0 0 0 0 0 0 0 12 12 12 12 12 15 15 15 8 8 8 8 8 8 8 3 3 3 3 3 3 19 19 19 19 1 1 1 1 1 18 18 18 13 0 0 0 0 0 0 0 4 4 4 4 4 18 18 18 17 17 17 17 17 17 1 1 1 1 1 5 5 5 15 15 15 10 10 10 10 10 10 10 6 6 11 11 11 11 14 14 14 17 17 17 17 17 17 19 19 19 19 16 16 16 16 16 16 16 16 9 9 2 2 11 11 11 11 5 5 5 8 8 8 8 8 8 8 10 10 10 10 10 10 10 3 3 3 3 3 3 20 20 20 20 20 20 20 20 20 20 20 16 16 16 16 16 16 16 16 7 7 7 7 7 7 7 12 12 12 12 12 2 2 13 14 14 14 20 20 20 20 20 20 20 20 20 20 20 