409
100
2
1 4 4 4 4 4 4 4 4 5 11 11 11 11 11 11 11 18 18 18 18 18 19 19 19 19 19 19 19 19 19 19 19 19 20 20 20 20 21 21 21 21 21 23 23 23 23 23 23 23 23 23 23 23 23 24 24 24 29 29 29 29 30 30 30 30 30 30 30 30 30 30 32 32 32 32 32 34 34 34 34 34 35 35 35 35 35 35 35 36 36 36 36 36 37 37 37 37 40 40 40 40 40 46 46 46 46 46 47 47 47 47 47 47 47 47 47 48 48 48 48 48 48 50 52 52 52 52 53 53 53 55 55 57 57 57 57 57 57 57 57 57 57 58 58 58 58 58 58 58 58 58 62 62 63 63 63 63 64 64 64 64 64 64 64 64 64 64 64 64 64 64 64 68 68 68 68 68 69 69 69 69 69 69 69 70 70 70 70 70 70 70 70 70 70 70 70 70 70 70 
133 26 27 28 29 30 31 32 33 123 82 83 84 85 86 87 88 173 174 175 176 177 124 125 126 127 1 2 3 4 5 6 7 8 154 155 156 157 98 99 100 101 102 77 78 79 80 81 178 179 180 181 182 183 184 128 129 130 94 95 96 97 190 191 192 193 194 195 196 197 198 199 89 90 91 92 93 43 44 45 46 47 10 11 12 13 14 15 16 72 73 74 75 76 58 59 60 61 38 39 40 41 42 185 186 187 188 189 164 165 166 167 168 169 170 171 172 158 159 160 161 162 163 9 22 23 24 25 55 56 57 152 153 0 143 144 145 146 147 148 149 150 151 134 135 136 137 138 139 140 141 142 131 132 34 35 36 37 117 118 119 120 121 122 108 109 110 111 112 113 114 115 116 17 18 19 20 21 48 49 50 51 52 53 54 103 104 105 106 107 62 63 64 65 66 67 68 69 70 71 
452 812 812 812 812 812 812 812 812 796 536 536 536 536 536 536 536 296 296 296 296 296 981 981 981 981 812 812 812 812 812 812 812 812 550 550 550 550 598 598 598 598 598 783 783 783 783 783 828 828 828 828 828 828 828 259 259 259 714 714 714 714 811 811 811 811 811 811 811 811 811 811 838 838 838 838 838 783 783 783 783 783 536 536 536 536 536 536 536 838 838 838 838 838 714 714 714 714 598 598 598 598 598 997 997 997 997 997 234 234 234 234 234 234 234 234 234 546 546 546 546 546 546 796 981 981 981 981 259 259 259 799 799 452 598 598 598 598 598 598 598 598 598 598 598 598 598 598 598 598 598 598 799 799 550 550 550 550 546 546 546 546 546 546 234 234 234 234 234 234 234 234 234 296 296 296 296 296 828 828 828 828 828 828 828 997 997 997 997 997 811 811 811 811 811 811 811 811 811 811 
0 1 2 3 4 5 6 7 8 9 10 11 12 13 14 15 16 17 18 19 20 21 22 23 24 25 1 2 3 4 5 6 7 8 26 27 28 29 30 31 32 33 34 35 36 37 38 39 40 41 42 43 44 45 46 47 48 49 50 51 52 53 54 55 56 57 58 59 60 61 62 63 64 65 66 67 68 35 36 37 38 39 10 11 12 13 14 15 16 64 65 66 67 68 50 51 52 53 30 31 32 33 34 69 70 71 72 73 74 75 76 77 78 79 80 81 82 83 84 85 86 87 88 9 22 23 24 25 47 48 49 89 90 0 91 92 93 94 95 96 97 98 99 91 92 93 94 95 96 97 98 99 89 90 26 27 28 29 83 84 85 86 87 88 74 75 76 77 78 79 80 81 82 17 18 19 20 21 40 41 42 43 44 45 46 69 70 71 72 73 54 55 56 57 58 59 60 61 62 63 
65081
19
5 7 5 1 4 2 5 5 3 4 5 4 6 7 9 1 8 9 10 
23 23 46 1 20 55 18 32 24 19 21 29 48 11 47 5 4 57 30 
34 69 70 57 63 62 68 36 53 52 40 37 64 35 64 50 19 58 70 
783 828 997 452 550 799 296 838 259 981 598 714 546 536 234 796 812 598 811 
3 16 16 16 16 16 16 16 16 15 13 13 13 13 13 13 13 6 6 6 6 6 9 9 9 9 16 16 16 16 16 16 16 16 4 4 4 4 10 10 10 10 10 0 0 0 0 0 1 1 1 1 1 1 1 8 8 8 11 11 11 11 18 18 18 18 18 18 18 18 18 18 7 7 7 7 7 0 0 0 0 0 13 13 13 13 13 13 13 7 7 7 7 7 11 11 11 11 10 10 10 10 10 2 2 2 2 2 14 14 14 14 14 14 14 14 14 12 12 12 12 12 12 15 9 9 9 9 8 8 8 5 5 3 17 17 17 17 17 17 17 17 17 17 17 17 17 17 17 17 17 17 5 5 4 4 4 4 12 12 12 12 12 12 14 14 14 14 14 14 14 14 14 6 6 6 6 6 1 1 1 1 1 1 1 2 2 2 2 2 18 18 18 18 18 18 18 18 18 18 