110
100
2
3 3 3 3 3 4 4 4 4 4 5 5 5 9 9 9 10 11 11 11 11 12 12 12 12 12 13 13 13 13 13 14 14 15 15 15 15 15 16 16 16 16 17 17 17 17 20 20 20 20 20 22 22 22 22 22 22 22 23 23 23 23 23 23 24 24 26 26 26 26 28 28 28 28 28 28 28 28 28 28 28 28 28 28 28 28 28 28 28 28 28 28 31 31 31 31 31 31 31 31 31 31 31 31 31 31 31 31 31 31 31 31 31 31 31 31 31 31 33 33 33 34 36 36 36 36 39 39 39 39 40 40 40 40 41 41 44 44 46 46 46 46 46 46 46 48 48 48 48 48 48 48 48 48 50 50 50 50 51 52 52 52 53 53 54 54 54 54 56 56 59 59 59 61 61 62 62 62 62 62 63 63 63 63 63 63 63 63 63 63 64 64 68 68 69 69 69 69 69 70 
194 195 196 197 198 26 27 28 29 30 13 14 15 10 11 12 158 126 127 128 129 140 141 142 143 144 5 6 7 8 9 171 172 185 186 187 188 189 92 93 94 95 130 131 132 133 118 119 120 190 191 134 135 180 181 182 183 184 159 160 161 98 99 100 154 74 70 71 72 73 66 67 68 69 65 101 102 103 104 105 106 107 108 109 110 111 112 113 114 115 116 117 38 39 40 41 162 163 61 62 63 75 76 77 78 79 80 81 82 83 84 85 86 87 88 89 90 91 46 47 48 170 145 146 147 148 17 18 19 20 42 43 44 45 51 52 192 193 173 174 21 22 23 24 25 122 123 124 125 168 169 155 156 157 64 151 152 153 16 58 59 60 96 97 175 176 177 178 149 150 121 31 32 138 139 164 165 166 167 199 53 54 55 56 57 33 34 35 36 37 49 50 136 137 0 1 2 3 4 179 
950 950 950 950 950 692 692 692 692 692 667 667 667 667 667 667 982 554 554 554 554 153 153 153 153 153 692 692 692 692 692 290 290 742 742 742 742 742 816 816 816 816 690 690 690 690 385 385 385 717 717 546 546 997 997 997 997 997 848 848 848 855 855 855 793 395 511 511 511 511 511 511 511 511 395 169 169 169 169 169 169 169 169 169 169 169 169 169 169 169 169 169 816 816 816 816 599 599 855 855 855 169 169 169 169 169 169 169 169 169 169 169 169 169 169 169 169 169 385 385 385 296 937 937 937 937 554 554 554 554 690 690 690 690 546 546 311 311 301 301 153 153 153 153 153 937 937 937 937 810 810 237 237 237 793 237 237 237 982 848 848 848 599 599 396 396 396 396 810 810 296 290 290 301 301 396 396 396 396 922 997 997 997 997 997 742 742 742 742 742 717 717 311 311 950 950 950 950 950 922 
0 1 2 3 4 5 6 7 8 9 10 11 12 10 11 12 13 14 15 16 17 18 19 20 21 22 5 6 7 8 9 23 24 25 26 27 28 29 30 31 32 33 34 35 36 37 38 39 40 41 42 43 44 45 46 47 48 49 50 51 52 53 54 55 56 57 58 59 60 61 58 59 60 61 57 62 63 64 65 66 67 68 69 70 71 72 73 74 75 76 77 78 30 31 32 33 79 80 53 54 55 62 63 64 65 66 67 68 69 70 71 72 73 74 75 76 77 78 38 39 40 81 82 83 84 85 14 15 16 17 34 35 36 37 43 44 86 87 88 89 18 19 20 21 22 82 83 84 85 90 91 92 93 94 56 92 93 94 13 50 51 52 79 80 95 96 97 98 90 91 81 23 24 88 89 95 96 97 98 99 45 46 47 48 49 25 26 27 28 29 41 42 86 87 0 1 2 3 4 99 
55671
29
2 4 5 5 3 4 1 4 2 4 1 2 3 1 4 2 4 2 3 5 5 1 2 3 1 3 2 5 17 
22 16 3 22 5 54 24 11 31 26 24 44 23 62 36 46 17 48 20 12 4 34 14 23 10 48 20 15 28 
41 31 69 63 9 62 50 39 53 28 28 68 52 70 48 61 40 56 33 46 13 59 59 31 51 50 64 63 31 
546 816 950 997 667 396 793 554 599 511 395 311 848 922 937 301 690 810 385 153 692 296 290 855 982 237 717 742 169 
2 2 2 2 2 20 20 20 20 20 4 4 4 4 4 4 24 7 7 7 7 19 19 19 19 19 20 20 20 20 20 22 22 27 27 27 27 27 1 1 1 1 16 16 16 16 18 18 18 26 26 0 0 3 3 3 3 3 12 12 12 23 23 23 6 10 9 9 9 9 9 9 9 9 10 28 28 28 28 28 28 28 28 28 28 28 28 28 28 28 28 28 1 1 1 1 8 8 23 23 23 28 28 28 28 28 28 28 28 28 28 28 28 28 28 28 28 28 18 18 18 21 14 14 14 14 7 7 7 7 16 16 16 16 0 0 11 11 15 15 19 19 19 19 19 14 14 14 14 17 17 25 25 25 6 25 25 25 24 12 12 12 8 8 5 5 5 5 17 17 21 22 22 15 15 5 5 5 5 13 3 3 3 3 3 27 27 27 27 27 26 26 11 11 2 2 2 2 2 13 