244
100
2
2 2 2 2 2 2 3 3 7 7 10 10 10 10 10 13 13 13 15 15 15 15 17 21 21 21 21 23 23 23 23 23 24 24 24 24 24 24 24 24 26 26 26 27 28 28 28 28 28 29 29 29 29 30 30 31 31 31 34 34 34 34 34 34 34 37 37 37 37 38 38 38 38 38 38 38 39 39 39 39 39 39 39 39 39 40 40 40 40 40 40 40 40 42 42 42 42 42 42 42 42 42 42 44 44 44 46 46 46 46 46 47 47 47 47 49 49 51 51 51 55 55 55 55 55 55 55 55 55 55 55 58 58 58 58 58 58 58 59 59 59 59 59 59 59 59 59 59 59 59 59 59 59 59 59 59 59 59 59 59 59 59 59 61 61 61 61 61 61 61 61 61 61 61 61 61 61 61 61 61 61 61 61 61 61 61 61 61 61 61 61 61 61 61 67 67 68 68 68 68 
97 98 99 100 101 102 55 56 93 94 163 164 165 166 167 103 104 105 125 40 41 42 43 138 139 140 141 60 61 62 63 64 111 112 126 127 128 129 130 57 19 20 21 22 120 121 122 123 124 196 197 198 199 194 195 6 7 39 65 66 27 28 29 30 31 58 59 95 96 131 132 133 134 135 136 137 85 86 87 88 89 90 117 118 119 76 77 78 79 80 81 92 91 8 9 67 68 0 1 2 3 4 5 15 16 17 170 171 172 173 174 32 33 142 143 168 169 82 83 84 44 45 46 47 48 18 34 35 36 37 38 69 70 71 72 73 74 75 23 24 25 26 113 114 175 176 177 178 179 180 181 182 183 184 185 186 187 188 189 190 191 192 193 10 11 12 13 14 115 116 106 107 108 109 110 144 145 146 147 148 149 150 151 152 153 154 155 156 157 158 159 160 161 162 53 54 49 50 51 52 
853 853 853 853 853 853 380 380 969 969 379 379 379 379 379 973 973 973 496 685 685 685 456 529 529 529 529 348 348 348 348 348 414 414 178 178 178 178 178 654 685 685 685 456 476 476 476 476 476 266 266 266 266 528 528 380 380 654 306 306 348 348 348 348 348 306 306 943 943 856 856 856 856 856 856 856 941 941 941 941 941 941 224 224 224 941 941 941 941 941 941 360 360 969 969 943 943 853 853 853 853 853 853 973 973 973 844 844 844 844 844 414 414 797 797 974 974 224 224 224 476 476 476 476 476 496 178 178 178 178 178 856 856 856 856 856 856 856 529 529 529 529 797 797 895 895 895 895 895 895 895 895 895 895 895 895 895 895 895 895 895 895 895 379 379 379 379 379 974 974 844 844 844 844 844 895 895 895 895 895 895 895 895 895 895 895 895 895 895 895 895 895 895 895 528 528 266 266 266 266 
0 1 2 3 4 5 6 7 8 9 10 11 12 13 14 15 16 17 18 19 20 21 22 23 24 25 26 27 28 29 30 31 32 33 34 35 36 37 38 39 19 20 21 22 40 41 42 43 44 45 46 47 48 49 50 6 7 39 51 52 27 28 29 30 31 51 52 53 54 55 56 57 58 59 60 61 62 63 64 65 66 67 68 69 70 62 63 64 65 66 67 71 71 8 9 53 54 0 1 2 3 4 5 15 16 17 72 73 74 75 76 32 33 77 78 79 80 68 69 70 40 41 42 43 44 18 34 35 36 37 38 55 56 57 58 59 60 61 23 24 25 26 77 78 81 82 83 84 85 86 87 88 89 90 91 92 93 94 95 96 97 98 99 10 11 12 13 14 79 80 72 73 74 75 76 81 82 83 84 85 86 87 88 89 90 91 92 93 94 95 96 97 98 99 49 50 45 46 47 48 
66300
26
2 5 2 1 5 3 2 2 2 1 2 6 2 6 4 7 1 5 5 5 2 4 1 3 3 19 
7 10 3 17 28 13 34 24 30 15 37 2 49 39 21 38 40 24 46 23 47 29 24 39 15 59 
42 61 31 27 55 44 37 47 67 55 42 42 61 40 59 58 40 55 61 34 59 68 31 51 26 61 
969 379 380 456 476 973 306 414 528 496 943 853 974 941 529 856 360 178 844 348 797 266 654 224 685 895 
11 11 11 11 11 11 2 2 0 0 1 1 1 1 1 5 5 5 9 24 24 24 3 14 14 14 14 19 19 19 19 19 7 7 17 17 17 17 17 22 24 24 24 3 4 4 4 4 4 21 21 21 21 8 8 2 2 22 6 6 19 19 19 19 19 6 6 10 10 15 15 15 15 15 15 15 13 13 13 13 13 13 23 23 23 13 13 13 13 13 13 16 16 0 0 10 10 11 11 11 11 11 11 5 5 5 18 18 18 18 18 7 7 20 20 12 12 23 23 23 4 4 4 4 4 9 17 17 17 17 17 15 15 15 15 15 15 15 14 14 14 14 20 20 25 25 25 25 25 25 25 25 25 25 25 25 25 25 25 25 25 25 25 1 1 1 1 1 12 12 18 18 18 18 18 25 25 25 25 25 25 25 25 25 25 25 25 25 25 25 25 25 25 25 8 8 21 21 21 21 