765
100
2
1 1 1 1 1 2 2 2 5 6 6 7 7 7 7 7 7 7 8 8 8 8 8 8 8 8 8 8 8 11 11 11 11 11 16 17 17 17 19 19 19 19 21 21 21 21 24 24 24 24 24 24 24 27 27 27 27 27 27 28 28 28 28 28 29 29 29 30 30 30 30 30 30 35 35 35 35 36 36 36 36 36 36 39 39 39 39 39 41 41 41 41 41 41 41 42 42 42 42 43 43 47 47 47 47 47 48 48 48 48 48 49 50 50 50 50 50 51 51 51 51 51 51 51 51 51 51 51 51 51 51 51 51 51 51 51 51 51 51 51 51 51 58 59 59 59 59 59 61 63 63 64 64 64 64 64 65 65 65 65 66 66 66 66 66 66 66 66 66 66 67 67 67 67 68 68 68 68 68 68 68 68 68 68 68 68 68 68 68 68 70 70 70 70 70 70 70 70 70 70 
29 30 31 32 33 112 113 114 52 27 28 117 118 119 120 121 149 150 142 156 157 158 159 42 43 44 45 9 10 0 1 2 3 4 148 64 65 66 53 54 55 56 23 24 25 26 194 195 196 197 198 199 8 38 39 40 41 81 82 160 161 162 163 164 35 36 37 88 89 90 171 172 173 91 92 93 94 190 191 192 193 57 58 143 144 145 146 147 67 68 69 73 74 75 76 122 123 124 125 115 116 151 152 153 154 155 165 166 167 168 169 170 5 6 7 99 100 11 12 13 14 15 95 96 97 98 174 175 176 177 178 179 180 181 182 183 184 185 186 187 188 189 18 83 84 85 86 87 34 16 17 101 102 103 104 105 19 20 21 22 59 60 61 62 63 106 107 108 109 110 111 70 71 72 126 127 128 129 130 131 132 133 134 135 136 137 138 139 140 141 77 78 79 80 46 47 48 49 50 51 
173 173 173 173 173 405 405 405 962 664 664 362 362 362 362 362 230 230 501 963 963 963 963 354 354 354 354 664 664 173 173 173 173 173 867 170 170 170 283 283 283 283 354 354 354 354 457 457 457 457 457 457 962 283 283 283 283 958 958 830 830 830 830 830 170 170 170 470 470 470 623 623 623 203 203 203 203 972 972 972 972 958 958 990 990 990 990 990 470 470 470 203 203 203 203 570 570 570 570 960 960 192 192 192 192 192 347 347 347 347 347 158 405 405 405 960 960 362 362 362 362 362 570 570 570 570 670 670 670 670 670 670 670 670 670 670 670 670 670 670 670 670 501 990 990 990 990 990 867 230 230 192 192 192 192 192 963 963 963 963 830 830 830 830 830 347 347 347 347 347 158 623 623 623 670 670 670 670 670 670 670 670 670 670 670 670 670 670 670 670 972 972 972 972 457 457 457 457 457 457 
0 1 2 3 4 5 6 7 8 9 10 11 12 13 14 15 16 17 18 19 20 21 22 23 24 25 26 9 10 0 1 2 3 4 27 28 29 30 31 32 33 34 23 24 25 26 35 36 37 38 39 40 8 31 32 33 34 41 42 43 44 45 46 47 28 29 30 48 49 50 51 52 53 54 55 56 57 58 59 60 61 41 42 62 63 64 65 66 48 49 50 54 55 56 57 67 68 69 70 71 72 73 74 75 76 77 78 79 80 81 82 83 5 6 7 71 72 11 12 13 14 15 67 68 69 70 84 85 86 87 88 89 90 91 92 93 94 95 96 97 98 99 18 62 63 64 65 66 27 16 17 73 74 75 76 77 19 20 21 22 43 44 45 46 47 78 79 80 81 82 83 51 52 53 84 85 86 87 88 89 90 91 92 93 94 95 96 97 98 99 58 59 60 61 35 36 37 38 39 40 
54428
26
1 4 5 1 1 5 4 5 3 4 5 5 2 4 2 3 6 5 4 1 3 2 4 3 2 16 
8 36 47 16 49 28 19 48 17 8 7 39 7 42 27 30 24 1 35 5 2 43 8 30 6 51 
58 70 64 61 67 66 27 66 29 65 51 59 63 51 36 41 70 11 41 24 50 50 21 67 8 68 
501 972 192 867 158 830 283 347 170 963 362 990 230 570 958 470 457 173 203 962 405 960 354 623 664 670 
17 17 17 17 17 20 20 20 19 24 24 10 10 10 10 10 12 12 0 9 9 9 9 22 22 22 22 24 24 17 17 17 17 17 3 8 8 8 6 6 6 6 22 22 22 22 16 16 16 16 16 16 19 6 6 6 6 14 14 5 5 5 5 5 8 8 8 15 15 15 23 23 23 18 18 18 18 1 1 1 1 14 14 11 11 11 11 11 15 15 15 18 18 18 18 13 13 13 13 21 21 2 2 2 2 2 7 7 7 7 7 4 20 20 20 21 21 10 10 10 10 10 13 13 13 13 25 25 25 25 25 25 25 25 25 25 25 25 25 25 25 25 0 11 11 11 11 11 3 12 12 2 2 2 2 2 9 9 9 9 5 5 5 5 5 7 7 7 7 7 4 23 23 23 25 25 25 25 25 25 25 25 25 25 25 25 25 25 25 25 1 1 1 1 16 16 16 16 16 16 