576
100
2
1 1 1 1 1 1 1 1 3 3 3 3 3 3 5 5 5 5 5 6 6 6 6 6 6 8 8 8 8 8 8 8 8 11 11 11 11 11 11 11 11 11 11 11 11 11 11 14 14 14 14 14 17 17 17 17 22 22 22 22 22 24 24 24 24 24 24 24 24 24 24 24 24 24 24 25 25 25 25 25 25 28 28 28 28 28 28 28 28 28 28 28 28 37 37 37 37 37 40 40 40 40 40 40 40 40 40 40 41 41 41 41 41 41 41 41 44 44 44 44 44 44 44 44 44 44 44 44 44 44 44 44 44 44 44 44 44 44 44 44 44 44 44 44 44 45 45 45 45 45 45 46 46 46 46 48 48 48 48 48 48 49 49 49 49 49 49 49 49 50 52 52 52 52 52 54 54 54 55 55 55 55 55 55 59 59 59 59 59 59 59 59 67 67 69 69 70 70 70 70 
25 26 27 28 29 30 31 32 178 179 180 181 182 183 170 171 172 173 174 75 76 77 78 79 80 0 1 2 3 4 5 6 7 61 62 63 64 65 66 67 68 69 70 71 72 73 74 56 57 58 59 60 116 117 118 119 47 48 49 50 51 33 34 35 36 37 38 39 40 41 42 43 44 45 46 19 20 21 22 23 24 82 81 84 83 86 85 88 87 90 89 92 91 103 104 105 106 107 120 121 122 123 124 93 94 95 96 97 125 126 127 128 129 130 131 132 52 53 54 55 98 99 100 101 102 108 109 110 111 112 113 114 115 155 156 157 158 159 160 145 146 147 148 149 150 139 140 141 142 143 144 169 175 176 177 133 134 135 136 137 138 184 185 186 187 188 189 190 191 151 14 15 16 17 18 152 153 154 8 9 10 11 12 13 161 162 163 164 165 166 167 168 196 197 198 199 192 193 194 195 
992 992 992 992 992 992 992 992 886 886 886 886 886 886 823 823 823 823 823 563 563 563 563 563 563 992 992 992 992 992 992 992 992 514 514 514 514 514 514 514 514 514 514 514 514 514 514 563 563 563 563 563 530 530 530 530 563 563 563 563 563 514 514 514 514 514 514 514 514 514 514 514 514 514 514 563 563 563 563 563 563 912 912 912 912 912 912 912 912 912 912 912 912 966 966 966 966 966 266 266 266 266 266 966 966 966 966 966 248 248 248 248 248 248 248 248 530 530 530 530 266 266 266 266 266 248 248 248 248 248 248 248 248 156 156 156 156 156 156 261 261 261 261 261 261 261 261 261 261 261 261 307 506 506 506 156 156 156 156 156 156 377 377 377 377 377 377 377 377 307 823 823 823 823 823 506 506 506 886 886 886 886 886 886 377 377 377 377 377 377 377 377 844 844 230 230 844 844 230 230 
0 1 2 3 4 5 6 7 8 9 10 11 12 13 14 15 16 17 18 19 20 21 22 23 24 0 1 2 3 4 5 6 7 25 26 27 28 29 30 31 32 33 34 35 36 37 38 39 40 41 42 43 44 45 46 47 39 40 41 42 43 25 26 27 28 29 30 31 32 33 34 35 36 37 38 19 20 21 22 23 24 48 48 49 49 50 50 51 51 52 52 53 53 54 55 56 57 58 59 60 61 62 63 54 55 56 57 58 64 65 66 67 68 69 70 71 44 45 46 47 59 60 61 62 63 64 65 66 67 68 69 70 71 72 73 74 75 76 77 78 79 80 81 82 83 78 79 80 81 82 83 84 85 86 87 72 73 74 75 76 77 88 89 90 91 92 93 94 95 84 14 15 16 17 18 85 86 87 8 9 10 11 12 13 88 89 90 91 92 93 94 95 96 97 98 99 96 97 98 99 
55983
18
2 6 1 5 4 8 5 5 8 5 6 2 8 6 3 6 6 14 
67 3 46 5 17 1 40 14 41 37 44 69 49 6 46 28 44 11 
70 55 50 52 44 8 44 22 44 40 48 70 59 25 54 28 45 24 
844 886 307 823 530 992 266 563 248 966 156 230 377 563 506 912 261 514 
5 5 5 5 5 5 5 5 1 1 1 1 1 1 3 3 3 3 3 13 13 13 13 13 13 5 5 5 5 5 5 5 5 17 17 17 17 17 17 17 17 17 17 17 17 17 17 7 7 7 7 7 4 4 4 4 7 7 7 7 7 17 17 17 17 17 17 17 17 17 17 17 17 17 17 13 13 13 13 13 13 15 15 15 15 15 15 15 15 15 15 15 15 9 9 9 9 9 6 6 6 6 6 9 9 9 9 9 8 8 8 8 8 8 8 8 4 4 4 4 6 6 6 6 6 8 8 8 8 8 8 8 8 10 10 10 10 10 10 16 16 16 16 16 16 16 16 16 16 16 16 2 14 14 14 10 10 10 10 10 10 12 12 12 12 12 12 12 12 2 3 3 3 3 3 14 14 14 1 1 1 1 1 1 12 12 12 12 12 12 12 12 0 0 11 11 0 0 11 11 