751
100
2
1 1 1 1 1 1 1 1 1 1 1 1 1 1 1 1 1 1 1 1 1 1 1 2 2 2 2 4 4 4 4 6 8 8 8 8 8 8 8 8 8 8 8 13 13 13 13 13 13 13 15 15 15 15 15 15 16 16 18 18 18 18 18 18 18 18 20 20 20 20 20 20 22 22 22 22 22 22 22 22 22 25 25 25 25 25 25 25 25 25 28 28 28 28 28 28 28 28 28 28 28 28 28 28 28 28 28 28 28 32 32 32 32 33 33 33 33 33 33 34 35 35 35 35 35 37 37 37 37 37 39 39 39 39 39 39 40 40 40 40 40 41 41 41 41 41 46 46 46 46 46 46 46 46 46 46 49 49 49 51 52 52 52 52 52 52 53 53 54 54 54 55 55 55 55 55 57 57 59 63 63 63 63 63 63 64 64 64 64 67 67 67 67 67 69 69 69 69 69 69 
130 131 132 133 90 91 92 93 94 95 96 97 98 99 100 101 102 103 104 105 106 107 108 43 44 45 46 56 57 176 177 159 171 172 173 174 175 179 180 181 182 183 184 23 24 25 26 72 73 74 75 76 77 78 79 80 27 28 146 147 148 149 150 151 134 135 113 114 115 116 117 118 47 48 49 50 51 52 53 54 55 136 137 138 139 140 152 153 154 155 4 5 6 7 8 9 10 11 12 13 14 15 16 17 18 19 20 21 22 185 186 187 188 66 67 68 69 70 71 194 141 142 143 144 145 195 196 197 198 199 0 1 2 3 64 65 81 82 83 84 85 120 121 122 123 124 58 59 60 61 62 63 86 87 88 89 168 169 170 31 167 189 190 191 192 193 178 160 156 157 158 32 33 34 35 36 29 30 166 37 38 39 40 41 42 109 110 111 112 161 162 163 164 165 119 125 126 127 128 129 
986 986 986 986 479 479 479 479 479 479 479 479 479 479 479 479 479 479 479 479 479 479 479 843 843 843 843 936 936 540 540 573 451 451 451 451 451 799 799 799 799 799 799 843 843 843 843 595 595 595 767 767 767 767 767 767 936 936 855 855 855 855 855 855 674 674 745 745 745 745 745 745 595 595 595 767 767 767 767 767 767 433 433 433 433 433 917 917 917 917 479 479 479 479 479 479 479 479 479 479 479 479 479 479 479 479 479 479 479 539 539 539 539 745 745 745 745 745 745 231 204 204 204 204 204 902 902 902 902 902 986 986 986 986 674 674 433 433 433 433 433 204 204 204 204 204 855 855 855 855 855 855 917 917 917 917 861 861 861 573 638 205 205 205 205 205 587 638 861 861 861 451 451 451 451 451 540 540 587 799 799 799 799 799 799 539 539 539 539 205 205 205 205 205 231 902 902 902 902 902 
0 1 2 3 4 5 6 7 8 9 10 11 12 13 14 15 16 17 18 19 20 21 22 23 24 25 26 27 28 29 30 31 32 33 34 35 36 37 38 39 40 41 42 23 24 25 26 43 44 45 46 47 48 49 50 51 27 28 52 53 54 55 56 57 58 59 60 61 62 63 64 65 43 44 45 46 47 48 49 50 51 66 67 68 69 70 71 72 73 74 4 5 6 7 8 9 10 11 12 13 14 15 16 17 18 19 20 21 22 75 76 77 78 60 61 62 63 64 65 79 80 81 82 83 84 85 86 87 88 89 0 1 2 3 58 59 66 67 68 69 70 80 81 82 83 84 52 53 54 55 56 57 71 72 73 74 90 91 92 31 93 94 95 96 97 98 99 93 90 91 92 32 33 34 35 36 29 30 99 37 38 39 40 41 42 75 76 77 78 94 95 96 97 98 79 85 86 87 88 89 
62909
23
4 1 4 5 3 4 6 5 1 5 6 3 2 2 6 6 1 1 4 2 5 5 19 
32 34 2 25 13 1 18 35 6 8 8 49 4 18 20 15 53 52 25 4 37 52 1 
64 69 13 40 22 39 46 41 51 55 63 54 16 39 33 22 59 53 46 57 69 67 28 
539 231 843 433 595 986 855 204 573 451 799 861 936 674 745 767 587 638 917 540 902 205 479 
5 5 5 5 22 22 22 22 22 22 22 22 22 22 22 22 22 22 22 22 22 22 22 2 2 2 2 12 12 19 19 8 9 9 9 9 9 10 10 10 10 10 10 2 2 2 2 4 4 4 15 15 15 15 15 15 12 12 6 6 6 6 6 6 13 13 14 14 14 14 14 14 4 4 4 15 15 15 15 15 15 3 3 3 3 3 18 18 18 18 22 22 22 22 22 22 22 22 22 22 22 22 22 22 22 22 22 22 22 0 0 0 0 14 14 14 14 14 14 1 7 7 7 7 7 20 20 20 20 20 5 5 5 5 13 13 3 3 3 3 3 7 7 7 7 7 6 6 6 6 6 6 18 18 18 18 11 11 11 8 17 21 21 21 21 21 16 17 11 11 11 9 9 9 9 9 19 19 16 10 10 10 10 10 10 0 0 0 0 21 21 21 21 21 1 20 20 20 20 20 