377
100
2
3 3 3 3 3 3 3 3 3 3 3 3 3 3 3 3 3 3 4 4 4 4 4 4 4 4 4 4 4 5 5 5 5 5 5 5 5 7 7 7 7 7 7 7 7 7 7 7 7 7 10 10 10 10 10 10 10 11 11 11 11 12 12 12 15 16 16 16 16 16 16 16 16 18 19 19 19 19 21 21 21 21 21 21 21 21 21 21 21 21 21 24 24 24 24 24 24 24 24 24 24 24 24 24 24 24 29 29 29 29 29 29 29 29 29 29 29 29 32 32 32 32 32 32 32 44 44 44 44 44 44 44 44 44 44 44 45 45 45 46 46 46 46 46 46 46 49 49 50 50 50 50 52 52 52 52 52 52 52 52 56 56 56 57 57 57 57 57 57 57 60 60 60 60 60 60 60 60 61 61 62 62 62 62 66 66 66 66 69 69 69 69 69 69 69 69 69 69 69 69 
91 92 93 94 95 96 97 180 181 182 183 50 51 52 53 54 55 56 39 40 41 42 43 44 45 46 47 48 49 170 171 172 173 174 175 176 177 178 179 18 19 20 21 22 23 24 25 26 27 28 11 12 13 14 15 16 17 148 149 150 151 136 137 138 73 152 153 154 155 156 157 158 159 64 114 115 116 117 106 107 108 109 110 111 112 113 120 121 122 123 124 0 1 2 3 4 5 6 128 129 130 131 132 133 134 135 78 79 80 81 82 83 84 85 74 75 76 77 184 185 86 87 88 89 90 160 161 162 98 99 100 101 102 103 104 105 61 62 63 163 164 165 166 167 168 169 186 187 57 58 59 60 65 66 67 68 69 70 71 72 125 126 127 139 140 141 142 143 144 145 29 30 31 32 33 34 35 36 37 38 7 8 9 10 118 119 146 147 189 188 191 190 193 192 195 194 197 196 199 198 
766 766 766 766 766 766 766 288 288 288 288 484 484 484 484 484 484 484 885 885 885 885 885 885 885 885 885 885 885 438 438 438 438 438 438 438 438 184 184 885 885 885 885 885 885 885 885 885 885 885 484 484 484 484 484 484 484 648 648 648 648 874 874 874 477 392 392 392 392 392 392 392 392 477 487 487 487 487 711 711 711 711 711 711 711 711 456 456 456 456 456 766 766 766 766 766 766 766 435 435 435 435 435 435 435 435 711 711 711 711 711 711 711 711 487 487 487 487 587 587 456 456 456 456 456 860 860 860 435 435 435 435 435 435 435 435 874 874 874 468 468 468 468 468 468 468 984 984 648 648 648 648 392 392 392 392 392 392 392 392 860 860 860 468 468 468 468 468 468 468 438 438 438 438 438 438 438 438 184 184 288 288 288 288 587 587 984 984 718 718 718 718 718 718 718 718 718 718 718 718 
0 1 2 3 4 5 6 7 8 9 10 11 12 13 14 15 16 17 18 19 20 21 22 23 24 25 26 27 28 29 30 31 32 33 34 35 36 37 38 18 19 20 21 22 23 24 25 26 27 28 11 12 13 14 15 16 17 39 40 41 42 43 44 45 46 47 48 49 50 51 52 53 54 46 55 56 57 58 59 60 61 62 63 64 65 66 67 68 69 70 71 0 1 2 3 4 5 6 72 73 74 75 76 77 78 79 59 60 61 62 63 64 65 66 55 56 57 58 80 81 67 68 69 70 71 82 83 84 72 73 74 75 76 77 78 79 43 44 45 85 86 87 88 89 90 91 92 93 39 40 41 42 47 48 49 50 51 52 53 54 82 83 84 85 86 87 88 89 90 91 29 30 31 32 33 34 35 36 37 38 7 8 9 10 80 81 92 93 94 94 95 95 96 96 97 97 98 98 99 99 
59038
19
7 2 8 8 5 1 3 3 2 4 4 6 4 8 8 7 7 2 11 
3 32 16 21 21 15 12 44 49 19 3 69 11 24 5 46 3 7 4 
24 66 52 29 32 18 45 56 66 29 62 69 50 44 60 57 10 61 7 
766 587 392 711 456 477 874 860 984 487 288 718 648 435 438 468 484 184 885 
0 0 0 0 0 0 0 10 10 10 10 16 16 16 16 16 16 16 18 18 18 18 18 18 18 18 18 18 18 14 14 14 14 14 14 14 14 17 17 18 18 18 18 18 18 18 18 18 18 18 16 16 16 16 16 16 16 12 12 12 12 6 6 6 5 2 2 2 2 2 2 2 2 5 9 9 9 9 3 3 3 3 3 3 3 3 4 4 4 4 4 0 0 0 0 0 0 0 13 13 13 13 13 13 13 13 3 3 3 3 3 3 3 3 9 9 9 9 1 1 4 4 4 4 4 7 7 7 13 13 13 13 13 13 13 13 6 6 6 15 15 15 15 15 15 15 8 8 12 12 12 12 2 2 2 2 2 2 2 2 7 7 7 15 15 15 15 15 15 15 14 14 14 14 14 14 14 14 17 17 10 10 10 10 1 1 8 8 11 11 11 11 11 11 11 11 11 11 11 11 