761
100
2
7 7 7 7 7 7 7 10 10 10 10 10 10 10 10 10 10 12 12 12 12 12 12 12 12 12 12 15 15 15 15 15 15 15 15 15 15 16 16 16 16 16 16 16 16 16 16 16 17 17 17 20 20 20 24 24 26 26 26 26 26 26 26 26 26 26 26 26 26 26 26 26 26 26 26 26 27 27 27 27 27 27 27 32 32 32 32 32 32 32 32 32 32 32 32 33 33 33 33 33 33 33 33 33 33 37 37 37 39 39 39 39 39 39 39 41 41 41 41 41 41 41 44 44 44 44 44 44 44 46 46 46 49 49 49 49 49 49 49 49 49 49 49 49 49 49 49 49 49 49 49 49 49 50 50 52 52 52 52 52 52 52 53 53 53 53 53 53 53 53 53 54 54 54 54 54 54 54 54 54 54 64 64 64 64 64 64 64 64 64 66 66 66 66 66 66 66 66 66 66 
108 109 110 111 112 113 114 17 18 19 20 21 22 23 24 25 26 7 8 9 10 11 12 13 14 15 16 190 191 192 193 194 195 196 197 198 199 56 57 58 59 60 61 62 63 64 65 66 51 52 53 48 49 50 153 154 37 38 39 40 41 42 43 44 45 46 47 181 182 183 184 185 186 187 188 189 115 116 117 118 119 120 121 141 142 143 144 145 146 147 148 149 150 151 152 171 172 173 174 175 176 177 178 179 180 129 130 131 0 1 2 3 4 5 6 76 77 78 79 80 81 82 155 156 157 158 159 160 161 105 106 107 162 163 164 165 166 167 168 169 170 83 84 85 86 87 88 89 90 91 92 93 94 54 55 122 123 124 125 126 127 128 132 133 134 135 136 137 138 139 140 95 96 97 98 99 100 101 102 103 104 67 68 69 70 71 72 73 74 75 27 28 29 30 31 32 33 34 35 36 
246 246 246 246 246 246 246 514 514 514 514 514 514 514 514 514 514 514 514 514 514 514 514 514 514 514 514 570 570 570 570 570 570 570 570 570 570 994 994 994 994 994 994 994 994 994 994 994 731 731 731 731 731 731 721 721 994 994 994 994 994 994 994 994 994 994 994 591 591 591 591 591 591 591 591 591 430 430 430 430 430 430 430 180 180 180 180 180 180 180 180 180 180 180 180 752 752 752 752 752 752 752 752 752 752 463 463 463 246 246 246 246 246 246 246 430 430 430 430 430 430 430 548 548 548 548 548 548 548 463 463 463 539 539 539 539 539 539 539 539 539 180 180 180 180 180 180 180 180 180 180 180 180 721 721 548 548 548 548 548 548 548 539 539 539 539 539 539 539 539 539 752 752 752 752 752 752 752 752 752 752 591 591 591 591 591 591 591 591 591 570 570 570 570 570 570 570 570 570 570 
0 1 2 3 4 5 6 7 8 9 10 11 12 13 14 15 16 7 8 9 10 11 12 13 14 15 16 17 18 19 20 21 22 23 24 25 26 27 28 29 30 31 32 33 34 35 36 37 38 39 40 38 39 40 41 42 27 28 29 30 31 32 33 34 35 36 37 43 44 45 46 47 48 49 50 51 52 53 54 55 56 57 58 59 60 61 62 63 64 65 66 67 68 69 70 71 72 73 74 75 76 77 78 79 80 81 82 83 0 1 2 3 4 5 6 52 53 54 55 56 57 58 84 85 86 87 88 89 90 81 82 83 91 92 93 94 95 96 97 98 99 59 60 61 62 63 64 65 66 67 68 69 70 41 42 84 85 86 87 88 89 90 91 92 93 94 95 96 97 98 99 71 72 73 74 75 76 77 78 79 80 43 44 45 46 47 48 49 50 51 17 18 19 20 21 22 23 24 25 26 
55216
13
10 7 11 10 7 7 2 9 3 9 10 3 12 
15 7 16 10 27 44 24 49 17 26 33 37 32 
66 39 26 12 41 52 50 53 20 64 54 46 49 
570 246 994 514 430 548 721 539 731 591 752 463 180 
1 1 1 1 1 1 1 3 3 3 3 3 3 3 3 3 3 3 3 3 3 3 3 3 3 3 3 0 0 0 0 0 0 0 0 0 0 2 2 2 2 2 2 2 2 2 2 2 8 8 8 8 8 8 6 6 2 2 2 2 2 2 2 2 2 2 2 9 9 9 9 9 9 9 9 9 4 4 4 4 4 4 4 12 12 12 12 12 12 12 12 12 12 12 12 10 10 10 10 10 10 10 10 10 10 11 11 11 1 1 1 1 1 1 1 4 4 4 4 4 4 4 5 5 5 5 5 5 5 11 11 11 7 7 7 7 7 7 7 7 7 12 12 12 12 12 12 12 12 12 12 12 12 6 6 5 5 5 5 5 5 5 7 7 7 7 7 7 7 7 7 10 10 10 10 10 10 10 10 10 10 9 9 9 9 9 9 9 9 9 0 0 0 0 0 0 0 0 0 0 