785
100
2
1 1 3 3 3 3 3 5 5 5 5 5 7 7 7 7 8 8 8 9 9 9 9 9 10 10 10 11 11 11 11 12 12 12 12 13 13 13 13 17 17 17 17 17 17 18 18 20 20 20 20 21 21 22 22 22 22 25 25 25 26 26 26 26 28 28 28 28 30 30 30 30 31 31 32 32 33 33 33 36 36 36 37 37 37 37 39 39 39 39 46 46 46 46 46 46 46 47 47 47 49 49 49 49 49 51 51 51 51 51 52 52 53 53 53 53 53 53 53 53 53 53 53 53 53 53 53 53 53 53 53 53 53 53 53 53 53 53 53 53 53 53 53 53 53 53 53 53 53 54 54 54 54 55 55 55 55 55 55 55 56 56 56 56 56 56 56 56 58 58 59 59 59 59 59 59 59 59 61 61 61 61 61 61 61 61 61 61 61 63 63 63 63 63 65 65 65 65 65 69 
45 46 180 181 182 183 184 189 190 191 192 193 47 48 49 50 104 72 73 105 106 107 51 52 79 80 81 100 101 102 103 194 195 196 197 160 161 162 163 93 94 95 96 108 109 0 1 12 13 14 15 22 23 156 157 158 159 97 98 99 149 150 151 152 168 169 74 75 110 111 178 179 17 18 66 67 112 113 114 24 25 26 170 171 172 173 174 175 176 177 153 154 155 39 40 41 42 57 58 59 27 28 29 30 16 19 20 21 43 44 68 69 76 77 78 116 115 118 117 120 119 122 121 124 123 126 125 128 127 130 129 132 131 134 133 136 135 138 137 140 139 142 141 144 143 146 145 148 147 60 61 62 63 90 91 92 53 54 55 56 35 36 37 38 185 186 187 188 64 65 82 83 84 85 86 87 88 89 70 71 2 3 4 5 6 164 165 166 167 7 8 9 10 11 31 32 33 34 199 198 
686 686 690 690 690 690 690 648 648 648 648 648 428 428 428 428 270 775 775 350 350 350 398 398 515 515 515 396 396 396 396 817 817 817 817 494 494 494 494 163 163 163 163 746 746 686 686 428 428 428 428 398 398 975 975 975 975 509 509 509 739 739 739 739 670 670 198 198 920 920 433 433 775 775 198 198 951 951 951 515 515 515 494 494 494 494 278 278 278 278 874 874 874 163 163 163 163 509 509 509 396 396 396 396 270 350 350 350 746 746 920 920 951 951 951 841 841 841 841 841 841 841 841 841 841 841 841 841 841 841 841 841 841 841 841 841 841 841 841 841 841 841 841 841 841 841 841 841 841 739 739 739 739 874 874 874 975 975 975 975 494 494 494 494 657 657 657 657 670 670 494 494 494 494 278 278 278 278 433 433 690 690 690 690 690 657 657 657 657 648 648 648 648 648 817 817 817 817 565 565 
0 1 2 3 4 5 6 7 8 9 10 11 12 13 14 15 16 17 18 19 20 21 22 23 24 25 26 27 28 29 30 31 32 33 34 35 36 37 38 39 40 41 42 43 44 0 1 12 13 14 15 22 23 45 46 47 48 49 50 51 52 53 54 55 56 57 58 59 60 61 62 63 17 18 58 59 64 65 66 24 25 26 67 68 69 70 71 72 73 74 75 76 77 39 40 41 42 49 50 51 27 28 29 30 16 19 20 21 43 44 60 61 64 65 66 78 78 79 79 80 80 81 81 82 82 83 83 84 84 85 85 86 86 87 87 88 88 89 89 90 90 91 91 92 92 93 93 94 94 52 53 54 55 75 76 77 45 46 47 48 35 36 37 38 95 96 97 98 56 57 67 68 69 70 71 72 73 74 62 63 2 3 4 5 6 95 96 97 98 7 8 9 10 11 31 32 33 34 99 99 
62835
29
4 3 3 2 2 4 4 4 3 3 4 2 2 2 4 4 1 5 0 1 4 2 4 2 5 2 4 3 17 
7 10 33 30 28 11 12 37 9 46 39 28 1 30 22 13 65 3 33 8 26 9 17 8 5 17 56 25 53 
20 36 53 52 58 49 65 59 51 55 59 32 18 61 55 56 69 61 33 49 54 21 46 31 63 51 61 47 53 
428 515 951 920 670 396 817 494 350 874 278 198 686 433 975 494 565 690 380 270 739 398 163 775 648 746 657 509 841 
12 12 17 17 17 17 17 24 24 24 24 24 0 0 0 0 19 23 23 8 8 8 21 21 1 1 1 5 5 5 5 6 6 6 6 15 15 15 15 22 22 22 22 25 25 12 12 0 0 0 0 21 21 14 14 14 14 27 27 27 20 20 20 20 4 4 11 11 3 3 13 13 23 23 11 11 2 2 2 1 1 1 7 7 7 7 10 10 10 10 9 9 9 22 22 22 22 27 27 27 5 5 5 5 19 8 8 8 25 25 3 3 2 2 2 28 28 28 28 28 28 28 28 28 28 28 28 28 28 28 28 28 28 28 28 28 28 28 28 28 28 28 28 28 28 28 28 28 28 20 20 20 20 9 9 9 14 14 14 14 15 15 15 15 26 26 26 26 4 4 7 7 7 7 10 10 10 10 13 13 17 17 17 17 17 26 26 26 26 24 24 24 24 24 6 6 6 6 16 16 