744
100
2
6 6 6 6 7 7 7 7 7 7 9 9 9 9 9 9 10 10 10 13 13 13 13 13 13 13 13 13 16 16 16 16 16 16 16 16 16 16 19 19 19 24 24 24 24 26 26 26 26 27 27 27 27 27 27 27 28 28 29 29 29 29 29 29 29 31 31 32 32 32 32 32 32 32 34 34 37 37 38 38 38 38 38 38 38 38 38 38 38 38 38 38 38 39 39 39 39 39 39 39 39 39 45 45 45 45 45 45 49 49 49 49 49 49 50 50 50 50 50 50 50 52 52 52 54 54 56 56 56 56 56 56 56 56 56 62 62 62 62 63 63 63 63 63 63 63 63 63 63 63 63 63 63 63 63 63 63 63 63 63 63 63 63 63 63 63 63 63 63 63 64 64 64 64 64 64 64 64 64 64 64 64 64 64 64 64 64 65 65 65 65 65 67 67 67 69 69 69 69 69 
135 136 137 138 32 33 34 35 36 37 126 127 19 20 21 22 121 122 123 12 13 14 15 130 131 132 133 134 139 140 141 142 4 5 6 7 8 9 114 115 116 170 171 172 173 117 118 119 120 180 181 182 183 184 185 186 65 66 67 68 69 70 71 72 73 56 57 58 59 60 61 62 63 64 76 77 74 75 155 156 157 158 159 160 161 162 163 164 165 166 167 168 169 192 193 194 108 109 110 111 112 113 174 175 176 177 178 179 96 97 98 99 100 101 38 39 40 45 46 47 48 16 17 18 128 129 10 11 124 125 23 24 25 26 27 0 1 2 3 28 29 30 31 144 143 146 145 148 147 150 149 152 151 154 153 78 79 80 81 82 83 84 85 86 87 88 89 90 91 92 41 42 43 44 102 103 104 105 106 107 49 50 51 52 53 54 55 195 196 197 198 199 93 94 95 187 188 189 190 191 
218 218 218 218 319 319 319 319 319 319 297 297 948 948 948 948 855 855 855 948 948 948 948 273 273 273 273 273 377 377 377 377 319 319 319 319 319 319 812 812 812 267 267 267 267 448 448 448 448 803 803 803 803 803 803 803 463 463 970 970 970 970 970 970 970 463 463 970 970 970 970 970 970 970 576 576 576 576 380 380 380 380 380 380 380 380 380 380 380 380 380 380 380 840 840 840 402 402 402 402 402 402 251 251 251 251 251 251 402 402 402 402 402 402 812 812 812 448 448 448 448 855 855 855 196 196 297 297 196 196 273 273 273 273 273 218 218 218 218 377 377 377 377 439 439 439 439 439 439 439 439 439 439 439 439 380 380 380 380 380 380 380 380 380 380 380 380 380 380 380 267 267 267 267 251 251 251 251 251 251 803 803 803 803 803 803 803 756 756 756 756 756 840 840 840 756 756 756 756 756 
0 1 2 3 4 5 6 7 8 9 10 11 12 13 14 15 16 17 18 12 13 14 15 19 20 21 22 23 24 25 26 27 4 5 6 7 8 9 28 29 30 31 32 33 34 35 36 37 38 39 40 41 42 43 44 45 46 47 48 49 50 51 52 53 54 46 47 48 49 50 51 52 53 54 55 56 55 56 57 58 59 60 61 62 63 64 65 66 67 68 69 70 71 72 73 74 75 76 77 78 79 80 81 82 83 84 85 86 75 76 77 78 79 80 28 29 30 35 36 37 38 16 17 18 87 88 10 11 87 88 19 20 21 22 23 0 1 2 3 24 25 26 27 89 89 90 90 91 91 92 92 93 93 94 94 57 58 59 60 61 62 63 64 65 66 67 68 69 70 71 31 32 33 34 81 82 83 84 85 86 39 40 41 42 43 44 45 95 96 97 98 99 72 73 74 95 96 97 98 99 
51339
21
3 3 4 4 4 7 4 2 3 6 7 6 6 4 2 2 2 5 5 6 15 
39 19 24 6 16 29 26 9 10 45 27 7 39 9 34 28 54 65 13 63 38 
67 50 64 62 63 32 50 56 52 64 64 16 49 13 37 31 56 69 56 63 63 
840 812 267 218 377 970 448 297 855 251 803 319 402 948 576 463 196 756 273 439 380 
3 3 3 3 11 11 11 11 11 11 7 7 13 13 13 13 8 8 8 13 13 13 13 18 18 18 18 18 4 4 4 4 11 11 11 11 11 11 1 1 1 2 2 2 2 6 6 6 6 10 10 10 10 10 10 10 15 15 5 5 5 5 5 5 5 15 15 5 5 5 5 5 5 5 14 14 14 14 20 20 20 20 20 20 20 20 20 20 20 20 20 20 20 0 0 0 12 12 12 12 12 12 9 9 9 9 9 9 12 12 12 12 12 12 1 1 1 6 6 6 6 8 8 8 16 16 7 7 16 16 18 18 18 18 18 3 3 3 3 4 4 4 4 19 19 19 19 19 19 19 19 19 19 19 19 20 20 20 20 20 20 20 20 20 20 20 20 20 20 20 2 2 2 2 9 9 9 9 9 9 10 10 10 10 10 10 10 17 17 17 17 17 0 0 0 17 17 17 17 17 