14
100
2
2 2 2 2 2 2 2 2 2 2 2 2 2 2 6 6 6 6 6 6 6 6 6 6 6 6 6 6 6 6 7 7 7 7 7 7 7 7 7 8 8 8 8 8 8 8 8 8 8 8 8 8 8 14 14 14 14 14 14 14 14 14 14 14 14 14 18 18 18 18 18 18 18 18 18 18 18 18 18 18 18 18 19 19 19 19 19 19 19 20 20 20 20 20 20 20 20 20 20 20 20 25 25 25 25 25 25 25 25 25 25 25 25 25 25 25 25 25 25 25 25 33 33 33 33 33 33 33 33 33 33 36 36 36 36 36 36 36 36 37 37 37 37 37 37 37 37 37 37 42 42 42 45 45 45 45 45 45 45 45 46 46 46 46 46 46 46 46 46 48 48 48 48 48 48 48 48 48 48 68 68 68 68 68 68 68 68 69 69 69 69 69 69 69 69 69 69 69 69 69 
39 40 41 42 43 44 45 46 47 48 49 50 51 52 66 67 68 69 70 71 72 73 74 75 76 77 78 79 80 81 160 161 162 163 164 165 166 167 168 0 1 2 3 4 5 6 7 8 9 10 11 12 13 187 188 189 190 191 192 193 194 195 196 197 198 199 14 15 16 17 18 19 20 21 22 23 24 25 26 27 28 29 169 170 171 172 173 174 175 101 102 103 104 105 106 107 108 109 110 111 112 89 90 91 92 93 94 95 96 97 98 99 100 131 132 133 134 135 136 137 138 139 140 141 142 143 144 145 146 147 148 113 114 115 116 117 118 119 120 121 122 123 124 125 126 127 128 129 130 176 177 178 179 180 181 182 183 184 185 186 30 31 32 33 34 35 36 37 38 82 83 84 85 86 87 88 149 150 151 152 153 154 155 156 157 158 159 53 54 55 56 57 58 59 60 61 62 63 64 65 
891 891 891 891 891 891 891 891 891 891 891 891 891 891 150 150 150 150 150 150 150 150 150 150 150 150 150 150 150 150 581 581 581 581 581 581 581 581 581 891 891 891 891 891 891 891 891 891 891 891 891 891 891 935 935 935 935 935 935 935 935 935 935 935 935 935 150 150 150 150 150 150 150 150 150 150 150 150 150 150 150 150 270 270 270 270 270 270 270 834 834 834 834 834 834 834 834 834 834 834 834 834 834 834 834 834 834 834 834 834 834 834 834 888 888 888 888 888 888 888 888 201 201 201 201 201 201 201 201 201 201 888 888 888 888 888 888 888 888 201 201 201 201 201 201 201 201 201 201 545 545 545 326 326 326 326 326 326 326 326 581 581 581 581 581 581 581 581 581 270 270 270 270 270 270 270 545 545 545 326 326 326 326 326 326 326 326 935 935 935 935 935 935 935 935 935 935 935 935 935 
0 1 2 3 4 5 6 7 8 9 10 11 12 13 14 15 16 17 18 19 20 21 22 23 24 25 26 27 28 29 30 31 32 33 34 35 36 37 38 0 1 2 3 4 5 6 7 8 9 10 11 12 13 39 40 41 42 43 44 45 46 47 48 49 50 51 14 15 16 17 18 19 20 21 22 23 24 25 26 27 28 29 52 53 54 55 56 57 58 59 60 61 62 63 64 65 66 67 68 69 70 59 60 61 62 63 64 65 66 67 68 69 70 71 72 73 74 75 76 77 78 79 80 81 82 83 84 85 86 87 88 71 72 73 74 75 76 77 78 79 80 81 82 83 84 85 86 87 88 89 90 91 92 93 94 95 96 97 98 99 30 31 32 33 34 35 36 37 38 52 53 54 55 56 57 58 89 90 91 92 93 94 95 96 97 98 99 39 40 41 42 43 44 45 46 47 48 49 50 51 
57513
10
16 7 8 13 3 12 14 9 8 10 
6 19 45 14 42 20 2 7 25 33 
18 48 68 69 48 25 8 46 36 37 
150 270 326 935 545 834 891 581 888 201 
6 6 6 6 6 6 6 6 6 6 6 6 6 6 0 0 0 0 0 0 0 0 0 0 0 0 0 0 0 0 7 7 7 7 7 7 7 7 7 6 6 6 6 6 6 6 6 6 6 6 6 6 6 3 3 3 3 3 3 3 3 3 3 3 3 3 0 0 0 0 0 0 0 0 0 0 0 0 0 0 0 0 1 1 1 1 1 1 1 5 5 5 5 5 5 5 5 5 5 5 5 5 5 5 5 5 5 5 5 5 5 5 5 8 8 8 8 8 8 8 8 9 9 9 9 9 9 9 9 9 9 8 8 8 8 8 8 8 8 9 9 9 9 9 9 9 9 9 9 4 4 4 2 2 2 2 2 2 2 2 7 7 7 7 7 7 7 7 7 1 1 1 1 1 1 1 4 4 4 2 2 2 2 2 2 2 2 3 3 3 3 3 3 3 3 3 3 3 3 3 