825
100
2
3 3 8 8 8 8 8 8 8 8 8 8 8 8 13 13 13 13 13 13 13 13 13 13 13 13 13 14 14 14 14 14 15 15 19 19 19 19 19 26 26 26 26 26 26 26 26 26 26 26 26 26 32 32 32 32 32 32 32 32 32 32 32 32 32 32 32 32 41 41 41 41 41 41 41 41 41 41 41 41 41 44 44 44 44 44 44 44 44 44 44 44 44 44 45 45 45 45 45 45 45 45 45 45 45 45 48 48 48 48 51 51 51 51 51 51 51 51 51 51 51 51 51 53 53 53 53 53 53 53 53 53 53 53 53 53 53 53 54 54 54 54 55 55 55 60 60 60 60 60 60 60 64 64 64 64 64 64 64 64 64 64 64 64 64 64 64 64 64 64 64 64 66 66 66 66 66 66 66 66 66 67 67 67 67 67 67 67 70 70 70 70 70 70 70 70 70 70 70 70 
32 33 94 95 96 97 98 99 100 101 102 103 104 105 39 40 41 42 43 44 45 46 47 48 49 50 51 34 35 36 37 38 0 1 27 28 29 30 31 14 15 16 17 18 19 20 21 22 23 24 25 26 172 173 174 175 176 177 178 179 180 181 182 183 184 185 186 187 110 111 112 113 114 115 116 117 118 119 120 121 122 159 160 161 162 163 164 165 166 167 168 169 170 171 2 3 4 5 6 7 8 9 10 11 12 13 138 139 140 141 68 69 70 71 72 73 74 75 76 77 78 79 80 188 189 190 191 192 193 194 195 196 197 198 199 142 143 144 106 107 108 109 135 136 137 152 153 154 155 156 157 158 145 146 147 148 149 150 151 81 82 83 84 85 86 87 88 89 90 91 92 93 52 53 54 55 56 57 58 59 60 61 62 63 64 65 66 67 123 124 125 126 127 128 129 130 131 132 133 134 
500 500 467 467 467 467 467 467 467 467 467 467 467 467 211 211 211 211 211 211 211 211 211 211 211 211 211 780 780 780 780 780 500 500 780 780 780 780 780 211 211 211 211 211 211 211 211 211 211 211 211 211 351 351 351 351 351 351 351 351 351 882 882 882 882 882 882 882 909 909 909 909 909 909 909 909 909 909 909 909 909 629 629 629 629 629 629 629 629 629 629 629 629 629 467 467 467 467 467 467 467 467 467 467 467 467 795 795 795 795 909 909 909 909 909 909 909 909 909 909 909 909 909 380 380 380 380 380 380 380 380 380 380 380 380 621 621 621 795 795 795 795 621 621 621 205 205 205 205 205 205 205 205 205 205 205 205 205 205 629 629 629 629 629 629 629 629 629 629 629 629 629 351 351 351 351 351 351 351 351 351 882 882 882 882 882 882 882 380 380 380 380 380 380 380 380 380 380 380 380 
0 1 2 3 4 5 6 7 8 9 10 11 12 13 14 15 16 17 18 19 20 21 22 23 24 25 26 27 28 29 30 31 0 1 27 28 29 30 31 14 15 16 17 18 19 20 21 22 23 24 25 26 32 33 34 35 36 37 38 39 40 41 42 43 44 45 46 47 48 49 50 51 52 53 54 55 56 57 58 59 60 61 62 63 64 65 66 67 68 69 70 71 72 73 2 3 4 5 6 7 8 9 10 11 12 13 74 75 76 77 48 49 50 51 52 53 54 55 56 57 58 59 60 78 79 80 81 82 83 84 85 86 87 88 89 90 91 92 74 75 76 77 90 91 92 93 94 95 96 97 98 99 93 94 95 96 97 98 99 61 62 63 64 65 66 67 68 69 70 71 72 73 32 33 34 35 36 37 38 39 40 41 42 43 44 45 46 47 78 79 80 81 82 83 84 85 86 87 88 89 
53612
12
12 7 12 13 4 9 5 2 3 7 13 13 
53 60 8 44 48 32 14 3 53 32 13 41 
70 64 45 64 54 66 19 15 55 67 26 51 
380 205 467 629 795 351 780 500 621 882 211 909 
7 7 2 2 2 2 2 2 2 2 2 2 2 2 10 10 10 10 10 10 10 10 10 10 10 10 10 6 6 6 6 6 7 7 6 6 6 6 6 10 10 10 10 10 10 10 10 10 10 10 10 10 5 5 5 5 5 5 5 5 5 9 9 9 9 9 9 9 11 11 11 11 11 11 11 11 11 11 11 11 11 3 3 3 3 3 3 3 3 3 3 3 3 3 2 2 2 2 2 2 2 2 2 2 2 2 4 4 4 4 11 11 11 11 11 11 11 11 11 11 11 11 11 0 0 0 0 0 0 0 0 0 0 0 0 8 8 8 4 4 4 4 8 8 8 1 1 1 1 1 1 1 1 1 1 1 1 1 1 3 3 3 3 3 3 3 3 3 3 3 3 3 5 5 5 5 5 5 5 5 5 9 9 9 9 9 9 9 0 0 0 0 0 0 0 0 0 0 0 0 