612
100
2
6 6 6 6 6 6 6 6 6 6 6 6 6 6 6 8 8 8 8 9 9 9 9 9 9 9 9 9 9 9 9 11 11 11 11 11 11 11 11 11 11 11 11 11 11 11 11 15 15 15 15 15 15 15 15 15 15 15 15 18 18 18 18 18 18 18 18 18 18 18 21 21 21 21 21 21 21 21 21 21 21 21 21 21 21 21 24 24 24 24 24 24 24 24 24 24 24 24 27 27 27 27 27 27 27 30 30 30 30 30 30 30 30 30 30 30 30 30 30 30 30 32 32 32 32 32 32 32 32 32 32 32 32 32 32 32 34 34 34 34 34 34 34 34 46 46 46 46 46 46 46 46 46 49 49 49 49 49 49 49 49 53 53 53 53 53 53 53 53 53 53 53 53 61 61 61 61 61 61 62 62 62 62 62 62 64 64 64 64 64 64 64 64 64 64 64 68 68 68 68 
121 122 123 124 125 126 127 128 129 130 131 132 133 134 135 196 197 198 199 86 87 88 89 90 91 92 93 94 95 96 97 105 106 107 108 109 110 111 112 113 114 115 116 117 118 119 120 161 162 163 164 165 166 167 168 169 170 171 172 185 186 187 188 189 190 191 192 193 194 195 144 145 146 147 148 149 150 151 152 98 99 100 101 102 103 104 19 20 21 22 23 24 25 26 27 28 29 30 79 80 81 82 83 84 85 31 32 33 34 35 36 37 38 39 40 41 42 43 44 45 46 0 1 2 3 4 5 6 7 8 9 10 11 12 13 14 153 154 155 156 157 158 159 160 70 71 72 73 74 75 76 77 78 136 137 138 139 140 141 142 143 47 48 49 50 51 52 53 54 55 56 57 58 179 180 181 182 183 184 173 174 175 176 177 178 59 60 61 62 63 64 65 66 67 68 69 15 16 17 18 
518 518 518 518 518 518 518 518 518 518 518 518 518 518 518 893 893 893 893 382 382 382 382 382 382 382 382 382 382 382 382 619 619 619 619 619 619 619 619 619 619 619 619 619 619 619 619 517 517 517 517 517 517 517 517 517 517 517 517 888 888 888 888 888 888 888 888 888 888 888 395 395 395 395 395 395 395 395 395 305 305 305 305 305 305 305 382 382 382 382 382 382 382 382 382 382 382 382 305 305 305 305 305 305 305 619 619 619 619 619 619 619 619 619 619 619 619 619 619 619 619 518 518 518 518 518 518 518 518 518 518 518 518 518 518 518 935 935 935 935 935 935 935 935 395 395 395 395 395 395 395 395 395 935 935 935 935 935 935 935 935 517 517 517 517 517 517 517 517 517 517 517 517 683 683 683 683 683 683 683 683 683 683 683 683 888 888 888 888 888 888 888 888 888 888 888 893 893 893 893 
0 1 2 3 4 5 6 7 8 9 10 11 12 13 14 15 16 17 18 19 20 21 22 23 24 25 26 27 28 29 30 31 32 33 34 35 36 37 38 39 40 41 42 43 44 45 46 47 48 49 50 51 52 53 54 55 56 57 58 59 60 61 62 63 64 65 66 67 68 69 70 71 72 73 74 75 76 77 78 79 80 81 82 83 84 85 19 20 21 22 23 24 25 26 27 28 29 30 79 80 81 82 83 84 85 31 32 33 34 35 36 37 38 39 40 41 42 43 44 45 46 0 1 2 3 4 5 6 7 8 9 10 11 12 13 14 86 87 88 89 90 91 92 93 70 71 72 73 74 75 76 77 78 86 87 88 89 90 91 92 93 47 48 49 50 51 52 53 54 55 56 57 58 94 95 96 97 98 99 94 95 96 97 98 99 59 60 61 62 63 64 65 66 67 68 69 15 16 17 18 
59070
10
16 6 9 15 12 8 7 12 4 11 
11 61 21 6 15 34 21 9 8 18 
30 62 46 32 53 49 27 24 68 64 
619 683 395 518 517 935 305 382 893 888 
3 3 3 3 3 3 3 3 3 3 3 3 3 3 3 8 8 8 8 7 7 7 7 7 7 7 7 7 7 7 7 0 0 0 0 0 0 0 0 0 0 0 0 0 0 0 0 4 4 4 4 4 4 4 4 4 4 4 4 9 9 9 9 9 9 9 9 9 9 9 2 2 2 2 2 2 2 2 2 6 6 6 6 6 6 6 7 7 7 7 7 7 7 7 7 7 7 7 6 6 6 6 6 6 6 0 0 0 0 0 0 0 0 0 0 0 0 0 0 0 0 3 3 3 3 3 3 3 3 3 3 3 3 3 3 3 5 5 5 5 5 5 5 5 2 2 2 2 2 2 2 2 2 5 5 5 5 5 5 5 5 4 4 4 4 4 4 4 4 4 4 4 4 1 1 1 1 1 1 1 1 1 1 1 1 9 9 9 9 9 9 9 9 9 9 9 8 8 8 8 