321
100
2
1 5 5 5 5 5 5 5 5 5 8 8 8 8 8 8 8 8 12 12 13 13 13 13 13 13 13 13 13 14 14 14 14 14 15 15 15 15 15 16 16 16 17 17 19 19 19 19 19 19 19 19 19 19 19 19 19 19 19 19 21 21 22 25 25 25 25 26 26 26 26 26 26 27 27 27 27 27 27 28 28 28 28 29 29 29 29 29 32 32 32 34 34 34 34 34 36 36 36 36 36 36 36 37 37 37 37 37 39 39 39 39 39 39 40 40 42 44 44 44 44 46 46 46 46 46 46 46 46 46 46 46 46 46 46 46 46 46 50 50 51 51 51 51 51 51 54 54 54 54 54 54 55 55 55 55 55 58 58 58 58 58 58 58 58 60 60 60 60 60 61 61 61 61 61 61 61 61 61 61 61 61 61 61 62 62 62 62 62 62 65 65 65 66 66 69 69 69 69 69 
145 18 19 21 22 23 24 190 191 192 63 64 65 66 96 97 138 139 1 2 116 3 4 5 6 180 181 182 183 34 35 36 37 38 29 30 31 32 33 88 89 90 43 42 122 123 124 125 126 127 128 129 130 131 132 133 134 135 136 137 114 115 121 10 11 12 13 73 74 75 76 77 78 67 68 69 70 71 72 117 118 119 120 165 166 167 168 169 39 40 41 195 196 197 198 199 14 15 152 153 154 155 156 175 176 177 178 179 184 185 186 187 188 189 60 61 20 79 80 81 82 62 44 45 46 47 48 49 50 51 52 53 54 55 56 57 58 59 16 17 170 171 172 173 174 0 157 158 159 160 161 162 98 99 100 101 102 146 147 148 149 150 151 193 194 83 84 85 86 87 140 141 142 143 144 103 104 105 106 107 25 26 27 28 108 109 110 111 112 113 7 8 9 163 164 91 92 93 94 95 
900 292 292 480 480 480 480 461 461 461 956 956 956 956 758 758 770 770 292 292 572 480 480 480 480 619 619 619 619 823 823 823 823 823 823 823 823 823 823 392 392 392 858 858 993 993 993 993 993 993 993 993 993 993 993 993 993 993 993 993 802 802 223 956 956 956 956 717 717 717 717 717 717 717 717 717 717 717 717 395 395 395 395 195 195 195 195 195 392 392 392 167 167 167 167 167 758 758 472 472 472 472 472 237 237 237 237 237 838 838 838 838 838 838 802 802 572 395 395 395 395 223 993 993 993 993 993 993 993 993 993 993 993 993 993 993 993 993 770 770 933 933 933 933 933 900 365 365 365 365 365 365 472 472 472 472 472 365 365 365 365 365 365 657 657 195 195 195 195 195 933 933 933 933 933 237 237 237 237 237 619 619 619 619 838 838 838 838 838 838 461 461 461 657 657 167 167 167 167 167 
0 1 2 3 4 5 6 7 8 9 10 11 12 13 14 15 16 17 1 2 18 3 4 5 6 19 20 21 22 23 24 25 26 27 23 24 25 26 27 28 29 30 31 31 32 33 34 35 36 37 38 39 40 41 42 43 44 45 46 47 48 49 50 10 11 12 13 51 52 53 54 55 56 51 52 53 54 55 56 57 58 59 60 61 62 63 64 65 28 29 30 66 67 68 69 70 14 15 71 72 73 74 75 76 77 78 79 80 81 82 83 84 85 86 48 49 18 57 58 59 60 50 32 33 34 35 36 37 38 39 40 41 42 43 44 45 46 47 16 17 87 88 89 90 91 0 92 93 94 95 96 97 71 72 73 74 75 92 93 94 95 96 97 98 99 61 62 63 64 65 87 88 89 90 91 76 77 78 79 80 19 20 21 22 81 82 83 84 85 86 7 8 9 98 99 66 67 68 69 70 
63013
25
4 4 5 2 5 5 2 1 5 5 2 6 1 1 2 6 2 1 6 3 4 5 3 4 16 
28 8 14 8 51 36 8 1 34 29 5 54 13 17 58 39 21 22 26 16 5 37 5 13 19 
44 25 15 36 61 55 50 51 69 60 12 58 42 17 66 62 40 46 27 32 13 61 65 61 46 
395 956 823 758 933 472 770 900 167 195 292 365 572 858 657 838 802 223 717 392 480 237 461 619 993 
7 10 10 20 20 20 20 22 22 22 1 1 1 1 3 3 6 6 10 10 12 20 20 20 20 23 23 23 23 2 2 2 2 2 2 2 2 2 2 19 19 19 13 13 24 24 24 24 24 24 24 24 24 24 24 24 24 24 24 24 16 16 17 1 1 1 1 18 18 18 18 18 18 18 18 18 18 18 18 0 0 0 0 9 9 9 9 9 19 19 19 8 8 8 8 8 3 3 5 5 5 5 5 21 21 21 21 21 15 15 15 15 15 15 16 16 12 0 0 0 0 17 24 24 24 24 24 24 24 24 24 24 24 24 24 24 24 24 6 6 4 4 4 4 4 7 11 11 11 11 11 11 5 5 5 5 5 11 11 11 11 11 11 14 14 9 9 9 9 9 4 4 4 4 4 21 21 21 21 21 23 23 23 23 15 15 15 15 15 15 22 22 22 14 14 8 8 8 8 8 