88
100
2
1 1 1 1 4 4 4 4 4 4 4 4 5 5 5 5 5 5 5 5 5 5 5 5 7 7 7 7 9 9 9 9 11 11 11 15 15 15 15 15 15 17 17 17 17 17 17 17 17 18 18 18 18 18 18 18 18 18 19 19 19 19 19 19 19 19 19 19 19 19 19 19 19 19 20 20 20 20 20 20 20 21 21 21 21 21 21 21 21 21 28 28 28 28 31 31 31 31 31 31 34 36 36 36 36 36 36 36 36 36 36 36 36 36 36 36 38 38 39 39 39 39 39 39 39 39 39 39 39 39 39 39 41 41 42 43 43 43 43 43 43 43 45 45 45 45 45 45 45 46 46 46 46 46 46 46 46 47 47 47 50 50 50 50 50 50 60 60 60 60 60 60 60 60 61 61 61 61 61 65 65 65 65 65 65 65 65 66 66 66 66 66 66 66 66 70 70 70 70 70 
28 29 30 31 166 167 168 169 170 171 172 173 49 50 51 52 53 54 63 64 65 66 67 68 90 91 92 93 0 1 2 3 35 36 37 32 33 34 157 158 159 81 82 83 84 85 86 87 88 12 13 14 15 16 17 101 102 103 195 196 197 198 199 18 19 20 21 22 23 174 175 176 177 178 94 95 96 97 98 99 134 41 42 43 44 45 46 47 48 100 24 25 26 27 74 75 76 77 78 79 89 55 56 57 120 121 122 123 124 125 126 127 128 129 130 131 132 133 179 180 104 105 106 107 108 109 110 111 112 113 114 115 116 117 80 142 143 144 145 146 147 148 135 136 137 138 139 140 141 187 188 189 190 191 192 193 194 38 39 40 181 182 183 184 185 186 4 5 6 7 8 9 10 11 69 70 71 72 73 118 119 160 161 162 163 164 165 149 150 151 152 153 154 155 156 58 59 60 61 62 
379 379 379 379 451 451 451 451 451 451 451 451 235 235 235 235 235 235 161 161 161 161 161 161 269 269 269 269 379 379 379 379 640 640 640 640 640 640 687 687 687 589 589 589 589 589 589 589 589 235 235 235 235 235 235 792 792 792 217 217 217 217 217 161 161 161 161 161 161 765 765 765 765 765 246 246 246 246 246 246 942 589 589 589 589 589 589 589 589 770 269 269 269 269 246 246 246 246 246 246 770 792 792 792 343 343 343 343 343 343 343 343 343 343 343 343 325 325 419 419 343 343 343 343 343 343 343 343 343 343 343 343 325 325 942 658 658 658 658 658 658 658 658 658 658 658 658 658 658 889 889 889 889 889 889 889 889 687 687 687 471 471 471 471 471 471 451 451 451 451 451 451 451 451 765 765 765 765 765 419 419 471 471 471 471 471 471 889 889 889 889 889 889 889 889 217 217 217 217 217 
0 1 2 3 4 5 6 7 8 9 10 11 12 13 14 15 16 17 18 19 20 21 22 23 24 25 26 27 0 1 2 3 28 29 30 28 29 30 31 32 33 34 35 36 37 38 39 40 41 12 13 14 15 16 17 42 43 44 45 46 47 48 49 18 19 20 21 22 23 50 51 52 53 54 55 56 57 58 59 60 61 34 35 36 37 38 39 40 41 62 24 25 26 27 55 56 57 58 59 60 62 42 43 44 63 64 65 66 67 68 69 70 71 72 73 74 75 76 77 78 63 64 65 66 67 68 69 70 71 72 73 74 75 76 61 79 80 81 82 83 84 85 79 80 81 82 83 84 85 86 87 88 89 90 91 92 93 31 32 33 94 95 96 97 98 99 4 5 6 7 8 9 10 11 50 51 52 53 54 77 78 94 95 96 97 98 99 86 87 88 89 90 91 92 93 45 46 47 48 49 
47891
20
2 6 6 8 8 5 2 6 4 7 8 5 4 3 1 3 3 1 6 12 
38 5 20 46 17 19 39 5 7 43 4 19 1 18 21 11 15 20 50 36 
41 18 31 66 21 70 65 19 28 45 60 61 9 36 34 15 47 42 65 39 
325 235 246 889 589 217 419 161 269 658 451 765 379 792 770 640 687 942 471 343 
12 12 12 12 10 10 10 10 10 10 10 10 1 1 1 1 1 1 7 7 7 7 7 7 8 8 8 8 12 12 12 12 15 15 15 15 15 15 16 16 16 4 4 4 4 4 4 4 4 1 1 1 1 1 1 13 13 13 5 5 5 5 5 7 7 7 7 7 7 11 11 11 11 11 2 2 2 2 2 2 17 4 4 4 4 4 4 4 4 14 8 8 8 8 2 2 2 2 2 2 14 13 13 13 19 19 19 19 19 19 19 19 19 19 19 19 0 0 6 6 19 19 19 19 19 19 19 19 19 19 19 19 0 0 17 9 9 9 9 9 9 9 9 9 9 9 9 9 9 3 3 3 3 3 3 3 3 16 16 16 18 18 18 18 18 18 10 10 10 10 10 10 10 10 11 11 11 11 11 6 6 18 18 18 18 18 18 3 3 3 3 3 3 3 3 5 5 5 5 5 