620
100
2
1 1 1 1 1 1 1 1 5 5 5 5 5 5 6 6 6 6 6 6 6 6 7 7 7 7 7 7 7 8 8 8 9 9 9 9 9 9 9 10 10 10 10 10 10 10 10 10 10 10 10 13 13 13 13 13 14 14 14 14 14 14 16 16 16 16 16 16 16 16 16 16 16 16 18 18 18 18 18 18 18 18 18 18 18 18 18 20 20 20 20 20 27 27 27 27 27 28 28 28 28 28 31 31 31 31 31 31 31 32 32 32 32 32 32 32 33 33 33 33 33 33 33 33 33 33 33 33 33 33 33 37 37 37 37 37 37 37 37 45 45 45 45 45 45 45 52 52 52 52 52 52 52 53 53 53 53 53 53 53 55 55 55 55 55 55 55 55 55 55 56 56 56 56 56 66 66 66 66 66 66 66 66 66 66 66 66 66 68 68 68 68 68 68 68 70 70 70 70 70 
14 15 16 17 18 19 20 21 56 57 58 59 60 61 0 1 2 3 4 5 6 7 153 154 155 156 157 158 159 195 196 197 188 189 190 191 192 193 194 160 161 162 163 164 165 166 167 168 169 198 199 92 93 94 95 96 8 9 10 11 12 13 146 147 148 149 150 151 152 87 88 89 90 91 175 176 177 178 179 180 181 182 183 184 185 186 187 69 70 71 72 73 51 52 53 54 55 170 171 172 173 174 109 110 111 112 113 114 115 102 103 104 105 106 107 108 139 140 141 142 143 144 145 131 132 133 134 135 136 137 138 123 124 125 126 127 128 129 130 116 117 118 119 120 121 122 62 63 64 65 66 67 68 22 23 24 25 26 27 28 39 40 41 42 43 44 45 46 47 48 97 98 99 100 101 74 75 76 77 78 79 80 81 82 83 84 85 86 32 33 34 35 36 37 38 29 30 31 49 50 
836 836 836 836 836 836 836 836 495 495 495 495 495 495 836 836 836 836 836 836 836 836 800 800 800 800 800 800 800 608 608 608 777 777 777 777 777 777 777 169 169 169 169 169 169 169 169 169 169 289 289 400 400 400 400 400 495 495 495 495 495 495 264 264 264 264 264 264 264 937 937 937 937 937 500 500 500 500 500 500 500 500 500 500 500 500 500 937 937 937 937 937 400 400 400 400 400 655 655 655 655 655 942 942 942 942 942 942 942 942 942 942 942 942 942 942 253 253 253 253 253 253 253 794 794 794 794 794 794 794 794 794 794 794 794 794 794 794 794 253 253 253 253 253 253 253 264 264 264 264 264 264 264 800 800 800 800 800 800 800 169 169 169 169 169 169 169 169 169 169 655 655 655 655 655 500 500 500 500 500 500 500 500 500 500 500 500 500 777 777 777 777 777 777 777 608 608 608 289 289 
0 1 2 3 4 5 6 7 8 9 10 11 12 13 0 1 2 3 4 5 6 7 14 15 16 17 18 19 20 21 22 23 24 25 26 27 28 29 30 31 32 33 34 35 36 37 38 39 40 41 42 43 44 45 46 47 8 9 10 11 12 13 48 49 50 51 52 53 54 55 56 57 58 59 60 61 62 63 64 65 66 67 68 69 70 71 72 55 56 57 58 59 43 44 45 46 47 73 74 75 76 77 78 79 80 81 82 83 84 78 79 80 81 82 83 84 85 86 87 88 89 90 91 92 93 94 95 96 97 98 99 92 93 94 95 96 97 98 99 85 86 87 88 89 90 91 48 49 50 51 52 53 54 14 15 16 17 18 19 20 31 32 33 34 35 36 37 38 39 40 73 74 75 76 77 60 61 62 63 64 65 66 67 68 69 70 71 72 24 25 26 27 28 29 30 21 22 23 41 42 
57814
15
7 7 5 5 7 3 7 8 7 5 8 10 2 6 13 
33 16 13 16 31 8 7 1 9 28 33 10 10 5 18 
45 52 27 20 32 70 53 6 68 56 37 55 70 14 66 
253 264 400 937 942 608 800 836 777 655 794 169 289 495 500 
7 7 7 7 7 7 7 7 13 13 13 13 13 13 7 7 7 7 7 7 7 7 6 6 6 6 6 6 6 5 5 5 8 8 8 8 8 8 8 11 11 11 11 11 11 11 11 11 11 12 12 2 2 2 2 2 13 13 13 13 13 13 1 1 1 1 1 1 1 3 3 3 3 3 14 14 14 14 14 14 14 14 14 14 14 14 14 3 3 3 3 3 2 2 2 2 2 9 9 9 9 9 4 4 4 4 4 4 4 4 4 4 4 4 4 4 0 0 0 0 0 0 0 10 10 10 10 10 10 10 10 10 10 10 10 10 10 10 10 0 0 0 0 0 0 0 1 1 1 1 1 1 1 6 6 6 6 6 6 6 11 11 11 11 11 11 11 11 11 11 9 9 9 9 9 14 14 14 14 14 14 14 14 14 14 14 14 14 8 8 8 8 8 8 8 5 5 5 12 12 