487
100
2
2 2 2 2 2 3 3 3 3 3 3 3 3 3 3 3 3 3 3 3 5 5 5 5 5 5 10 10 10 10 10 10 13 13 13 13 13 13 13 13 13 13 13 14 14 14 14 14 14 21 21 21 21 21 21 21 22 22 22 22 22 22 25 25 25 25 27 27 27 27 31 31 31 31 31 31 31 31 31 31 31 31 31 31 33 33 33 33 33 33 33 35 35 35 35 35 35 35 35 35 35 35 35 35 36 36 36 36 37 37 38 38 38 38 38 39 39 39 39 39 39 40 40 40 40 40 40 40 40 43 43 43 44 46 46 46 46 46 46 46 47 47 47 47 47 47 47 47 47 47 47 48 48 48 48 48 49 49 49 49 49 49 49 49 49 50 52 52 52 52 53 55 55 55 55 55 61 61 61 63 63 63 63 63 64 64 64 64 64 64 64 65 65 65 69 69 69 69 69 69 
99 100 101 102 103 39 40 41 42 140 141 142 143 144 145 146 147 148 149 150 115 116 117 118 119 120 43 44 45 46 47 48 133 134 135 136 137 138 139 5 6 7 8 26 27 28 29 30 31 84 85 86 87 88 89 90 91 92 93 94 95 96 196 197 198 199 161 162 163 164 121 122 123 124 125 126 127 184 185 186 187 188 189 190 49 50 51 52 53 54 55 56 57 58 59 60 61 108 109 0 1 2 3 4 166 167 168 169 97 98 179 180 181 182 183 20 21 22 23 24 25 70 71 72 73 74 75 76 165 191 192 193 170 32 33 34 35 36 37 38 9 10 11 12 13 14 15 16 17 18 19 194 195 176 177 178 171 172 173 174 175 66 67 68 69 128 104 105 106 107 132 156 157 158 159 160 153 154 155 110 111 112 113 114 77 78 79 80 81 82 83 129 130 131 151 152 62 63 64 65 
177 177 177 177 177 313 313 313 313 696 696 696 696 696 696 696 696 696 696 696 593 593 593 593 593 593 877 877 877 877 877 877 878 878 878 878 878 878 878 313 313 313 313 877 877 877 877 877 877 354 354 354 354 354 354 354 989 989 989 989 989 989 208 208 208 208 206 206 206 206 609 609 609 609 609 609 609 696 696 696 696 696 696 696 354 354 354 354 354 354 354 989 989 989 989 989 989 535 535 177 177 177 177 177 869 869 869 869 535 535 183 183 183 183 183 593 593 593 593 593 593 609 609 609 609 609 609 609 558 560 560 560 792 878 878 878 878 878 878 878 696 696 696 696 696 696 696 696 696 696 696 872 872 985 985 985 209 209 209 209 209 206 206 206 206 558 869 869 869 869 792 209 209 209 209 209 985 985 985 183 183 183 183 183 696 696 696 696 696 696 696 560 560 560 872 872 208 208 208 208 
0 1 2 3 4 5 6 7 8 9 10 11 12 13 14 15 16 17 18 19 20 21 22 23 24 25 26 27 28 29 30 31 32 33 34 35 36 37 38 5 6 7 8 26 27 28 29 30 31 39 40 41 42 43 44 45 46 47 48 49 50 51 52 53 54 55 56 57 58 59 60 61 62 63 64 65 66 67 68 69 70 71 72 73 39 40 41 42 43 44 45 46 47 48 49 50 51 74 75 0 1 2 3 4 76 77 78 79 74 75 80 81 82 83 84 20 21 22 23 24 25 60 61 62 63 64 65 66 85 86 87 88 89 32 33 34 35 36 37 38 9 10 11 12 13 14 15 16 17 18 19 90 91 92 93 94 95 96 97 98 99 56 57 58 59 85 76 77 78 79 89 95 96 97 98 99 92 93 94 80 81 82 83 84 67 68 69 70 71 72 73 86 87 88 90 91 52 53 54 55 
58197
21
7 2 6 5 6 4 4 6 5 7 4 1 7 4 2 7 5 3 1 3 11 
13 48 22 38 5 3 36 10 49 31 25 40 31 27 35 21 2 43 44 48 3 
46 69 35 63 39 13 52 14 55 40 69 50 64 49 37 33 35 65 53 61 47 
878 872 989 183 593 313 869 877 209 609 208 558 696 206 535 354 177 560 792 985 696 
16 16 16 16 16 5 5 5 5 20 20 20 20 20 20 20 20 20 20 20 4 4 4 4 4 4 7 7 7 7 7 7 0 0 0 0 0 0 0 5 5 5 5 7 7 7 7 7 7 15 15 15 15 15 15 15 2 2 2 2 2 2 10 10 10 10 13 13 13 13 9 9 9 9 9 9 9 12 12 12 12 12 12 12 15 15 15 15 15 15 15 2 2 2 2 2 2 14 14 16 16 16 16 16 6 6 6 6 14 14 3 3 3 3 3 4 4 4 4 4 4 9 9 9 9 9 9 9 11 17 17 17 18 0 0 0 0 0 0 0 20 20 20 20 20 20 20 20 20 20 20 1 1 19 19 19 8 8 8 8 8 13 13 13 13 11 6 6 6 6 18 8 8 8 8 8 19 19 19 3 3 3 3 3 12 12 12 12 12 12 12 17 17 17 1 1 10 10 10 10 