304
100
2
3 3 3 3 3 3 3 3 3 3 3 3 3 4 4 4 4 4 4 4 4 4 4 5 5 5 5 5 5 5 5 5 5 5 5 6 6 6 6 6 6 6 6 6 6 6 12 12 12 12 12 12 12 12 12 12 12 16 16 16 16 16 16 16 16 16 16 16 18 18 18 18 18 18 18 18 18 18 18 20 20 20 20 20 20 20 20 20 20 20 22 22 22 22 23 23 23 32 32 32 32 32 42 42 42 42 42 42 42 42 42 42 52 52 52 52 52 52 52 52 52 52 52 52 53 53 53 53 53 53 53 53 53 53 54 54 54 54 59 59 59 61 61 61 61 61 61 61 61 61 61 61 62 62 62 62 62 62 62 63 63 63 63 63 63 63 63 63 63 66 66 66 66 66 66 66 66 66 66 67 67 67 67 67 67 67 67 67 67 67 67 67 67 67 67 67 67 67 67 67 
35 36 37 38 39 40 152 153 154 155 156 157 158 102 103 104 105 106 107 108 109 110 111 112 113 114 115 116 117 118 119 120 121 122 123 0 1 2 3 4 5 97 98 99 100 101 79 80 81 82 83 84 85 86 87 88 89 189 190 191 192 193 194 195 196 197 198 199 141 142 143 144 145 146 147 148 149 150 151 46 47 48 49 50 51 52 53 54 55 56 134 135 136 137 138 139 140 41 42 43 44 45 13 14 15 16 17 18 19 20 21 22 23 24 25 26 27 28 29 30 31 32 33 34 159 160 161 162 163 164 165 166 167 168 90 91 92 93 94 95 96 68 69 70 71 72 73 74 75 76 77 78 6 7 8 9 10 11 12 124 125 126 127 128 129 130 131 132 133 179 180 181 182 183 184 185 186 187 188 169 170 171 172 173 174 175 176 177 178 57 58 59 60 61 62 63 64 65 66 67 
927 927 927 927 927 927 587 587 587 587 587 587 587 871 871 871 871 871 871 871 871 871 871 613 613 613 613 613 613 613 613 613 613 613 613 927 927 927 927 927 927 932 932 932 932 932 812 812 812 812 812 812 812 812 812 812 812 435 435 435 435 435 435 435 435 435 435 435 990 990 990 990 990 990 990 990 990 990 990 812 812 812 812 812 812 812 812 812 812 812 893 893 893 893 362 362 362 932 932 932 932 932 871 871 871 871 871 871 871 871 871 871 613 613 613 613 613 613 613 613 613 613 613 613 686 686 686 686 686 686 686 686 686 686 893 893 893 893 362 362 362 990 990 990 990 990 990 990 990 990 990 990 587 587 587 587 587 587 587 686 686 686 686 686 686 686 686 686 686 477 477 477 477 477 477 477 477 477 477 477 477 477 477 477 477 477 477 477 477 435 435 435 435 435 435 435 435 435 435 435 
0 1 2 3 4 5 6 7 8 9 10 11 12 13 14 15 16 17 18 19 20 21 22 23 24 25 26 27 28 29 30 31 32 33 34 0 1 2 3 4 5 35 36 37 38 39 40 41 42 43 44 45 46 47 48 49 50 51 52 53 54 55 56 57 58 59 60 61 62 63 64 65 66 67 68 69 70 71 72 40 41 42 43 44 45 46 47 48 49 50 73 74 75 76 77 78 79 35 36 37 38 39 13 14 15 16 17 18 19 20 21 22 23 24 25 26 27 28 29 30 31 32 33 34 80 81 82 83 84 85 86 87 88 89 73 74 75 76 77 78 79 62 63 64 65 66 67 68 69 70 71 72 6 7 8 9 10 11 12 80 81 82 83 84 85 86 87 88 89 90 91 92 93 94 95 96 97 98 99 90 91 92 93 94 95 96 97 98 99 51 52 53 54 55 56 57 58 59 60 61 
71292
12
11 6 5 12 10 3 10 7 11 10 4 11 
18 3 6 5 66 23 53 3 12 4 22 16 
61 6 32 52 67 59 63 62 20 42 54 67 
990 927 932 613 477 362 686 587 812 871 893 435 
1 1 1 1 1 1 7 7 7 7 7 7 7 9 9 9 9 9 9 9 9 9 9 3 3 3 3 3 3 3 3 3 3 3 3 1 1 1 1 1 1 2 2 2 2 2 8 8 8 8 8 8 8 8 8 8 8 11 11 11 11 11 11 11 11 11 11 11 0 0 0 0 0 0 0 0 0 0 0 8 8 8 8 8 8 8 8 8 8 8 10 10 10 10 5 5 5 2 2 2 2 2 9 9 9 9 9 9 9 9 9 9 3 3 3 3 3 3 3 3 3 3 3 3 6 6 6 6 6 6 6 6 6 6 10 10 10 10 5 5 5 0 0 0 0 0 0 0 0 0 0 0 7 7 7 7 7 7 7 6 6 6 6 6 6 6 6 6 6 4 4 4 4 4 4 4 4 4 4 4 4 4 4 4 4 4 4 4 4 11 11 11 11 11 11 11 11 11 11 11 