80
100
2
5 5 5 5 5 5 5 5 6 6 7 7 7 7 7 7 7 7 7 7 7 7 7 7 7 7 8 8 8 8 8 8 8 9 9 9 9 9 9 9 11 11 11 11 11 11 17 17 17 17 17 17 17 17 20 20 20 20 22 22 22 22 22 22 22 22 23 23 23 23 23 23 23 23 24 24 24 24 30 30 30 30 35 35 35 35 35 38 38 38 39 39 39 39 39 39 39 40 40 40 40 40 40 40 44 44 44 44 44 44 44 44 50 50 50 50 50 50 50 50 51 51 51 51 51 51 51 51 53 53 53 54 54 54 54 54 56 56 56 56 56 56 56 59 59 59 59 59 59 59 60 60 60 60 60 60 61 61 62 62 62 62 62 62 62 62 64 64 64 64 66 66 66 66 66 66 66 66 66 66 66 66 66 66 66 66 66 66 66 66 66 66 66 69 69 69 69 69 69 69 
112 113 114 115 116 117 118 119 156 157 177 178 179 180 181 182 183 184 185 186 187 188 189 190 191 192 90 91 92 93 94 95 96 97 98 99 100 101 102 103 150 151 152 153 154 155 66 67 68 69 70 71 72 73 78 79 80 81 158 159 160 161 162 163 164 165 46 47 48 49 50 51 52 53 166 167 168 169 54 55 56 57 131 132 133 134 135 128 129 130 26 27 28 29 30 31 32 33 34 35 36 37 38 39 120 121 122 123 124 125 126 127 0 1 2 3 4 5 6 7 104 105 106 107 108 109 110 111 87 88 89 82 83 84 85 86 193 194 195 196 197 198 199 170 171 172 173 174 175 176 40 41 42 43 44 45 8 9 58 59 60 61 62 63 64 65 74 75 76 77 143 144 145 146 147 148 149 10 11 12 13 14 15 16 17 18 19 20 21 22 23 24 25 136 137 138 139 140 141 142 
302 302 302 302 302 302 302 302 259 259 954 954 954 954 954 954 954 954 954 954 954 954 954 954 954 954 396 396 396 396 396 396 396 553 553 553 553 553 553 553 582 582 582 582 582 582 598 598 598 598 598 598 598 598 364 364 364 364 818 818 818 818 818 818 818 818 598 598 598 598 598 598 598 598 736 736 736 736 364 364 364 364 661 661 661 661 661 653 653 653 396 396 396 396 396 396 396 553 553 553 553 553 553 553 531 531 531 531 531 531 531 531 302 302 302 302 302 302 302 302 531 531 531 531 531 531 531 531 653 653 653 661 661 661 661 661 653 653 653 653 653 653 653 389 389 389 389 389 389 389 582 582 582 582 582 582 259 259 818 818 818 818 818 818 818 818 736 736 736 736 389 389 389 389 389 389 389 954 954 954 954 954 954 954 954 954 954 954 954 954 954 954 954 653 653 653 653 653 653 653 
0 1 2 3 4 5 6 7 8 9 10 11 12 13 14 15 16 17 18 19 20 21 22 23 24 25 26 27 28 29 30 31 32 33 34 35 36 37 38 39 40 41 42 43 44 45 46 47 48 49 50 51 52 53 54 55 56 57 58 59 60 61 62 63 64 65 46 47 48 49 50 51 52 53 66 67 68 69 54 55 56 57 70 71 72 73 74 75 76 77 26 27 28 29 30 31 32 33 34 35 36 37 38 39 78 79 80 81 82 83 84 85 0 1 2 3 4 5 6 7 78 79 80 81 82 83 84 85 75 76 77 70 71 72 73 74 86 87 88 89 90 91 92 93 94 95 96 97 98 99 40 41 42 43 44 45 8 9 58 59 60 61 62 63 64 65 66 67 68 69 93 94 95 96 97 98 99 10 11 12 13 14 15 16 17 18 19 20 21 22 23 24 25 86 87 88 89 90 91 92 
60867
15
5 3 7 4 8 8 7 6 8 7 8 2 4 7 16 
35 38 59 20 44 22 9 11 17 8 5 6 24 56 7 
54 53 66 30 51 62 40 60 23 39 50 61 64 69 66 
661 653 389 364 531 818 553 582 598 396 302 259 736 653 954 
10 10 10 10 10 10 10 10 11 11 14 14 14 14 14 14 14 14 14 14 14 14 14 14 14 14 9 9 9 9 9 9 9 6 6 6 6 6 6 6 7 7 7 7 7 7 8 8 8 8 8 8 8 8 3 3 3 3 5 5 5 5 5 5 5 5 8 8 8 8 8 8 8 8 12 12 12 12 3 3 3 3 0 0 0 0 0 1 1 1 9 9 9 9 9 9 9 6 6 6 6 6 6 6 4 4 4 4 4 4 4 4 10 10 10 10 10 10 10 10 4 4 4 4 4 4 4 4 1 1 1 0 0 0 0 0 13 13 13 13 13 13 13 2 2 2 2 2 2 2 7 7 7 7 7 7 11 11 5 5 5 5 5 5 5 5 12 12 12 12 2 2 2 2 2 2 2 14 14 14 14 14 14 14 14 14 14 14 14 14 14 14 14 13 13 13 13 13 13 13 