781
100
2
3 3 3 3 3 3 4 4 6 6 6 6 6 6 6 9 9 9 9 9 9 9 9 9 13 13 13 13 13 13 13 13 13 13 13 13 13 13 13 13 13 13 13 13 14 14 14 14 14 14 14 14 14 14 14 14 14 14 14 14 14 16 16 16 16 16 16 16 16 21 21 21 27 27 27 27 27 27 32 32 32 32 32 33 33 33 33 33 33 33 33 33 33 33 33 33 35 35 35 35 35 37 37 37 37 37 37 37 37 37 38 38 38 38 38 38 38 42 42 42 42 42 45 45 45 45 47 47 47 47 47 47 47 47 47 48 48 48 48 48 48 48 48 49 49 49 49 49 49 49 50 50 50 50 50 50 50 50 52 52 52 52 52 52 52 55 55 57 57 57 57 57 57 57 57 57 57 57 57 57 62 62 62 62 62 62 62 62 62 62 62 62 70 70 70 70 70 70 70 70 
186 187 188 189 190 191 165 166 143 144 145 146 147 148 149 101 102 103 104 105 106 107 108 109 54 55 56 57 58 59 60 83 84 85 86 87 88 89 90 91 92 93 94 95 96 97 98 99 100 117 118 119 120 121 24 25 26 27 28 29 30 150 151 152 153 154 155 156 157 197 198 199 180 181 182 183 184 185 192 193 194 195 196 31 32 33 34 35 36 37 38 39 40 41 42 43 44 45 46 47 48 15 16 17 18 19 20 21 22 23 158 159 160 161 162 163 164 49 50 51 52 53 139 140 141 142 167 168 169 170 171 172 173 174 175 176 177 178 179 122 123 124 125 8 9 10 11 12 13 14 61 62 63 64 65 66 67 68 110 111 112 113 114 115 116 6 7 126 127 128 129 130 131 132 133 134 135 136 137 138 72 73 74 75 76 77 0 1 2 3 4 5 78 79 80 81 82 69 70 71 
812 812 812 812 812 812 277 277 584 584 584 584 584 584 584 771 771 771 771 771 771 771 771 771 615 615 615 615 615 615 615 151 151 151 151 151 151 151 151 151 151 151 151 151 494 494 494 494 494 832 832 832 832 832 615 615 615 615 615 615 615 313 313 313 313 313 313 313 313 956 956 956 824 824 824 824 824 824 421 421 421 421 421 151 151 151 151 151 151 151 151 151 151 151 151 151 494 494 494 494 494 771 771 771 771 771 771 771 771 771 483 483 483 483 483 483 483 832 832 832 832 832 603 603 603 603 703 703 703 703 703 703 703 703 703 1000 1000 1000 1000 603 603 603 603 584 584 584 584 584 584 584 313 313 313 313 313 313 313 313 483 483 483 483 483 483 483 277 277 703 703 703 703 703 703 703 703 703 1000 1000 1000 1000 824 824 824 824 824 824 812 812 812 812 812 812 421 421 421 421 421 956 956 956 
0 1 2 3 4 5 6 7 8 9 10 11 12 13 14 15 16 17 18 19 20 21 22 23 24 25 26 27 28 29 30 31 32 33 34 35 36 37 38 39 40 41 42 43 44 45 46 47 48 49 50 51 52 53 24 25 26 27 28 29 30 54 55 56 57 58 59 60 61 62 63 64 65 66 67 68 69 70 71 72 73 74 75 31 32 33 34 35 36 37 38 39 40 41 42 43 44 45 46 47 48 15 16 17 18 19 20 21 22 23 76 77 78 79 80 81 82 49 50 51 52 53 83 84 85 86 87 88 89 90 91 92 93 94 95 96 97 98 99 83 84 85 86 8 9 10 11 12 13 14 54 55 56 57 58 59 60 61 76 77 78 79 80 81 82 6 7 87 88 89 90 91 92 93 94 95 96 97 98 99 65 66 67 68 69 70 0 1 2 3 4 5 71 72 73 74 75 62 63 64 
57892
16
5 5 6 2 9 5 3 8 4 7 9 7 4 6 7 13 
14 32 27 4 47 14 21 16 48 13 9 6 45 3 38 13 
35 70 62 55 57 42 70 50 57 14 37 49 48 62 52 33 
494 421 824 277 703 832 956 313 1000 615 771 584 603 812 483 151 
13 13 13 13 13 13 3 3 11 11 11 11 11 11 11 10 10 10 10 10 10 10 10 10 9 9 9 9 9 9 9 15 15 15 15 15 15 15 15 15 15 15 15 15 0 0 0 0 0 5 5 5 5 5 9 9 9 9 9 9 9 7 7 7 7 7 7 7 7 6 6 6 2 2 2 2 2 2 1 1 1 1 1 15 15 15 15 15 15 15 15 15 15 15 15 15 0 0 0 0 0 10 10 10 10 10 10 10 10 10 14 14 14 14 14 14 14 5 5 5 5 5 12 12 12 12 4 4 4 4 4 4 4 4 4 8 8 8 8 12 12 12 12 11 11 11 11 11 11 11 7 7 7 7 7 7 7 7 14 14 14 14 14 14 14 3 3 4 4 4 4 4 4 4 4 4 8 8 8 8 2 2 2 2 2 2 13 13 13 13 13 13 1 1 1 1 1 6 6 6 