462
100
2
6 6 6 7 7 7 8 8 10 10 10 10 10 10 11 11 11 11 11 11 13 13 13 13 13 13 13 14 14 14 16 16 16 22 22 22 22 22 22 22 22 22 22 22 22 22 22 22 22 22 23 23 23 23 26 26 26 26 26 26 27 27 27 27 27 27 27 27 30 30 30 30 31 31 31 31 31 32 32 32 32 32 33 33 33 33 33 33 33 35 35 35 35 35 36 36 36 36 36 37 37 37 39 39 39 39 41 41 43 43 43 43 43 43 44 44 44 44 45 45 45 45 46 46 46 46 46 46 46 46 46 46 46 46 46 46 47 47 48 48 48 48 50 50 50 50 50 50 50 52 54 54 55 55 55 55 55 55 55 55 55 55 55 55 56 57 57 57 57 57 57 57 57 57 57 57 57 57 57 57 57 57 59 59 59 59 60 60 60 60 60 60 60 60 60 60 60 62 62 62 
99 100 101 69 70 71 184 185 20 21 22 23 24 68 108 109 110 111 112 113 8 9 10 11 12 75 76 30 31 32 27 28 29 165 166 167 168 169 170 171 172 173 174 175 176 177 178 179 180 181 132 133 134 135 126 127 128 129 130 131 118 119 120 121 102 103 104 105 13 3 4 5 197 198 199 25 26 89 90 91 92 93 195 196 94 95 96 97 98 77 78 79 80 81 84 85 86 87 88 0 1 2 64 65 66 67 182 183 14 15 16 17 18 19 122 123 124 125 60 61 62 63 114 115 116 117 54 55 56 57 58 59 50 51 52 53 150 151 191 192 193 194 157 158 159 160 161 162 163 164 136 137 186 187 188 189 190 142 143 144 145 146 147 148 149 33 34 35 36 37 38 39 40 41 42 43 44 45 46 47 48 49 106 107 6 7 152 153 154 155 156 138 139 140 141 82 83 72 73 74 
864 864 864 729 729 729 976 976 609 609 609 609 609 467 918 918 918 918 918 918 609 609 609 609 609 391 391 868 868 868 868 868 868 407 407 407 407 407 407 407 407 407 407 407 407 407 407 407 407 407 794 794 794 794 818 818 818 818 818 818 862 862 862 862 464 464 464 464 467 729 729 729 222 222 222 391 391 268 268 268 268 268 771 771 290 290 290 290 290 268 268 268 268 268 290 290 290 290 290 864 864 864 464 464 464 464 824 824 918 918 918 918 918 918 801 801 801 801 862 862 862 862 801 801 801 801 818 818 818 818 818 818 794 794 794 794 346 346 250 250 250 250 264 264 264 264 264 264 264 830 346 346 559 559 559 559 559 264 264 264 264 264 264 264 830 407 407 407 407 407 407 407 407 407 407 407 407 407 407 407 407 407 824 824 976 976 559 559 559 559 559 250 250 250 250 771 771 222 222 222 
0 1 2 3 4 5 6 7 8 9 10 11 12 13 14 15 16 17 18 19 8 9 10 11 12 20 21 22 23 24 22 23 24 25 26 27 28 29 30 31 32 33 34 35 36 37 38 39 40 41 42 43 44 45 46 47 48 49 50 51 52 53 54 55 56 57 58 59 13 3 4 5 60 61 62 20 21 63 64 65 66 67 68 69 70 71 72 73 74 63 64 65 66 67 70 71 72 73 74 0 1 2 56 57 58 59 75 76 14 15 16 17 18 19 77 78 79 80 52 53 54 55 77 78 79 80 46 47 48 49 50 51 42 43 44 45 81 82 83 84 85 86 87 88 89 90 91 92 93 94 81 82 95 96 97 98 99 87 88 89 90 91 92 93 94 25 26 27 28 29 30 31 32 33 34 35 36 37 38 39 40 41 75 76 6 7 95 96 97 98 99 83 84 85 86 68 69 60 61 62 
56459
24
6 4 3 5 5 2 5 1 2 1 4 2 3 4 7 3 4 6 2 4 2 3 5 17 
11 27 31 32 10 41 55 52 47 10 48 8 6 44 50 14 27 26 13 23 33 7 33 22 
43 45 62 35 13 59 60 56 54 30 60 59 37 46 55 16 39 46 31 46 60 30 36 57 
918 862 222 268 609 824 559 830 346 467 250 976 864 801 264 868 464 818 391 794 771 729 290 407 
12 12 12 21 21 21 11 11 4 4 4 4 4 9 0 0 0 0 0 0 4 4 4 4 4 18 18 15 15 15 15 15 15 23 23 23 23 23 23 23 23 23 23 23 23 23 23 23 23 23 19 19 19 19 17 17 17 17 17 17 1 1 1 1 16 16 16 16 9 21 21 21 2 2 2 18 18 3 3 3 3 3 20 20 22 22 22 22 22 3 3 3 3 3 22 22 22 22 22 12 12 12 16 16 16 16 5 5 0 0 0 0 0 0 13 13 13 13 1 1 1 1 13 13 13 13 17 17 17 17 17 17 19 19 19 19 8 8 10 10 10 10 14 14 14 14 14 14 14 7 8 8 6 6 6 6 6 14 14 14 14 14 14 14 7 23 23 23 23 23 23 23 23 23 23 23 23 23 23 23 23 23 5 5 11 11 6 6 6 6 6 10 10 10 10 20 20 2 2 2 