735
100
2
3 3 3 3 3 3 3 3 3 3 3 3 4 4 4 4 4 4 6 6 6 6 6 6 6 6 6 6 6 6 6 6 6 6 6 6 6 6 6 8 8 8 8 8 8 8 8 8 8 8 8 14 14 14 14 14 14 15 15 15 15 15 15 15 15 15 15 15 15 15 15 15 15 15 15 22 22 22 22 22 22 22 22 22 29 29 29 29 29 29 29 29 29 29 29 29 32 32 32 36 36 36 36 36 36 36 36 36 36 38 38 38 38 38 38 38 38 38 51 51 51 51 51 51 51 54 54 54 54 54 54 54 59 59 60 60 60 60 60 60 60 60 60 60 60 60 61 61 62 62 62 62 62 62 62 62 62 62 65 65 65 65 65 65 65 65 65 65 65 65 65 65 65 66 66 66 66 66 66 66 66 66 66 66 66 68 68 68 70 70 70 70 70 70 70 70 70 70 70 70 
1 0 3 2 5 4 7 6 9 8 11 10 51 52 53 54 55 56 69 70 71 72 73 74 158 159 160 161 162 163 164 165 166 167 168 169 170 171 172 188 189 190 191 192 193 194 195 196 197 198 199 12 13 14 15 16 17 84 85 86 87 88 89 90 91 92 93 94 95 18 19 20 21 22 23 109 110 111 112 113 114 115 116 117 57 58 59 60 61 62 63 64 65 66 67 68 185 186 187 148 149 150 151 152 153 154 155 156 157 75 76 77 78 79 80 81 82 83 125 126 127 128 129 130 131 118 119 120 121 122 123 124 146 147 173 174 175 176 177 178 179 180 181 182 183 184 132 133 99 100 101 102 103 104 105 106 107 108 24 25 26 27 28 29 30 31 32 33 34 35 36 37 38 134 135 136 137 138 139 140 141 142 143 144 145 96 97 98 39 40 41 42 43 44 45 46 47 48 49 50 
982 982 982 982 982 982 982 982 982 982 982 982 902 902 902 902 902 902 675 675 675 675 675 675 331 331 331 331 331 331 331 331 331 331 331 331 331 331 331 211 211 211 211 211 211 211 211 211 211 211 211 902 902 902 902 902 902 458 458 458 458 458 458 458 458 458 458 458 458 675 675 675 675 675 675 485 485 485 485 485 485 485 485 485 458 458 458 458 458 458 458 458 458 458 458 458 920 920 920 176 176 176 176 176 176 176 176 176 176 485 485 485 485 485 485 485 485 485 202 202 202 202 202 202 202 202 202 202 202 202 202 202 581 581 592 592 592 592 592 592 592 592 592 592 592 592 581 581 176 176 176 176 176 176 176 176 176 176 331 331 331 331 331 331 331 331 331 331 331 331 331 331 331 592 592 592 592 592 592 592 592 592 592 592 592 920 920 920 211 211 211 211 211 211 211 211 211 211 211 211 
0 0 1 1 2 2 3 3 4 4 5 5 6 7 8 9 10 11 12 13 14 15 16 17 18 19 20 21 22 23 24 25 26 27 28 29 30 31 32 33 34 35 36 37 38 39 40 41 42 43 44 6 7 8 9 10 11 45 46 47 48 49 50 51 52 53 54 55 56 12 13 14 15 16 17 57 58 59 60 61 62 63 64 65 45 46 47 48 49 50 51 52 53 54 55 56 66 67 68 69 70 71 72 73 74 75 76 77 78 57 58 59 60 61 62 63 64 65 79 80 81 82 83 84 85 79 80 81 82 83 84 85 86 87 88 89 90 91 92 93 94 95 96 97 98 99 86 87 69 70 71 72 73 74 75 76 77 78 18 19 20 21 22 23 24 25 26 27 28 29 30 31 32 88 89 90 91 92 93 94 95 96 97 98 99 66 67 68 33 34 35 36 37 38 39 40 41 42 43 44 
46912
12
6 6 12 9 7 3 6 10 2 12 12 15 
4 3 15 22 51 32 6 36 59 8 60 6 
14 3 29 38 54 68 15 62 61 70 66 65 
902 982 458 485 202 920 675 176 581 211 592 331 
1 1 1 1 1 1 1 1 1 1 1 1 0 0 0 0 0 0 6 6 6 6 6 6 11 11 11 11 11 11 11 11 11 11 11 11 11 11 11 9 9 9 9 9 9 9 9 9 9 9 9 0 0 0 0 0 0 2 2 2 2 2 2 2 2 2 2 2 2 6 6 6 6 6 6 3 3 3 3 3 3 3 3 3 2 2 2 2 2 2 2 2 2 2 2 2 5 5 5 7 7 7 7 7 7 7 7 7 7 3 3 3 3 3 3 3 3 3 4 4 4 4 4 4 4 4 4 4 4 4 4 4 8 8 10 10 10 10 10 10 10 10 10 10 10 10 8 8 7 7 7 7 7 7 7 7 7 7 11 11 11 11 11 11 11 11 11 11 11 11 11 11 11 10 10 10 10 10 10 10 10 10 10 10 10 5 5 5 9 9 9 9 9 9 9 9 9 9 9 9 