151
100
2
1 1 1 2 2 2 2 2 2 2 2 2 7 7 7 9 9 9 9 9 9 9 9 9 9 9 9 9 9 9 9 9 10 10 10 10 10 10 10 10 10 16 16 16 16 16 16 16 16 16 16 22 22 22 22 28 28 28 28 29 29 29 29 29 30 30 30 30 30 32 32 34 34 34 34 34 34 34 34 34 39 39 39 39 39 39 39 39 39 39 39 39 39 39 39 39 39 40 40 42 42 42 42 42 42 45 45 45 45 45 45 45 46 46 46 46 46 46 46 46 50 50 50 50 50 51 51 51 51 51 51 52 52 52 52 52 52 52 52 52 57 57 57 57 57 57 57 57 57 60 60 60 60 60 60 60 60 60 60 61 61 61 61 61 61 61 61 62 62 62 62 62 62 62 62 62 62 62 62 62 65 65 65 65 65 65 66 66 66 66 66 68 68 68 68 68 68 68 68 68 
12 13 14 105 106 107 108 109 110 111 69 70 0 1 2 80 81 82 83 84 85 86 87 88 89 90 91 92 93 94 95 96 120 121 122 123 124 51 52 53 54 99 100 101 102 103 104 55 56 57 58 37 38 39 40 47 48 49 50 64 65 66 67 68 59 60 61 62 63 10 11 191 192 193 194 195 196 197 198 199 15 16 17 18 19 20 21 22 23 24 25 26 27 28 29 30 31 157 158 41 42 43 44 45 46 3 4 5 6 7 8 9 172 173 174 175 176 177 178 179 32 33 34 35 36 180 181 182 183 184 185 140 141 142 143 144 145 146 147 148 131 132 133 134 135 136 137 138 139 159 160 161 162 163 164 165 166 97 98 149 150 151 152 153 154 155 156 186 187 188 189 190 112 113 114 115 116 117 118 119 125 126 127 128 129 130 167 168 169 170 171 71 72 73 74 75 76 77 78 79 
889 889 889 879 879 879 879 879 879 879 401 401 889 889 889 301 301 301 301 301 301 301 301 301 301 301 301 301 301 301 301 301 630 630 630 630 630 205 205 205 205 806 806 806 806 806 806 653 653 653 653 205 205 205 205 653 653 653 653 655 655 655 655 655 655 655 655 655 655 401 401 820 820 820 820 820 820 820 820 820 301 301 301 301 301 301 301 301 301 301 301 301 301 301 301 301 301 754 754 806 806 806 806 806 806 879 879 879 879 879 879 879 318 318 318 318 318 318 318 318 630 630 630 630 630 515 515 515 515 515 515 181 181 181 181 181 181 181 181 181 181 181 181 181 181 181 181 181 181 421 421 421 421 421 421 421 421 754 754 421 421 421 421 421 421 421 421 276 276 276 276 276 318 318 318 318 318 318 318 318 515 515 515 515 515 515 276 276 276 276 276 820 820 820 820 820 820 820 820 820 
0 1 2 3 4 5 6 7 8 9 10 11 0 1 2 12 13 14 15 16 17 18 19 20 21 22 23 24 25 26 27 28 29 30 31 32 33 34 35 36 37 38 39 40 41 42 43 44 45 46 47 34 35 36 37 44 45 46 47 48 49 50 51 52 48 49 50 51 52 10 11 53 54 55 56 57 58 59 60 61 12 13 14 15 16 17 18 19 20 21 22 23 24 25 26 27 28 62 63 38 39 40 41 42 43 3 4 5 6 7 8 9 64 65 66 67 68 69 70 71 29 30 31 32 33 72 73 74 75 76 77 78 79 80 81 82 83 84 85 86 78 79 80 81 82 83 84 85 86 87 88 89 90 91 92 93 94 62 63 87 88 89 90 91 92 93 94 95 96 97 98 99 64 65 66 67 68 69 70 71 72 73 74 75 76 77 95 96 97 98 99 53 54 55 56 57 58 59 60 61 
50331
16
7 9 9 8 5 6 5 4 6 5 2 2 3 8 4 17 
2 34 52 60 62 51 10 10 16 29 2 40 1 46 16 9 
45 68 57 61 66 65 50 22 42 30 32 60 7 62 28 39 
879 820 181 421 276 515 630 205 806 655 401 754 889 318 653 301 
12 12 12 0 0 0 0 0 0 0 10 10 12 12 12 15 15 15 15 15 15 15 15 15 15 15 15 15 15 15 15 15 6 6 6 6 6 7 7 7 7 8 8 8 8 8 8 14 14 14 14 7 7 7 7 14 14 14 14 9 9 9 9 9 9 9 9 9 9 10 10 1 1 1 1 1 1 1 1 1 15 15 15 15 15 15 15 15 15 15 15 15 15 15 15 15 15 11 11 8 8 8 8 8 8 0 0 0 0 0 0 0 13 13 13 13 13 13 13 13 6 6 6 6 6 5 5 5 5 5 5 2 2 2 2 2 2 2 2 2 2 2 2 2 2 2 2 2 2 3 3 3 3 3 3 3 3 11 11 3 3 3 3 3 3 3 3 4 4 4 4 4 13 13 13 13 13 13 13 13 5 5 5 5 5 5 4 4 4 4 4 1 1 1 1 1 1 1 1 1 