457
100
2
2 2 2 2 2 2 2 2 2 2 2 2 2 2 2 3 3 3 3 3 5 6 6 6 6 6 7 7 7 7 7 7 7 7 7 7 8 10 10 10 10 11 11 11 11 11 12 12 15 15 15 15 16 16 16 18 18 18 18 18 18 18 18 18 18 18 18 18 18 18 18 18 18 18 18 18 19 19 19 19 20 20 22 22 22 22 22 22 22 22 22 22 22 22 22 22 22 22 22 22 22 22 26 26 26 26 26 27 27 27 27 27 27 27 34 34 34 36 36 36 36 36 37 37 37 37 37 37 38 40 40 40 40 40 41 41 41 41 41 42 42 48 48 48 48 48 48 48 48 48 48 50 50 50 50 52 52 52 52 52 52 55 55 55 55 55 55 55 56 56 58 58 58 58 59 60 60 60 62 62 64 64 64 66 66 66 66 66 66 66 66 66 70 70 70 70 70 70 70 70 
192 193 194 195 187 188 189 190 191 140 21 22 23 24 25 123 124 125 126 127 155 10 11 12 13 14 183 184 185 186 151 152 153 154 176 177 175 76 77 78 79 180 170 171 172 173 80 81 196 197 198 199 114 115 116 128 82 83 84 85 86 87 88 89 90 91 92 93 94 95 96 97 98 99 100 101 37 38 39 40 46 47 56 57 58 59 60 61 62 63 64 65 66 67 68 69 70 71 72 73 74 75 141 142 143 144 145 130 131 163 164 165 166 167 52 53 54 134 135 136 137 138 139 15 16 17 18 19 55 178 107 108 181 182 117 118 119 120 121 122 9 102 103 104 105 106 156 157 158 159 160 30 31 32 33 20 146 147 148 149 150 168 169 109 110 111 112 113 161 162 42 43 44 45 179 36 34 35 129 174 41 132 133 26 27 28 29 4 5 6 7 8 0 1 2 3 48 49 50 51 
211 211 211 211 642 642 642 642 642 661 801 801 801 801 801 364 364 364 364 364 915 801 801 801 801 801 435 435 435 435 865 865 865 865 531 531 242 903 903 903 903 910 998 998 998 998 648 648 881 881 881 881 473 473 473 182 208 208 208 208 208 208 208 208 208 208 208 208 208 208 208 208 208 208 208 208 903 903 903 903 648 648 208 208 208 208 208 208 208 208 208 208 208 208 208 208 208 208 208 208 208 208 298 298 298 298 298 918 918 418 418 418 418 418 473 473 473 477 477 477 477 477 376 364 364 364 364 364 182 446 918 918 275 275 477 477 477 477 477 376 661 298 298 298 298 298 252 252 252 252 252 865 865 865 865 915 252 252 252 252 252 586 586 418 418 418 418 418 586 586 998 998 998 998 857 242 531 531 446 857 910 275 275 435 435 435 435 642 642 642 642 642 211 211 211 211 881 881 881 881 
0 1 2 3 4 5 6 7 8 9 10 11 12 13 14 15 16 17 18 19 20 10 11 12 13 14 21 22 23 24 25 26 27 28 29 30 31 32 33 34 35 36 37 38 39 40 41 42 43 44 45 46 47 48 49 50 51 52 53 54 55 56 57 58 59 60 61 62 63 64 65 66 67 68 69 70 32 33 34 35 41 42 51 52 53 54 55 56 57 58 59 60 61 62 63 64 65 66 67 68 69 70 71 72 73 74 75 76 77 78 79 80 81 82 47 48 49 83 84 85 86 87 88 15 16 17 18 19 50 89 76 77 90 91 83 84 85 86 87 88 9 71 72 73 74 75 92 93 94 95 96 25 26 27 28 20 92 93 94 95 96 97 98 78 79 80 81 82 97 98 37 38 39 40 99 31 29 30 89 99 36 90 91 21 22 23 24 4 5 6 7 8 0 1 2 3 43 44 45 46 
49516
28
1 5 4 1 1 4 1 4 2 1 3 5 5 1 2 2 5 4 4 5 5 1 4 2 2 1 5 20 
11 36 7 5 37 7 40 2 27 18 16 3 2 8 55 40 26 11 10 27 48 59 15 12 7 2 2 18 
64 41 66 52 42 50 62 70 40 38 34 37 66 60 56 64 48 58 19 55 52 62 70 20 60 42 6 22 
910 477 435 915 376 865 446 211 918 182 473 364 642 242 586 275 298 998 903 418 252 857 881 648 531 661 801 208 
7 7 7 7 12 12 12 12 12 25 26 26 26 26 26 11 11 11 11 11 3 26 26 26 26 26 2 2 2 2 5 5 5 5 24 24 13 18 18 18 18 0 17 17 17 17 23 23 22 22 22 22 10 10 10 9 27 27 27 27 27 27 27 27 27 27 27 27 27 27 27 27 27 27 27 27 18 18 18 18 23 23 27 27 27 27 27 27 27 27 27 27 27 27 27 27 27 27 27 27 27 27 16 16 16 16 16 8 8 19 19 19 19 19 10 10 10 1 1 1 1 1 4 11 11 11 11 11 9 6 8 8 15 15 1 1 1 1 1 4 25 16 16 16 16 16 20 20 20 20 20 5 5 5 5 3 20 20 20 20 20 14 14 19 19 19 19 19 14 14 17 17 17 17 21 13 24 24 6 21 0 15 15 2 2 2 2 12 12 12 12 12 7 7 7 7 22 22 22 22 