452
100
2
5 5 5 5 5 8 8 8 8 8 8 8 8 8 11 11 11 11 11 11 11 11 11 11 11 11 11 11 11 11 11 11 11 11 11 11 13 13 13 13 13 13 13 13 13 13 13 13 13 13 13 13 13 13 13 13 13 14 14 14 14 19 19 19 19 19 19 19 19 19 19 19 19 24 24 24 24 24 24 24 24 24 24 24 25 25 25 25 25 25 25 25 25 25 25 25 25 25 25 25 28 28 28 28 28 28 28 28 28 28 28 29 29 29 29 29 29 29 29 29 29 32 32 32 32 32 38 38 38 38 42 42 42 42 42 42 42 42 42 42 42 42 47 47 47 47 47 47 47 47 47 47 47 52 52 52 52 52 52 52 52 52 52 52 52 52 55 55 55 55 60 60 60 60 60 60 60 60 60 60 60 60 60 60 60 60 60 60 60 67 67 67 67 67 67 67 67 67 67 67 
121 122 123 124 125 166 167 168 169 42 43 44 45 46 170 171 172 36 37 38 39 40 41 153 154 155 156 157 158 159 160 161 162 163 164 165 17 18 19 20 21 22 9 10 11 12 13 111 112 113 114 115 116 117 118 119 120 126 127 128 129 130 131 132 133 134 135 136 137 138 139 140 141 142 143 144 145 146 147 148 149 150 151 152 173 174 175 176 177 178 179 180 181 182 183 184 185 186 187 188 189 190 191 192 193 194 195 196 197 198 199 47 48 49 50 51 52 53 54 55 56 0 1 2 3 4 57 58 59 60 61 62 63 64 65 66 67 68 69 70 71 72 73 74 75 76 77 78 79 80 81 82 83 23 24 25 26 27 28 29 30 31 32 33 34 35 5 6 7 8 14 15 16 84 85 86 87 88 89 90 91 92 93 94 95 96 97 98 99 100 101 102 103 104 105 106 107 108 109 110 
892 892 892 892 892 369 369 369 369 984 984 984 984 984 904 904 904 217 217 217 217 217 217 920 920 920 920 920 920 920 920 920 920 920 920 920 217 217 217 217 217 217 984 984 984 984 984 175 175 175 175 175 175 175 175 175 175 986 986 986 986 446 446 446 446 446 446 446 446 446 446 446 446 852 852 852 852 852 852 852 852 852 852 852 906 906 906 906 906 906 906 906 906 906 906 906 906 906 906 906 912 912 912 912 912 912 912 912 912 912 912 175 175 175 175 175 175 175 175 175 175 892 892 892 892 892 986 986 986 986 446 446 446 446 446 446 446 446 446 446 446 446 852 852 852 852 852 852 852 852 852 852 852 920 920 920 920 920 920 920 920 920 920 920 920 920 369 369 369 369 904 904 904 906 906 906 906 906 906 906 906 906 906 906 906 906 906 906 906 912 912 912 912 912 912 912 912 912 912 912 
0 1 2 3 4 5 6 7 8 9 10 11 12 13 14 15 16 17 18 19 20 21 22 23 24 25 26 27 28 29 30 31 32 33 34 35 17 18 19 20 21 22 9 10 11 12 13 36 37 38 39 40 41 42 43 44 45 46 47 48 49 50 51 52 53 54 55 56 57 58 59 60 61 62 63 64 65 66 67 68 69 70 71 72 73 74 75 76 77 78 79 80 81 82 83 84 85 86 87 88 89 90 91 92 93 94 95 96 97 98 99 36 37 38 39 40 41 42 43 44 45 0 1 2 3 4 46 47 48 49 50 51 52 53 54 55 56 57 58 59 60 61 62 63 64 65 66 67 68 69 70 71 72 23 24 25 26 27 28 29 30 31 32 33 34 35 5 6 7 8 14 15 16 73 74 75 76 77 78 79 80 81 82 83 84 85 86 87 88 89 90 91 92 93 94 95 96 97 98 99 
71776
12
11 4 3 12 11 6 13 4 5 5 10 16 
28 8 11 19 24 11 11 14 8 5 13 25 
67 55 60 42 47 13 52 38 13 32 29 60 
912 369 904 446 852 217 920 986 984 892 175 906 
9 9 9 9 9 1 1 1 1 8 8 8 8 8 2 2 2 5 5 5 5 5 5 6 6 6 6 6 6 6 6 6 6 6 6 6 5 5 5 5 5 5 8 8 8 8 8 10 10 10 10 10 10 10 10 10 10 7 7 7 7 3 3 3 3 3 3 3 3 3 3 3 3 4 4 4 4 4 4 4 4 4 4 4 11 11 11 11 11 11 11 11 11 11 11 11 11 11 11 11 0 0 0 0 0 0 0 0 0 0 0 10 10 10 10 10 10 10 10 10 10 9 9 9 9 9 7 7 7 7 3 3 3 3 3 3 3 3 3 3 3 3 4 4 4 4 4 4 4 4 4 4 4 6 6 6 6 6 6 6 6 6 6 6 6 6 1 1 1 1 2 2 2 11 11 11 11 11 11 11 11 11 11 11 11 11 11 11 11 0 0 0 0 0 0 0 0 0 0 0 