1000
100
2
10 10 10 10 10 10 10 11 11 11 11 11 11 11 14 14 14 14 14 14 15 15 15 20 20 20 20 20 20 20 21 21 21 23 23 23 23 23 23 23 23 23 23 24 24 24 24 24 24 24 24 24 27 27 27 27 27 27 27 27 27 27 28 28 28 28 31 31 31 31 31 31 31 31 31 31 31 31 31 31 37 37 37 37 37 37 37 37 37 37 37 37 37 37 39 39 39 39 39 39 39 39 39 39 39 39 39 39 39 39 39 39 39 40 40 40 40 40 42 42 42 45 45 45 45 45 47 47 47 49 49 50 50 50 50 50 50 50 50 50 50 52 52 52 52 56 56 56 56 56 56 56 56 56 60 60 60 60 60 60 60 62 62 62 62 62 62 62 62 62 62 62 65 65 65 65 65 65 65 67 67 67 67 67 67 67 68 68 68 68 68 68 68 68 68 69 69 69 69 69 
154 155 156 157 158 159 160 73 74 75 76 77 78 79 20 21 22 115 116 117 14 15 16 55 56 57 58 59 60 61 80 81 82 131 132 133 134 135 136 137 138 139 140 186 187 188 189 190 191 192 193 194 126 127 128 23 24 25 26 27 28 29 141 142 143 144 179 180 181 182 183 184 185 7 8 9 10 11 12 13 30 31 32 161 162 163 164 165 166 167 168 169 170 171 145 146 147 148 149 150 151 152 153 118 119 120 172 173 174 175 176 177 178 129 130 17 18 19 103 104 105 195 196 197 198 199 52 53 54 113 114 33 34 35 36 37 38 39 40 41 42 62 63 64 65 94 95 96 97 98 99 100 101 102 0 1 2 3 4 5 6 83 84 85 86 87 88 89 90 91 92 93 106 107 108 109 110 111 112 66 67 68 69 70 71 72 43 44 45 46 47 48 49 50 51 121 122 123 124 125 
341 341 341 341 341 341 341 809 809 809 809 809 809 809 517 517 517 796 796 796 517 517 517 596 596 596 596 596 596 596 234 234 234 575 575 575 575 575 575 575 575 575 575 597 597 597 597 597 597 597 597 597 599 599 599 596 596 596 596 596 596 596 890 890 890 890 697 697 697 697 697 697 697 809 809 809 809 809 809 809 234 234 234 856 856 856 856 856 856 856 856 856 856 856 218 218 218 218 218 218 218 218 218 888 888 888 318 318 318 318 318 318 318 476 476 796 796 796 888 888 888 505 505 505 505 505 599 599 599 476 476 575 575 575 575 575 575 575 575 575 575 890 890 890 890 218 218 218 218 218 218 218 218 218 341 341 341 341 341 341 341 856 856 856 856 856 856 856 856 856 856 856 318 318 318 318 318 318 318 697 697 697 697 697 697 697 597 597 597 597 597 597 597 597 597 505 505 505 505 505 
0 1 2 3 4 5 6 7 8 9 10 11 12 13 14 15 16 17 18 19 14 15 16 20 21 22 23 24 25 26 27 28 29 30 31 32 33 34 35 36 37 38 39 40 41 42 43 44 45 46 47 48 49 50 51 20 21 22 23 24 25 26 52 53 54 55 56 57 58 59 60 61 62 7 8 9 10 11 12 13 27 28 29 63 64 65 66 67 68 69 70 71 72 73 74 75 76 77 78 79 80 81 82 83 84 85 86 87 88 89 90 91 92 93 94 17 18 19 83 84 85 95 96 97 98 99 49 50 51 93 94 30 31 32 33 34 35 36 37 38 39 52 53 54 55 74 75 76 77 78 79 80 81 82 0 1 2 3 4 5 6 63 64 65 66 67 68 69 70 71 72 73 86 87 88 89 90 91 92 56 57 58 59 60 61 62 40 41 42 43 44 45 46 47 48 95 96 97 98 99 
57967
17
3 9 5 2 3 3 7 3 4 7 3 7 10 9 7 7 11 
27 39 45 40 14 39 31 14 28 10 21 20 23 24 11 39 37 
47 56 69 49 15 42 67 40 52 60 37 27 50 68 31 65 62 
599 218 505 476 517 888 697 796 890 341 234 596 575 597 809 318 856 
9 9 9 9 9 9 9 14 14 14 14 14 14 14 4 4 4 7 7 7 4 4 4 11 11 11 11 11 11 11 10 10 10 12 12 12 12 12 12 12 12 12 12 13 13 13 13 13 13 13 13 13 0 0 0 11 11 11 11 11 11 11 8 8 8 8 6 6 6 6 6 6 6 14 14 14 14 14 14 14 10 10 10 16 16 16 16 16 16 16 16 16 16 16 1 1 1 1 1 1 1 1 1 5 5 5 15 15 15 15 15 15 15 3 3 7 7 7 5 5 5 2 2 2 2 2 0 0 0 3 3 12 12 12 12 12 12 12 12 12 12 8 8 8 8 1 1 1 1 1 1 1 1 1 9 9 9 9 9 9 9 16 16 16 16 16 16 16 16 16 16 16 15 15 15 15 15 15 15 6 6 6 6 6 6 6 13 13 13 13 13 13 13 13 13 2 2 2 2 2 