389
100
2
2 2 2 2 4 4 4 4 4 4 4 4 4 4 4 4 4 4 4 4 4 4 4 4 4 4 4 5 5 5 5 5 5 5 5 5 6 6 6 6 6 6 6 6 11 11 11 11 13 13 13 13 13 13 13 13 13 13 13 13 13 13 13 13 13 15 15 15 15 15 15 15 15 15 15 20 20 20 23 23 23 23 23 23 23 25 25 25 25 25 25 25 29 29 29 32 32 32 32 32 33 33 33 33 33 33 33 39 39 39 43 43 43 43 43 43 43 43 43 43 43 43 44 44 44 44 44 44 44 44 44 47 47 47 47 47 47 47 47 47 47 47 47 47 47 47 48 48 48 48 49 49 49 49 49 49 49 49 49 50 50 50 50 50 50 50 51 51 51 51 51 51 51 52 52 52 52 54 54 55 55 55 55 61 61 63 63 63 66 66 66 66 69 69 69 69 69 69 69 69 
146 147 148 149 57 58 59 60 61 62 63 64 131 132 133 134 135 136 137 138 139 140 141 142 143 144 145 150 151 152 153 154 155 156 157 158 192 193 194 195 196 197 198 199 188 189 190 191 122 123 124 125 126 127 128 129 130 4 5 6 7 8 9 10 11 117 118 119 120 121 95 96 97 98 99 107 108 109 100 101 102 103 104 105 106 159 160 161 162 163 164 165 185 186 187 70 71 72 73 74 78 79 80 81 82 83 84 75 76 77 166 167 168 169 170 171 172 65 66 67 68 69 48 49 50 51 52 53 54 55 56 12 13 14 15 16 17 18 19 20 21 22 23 24 25 26 0 1 2 3 27 28 29 30 31 32 33 34 35 85 86 87 88 89 90 91 110 111 112 113 114 115 116 179 180 181 182 183 184 173 174 175 176 177 178 92 93 94 44 45 46 47 36 37 38 39 40 41 42 43 
284 284 284 284 615 615 615 615 615 615 615 615 678 678 678 678 678 678 678 678 678 678 678 678 678 678 678 850 850 850 850 850 850 850 850 850 677 677 677 677 677 677 677 677 845 845 845 845 297 297 297 297 297 297 297 297 297 615 615 615 615 615 615 615 615 818 818 818 818 818 771 771 771 771 771 811 811 811 728 728 728 728 728 728 728 935 935 935 935 935 935 935 440 440 440 771 771 771 771 771 728 728 728 728 728 728 728 811 811 811 519 519 519 519 519 519 519 818 818 818 818 818 297 297 297 297 297 297 297 297 297 678 678 678 678 678 678 678 678 678 678 678 678 678 678 678 284 284 284 284 850 850 850 850 850 850 850 850 850 935 935 935 935 935 935 935 519 519 519 519 519 519 519 673 673 673 673 873 873 673 673 673 673 873 873 440 440 440 845 845 845 845 677 677 677 677 677 677 677 677 
0 1 2 3 4 5 6 7 8 9 10 11 12 13 14 15 16 17 18 19 20 21 22 23 24 25 26 27 28 29 30 31 32 33 34 35 36 37 38 39 40 41 42 43 44 45 46 47 48 49 50 51 52 53 54 55 56 4 5 6 7 8 9 10 11 57 58 59 60 61 62 63 64 65 66 67 68 69 70 71 72 73 74 75 76 77 78 79 80 81 82 83 84 85 86 62 63 64 65 66 70 71 72 73 74 75 76 67 68 69 87 88 89 90 91 92 93 57 58 59 60 61 48 49 50 51 52 53 54 55 56 12 13 14 15 16 17 18 19 20 21 22 23 24 25 26 0 1 2 3 27 28 29 30 31 32 33 34 35 77 78 79 80 81 82 83 87 88 89 90 91 92 93 94 95 96 97 98 99 94 95 96 97 98 99 84 85 86 44 45 46 47 36 37 38 39 40 41 42 43 
66755
16
8 7 7 7 9 3 3 4 9 5 4 8 5 2 4 15 
6 25 43 23 13 29 20 2 5 15 52 4 15 54 11 4 
69 50 51 33 44 63 39 48 49 43 55 13 32 61 66 47 
677 935 519 728 297 440 811 284 850 818 673 615 771 873 845 678 
7 7 7 7 11 11 11 11 11 11 11 11 15 15 15 15 15 15 15 15 15 15 15 15 15 15 15 8 8 8 8 8 8 8 8 8 0 0 0 0 0 0 0 0 14 14 14 14 4 4 4 4 4 4 4 4 4 11 11 11 11 11 11 11 11 9 9 9 9 9 12 12 12 12 12 6 6 6 3 3 3 3 3 3 3 1 1 1 1 1 1 1 5 5 5 12 12 12 12 12 3 3 3 3 3 3 3 6 6 6 2 2 2 2 2 2 2 9 9 9 9 9 4 4 4 4 4 4 4 4 4 15 15 15 15 15 15 15 15 15 15 15 15 15 15 15 7 7 7 7 8 8 8 8 8 8 8 8 8 1 1 1 1 1 1 1 2 2 2 2 2 2 2 10 10 10 10 13 13 10 10 10 10 13 13 5 5 5 14 14 14 14 0 0 0 0 0 0 0 0 