266
100
2
5 5 5 5 5 5 5 5 5 5 6 6 6 6 6 6 6 8 8 8 8 8 8 8 8 10 10 11 11 11 11 11 11 11 11 11 11 11 11 11 12 12 12 12 12 12 15 15 15 15 15 15 18 18 18 18 22 22 22 22 26 26 26 26 26 26 26 27 27 27 27 28 28 28 28 28 28 28 28 28 28 28 28 28 28 28 28 28 28 28 28 28 29 29 29 29 36 36 36 36 36 36 36 36 36 36 36 36 36 37 37 37 37 37 37 37 37 45 45 45 45 45 45 45 45 45 48 48 48 48 48 48 48 48 48 48 48 48 48 48 48 48 48 48 48 52 52 52 52 52 52 52 52 52 52 53 53 53 53 53 53 54 54 54 54 54 54 55 55 56 56 56 56 56 56 56 56 66 66 66 66 66 66 66 66 66 66 67 67 67 67 67 67 67 67 67 68 68 68 68 
145 146 147 148 149 150 151 152 153 154 60 61 62 63 64 65 66 71 72 181 182 183 184 185 186 167 168 96 97 98 99 100 101 102 103 104 105 106 107 108 46 47 48 49 50 51 40 41 42 43 44 45 67 68 69 70 196 197 198 199 10 11 12 13 14 15 16 52 53 54 55 17 18 126 127 128 129 130 131 132 133 134 135 136 137 138 139 140 141 142 143 144 177 178 179 180 27 28 29 30 31 32 33 34 35 36 37 38 39 169 170 171 172 173 174 175 176 187 188 189 190 191 192 193 194 195 73 74 75 76 77 78 79 80 81 82 83 84 85 86 87 88 89 90 91 0 1 2 3 4 5 6 7 8 9 161 162 163 164 165 166 155 156 157 158 159 160 25 26 109 110 111 112 113 114 115 116 92 93 94 95 19 20 21 22 23 24 117 118 119 120 121 122 123 124 125 56 57 58 59 
548 548 548 548 548 548 548 548 548 548 430 430 430 430 430 430 430 158 158 631 631 631 631 631 631 633 633 207 207 207 207 207 207 207 207 207 207 207 207 207 337 337 337 337 337 337 337 337 337 337 337 337 607 607 607 607 432 432 432 432 430 430 430 430 430 430 430 607 607 607 607 158 158 331 331 331 331 331 331 331 331 331 331 331 331 331 331 331 331 331 331 331 900 900 900 900 207 207 207 207 207 207 207 207 207 207 207 207 207 457 457 457 457 457 457 457 457 865 865 865 865 865 865 865 865 865 331 331 331 331 331 331 331 331 331 331 331 331 331 331 331 331 331 331 331 548 548 548 548 548 548 548 548 548 548 335 335 335 335 335 335 335 335 335 335 335 335 633 633 457 457 457 457 457 457 457 457 900 900 900 900 631 631 631 631 631 631 865 865 865 865 865 865 865 865 865 432 432 432 432 
0 1 2 3 4 5 6 7 8 9 10 11 12 13 14 15 16 17 18 19 20 21 22 23 24 25 26 27 28 29 30 31 32 33 34 35 36 37 38 39 40 41 42 43 44 45 40 41 42 43 44 45 46 47 48 49 50 51 52 53 10 11 12 13 14 15 16 46 47 48 49 17 18 54 55 56 57 58 59 60 61 62 63 64 65 66 67 68 69 70 71 72 73 74 75 76 27 28 29 30 31 32 33 34 35 36 37 38 39 77 78 79 80 81 82 83 84 85 86 87 88 89 90 91 92 93 54 55 56 57 58 59 60 61 62 63 64 65 66 67 68 69 70 71 72 0 1 2 3 4 5 6 7 8 9 94 95 96 97 98 99 94 95 96 97 98 99 25 26 77 78 79 80 81 82 83 84 73 74 75 76 19 20 21 22 23 24 85 86 87 88 89 90 91 92 93 50 51 52 53 
46067
14
7 9 6 2 4 8 4 6 2 13 4 10 6 19 
6 45 53 8 29 37 18 12 10 11 22 5 8 28 
26 67 54 28 66 56 27 15 55 36 68 52 66 48 
430 865 335 158 900 457 607 337 633 207 432 548 631 331 
11 11 11 11 11 11 11 11 11 11 0 0 0 0 0 0 0 3 3 12 12 12 12 12 12 8 8 9 9 9 9 9 9 9 9 9 9 9 9 9 7 7 7 7 7 7 7 7 7 7 7 7 6 6 6 6 10 10 10 10 0 0 0 0 0 0 0 6 6 6 6 3 3 13 13 13 13 13 13 13 13 13 13 13 13 13 13 13 13 13 13 13 4 4 4 4 9 9 9 9 9 9 9 9 9 9 9 9 9 5 5 5 5 5 5 5 5 1 1 1 1 1 1 1 1 1 13 13 13 13 13 13 13 13 13 13 13 13 13 13 13 13 13 13 13 11 11 11 11 11 11 11 11 11 11 2 2 2 2 2 2 2 2 2 2 2 2 8 8 5 5 5 5 5 5 5 5 4 4 4 4 12 12 12 12 12 12 1 1 1 1 1 1 1 1 1 10 10 10 10 