435
100
2
1 1 1 2 2 2 2 2 2 2 2 4 4 4 4 4 4 4 4 4 4 4 4 4 4 5 5 5 5 5 5 5 5 9 9 9 9 9 12 12 12 12 12 14 14 16 16 17 17 17 17 17 17 17 20 20 20 20 20 20 21 21 21 25 25 25 25 25 28 28 28 28 28 29 29 29 29 29 29 30 30 30 30 30 31 31 31 32 32 32 32 32 33 33 33 33 33 35 35 35 35 35 35 35 37 37 37 37 37 39 39 39 39 40 40 40 40 40 40 40 41 41 41 41 43 43 43 43 45 45 45 45 45 45 46 46 46 46 46 46 46 47 47 47 47 47 47 47 47 47 47 47 47 47 47 47 47 47 50 50 50 50 50 55 55 55 55 55 55 55 55 65 65 65 65 65 65 65 65 65 65 65 65 65 65 69 69 69 69 69 69 69 69 69 69 69 70 70 70 70 
171 172 173 11 12 13 14 15 16 17 18 3 4 5 6 7 8 9 10 73 74 75 76 77 78 163 164 165 166 167 168 169 170 68 69 70 71 72 104 105 106 107 108 45 46 43 44 97 98 99 196 197 198 199 128 129 130 131 132 133 94 95 96 92 93 84 85 86 33 34 35 36 37 19 20 21 22 23 24 87 88 89 90 91 65 66 67 79 80 81 82 83 63 64 60 61 62 47 48 49 120 121 122 123 38 39 40 41 42 124 125 126 127 134 135 136 137 138 139 140 100 101 102 103 109 110 111 112 54 55 56 57 58 59 113 114 115 116 117 118 119 190 191 192 193 194 195 174 175 176 177 178 179 180 181 182 183 184 185 186 187 188 189 25 26 27 28 29 30 31 32 0 1 2 147 148 149 150 151 152 153 154 155 156 157 158 159 160 161 162 141 142 143 144 145 146 50 51 52 53 
963 963 963 197 197 197 197 197 197 197 197 197 197 197 197 197 197 197 197 905 905 905 905 905 905 859 859 859 859 859 859 859 859 524 524 524 524 524 872 872 872 872 872 191 191 191 191 882 882 882 749 749 749 749 425 425 425 425 425 425 624 624 624 379 379 803 803 803 524 524 524 524 524 905 905 905 905 905 905 622 622 622 622 622 803 803 803 622 622 622 622 622 379 379 624 624 624 882 882 882 908 908 908 908 872 872 872 872 872 416 416 416 416 226 226 226 226 226 226 226 908 908 908 908 416 416 416 416 425 425 425 425 425 425 226 226 226 226 226 226 226 699 699 699 699 699 699 915 915 915 915 915 915 915 915 915 915 915 230 230 230 230 230 859 859 859 859 859 859 859 859 963 963 963 915 915 915 915 915 915 915 915 915 915 915 230 230 230 230 230 699 699 699 699 699 699 749 749 749 749 
0 1 2 3 4 5 6 7 8 9 10 3 4 5 6 7 8 9 10 11 12 13 14 15 16 17 18 19 20 21 22 23 24 25 26 27 28 29 30 31 32 33 34 35 36 35 36 37 38 39 40 41 42 43 44 45 46 47 48 49 50 51 52 53 54 55 56 57 25 26 27 28 29 11 12 13 14 15 16 58 59 60 61 62 55 56 57 58 59 60 61 62 53 54 50 51 52 37 38 39 63 64 65 66 30 31 32 33 34 67 68 69 70 71 72 73 74 75 76 77 63 64 65 66 67 68 69 70 44 45 46 47 48 49 71 72 73 74 75 76 77 78 79 80 81 82 83 84 85 86 87 88 89 90 91 92 93 94 95 96 97 98 99 17 18 19 20 21 22 23 24 0 1 2 84 85 86 87 88 89 90 91 92 93 94 95 96 97 98 99 78 79 80 81 82 83 40 41 42 43 
62757
20
8 7 5 2 5 5 2 5 3 3 4 8 6 3 6 3 4 4 6 11 
2 40 50 14 30 9 25 12 1 17 17 5 4 21 47 25 39 35 20 47 
4 46 69 16 32 28 33 37 65 35 70 55 29 33 69 31 43 41 45 65 
197 226 230 191 622 524 379 872 963 882 749 859 905 624 699 803 416 908 425 915 
8 8 8 0 0 0 0 0 0 0 0 0 0 0 0 0 0 0 0 12 12 12 12 12 12 11 11 11 11 11 11 11 11 5 5 5 5 5 7 7 7 7 7 3 3 3 3 9 9 9 10 10 10 10 18 18 18 18 18 18 13 13 13 6 6 15 15 15 5 5 5 5 5 12 12 12 12 12 12 4 4 4 4 4 15 15 15 4 4 4 4 4 6 6 13 13 13 9 9 9 17 17 17 17 7 7 7 7 7 16 16 16 16 1 1 1 1 1 1 1 17 17 17 17 16 16 16 16 18 18 18 18 18 18 1 1 1 1 1 1 1 14 14 14 14 14 14 19 19 19 19 19 19 19 19 19 19 19 2 2 2 2 2 11 11 11 11 11 11 11 11 8 8 8 19 19 19 19 19 19 19 19 19 19 19 2 2 2 2 2 14 14 14 14 14 14 10 10 10 10 