719
100
2
1 1 1 1 1 6 7 7 7 7 12 12 12 12 12 12 13 13 13 13 13 13 13 13 13 13 13 19 19 20 20 20 20 21 21 23 23 23 23 23 26 26 26 26 26 26 26 26 30 30 30 30 30 30 30 30 30 30 30 30 32 32 32 32 32 32 32 32 32 32 32 33 33 33 33 33 33 33 33 33 33 33 33 36 37 37 37 37 37 38 39 39 40 40 40 40 40 40 40 40 40 42 42 42 42 42 42 43 43 43 43 43 43 43 43 43 43 43 43 43 43 43 44 44 44 44 44 44 45 45 45 45 45 45 45 45 49 50 50 50 50 50 51 53 53 53 53 53 53 53 60 61 61 64 64 64 64 64 64 64 64 64 64 66 66 66 66 66 66 67 68 68 68 68 68 68 68 68 68 68 68 68 68 68 68 68 68 69 69 69 69 69 69 69 69 69 69 69 69 69 
35 36 37 38 39 83 132 133 134 135 101 102 103 104 105 106 65 66 67 68 69 70 55 56 57 58 59 170 171 97 98 99 100 90 91 0 1 2 3 4 143 144 145 146 147 148 149 136 188 189 190 191 192 193 194 22 23 24 25 26 137 138 139 140 141 16 17 18 19 20 21 195 196 197 198 199 158 159 160 161 162 151 152 5 142 128 129 130 131 169 33 34 153 154 155 156 157 29 30 31 32 10 11 12 13 14 15 172 173 174 175 176 177 178 179 180 181 182 183 184 185 186 163 164 165 166 167 168 85 86 87 88 6 7 8 9 47 60 61 62 63 64 84 40 41 42 43 44 45 46 187 81 82 92 93 94 95 96 76 77 78 79 80 122 123 124 125 126 127 89 27 28 107 108 109 110 111 112 113 114 115 116 117 118 119 120 121 150 48 49 50 51 52 53 54 71 72 73 74 75 
685 685 685 685 685 186 293 293 293 293 898 898 898 898 898 898 415 415 415 415 415 415 644 644 644 644 644 575 575 878 878 878 878 527 527 685 685 685 685 685 475 475 475 475 475 475 475 550 186 186 186 186 186 186 186 644 644 644 644 644 447 447 447 447 447 415 415 415 415 415 415 158 158 158 158 158 373 373 373 373 373 599 599 186 837 886 886 886 886 207 527 527 716 716 716 716 716 878 878 878 878 898 898 898 898 898 898 833 833 833 833 833 833 833 833 833 833 833 833 833 833 833 424 424 424 424 424 424 886 886 886 886 293 293 293 293 550 447 447 447 447 447 837 475 475 475 475 475 475 475 414 599 599 716 716 716 716 716 373 373 373 373 373 424 424 424 424 424 424 207 575 575 833 833 833 833 833 833 833 833 833 833 833 833 833 833 833 414 186 186 186 186 186 186 186 158 158 158 158 158 
0 1 2 3 4 5 6 7 8 9 10 11 12 13 14 15 16 17 18 19 20 21 22 23 24 25 26 27 28 29 30 31 32 33 34 0 1 2 3 4 35 36 37 38 39 40 41 42 43 44 45 46 47 48 49 22 23 24 25 26 50 51 52 53 54 16 17 18 19 20 21 55 56 57 58 59 60 61 62 63 64 65 66 5 67 68 69 70 71 72 33 34 73 74 75 76 77 29 30 31 32 10 11 12 13 14 15 78 79 80 81 82 83 84 85 86 87 88 89 90 91 92 93 94 95 96 97 98 68 69 70 71 6 7 8 9 42 50 51 52 53 54 67 35 36 37 38 39 40 41 99 65 66 73 74 75 76 77 60 61 62 63 64 93 94 95 96 97 98 72 27 28 78 79 80 81 82 83 84 85 86 87 88 89 90 91 92 99 43 44 45 46 47 48 49 55 56 57 58 59 
56483
23
1 5 1 5 4 4 6 5 1 7 6 6 1 4 7 5 1 2 5 2 5 2 15 
37 40 6 1 37 20 44 32 60 30 13 12 38 7 26 33 26 19 33 21 13 33 43 
51 64 36 23 45 40 66 50 69 69 32 42 67 45 53 69 49 68 64 39 30 61 68 
837 716 186 685 886 878 424 447 414 186 415 898 207 293 475 158 550 575 373 527 644 599 833 
3 3 3 3 3 2 13 13 13 13 11 11 11 11 11 11 10 10 10 10 10 10 20 20 20 20 20 17 17 5 5 5 5 19 19 3 3 3 3 3 14 14 14 14 14 14 14 16 9 9 9 9 9 9 9 20 20 20 20 20 7 7 7 7 7 10 10 10 10 10 10 15 15 15 15 15 18 18 18 18 18 21 21 2 0 4 4 4 4 12 19 19 1 1 1 1 1 5 5 5 5 11 11 11 11 11 11 22 22 22 22 22 22 22 22 22 22 22 22 22 22 22 6 6 6 6 6 6 4 4 4 4 13 13 13 13 16 7 7 7 7 7 0 14 14 14 14 14 14 14 8 21 21 1 1 1 1 1 18 18 18 18 18 6 6 6 6 6 6 12 17 17 22 22 22 22 22 22 22 22 22 22 22 22 22 22 22 8 9 9 9 9 9 9 9 15 15 15 15 15 