958
100
2
2 2 2 2 2 2 2 2 2 2 7 7 7 8 8 8 8 8 9 9 9 10 10 10 10 12 12 13 13 13 14 14 14 14 14 14 14 14 15 15 20 20 20 20 22 22 23 23 23 23 23 24 24 24 24 25 25 25 25 25 25 26 26 26 26 27 27 28 28 28 31 31 33 33 33 33 34 34 34 38 38 38 38 38 40 40 41 43 43 43 43 43 43 43 44 44 44 44 44 44 44 45 45 45 45 45 45 46 46 46 46 46 47 47 47 47 47 48 48 49 49 50 50 50 51 51 51 51 51 51 51 51 51 51 51 51 51 51 52 52 52 52 52 56 56 56 58 58 59 59 59 59 59 59 59 59 59 59 59 59 59 59 59 59 59 60 60 60 60 60 60 60 60 65 65 65 66 66 66 66 67 67 67 67 67 67 67 67 67 67 67 67 67 67 67 67 67 69 69 69 
89 90 91 92 93 46 47 48 49 50 143 144 145 135 136 137 25 26 121 122 123 51 52 53 54 16 17 94 95 96 67 68 69 86 40 41 42 43 87 88 34 35 36 37 146 147 5 6 7 8 9 21 22 23 24 101 102 103 104 105 106 76 77 78 199 119 120 30 31 32 197 198 97 98 99 100 61 62 63 165 166 167 168 169 133 134 33 38 39 0 1 2 3 4 27 28 29 72 73 74 75 55 56 57 58 59 60 138 139 140 141 142 124 125 126 127 128 118 117 65 66 18 19 20 112 113 114 115 116 176 177 178 179 84 85 13 14 15 107 108 109 110 111 10 11 12 44 45 180 181 182 183 184 185 186 187 188 189 190 191 192 193 194 195 196 79 80 81 82 83 173 174 175 170 171 172 129 130 131 132 148 149 150 151 152 153 154 155 156 157 158 159 160 161 162 163 164 70 71 64 
427 427 427 427 427 495 495 495 495 495 473 473 473 986 986 986 935 935 410 410 410 707 707 707 707 935 935 298 298 298 304 304 304 243 304 304 304 304 879 879 304 304 304 304 518 518 495 495 495 495 495 707 707 707 707 784 784 784 784 784 784 643 643 643 584 812 812 304 304 304 410 410 446 446 446 446 643 643 643 825 825 825 825 825 504 504 243 879 879 427 427 427 427 427 298 298 298 446 446 446 446 784 784 784 784 784 784 294 294 294 294 294 465 465 465 465 465 789 789 812 812 410 410 410 465 465 465 465 465 328 328 328 328 504 504 986 986 986 294 294 294 294 294 473 473 473 518 518 334 334 334 334 334 334 334 334 334 334 334 334 334 334 334 334 334 825 825 825 825 825 378 378 378 378 378 378 328 328 328 328 334 334 334 334 334 334 334 334 334 334 334 334 334 334 334 334 334 410 410 584 
0 1 2 3 4 5 6 7 8 9 10 11 12 13 14 15 16 17 18 19 20 21 22 23 24 16 17 25 26 27 28 29 30 31 32 33 34 35 36 37 32 33 34 35 38 39 5 6 7 8 9 21 22 23 24 40 41 42 43 44 45 46 47 48 49 50 51 28 29 30 52 53 54 55 56 57 46 47 48 58 59 60 61 62 63 64 31 36 37 0 1 2 3 4 25 26 27 54 55 56 57 40 41 42 43 44 45 65 66 67 68 69 70 71 72 73 74 75 75 50 51 18 19 20 70 71 72 73 74 76 77 78 79 63 64 13 14 15 65 66 67 68 69 10 11 12 38 39 80 81 82 83 84 85 86 87 88 89 90 91 92 93 94 95 96 58 59 60 61 62 97 98 99 97 98 99 76 77 78 79 80 81 82 83 84 85 86 87 88 89 90 91 92 93 94 95 96 52 53 49 
50260
27
3 6 4 5 1 2 3 1 2 5 1 2 5 3 3 2 3 4 2 3 4 4 5 3 2 5 17 
14 25 10 46 48 31 26 14 27 38 26 22 47 9 7 15 60 51 40 13 33 14 2 8 8 2 59 
28 45 24 52 48 69 34 41 49 60 69 58 51 50 56 43 65 66 51 44 44 20 43 51 12 23 67 
304 784 707 294 789 410 643 243 812 825 584 518 465 410 473 879 378 328 504 298 446 304 427 986 935 495 334 
22 22 22 22 22 25 25 25 25 25 14 14 14 23 23 23 24 24 13 13 13 2 2 2 2 24 24 19 19 19 0 0 0 7 21 21 21 21 15 15 21 21 21 21 11 11 25 25 25 25 25 2 2 2 2 1 1 1 1 1 1 6 6 6 10 8 8 0 0 0 5 5 20 20 20 20 6 6 6 9 9 9 9 9 18 18 7 15 15 22 22 22 22 22 19 19 19 20 20 20 20 1 1 1 1 1 1 3 3 3 3 3 12 12 12 12 12 4 4 8 8 13 13 13 12 12 12 12 12 17 17 17 17 18 18 23 23 23 3 3 3 3 3 14 14 14 11 11 26 26 26 26 26 26 26 26 26 26 26 26 26 26 26 26 26 9 9 9 9 9 16 16 16 16 16 16 17 17 17 17 26 26 26 26 26 26 26 26 26 26 26 26 26 26 26 26 26 5 5 10 