701
100
2
2 2 2 3 3 3 3 4 4 4 4 4 4 4 4 4 5 5 10 10 10 10 10 10 12 12 12 12 19 19 19 19 21 21 21 21 21 21 21 22 22 22 22 22 22 22 22 23 23 23 23 23 24 24 24 24 24 30 30 30 30 30 33 33 33 33 33 33 33 33 33 34 34 34 34 35 35 35 35 35 35 35 35 35 35 35 36 36 36 36 40 40 40 40 40 40 40 40 40 40 40 44 44 44 44 46 46 46 46 46 46 46 46 46 46 46 46 46 46 46 46 50 50 50 50 50 50 50 51 51 51 51 51 51 51 51 52 52 52 52 52 53 53 53 53 53 53 55 55 55 55 56 56 56 56 56 56 58 58 58 58 60 60 60 60 60 61 62 62 62 62 62 62 62 62 62 62 62 62 62 62 62 62 62 62 62 64 64 64 64 64 64 68 68 68 68 70 70 70 70 
167 168 169 196 197 198 199 166 151 152 153 154 20 21 22 23 99 100 159 160 12 13 14 15 39 40 41 42 62 63 64 65 47 48 49 50 51 157 158 24 25 26 27 90 91 92 93 32 33 34 35 36 66 67 68 69 70 141 142 143 144 145 28 29 30 31 52 53 54 55 56 192 193 194 195 128 129 130 131 132 133 134 135 125 126 127 186 187 155 156 43 44 45 46 161 162 163 164 165 16 17 136 137 138 139 170 171 172 173 174 175 176 177 178 179 180 181 182 183 184 185 122 121 124 123 83 84 85 75 76 77 78 79 80 81 82 101 102 103 104 146 57 58 59 60 61 140 188 189 190 191 8 9 10 11 88 89 37 38 18 19 94 95 96 97 98 7 0 1 2 105 106 107 108 109 110 111 112 113 114 115 116 117 118 119 120 86 87 147 148 149 150 71 72 73 74 3 4 5 6 
206 206 206 765 765 765 765 596 990 990 990 990 647 647 647 647 302 302 454 454 647 647 647 647 750 750 750 750 948 948 948 948 487 487 487 487 487 648 648 750 750 750 750 923 923 923 923 487 487 487 487 487 963 963 963 963 963 467 467 467 467 467 948 948 948 948 963 963 963 963 963 821 821 821 821 601 601 601 684 684 684 684 684 581 581 581 848 848 443 443 923 923 923 923 424 424 424 424 424 302 302 878 878 878 878 257 257 257 257 257 257 257 257 257 257 257 257 257 257 257 257 781 781 781 781 581 581 581 601 601 601 684 684 684 684 684 878 878 878 878 340 467 467 467 467 467 340 506 506 506 506 990 990 990 990 443 443 648 648 454 454 424 424 424 424 424 596 206 206 206 257 257 257 257 257 257 257 257 257 257 257 257 257 257 257 257 848 848 506 506 506 506 821 821 821 821 765 765 765 765 
0 1 2 3 4 5 6 7 8 9 10 11 12 13 14 15 16 17 18 19 12 13 14 15 20 21 22 23 24 25 26 27 28 29 30 31 32 33 34 20 21 22 23 35 36 37 38 28 29 30 31 32 39 40 41 42 43 44 45 46 47 48 24 25 26 27 39 40 41 42 43 49 50 51 52 53 54 55 56 57 58 59 60 61 62 63 64 65 66 67 35 36 37 38 68 69 70 71 72 16 17 73 74 75 76 77 78 79 80 81 82 83 84 85 86 87 88 89 90 91 92 93 93 94 94 61 62 63 53 54 55 56 57 58 59 60 73 74 75 76 95 44 45 46 47 48 95 96 97 98 99 8 9 10 11 66 67 33 34 18 19 68 69 70 71 72 7 0 1 2 77 78 79 80 81 82 83 84 85 86 87 88 89 90 91 92 64 65 96 97 98 99 49 50 51 52 3 4 5 6 
60201
27
1 4 4 5 2 4 2 3 2 0 4 3 5 2 2 5 5 2 4 4 1 4 4 5 3 4 16 
4 12 22 21 50 4 36 35 21 2 44 2 40 5 10 35 30 36 34 19 52 4 3 24 35 55 46 
61 22 40 23 50 56 64 51 58 16 52 62 60 40 58 51 53 56 68 33 53 10 70 33 50 64 62 
596 750 923 487 781 990 848 601 648 213 878 206 424 302 454 684 467 443 821 948 340 647 765 963 581 506 257 
11 11 11 22 22 22 22 0 5 5 5 5 21 21 21 21 13 13 14 14 21 21 21 21 1 1 1 1 19 19 19 19 3 3 3 3 3 8 8 1 1 1 1 2 2 2 2 3 3 3 3 3 23 23 23 23 23 16 16 16 16 16 19 19 19 19 23 23 23 23 23 18 18 18 18 7 7 7 15 15 15 15 15 24 24 24 6 6 17 17 2 2 2 2 12 12 12 12 12 13 13 10 10 10 10 26 26 26 26 26 26 26 26 26 26 26 26 26 26 26 26 4 4 4 4 24 24 24 7 7 7 15 15 15 15 15 10 10 10 10 20 16 16 16 16 16 20 25 25 25 25 5 5 5 5 17 17 8 8 14 14 12 12 12 12 12 0 11 11 11 26 26 26 26 26 26 26 26 26 26 26 26 26 26 26 26 6 6 25 25 25 25 18 18 18 18 22 22 22 22 