618
100
2
1 1 1 1 2 2 2 2 2 3 4 4 4 4 7 7 7 8 10 10 10 11 11 11 11 13 13 13 13 13 13 13 13 13 13 14 14 14 14 14 14 14 14 14 15 15 15 15 16 16 16 17 17 17 17 18 18 19 19 21 21 21 21 22 22 23 23 23 23 23 23 23 23 27 27 28 28 28 28 30 30 33 33 33 34 35 35 35 39 39 39 39 39 39 39 42 42 42 42 42 42 43 43 43 43 43 43 43 43 43 43 43 43 43 43 43 43 43 43 43 43 44 44 44 44 44 44 44 44 44 45 45 45 49 51 54 54 54 54 55 55 55 57 57 57 57 57 58 58 58 58 58 58 58 58 59 59 59 59 59 59 59 59 60 60 60 60 62 62 62 62 62 62 62 62 62 62 62 62 62 62 62 62 62 62 63 63 63 63 68 68 68 68 69 69 69 70 70 70 70 
44 45 46 47 133 163 164 165 166 13 130 131 132 9 48 49 50 56 41 42 43 185 186 187 188 59 60 61 62 193 194 195 55 57 58 101 102 103 104 79 80 18 19 20 0 1 2 3 14 15 16 97 98 99 100 32 17 33 34 25 26 27 28 95 96 151 152 153 154 159 160 161 162 167 168 196 197 198 199 39 40 139 140 141 134 88 89 90 85 86 87 126 127 128 129 63 64 51 52 53 54 35 36 37 38 169 170 171 172 173 174 175 176 177 178 179 180 181 182 183 184 142 143 144 145 146 91 92 93 94 10 11 12 4 84 147 148 149 150 81 82 83 121 122 123 124 125 135 136 137 138 65 66 67 68 189 190 191 192 69 70 71 72 5 6 7 8 73 74 105 106 107 108 109 110 111 112 113 114 115 116 117 118 119 120 21 22 23 24 155 156 157 158 29 30 31 75 76 77 78 
413 413 413 413 259 150 150 150 150 282 826 826 826 282 438 438 438 584 359 359 359 532 532 532 532 561 561 561 561 155 155 155 901 982 982 474 474 474 474 244 244 359 359 359 413 413 413 413 438 438 438 637 637 637 637 901 584 982 982 561 561 561 561 418 418 300 300 300 300 709 709 709 709 240 240 569 569 569 569 244 244 575 575 575 549 846 846 846 846 846 846 710 710 710 710 418 418 637 637 637 637 474 474 474 474 350 350 350 350 350 350 350 350 350 350 350 350 350 350 350 350 700 700 700 700 700 710 710 710 710 826 826 826 259 549 569 569 569 569 575 575 575 700 700 700 700 700 569 569 569 569 300 300 300 300 650 650 650 650 709 709 709 709 150 150 150 150 240 240 350 350 350 350 350 350 350 350 350 350 350 350 350 350 350 350 532 532 532 532 650 650 650 650 155 155 155 569 569 569 569 
0 1 2 3 4 5 6 7 8 9 10 11 12 9 13 14 15 16 17 18 19 20 21 22 23 24 25 26 27 28 29 30 31 32 33 34 35 36 37 38 39 17 18 19 0 1 2 3 13 14 15 40 41 42 43 31 16 32 33 24 25 26 27 44 45 46 47 48 49 50 51 52 53 54 55 56 57 58 59 38 39 60 61 62 63 64 65 66 64 65 66 67 68 69 70 44 45 40 41 42 43 34 35 36 37 71 72 73 74 75 76 77 78 79 80 81 82 83 84 85 86 87 88 89 90 91 67 68 69 70 10 11 12 4 63 92 93 94 95 60 61 62 87 88 89 90 91 92 93 94 95 46 47 48 49 96 97 98 99 50 51 52 53 5 6 7 8 54 55 71 72 73 74 75 76 77 78 79 80 81 82 83 84 85 86 20 21 22 23 96 97 98 99 28 29 30 56 57 58 59 
50136
29
4 3 4 4 2 4 4 3 5 2 3 3 1 1 2 1 2 3 1 4 4 4 1 4 3 4 4 4 16 
14 4 13 54 27 23 28 13 44 14 35 7 3 2 22 13 13 10 34 17 2 59 8 11 33 23 1 39 43 
43 45 21 58 62 58 70 69 57 30 39 16 4 49 42 18 19 14 51 42 60 68 18 63 55 59 15 44 62 
474 826 561 569 240 300 569 155 700 244 846 438 282 259 418 901 982 359 549 637 150 650 584 532 575 709 413 710 350 
26 26 26 26 13 20 20 20 20 12 1 1 1 12 11 11 11 22 17 17 17 23 23 23 23 2 2 2 2 7 7 7 15 16 16 0 0 0 0 9 9 17 17 17 26 26 26 26 11 11 11 19 19 19 19 15 22 16 16 2 2 2 2 14 14 5 5 5 5 25 25 25 25 4 4 6 6 6 6 9 9 24 24 24 18 10 10 10 10 10 10 27 27 27 27 14 14 19 19 19 19 0 0 0 0 28 28 28 28 28 28 28 28 28 28 28 28 28 28 28 28 8 8 8 8 8 27 27 27 27 1 1 1 13 18 3 3 3 3 24 24 24 8 8 8 8 8 3 3 3 3 5 5 5 5 21 21 21 21 25 25 25 25 20 20 20 20 4 4 28 28 28 28 28 28 28 28 28 28 28 28 28 28 28 28 23 23 23 23 21 21 21 21 7 7 7 6 6 6 6 