199
100
2
2 2 2 2 2 2 2 2 2 3 3 5 5 5 5 7 7 7 7 7 7 7 7 7 7 7 7 7 7 7 7 10 10 11 11 11 11 11 11 11 11 11 11 12 12 17 17 18 18 18 18 18 18 18 18 18 18 18 18 18 18 19 19 19 19 20 20 21 21 21 21 22 22 22 22 22 22 23 23 25 25 27 27 27 27 27 27 27 27 32 32 35 35 35 35 35 35 35 35 35 35 35 35 35 35 35 37 37 37 37 38 38 38 38 38 38 38 39 39 40 40 40 40 40 40 40 40 40 40 40 43 43 43 43 44 44 44 44 46 46 46 46 47 47 47 47 47 47 47 49 49 51 51 51 51 54 54 54 54 54 54 55 55 56 56 56 57 57 59 61 61 61 63 63 63 63 63 63 63 68 68 68 68 68 68 68 68 68 68 68 68 68 68 68 68 68 69 69 69 69 
91 92 93 94 95 96 169 170 171 15 16 196 197 198 199 9 10 47 48 49 50 51 52 53 54 55 56 57 58 59 60 149 150 117 118 144 145 146 147 148 127 128 129 125 126 75 76 17 18 19 20 21 22 23 24 25 26 27 28 29 30 106 107 108 109 89 90 151 152 153 154 121 122 123 124 45 46 87 88 119 120 155 156 157 158 159 160 77 78 65 66 0 1 2 3 4 5 142 143 110 111 112 113 114 115 116 61 62 63 64 99 100 101 102 103 104 105 33 34 79 80 71 72 73 74 43 44 40 41 42 138 139 140 141 168 163 164 165 130 131 132 133 97 98 35 36 37 38 39 31 32 67 68 69 70 81 82 83 84 85 86 166 167 135 136 137 161 162 134 6 7 8 189 190 191 192 193 194 195 180 179 182 181 184 183 186 185 188 187 172 173 174 175 176 177 178 11 12 13 14 
369 369 369 369 369 369 986 986 986 686 686 644 644 644 644 686 686 408 408 408 408 408 408 408 408 408 408 408 408 408 408 782 782 330 330 800 800 800 800 800 171 171 171 598 598 518 518 408 408 408 408 408 408 408 408 408 408 408 408 408 408 184 184 184 184 400 400 858 858 858 858 948 948 948 948 518 518 970 970 690 690 236 236 236 236 236 236 970 970 400 400 369 369 369 369 369 369 477 477 364 364 364 364 364 364 364 184 184 184 184 364 364 364 364 364 364 364 330 330 690 690 948 948 948 948 598 598 171 171 171 294 294 294 294 434 466 466 466 294 294 294 294 477 477 800 800 800 800 800 782 782 858 858 858 858 236 236 236 236 236 236 679 679 466 466 466 679 679 434 986 986 986 491 491 491 491 491 491 491 961 961 961 961 961 961 961 961 961 961 491 491 491 491 491 491 491 644 644 644 644 
0 1 2 3 4 5 6 7 8 9 10 11 12 13 14 9 10 15 16 17 18 19 20 21 22 23 24 25 26 27 28 29 30 31 32 33 34 35 36 37 38 39 40 41 42 43 44 15 16 17 18 19 20 21 22 23 24 25 26 27 28 45 46 47 48 49 50 51 52 53 54 55 56 57 58 43 44 59 60 61 62 63 64 65 66 67 68 59 60 49 50 0 1 2 3 4 5 69 70 71 72 73 74 75 76 77 45 46 47 48 71 72 73 74 75 76 77 31 32 61 62 55 56 57 58 41 42 38 39 40 78 79 80 81 82 83 84 85 78 79 80 81 69 70 33 34 35 36 37 29 30 51 52 53 54 63 64 65 66 67 68 86 87 83 84 85 86 87 82 6 7 8 88 89 90 91 92 93 94 95 95 96 96 97 97 98 98 99 99 88 89 90 91 92 93 94 11 12 13 14 
53407
26
4 2 2 6 2 2 2 4 4 2 1 4 4 3 5 2 5 2 3 7 7 6 3 2 2 14 
43 11 20 2 55 25 35 22 5 12 44 21 19 44 68 3 11 10 11 63 35 27 2 17 23 7 
46 39 32 35 57 40 47 40 69 40 59 51 37 56 68 7 47 49 40 68 38 54 61 22 27 18 
294 330 400 369 679 690 477 948 644 598 434 858 184 466 961 686 800 782 171 491 364 236 986 518 970 408 
3 3 3 3 3 3 22 22 22 15 15 8 8 8 8 15 15 25 25 25 25 25 25 25 25 25 25 25 25 25 25 17 17 1 1 16 16 16 16 16 18 18 18 9 9 23 23 25 25 25 25 25 25 25 25 25 25 25 25 25 25 12 12 12 12 2 2 11 11 11 11 7 7 7 7 23 23 24 24 5 5 21 21 21 21 21 21 24 24 2 2 3 3 3 3 3 3 6 6 20 20 20 20 20 20 20 12 12 12 12 20 20 20 20 20 20 20 1 1 5 5 7 7 7 7 9 9 18 18 18 0 0 0 0 10 13 13 13 0 0 0 0 6 6 16 16 16 16 16 17 17 11 11 11 11 21 21 21 21 21 21 4 4 13 13 13 4 4 10 22 22 22 19 19 19 19 19 19 19 14 14 14 14 14 14 14 14 14 14 19 19 19 19 19 19 19 8 8 8 8 