955
100
2
1 1 1 1 1 3 3 3 3 3 3 3 3 3 3 3 3 3 3 3 5 5 5 5 6 6 6 7 7 7 7 7 7 7 8 8 8 8 8 8 8 8 8 8 8 8 8 8 8 8 8 8 8 8 8 8 8 8 8 8 8 8 8 11 11 11 11 11 11 11 12 12 12 12 12 16 16 16 16 16 17 17 17 17 17 17 17 21 21 21 21 28 28 28 28 28 28 28 28 30 30 30 30 30 30 31 31 31 32 32 32 33 33 33 33 33 33 33 34 34 34 34 34 34 34 34 34 34 34 34 34 34 34 34 34 34 34 35 35 35 35 35 35 35 37 37 40 40 40 40 40 40 40 43 43 43 43 43 43 43 48 48 48 49 49 49 49 52 52 52 52 52 52 59 59 59 59 59 62 62 62 62 62 62 62 62 68 68 68 68 68 68 68 70 70 70 70 70 70 70 
5 6 7 8 9 0 1 2 3 4 193 194 195 196 197 198 199 105 106 107 163 164 165 166 160 161 162 137 138 139 140 141 142 143 35 34 37 36 39 38 41 40 43 42 45 44 47 46 122 123 124 125 126 127 128 129 130 131 132 133 134 135 136 186 187 188 189 190 191 192 108 109 110 144 145 173 174 175 176 177 146 147 148 149 150 151 152 118 119 120 121 178 179 180 181 182 183 184 185 167 168 169 170 171 172 17 18 19 70 71 72 153 154 155 156 157 158 159 87 88 89 90 48 49 50 51 52 53 54 55 56 57 58 59 60 61 62 27 28 29 30 31 32 33 73 74 80 81 82 83 84 85 86 111 112 113 114 115 116 117 24 25 26 20 21 22 23 99 100 101 102 103 104 75 76 77 78 79 91 92 93 94 95 96 97 98 63 64 65 66 67 68 69 10 11 12 13 14 15 16 
977 977 977 977 977 977 977 977 977 977 512 512 512 512 512 512 512 711 711 711 518 518 518 518 676 676 676 808 808 808 808 808 808 808 606 606 606 606 606 606 606 606 606 606 606 606 606 606 811 811 811 811 811 811 811 811 811 811 811 811 811 811 811 393 393 393 393 393 393 393 748 748 748 347 347 999 999 999 999 999 652 652 652 652 652 652 652 832 832 832 832 907 907 907 907 907 907 907 907 190 190 190 190 190 190 711 711 711 748 748 748 468 468 468 468 468 468 468 832 832 832 832 811 811 811 811 811 811 811 811 811 811 811 811 811 811 811 808 808 808 808 808 808 808 347 347 652 652 652 652 652 652 652 468 468 468 468 468 468 468 676 676 676 518 518 518 518 190 190 190 190 190 190 999 999 999 999 999 907 907 907 907 907 907 907 907 393 393 393 393 393 393 393 512 512 512 512 512 512 512 
0 1 2 3 4 0 1 2 3 4 5 6 7 8 9 10 11 12 13 14 15 16 17 18 19 20 21 22 23 24 25 26 27 28 29 29 30 30 31 31 32 32 33 33 34 34 35 35 36 37 38 39 40 41 42 43 44 45 46 47 48 49 50 51 52 53 54 55 56 57 58 59 60 61 62 63 64 65 66 67 68 69 70 71 72 73 74 75 76 77 78 79 80 81 82 83 84 85 86 87 88 89 90 91 92 12 13 14 58 59 60 93 94 95 96 97 98 99 75 76 77 78 36 37 38 39 40 41 42 43 44 45 46 47 48 49 50 22 23 24 25 26 27 28 61 62 68 69 70 71 72 73 74 93 94 95 96 97 98 99 19 20 21 15 16 17 18 87 88 89 90 91 92 63 64 65 66 67 79 80 81 82 83 84 85 86 51 52 53 54 55 56 57 5 6 7 8 9 10 11 
67013
17
5 3 4 7 7 8 6 5 7 7 2 3 3 4 7 7 15 
1 12 21 17 33 28 30 16 8 3 12 3 6 5 11 7 8 
3 32 34 40 43 62 52 59 8 70 37 31 48 49 68 35 34 
977 748 832 652 468 907 190 999 606 512 347 711 676 518 393 808 811 
0 0 0 0 0 0 0 0 0 0 9 9 9 9 9 9 9 11 11 11 13 13 13 13 12 12 12 15 15 15 15 15 15 15 8 8 8 8 8 8 8 8 8 8 8 8 8 8 16 16 16 16 16 16 16 16 16 16 16 16 16 16 16 14 14 14 14 14 14 14 1 1 1 10 10 7 7 7 7 7 3 3 3 3 3 3 3 2 2 2 2 5 5 5 5 5 5 5 5 6 6 6 6 6 6 11 11 11 1 1 1 4 4 4 4 4 4 4 2 2 2 2 16 16 16 16 16 16 16 16 16 16 16 16 16 16 16 15 15 15 15 15 15 15 10 10 3 3 3 3 3 3 3 4 4 4 4 4 4 4 12 12 12 13 13 13 13 6 6 6 6 6 6 7 7 7 7 7 5 5 5 5 5 5 5 5 14 14 14 14 14 14 14 9 9 9 9 9 9 9 