657
100
2
3 3 3 3 3 3 3 3 3 3 3 3 3 3 3 8 8 8 8 8 8 8 8 8 8 8 8 8 8 8 8 8 8 12 12 12 12 21 21 21 21 21 21 21 21 21 21 21 21 21 22 22 22 22 22 22 22 22 22 22 22 26 26 26 26 26 26 26 26 26 26 26 26 26 38 38 38 38 44 44 44 44 44 44 44 44 44 44 44 44 44 50 50 50 50 51 51 51 51 51 51 51 51 52 52 52 52 52 52 52 52 52 52 52 52 52 52 54 54 54 54 54 54 54 54 54 54 54 55 55 55 55 55 55 55 58 58 58 58 58 58 58 58 58 58 58 58 58 58 58 58 58 58 58 58 58 59 59 59 59 59 59 59 59 59 59 59 59 59 59 59 60 60 60 60 60 60 60 60 60 60 60 61 61 61 61 61 61 61 61 61 61 61 61 61 61 70 70 70 70 
156 157 158 159 160 161 162 163 164 165 166 167 168 169 170 50 51 52 53 54 55 56 57 58 59 60 128 129 130 131 132 133 134 91 92 93 94 143 144 145 146 147 148 149 150 151 152 153 154 155 15 16 17 18 19 20 21 22 23 24 25 78 79 80 81 82 83 84 85 86 87 88 89 90 196 197 198 199 61 62 63 64 65 66 67 68 69 70 71 72 73 33 34 35 36 135 136 137 138 139 140 141 142 182 183 184 185 186 187 188 189 190 191 192 193 194 195 171 172 173 174 175 176 177 178 179 180 181 26 27 28 29 30 31 32 95 96 97 98 99 100 101 102 37 38 39 40 41 42 43 44 45 46 47 48 49 0 1 2 3 4 5 6 7 8 9 10 11 12 13 14 117 118 119 120 121 122 123 124 125 126 127 103 104 105 106 107 108 109 110 111 112 113 114 115 116 74 75 76 77 
613 613 613 613 613 613 613 613 613 613 613 613 613 613 613 638 638 638 638 638 638 638 638 638 638 638 336 336 336 336 336 336 336 402 402 402 402 763 763 763 763 763 763 763 763 763 763 763 763 763 638 638 638 638 638 638 638 638 638 638 638 376 376 376 376 376 376 376 376 376 376 376 376 376 685 685 685 685 376 376 376 376 376 376 376 376 376 376 376 376 376 402 402 402 402 311 311 311 311 311 311 311 311 480 480 480 480 480 480 480 480 480 480 480 480 480 480 591 591 591 591 591 591 591 591 591 591 591 336 336 336 336 336 336 336 311 311 311 311 311 311 311 311 763 763 763 763 763 763 763 763 763 763 763 763 763 613 613 613 613 613 613 613 613 613 613 613 613 613 613 613 591 591 591 591 591 591 591 591 591 591 591 480 480 480 480 480 480 480 480 480 480 480 480 480 480 685 685 685 685 
0 1 2 3 4 5 6 7 8 9 10 11 12 13 14 15 16 17 18 19 20 21 22 23 24 25 26 27 28 29 30 31 32 33 34 35 36 37 38 39 40 41 42 43 44 45 46 47 48 49 15 16 17 18 19 20 21 22 23 24 25 50 51 52 53 54 55 56 57 58 59 60 61 62 63 64 65 66 50 51 52 53 54 55 56 57 58 59 60 61 62 33 34 35 36 67 68 69 70 71 72 73 74 75 76 77 78 79 80 81 82 83 84 85 86 87 88 89 90 91 92 93 94 95 96 97 98 99 26 27 28 29 30 31 32 67 68 69 70 71 72 73 74 37 38 39 40 41 42 43 44 45 46 47 48 49 0 1 2 3 4 5 6 7 8 9 10 11 12 13 14 89 90 91 92 93 94 95 96 97 98 99 75 76 77 78 79 80 81 82 83 84 85 86 87 88 63 64 65 66 
53429
10
14 15 11 4 4 13 7 8 13 11 
52 3 8 12 38 26 8 51 21 54 
61 59 22 50 70 44 55 58 58 60 
480 613 638 402 685 376 336 311 763 591 
1 1 1 1 1 1 1 1 1 1 1 1 1 1 1 2 2 2 2 2 2 2 2 2 2 2 6 6 6 6 6 6 6 3 3 3 3 8 8 8 8 8 8 8 8 8 8 8 8 8 2 2 2 2 2 2 2 2 2 2 2 5 5 5 5 5 5 5 5 5 5 5 5 5 4 4 4 4 5 5 5 5 5 5 5 5 5 5 5 5 5 3 3 3 3 7 7 7 7 7 7 7 7 0 0 0 0 0 0 0 0 0 0 0 0 0 0 9 9 9 9 9 9 9 9 9 9 9 6 6 6 6 6 6 6 7 7 7 7 7 7 7 7 8 8 8 8 8 8 8 8 8 8 8 8 8 1 1 1 1 1 1 1 1 1 1 1 1 1 1 1 9 9 9 9 9 9 9 9 9 9 9 0 0 0 0 0 0 0 0 0 0 0 0 0 0 4 4 4 4 