122
100
2
1 1 1 1 2 3 3 3 3 5 5 5 5 5 5 6 9 13 13 13 13 15 15 16 16 16 16 21 21 21 21 22 22 22 22 22 22 23 23 23 23 23 23 24 24 24 24 24 24 24 24 27 27 27 27 28 29 29 29 29 29 29 29 29 29 29 29 33 36 36 36 36 36 36 36 36 36 36 36 36 36 36 36 36 36 41 41 41 41 41 41 41 41 41 41 41 41 45 49 49 49 49 49 49 50 50 50 53 53 54 54 54 54 54 54 54 54 54 54 54 54 54 54 54 56 57 57 57 58 58 58 58 58 59 59 60 60 60 60 60 60 60 60 60 60 60 60 62 62 62 62 62 62 62 62 62 62 62 62 62 62 62 62 62 62 62 63 63 63 63 63 63 63 63 63 63 63 63 63 63 63 63 63 64 65 66 68 68 68 69 69 69 69 69 69 69 70 70 70 70 
98 99 4 16 2 51 52 53 54 23 24 25 26 126 127 183 3 147 148 149 150 95 96 9 10 11 12 196 197 198 199 56 57 58 59 60 61 160 161 162 163 164 165 135 136 137 138 139 140 107 108 5 6 7 8 184 31 32 33 34 35 36 90 91 92 93 94 195 166 167 168 169 170 171 172 173 174 175 176 177 178 179 180 181 182 128 129 130 131 132 62 63 64 65 66 21 22 125 0 1 191 192 193 194 151 152 153 49 50 186 187 188 154 155 156 157 158 159 141 142 143 144 145 146 185 97 13 14 85 86 87 88 89 189 190 43 44 45 46 47 48 118 119 120 121 122 123 17 18 19 20 104 105 106 112 113 114 115 116 117 37 38 39 40 41 42 68 69 70 71 72 73 74 75 76 77 78 79 80 81 82 83 84 15 55 124 109 110 111 133 134 100 101 102 103 67 27 28 29 30 
604 604 486 598 486 528 528 528 528 237 237 237 237 915 915 890 598 746 746 746 746 464 464 237 237 237 237 211 211 211 211 727 727 727 727 727 727 1000 1000 1000 1000 1000 1000 569 569 569 569 569 569 698 698 528 528 528 528 986 727 727 727 727 727 727 388 388 388 388 388 910 707 707 707 707 707 707 707 707 707 707 707 707 707 707 707 707 707 547 547 547 547 547 388 388 388 388 388 464 464 524 604 604 505 505 505 505 434 434 434 698 698 205 205 205 836 836 836 836 836 836 328 328 328 328 328 328 516 524 915 915 547 547 547 547 547 528 528 569 569 569 569 569 569 328 328 328 328 328 328 746 746 746 746 434 434 434 836 836 836 836 836 836 1000 1000 1000 1000 1000 1000 707 707 707 707 707 707 707 707 707 707 707 707 707 707 707 707 707 890 986 516 205 205 205 528 528 505 505 505 505 910 211 211 211 211 
0 1 2 3 2 4 5 6 7 8 9 10 11 12 13 14 3 15 16 17 18 19 20 8 9 10 11 21 22 23 24 25 26 27 28 29 30 31 32 33 34 35 36 37 38 39 40 41 42 43 44 4 5 6 7 45 25 26 27 28 29 30 46 47 48 49 50 51 52 53 54 55 56 57 58 59 60 61 62 63 64 65 66 67 68 69 70 71 72 73 46 47 48 49 50 19 20 74 0 1 75 76 77 78 79 80 81 43 44 82 83 84 85 86 87 88 89 90 91 92 93 94 95 96 97 74 12 13 69 70 71 72 73 98 99 37 38 39 40 41 42 91 92 93 94 95 96 15 16 17 18 79 80 81 85 86 87 88 89 90 31 32 33 34 35 36 52 53 54 55 56 57 58 59 60 61 62 63 64 65 66 67 68 14 45 97 82 83 84 98 99 75 76 77 78 51 21 22 23 24 
59607
27
2 2 4 5 6 6 1 5 1 4 1 3 4 2 1 1 3 6 1 1 4 4 6 6 2 2 17 
1 59 49 41 24 22 33 29 28 13 1 50 3 24 56 6 54 54 45 1 5 21 54 23 5 15 36 
49 69 69 58 60 29 69 41 65 62 2 62 27 53 66 64 68 62 57 9 16 70 60 62 57 41 63 
604 528 505 547 569 727 910 388 986 746 486 434 528 698 516 890 205 836 524 598 237 211 328 1000 915 464 707 
0 0 10 19 10 12 12 12 12 20 20 20 20 24 24 15 19 9 9 9 9 25 25 20 20 20 20 21 21 21 21 5 5 5 5 5 5 23 23 23 23 23 23 4 4 4 4 4 4 13 13 12 12 12 12 8 5 5 5 5 5 5 7 7 7 7 7 6 26 26 26 26 26 26 26 26 26 26 26 26 26 26 26 26 26 3 3 3 3 3 7 7 7 7 7 25 25 18 0 0 2 2 2 2 11 11 11 13 13 16 16 16 17 17 17 17 17 17 22 22 22 22 22 22 14 18 24 24 3 3 3 3 3 1 1 4 4 4 4 4 4 22 22 22 22 22 22 9 9 9 9 11 11 11 17 17 17 17 17 17 23 23 23 23 23 23 26 26 26 26 26 26 26 26 26 26 26 26 26 26 26 26 26 15 8 14 16 16 16 1 1 2 2 2 2 6 21 21 21 21 