821
100
2
1 1 1 1 1 1 1 4 4 4 4 4 4 4 4 4 4 4 4 4 6 6 6 6 6 6 12 12 12 12 12 12 12 12 12 12 12 12 18 18 18 18 18 18 19 19 20 20 20 20 20 20 20 20 20 20 20 20 20 20 20 20 20 20 20 20 20 21 21 21 21 21 24 24 24 24 24 26 26 31 31 31 31 31 31 35 35 35 35 37 37 37 37 37 37 37 37 37 38 38 38 38 38 38 38 38 38 38 38 45 45 45 45 45 45 45 47 47 47 47 47 47 47 47 47 47 47 47 47 47 47 50 50 50 50 50 51 51 51 53 53 53 53 53 54 54 54 54 54 54 56 56 56 56 56 56 56 56 56 58 58 58 58 58 58 60 60 60 60 60 60 61 61 61 61 62 62 62 62 62 62 62 62 64 64 64 64 64 66 66 66 66 66 66 66 66 66 66 67 67 
191 192 193 194 195 196 197 116 109 110 111 112 113 114 115 183 184 185 186 187 77 78 89 90 91 92 102 103 104 105 106 107 108 150 151 152 153 154 79 80 81 82 83 84 51 52 67 68 69 70 71 44 45 117 118 119 120 121 122 123 124 125 126 127 128 129 130 46 47 48 49 50 139 140 141 142 143 20 21 38 39 40 41 42 43 155 156 157 158 22 23 24 25 131 132 133 134 135 171 172 173 174 26 27 28 29 30 31 32 8 9 10 11 12 13 14 7 53 54 55 56 57 58 59 60 61 62 63 64 65 66 93 94 95 96 97 188 189 190 72 73 74 75 76 165 166 167 168 169 170 33 34 35 36 37 85 86 87 88 177 178 179 180 181 182 144 145 146 147 148 149 98 99 100 101 198 199 159 160 161 162 163 164 15 16 17 18 19 136 137 138 0 1 2 3 4 5 6 175 176 
432 432 432 432 432 432 432 300 316 316 316 316 316 316 316 779 779 779 779 779 254 254 727 727 727 727 291 291 291 291 291 291 291 635 635 635 635 635 601 601 601 601 601 601 297 297 922 922 922 922 922 297 297 168 168 168 168 168 168 168 168 168 168 168 168 168 168 922 922 922 922 922 670 670 670 670 670 254 254 601 601 601 601 601 601 937 937 937 937 727 727 727 727 356 356 356 356 356 852 852 852 852 291 291 291 291 291 291 291 316 316 316 316 316 316 316 300 168 168 168 168 168 168 168 168 168 168 168 168 168 168 356 356 356 356 356 858 858 858 670 670 670 670 670 575 575 575 575 575 575 635 635 635 635 635 937 937 937 937 992 992 992 992 992 992 575 575 575 575 575 575 852 852 852 852 558 558 992 992 992 992 992 992 779 779 779 779 779 858 858 858 432 432 432 432 432 432 432 558 558 
0 1 2 3 4 5 6 7 8 9 10 11 12 13 14 15 16 17 18 19 20 21 22 23 24 25 26 27 28 29 30 31 32 33 34 35 36 37 38 39 40 41 42 43 44 45 46 47 48 49 50 44 45 51 52 53 54 55 56 57 58 59 60 61 62 63 64 46 47 48 49 50 65 66 67 68 69 20 21 38 39 40 41 42 43 70 71 72 73 22 23 24 25 74 75 76 77 78 79 80 81 82 26 27 28 29 30 31 32 8 9 10 11 12 13 14 7 51 52 53 54 55 56 57 58 59 60 61 62 63 64 74 75 76 77 78 83 84 85 65 66 67 68 69 86 87 88 89 90 91 33 34 35 36 37 70 71 72 73 92 93 94 95 96 97 86 87 88 89 90 91 79 80 81 82 98 99 92 93 94 95 96 97 15 16 17 18 19 83 84 85 0 1 2 3 4 5 6 98 99 
54599
20
4 2 7 5 5 2 5 1 6 4 7 5 4 5 6 2 3 7 6 14 
38 62 12 12 20 6 24 4 18 6 4 4 35 37 54 19 51 1 58 20 
61 67 38 56 21 26 53 47 31 37 45 64 56 50 60 20 66 66 62 47 
852 558 291 635 922 254 670 300 601 727 316 779 937 356 575 297 858 432 992 168 
17 17 17 17 17 17 17 7 10 10 10 10 10 10 10 11 11 11 11 11 5 5 9 9 9 9 2 2 2 2 2 2 2 3 3 3 3 3 8 8 8 8 8 8 15 15 4 4 4 4 4 15 15 19 19 19 19 19 19 19 19 19 19 19 19 19 19 4 4 4 4 4 6 6 6 6 6 5 5 8 8 8 8 8 8 12 12 12 12 9 9 9 9 13 13 13 13 13 0 0 0 0 2 2 2 2 2 2 2 10 10 10 10 10 10 10 7 19 19 19 19 19 19 19 19 19 19 19 19 19 19 13 13 13 13 13 16 16 16 6 6 6 6 6 14 14 14 14 14 14 3 3 3 3 3 12 12 12 12 18 18 18 18 18 18 14 14 14 14 14 14 0 0 0 0 1 1 18 18 18 18 18 18 11 11 11 11 11 16 16 16 17 17 17 17 17 17 17 1 1 