152
100
2
2 2 2 2 2 4 4 4 4 4 6 6 6 6 6 6 6 6 6 6 6 6 7 7 7 7 7 7 7 7 7 7 8 8 9 9 9 9 9 9 10 10 10 10 10 12 12 12 12 12 15 15 15 15 15 15 17 17 17 17 17 17 17 17 17 17 18 18 18 18 18 19 19 19 19 19 19 19 19 19 19 20 20 20 20 20 22 22 22 22 22 22 27 27 27 27 27 27 29 29 29 29 29 30 35 35 35 35 35 35 35 35 35 35 35 35 35 35 35 35 37 37 37 37 39 39 39 39 39 39 39 39 39 39 39 39 39 39 39 39 39 40 40 44 44 44 44 44 44 44 44 44 44 44 44 44 49 49 49 49 49 49 49 49 51 55 55 55 57 57 60 60 60 60 60 60 61 61 61 61 61 61 61 61 63 63 63 66 66 66 66 66 68 68 68 68 68 68 69 69 
56 57 58 59 60 45 46 47 48 49 50 51 52 53 54 55 192 193 194 195 196 197 71 72 73 74 75 76 120 121 122 123 141 142 170 171 172 173 174 175 187 188 189 190 191 5 6 7 8 9 10 11 12 13 14 15 0 1 2 3 4 98 99 100 101 102 81 82 83 84 85 22 23 24 25 26 27 124 125 126 127 66 67 68 69 70 92 93 94 95 96 97 86 87 88 89 90 91 61 62 63 64 65 164 105 104 107 106 109 108 111 110 113 112 115 114 117 116 119 118 28 29 30 31 77 78 79 80 143 144 145 146 147 148 149 150 151 152 153 154 155 32 33 128 129 130 131 132 133 134 135 136 137 138 139 140 176 177 178 179 180 181 182 183 103 184 185 186 198 199 34 35 36 37 38 39 156 157 158 159 160 161 162 163 165 166 167 40 41 42 43 44 16 17 18 19 20 21 168 169 
177 177 177 177 177 429 429 429 429 429 695 695 695 695 695 695 507 507 507 507 507 507 202 202 202 202 202 202 181 181 181 181 938 938 397 397 397 397 397 397 374 374 374 374 374 429 429 429 429 429 695 695 695 695 695 695 177 177 177 177 177 193 193 193 193 193 415 415 415 415 415 202 202 202 202 202 202 227 227 227 227 415 415 415 415 415 837 837 837 837 837 837 837 837 837 837 837 837 193 193 193 193 193 714 909 909 909 909 909 909 909 909 909 909 909 909 909 909 909 909 181 181 181 181 227 227 227 227 636 636 636 636 636 636 636 636 636 636 636 636 636 938 938 636 636 636 636 636 636 636 636 636 636 636 636 636 642 642 642 642 642 642 642 642 714 591 591 591 559 559 397 397 397 397 397 397 642 642 642 642 642 642 642 642 591 591 591 374 374 374 374 374 507 507 507 507 507 507 559 559 
0 1 2 3 4 5 6 7 8 9 10 11 12 13 14 15 16 17 18 19 20 21 22 23 24 25 26 27 28 29 30 31 32 33 34 35 36 37 38 39 40 41 42 43 44 5 6 7 8 9 10 11 12 13 14 15 0 1 2 3 4 45 46 47 48 49 50 51 52 53 54 22 23 24 25 26 27 55 56 57 58 50 51 52 53 54 59 60 61 62 63 64 59 60 61 62 63 64 45 46 47 48 49 65 66 66 67 67 68 68 69 69 70 70 71 71 72 72 73 73 28 29 30 31 55 56 57 58 74 75 76 77 78 79 80 81 82 83 84 85 86 32 33 74 75 76 77 78 79 80 81 82 83 84 85 86 87 88 89 90 91 92 93 94 65 95 96 97 98 99 34 35 36 37 38 39 87 88 89 90 91 92 93 94 95 96 97 40 41 42 43 44 16 17 18 19 20 21 98 99 
51557
19
2 5 6 2 5 6 4 8 4 5 1 6 6 5 8 6 3 5 13 
8 2 7 57 10 6 19 35 7 18 30 9 22 17 49 6 55 4 39 
40 17 19 69 66 15 39 35 37 20 51 60 27 29 61 68 63 12 44 
938 177 202 559 374 695 227 909 181 415 714 397 837 193 642 507 591 429 636 
1 1 1 1 1 17 17 17 17 17 5 5 5 5 5 5 15 15 15 15 15 15 2 2 2 2 2 2 8 8 8 8 0 0 11 11 11 11 11 11 4 4 4 4 4 17 17 17 17 17 5 5 5 5 5 5 1 1 1 1 1 13 13 13 13 13 9 9 9 9 9 2 2 2 2 2 2 6 6 6 6 9 9 9 9 9 12 12 12 12 12 12 12 12 12 12 12 12 13 13 13 13 13 10 7 7 7 7 7 7 7 7 7 7 7 7 7 7 7 7 8 8 8 8 6 6 6 6 18 18 18 18 18 18 18 18 18 18 18 18 18 0 0 18 18 18 18 18 18 18 18 18 18 18 18 18 14 14 14 14 14 14 14 14 10 16 16 16 3 3 11 11 11 11 11 11 14 14 14 14 14 14 14 14 16 16 16 4 4 4 4 4 15 15 15 15 15 15 3 3 