833
100
2
6 6 6 8 8 8 8 8 8 8 8 9 9 9 9 9 9 9 9 9 11 11 11 11 11 11 11 11 12 12 12 12 12 12 12 12 16 16 16 16 16 16 16 20 20 20 20 20 20 20 20 20 20 20 20 20 20 20 20 20 22 22 22 24 24 24 24 24 24 24 27 33 33 33 33 33 33 33 33 33 36 36 36 36 36 36 36 36 36 36 36 37 37 37 37 37 38 38 38 38 38 38 38 38 40 40 40 40 40 40 40 40 40 40 40 41 47 47 47 47 47 47 47 47 47 47 47 48 48 48 48 48 48 48 48 51 51 51 51 51 51 51 51 54 54 54 54 54 54 54 54 54 54 54 54 54 54 55 55 55 55 55 55 61 61 61 61 61 61 62 62 62 62 62 64 64 66 66 66 66 66 66 66 66 66 66 66 66 67 67 67 67 67 67 67 67 67 67 67 67 
33 34 35 83 84 85 86 87 88 89 90 188 189 190 191 192 176 177 178 179 135 136 137 138 139 140 141 142 169 170 171 172 173 0 1 2 53 54 55 56 57 58 59 127 128 129 130 131 132 133 134 174 175 36 37 38 39 40 41 42 80 81 82 193 194 195 196 197 198 199 115 148 149 150 151 152 153 154 155 156 60 61 62 3 4 5 6 7 8 9 10 143 144 145 146 147 180 181 182 183 184 185 186 187 116 117 118 119 120 121 122 123 124 125 126 70 104 105 106 107 108 109 110 111 112 113 114 43 44 45 46 47 48 49 50 20 21 22 23 24 25 26 27 91 92 93 94 95 71 72 73 74 75 76 77 78 79 163 164 165 166 167 168 157 158 159 160 161 162 28 29 30 31 32 51 52 16 17 18 19 96 97 98 99 100 101 102 103 11 12 13 14 15 63 64 65 66 67 68 69 
525 525 525 818 818 818 818 818 818 818 818 290 290 290 290 290 777 777 777 777 340 340 340 340 340 340 340 340 638 638 638 638 638 525 525 525 925 925 925 925 925 925 925 924 924 924 924 924 924 924 924 446 446 925 925 925 925 925 925 925 563 563 563 460 460 460 460 460 460 460 558 416 416 416 416 416 416 416 416 416 563 563 563 818 818 818 818 818 818 818 818 667 667 667 667 667 256 256 256 256 256 256 256 256 452 452 452 452 452 452 452 452 452 452 452 558 452 452 452 452 452 452 452 452 452 452 452 924 924 924 924 924 924 924 924 340 340 340 340 340 340 340 340 667 667 667 667 667 416 416 416 416 416 416 416 416 416 308 308 308 308 308 308 308 308 308 308 308 308 638 638 638 638 638 446 446 777 777 777 777 256 256 256 256 256 256 256 256 290 290 290 290 290 460 460 460 460 460 460 460 
0 1 2 3 4 5 6 7 8 9 10 11 12 13 14 15 16 17 18 19 20 21 22 23 24 25 26 27 28 29 30 31 32 0 1 2 33 34 35 36 37 38 39 40 41 42 43 44 45 46 47 48 49 33 34 35 36 37 38 39 50 51 52 53 54 55 56 57 58 59 60 61 62 63 64 65 66 67 68 69 50 51 52 3 4 5 6 7 8 9 10 70 71 72 73 74 75 76 77 78 79 80 81 82 83 84 85 86 87 88 89 90 91 92 93 60 83 84 85 86 87 88 89 90 91 92 93 40 41 42 43 44 45 46 47 20 21 22 23 24 25 26 27 70 71 72 73 74 61 62 63 64 65 66 67 68 69 94 95 96 97 98 99 94 95 96 97 98 99 28 29 30 31 32 48 49 16 17 18 19 75 76 77 78 79 80 81 82 11 12 13 14 15 53 54 55 56 57 58 59 
54760
17
5 8 8 5 3 4 6 2 7 5 9 8 7 8 3 1 11 
9 11 20 12 22 9 55 20 24 37 33 38 16 8 6 27 40 
67 51 48 62 36 66 61 64 67 54 54 66 20 36 12 41 47 
290 340 924 638 563 777 308 446 460 667 416 256 925 818 525 558 452 
14 14 14 13 13 13 13 13 13 13 13 0 0 0 0 0 5 5 5 5 1 1 1 1 1 1 1 1 3 3 3 3 3 14 14 14 12 12 12 12 12 12 12 2 2 2 2 2 2 2 2 7 7 12 12 12 12 12 12 12 4 4 4 8 8 8 8 8 8 8 15 10 10 10 10 10 10 10 10 10 4 4 4 13 13 13 13 13 13 13 13 9 9 9 9 9 11 11 11 11 11 11 11 11 16 16 16 16 16 16 16 16 16 16 16 15 16 16 16 16 16 16 16 16 16 16 16 2 2 2 2 2 2 2 2 1 1 1 1 1 1 1 1 9 9 9 9 9 10 10 10 10 10 10 10 10 10 6 6 6 6 6 6 6 6 6 6 6 6 3 3 3 3 3 7 7 5 5 5 5 11 11 11 11 11 11 11 11 0 0 0 0 0 8 8 8 8 8 8 8 