582
100
2
1 1 1 1 1 1 1 1 1 1 4 4 4 4 4 4 4 4 4 4 4 4 4 4 4 6 6 6 6 6 6 8 8 8 8 8 8 8 8 8 12 12 12 12 12 12 12 12 12 14 14 14 14 14 16 16 16 16 16 16 16 16 16 16 16 16 16 20 20 20 20 20 20 20 25 25 25 25 25 26 26 26 26 26 27 27 27 27 27 29 29 29 29 29 29 29 29 29 31 31 31 31 31 31 34 34 34 34 34 36 36 39 39 39 39 39 39 39 39 39 39 39 39 39 43 43 46 46 46 46 46 46 46 46 46 46 46 46 46 46 46 46 47 47 47 47 47 47 50 50 50 50 50 50 50 53 53 53 53 53 55 55 56 56 56 56 56 56 62 62 62 62 62 63 63 63 63 63 63 63 63 63 63 63 63 63 63 63 63 63 63 68 68 68 68 68 68 68 68 68 
181 182 183 184 185 186 187 188 189 190 49 50 51 52 53 133 134 135 148 149 150 151 152 153 154 162 163 164 165 166 167 89 90 91 92 93 94 95 96 97 191 192 193 194 195 196 197 198 199 10 11 12 13 14 98 99 100 101 102 103 126 127 128 129 130 131 132 160 161 104 105 106 107 108 155 156 157 158 159 84 85 86 87 88 79 80 81 82 83 31 32 33 34 35 36 37 38 39 54 55 56 57 58 59 69 70 71 72 73 124 125 168 169 170 171 172 173 174 175 176 177 178 179 180 109 110 60 61 62 63 64 65 66 15 16 17 142 143 144 145 146 147 136 137 138 139 140 141 18 19 20 21 22 23 24 74 75 76 77 78 67 68 25 26 27 28 29 30 111 112 113 114 115 116 117 118 119 120 121 122 123 0 1 2 3 4 5 6 7 8 9 40 41 42 43 44 45 46 47 48 
670 670 670 670 670 670 670 670 670 670 901 901 901 901 901 333 333 333 602 602 602 602 602 602 602 660 660 660 660 660 660 638 638 638 638 638 638 638 638 638 408 408 408 408 408 408 408 408 408 901 901 901 901 901 819 819 819 819 819 819 610 610 610 610 610 610 610 281 281 839 839 839 839 839 768 768 768 768 768 471 471 471 471 471 471 471 471 471 471 638 638 638 638 638 638 638 638 638 819 819 819 819 819 819 839 839 839 839 839 689 689 946 946 946 946 946 271 271 271 271 271 271 271 271 689 689 610 610 610 610 610 610 610 333 333 333 490 490 490 490 490 490 490 490 490 490 490 490 602 602 602 602 602 602 602 768 768 768 768 768 281 281 660 660 660 660 660 660 946 946 946 946 946 271 271 271 271 271 271 271 271 670 670 670 670 670 670 670 670 670 670 408 408 408 408 408 408 408 408 408 
0 1 2 3 4 5 6 7 8 9 10 11 12 13 14 15 16 17 18 19 20 21 22 23 24 25 26 27 28 29 30 31 32 33 34 35 36 37 38 39 40 41 42 43 44 45 46 47 48 10 11 12 13 14 49 50 51 52 53 54 55 56 57 58 59 60 61 62 63 64 65 66 67 68 69 70 71 72 73 74 75 76 77 78 74 75 76 77 78 31 32 33 34 35 36 37 38 39 49 50 51 52 53 54 64 65 66 67 68 79 80 81 82 83 84 85 86 87 88 89 90 91 92 93 79 80 55 56 57 58 59 60 61 15 16 17 94 95 96 97 98 99 94 95 96 97 98 99 18 19 20 21 22 23 24 69 70 71 72 73 62 63 25 26 27 28 29 30 81 82 83 84 85 86 87 88 89 90 91 92 93 0 1 2 3 4 5 6 7 8 9 40 41 42 43 44 45 46 47 48 
61144
17
2 9 5 5 2 5 9 6 7 5 6 3 8 7 5 6 10 
20 8 26 4 36 20 12 16 16 39 6 4 39 4 25 46 1 
55 29 27 14 43 34 68 31 46 62 56 46 63 50 53 47 63 
281 638 471 901 689 839 408 819 610 946 660 333 271 602 768 490 670 
16 16 16 16 16 16 16 16 16 16 3 3 3 3 3 11 11 11 13 13 13 13 13 13 13 10 10 10 10 10 10 1 1 1 1 1 1 1 1 1 6 6 6 6 6 6 6 6 6 3 3 3 3 3 7 7 7 7 7 7 8 8 8 8 8 8 8 0 0 5 5 5 5 5 14 14 14 14 14 2 2 2 2 2 2 2 2 2 2 1 1 1 1 1 1 1 1 1 7 7 7 7 7 7 5 5 5 5 5 4 4 9 9 9 9 9 12 12 12 12 12 12 12 12 4 4 8 8 8 8 8 8 8 11 11 11 15 15 15 15 15 15 15 15 15 15 15 15 13 13 13 13 13 13 13 14 14 14 14 14 0 0 10 10 10 10 10 10 9 9 9 9 9 12 12 12 12 12 12 12 12 16 16 16 16 16 16 16 16 16 16 6 6 6 6 6 6 6 6 6 