194
100
2
4 4 4 4 4 4 4 4 4 4 4 4 8 8 8 8 8 8 8 8 8 8 8 8 8 8 8 8 8 8 8 8 8 8 8 8 11 11 11 11 11 11 11 14 14 14 14 14 14 14 14 14 14 14 14 17 17 17 17 17 17 17 17 17 17 20 20 20 20 20 20 20 20 20 20 20 20 22 22 22 22 22 22 22 22 22 22 22 22 22 22 22 22 22 22 27 27 27 27 27 27 27 27 27 27 28 28 28 28 28 28 28 29 29 29 29 29 29 29 29 29 29 29 29 29 29 29 36 36 36 47 47 47 47 47 47 47 47 47 47 47 47 47 47 47 53 53 53 53 53 53 53 53 53 53 53 56 56 56 56 56 56 56 56 56 56 58 58 58 59 59 59 59 59 59 59 59 59 59 59 64 64 64 64 64 64 64 64 64 64 64 64 67 67 67 67 67 67 67 67 
180 181 182 183 184 185 186 187 188 189 190 191 43 44 45 46 47 48 49 50 51 52 53 54 65 66 67 68 69 70 71 72 73 74 75 76 105 106 107 108 109 110 111 12 13 14 15 16 17 18 19 20 21 22 23 95 96 97 98 99 100 101 102 103 104 24 25 26 27 28 29 30 31 32 33 34 35 192 193 194 195 196 197 198 199 156 157 158 159 160 161 162 163 164 165 55 56 57 58 59 60 61 62 63 64 36 37 38 39 40 41 42 130 131 132 133 134 135 136 137 138 139 140 141 142 143 144 166 167 168 112 113 114 115 116 117 118 119 120 121 122 123 124 125 126 169 170 171 172 173 174 175 176 177 178 179 85 86 87 88 89 90 91 92 93 94 127 128 129 145 146 147 148 149 150 151 152 153 154 155 0 1 2 3 4 5 6 7 8 9 10 11 77 78 79 80 81 82 83 84 
162 162 162 162 162 162 162 162 162 162 162 162 731 731 731 731 731 731 731 731 731 731 731 731 295 295 295 295 295 295 295 295 295 295 295 295 459 459 459 459 459 459 459 731 731 731 731 731 731 731 731 731 731 731 731 887 887 887 887 887 887 887 887 887 887 295 295 295 295 295 295 295 295 295 295 295 295 822 822 822 822 822 822 822 822 800 800 800 800 800 800 800 800 800 800 887 887 887 887 887 887 887 887 887 887 459 459 459 459 459 459 459 435 435 435 435 435 435 435 435 435 435 435 435 435 435 435 734 734 734 435 435 435 435 435 435 435 435 435 435 435 435 435 435 435 787 787 787 787 787 787 787 787 787 787 787 800 800 800 800 800 800 800 800 800 800 734 734 734 787 787 787 787 787 787 787 787 787 787 787 162 162 162 162 162 162 162 162 162 162 162 162 822 822 822 822 822 822 822 822 
0 1 2 3 4 5 6 7 8 9 10 11 12 13 14 15 16 17 18 19 20 21 22 23 24 25 26 27 28 29 30 31 32 33 34 35 36 37 38 39 40 41 42 12 13 14 15 16 17 18 19 20 21 22 23 43 44 45 46 47 48 49 50 51 52 24 25 26 27 28 29 30 31 32 33 34 35 53 54 55 56 57 58 59 60 61 62 63 64 65 66 67 68 69 70 43 44 45 46 47 48 49 50 51 52 36 37 38 39 40 41 42 71 72 73 74 75 76 77 78 79 80 81 82 83 84 85 86 87 88 71 72 73 74 75 76 77 78 79 80 81 82 83 84 85 89 90 91 92 93 94 95 96 97 98 99 61 62 63 64 65 66 67 68 69 70 86 87 88 89 90 91 92 93 94 95 96 97 98 99 0 1 2 3 4 5 6 7 8 9 10 11 53 54 55 56 57 58 59 60 
58299
10
15 8 10 7 11 12 12 3 10 12 
29 22 17 11 53 8 4 36 22 8 
47 67 27 28 59 14 64 58 56 20 
435 822 887 459 787 731 162 734 800 295 
6 6 6 6 6 6 6 6 6 6 6 6 5 5 5 5 5 5 5 5 5 5 5 5 9 9 9 9 9 9 9 9 9 9 9 9 3 3 3 3 3 3 3 5 5 5 5 5 5 5 5 5 5 5 5 2 2 2 2 2 2 2 2 2 2 9 9 9 9 9 9 9 9 9 9 9 9 1 1 1 1 1 1 1 1 8 8 8 8 8 8 8 8 8 8 2 2 2 2 2 2 2 2 2 2 3 3 3 3 3 3 3 0 0 0 0 0 0 0 0 0 0 0 0 0 0 0 7 7 7 0 0 0 0 0 0 0 0 0 0 0 0 0 0 0 4 4 4 4 4 4 4 4 4 4 4 8 8 8 8 8 8 8 8 8 8 7 7 7 4 4 4 4 4 4 4 4 4 4 4 6 6 6 6 6 6 6 6 6 6 6 6 1 1 1 1 1 1 1 1 