912
100
2
3 3 3 3 3 3 3 8 8 8 8 8 8 8 8 8 8 8 9 9 9 9 9 9 9 9 9 9 9 9 10 11 11 11 13 13 13 13 13 13 13 13 14 14 14 14 14 14 14 14 14 14 14 14 14 14 14 14 14 14 14 14 14 14 14 14 14 14 14 14 14 14 14 14 14 14 19 19 19 19 19 19 19 19 19 19 19 21 21 21 21 21 21 21 21 21 21 21 21 21 22 22 22 22 22 22 22 26 26 28 28 28 28 32 32 32 32 32 32 32 32 32 33 33 33 34 34 34 34 34 34 35 35 35 35 35 35 35 39 39 39 39 39 39 39 39 39 39 39 39 40 40 40 40 40 40 40 40 40 40 40 40 40 40 40 42 42 42 42 53 53 55 55 55 56 56 56 57 57 57 57 57 57 58 60 60 62 62 62 65 65 65 65 65 65 65 66 66 66 67 
138 139 140 141 142 143 144 109 110 111 112 189 190 191 192 193 194 195 165 166 167 168 37 38 39 40 41 171 172 173 137 93 184 185 196 197 198 22 23 24 25 26 87 88 89 90 91 92 122 123 124 94 95 96 97 98 99 118 119 120 121 150 151 152 153 154 155 156 157 158 159 160 161 162 163 164 100 101 102 103 104 131 132 133 134 135 136 42 43 44 45 46 47 31 51 52 53 54 55 56 76 77 78 79 80 199 183 169 170 7 8 9 10 145 146 147 148 149 57 58 59 60 48 49 50 177 178 179 180 181 182 81 82 83 84 85 86 30 0 1 2 3 4 5 6 113 114 115 116 117 61 62 63 64 65 66 67 68 69 70 71 72 73 74 75 18 19 20 21 107 108 27 28 29 186 187 188 125 126 127 128 129 130 106 32 33 174 175 176 11 12 13 14 15 16 17 34 35 36 105 
597 597 597 597 597 597 597 989 989 989 989 267 267 267 267 267 267 267 713 713 713 713 375 375 375 375 375 898 898 898 375 437 215 215 367 367 367 375 375 375 375 375 321 321 321 321 321 321 442 442 442 524 524 524 524 524 524 604 604 604 604 919 919 919 919 919 919 919 919 919 919 919 919 919 919 919 751 751 751 751 751 977 977 977 977 977 977 321 321 321 321 321 321 437 524 524 524 524 524 524 751 751 751 751 751 605 433 910 910 989 989 989 989 523 523 523 523 523 604 604 604 604 442 442 442 198 198 198 198 198 198 977 977 977 977 977 977 375 597 597 597 597 597 597 597 523 523 523 523 523 919 919 919 919 919 919 919 919 919 919 919 919 919 919 919 713 713 713 713 910 910 898 898 898 410 410 410 198 198 198 198 198 198 433 215 215 410 410 410 267 267 267 267 267 267 267 367 367 367 605 
0 1 2 3 4 5 6 7 8 9 10 11 12 13 14 15 16 17 18 19 20 21 22 23 24 25 26 27 28 29 30 31 32 33 34 35 36 22 23 24 25 26 37 38 39 40 41 42 43 44 45 46 47 48 49 50 51 52 53 54 55 56 57 58 59 60 61 62 63 64 65 66 67 68 69 70 71 72 73 74 75 76 77 78 79 80 81 37 38 39 40 41 42 31 46 47 48 49 50 51 71 72 73 74 75 82 83 84 85 7 8 9 10 86 87 88 89 90 52 53 54 55 43 44 45 91 92 93 94 95 96 76 77 78 79 80 81 30 0 1 2 3 4 5 6 86 87 88 89 90 56 57 58 59 60 61 62 63 64 65 66 67 68 69 70 18 19 20 21 84 85 27 28 29 97 98 99 91 92 93 94 95 96 83 32 33 97 98 99 11 12 13 14 15 16 17 34 35 36 82 
59873
23
3 6 6 3 5 7 4 7 6 1 1 2 4 3 1 5 5 1 2 3 6 4 15 
13 14 34 56 19 3 8 8 19 22 10 26 9 14 11 9 32 22 11 9 14 14 14 
66 21 57 62 22 39 28 65 35 67 35 53 42 33 21 13 39 58 60 55 21 32 40 
367 321 198 410 751 597 989 267 977 605 375 910 713 442 437 375 523 433 215 898 524 604 919 
5 5 5 5 5 5 5 6 6 6 6 7 7 7 7 7 7 7 12 12 12 12 15 15 15 15 15 19 19 19 10 14 18 18 0 0 0 15 15 15 15 15 1 1 1 1 1 1 13 13 13 20 20 20 20 20 20 21 21 21 21 22 22 22 22 22 22 22 22 22 22 22 22 22 22 22 4 4 4 4 4 8 8 8 8 8 8 1 1 1 1 1 1 14 20 20 20 20 20 20 4 4 4 4 4 9 17 11 11 6 6 6 6 16 16 16 16 16 21 21 21 21 13 13 13 2 2 2 2 2 2 8 8 8 8 8 8 10 5 5 5 5 5 5 5 16 16 16 16 16 22 22 22 22 22 22 22 22 22 22 22 22 22 22 22 12 12 12 12 11 11 19 19 19 3 3 3 2 2 2 2 2 2 17 18 18 3 3 3 7 7 7 7 7 7 7 0 0 0 9 