910
100
2
2 2 2 2 2 2 2 2 2 3 3 3 3 3 3 3 3 4 4 4 4 4 4 4 4 5 16 16 17 17 17 17 17 17 17 17 18 18 18 18 18 18 18 18 20 20 20 20 20 20 24 24 24 24 24 24 25 25 25 25 25 25 25 25 25 25 25 25 31 31 31 31 31 31 31 31 31 31 31 31 32 32 32 32 32 32 32 32 32 32 32 32 33 33 33 33 33 33 33 34 34 34 34 34 34 34 34 34 34 34 37 37 37 37 37 37 37 38 38 38 38 38 38 38 45 45 45 45 45 45 45 47 47 47 47 47 47 47 47 47 48 48 48 48 48 48 48 48 48 48 48 48 48 48 48 48 48 53 53 53 53 53 53 53 56 56 56 56 56 56 56 57 57 57 57 57 57 57 60 60 67 67 67 67 67 67 67 68 68 68 68 69 69 69 69 69 69 69 69 69 
157 158 159 160 87 88 89 90 91 17 18 19 20 21 22 23 24 9 10 11 12 13 14 15 16 163 178 179 36 37 38 39 40 41 42 43 28 29 30 31 32 33 34 35 50 51 52 53 54 55 44 45 46 47 48 49 68 69 70 71 72 73 74 75 76 77 78 79 56 57 58 59 60 61 62 63 64 65 66 67 171 172 173 174 175 176 177 4 5 6 7 8 124 125 126 127 128 129 130 184 185 186 149 150 151 152 153 154 155 156 117 118 119 120 121 122 123 110 111 112 113 114 115 116 92 93 94 95 96 97 98 191 192 193 194 195 196 197 198 199 164 165 166 167 168 169 170 161 162 102 103 104 105 106 107 108 109 0 1 2 3 147 148 25 140 141 142 143 144 145 146 80 81 82 83 84 85 86 26 27 187 188 189 190 99 100 101 180 181 182 183 131 132 133 134 135 136 137 138 139 
848 848 848 848 778 778 778 778 778 860 860 860 860 860 860 860 860 860 860 860 860 860 860 860 860 448 253 253 351 351 351 351 351 351 351 351 351 351 351 351 351 351 351 351 506 506 506 506 506 506 506 506 506 506 506 506 767 767 767 767 767 767 767 767 767 767 767 767 767 767 767 767 767 767 767 767 767 767 767 767 504 504 504 504 504 504 504 778 778 778 778 778 858 858 858 858 858 858 858 323 323 323 827 827 827 827 827 827 827 827 954 954 954 954 954 954 954 954 954 954 954 954 954 954 858 858 858 858 858 858 858 398 398 398 398 398 398 398 398 398 828 828 828 828 828 828 828 461 461 827 827 827 827 827 827 827 827 848 848 848 848 461 461 448 828 828 828 828 828 828 828 504 504 504 504 504 504 504 253 253 730 730 730 730 323 323 323 730 730 730 730 398 398 398 398 398 398 398 398 398 
0 1 2 3 4 5 6 7 8 9 10 11 12 13 14 15 16 9 10 11 12 13 14 15 16 17 18 19 20 21 22 23 24 25 26 27 20 21 22 23 24 25 26 27 28 29 30 31 32 33 28 29 30 31 32 33 34 35 36 37 38 39 40 41 42 43 44 45 34 35 36 37 38 39 40 41 42 43 44 45 46 47 48 49 50 51 52 4 5 6 7 8 53 54 55 56 57 58 59 60 61 62 63 64 65 66 67 68 69 70 71 72 73 74 75 76 77 71 72 73 74 75 76 77 53 54 55 56 57 58 59 78 79 80 81 82 83 84 85 86 87 88 89 90 91 92 93 94 95 63 64 65 66 67 68 69 70 0 1 2 3 94 95 17 87 88 89 90 91 92 93 46 47 48 49 50 51 52 18 19 96 97 98 99 60 61 62 96 97 98 99 78 79 80 81 82 83 84 85 86 
67181
17
7 7 4 7 4 6 7 8 3 2 2 8 5 8 9 1 12 
32 33 67 48 2 20 37 17 34 16 48 34 2 3 47 5 25 
57 45 68 56 53 24 38 18 67 60 53 48 32 4 69 53 31 
504 858 730 828 848 506 954 351 323 253 461 827 778 860 398 448 767 
4 4 4 4 12 12 12 12 12 13 13 13 13 13 13 13 13 13 13 13 13 13 13 13 13 15 9 9 7 7 7 7 7 7 7 7 7 7 7 7 7 7 7 7 5 5 5 5 5 5 5 5 5 5 5 5 16 16 16 16 16 16 16 16 16 16 16 16 16 16 16 16 16 16 16 16 16 16 16 16 0 0 0 0 0 0 0 12 12 12 12 12 1 1 1 1 1 1 1 8 8 8 11 11 11 11 11 11 11 11 6 6 6 6 6 6 6 6 6 6 6 6 6 6 1 1 1 1 1 1 1 14 14 14 14 14 14 14 14 14 3 3 3 3 3 3 3 10 10 11 11 11 11 11 11 11 11 4 4 4 4 10 10 15 3 3 3 3 3 3 3 0 0 0 0 0 0 0 9 9 2 2 2 2 8 8 8 2 2 2 2 14 14 14 14 14 14 14 14 14 