308
100
2
3 3 3 3 3 4 4 4 4 4 4 4 4 4 8 10 12 14 14 14 15 15 15 15 15 15 15 15 15 15 15 15 15 15 15 15 15 15 15 15 15 16 16 16 16 16 16 16 16 16 16 16 16 16 16 16 16 16 16 16 16 17 17 17 17 17 21 21 21 21 21 21 21 22 22 22 22 23 23 23 23 23 23 23 23 25 25 25 25 25 25 25 27 27 27 27 27 27 27 28 28 28 28 30 30 32 32 32 33 33 33 33 35 35 35 35 35 35 36 36 36 36 36 36 36 36 36 37 37 37 37 41 41 41 43 43 44 44 44 45 45 45 45 45 45 50 50 50 50 50 50 50 50 50 52 52 53 53 53 53 53 54 54 54 54 54 54 54 55 55 56 56 56 56 59 59 59 59 59 64 64 64 64 64 64 64 64 65 65 65 65 65 66 66 66 66 66 66 69 69 
161 162 163 164 165 194 195 196 197 87 88 89 90 91 20 16 15 131 132 133 14 41 42 43 44 45 46 47 48 49 50 51 52 53 54 55 56 57 58 59 60 21 22 23 24 25 26 27 28 29 30 31 32 33 34 35 36 37 38 39 40 103 104 136 137 138 183 184 185 186 118 119 120 99 100 101 102 85 86 112 113 114 115 116 117 77 78 9 10 11 12 13 166 167 174 175 176 177 178 73 74 75 76 61 62 151 152 153 179 180 181 182 79 80 81 82 83 84 70 71 72 139 140 141 142 143 144 170 171 172 173 17 18 19 149 150 63 64 65 121 122 123 124 125 126 192 193 154 155 134 135 105 106 107 147 148 187 188 189 190 191 0 1 2 3 4 92 93 198 199 127 128 129 130 94 95 96 97 98 108 109 110 111 66 67 68 69 156 157 158 159 160 145 146 5 6 7 8 168 169 
212 212 212 212 212 801 801 801 801 710 710 710 710 710 311 414 414 815 815 815 311 405 405 405 405 405 405 405 405 405 405 405 405 405 405 405 405 405 405 405 405 405 405 405 405 405 405 405 405 405 405 405 405 405 405 405 405 405 405 405 405 708 708 990 990 990 841 841 841 841 753 753 753 699 699 699 699 789 789 891 891 891 891 891 891 789 789 710 710 710 710 710 763 763 478 478 478 478 478 699 699 699 699 708 708 283 283 283 667 667 667 667 891 891 891 891 891 891 753 753 753 168 168 168 168 168 168 856 856 856 856 815 815 815 399 399 990 990 990 168 168 168 168 168 168 559 559 221 221 399 399 283 283 283 221 221 709 709 709 709 709 212 212 212 212 212 763 763 903 903 856 856 856 856 478 478 478 478 478 667 667 667 667 841 841 841 841 709 709 709 709 709 559 559 801 801 801 801 903 903 
0 1 2 3 4 5 6 7 8 9 10 11 12 13 14 15 15 16 17 18 14 19 20 21 22 23 24 25 26 27 28 29 30 31 32 33 34 35 36 37 38 19 20 21 22 23 24 25 26 27 28 29 30 31 32 33 34 35 36 37 38 39 40 41 42 43 44 45 46 47 48 49 50 51 52 53 54 55 56 57 58 59 60 61 62 55 56 9 10 11 12 13 63 64 65 66 67 68 69 51 52 53 54 39 40 70 71 72 73 74 75 76 57 58 59 60 61 62 48 49 50 77 78 79 80 81 82 83 84 85 86 16 17 18 87 88 41 42 43 77 78 79 80 81 82 89 90 91 92 87 88 70 71 72 91 92 93 94 95 96 97 0 1 2 3 4 63 64 98 99 83 84 85 86 65 66 67 68 69 73 74 75 76 44 45 46 47 93 94 95 96 97 89 90 5 6 7 8 98 99 
58387
25
2 4 2 2 2 4 3 4 1 5 2 1 4 2 3 3 6 2 4 6 3 5 5 5 20 
17 33 50 23 50 4 17 22 8 3 43 10 21 27 21 32 36 55 37 23 14 27 53 4 15 
30 64 66 25 52 66 44 28 15 54 50 12 64 54 36 50 45 69 56 35 41 59 65 25 16 
708 667 559 789 221 801 990 699 311 212 399 414 841 763 753 283 168 903 856 891 815 478 709 710 405 
9 9 9 9 9 5 5 5 5 23 23 23 23 23 8 11 11 20 20 20 8 24 24 24 24 24 24 24 24 24 24 24 24 24 24 24 24 24 24 24 24 24 24 24 24 24 24 24 24 24 24 24 24 24 24 24 24 24 24 24 24 0 0 6 6 6 12 12 12 12 14 14 14 7 7 7 7 3 3 19 19 19 19 19 19 3 3 23 23 23 23 23 13 13 21 21 21 21 21 7 7 7 7 0 0 15 15 15 1 1 1 1 19 19 19 19 19 19 14 14 14 16 16 16 16 16 16 18 18 18 18 20 20 20 10 10 6 6 6 16 16 16 16 16 16 2 2 4 4 10 10 15 15 15 4 4 22 22 22 22 22 9 9 9 9 9 13 13 17 17 18 18 18 18 21 21 21 21 21 1 1 1 1 12 12 12 12 22 22 22 22 22 2 2 5 5 5 5 17 17 