646
100
2
1 1 1 1 1 1 1 4 4 4 4 4 4 4 6 6 6 6 6 6 6 6 13 13 13 13 13 13 13 13 13 13 13 14 14 14 14 14 14 14 14 15 15 15 15 15 15 15 15 17 17 17 17 17 17 17 17 17 18 18 18 18 20 20 23 23 23 23 23 26 26 26 26 26 28 28 30 30 30 30 31 31 31 31 31 31 31 31 37 37 37 37 37 40 40 40 40 40 40 40 40 44 44 45 45 45 45 45 45 45 45 46 46 46 46 46 46 46 46 53 53 53 53 53 53 53 53 55 55 55 55 55 55 55 55 56 56 56 56 56 56 56 56 60 60 60 60 60 60 60 60 60 60 60 60 60 60 60 60 60 60 60 60 61 61 61 61 62 62 62 62 62 62 62 62 62 62 62 62 62 62 62 62 62 62 62 62 63 63 63 63 65 65 65 65 65 66 66 66 66 
7 8 9 10 11 12 13 0 1 2 3 4 5 6 111 112 113 114 115 116 117 118 49 50 51 52 53 54 55 187 188 189 190 135 136 137 138 139 140 141 142 103 104 105 106 107 108 109 110 22 23 24 25 26 27 28 62 63 196 197 198 199 56 57 88 89 90 91 92 191 192 193 194 195 101 102 163 164 165 166 127 128 129 130 131 132 133 134 64 65 66 67 68 119 120 121 122 123 124 125 126 74 75 41 42 43 44 45 46 47 48 14 15 16 17 18 19 20 21 93 94 95 96 97 98 99 100 80 81 82 83 84 85 86 87 33 34 35 36 37 38 39 40 167 168 169 170 171 172 173 174 175 176 177 178 179 180 181 182 183 184 185 186 76 77 78 79 143 144 145 146 147 148 149 150 151 152 153 154 155 156 157 158 159 160 161 162 29 30 31 32 69 70 71 72 73 58 59 60 61 
672 672 672 672 672 672 672 672 672 672 672 672 672 672 779 779 779 779 779 779 779 779 186 186 186 186 186 186 186 337 337 337 337 388 388 388 388 388 388 388 388 611 611 611 611 611 611 611 611 186 186 186 186 186 186 186 160 160 915 915 915 915 160 160 499 499 499 499 499 319 319 319 319 319 607 607 896 896 896 896 353 353 353 353 353 353 353 353 499 499 499 499 499 780 780 780 780 780 780 780 780 607 607 611 611 611 611 611 611 611 611 779 779 779 779 779 779 779 779 780 780 780 780 780 780 780 780 353 353 353 353 353 353 353 353 388 388 388 388 388 388 388 388 238 238 238 700 700 700 700 700 700 700 700 700 700 700 700 700 700 700 700 700 896 896 896 896 238 238 238 700 700 700 700 700 700 700 700 700 700 700 700 700 700 700 700 700 337 337 337 337 319 319 319 319 319 915 915 915 915 
0 1 2 3 4 5 6 0 1 2 3 4 5 6 7 8 9 10 11 12 13 14 15 16 17 18 19 20 21 22 23 24 25 26 27 28 29 30 31 32 33 34 35 36 37 38 39 40 41 15 16 17 18 19 20 21 42 43 44 45 46 47 42 43 48 49 50 51 52 53 54 55 56 57 58 59 60 61 62 63 64 65 66 67 68 69 70 71 48 49 50 51 52 72 73 74 75 76 77 78 79 58 59 34 35 36 37 38 39 40 41 7 8 9 10 11 12 13 14 72 73 74 75 76 77 78 79 64 65 66 67 68 69 70 71 26 27 28 29 30 31 32 33 80 81 82 83 84 85 86 87 88 89 90 91 92 93 94 95 96 97 98 99 60 61 62 63 80 81 82 83 84 85 86 87 88 89 90 91 92 93 94 95 96 97 98 99 22 23 24 25 53 54 55 56 57 44 45 46 47 
56124
16
2 8 5 7 8 7 4 8 8 4 8 5 3 2 4 17 
28 40 26 1 15 13 18 31 6 30 14 23 60 17 13 60 
44 53 65 4 45 17 66 55 46 61 56 37 62 20 63 62 
607 780 319 672 611 186 915 353 779 896 388 499 238 160 337 700 
3 3 3 3 3 3 3 3 3 3 3 3 3 3 8 8 8 8 8 8 8 8 5 5 5 5 5 5 5 14 14 14 14 10 10 10 10 10 10 10 10 4 4 4 4 4 4 4 4 5 5 5 5 5 5 5 13 13 6 6 6 6 13 13 11 11 11 11 11 2 2 2 2 2 0 0 9 9 9 9 7 7 7 7 7 7 7 7 11 11 11 11 11 1 1 1 1 1 1 1 1 0 0 4 4 4 4 4 4 4 4 8 8 8 8 8 8 8 8 1 1 1 1 1 1 1 1 7 7 7 7 7 7 7 7 10 10 10 10 10 10 10 10 12 12 12 15 15 15 15 15 15 15 15 15 15 15 15 15 15 15 15 15 9 9 9 9 12 12 12 15 15 15 15 15 15 15 15 15 15 15 15 15 15 15 15 15 14 14 14 14 2 2 2 2 2 6 6 6 6 