305
100
2
3 3 3 3 3 3 3 3 3 3 3 3 4 4 4 4 4 4 4 4 4 4 4 6 6 6 6 6 6 6 6 6 6 6 8 8 8 8 8 8 8 8 8 8 8 8 9 9 9 9 9 9 9 9 9 9 9 9 9 9 11 11 11 11 11 11 11 12 12 12 12 12 12 12 12 12 12 13 13 13 13 13 13 13 13 13 13 13 13 13 13 13 13 13 13 13 13 13 13 14 14 14 14 14 14 14 14 14 14 14 17 17 17 17 17 21 21 21 28 28 28 28 28 28 28 28 28 28 28 28 28 28 28 28 28 31 31 31 31 33 33 34 34 34 34 34 34 34 34 34 38 38 38 38 38 38 38 38 38 38 38 38 47 47 51 51 51 51 51 54 54 54 54 56 56 56 56 60 60 60 60 60 60 60 60 60 60 60 60 60 60 66 66 66 66 66 66 66 66 66 
150 151 152 153 154 155 156 157 158 159 160 161 23 24 25 26 27 28 29 30 31 32 33 12 13 14 15 16 17 18 19 20 21 22 65 66 67 68 69 70 71 72 73 74 75 76 181 182 183 184 185 186 187 188 189 190 135 136 137 138 77 78 79 80 81 34 35 36 37 38 39 40 41 42 43 44 45 60 61 62 63 64 118 119 120 121 122 123 124 125 126 127 128 129 130 131 132 133 134 141 142 143 144 145 146 147 148 149 162 163 191 192 193 194 195 166 167 168 82 83 84 85 86 87 88 89 90 91 92 93 94 95 96 97 98 56 57 58 59 164 165 99 100 101 102 103 104 105 106 107 0 1 2 3 4 5 6 7 8 9 10 11 108 109 139 140 115 116 117 177 178 179 180 196 197 198 199 169 170 171 172 46 47 48 49 50 51 52 53 54 55 110 111 112 113 114 173 174 175 176 
665 665 665 665 665 665 665 665 665 665 665 665 380 380 380 380 380 380 380 380 380 380 380 380 380 380 380 380 380 380 380 380 380 380 749 749 941 941 941 941 941 941 941 941 941 941 291 291 291 291 291 291 291 291 291 291 869 869 869 869 205 205 205 205 205 749 749 941 941 941 941 941 941 941 941 941 941 205 205 205 205 205 162 162 162 162 162 162 162 162 162 162 162 162 162 162 162 162 162 567 567 567 567 567 567 567 567 567 549 549 354 354 354 354 354 895 895 895 162 162 162 162 162 162 162 162 162 162 162 162 162 162 162 162 162 869 869 869 869 899 899 567 567 567 567 567 567 567 567 567 665 665 665 665 665 665 665 665 665 665 665 665 549 549 899 899 895 895 895 876 876 876 876 685 685 685 685 876 876 876 876 291 291 291 291 291 291 291 291 291 291 354 354 354 354 354 685 685 685 685 
0 1 2 3 4 5 6 7 8 9 10 11 12 13 14 15 16 17 18 19 20 21 22 12 13 14 15 16 17 18 19 20 21 22 23 24 25 26 27 28 29 30 31 32 33 34 35 36 37 38 39 40 41 42 43 44 45 46 47 48 49 50 51 52 53 23 24 25 26 27 28 29 30 31 32 33 34 49 50 51 52 53 54 55 56 57 58 59 60 61 62 63 64 65 66 67 68 69 70 71 72 73 74 75 76 77 78 79 80 81 82 83 84 85 86 87 88 89 54 55 56 57 58 59 60 61 62 63 64 65 66 67 68 69 70 45 46 47 48 90 91 71 72 73 74 75 76 77 78 79 0 1 2 3 4 5 6 7 8 9 10 11 80 81 90 91 87 88 89 92 93 94 95 96 97 98 99 92 93 94 95 35 36 37 38 39 40 41 42 43 44 82 83 84 85 86 96 97 98 99 
51931
15
5 12 2 5 11 4 10 2 9 10 4 3 2 4 17 
11 3 8 17 4 54 8 33 14 9 56 21 14 9 13 
13 38 11 66 6 60 12 51 34 60 66 51 47 31 28 
205 665 749 354 380 876 941 899 567 291 685 895 549 869 162 
1 1 1 1 1 1 1 1 1 1 1 1 4 4 4 4 4 4 4 4 4 4 4 4 4 4 4 4 4 4 4 4 4 4 2 2 6 6 6 6 6 6 6 6 6 6 9 9 9 9 9 9 9 9 9 9 13 13 13 13 0 0 0 0 0 2 2 6 6 6 6 6 6 6 6 6 6 0 0 0 0 0 14 14 14 14 14 14 14 14 14 14 14 14 14 14 14 14 14 8 8 8 8 8 8 8 8 8 12 12 3 3 3 3 3 11 11 11 14 14 14 14 14 14 14 14 14 14 14 14 14 14 14 14 14 13 13 13 13 7 7 8 8 8 8 8 8 8 8 8 1 1 1 1 1 1 1 1 1 1 1 1 12 12 7 7 11 11 11 5 5 5 5 10 10 10 10 5 5 5 5 9 9 9 9 9 9 9 9 9 9 3 3 3 3 3 10 10 10 10 