527
100
2
2 2 2 2 3 3 3 3 3 3 3 3 3 5 5 6 6 6 6 7 7 7 7 7 7 7 7 8 8 8 8 10 10 10 10 10 10 10 11 11 11 11 12 12 12 12 12 12 13 13 13 13 13 13 17 17 17 17 17 17 17 19 19 19 19 19 19 19 19 19 19 19 19 19 19 19 19 19 19 20 20 20 20 21 21 21 21 21 21 24 24 24 24 24 24 24 28 28 29 29 32 32 32 33 33 33 33 33 33 34 34 34 34 34 34 34 34 35 36 37 37 37 37 37 37 38 38 38 38 38 39 39 39 43 43 43 43 43 43 43 43 43 43 43 43 43 43 43 43 43 43 43 43 44 44 44 44 46 46 47 47 47 47 47 47 49 49 49 49 51 51 51 51 51 51 51 51 51 51 53 53 53 53 53 53 54 58 65 65 65 65 65 65 66 66 67 70 70 70 70 
38 39 40 41 173 174 175 176 177 165 166 167 168 96 97 186 130 131 132 61 118 179 180 181 182 183 184 113 114 115 116 89 55 56 57 58 59 60 0 1 2 3 153 154 155 156 98 99 83 84 85 86 87 88 185 32 33 34 35 36 37 19 136 137 138 139 140 141 142 143 144 145 146 147 148 149 150 151 152 196 197 198 199 48 49 50 51 52 53 31 103 104 105 106 107 108 13 14 46 47 133 134 135 90 91 92 93 94 95 169 170 171 172 27 28 29 30 159 20 187 188 189 190 191 192 160 161 162 163 164 16 17 18 100 101 102 62 63 64 65 66 67 68 69 70 71 72 73 74 75 76 77 78 42 43 44 45 193 194 117 125 126 127 128 129 9 10 11 12 109 110 111 112 4 5 6 7 8 195 21 22 23 24 25 26 54 15 119 120 121 122 123 124 157 158 178 79 80 81 82 
993 993 993 993 254 254 254 254 254 327 327 327 327 915 915 843 277 277 277 221 287 818 818 818 818 818 818 974 974 974 974 487 532 532 532 532 532 532 993 993 993 993 692 692 692 692 373 373 911 911 911 911 911 911 188 532 532 532 532 532 532 221 175 175 175 175 175 175 175 175 175 175 175 175 175 175 175 175 175 935 935 935 935 911 911 911 911 911 911 487 635 635 635 635 635 635 915 915 373 373 742 742 742 635 635 635 635 635 635 641 641 641 641 974 974 974 974 992 287 749 749 749 749 749 749 860 860 860 860 860 277 277 277 742 742 742 175 175 175 175 175 175 175 175 175 175 175 175 175 175 175 175 175 692 692 692 692 403 403 992 860 860 860 860 860 327 327 327 327 641 641 641 641 254 254 254 254 254 919 818 818 818 818 818 818 188 843 749 749 749 749 749 749 403 403 919 935 935 935 935 
0 1 2 3 4 5 6 7 8 9 10 11 12 13 14 15 16 17 18 19 20 21 22 23 24 25 26 27 28 29 30 31 32 33 34 35 36 37 0 1 2 3 38 39 40 41 42 43 44 45 46 47 48 49 50 32 33 34 35 36 37 19 51 52 53 54 55 56 57 58 59 60 61 62 63 64 65 66 67 68 69 70 71 44 45 46 47 48 49 31 72 73 74 75 76 77 13 14 42 43 78 79 80 72 73 74 75 76 77 81 82 83 84 27 28 29 30 85 20 86 87 88 89 90 91 92 93 94 95 96 16 17 18 78 79 80 51 52 53 54 55 56 57 58 59 60 61 62 63 64 65 66 67 38 39 40 41 97 98 85 92 93 94 95 96 9 10 11 12 81 82 83 84 4 5 6 7 8 99 21 22 23 24 25 26 50 15 86 87 88 89 90 91 97 98 99 68 69 70 71 
59039
26
1 6 1 2 4 2 6 6 1 5 4 1 1 4 3 4 1 4 5 2 6 1 4 3 6 17 
7 13 10 5 34 46 24 37 7 3 12 51 35 2 32 3 17 20 38 12 7 6 8 6 10 19 
19 21 24 28 51 66 33 65 36 51 44 67 47 11 43 49 54 70 47 29 53 58 34 39 17 43 
221 911 487 915 641 403 635 749 287 254 692 919 992 993 742 327 188 935 860 373 818 843 974 277 532 175 
13 13 13 13 9 9 9 9 9 15 15 15 15 3 3 21 23 23 23 0 8 20 20 20 20 20 20 22 22 22 22 2 24 24 24 24 24 24 13 13 13 13 10 10 10 10 19 19 1 1 1 1 1 1 16 24 24 24 24 24 24 0 25 25 25 25 25 25 25 25 25 25 25 25 25 25 25 25 25 17 17 17 17 1 1 1 1 1 1 2 6 6 6 6 6 6 3 3 19 19 14 14 14 6 6 6 6 6 6 4 4 4 4 22 22 22 22 12 8 7 7 7 7 7 7 18 18 18 18 18 23 23 23 14 14 14 25 25 25 25 25 25 25 25 25 25 25 25 25 25 25 25 25 10 10 10 10 5 5 12 18 18 18 18 18 15 15 15 15 4 4 4 4 9 9 9 9 9 11 20 20 20 20 20 20 16 21 7 7 7 7 7 7 5 5 11 17 17 17 17 