410
100
2
8 8 8 8 8 8 10 10 10 11 11 11 11 11 11 11 11 11 11 11 11 12 12 12 12 12 12 12 12 12 12 12 13 13 13 14 14 14 14 14 14 14 15 15 17 17 17 17 18 18 18 18 18 18 18 18 21 21 23 23 23 23 23 23 23 23 23 23 23 23 23 23 23 27 27 28 28 30 30 30 30 30 30 30 30 30 30 30 30 30 30 31 31 31 31 31 31 31 31 31 31 31 31 31 31 31 31 31 32 34 34 34 34 34 34 34 34 34 38 38 38 38 38 38 38 38 38 38 38 38 38 38 38 38 38 38 38 38 38 43 48 48 56 56 56 56 56 56 56 56 56 56 56 56 56 56 56 56 56 56 56 56 56 60 60 60 60 64 64 64 64 64 65 65 65 65 65 65 65 67 67 67 67 67 67 67 67 67 67 68 68 68 68 68 68 68 68 69 69 69 
140 141 38 39 40 41 169 170 171 179 180 181 182 189 190 191 192 193 194 195 196 77 78 79 76 172 173 174 175 176 177 178 35 36 37 32 33 34 2 3 4 5 73 74 142 143 144 145 80 81 82 83 163 164 165 166 167 168 124 125 126 127 128 129 130 131 75 183 184 185 186 187 188 42 43 66 24 21 22 23 48 49 50 51 132 133 134 135 136 137 138 146 147 148 149 150 151 152 153 154 155 156 157 158 159 160 161 162 139 118 119 120 121 122 123 197 198 199 109 110 111 112 113 114 58 59 60 61 62 63 64 65 84 85 86 87 88 89 90 108 0 1 44 45 46 47 91 92 93 94 95 96 97 98 99 100 101 102 103 104 105 106 107 52 53 54 55 56 57 6 7 8 25 26 27 28 29 30 31 9 10 11 12 67 68 69 70 71 72 13 14 15 16 17 18 19 20 115 116 117 
735 735 604 604 604 604 414 414 414 864 864 864 864 306 306 306 306 306 306 306 306 978 978 978 498 545 545 545 545 545 545 545 830 830 830 830 830 830 604 604 604 604 318 318 941 941 941 941 222 222 222 222 749 749 749 749 778 778 206 206 206 206 206 206 206 206 635 744 744 744 744 744 744 318 318 635 498 978 978 978 222 222 222 222 959 959 959 959 959 959 959 984 984 984 984 984 984 984 984 984 984 984 984 984 984 984 984 984 574 824 824 824 824 824 824 575 575 575 824 824 824 824 824 824 206 206 206 206 206 206 206 206 959 959 959 959 959 959 959 574 735 735 941 941 941 941 984 984 984 984 984 984 984 984 984 984 984 984 984 984 984 984 984 749 749 749 749 778 778 414 414 414 545 545 545 545 545 545 545 864 864 864 864 744 744 744 744 744 744 306 306 306 306 306 306 306 306 575 575 575 
0 1 2 3 4 5 6 7 8 9 10 11 12 13 14 15 16 17 18 19 20 21 22 23 24 25 26 27 28 29 30 31 32 33 34 32 33 34 2 3 4 5 35 36 37 38 39 40 41 42 43 44 45 46 47 48 49 50 51 52 53 54 55 56 57 58 59 60 61 62 63 64 65 35 36 59 24 21 22 23 41 42 43 44 66 67 68 69 70 71 72 73 74 75 76 77 78 79 80 81 82 83 84 85 86 87 88 89 90 91 92 93 94 95 96 97 98 99 91 92 93 94 95 96 51 52 53 54 55 56 57 58 66 67 68 69 70 71 72 90 0 1 37 38 39 40 73 74 75 76 77 78 79 80 81 82 83 84 85 86 87 88 89 45 46 47 48 49 50 6 7 8 25 26 27 28 29 30 31 9 10 11 12 60 61 62 63 64 65 13 14 15 16 17 18 19 20 97 98 99 
68040
22
6 2 2 3 4 2 4 8 1 3 4 1 1 3 4 7 3 8 7 4 6 17 
34 21 8 13 11 15 17 23 32 12 18 23 12 34 8 12 10 11 30 18 23 31 
38 64 48 14 67 27 56 38 43 30 30 28 28 69 14 65 64 68 38 60 67 56 
824 778 735 830 864 318 941 206 574 978 222 635 498 575 604 545 414 306 959 749 744 984 
2 2 14 14 14 14 16 16 16 4 4 4 4 17 17 17 17 17 17 17 17 9 9 9 12 15 15 15 15 15 15 15 3 3 3 3 3 3 14 14 14 14 5 5 6 6 6 6 10 10 10 10 19 19 19 19 1 1 7 7 7 7 7 7 7 7 11 20 20 20 20 20 20 5 5 11 12 9 9 9 10 10 10 10 18 18 18 18 18 18 18 21 21 21 21 21 21 21 21 21 21 21 21 21 21 21 21 21 8 0 0 0 0 0 0 13 13 13 0 0 0 0 0 0 7 7 7 7 7 7 7 7 18 18 18 18 18 18 18 8 2 2 6 6 6 6 21 21 21 21 21 21 21 21 21 21 21 21 21 21 21 21 21 19 19 19 19 1 1 16 16 16 15 15 15 15 15 15 15 4 4 4 4 20 20 20 20 20 20 17 17 17 17 17 17 17 17 13 13 13 