448
100
2
7 7 8 8 8 8 8 8 8 8 8 9 10 10 10 10 10 10 10 10 12 12 14 14 14 14 14 14 14 15 16 16 19 19 19 19 19 21 21 21 21 21 21 21 21 21 21 21 21 21 21 21 21 21 21 21 21 21 21 21 22 22 22 24 24 24 24 24 24 24 24 24 25 25 26 26 26 27 28 28 29 29 29 29 29 32 32 32 32 32 32 32 32 32 37 37 37 40 40 40 40 40 40 40 40 40 44 44 44 44 44 44 44 47 47 48 48 48 48 48 48 48 48 48 48 49 49 55 55 55 55 55 55 55 55 55 55 56 56 59 59 59 60 60 60 60 60 60 60 60 61 61 61 61 61 61 61 61 61 61 61 61 61 61 61 64 64 64 64 64 64 64 66 66 66 66 66 66 66 66 66 66 66 66 66 66 66 66 66 66 66 66 67 67 67 67 67 67 67 67 
20 21 137 138 22 23 24 25 26 27 28 29 192 193 194 195 196 197 198 199 0 1 4 5 6 7 8 9 10 11 113 114 120 121 122 123 124 98 99 100 101 102 103 104 105 177 178 179 180 181 182 183 184 185 186 187 188 189 190 191 117 118 119 85 86 87 88 89 90 91 92 93 115 116 139 140 141 97 125 126 172 173 174 175 176 63 64 65 66 67 68 69 70 71 134 135 136 77 37 38 39 40 41 42 43 44 165 166 167 168 169 170 171 30 31 72 73 60 61 62 32 33 34 35 36 78 79 158 159 160 161 162 163 164 94 95 96 2 3 74 75 76 150 151 152 153 154 155 156 157 142 143 144 145 146 147 148 149 127 128 129 130 131 132 133 106 107 108 109 110 111 112 80 81 82 83 84 45 46 47 48 49 50 51 52 53 54 55 56 57 58 59 12 13 14 15 16 17 18 19 
304 304 188 188 227 227 227 227 227 227 227 731 184 184 184 184 184 184 184 184 304 304 227 227 227 227 227 227 227 731 190 190 789 789 789 789 789 577 577 577 577 577 577 577 577 619 619 619 619 619 619 619 619 619 619 619 619 619 619 619 855 855 855 489 489 489 489 489 489 489 489 489 539 539 742 742 742 855 773 773 257 257 257 257 257 489 489 489 489 489 489 489 489 489 600 600 600 855 577 577 577 577 577 577 577 577 902 902 902 902 902 902 902 190 190 539 539 855 855 855 789 789 789 789 789 773 773 374 374 374 374 374 374 374 600 600 600 188 188 742 742 742 196 196 196 196 196 196 196 196 196 196 196 196 196 196 196 196 374 374 374 374 374 374 374 902 902 902 902 902 902 902 257 257 257 257 257 619 619 619 619 619 619 619 619 619 619 619 619 619 619 619 184 184 184 184 184 184 184 184 
0 1 2 3 4 5 6 7 8 9 10 11 12 13 14 15 16 17 18 19 0 1 4 5 6 7 8 9 10 11 20 21 22 23 24 25 26 27 28 29 30 31 32 33 34 35 36 37 38 39 40 41 42 43 44 45 46 47 48 49 50 51 52 53 54 55 56 57 58 59 60 61 62 63 64 65 66 67 68 69 70 71 72 73 74 53 54 55 56 57 58 59 60 61 75 76 77 67 27 28 29 30 31 32 33 34 78 79 80 81 82 83 84 20 21 62 63 50 51 52 22 23 24 25 26 68 69 85 86 87 88 89 90 91 75 76 77 2 3 64 65 66 92 93 94 95 96 97 98 99 92 93 94 95 96 97 98 99 85 86 87 88 89 90 91 78 79 80 81 82 83 84 70 71 72 73 74 35 36 37 38 39 40 41 42 43 44 45 46 47 48 49 12 13 14 15 16 17 18 19 
49258
20
3 8 2 3 1 7 9 2 8 2 5 7 3 1 5 8 7 2 2 15 
26 60 25 22 27 44 24 7 10 8 19 55 37 9 29 21 8 16 28 21 
59 61 48 48 40 64 32 12 67 56 48 61 55 15 66 40 14 47 49 66 
742 196 539 855 855 902 489 304 184 188 789 374 600 731 257 577 227 190 773 619 
7 7 9 9 16 16 16 16 16 16 16 13 8 8 8 8 8 8 8 8 7 7 16 16 16 16 16 16 16 13 17 17 10 10 10 10 10 15 15 15 15 15 15 15 15 19 19 19 19 19 19 19 19 19 19 19 19 19 19 19 3 3 3 6 6 6 6 6 6 6 6 6 2 2 0 0 0 4 18 18 14 14 14 14 14 6 6 6 6 6 6 6 6 6 12 12 12 4 15 15 15 15 15 15 15 15 5 5 5 5 5 5 5 17 17 2 2 3 3 3 10 10 10 10 10 18 18 11 11 11 11 11 11 11 12 12 12 9 9 0 0 0 1 1 1 1 1 1 1 1 1 1 1 1 1 1 1 1 11 11 11 11 11 11 11 5 5 5 5 5 5 5 14 14 14 14 14 19 19 19 19 19 19 19 19 19 19 19 19 19 19 19 8 8 8 8 8 8 8 8 