459
100
2
1 1 1 1 1 1 1 1 1 4 4 4 4 4 4 4 4 6 6 6 6 6 6 6 6 6 6 9 9 9 9 9 9 9 9 9 10 10 10 10 10 10 10 10 13 13 13 13 13 13 16 16 16 16 16 17 17 17 17 17 17 17 17 17 17 18 18 18 18 18 18 18 18 18 18 18 18 18 18 18 18 18 18 22 22 22 22 22 22 22 22 24 24 24 24 24 24 24 24 24 26 26 26 26 26 26 26 26 26 26 26 26 36 36 36 38 38 38 38 38 38 38 38 38 46 46 50 50 50 50 50 50 50 50 50 50 50 52 52 52 52 52 52 52 52 52 52 52 52 55 55 55 55 55 55 55 55 55 57 57 57 57 57 57 57 57 57 57 57 57 59 59 59 59 59 59 59 60 60 60 60 60 60 60 60 60 60 67 67 67 67 67 67 67 68 68 68 68 68 68 
91 92 93 94 95 96 97 98 99 83 84 85 86 87 88 89 90 124 125 129 130 131 132 133 134 135 136 115 116 117 118 119 120 121 122 123 50 51 52 53 54 126 127 128 194 195 196 197 198 199 36 37 38 39 40 177 178 179 180 181 182 183 184 185 186 137 138 139 140 141 142 143 144 145 149 150 151 152 153 154 155 156 157 9 10 11 12 13 14 15 16 0 1 2 3 4 5 6 7 8 158 159 160 161 162 163 164 165 166 167 168 169 146 147 148 27 28 29 30 31 32 33 34 35 17 18 41 42 43 19 20 21 22 23 24 25 26 65 66 67 68 69 70 71 72 73 112 113 114 74 75 76 77 78 79 80 81 82 100 101 102 103 104 105 106 107 108 109 110 111 187 188 189 190 191 192 193 55 56 57 58 59 60 61 62 63 64 170 171 172 173 174 175 176 44 45 46 47 48 49 
535 535 535 535 535 535 535 535 535 959 959 959 959 959 959 959 959 772 772 200 200 200 200 200 200 200 200 353 353 353 353 353 353 353 353 353 505 505 505 505 505 681 681 681 673 673 673 673 673 673 505 505 505 505 505 753 753 753 753 753 753 753 753 753 753 943 943 943 943 943 943 943 943 943 469 469 469 469 469 469 469 469 469 959 959 959 959 959 959 959 959 535 535 535 535 535 535 535 535 535 721 721 721 721 721 721 721 721 721 721 721 721 873 873 873 353 353 353 353 353 353 353 353 353 772 772 681 681 681 200 200 200 200 200 200 200 200 943 943 943 943 943 943 943 943 943 873 873 873 469 469 469 469 469 469 469 469 469 721 721 721 721 721 721 721 721 721 721 721 721 202 202 202 202 202 202 202 753 753 753 753 753 753 753 753 753 753 202 202 202 202 202 202 202 673 673 673 673 673 673 
0 1 2 3 4 5 6 7 8 9 10 11 12 13 14 15 16 17 18 19 20 21 22 23 24 25 26 27 28 29 30 31 32 33 34 35 36 37 38 39 40 41 42 43 44 45 46 47 48 49 36 37 38 39 40 50 51 52 53 54 55 56 57 58 59 60 61 62 63 64 65 66 67 68 69 70 71 72 73 74 75 76 77 9 10 11 12 13 14 15 16 0 1 2 3 4 5 6 7 8 78 79 80 81 82 83 84 85 86 87 88 89 90 91 92 27 28 29 30 31 32 33 34 35 17 18 41 42 43 19 20 21 22 23 24 25 26 60 61 62 63 64 65 66 67 68 90 91 92 69 70 71 72 73 74 75 76 77 78 79 80 81 82 83 84 85 86 87 88 89 93 94 95 96 97 98 99 50 51 52 53 54 55 56 57 58 59 93 94 95 96 97 98 99 44 45 46 47 48 49 
60337
14
9 9 3 8 5 9 10 7 9 2 6 3 8 12 
1 18 36 4 10 18 17 59 9 6 13 10 6 26 
24 52 52 22 16 55 60 67 38 46 68 50 50 57 
535 943 873 959 505 469 753 202 353 772 673 681 200 721 
0 0 0 0 0 0 0 0 0 3 3 3 3 3 3 3 3 9 9 12 12 12 12 12 12 12 12 8 8 8 8 8 8 8 8 8 4 4 4 4 4 11 11 11 10 10 10 10 10 10 4 4 4 4 4 6 6 6 6 6 6 6 6 6 6 1 1 1 1 1 1 1 1 1 5 5 5 5 5 5 5 5 5 3 3 3 3 3 3 3 3 0 0 0 0 0 0 0 0 0 13 13 13 13 13 13 13 13 13 13 13 13 2 2 2 8 8 8 8 8 8 8 8 8 9 9 11 11 11 12 12 12 12 12 12 12 12 1 1 1 1 1 1 1 1 1 2 2 2 5 5 5 5 5 5 5 5 5 13 13 13 13 13 13 13 13 13 13 13 13 7 7 7 7 7 7 7 6 6 6 6 6 6 6 6 6 6 7 7 7 7 7 7 7 10 10 10 10 10 10 