768
100
2
1 1 1 1 1 1 1 1 1 1 5 5 5 5 7 7 7 10 10 10 11 11 11 11 11 11 11 11 11 12 12 12 15 15 15 15 15 15 15 15 15 15 17 17 18 18 18 18 18 19 19 19 19 19 19 19 19 19 19 19 19 19 21 21 21 21 21 22 22 22 22 22 22 22 22 22 23 23 23 23 23 23 23 23 28 28 31 31 31 31 31 32 32 32 32 32 32 32 32 47 47 50 50 50 51 51 51 51 51 51 51 51 51 53 53 53 53 53 53 53 53 53 54 54 54 54 54 54 54 54 54 54 54 54 54 54 54 54 54 55 55 55 55 55 57 57 57 57 57 57 57 57 57 57 58 58 58 58 58 58 58 58 58 58 66 66 68 68 68 68 68 68 68 68 68 68 68 68 69 69 69 69 69 70 70 70 70 70 70 70 70 70 70 70 70 70 70 70 70 70 
154 155 156 157 158 159 160 161 162 163 166 167 168 169 17 18 19 14 15 16 104 105 106 107 108 109 110 111 112 101 102 103 144 145 146 147 148 149 150 151 152 153 84 85 62 63 64 65 66 139 140 141 142 143 91 92 93 94 95 96 97 98 44 45 46 47 48 113 114 115 116 117 118 119 120 121 170 171 172 173 174 175 176 177 42 43 178 179 180 181 182 54 55 56 57 58 59 60 61 164 165 29 30 31 20 21 22 23 24 25 26 27 28 67 68 69 70 71 72 73 74 75 183 184 185 186 187 188 189 190 191 192 193 194 195 196 197 198 199 49 50 51 52 53 32 33 34 35 36 37 38 39 40 41 0 1 2 3 4 5 6 7 8 9 99 100 10 11 12 13 76 77 78 79 80 81 82 83 86 87 88 89 90 122 123 124 125 126 127 128 129 130 131 132 133 134 135 136 137 138 
992 992 992 992 992 992 992 992 992 992 157 157 157 157 842 842 842 842 842 842 797 797 797 797 797 797 797 797 797 545 545 545 415 415 415 415 415 415 415 415 415 415 655 655 778 778 778 778 778 796 796 796 796 796 367 367 367 367 367 367 367 367 778 778 778 778 778 640 640 640 640 640 640 640 640 640 614 614 614 614 614 614 614 614 655 655 236 236 236 236 236 367 367 367 367 367 367 367 367 460 460 545 545 545 797 797 797 797 797 797 797 797 797 640 640 640 640 640 640 640 640 640 561 561 561 561 561 561 561 561 561 561 561 561 561 561 561 561 561 796 796 796 796 796 415 415 415 415 415 415 415 415 415 415 992 992 992 992 992 992 992 992 992 992 460 460 157 157 157 157 614 614 614 614 614 614 614 614 236 236 236 236 236 561 561 561 561 561 561 561 561 561 561 561 561 561 561 561 561 561 
0 1 2 3 4 5 6 7 8 9 10 11 12 13 14 15 16 14 15 16 17 18 19 20 21 22 23 24 25 26 27 28 29 30 31 32 33 34 35 36 37 38 39 40 41 42 43 44 45 46 47 48 49 50 51 52 53 54 55 56 57 58 41 42 43 44 45 59 60 61 62 63 64 65 66 67 68 69 70 71 72 73 74 75 39 40 76 77 78 79 80 51 52 53 54 55 56 57 58 81 82 26 27 28 17 18 19 20 21 22 23 24 25 59 60 61 62 63 64 65 66 67 83 84 85 86 87 88 89 90 91 92 93 94 95 96 97 98 99 46 47 48 49 50 29 30 31 32 33 34 35 36 37 38 0 1 2 3 4 5 6 7 8 9 81 82 10 11 12 13 68 69 70 71 72 73 74 75 76 77 78 79 80 83 84 85 86 87 88 89 90 91 92 93 94 95 96 97 98 99 
60457
15
3 5 2 2 5 3 5 4 9 8 10 10 9 8 17 
12 31 17 47 19 7 18 5 11 19 15 1 22 23 54 
50 69 28 66 55 10 21 68 51 32 57 58 53 68 70 
545 236 655 460 796 842 778 157 797 367 415 992 640 614 561 
11 11 11 11 11 11 11 11 11 11 7 7 7 7 5 5 5 5 5 5 8 8 8 8 8 8 8 8 8 0 0 0 10 10 10 10 10 10 10 10 10 10 2 2 6 6 6 6 6 4 4 4 4 4 9 9 9 9 9 9 9 9 6 6 6 6 6 12 12 12 12 12 12 12 12 12 13 13 13 13 13 13 13 13 2 2 1 1 1 1 1 9 9 9 9 9 9 9 9 3 3 0 0 0 8 8 8 8 8 8 8 8 8 12 12 12 12 12 12 12 12 12 14 14 14 14 14 14 14 14 14 14 14 14 14 14 14 14 14 4 4 4 4 4 10 10 10 10 10 10 10 10 10 10 11 11 11 11 11 11 11 11 11 11 3 3 7 7 7 7 13 13 13 13 13 13 13 13 1 1 1 1 1 14 14 14 14 14 14 14 14 14 14 14 14 14 14 14 14 14 