800
100
2
1 1 1 1 1 5 5 5 5 5 5 5 6 6 6 6 6 6 9 9 10 10 10 10 10 10 10 10 11 11 11 11 11 11 11 11 11 11 11 11 11 11 11 11 16 16 16 16 16 16 18 18 18 19 19 19 19 19 19 20 20 20 20 20 20 20 22 22 24 24 24 27 27 27 32 32 32 32 32 32 35 35 35 35 35 35 35 35 37 37 37 37 37 37 37 37 37 37 37 39 39 39 39 39 39 39 39 39 39 39 39 39 39 39 39 39 39 48 48 48 48 48 48 48 48 48 49 49 49 49 49 49 49 49 53 53 53 53 53 53 53 53 53 53 56 56 56 56 56 56 56 56 56 59 59 59 59 59 59 59 59 59 59 59 59 59 59 59 59 63 63 63 63 63 63 65 65 65 65 65 65 67 67 67 67 67 67 67 67 67 67 67 67 67 67 67 67 68 68 68 
94 95 96 97 98 59 60 61 62 63 64 65 44 45 46 47 48 49 66 67 99 100 101 102 103 104 105 106 181 182 183 184 185 186 187 188 189 190 191 192 193 194 195 196 12 13 14 15 16 17 197 198 199 74 75 76 77 78 79 5 6 7 8 9 10 11 18 19 71 72 73 68 69 70 53 54 55 56 57 58 126 127 128 129 130 131 132 133 175 176 177 178 179 180 0 1 2 3 4 20 21 22 23 24 25 26 27 159 160 161 162 163 164 165 166 167 168 144 145 146 147 148 149 150 151 152 80 81 82 83 84 85 86 87 135 134 137 136 139 138 141 140 143 142 117 118 119 120 121 122 123 124 125 169 170 171 172 173 174 107 108 109 110 111 112 113 114 115 116 153 154 155 156 157 158 88 89 90 91 92 93 28 29 30 31 32 33 34 35 36 37 38 39 40 41 42 43 50 51 52 
159 159 159 159 159 400 400 400 400 400 400 400 850 850 850 850 850 850 841 841 836 836 836 836 836 836 836 836 209 209 209 209 209 209 209 209 209 209 209 209 209 209 209 209 850 850 850 850 850 850 398 398 398 258 258 258 258 258 258 400 400 400 400 400 400 400 841 841 225 225 225 225 225 225 258 258 258 258 258 258 702 702 702 702 702 702 702 702 175 175 175 175 175 175 159 159 159 159 159 836 836 836 836 836 836 836 836 990 990 990 990 990 990 990 990 990 990 678 678 678 678 678 678 678 678 678 702 702 702 702 702 702 702 702 918 918 918 918 918 918 918 918 918 918 678 678 678 678 678 678 678 678 678 744 744 744 744 744 744 990 990 990 990 990 990 990 990 990 990 744 744 744 744 744 744 175 175 175 175 175 175 209 209 209 209 209 209 209 209 209 209 209 209 209 209 209 209 398 398 398 
0 1 2 3 4 5 6 7 8 9 10 11 12 13 14 15 16 17 18 19 20 21 22 23 24 25 26 27 28 29 30 31 32 33 34 35 36 37 38 39 40 41 42 43 12 13 14 15 16 17 44 45 46 47 48 49 50 51 52 5 6 7 8 9 10 11 18 19 53 54 55 53 54 55 47 48 49 50 51 52 56 57 58 59 60 61 62 63 64 65 66 67 68 69 0 1 2 3 4 20 21 22 23 24 25 26 27 70 71 72 73 74 75 76 77 78 79 80 81 82 83 84 85 86 87 88 56 57 58 59 60 61 62 63 89 89 90 90 91 91 92 92 93 93 80 81 82 83 84 85 86 87 88 94 95 96 97 98 99 70 71 72 73 74 75 76 77 78 79 94 95 96 97 98 99 64 65 66 67 68 69 28 29 30 31 32 33 34 35 36 37 38 39 40 41 42 43 44 45 46 
55548
15
7 8 6 2 3 3 6 5 8 6 9 6 10 5 16 
5 35 19 9 24 18 37 53 10 59 48 6 39 1 11 
20 49 32 22 27 68 65 53 39 63 56 16 59 37 67 
400 702 258 841 225 398 175 918 836 744 678 850 990 159 209 
13 13 13 13 13 0 0 0 0 0 0 0 11 11 11 11 11 11 3 3 8 8 8 8 8 8 8 8 14 14 14 14 14 14 14 14 14 14 14 14 14 14 14 14 11 11 11 11 11 11 5 5 5 2 2 2 2 2 2 0 0 0 0 0 0 0 3 3 4 4 4 4 4 4 2 2 2 2 2 2 1 1 1 1 1 1 1 1 6 6 6 6 6 6 13 13 13 13 13 8 8 8 8 8 8 8 8 12 12 12 12 12 12 12 12 12 12 10 10 10 10 10 10 10 10 10 1 1 1 1 1 1 1 1 7 7 7 7 7 7 7 7 7 7 10 10 10 10 10 10 10 10 10 9 9 9 9 9 9 12 12 12 12 12 12 12 12 12 12 9 9 9 9 9 9 6 6 6 6 6 6 14 14 14 14 14 14 14 14 14 14 14 14 14 14 14 14 5 5 5 