129
100
2
1 1 1 3 3 3 3 3 3 3 3 7 7 7 7 8 8 8 8 9 11 11 11 11 11 11 11 11 11 11 11 11 11 11 11 11 11 14 14 16 16 16 16 16 16 16 18 18 18 18 19 19 19 19 19 19 19 19 19 19 19 19 20 20 20 22 22 26 26 26 26 26 26 28 28 28 29 29 29 29 32 32 32 33 33 33 33 33 34 34 34 34 34 34 34 34 34 34 34 34 34 34 34 34 34 35 35 35 35 35 35 35 35 37 37 37 40 40 44 44 44 44 44 44 44 44 45 45 45 49 49 49 49 49 49 49 49 51 51 51 51 51 51 52 52 52 52 52 53 53 53 53 53 53 53 53 53 53 54 54 54 54 54 54 55 55 55 55 55 55 56 57 57 57 57 60 60 60 60 60 65 65 65 65 67 67 67 67 67 67 67 67 67 67 67 69 69 69 69 69 
118 119 120 184 185 186 195 196 197 198 199 15 16 17 18 11 12 13 14 170 88 89 90 91 92 93 94 95 96 97 98 99 100 101 102 103 104 153 142 54 55 56 57 73 74 75 179 80 81 82 175 176 177 178 39 40 41 42 76 77 78 79 143 144 145 162 163 180 181 182 183 146 147 43 44 45 58 59 60 61 47 48 49 137 138 139 140 141 20 21 22 23 24 25 26 27 28 29 30 31 32 33 34 35 36 129 130 131 132 133 134 135 136 126 127 128 164 165 0 1 2 148 149 150 151 152 113 114 115 105 106 107 108 109 110 111 112 83 84 85 86 87 38 62 63 64 71 72 121 122 123 124 125 37 166 167 168 169 187 188 189 190 65 66 116 117 154 155 156 157 19 191 192 193 194 50 51 52 53 46 67 68 69 70 3 4 5 158 159 160 161 171 172 173 174 6 7 8 9 10 
828 828 828 486 486 486 412 412 412 412 412 649 649 649 649 649 649 649 649 182 658 658 658 658 658 658 658 658 658 658 658 658 658 658 658 658 658 493 203 182 182 182 182 692 692 155 187 383 383 383 512 512 512 512 182 182 182 182 703 703 703 703 890 890 890 227 227 579 579 579 579 871 871 692 692 155 703 703 703 703 383 383 383 823 823 823 823 823 658 658 658 658 658 658 658 658 658 658 658 658 658 658 658 658 658 627 627 627 495 495 495 495 495 467 467 467 862 862 828 828 828 265 265 265 265 265 467 467 467 627 627 627 495 495 495 495 495 823 823 823 823 823 203 890 890 890 871 871 265 265 265 265 265 493 462 462 462 462 394 394 394 394 227 227 862 862 462 462 462 462 182 979 979 979 979 512 512 512 512 187 579 579 579 579 486 486 486 394 394 394 394 979 979 979 979 412 412 412 412 412 
0 1 2 3 4 5 6 7 8 9 10 11 12 13 14 11 12 13 14 15 16 17 18 19 20 21 22 23 24 25 26 27 28 29 30 31 32 33 34 35 36 37 38 39 40 41 42 43 44 45 46 47 48 49 35 36 37 38 50 51 52 53 54 55 56 57 58 59 60 61 62 63 64 39 40 41 50 51 52 53 43 44 45 65 66 67 68 69 16 17 18 19 20 21 22 23 24 25 26 27 28 29 30 31 32 70 71 72 73 74 75 76 77 78 79 80 81 82 0 1 2 83 84 85 86 87 78 79 80 70 71 72 73 74 75 76 77 65 66 67 68 69 34 54 55 56 63 64 83 84 85 86 87 33 88 89 90 91 92 93 94 95 57 58 81 82 88 89 90 91 15 96 97 98 99 46 47 48 49 42 59 60 61 62 3 4 5 92 93 94 95 96 97 98 99 6 7 8 9 10 
56568
28
3 5 4 4 4 3 3 2 4 3 1 1 1 5 4 4 2 2 1 3 5 4 2 1 3 4 5 17 
1 44 19 26 16 20 3 40 7 37 18 14 9 33 53 54 16 26 14 18 3 19 22 16 35 57 35 11 
44 53 60 65 19 52 67 55 8 45 60 53 56 51 55 67 28 52 51 32 69 29 54 28 49 67 49 34 
828 265 512 579 182 890 486 862 649 467 187 493 182 823 462 394 692 871 203 383 412 703 227 155 627 979 495 658 
0 0 0 6 6 6 20 20 20 20 20 8 8 8 8 8 8 8 8 12 27 27 27 27 27 27 27 27 27 27 27 27 27 27 27 27 27 11 18 4 4 4 4 16 16 23 10 19 19 19 2 2 2 2 4 4 4 4 21 21 21 21 5 5 5 22 22 3 3 3 3 17 17 16 16 23 21 21 21 21 19 19 19 13 13 13 13 13 27 27 27 27 27 27 27 27 27 27 27 27 27 27 27 27 27 24 24 24 26 26 26 26 26 9 9 9 7 7 0 0 0 1 1 1 1 1 9 9 9 24 24 24 26 26 26 26 26 13 13 13 13 13 18 5 5 5 17 17 1 1 1 1 1 11 14 14 14 14 15 15 15 15 22 22 7 7 14 14 14 14 12 25 25 25 25 2 2 2 2 10 3 3 3 3 6 6 6 15 15 15 15 25 25 25 25 20 20 20 20 20 