406
100
2
1 1 1 4 5 5 5 5 6 6 6 6 6 6 9 11 14 14 14 14 15 15 15 15 15 15 18 18 18 18 18 18 18 18 18 18 19 22 22 22 22 23 24 24 24 24 24 25 25 25 26 26 26 29 29 29 29 31 31 32 32 32 32 33 33 33 33 34 34 34 34 34 34 34 34 34 34 34 34 34 34 34 34 35 35 35 35 37 37 37 38 38 38 38 38 38 38 38 38 38 38 38 38 38 38 38 38 38 39 39 39 39 39 43 43 43 45 45 45 45 45 45 45 45 45 45 46 46 48 48 48 48 48 48 48 48 48 48 49 49 49 49 49 49 50 50 50 51 51 51 51 51 53 53 53 54 54 54 55 55 55 55 55 55 55 55 55 55 60 60 60 60 60 61 61 61 62 62 62 62 62 62 62 62 62 62 66 66 67 67 67 67 67 67 67 68 68 68 68 69 
152 153 154 36 37 38 39 40 83 84 85 86 166 167 127 63 140 141 142 143 138 139 59 60 61 62 128 129 130 131 132 181 182 183 184 185 3 4 5 6 7 187 108 109 110 111 112 147 148 149 113 114 115 177 178 179 180 90 91 22 23 24 25 15 163 164 165 92 93 94 95 96 97 98 99 100 101 102 103 104 105 106 107 8 9 10 11 144 145 146 57 58 67 68 69 70 71 72 73 74 75 76 77 78 79 80 81 82 42 43 44 45 46 50 51 52 168 169 170 171 172 174 175 155 156 157 199 14 26 27 28 29 30 158 159 160 161 162 20 21 16 17 18 19 87 88 89 47 48 49 188 189 0 1 2 123 124 125 133 134 135 136 137 64 65 66 12 13 116 117 118 119 120 190 121 122 186 53 54 55 56 31 32 33 34 35 176 41 150 151 173 195 196 197 198 191 192 193 194 126 
553 553 553 879 360 360 360 360 598 598 598 598 608 608 427 904 541 541 541 541 346 346 441 441 441 441 156 156 156 156 156 268 268 268 268 268 879 360 360 360 360 253 837 837 837 837 837 893 893 893 717 717 717 410 410 410 410 318 318 441 441 441 441 904 709 709 709 168 168 168 168 168 168 168 168 168 168 168 168 168 168 168 168 598 598 598 598 823 823 823 318 318 168 168 168 168 168 168 168 168 168 168 168 168 168 168 168 168 837 837 837 837 837 717 717 717 470 470 470 470 470 850 850 496 496 496 338 427 156 156 156 156 156 279 279 279 279 279 346 346 541 541 541 541 823 823 823 893 893 893 661 661 553 553 553 496 496 496 279 279 279 279 279 709 709 709 608 608 470 470 470 470 470 542 850 850 435 410 410 410 410 268 268 268 268 268 435 253 661 661 542 320 320 320 320 320 320 320 320 338 
0 1 2 3 4 5 6 7 8 9 10 11 12 13 14 15 16 17 18 19 20 21 22 23 24 25 26 27 28 29 30 31 32 33 34 35 3 4 5 6 7 36 37 38 39 40 41 42 43 44 45 46 47 48 49 50 51 52 53 22 23 24 25 15 54 55 56 57 58 59 60 61 62 63 64 65 66 67 68 69 70 71 72 8 9 10 11 73 74 75 52 53 57 58 59 60 61 62 63 64 65 66 67 68 69 70 71 72 37 38 39 40 41 45 46 47 76 77 78 79 80 81 82 83 84 85 86 14 26 27 28 29 30 87 88 89 90 91 20 21 16 17 18 19 73 74 75 42 43 44 92 93 0 1 2 83 84 85 87 88 89 90 91 54 55 56 12 13 76 77 78 79 80 94 81 82 95 48 49 50 51 31 32 33 34 35 95 36 92 93 94 96 97 98 99 96 97 98 99 86 
45335
30
3 5 2 1 1 5 4 5 4 2 3 2 1 3 2 3 1 4 5 1 4 4 4 3 1 5 2 1 3 16 
25 45 51 62 61 18 6 48 29 31 26 15 11 1 45 45 23 14 24 4 67 15 5 33 46 18 6 9 37 34 
51 60 67 66 67 48 35 55 62 38 43 49 33 53 61 54 66 49 39 19 68 32 22 55 69 62 55 46 50 38 
893 470 661 435 542 156 598 279 410 318 717 346 904 553 850 496 253 541 837 879 320 441 360 709 338 268 608 427 823 168 
13 13 13 19 22 22 22 22 6 6 6 6 26 26 27 12 17 17 17 17 11 11 21 21 21 21 5 5 5 5 5 25 25 25 25 25 19 22 22 22 22 16 18 18 18 18 18 0 0 0 10 10 10 8 8 8 8 9 9 21 21 21 21 12 23 23 23 29 29 29 29 29 29 29 29 29 29 29 29 29 29 29 29 6 6 6 6 28 28 28 9 9 29 29 29 29 29 29 29 29 29 29 29 29 29 29 29 29 18 18 18 18 18 10 10 10 1 1 1 1 1 14 14 15 15 15 24 27 5 5 5 5 5 7 7 7 7 7 11 11 17 17 17 17 28 28 28 0 0 0 2 2 13 13 13 15 15 15 7 7 7 7 7 23 23 23 26 26 1 1 1 1 1 4 14 14 3 8 8 8 8 25 25 25 25 25 3 16 2 2 4 20 20 20 20 20 20 20 20 24 