1
100
2
1 1 1 1 1 2 2 2 2 2 2 2 2 2 4 4 4 4 4 5 5 6 6 7 7 7 7 7 7 8 9 9 9 9 9 9 9 9 9 9 10 11 11 12 12 12 12 12 12 15 15 15 20 20 20 20 20 22 22 22 24 24 24 25 25 25 26 26 26 26 26 26 26 26 26 26 27 27 27 27 30 30 30 30 30 33 33 33 33 33 33 34 34 34 36 38 38 38 38 40 43 43 43 43 43 44 44 44 44 45 45 45 45 48 48 48 49 49 49 49 49 49 50 50 50 50 50 50 50 50 50 50 50 52 52 52 52 53 53 53 53 57 57 57 57 57 57 57 58 58 58 58 58 58 58 58 58 58 58 58 58 58 58 58 59 59 59 59 59 59 63 63 63 63 63 63 63 63 63 63 63 63 63 63 63 63 67 67 67 67 68 68 68 68 68 68 68 68 68 68 
71 72 73 74 75 76 77 78 164 165 166 167 168 169 43 44 45 46 94 20 19 27 28 36 37 38 39 21 22 118 190 191 192 193 194 52 23 24 25 26 41 40 186 14 15 16 17 57 58 137 138 139 35 95 96 97 98 47 48 79 91 92 93 119 120 121 124 125 126 127 128 0 1 2 3 4 5 6 7 59 116 117 141 142 143 122 123 109 110 111 112 60 61 62 18 53 54 55 56 140 195 196 197 198 199 129 130 131 132 87 88 89 90 187 188 189 80 81 29 63 64 65 85 86 66 67 68 69 70 105 106 107 108 144 145 146 147 49 50 51 99 82 83 84 133 134 135 136 170 171 172 173 174 175 176 177 178 179 180 181 182 183 184 185 8 9 10 11 12 13 148 149 150 151 152 153 154 155 156 157 158 159 160 161 162 163 42 113 114 115 30 31 32 33 34 100 101 102 103 104 
290 290 290 290 290 625 625 625 925 925 925 925 925 925 836 836 836 836 534 184 184 722 722 680 680 680 680 722 722 950 562 562 562 562 562 552 680 680 680 680 182 182 718 836 836 836 836 320 320 672 672 672 552 405 405 405 405 320 320 715 559 559 559 719 719 719 683 683 683 683 683 290 290 290 290 290 625 625 625 715 859 859 410 410 410 287 287 463 463 463 463 559 559 559 534 405 405 405 405 522 614 614 614 614 614 530 530 530 530 463 463 463 463 336 336 336 859 859 950 719 719 719 287 287 683 683 683 683 683 530 530 530 530 812 812 812 812 672 672 672 522 410 410 410 812 812 812 812 308 308 308 308 308 308 308 308 308 308 308 308 308 308 308 308 925 925 925 925 925 925 308 308 308 308 308 308 308 308 308 308 308 308 308 308 308 308 718 336 336 336 562 562 562 562 562 614 614 614 614 614 
0 1 2 3 4 5 6 7 8 9 10 11 12 13 14 15 16 17 18 19 19 20 21 22 23 24 25 20 21 26 27 28 29 30 31 32 22 23 24 25 33 33 34 14 15 16 17 35 36 37 38 39 32 40 41 42 43 35 36 44 45 46 47 48 49 50 51 52 53 54 55 0 1 2 3 4 5 6 7 44 56 57 58 59 60 61 62 63 64 65 66 45 46 47 18 40 41 42 43 67 68 69 70 71 72 73 74 75 76 63 64 65 66 77 78 79 56 57 26 48 49 50 61 62 51 52 53 54 55 73 74 75 76 80 81 82 83 37 38 39 67 58 59 60 80 81 82 83 84 85 86 87 88 89 90 91 92 93 94 95 96 97 98 99 8 9 10 11 12 13 84 85 86 87 88 89 90 91 92 93 94 95 96 97 98 99 34 77 78 79 27 28 29 30 31 68 69 70 71 72 
54823
30
3 2 5 4 3 2 5 5 4 1 5 4 3 2 1 1 2 1 1 6 3 1 1 1 3 3 4 4 4 16 
2 33 26 4 24 12 9 43 44 9 1 7 15 6 10 22 30 5 11 2 30 8 40 4 25 48 52 33 20 58 
27 50 50 12 34 22 68 68 50 20 26 9 53 7 11 27 49 5 67 59 57 49 53 36 49 67 57 45 38 63 
625 287 683 836 559 320 562 614 530 552 290 680 672 722 182 715 859 184 718 925 410 950 522 534 719 336 812 463 405 308 
10 10 10 10 10 0 0 0 19 19 19 19 19 19 3 3 3 3 23 17 17 13 13 11 11 11 11 13 13 21 6 6 6 6 6 9 11 11 11 11 14 14 18 3 3 3 3 5 5 12 12 12 9 28 28 28 28 5 5 15 4 4 4 24 24 24 2 2 2 2 2 10 10 10 10 10 0 0 0 15 16 16 20 20 20 1 1 27 27 27 27 4 4 4 23 28 28 28 28 22 7 7 7 7 7 8 8 8 8 27 27 27 27 25 25 25 16 16 21 24 24 24 1 1 2 2 2 2 2 8 8 8 8 26 26 26 26 12 12 12 22 20 20 20 26 26 26 26 29 29 29 29 29 29 29 29 29 29 29 29 29 29 29 29 19 19 19 19 19 19 29 29 29 29 29 29 29 29 29 29 29 29 29 29 29 29 18 25 25 25 6 6 6 6 6 7 7 7 7 7 