70
100
2
5 5 5 5 5 5 8 8 8 8 8 9 9 9 9 12 12 12 12 12 12 12 12 12 15 15 15 15 15 15 15 15 15 15 15 17 17 17 17 17 18 18 18 18 18 20 20 20 20 20 20 20 20 20 20 20 20 20 20 20 20 20 20 22 22 22 23 23 23 25 25 25 25 27 27 27 29 29 32 32 32 32 32 33 33 33 33 33 34 34 34 34 34 35 35 38 38 38 38 40 40 40 40 40 41 43 43 43 43 43 43 43 43 43 43 43 44 44 44 44 44 44 45 45 45 45 45 45 45 45 45 45 45 45 45 45 46 49 49 51 51 51 51 51 51 52 52 52 52 52 52 52 52 52 52 52 52 55 55 55 56 56 56 56 56 58 58 58 58 58 58 58 58 58 58 58 59 59 59 59 59 59 60 60 60 60 60 60 60 62 62 62 62 62 62 64 64 64 64 64 
170 171 172 173 174 72 35 36 37 38 39 116 117 118 119 24 25 26 27 28 148 149 150 151 15 16 17 18 19 182 183 184 185 186 187 6 7 8 9 10 165 166 167 168 169 176 177 178 179 122 123 124 125 126 127 128 129 130 131 132 133 134 135 76 77 68 93 94 65 145 146 147 5 157 158 159 63 64 160 161 162 163 164 111 112 113 114 115 195 196 197 198 199 66 67 191 192 193 194 152 153 154 155 156 188 139 140 141 142 143 144 83 84 85 86 87 11 12 13 14 180 181 49 50 51 52 53 54 55 56 57 58 59 60 61 62 175 189 190 105 106 107 108 109 110 69 70 71 20 21 22 23 99 100 101 102 103 73 74 75 78 79 80 81 82 40 41 42 43 44 0 1 2 3 4 136 45 46 47 48 120 121 29 30 31 32 33 34 104 137 138 95 96 97 98 88 89 90 91 92 
398 398 398 398 398 278 546 546 546 546 546 427 427 427 427 646 646 646 646 646 824 824 824 824 646 646 646 646 646 327 327 327 327 327 327 546 546 546 546 546 994 994 994 994 994 525 525 525 525 798 798 798 798 798 798 798 798 798 798 798 798 798 798 652 652 537 607 607 537 213 213 213 278 885 885 885 652 652 329 329 329 329 329 1000 1000 1000 1000 1000 451 451 451 451 451 607 607 683 683 683 683 662 662 662 662 662 287 696 696 696 696 696 696 1000 1000 1000 1000 1000 427 427 427 427 556 556 798 798 798 798 798 798 798 798 798 798 798 798 798 798 772 830 830 696 696 696 696 696 696 213 213 213 824 824 824 824 662 662 662 662 662 885 885 885 329 329 329 329 329 994 994 994 994 994 398 398 398 398 398 772 525 525 525 525 556 556 327 327 327 327 327 327 287 830 830 683 683 683 683 451 451 451 451 451 
0 1 2 3 4 5 6 7 8 9 10 11 12 13 14 15 16 17 18 19 20 21 22 23 15 16 17 18 19 24 25 26 27 28 29 6 7 8 9 10 30 31 32 33 34 35 36 37 38 39 40 41 42 43 44 45 46 47 48 49 50 51 52 53 54 55 56 57 55 58 59 60 5 61 62 63 53 54 64 65 66 67 68 69 70 71 72 73 74 75 76 77 78 56 57 79 80 81 82 83 84 85 86 87 88 89 90 91 92 93 94 69 70 71 72 73 11 12 13 14 95 96 39 40 41 42 43 44 45 46 47 48 49 50 51 52 97 98 99 89 90 91 92 93 94 58 59 60 20 21 22 23 83 84 85 86 87 61 62 63 64 65 66 67 68 30 31 32 33 34 0 1 2 3 4 97 35 36 37 38 95 96 24 25 26 27 28 29 88 98 99 79 80 81 82 74 75 76 77 78 
62734
25
2 5 3 2 5 6 5 4 5 5 6 2 3 1 4 4 2 1 4 1 1 5 5 5 14 
49 12 25 23 18 15 5 9 34 32 43 22 27 41 20 12 44 46 38 22 5 40 8 33 20 
62 15 52 35 58 60 58 44 64 56 51 29 55 60 59 52 59 58 62 23 25 52 17 43 45 
830 646 213 607 994 327 398 427 451 329 696 652 885 287 525 824 556 772 683 537 278 662 546 1000 798 
6 6 6 6 6 20 22 22 22 22 22 7 7 7 7 1 1 1 1 1 15 15 15 15 1 1 1 1 1 5 5 5 5 5 5 22 22 22 22 22 4 4 4 4 4 14 14 14 14 24 24 24 24 24 24 24 24 24 24 24 24 24 24 11 11 19 3 3 19 2 2 2 20 12 12 12 11 11 9 9 9 9 9 23 23 23 23 23 8 8 8 8 8 3 3 18 18 18 18 21 21 21 21 21 13 10 10 10 10 10 10 23 23 23 23 23 7 7 7 7 16 16 24 24 24 24 24 24 24 24 24 24 24 24 24 24 17 0 0 10 10 10 10 10 10 2 2 2 15 15 15 15 21 21 21 21 21 12 12 12 9 9 9 9 9 4 4 4 4 4 6 6 6 6 6 17 14 14 14 14 16 16 5 5 5 5 5 5 13 0 0 18 18 18 18 8 8 8 8 8 