40
100
2
2 2 2 2 2 2 2 4 4 4 4 4 4 4 4 4 4 4 4 4 4 4 4 4 4 4 5 5 5 5 5 5 5 5 9 9 9 9 9 9 9 9 9 9 9 9 9 9 9 11 11 11 11 11 11 11 11 13 13 13 13 15 15 15 15 15 15 15 15 15 15 15 15 15 23 23 23 23 23 23 23 23 23 23 23 23 23 23 23 23 23 23 23 29 29 29 31 31 31 31 31 31 31 31 31 31 31 31 31 31 31 31 31 31 31 31 31 31 35 35 35 35 35 35 35 35 37 37 37 37 37 37 37 37 41 41 41 41 41 41 41 41 44 44 44 44 44 44 44 44 47 47 47 47 47 47 47 47 47 47 47 47 47 48 48 48 48 48 48 48 48 50 50 50 50 50 50 50 50 50 50 50 50 50 50 50 51 51 51 51 55 55 55 55 55 55 55 59 59 59 
190 191 192 193 194 195 196 74 75 76 77 78 79 80 81 82 83 84 85 86 87 88 89 90 91 92 171 172 173 174 175 176 177 178 103 104 105 106 107 108 109 110 111 112 113 114 115 116 117 163 164 165 166 167 168 169 170 186 187 188 189 150 151 152 153 154 155 156 157 158 159 160 161 162 7 8 9 10 11 12 13 14 15 16 17 18 19 20 21 22 23 24 25 197 198 199 179 180 181 182 183 184 185 34 35 36 37 38 39 40 41 42 43 44 45 46 47 48 142 143 144 145 146 147 148 149 134 135 136 137 138 139 140 141 126 127 128 129 130 131 132 133 118 119 120 121 122 123 124 125 61 62 63 64 65 66 67 68 69 70 71 72 73 49 50 51 52 53 54 55 56 26 27 28 29 30 31 32 33 96 97 98 99 100 101 102 57 58 59 60 0 1 2 3 4 5 6 93 94 95 
661 661 661 661 661 661 661 370 370 370 370 370 370 370 370 370 370 370 370 370 370 370 370 370 370 370 272 272 272 272 272 272 272 272 893 893 893 893 893 893 893 893 893 893 893 893 893 893 893 440 440 440 440 440 440 440 440 471 471 471 471 665 665 665 665 665 665 665 665 665 665 665 665 665 370 370 370 370 370 370 370 370 370 370 370 370 370 370 370 370 370 370 370 548 548 548 325 325 325 325 325 325 325 893 893 893 893 893 893 893 893 893 893 893 893 893 893 893 327 327 327 327 327 327 327 327 419 419 419 419 419 419 419 419 419 419 419 419 419 419 419 419 327 327 327 327 327 327 327 327 665 665 665 665 665 665 665 665 665 665 665 665 665 440 440 440 440 440 440 440 440 272 272 272 272 272 272 272 272 325 325 325 325 325 325 325 471 471 471 471 661 661 661 661 661 661 661 548 548 548 
0 1 2 3 4 5 6 7 8 9 10 11 12 13 14 15 16 17 18 19 20 21 22 23 24 25 26 27 28 29 30 31 32 33 34 35 36 37 38 39 40 41 42 43 44 45 46 47 48 49 50 51 52 53 54 55 56 57 58 59 60 61 62 63 64 65 66 67 68 69 70 71 72 73 7 8 9 10 11 12 13 14 15 16 17 18 19 20 21 22 23 24 25 74 75 76 77 78 79 80 81 82 83 34 35 36 37 38 39 40 41 42 43 44 45 46 47 48 84 85 86 87 88 89 90 91 92 93 94 95 96 97 98 99 92 93 94 95 96 97 98 99 84 85 86 87 88 89 90 91 61 62 63 64 65 66 67 68 69 70 71 72 73 49 50 51 52 53 54 55 56 26 27 28 29 30 31 32 33 77 78 79 80 81 82 83 57 58 59 60 0 1 2 3 4 5 6 74 75 76 
51164
11
7 8 8 13 4 3 7 8 8 15 19 
2 37 5 15 13 29 31 35 11 9 4 
55 41 50 47 51 59 50 44 48 31 23 
661 419 272 665 471 548 325 327 440 893 370 
0 0 0 0 0 0 0 10 10 10 10 10 10 10 10 10 10 10 10 10 10 10 10 10 10 10 2 2 2 2 2 2 2 2 9 9 9 9 9 9 9 9 9 9 9 9 9 9 9 8 8 8 8 8 8 8 8 4 4 4 4 3 3 3 3 3 3 3 3 3 3 3 3 3 10 10 10 10 10 10 10 10 10 10 10 10 10 10 10 10 10 10 10 5 5 5 6 6 6 6 6 6 6 9 9 9 9 9 9 9 9 9 9 9 9 9 9 9 7 7 7 7 7 7 7 7 1 1 1 1 1 1 1 1 1 1 1 1 1 1 1 1 7 7 7 7 7 7 7 7 3 3 3 3 3 3 3 3 3 3 3 3 3 8 8 8 8 8 8 8 8 2 2 2 2 2 2 2 2 6 6 6 6 6 6 6 4 4 4 4 0 0 0 0 0 0 0 5 5 5 