398
100
2
1 1 2 2 2 4 5 12 14 14 14 14 14 14 14 15 15 16 16 16 16 16 16 16 16 16 16 16 16 16 16 16 17 17 17 17 17 17 19 19 19 21 22 22 22 22 22 22 23 24 24 24 25 25 25 25 25 25 25 25 31 31 31 31 31 32 32 32 32 32 35 35 35 35 35 35 35 36 37 37 37 37 37 37 37 37 37 37 37 37 37 37 37 37 37 37 40 41 41 41 41 41 41 41 41 41 41 42 42 42 42 42 42 42 44 44 44 45 45 45 45 45 45 45 45 45 45 45 45 45 47 47 47 47 47 47 47 47 47 49 49 49 49 49 49 49 50 50 50 50 50 50 50 55 56 56 56 56 58 58 58 60 60 60 60 60 60 60 62 62 62 62 65 65 66 66 66 68 68 68 68 68 68 68 68 68 68 68 68 70 70 70 70 70 70 70 70 70 70 70 
38 39 183 184 185 186 117 153 42 43 44 45 46 47 96 187 188 81 82 83 84 85 86 87 88 89 90 91 92 93 94 95 177 178 179 180 181 182 0 1 48 77 8 9 10 11 12 13 40 114 115 116 60 61 62 63 64 97 98 99 52 53 54 55 56 125 126 127 128 129 146 147 148 149 150 151 152 41 158 159 160 17 18 19 20 21 22 23 24 25 26 27 28 29 30 31 14 57 58 59 107 108 109 110 111 112 113 100 101 102 103 104 105 106 49 50 51 6 139 140 141 142 143 144 145 65 66 67 68 69 193 194 195 196 197 198 199 172 173 118 119 120 121 122 123 124 70 71 72 73 74 75 76 7 168 169 170 171 78 79 80 189 190 191 192 174 175 176 154 155 156 157 137 138 165 166 167 32 33 34 35 36 37 2 3 4 5 15 16 161 162 163 164 130 131 132 133 134 135 136 
652 652 169 169 169 795 909 948 871 871 871 871 871 871 313 810 810 870 870 870 870 870 870 870 870 870 870 870 870 870 870 870 388 388 388 388 388 388 652 652 502 952 871 871 871 871 871 871 502 831 831 831 728 728 728 728 728 425 425 425 728 728 728 728 728 867 867 867 867 867 802 802 802 802 802 802 802 952 808 808 808 870 870 870 870 870 870 870 870 870 870 870 870 870 870 870 313 425 425 425 701 701 701 701 701 701 701 701 701 701 701 701 701 701 831 831 831 909 939 939 939 939 939 939 939 867 867 867 867 867 756 756 756 756 756 756 756 747 747 939 939 939 939 939 939 939 802 802 802 802 802 802 802 948 803 803 803 803 808 808 808 529 529 529 529 378 378 378 803 803 803 803 747 747 378 378 378 388 388 388 388 388 388 169 169 169 795 810 810 529 529 529 529 756 756 756 756 756 756 756 
0 1 2 3 4 5 6 7 8 9 10 11 12 13 14 15 16 17 18 19 20 21 22 23 24 25 26 27 28 29 30 31 32 33 34 35 36 37 0 1 38 39 8 9 10 11 12 13 38 40 41 42 43 44 45 46 47 48 49 50 43 44 45 46 47 51 52 53 54 55 56 57 58 59 60 61 62 39 63 64 65 17 18 19 20 21 22 23 24 25 26 27 28 29 30 31 14 48 49 50 66 67 68 69 70 71 72 66 67 68 69 70 71 72 40 41 42 6 73 74 75 76 77 78 79 51 52 53 54 55 80 81 82 83 84 85 86 87 88 73 74 75 76 77 78 79 56 57 58 59 60 61 62 7 89 90 91 92 63 64 65 93 94 95 96 97 98 99 89 90 91 92 87 88 97 98 99 32 33 34 35 36 37 2 3 4 5 15 16 93 94 95 96 80 81 82 83 84 85 86 
72963
25
6 5 3 4 1 1 4 6 2 3 3 7 7 2 1 1 5 3 2 3 1 1 7 7 15 
14 25 25 60 5 21 56 17 1 2 24 45 47 47 4 12 32 60 15 37 14 19 41 35 16 
22 31 41 70 45 36 62 68 19 68 44 49 70 65 68 55 45 66 68 58 40 23 42 50 37 
871 728 425 529 909 952 803 388 652 169 831 939 756 747 795 948 867 378 810 808 313 502 701 802 870 
8 8 9 9 9 14 4 15 0 0 0 0 0 0 20 18 18 24 24 24 24 24 24 24 24 24 24 24 24 24 24 24 7 7 7 7 7 7 8 8 21 5 0 0 0 0 0 0 21 10 10 10 1 1 1 1 1 2 2 2 1 1 1 1 1 16 16 16 16 16 23 23 23 23 23 23 23 5 19 19 19 24 24 24 24 24 24 24 24 24 24 24 24 24 24 24 20 2 2 2 22 22 22 22 22 22 22 22 22 22 22 22 22 22 10 10 10 4 11 11 11 11 11 11 11 16 16 16 16 16 12 12 12 12 12 12 12 13 13 11 11 11 11 11 11 11 23 23 23 23 23 23 23 15 6 6 6 6 19 19 19 3 3 3 3 17 17 17 6 6 6 6 13 13 17 17 17 7 7 7 7 7 7 9 9 9 14 18 18 3 3 3 3 12 12 12 12 12 12 12 