634
100
2
1 1 1 1 2 2 2 13 13 13 13 13 13 13 13 13 13 13 13 13 13 13 13 13 14 14 14 14 14 14 14 14 14 14 14 14 14 14 15 15 15 15 15 15 16 16 19 19 19 20 20 20 20 22 22 22 22 27 27 27 27 27 27 27 27 28 28 28 28 29 29 29 29 29 29 29 30 30 30 30 30 30 30 30 39 39 39 39 40 40 40 40 40 40 40 40 41 41 43 43 43 43 44 44 44 44 44 44 44 44 44 44 44 44 44 44 44 45 45 49 49 49 49 50 50 50 50 50 50 50 50 53 53 53 53 53 53 53 53 53 53 53 53 53 53 53 53 53 53 54 54 54 54 61 61 61 61 61 61 61 61 61 61 61 61 61 61 61 61 61 61 61 61 61 61 61 61 61 61 61 61 61 62 62 62 62 67 67 67 67 67 67 67 70 70 70 70 70 70 70 
49 50 51 52 46 47 48 117 118 167 168 169 170 171 172 173 174 175 176 177 178 179 180 181 153 154 155 156 157 131 132 133 134 135 136 137 138 139 98 99 100 101 44 45 42 43 4 5 6 0 1 2 3 102 103 104 105 123 124 125 126 127 128 129 130 182 183 184 185 186 187 188 189 190 191 192 88 89 90 91 92 93 94 95 149 150 151 152 76 77 78 79 80 81 82 83 97 96 38 39 40 41 53 54 55 56 119 120 121 122 193 194 195 196 197 198 199 7 8 106 107 108 109 57 58 59 60 61 62 63 64 29 30 31 32 33 34 35 36 37 158 159 160 161 162 163 164 165 166 84 85 86 87 24 25 26 27 28 140 141 142 143 144 145 146 147 148 9 10 11 12 13 14 15 16 17 18 19 20 21 22 23 65 66 67 68 69 70 71 72 73 74 75 110 111 112 113 114 115 116 
479 479 479 479 386 386 386 989 989 696 696 696 696 696 696 696 696 696 696 696 696 696 696 696 217 217 217 217 217 341 341 341 341 341 341 341 341 341 430 430 430 430 243 243 243 243 386 386 386 479 479 479 479 228 228 228 228 343 343 343 343 343 343 343 343 656 656 656 656 518 518 518 518 518 518 518 396 396 396 396 396 396 396 396 996 996 996 996 396 396 396 396 396 396 396 396 344 344 430 430 430 430 228 228 228 228 397 397 397 397 639 639 639 639 639 639 639 989 989 397 397 397 397 343 343 343 343 343 343 343 343 341 341 341 341 341 341 341 341 341 431 431 431 431 431 431 431 431 431 996 996 996 996 217 217 217 217 217 431 431 431 431 431 431 431 431 431 696 696 696 696 696 696 696 696 696 696 696 696 696 696 696 656 656 656 656 518 518 518 518 518 518 518 639 639 639 639 639 639 639 
0 1 2 3 4 5 6 7 8 9 10 11 12 13 14 15 16 17 18 19 20 21 22 23 24 25 26 27 28 29 30 31 32 33 34 35 36 37 38 39 40 41 42 43 42 43 4 5 6 0 1 2 3 44 45 46 47 48 49 50 51 52 53 54 55 56 57 58 59 60 61 62 63 64 65 66 67 68 69 70 71 72 73 74 75 76 77 78 67 68 69 70 71 72 73 74 79 79 38 39 40 41 44 45 46 47 80 81 82 83 84 85 86 87 88 89 90 7 8 80 81 82 83 48 49 50 51 52 53 54 55 29 30 31 32 33 34 35 36 37 91 92 93 94 95 96 97 98 99 75 76 77 78 24 25 26 27 28 91 92 93 94 95 96 97 98 99 9 10 11 12 13 14 15 16 17 18 19 20 21 22 23 56 57 58 59 60 61 62 63 64 65 66 84 85 86 87 88 89 90 
49194
18
3 4 7 8 4 5 4 8 9 4 7 4 2 1 9 2 4 15 
2 39 29 30 22 14 44 27 14 15 44 28 15 41 53 13 1 13 
19 54 67 40 44 61 49 50 53 43 70 62 16 41 61 45 20 61 
386 996 518 396 228 217 397 343 341 430 639 656 243 344 431 989 479 696 
16 16 16 16 0 0 0 15 15 17 17 17 17 17 17 17 17 17 17 17 17 17 17 17 5 5 5 5 5 8 8 8 8 8 8 8 8 8 9 9 9 9 12 12 12 12 0 0 0 16 16 16 16 4 4 4 4 7 7 7 7 7 7 7 7 11 11 11 11 2 2 2 2 2 2 2 3 3 3 3 3 3 3 3 1 1 1 1 3 3 3 3 3 3 3 3 13 13 9 9 9 9 4 4 4 4 6 6 6 6 10 10 10 10 10 10 10 15 15 6 6 6 6 7 7 7 7 7 7 7 7 8 8 8 8 8 8 8 8 8 14 14 14 14 14 14 14 14 14 1 1 1 1 5 5 5 5 5 14 14 14 14 14 14 14 14 14 17 17 17 17 17 17 17 17 17 17 17 17 17 17 17 11 11 11 11 2 2 2 2 2 2 2 10 10 10 10 10 10 10 