928
100
2
2 2 2 2 2 2 2 2 3 3 3 3 3 3 3 3 3 3 3 3 3 3 3 3 3 3 3 3 3 3 3 3 6 6 6 6 6 6 7 7 7 7 7 7 7 7 10 10 10 12 12 12 13 13 13 13 13 13 13 13 13 14 14 14 14 14 14 18 18 18 18 18 18 18 18 30 30 30 30 30 30 30 30 31 31 46 46 46 46 46 46 46 46 46 46 46 46 48 48 48 48 48 48 48 48 48 48 48 49 49 50 50 50 50 50 50 50 50 50 50 50 50 52 52 52 52 52 52 52 52 53 53 53 53 53 53 53 53 53 53 53 54 54 54 56 56 56 56 56 56 57 57 57 57 57 57 57 57 57 57 57 57 61 61 61 61 61 61 62 62 62 62 62 62 62 62 62 63 63 63 63 63 63 63 63 63 63 63 63 64 64 64 64 64 64 64 64 64 64 64 
67 68 69 70 71 72 73 74 110 111 112 113 114 115 116 117 118 119 120 121 177 178 179 180 181 182 183 184 185 186 187 188 162 163 164 165 166 167 97 98 99 100 101 102 103 104 141 142 143 105 106 107 168 169 170 171 172 173 174 175 176 144 145 146 147 148 149 0 1 2 3 4 5 6 7 122 123 124 125 126 127 128 129 108 109 150 151 152 153 154 155 156 157 158 159 160 161 38 39 40 41 42 43 44 45 49 50 51 83 84 8 9 10 11 12 13 14 15 16 17 18 19 75 76 77 78 79 80 81 82 189 190 191 192 193 194 195 196 197 198 199 46 47 48 61 62 63 64 65 66 85 86 87 88 89 90 91 92 93 94 95 96 32 33 34 35 36 37 52 53 54 55 56 57 58 59 60 20 21 22 23 24 25 26 27 28 29 30 31 130 131 132 133 134 135 136 137 138 139 140 
639 639 639 639 639 639 639 639 481 481 481 481 481 481 481 481 481 481 481 481 575 575 575 575 575 575 575 575 575 575 575 575 830 830 830 830 830 830 961 961 961 961 961 961 961 961 167 167 167 611 611 611 601 601 601 601 601 601 601 601 601 801 801 801 801 801 801 639 639 639 639 639 639 639 639 231 231 231 231 231 231 231 231 490 490 790 790 790 790 790 790 790 790 790 790 790 790 961 961 961 961 961 961 961 961 611 611 611 490 490 481 481 481 481 481 481 481 481 481 481 481 481 231 231 231 231 231 231 231 231 964 964 964 964 964 964 964 964 964 964 964 167 167 167 801 801 801 801 801 801 790 790 790 790 790 790 790 790 790 790 790 790 830 830 830 830 830 830 601 601 601 601 601 601 601 601 601 575 575 575 575 575 575 575 575 575 575 575 575 964 964 964 964 964 964 964 964 964 964 964 
0 1 2 3 4 5 6 7 8 9 10 11 12 13 14 15 16 17 18 19 20 21 22 23 24 25 26 27 28 29 30 31 32 33 34 35 36 37 38 39 40 41 42 43 44 45 46 47 48 49 50 51 52 53 54 55 56 57 58 59 60 61 62 63 64 65 66 0 1 2 3 4 5 6 7 67 68 69 70 71 72 73 74 75 76 77 78 79 80 81 82 83 84 85 86 87 88 38 39 40 41 42 43 44 45 49 50 51 75 76 8 9 10 11 12 13 14 15 16 17 18 19 67 68 69 70 71 72 73 74 89 90 91 92 93 94 95 96 97 98 99 46 47 48 61 62 63 64 65 66 77 78 79 80 81 82 83 84 85 86 87 88 32 33 34 35 36 37 52 53 54 55 56 57 58 59 60 20 21 22 23 24 25 26 27 28 29 30 31 89 90 91 92 93 94 95 96 97 98 99 
65913
13
9 8 8 6 8 6 3 12 11 12 3 2 12 
13 7 30 6 2 14 12 3 53 46 10 31 3 
62 48 52 61 18 56 48 50 64 57 54 49 63 
601 961 231 830 639 801 611 481 964 790 167 490 575 
4 4 4 4 4 4 4 4 7 7 7 7 7 7 7 7 7 7 7 7 12 12 12 12 12 12 12 12 12 12 12 12 3 3 3 3 3 3 1 1 1 1 1 1 1 1 10 10 10 6 6 6 0 0 0 0 0 0 0 0 0 5 5 5 5 5 5 4 4 4 4 4 4 4 4 2 2 2 2 2 2 2 2 11 11 9 9 9 9 9 9 9 9 9 9 9 9 1 1 1 1 1 1 1 1 6 6 6 11 11 7 7 7 7 7 7 7 7 7 7 7 7 2 2 2 2 2 2 2 2 8 8 8 8 8 8 8 8 8 8 8 10 10 10 5 5 5 5 5 5 9 9 9 9 9 9 9 9 9 9 9 9 3 3 3 3 3 3 0 0 0 0 0 0 0 0 0 12 12 12 12 12 12 12 12 12 12 12 12 8 8 8 8 8 8 8 8 8 8 8 