255
100
2
5 5 11 11 11 11 11 11 11 11 11 11 11 11 11 11 11 11 12 12 12 12 12 12 12 12 15 15 15 15 15 15 17 17 17 17 17 17 17 17 17 17 17 17 17 17 17 17 17 17 17 17 17 17 20 20 20 20 20 21 21 21 24 24 24 24 24 26 26 26 26 26 26 26 26 26 26 26 27 27 28 28 32 32 32 33 33 33 33 33 33 33 33 34 34 34 34 37 37 37 38 38 38 38 38 41 41 41 41 41 41 41 41 41 41 42 42 42 43 43 43 43 43 43 43 43 44 44 44 44 44 44 44 45 45 45 45 45 45 46 46 46 46 46 47 47 47 47 47 47 47 49 49 49 49 49 49 49 49 50 51 51 58 58 58 58 58 58 58 59 59 59 59 59 61 61 61 61 61 61 61 61 64 64 64 64 64 64 64 64 66 66 66 66 67 67 67 67 67 67 
80 81 159 39 40 41 42 43 44 45 46 47 48 49 50 51 52 53 70 71 72 73 74 75 76 77 133 134 135 136 137 138 108 109 110 111 112 113 114 3 4 5 6 7 8 9 10 11 12 13 14 15 16 17 169 170 171 172 173 67 68 69 162 163 164 165 166 59 60 61 18 19 20 21 22 23 24 25 167 168 0 1 97 98 99 105 106 107 160 161 115 116 117 190 191 192 193 82 83 84 139 140 141 142 143 85 86 87 32 33 34 35 36 37 38 90 91 92 174 175 176 177 178 179 180 181 144 145 146 147 148 149 150 26 27 28 29 30 31 100 101 102 103 104 126 127 128 129 130 131 132 182 183 184 185 186 187 188 189 2 88 89 62 63 64 65 66 78 79 54 55 56 57 58 118 119 120 121 122 123 124 125 151 152 153 154 155 156 157 158 93 94 95 96 195 194 197 196 199 198 
861 861 907 777 777 777 777 777 777 777 777 777 777 777 777 777 777 777 194 194 194 194 194 194 194 194 246 246 246 246 246 246 158 158 158 158 158 158 158 777 777 777 777 777 777 777 777 777 777 777 777 777 777 777 607 607 607 607 607 414 414 414 844 844 844 844 844 414 414 414 194 194 194 194 194 194 194 194 790 790 861 861 654 654 654 770 770 770 795 795 218 218 218 530 530 530 530 654 654 654 915 915 915 915 915 770 770 770 158 158 158 158 158 158 158 218 218 218 624 624 624 624 624 624 624 624 590 590 590 590 590 590 590 246 246 246 246 246 246 915 915 915 915 915 590 590 590 590 590 590 590 279 279 279 279 279 279 279 279 907 795 795 844 844 844 844 844 790 790 607 607 607 607 607 624 624 624 624 624 624 624 624 279 279 279 279 279 279 279 279 530 530 530 530 935 935 935 935 935 935 
0 1 2 3 4 5 6 7 8 9 10 11 12 13 14 15 16 17 18 19 20 21 22 23 24 25 26 27 28 29 30 31 32 33 34 35 36 37 38 3 4 5 6 7 8 9 10 11 12 13 14 15 16 17 39 40 41 42 43 44 45 46 47 48 49 50 51 44 45 46 18 19 20 21 22 23 24 25 52 53 0 1 54 55 56 57 58 59 60 61 62 63 64 65 66 67 68 54 55 56 69 70 71 72 73 57 58 59 32 33 34 35 36 37 38 62 63 64 74 75 76 77 78 79 80 81 82 83 84 85 86 87 88 26 27 28 29 30 31 69 70 71 72 73 82 83 84 85 86 87 88 89 90 91 92 93 94 95 96 2 60 61 47 48 49 50 51 52 53 39 40 41 42 43 74 75 76 77 78 79 80 81 89 90 91 92 93 94 95 96 65 66 67 68 97 97 98 98 99 99 
55865
20
8 6 3 5 8 5 3 7 2 1 2 3 7 3 4 8 2 3 5 15 
43 15 67 24 49 20 33 44 33 11 27 21 17 32 34 12 5 33 38 11 
61 45 67 58 64 59 41 47 51 50 58 26 41 37 66 26 28 42 46 17 
624 246 935 844 279 607 770 590 795 907 790 414 158 654 530 194 861 218 915 777 
16 16 9 19 19 19 19 19 19 19 19 19 19 19 19 19 19 19 15 15 15 15 15 15 15 15 1 1 1 1 1 1 12 12 12 12 12 12 12 19 19 19 19 19 19 19 19 19 19 19 19 19 19 19 5 5 5 5 5 11 11 11 3 3 3 3 3 11 11 11 15 15 15 15 15 15 15 15 10 10 16 16 13 13 13 6 6 6 8 8 17 17 17 14 14 14 14 13 13 13 18 18 18 18 18 6 6 6 12 12 12 12 12 12 12 17 17 17 0 0 0 0 0 0 0 0 7 7 7 7 7 7 7 1 1 1 1 1 1 18 18 18 18 18 7 7 7 7 7 7 7 4 4 4 4 4 4 4 4 9 8 8 3 3 3 3 3 10 10 5 5 5 5 5 0 0 0 0 0 0 0 0 4 4 4 4 4 4 4 4 14 14 14 14 2 2 2 2 2 2 