505
100
2
3 3 3 3 3 3 3 3 3 3 3 3 3 3 3 3 3 3 3 3 3 7 7 7 7 7 7 7 8 8 8 8 8 8 8 8 13 13 13 13 13 14 14 14 14 14 14 14 14 14 14 14 17 17 17 18 18 18 18 18 18 18 20 20 20 20 20 21 21 21 21 21 21 21 26 26 26 26 26 26 26 28 28 28 29 29 29 29 29 29 29 30 30 30 31 31 31 31 31 31 31 31 31 31 31 31 31 31 36 36 36 36 36 36 36 36 36 37 37 37 46 46 48 48 48 48 48 48 48 48 48 48 48 48 48 48 48 48 53 54 54 54 54 54 54 54 54 54 54 54 54 56 56 56 56 56 56 56 56 56 56 56 56 59 60 60 60 60 60 60 60 60 60 60 60 60 60 66 66 66 66 66 66 67 67 67 67 67 67 67 68 68 70 70 70 70 70 70 70 70 
183 184 185 186 187 188 189 94 95 96 97 98 99 100 101 102 103 104 105 106 107 55 56 57 58 59 60 61 41 42 43 44 45 46 47 48 62 63 64 65 66 28 29 30 31 32 33 34 35 52 53 54 49 50 51 21 22 23 24 25 26 27 36 37 38 39 40 84 85 86 87 88 89 90 151 152 153 154 155 156 157 91 92 93 67 68 69 70 71 72 73 81 82 83 7 8 9 10 11 12 13 14 15 16 17 18 19 20 117 118 119 139 140 141 142 143 144 108 109 110 190 191 192 193 194 195 196 197 198 199 164 165 166 167 168 169 170 171 163 111 112 113 114 115 116 177 178 179 180 181 182 74 75 76 77 78 79 80 172 173 174 175 176 138 130 131 132 133 134 135 136 137 158 159 160 161 162 145 146 147 148 149 150 0 1 2 3 4 5 6 120 121 122 123 124 125 126 127 128 129 
917 917 917 917 917 917 917 355 355 355 355 355 355 355 355 355 355 355 355 355 355 484 484 484 484 484 484 484 550 550 550 550 550 550 550 550 600 600 600 600 600 550 550 550 550 550 550 550 550 260 260 260 260 260 260 484 484 484 484 484 484 484 600 600 600 600 600 613 613 613 613 613 613 613 833 833 833 833 833 833 833 711 711 711 613 613 613 613 613 613 613 711 711 711 355 355 355 355 355 355 355 355 355 355 355 355 355 355 184 184 184 560 560 560 560 560 560 184 184 184 748 748 666 666 666 666 666 666 666 666 509 509 509 509 509 509 509 509 419 560 560 560 560 560 560 895 895 895 895 895 895 833 833 833 833 833 833 833 615 615 615 615 615 419 509 509 509 509 509 509 509 509 615 615 615 615 615 895 895 895 895 895 895 917 917 917 917 917 917 917 748 748 666 666 666 666 666 666 666 666 
0 1 2 3 4 5 6 7 8 9 10 11 12 13 14 15 16 17 18 19 20 21 22 23 24 25 26 27 28 29 30 31 32 33 34 35 36 37 38 39 40 28 29 30 31 32 33 34 35 41 42 43 41 42 43 21 22 23 24 25 26 27 36 37 38 39 40 44 45 46 47 48 49 50 51 52 53 54 55 56 57 58 59 60 44 45 46 47 48 49 50 58 59 60 7 8 9 10 11 12 13 14 15 16 17 18 19 20 61 62 63 64 65 66 67 68 69 61 62 63 70 71 72 73 74 75 76 77 78 79 80 81 82 83 84 85 86 87 88 64 65 66 67 68 69 89 90 91 92 93 94 51 52 53 54 55 56 57 95 96 97 98 99 88 80 81 82 83 84 85 86 87 95 96 97 98 99 89 90 91 92 93 94 0 1 2 3 4 5 6 70 71 72 73 74 75 76 77 78 79 
58884
17
7 8 8 3 7 3 7 7 2 8 5 3 1 6 6 5 14 
3 8 48 28 26 14 21 7 46 48 56 36 53 36 54 13 3 
67 14 70 30 56 17 29 18 68 60 60 37 59 54 66 20 31 
917 550 666 711 833 260 613 484 748 509 615 184 419 560 895 600 355 
0 0 0 0 0 0 0 16 16 16 16 16 16 16 16 16 16 16 16 16 16 7 7 7 7 7 7 7 1 1 1 1 1 1 1 1 15 15 15 15 15 1 1 1 1 1 1 1 1 5 5 5 5 5 5 7 7 7 7 7 7 7 15 15 15 15 15 6 6 6 6 6 6 6 4 4 4 4 4 4 4 3 3 3 6 6 6 6 6 6 6 3 3 3 16 16 16 16 16 16 16 16 16 16 16 16 16 16 11 11 11 13 13 13 13 13 13 11 11 11 8 8 2 2 2 2 2 2 2 2 9 9 9 9 9 9 9 9 12 13 13 13 13 13 13 14 14 14 14 14 14 4 4 4 4 4 4 4 10 10 10 10 10 12 9 9 9 9 9 9 9 9 10 10 10 10 10 14 14 14 14 14 14 0 0 0 0 0 0 0 8 8 2 2 2 2 2 2 2 2 