633
100
2
5 5 5 5 5 5 5 5 12 12 12 12 12 12 12 12 12 12 14 14 14 14 14 14 14 14 16 16 16 20 20 20 20 21 21 21 21 23 23 23 26 26 26 26 26 26 26 26 26 26 26 26 33 33 33 33 33 33 33 33 35 35 35 35 35 35 35 35 35 35 35 35 35 35 38 38 38 38 38 38 39 39 39 39 39 39 39 39 39 39 40 40 40 40 40 40 40 40 40 40 40 40 40 40 40 43 43 43 43 43 46 46 46 46 46 46 46 46 47 47 47 47 47 47 47 47 47 47 48 48 48 48 48 48 48 48 49 49 49 49 49 49 49 51 51 51 51 51 51 51 51 51 51 51 51 51 51 51 52 52 52 52 55 55 55 55 55 57 57 57 57 57 57 61 61 61 61 61 61 61 61 61 61 63 63 63 63 63 63 63 63 64 64 64 64 64 64 64 64 64 
18 19 20 21 22 23 24 25 80 81 82 83 84 85 86 87 88 89 0 1 2 3 4 5 6 7 170 171 172 33 34 35 36 29 30 31 32 167 168 169 105 106 107 108 109 136 137 138 139 140 141 142 183 184 185 186 187 188 189 190 173 174 175 176 177 178 179 180 181 182 124 125 126 127 118 119 120 121 122 123 8 9 10 11 12 13 14 15 16 17 143 144 145 146 147 148 149 150 151 152 153 154 155 156 157 40 41 42 43 44 128 129 130 131 132 133 134 135 74 75 76 77 78 79 70 71 72 73 110 111 112 113 114 115 116 117 45 46 47 48 49 50 51 90 91 92 93 94 95 96 97 98 99 100 101 102 103 104 196 197 198 199 191 192 193 194 195 37 38 39 26 27 28 60 61 62 63 64 65 66 67 68 69 52 53 54 55 56 57 58 59 162 163 164 165 166 158 159 160 161 
224 224 224 224 224 224 224 224 439 439 439 439 439 439 439 439 439 439 224 224 224 224 224 224 224 224 647 647 647 731 731 731 731 731 731 731 731 799 799 799 469 469 469 469 469 752 752 752 752 752 752 752 609 609 609 609 609 609 609 609 645 645 645 645 645 645 645 645 645 645 513 513 513 513 212 212 212 212 212 212 439 439 439 439 439 439 439 439 439 439 782 782 782 782 782 782 782 782 782 782 782 782 782 782 782 469 469 469 469 469 697 697 697 697 697 697 697 697 212 212 212 212 212 212 513 513 513 513 697 697 697 697 697 697 697 697 752 752 752 752 752 752 752 782 782 782 782 782 782 782 782 782 782 782 782 782 782 782 230 230 230 230 714 714 714 714 714 799 799 799 647 647 647 645 645 645 645 645 645 645 645 645 645 609 609 609 609 609 609 609 609 714 714 714 714 714 230 230 230 230 
0 1 2 3 4 5 6 7 8 9 10 11 12 13 14 15 16 17 0 1 2 3 4 5 6 7 18 19 20 21 22 23 24 21 22 23 24 25 26 27 28 29 30 31 32 33 34 35 36 37 38 39 40 41 42 43 44 45 46 47 48 49 50 51 52 53 54 55 56 57 58 59 60 61 62 63 64 65 66 67 8 9 10 11 12 13 14 15 16 17 68 69 70 71 72 73 74 75 76 77 78 79 80 81 82 28 29 30 31 32 83 84 85 86 87 88 89 90 62 63 64 65 66 67 58 59 60 61 83 84 85 86 87 88 89 90 33 34 35 36 37 38 39 68 69 70 71 72 73 74 75 76 77 78 79 80 81 82 91 92 93 94 95 96 97 98 99 25 26 27 18 19 20 48 49 50 51 52 53 54 55 56 57 40 41 42 43 44 45 46 47 95 96 97 98 99 91 92 93 94 
57495
15
10 8 10 6 3 5 5 4 3 4 8 8 7 4 15 
35 5 12 38 23 26 55 20 16 35 33 46 26 52 40 
61 14 39 47 57 43 64 21 57 47 63 48 49 64 51 
645 224 439 212 799 469 714 731 647 513 609 697 752 230 782 
1 1 1 1 1 1 1 1 2 2 2 2 2 2 2 2 2 2 1 1 1 1 1 1 1 1 8 8 8 7 7 7 7 7 7 7 7 4 4 4 5 5 5 5 5 12 12 12 12 12 12 12 10 10 10 10 10 10 10 10 0 0 0 0 0 0 0 0 0 0 9 9 9 9 3 3 3 3 3 3 2 2 2 2 2 2 2 2 2 2 14 14 14 14 14 14 14 14 14 14 14 14 14 14 14 5 5 5 5 5 11 11 11 11 11 11 11 11 3 3 3 3 3 3 9 9 9 9 11 11 11 11 11 11 11 11 12 12 12 12 12 12 12 14 14 14 14 14 14 14 14 14 14 14 14 14 14 14 13 13 13 13 6 6 6 6 6 4 4 4 8 8 8 0 0 0 0 0 0 0 0 0 0 10 10 10 10 10 10 10 10 6 6 6 6 6 13 13 13 13 