121
100
2
2 2 2 3 3 3 3 3 3 3 3 3 3 3 3 5 5 7 7 7 7 7 7 7 7 7 7 7 7 7 7 7 7 9 9 12 12 12 15 15 15 15 15 15 15 15 15 15 16 16 16 16 16 16 17 17 17 17 18 18 19 19 19 19 19 19 22 23 23 23 23 23 23 30 30 30 30 30 30 35 35 35 35 35 35 35 35 35 35 35 35 35 35 35 35 35 35 35 35 35 35 35 35 35 35 35 35 35 38 38 38 38 39 39 39 39 39 39 39 39 39 39 40 40 40 40 40 40 42 42 42 42 42 42 43 43 44 44 44 44 44 44 49 49 49 49 49 50 50 50 50 50 50 51 51 52 52 54 54 56 56 56 56 56 56 57 57 57 59 59 59 59 59 59 59 59 59 59 59 59 59 59 59 63 63 63 63 63 63 63 64 64 64 64 64 64 65 69 69 69 
35 36 37 183 184 185 186 187 188 73 74 75 76 77 78 134 135 92 93 94 95 96 97 98 99 100 101 102 103 104 105 106 107 153 154 0 1 2 54 55 56 57 43 42 45 44 47 46 159 160 161 162 163 164 38 39 40 41 133 196 112 113 114 115 155 156 189 122 123 124 125 126 127 9 10 11 12 13 14 190 191 192 193 194 195 142 143 144 145 146 157 158 17 18 19 20 21 22 23 24 25 26 27 28 29 30 31 32 173 174 175 176 60 61 62 63 147 148 149 150 151 152 67 68 69 70 71 72 168 169 170 171 172 58 15 16 177 178 179 180 181 182 85 86 87 88 89 116 117 118 119 120 121 33 34 64 65 90 91 48 49 50 51 52 53 197 198 199 128 129 130 131 132 108 109 110 111 136 137 138 139 140 141 3 4 5 6 7 8 66 79 80 81 82 83 84 59 165 166 167 
439 439 439 159 159 159 159 159 159 577 577 577 577 577 577 284 284 463 463 463 463 463 463 463 463 463 463 463 463 463 463 463 463 884 884 439 439 439 297 297 297 297 825 825 825 825 825 825 822 822 822 822 822 822 297 297 297 297 517 521 994 994 994 994 435 435 617 299 299 299 299 299 299 577 577 577 577 577 577 250 250 250 250 250 250 440 440 440 440 440 765 765 463 463 463 463 463 463 463 463 463 463 463 463 463 463 463 463 531 531 531 531 994 994 994 994 481 481 481 481 481 481 299 299 299 299 299 299 395 395 395 395 395 517 284 284 856 856 856 856 856 856 440 440 440 440 440 481 481 481 481 481 481 884 884 435 435 765 765 822 822 822 822 822 822 294 294 294 395 395 395 395 395 531 531 531 531 856 856 856 856 856 856 159 159 159 159 159 159 617 250 250 250 250 250 250 521 294 294 294 
0 1 2 3 4 5 6 7 8 9 10 11 12 13 14 15 16 17 18 19 20 21 22 23 24 25 26 27 28 29 30 31 32 33 34 0 1 2 35 36 37 38 39 39 40 40 41 41 42 43 44 45 46 47 35 36 37 38 48 49 50 51 52 53 54 55 56 57 58 59 60 61 62 9 10 11 12 13 14 63 64 65 66 67 68 69 70 71 72 73 74 75 17 18 19 20 21 22 23 24 25 26 27 28 29 30 31 32 76 77 78 79 50 51 52 53 80 81 82 83 84 85 57 58 59 60 61 62 86 87 88 89 90 48 15 16 91 92 93 94 95 96 69 70 71 72 73 80 81 82 83 84 85 33 34 54 55 74 75 42 43 44 45 46 47 97 98 99 86 87 88 89 90 76 77 78 79 91 92 93 94 95 96 3 4 5 6 7 8 56 63 64 65 66 67 68 49 97 98 99 
50600
23
6 4 6 3 6 5 2 2 2 5 1 6 1 4 4 3 6 6 3 6 2 1 16 
16 19 3 57 35 35 5 9 19 42 18 3 22 15 38 15 23 44 2 39 35 18 7 
56 39 63 69 64 49 43 51 52 59 42 30 63 17 59 15 40 59 12 50 54 65 35 
822 994 159 294 250 440 284 884 435 395 517 577 617 297 531 825 299 856 439 481 765 521 463 
18 18 18 2 2 2 2 2 2 11 11 11 11 11 11 6 6 22 22 22 22 22 22 22 22 22 22 22 22 22 22 22 22 7 7 18 18 18 13 13 13 13 15 15 15 15 15 15 0 0 0 0 0 0 13 13 13 13 10 21 1 1 1 1 8 8 12 16 16 16 16 16 16 11 11 11 11 11 11 4 4 4 4 4 4 5 5 5 5 5 20 20 22 22 22 22 22 22 22 22 22 22 22 22 22 22 22 22 14 14 14 14 1 1 1 1 19 19 19 19 19 19 16 16 16 16 16 16 9 9 9 9 9 10 6 6 17 17 17 17 17 17 5 5 5 5 5 19 19 19 19 19 19 7 7 8 8 20 20 0 0 0 0 0 0 3 3 3 9 9 9 9 9 14 14 14 14 17 17 17 17 17 17 2 2 2 2 2 2 12 4 4 4 4 4 4 21 3 3 3 