489
100
2
1 1 3 3 3 4 4 4 4 4 5 5 5 5 7 7 7 7 7 7 7 8 9 9 9 10 10 10 10 10 10 12 12 12 13 13 13 13 13 15 17 17 17 17 17 17 17 17 19 19 19 19 19 19 19 19 19 19 19 19 19 19 19 20 20 20 20 21 24 24 24 24 24 24 24 24 24 24 25 26 26 26 26 26 27 27 27 29 29 29 30 30 30 30 30 30 30 32 32 35 35 35 35 36 36 36 37 39 39 39 40 40 40 40 40 41 41 43 43 43 45 45 45 45 45 46 46 46 46 46 46 46 46 46 47 47 47 48 48 48 48 49 49 49 49 49 49 49 49 49 49 49 49 49 49 49 50 50 50 50 50 51 51 57 57 57 57 57 57 57 59 59 59 62 62 62 62 62 62 62 62 62 62 63 63 63 63 63 64 65 65 65 65 65 66 66 66 66 68 68 
14 15 163 164 165 156 157 158 159 160 25 26 27 28 0 1 174 175 176 177 178 188 84 85 86 10 11 12 13 97 98 87 88 89 110 111 112 113 114 67 90 91 92 93 94 107 108 109 141 142 143 144 145 146 147 148 149 150 151 152 153 154 155 137 138 139 140 39 95 96 121 122 123 124 194 195 196 197 173 189 190 191 192 193 22 23 24 31 32 33 40 41 42 43 44 68 69 29 30 125 126 127 128 134 135 136 162 45 46 47 34 35 36 37 38 198 199 170 171 172 161 70 71 72 73 99 100 101 102 183 184 185 186 187 103 104 105 63 64 65 66 48 49 50 51 52 53 54 55 56 57 58 59 60 61 62 5 6 7 8 9 120 106 2 3 4 179 180 181 182 117 118 119 78 16 17 18 19 20 166 167 168 169 129 130 131 132 133 21 79 80 81 82 83 74 75 76 77 115 116 
590 590 201 201 201 507 507 507 507 507 715 715 715 715 590 590 931 931 931 931 931 914 575 575 575 715 715 715 715 263 263 167 167 167 930 930 930 930 930 895 354 354 354 354 354 292 292 292 837 837 837 837 837 837 837 837 837 837 837 837 837 837 837 521 521 521 521 895 941 941 569 569 569 569 250 250 250 250 337 970 970 970 970 970 575 575 575 167 167 167 354 354 354 354 354 941 941 263 263 562 562 562 562 220 220 220 579 292 292 292 930 930 930 930 930 993 993 720 720 720 335 569 569 569 569 562 562 562 562 719 719 719 719 719 220 220 220 521 521 521 521 837 837 837 837 837 837 837 837 837 837 837 837 837 837 837 507 507 507 507 507 335 579 201 201 201 247 247 247 247 720 720 720 337 931 931 931 931 931 247 247 247 247 719 719 719 719 719 914 970 970 970 970 970 250 250 250 250 993 993 
0 1 2 3 4 5 6 7 8 9 10 11 12 13 0 1 14 15 16 17 18 19 20 21 22 10 11 12 13 23 24 25 26 27 28 29 30 31 32 33 34 35 36 37 38 39 40 41 42 43 44 45 46 47 48 49 50 51 52 53 54 55 56 57 58 59 60 33 61 62 63 64 65 66 67 68 69 70 71 72 73 74 75 76 20 21 22 25 26 27 34 35 36 37 38 61 62 23 24 77 78 79 80 81 82 83 84 39 40 41 28 29 30 31 32 85 86 87 88 89 90 63 64 65 66 77 78 79 80 91 92 93 94 95 81 82 83 57 58 59 60 42 43 44 45 46 47 48 49 50 51 52 53 54 55 56 5 6 7 8 9 90 84 2 3 4 96 97 98 99 87 88 89 71 14 15 16 17 18 96 97 98 99 91 92 93 94 95 19 72 73 74 75 76 67 68 69 70 85 86 
61225
28
3 2 1 1 5 4 2 4 1 5 3 2 5 4 1 3 4 2 3 5 5 4 3 3 1 4 5 15 
36 41 45 25 17 35 24 20 8 13 9 1 26 24 37 3 5 10 43 4 7 24 12 17 15 57 46 19 
47 68 51 62 30 46 30 48 64 40 27 7 65 45 51 57 10 32 59 50 62 66 29 39 21 62 63 49 
220 993 335 337 354 562 941 521 914 930 575 590 970 569 579 201 715 263 720 507 931 250 167 292 895 247 719 837 
11 11 15 15 15 19 19 19 19 19 16 16 16 16 11 11 20 20 20 20 20 8 10 10 10 16 16 16 16 17 17 22 22 22 9 9 9 9 9 24 4 4 4 4 4 23 23 23 27 27 27 27 27 27 27 27 27 27 27 27 27 27 27 7 7 7 7 24 6 6 13 13 13 13 21 21 21 21 3 12 12 12 12 12 10 10 10 22 22 22 4 4 4 4 4 6 6 17 17 5 5 5 5 0 0 0 14 23 23 23 9 9 9 9 9 1 1 18 18 18 2 13 13 13 13 5 5 5 5 26 26 26 26 26 0 0 0 7 7 7 7 27 27 27 27 27 27 27 27 27 27 27 27 27 27 27 19 19 19 19 19 2 14 15 15 15 25 25 25 25 18 18 18 3 20 20 20 20 20 25 25 25 25 26 26 26 26 26 8 12 12 12 12 12 21 21 21 21 1 1 