161
100
2
3 3 3 6 6 6 6 11 11 11 11 11 11 11 12 12 12 12 12 12 12 12 13 13 13 13 17 20 20 21 21 21 21 25 25 25 25 25 28 28 30 30 31 31 31 31 31 31 31 31 31 31 31 31 31 31 31 31 31 31 34 34 34 34 34 36 36 36 36 37 37 37 37 37 37 37 38 38 38 38 38 38 39 39 39 39 39 39 39 39 40 40 40 40 40 42 42 42 42 42 42 42 42 42 42 42 42 42 42 42 42 42 42 44 44 44 44 44 44 44 44 47 47 47 48 48 48 48 48 48 48 48 48 48 48 49 49 49 49 49 49 49 51 51 51 51 51 53 56 56 56 56 56 56 56 56 56 57 57 57 57 57 57 57 57 57 59 59 59 59 59 61 61 61 62 65 65 65 65 65 65 65 65 66 66 66 66 66 67 67 67 67 67 67 69 69 69 69 69 70 
128 129 130 113 114 115 147 177 178 179 131 132 133 134 76 77 78 79 80 81 27 28 188 189 190 75 69 20 21 87 88 89 41 34 33 171 172 173 175 176 123 32 95 96 97 98 99 100 101 102 103 104 105 106 107 108 109 110 111 112 142 143 144 145 146 157 158 159 160 26 137 138 139 140 141 25 14 15 16 17 18 19 116 117 118 119 120 29 30 31 166 167 168 169 170 42 43 44 45 46 47 48 49 50 51 52 53 54 55 56 57 58 59 3 4 5 82 83 84 85 86 135 136 40 148 149 150 151 0 1 2 10 11 12 13 121 122 70 71 72 73 74 60 61 62 63 64 6 124 125 126 127 161 162 163 164 165 65 66 67 68 152 153 154 155 156 90 91 92 93 94 35 36 37 199 38 39 7 8 9 191 192 193 194 195 196 197 198 22 23 24 180 181 182 183 184 185 186 187 174 
991 991 991 360 360 360 449 320 320 320 565 565 565 565 852 852 852 852 852 852 364 364 795 795 795 670 568 364 364 650 650 650 414 987 987 947 947 947 413 413 320 414 866 866 866 866 866 866 866 866 866 866 866 866 866 866 866 866 866 866 454 454 454 454 454 981 981 981 981 568 721 721 721 721 721 670 852 852 852 852 852 852 645 645 645 645 645 650 650 650 472 472 472 472 472 866 866 866 866 866 866 866 866 866 866 866 866 866 866 866 866 866 866 360 360 360 645 645 645 645 645 509 509 320 587 587 587 587 991 991 991 565 565 565 565 509 509 721 721 721 721 721 454 454 454 454 454 449 587 587 587 587 720 720 720 720 720 981 981 981 981 720 720 720 720 720 472 472 472 472 472 947 947 947 288 413 413 320 320 320 258 258 258 160 160 160 160 160 795 795 795 258 258 258 160 160 160 160 160 288 
0 1 2 3 4 5 6 7 8 9 10 11 12 13 14 15 16 17 18 19 20 21 22 23 24 25 26 20 21 27 28 29 30 31 31 32 33 34 35 36 37 30 38 39 40 41 42 43 44 45 46 47 48 49 50 51 52 53 54 55 56 57 58 59 60 61 62 63 64 26 65 66 67 68 69 25 14 15 16 17 18 19 70 71 72 73 74 27 28 29 75 76 77 78 79 38 39 40 41 42 43 44 45 46 47 48 49 50 51 52 53 54 55 3 4 5 70 71 72 73 74 80 81 37 82 83 84 85 0 1 2 10 11 12 13 80 81 65 66 67 68 69 56 57 58 59 60 6 82 83 84 85 86 87 88 89 90 61 62 63 64 86 87 88 89 90 75 76 77 78 79 32 33 34 91 35 36 7 8 9 92 93 94 95 96 97 98 99 22 23 24 92 93 94 95 96 97 98 99 91 
64323
28
1 3 2 6 5 4 4 3 5 3 1 5 2 5 5 1 3 1 1 5 1 3 2 3 3 4 1 18 
17 6 28 12 66 48 36 11 39 13 62 56 47 37 34 30 65 25 6 40 13 25 12 21 3 11 21 31 
37 44 65 38 69 56 57 65 44 67 70 57 49 49 51 47 67 25 53 59 37 61 20 39 48 48 30 42 
568 360 413 852 160 587 981 320 645 795 288 720 509 721 454 320 258 987 449 472 670 947 364 650 991 565 414 866 
24 24 24 1 1 1 18 7 7 7 25 25 25 25 3 3 3 3 3 3 22 22 9 9 9 20 0 22 22 23 23 23 26 17 17 21 21 21 2 2 15 26 27 27 27 27 27 27 27 27 27 27 27 27 27 27 27 27 27 27 14 14 14 14 14 6 6 6 6 0 13 13 13 13 13 20 3 3 3 3 3 3 8 8 8 8 8 23 23 23 19 19 19 19 19 27 27 27 27 27 27 27 27 27 27 27 27 27 27 27 27 27 27 1 1 1 8 8 8 8 8 12 12 15 5 5 5 5 24 24 24 25 25 25 25 12 12 13 13 13 13 13 14 14 14 14 14 18 5 5 5 5 11 11 11 11 11 6 6 6 6 11 11 11 11 11 19 19 19 19 19 21 21 21 10 2 2 7 7 7 16 16 16 4 4 4 4 4 9 9 9 16 16 16 4 4 4 4 4 10 