869
100
2
1 1 2 2 2 2 2 2 2 3 3 4 4 4 4 5 5 5 7 7 8 8 8 8 8 8 9 9 10 11 11 11 12 12 12 12 12 12 12 12 12 12 12 12 12 12 12 12 12 12 12 12 14 14 16 16 17 17 17 17 17 17 17 17 17 17 17 19 19 21 21 21 21 23 23 24 24 25 25 25 25 25 26 26 26 27 27 27 27 29 29 29 29 29 31 31 31 32 32 36 36 37 37 37 37 38 38 38 39 39 39 41 41 41 42 42 42 44 44 44 44 44 46 46 47 47 47 47 47 47 47 47 47 47 49 49 49 49 51 51 51 51 51 51 51 52 52 52 52 52 54 54 54 54 54 55 55 56 56 56 56 56 57 58 58 58 58 58 58 59 61 62 62 62 62 63 63 63 63 63 63 63 63 63 63 63 63 63 63 63 63 63 63 63 63 63 63 70 70 70 
124 125 77 78 150 151 152 153 154 67 68 158 159 160 161 29 30 31 155 156 69 70 71 72 127 128 61 62 126 15 16 17 177 178 179 180 181 182 183 184 185 186 187 188 189 190 191 192 193 194 195 196 73 74 122 123 171 172 173 174 94 26 27 138 139 140 141 9 10 20 21 22 23 52 53 163 164 2 3 82 83 84 79 80 81 165 166 167 168 117 118 119 120 121 60 99 100 175 176 95 96 134 135 136 137 197 198 199 114 115 116 142 143 144 108 109 110 89 90 91 92 93 54 55 0 1 28 24 25 145 146 147 148 149 101 102 103 104 63 64 65 66 111 112 113 129 130 131 132 133 4 5 6 7 8 18 19 170 11 12 13 14 169 75 76 85 86 87 88 162 157 56 57 58 59 97 98 32 33 34 35 36 37 38 39 40 41 42 43 44 45 46 47 48 49 50 51 105 106 107 
438 438 696 696 274 274 274 274 274 426 426 999 999 999 999 153 153 153 308 308 672 672 672 672 811 811 378 378 557 153 153 153 751 751 751 751 751 751 751 751 751 751 751 751 751 751 751 751 751 751 751 751 340 340 742 742 665 665 665 665 218 378 378 950 950 950 950 426 426 672 672 672 672 340 340 297 297 696 696 310 310 310 310 310 310 503 503 503 503 155 155 155 155 155 218 960 960 319 319 960 960 736 736 736 736 619 619 619 549 549 549 175 175 175 549 549 549 155 155 155 155 155 742 742 438 438 557 811 811 646 646 646 646 646 736 736 736 736 950 950 950 950 175 175 175 646 646 646 646 646 274 274 274 274 274 308 308 791 999 999 999 999 939 297 297 503 503 503 503 939 791 665 665 665 665 319 319 751 751 751 751 751 751 751 751 751 751 751 751 751 751 751 751 751 751 751 751 619 619 619 
0 1 2 3 4 5 6 7 8 9 10 11 12 13 14 15 16 17 18 19 20 21 22 23 24 25 26 27 28 15 16 17 29 30 31 32 33 34 35 36 37 38 39 40 41 42 43 44 45 46 47 48 49 50 51 52 53 54 55 56 57 26 27 58 59 60 61 9 10 20 21 22 23 49 50 62 63 2 3 64 65 66 64 65 66 67 68 69 70 71 72 73 74 75 57 76 77 78 79 76 77 80 81 82 83 84 85 86 87 88 89 90 91 92 87 88 89 71 72 73 74 75 51 52 0 1 28 24 25 93 94 95 96 97 80 81 82 83 58 59 60 61 90 91 92 93 94 95 96 97 4 5 6 7 8 18 19 98 11 12 13 14 99 62 63 67 68 69 70 99 98 53 54 55 56 78 79 29 30 31 32 33 34 35 36 37 38 39 40 41 42 43 44 45 46 47 48 84 85 86 
57848
30
2 2 2 4 3 4 2 1 5 2 1 1 4 1 2 3 2 3 2 2 3 4 4 4 2 5 5 2 3 20 
1 7 14 17 38 37 2 56 29 24 17 57 27 10 9 5 3 25 32 16 39 8 17 4 8 47 2 31 41 12 
47 55 23 62 70 49 25 61 44 58 31 59 58 47 17 11 19 26 63 46 42 21 51 56 47 52 54 36 51 63 
438 308 340 665 619 736 696 791 155 297 218 939 503 557 378 153 426 310 319 742 549 672 950 999 811 646 274 960 175 751 
0 0 6 6 26 26 26 26 26 16 16 23 23 23 23 15 15 15 1 1 21 21 21 21 24 24 14 14 13 15 15 15 29 29 29 29 29 29 29 29 29 29 29 29 29 29 29 29 29 29 29 29 2 2 19 19 3 3 3 3 10 14 14 22 22 22 22 16 16 21 21 21 21 2 2 9 9 6 6 17 17 17 17 17 17 12 12 12 12 8 8 8 8 8 10 27 27 18 18 27 27 5 5 5 5 4 4 4 20 20 20 28 28 28 20 20 20 8 8 8 8 8 19 19 0 0 13 24 24 25 25 25 25 25 5 5 5 5 22 22 22 22 28 28 28 25 25 25 25 25 26 26 26 26 26 1 1 7 23 23 23 23 11 9 9 12 12 12 12 11 7 3 3 3 3 18 18 29 29 29 29 29 29 29 29 29 29 29 29 29 29 29 29 29 29 29 29 4 4 4 