905
100
2
4 4 4 4 4 4 4 4 5 5 5 5 6 6 6 6 6 6 6 6 6 6 9 9 9 9 9 9 9 9 9 9 10 10 10 10 10 10 10 14 14 15 15 18 18 21 26 26 26 26 26 26 26 26 26 26 28 28 28 28 28 28 28 28 29 29 29 29 29 29 29 29 29 30 30 34 34 34 34 35 35 35 35 35 36 36 36 36 36 36 36 36 36 36 36 36 36 36 36 36 36 36 36 36 37 37 37 37 37 37 37 37 37 37 38 38 38 39 39 39 39 39 39 42 42 42 42 42 45 45 45 45 45 45 45 45 45 45 45 45 46 46 46 46 46 46 46 46 46 46 46 46 46 46 46 48 48 48 50 50 53 53 54 54 54 54 54 54 54 59 59 64 64 64 64 64 67 67 67 67 67 67 67 67 67 67 67 67 67 67 68 68 69 69 69 69 69 69 69 69 
56 57 58 59 60 61 62 63 169 170 12 13 10 11 192 193 194 195 196 197 198 199 117 118 119 120 121 122 69 70 71 72 162 163 164 165 166 167 168 190 191 140 141 160 161 46 45 146 147 148 149 150 151 152 153 154 0 1 2 3 4 5 6 7 79 80 81 82 83 28 29 30 31 77 78 158 159 73 74 64 65 66 67 68 108 109 110 111 112 113 176 177 178 179 180 181 182 183 184 185 186 187 188 189 142 143 144 145 84 85 86 87 88 89 155 156 157 22 23 24 25 26 27 171 172 173 174 175 129 128 131 130 133 132 135 134 137 136 139 138 41 42 104 105 106 107 47 48 49 50 51 52 53 54 55 114 115 116 75 76 43 44 32 33 34 35 36 37 38 8 9 123 124 125 126 127 90 91 92 93 94 95 96 97 98 99 100 101 102 103 39 40 14 15 16 17 18 19 20 21 
941 941 941 941 941 941 941 941 321 321 336 336 336 336 636 636 636 636 636 636 636 636 839 839 839 839 839 839 503 503 503 503 269 269 269 269 269 269 269 711 711 712 712 238 238 892 892 745 745 745 745 745 745 745 745 745 941 941 941 941 941 941 941 941 888 888 888 888 888 503 503 503 503 339 339 312 312 339 339 888 888 888 888 888 581 581 581 581 581 581 476 476 476 476 476 476 476 476 476 476 476 476 476 476 298 298 298 298 581 581 581 581 581 581 186 186 186 839 839 839 839 839 839 172 172 172 172 172 340 340 340 340 340 340 340 340 340 340 340 340 712 712 298 298 298 298 745 745 745 745 745 745 745 745 745 186 186 186 312 312 238 238 269 269 269 269 269 269 269 321 321 172 172 172 172 172 476 476 476 476 476 476 476 476 476 476 476 476 476 476 711 711 636 636 636 636 636 636 636 636 
0 1 2 3 4 5 6 7 8 9 10 11 10 11 12 13 14 15 16 17 18 19 20 21 22 23 24 25 26 27 28 29 30 31 32 33 34 35 36 37 38 39 40 41 42 43 43 44 45 46 47 48 49 50 51 52 0 1 2 3 4 5 6 7 53 54 55 56 57 26 27 28 29 58 59 60 61 58 59 53 54 55 56 57 62 63 64 65 66 67 68 69 70 71 72 73 74 75 76 77 78 79 80 81 82 83 84 85 62 63 64 65 66 67 86 87 88 20 21 22 23 24 25 89 90 91 92 93 94 94 95 95 96 96 97 97 98 98 99 99 39 40 82 83 84 85 44 45 46 47 48 49 50 51 52 86 87 88 60 61 41 42 30 31 32 33 34 35 36 8 9 89 90 91 92 93 68 69 70 71 72 73 74 75 76 77 78 79 80 81 37 38 12 13 14 15 16 17 18 19 
54320
21
2 1 6 2 7 3 2 4 2 2 2 5 9 5 4 8 6 6 2 8 14 
15 21 9 34 10 38 30 37 14 5 5 42 26 29 9 6 36 45 18 4 36 
46 26 39 50 54 48 34 46 68 59 6 64 46 35 29 69 37 45 53 28 67 
712 892 839 312 269 186 339 298 711 321 336 172 745 888 503 636 581 340 238 941 476 
19 19 19 19 19 19 19 19 9 9 10 10 10 10 15 15 15 15 15 15 15 15 2 2 2 2 2 2 14 14 14 14 4 4 4 4 4 4 4 8 8 0 0 18 18 1 1 12 12 12 12 12 12 12 12 12 19 19 19 19 19 19 19 19 13 13 13 13 13 14 14 14 14 6 6 3 3 6 6 13 13 13 13 13 16 16 16 16 16 16 20 20 20 20 20 20 20 20 20 20 20 20 20 20 7 7 7 7 16 16 16 16 16 16 5 5 5 2 2 2 2 2 2 11 11 11 11 11 17 17 17 17 17 17 17 17 17 17 17 17 0 0 7 7 7 7 12 12 12 12 12 12 12 12 12 5 5 5 3 3 18 18 4 4 4 4 4 4 4 9 9 11 11 11 11 11 20 20 20 20 20 20 20 20 20 20 20 20 20 20 8 8 15 15 15 15 15 15 15 15 