345
100
2
1 1 1 1 1 1 1 1 1 1 1 1 1 1 1 5 5 5 5 5 5 5 5 6 6 6 9 9 9 9 9 9 9 14 14 14 14 18 18 18 18 18 18 20 25 25 26 26 26 29 29 29 35 35 35 36 36 36 36 36 36 36 36 36 36 36 36 36 36 36 36 36 36 36 36 37 37 37 37 38 38 38 38 38 38 38 38 38 38 38 38 38 38 38 38 38 38 38 38 38 38 41 41 42 42 42 42 43 45 45 45 45 45 45 45 45 45 45 45 45 45 46 46 46 46 46 46 46 46 49 49 49 49 49 49 50 55 55 55 55 55 55 55 55 57 57 57 57 57 57 57 57 57 58 58 58 58 58 61 61 61 61 63 63 63 63 63 63 63 63 63 63 63 63 63 64 64 64 65 65 65 65 65 65 65 65 65 65 68 68 68 68 68 68 68 68 68 70 70 70 
136 137 138 139 140 141 142 143 26 27 28 29 30 31 32 145 146 147 148 149 150 151 152 178 179 180 8 9 10 11 12 13 14 75 76 77 78 169 170 171 172 173 174 144 101 102 115 116 117 175 176 177 118 119 120 81 82 83 84 85 86 87 88 89 90 91 92 93 94 95 96 97 98 99 100 33 34 35 36 127 128 55 56 57 58 59 60 61 62 63 64 65 66 67 68 69 70 71 72 73 74 44 45 184 185 186 187 135 162 163 164 165 166 167 168 46 47 48 52 53 54 129 130 131 132 133 134 79 80 121 122 123 124 125 126 107 0 1 2 3 4 5 6 7 43 15 16 17 18 19 20 21 22 192 193 194 195 196 188 189 190 191 108 109 110 111 112 113 114 37 38 39 40 41 42 49 50 51 23 24 25 197 198 199 103 104 105 106 158 159 160 161 153 154 155 156 157 181 182 183 
943 943 943 943 943 943 943 943 240 240 240 240 240 240 240 428 428 428 428 428 428 428 428 306 306 306 240 240 240 240 240 240 240 980 980 980 980 284 284 284 284 284 284 829 455 455 453 453 453 785 785 785 746 746 746 421 421 421 421 421 421 421 421 421 421 421 421 421 421 421 421 421 421 421 421 980 980 980 980 211 211 421 421 421 421 421 421 421 421 421 421 421 421 421 421 421 421 421 421 421 421 455 455 989 989 989 989 780 872 872 872 872 872 872 872 453 453 453 746 746 746 258 258 258 258 258 258 211 211 258 258 258 258 258 258 780 943 943 943 943 943 943 943 943 829 428 428 428 428 428 428 428 428 583 583 583 583 583 836 836 836 836 872 872 872 872 872 872 872 284 284 284 284 284 284 785 785 785 306 306 306 214 214 214 989 989 989 989 836 836 836 836 583 583 583 583 583 214 214 214 
0 1 2 3 4 5 6 7 8 9 10 11 12 13 14 15 16 17 18 19 20 21 22 23 24 25 8 9 10 11 12 13 14 26 27 28 29 30 31 32 33 34 35 36 37 38 39 40 41 42 43 44 45 46 47 48 49 50 51 52 53 54 55 56 57 58 59 60 61 62 63 64 65 66 67 26 27 28 29 68 69 48 49 50 51 52 53 54 55 56 57 58 59 60 61 62 63 64 65 66 67 37 38 70 71 72 73 74 75 76 77 78 79 80 81 39 40 41 45 46 47 82 83 84 85 86 87 68 69 82 83 84 85 86 87 74 0 1 2 3 4 5 6 7 36 15 16 17 18 19 20 21 22 88 89 90 91 92 93 94 95 96 75 76 77 78 79 80 81 30 31 32 33 34 35 42 43 44 23 24 25 97 98 99 70 71 72 73 93 94 95 96 88 89 90 91 92 97 98 99 
55012
20
4 7 5 8 7 1 3 3 3 6 4 2 3 3 1 6 8 4 2 20 
61 45 58 1 1 43 29 6 26 46 14 38 35 65 20 18 5 42 25 36 
68 63 68 55 9 50 64 65 45 49 37 46 45 70 57 63 57 65 41 38 
836 872 583 943 240 780 785 306 453 258 980 211 746 214 829 284 428 989 455 421 
3 3 3 3 3 3 3 3 4 4 4 4 4 4 4 16 16 16 16 16 16 16 16 7 7 7 4 4 4 4 4 4 4 10 10 10 10 15 15 15 15 15 15 14 18 18 8 8 8 6 6 6 12 12 12 19 19 19 19 19 19 19 19 19 19 19 19 19 19 19 19 19 19 19 19 10 10 10 10 11 11 19 19 19 19 19 19 19 19 19 19 19 19 19 19 19 19 19 19 19 19 18 18 17 17 17 17 5 1 1 1 1 1 1 1 8 8 8 12 12 12 9 9 9 9 9 9 11 11 9 9 9 9 9 9 5 3 3 3 3 3 3 3 3 14 16 16 16 16 16 16 16 16 2 2 2 2 2 0 0 0 0 1 1 1 1 1 1 1 15 15 15 15 15 15 6 6 6 7 7 7 13 13 13 17 17 17 17 0 0 0 0 2 2 2 2 2 13 13 13 