125
100
2
3 3 3 3 3 4 4 4 4 4 4 4 4 4 4 6 6 6 6 6 6 6 6 6 6 8 8 8 8 8 8 8 8 8 8 8 8 12 12 12 12 12 14 14 14 14 14 14 14 14 19 19 19 22 22 22 22 22 22 25 25 25 29 29 29 29 33 33 33 33 33 33 33 33 33 33 34 34 34 37 37 41 41 41 41 41 41 41 41 41 41 41 41 41 41 41 41 41 41 41 44 44 44 44 44 44 44 44 44 44 44 44 44 44 44 44 44 44 45 45 45 45 45 45 45 47 47 47 47 52 52 52 52 54 54 54 54 54 54 54 54 54 54 56 56 56 57 57 57 57 57 57 57 57 58 58 58 58 58 59 59 61 61 61 61 61 61 61 61 61 61 61 61 61 61 61 64 64 64 64 64 64 65 65 65 65 65 65 65 65 66 66 66 66 66 66 66 66 66 66 
154 155 156 157 158 15 16 17 18 19 20 21 22 23 24 5 6 7 8 9 10 11 12 13 14 37 38 39 40 41 118 119 120 121 122 123 124 25 26 27 28 29 182 183 184 185 186 187 188 189 59 60 61 176 177 178 179 180 181 50 51 52 81 82 83 84 133 134 135 136 137 138 139 140 141 142 143 144 145 159 160 62 63 64 65 161 162 163 164 165 166 167 168 169 170 171 172 173 174 175 190 191 192 193 194 195 196 197 198 199 146 147 148 149 150 151 152 153 30 31 32 33 34 35 36 129 130 131 132 125 126 127 128 66 67 68 69 70 71 72 73 74 75 76 77 78 110 111 112 113 114 115 116 117 0 1 2 3 4 79 80 85 86 87 88 89 90 91 92 93 94 95 96 97 98 99 53 54 55 56 57 58 42 43 44 45 46 47 48 49 100 101 102 103 104 105 106 107 108 109 
817 817 817 817 817 461 461 461 461 461 461 461 461 461 461 461 461 461 461 461 461 461 461 461 461 246 246 246 246 246 214 214 214 214 214 214 214 246 246 246 246 246 450 450 450 450 450 450 450 450 698 698 698 507 507 507 507 507 507 698 698 698 909 909 909 909 227 227 227 227 227 227 227 227 227 227 235 235 235 802 802 909 909 909 909 454 454 454 454 454 454 454 454 454 454 454 454 454 454 454 715 715 715 715 715 715 715 715 715 715 631 631 631 631 631 631 631 631 214 214 214 214 214 214 214 354 354 354 354 354 354 354 354 227 227 227 227 227 227 227 227 227 227 235 235 235 631 631 631 631 631 631 631 631 817 817 817 817 817 802 802 454 454 454 454 454 454 454 454 454 454 454 454 454 454 454 507 507 507 507 507 507 450 450 450 450 450 450 450 450 715 715 715 715 715 715 715 715 715 715 
0 1 2 3 4 5 6 7 8 9 10 11 12 13 14 5 6 7 8 9 10 11 12 13 14 15 16 17 18 19 20 21 22 23 24 25 26 15 16 17 18 19 27 28 29 30 31 32 33 34 35 36 37 38 39 40 41 42 43 35 36 37 44 45 46 47 48 49 50 51 52 53 54 55 56 57 58 59 60 61 62 44 45 46 47 63 64 65 66 67 68 69 70 71 72 73 74 75 76 77 78 79 80 81 82 83 84 85 86 87 88 89 90 91 92 93 94 95 20 21 22 23 24 25 26 96 97 98 99 96 97 98 99 48 49 50 51 52 53 54 55 56 57 58 59 60 88 89 90 91 92 93 94 95 0 1 2 3 4 61 62 63 64 65 66 67 68 69 70 71 72 73 74 75 76 77 38 39 40 41 42 43 27 28 29 30 31 32 33 34 78 79 80 81 82 83 84 85 86 87 
48798
15
4 10 10 8 5 3 10 5 6 8 2 7 3 4 15 
29 33 4 14 8 34 44 3 22 44 37 8 19 47 41 
41 54 6 65 12 56 66 58 64 57 59 45 25 52 61 
909 227 461 450 246 235 715 817 507 631 802 214 698 354 454 
7 7 7 7 7 2 2 2 2 2 2 2 2 2 2 2 2 2 2 2 2 2 2 2 2 4 4 4 4 4 11 11 11 11 11 11 11 4 4 4 4 4 3 3 3 3 3 3 3 3 12 12 12 8 8 8 8 8 8 12 12 12 0 0 0 0 1 1 1 1 1 1 1 1 1 1 5 5 5 10 10 0 0 0 0 14 14 14 14 14 14 14 14 14 14 14 14 14 14 14 6 6 6 6 6 6 6 6 6 6 9 9 9 9 9 9 9 9 11 11 11 11 11 11 11 13 13 13 13 13 13 13 13 1 1 1 1 1 1 1 1 1 1 5 5 5 9 9 9 9 9 9 9 9 7 7 7 7 7 10 10 14 14 14 14 14 14 14 14 14 14 14 14 14 14 14 8 8 8 8 8 8 3 3 3 3 3 3 3 3 6 6 6 6 6 6 6 6 6 6 