560
100
2
1 1 1 1 1 1 1 1 1 1 1 1 1 4 4 4 4 4 4 4 4 4 4 4 4 4 4 4 4 4 4 5 5 5 5 5 5 5 5 5 5 5 5 5 5 5 6 6 6 6 6 6 6 6 6 6 6 6 7 7 7 7 8 8 8 9 9 9 9 9 10 10 10 10 10 10 10 11 11 11 12 12 12 13 13 16 16 16 16 18 18 18 18 18 18 19 19 19 19 19 19 19 19 19 19 19 19 19 19 19 19 19 20 20 21 21 21 21 21 21 23 23 23 24 29 29 29 29 31 31 33 33 33 33 33 35 35 35 35 35 37 37 37 38 38 38 38 38 42 42 43 43 43 45 45 45 45 45 45 45 46 46 46 47 47 47 47 47 48 48 48 48 48 48 48 48 48 50 52 55 55 55 55 57 57 57 61 61 61 64 64 64 69 69 69 69 69 69 70 70 
34 35 36 37 38 89 90 91 92 73 74 75 76 186 187 188 134 98 99 100 101 102 103 104 105 106 107 108 109 110 111 58 59 60 0 1 2 3 4 51 52 53 130 131 132 133 143 144 145 146 147 39 40 41 173 174 175 176 31 32 33 197 70 71 72 168 169 170 171 172 62 63 64 9 10 11 12 163 164 165 157 158 159 114 115 189 190 191 178 5 6 7 8 148 149 160 161 162 17 18 19 20 21 22 23 24 25 26 27 28 29 30 128 129 83 84 153 154 155 156 183 184 185 177 179 180 181 182 112 113 42 43 44 45 16 192 193 194 195 196 150 151 152 46 47 48 49 50 93 94 140 141 142 116 117 118 119 80 81 82 95 96 97 77 78 79 198 199 65 66 67 68 69 54 55 56 57 123 88 124 125 126 127 120 121 122 13 14 15 85 86 87 135 136 137 138 139 61 166 167 
526 526 526 526 526 436 436 436 436 228 228 228 228 662 662 662 335 333 333 333 333 333 333 333 333 333 333 333 333 333 333 820 820 820 526 526 526 526 526 231 231 231 180 180 180 180 612 612 612 612 612 231 231 231 535 535 535 535 820 820 820 576 662 662 662 181 181 181 181 181 662 662 662 228 228 228 228 573 573 573 820 820 820 527 527 156 156 156 515 436 436 436 436 727 727 525 525 525 333 333 333 333 333 333 333 333 333 333 333 333 333 333 519 519 527 527 773 773 773 773 469 469 469 303 884 884 884 884 519 519 180 180 180 180 335 880 880 880 880 880 744 744 744 612 612 612 612 612 727 727 744 744 744 773 773 773 773 820 820 820 525 525 525 573 573 573 364 364 181 181 181 181 181 535 535 535 535 303 515 884 884 884 884 469 469 469 662 662 662 156 156 156 880 880 880 880 880 576 364 364 
0 1 2 3 4 5 6 7 8 9 10 11 12 13 14 15 16 17 18 19 20 21 22 23 24 25 26 27 28 29 30 31 32 33 0 1 2 3 4 34 35 36 37 38 39 40 41 42 43 44 45 34 35 36 46 47 48 49 31 32 33 50 51 52 53 54 55 56 57 58 51 52 53 9 10 11 12 59 60 61 62 63 64 65 66 67 68 69 70 5 6 7 8 71 72 73 74 75 17 18 19 20 21 22 23 24 25 26 27 28 29 30 76 77 65 66 78 79 80 81 82 83 84 85 86 87 88 89 76 77 37 38 39 40 16 90 91 92 93 94 95 96 97 41 42 43 44 45 71 72 95 96 97 78 79 80 81 62 63 64 73 74 75 59 60 61 98 99 54 55 56 57 58 46 47 48 49 85 70 86 87 88 89 82 83 84 13 14 15 67 68 69 90 91 92 93 94 50 98 99 
50790
29
5 5 2 3 3 3 5 3 4 3 3 2 4 5 4 3 4 2 3 4 3 2 4 1 1 1 3 1 14 
9 6 13 4 19 5 1 5 1 23 37 20 29 35 6 11 5 18 8 1 16 47 21 16 4 7 12 24 4 
48 38 21 61 46 7 5 6 18 57 43 31 55 69 48 47 33 42 10 10 64 70 45 52 33 69 45 50 19 
181 612 527 662 525 820 526 231 436 469 744 519 884 880 535 573 180 727 662 228 156 364 773 515 335 576 820 303 333 
6 6 6 6 6 8 8 8 8 19 19 19 19 3 3 3 24 28 28 28 28 28 28 28 28 28 28 28 28 28 28 5 5 5 6 6 6 6 6 7 7 7 16 16 16 16 1 1 1 1 1 7 7 7 14 14 14 14 5 5 5 25 18 18 18 0 0 0 0 0 18 18 18 19 19 19 19 15 15 15 26 26 26 2 2 20 20 20 23 8 8 8 8 17 17 4 4 4 28 28 28 28 28 28 28 28 28 28 28 28 28 28 11 11 2 2 22 22 22 22 9 9 9 27 12 12 12 12 11 11 16 16 16 16 24 13 13 13 13 13 10 10 10 1 1 1 1 1 17 17 10 10 10 22 22 22 22 26 26 26 4 4 4 15 15 15 21 21 0 0 0 0 0 14 14 14 14 27 23 12 12 12 12 9 9 9 3 3 3 20 20 20 13 13 13 13 13 25 21 21 