943
100
2
2 2 3 3 3 3 5 5 6 6 6 6 6 10 10 10 10 10 10 10 10 10 12 12 12 12 12 12 17 17 17 17 17 17 17 17 17 17 19 19 19 19 19 19 19 19 19 19 19 19 19 20 20 20 20 20 20 20 21 21 21 21 21 21 21 21 21 23 23 27 27 27 27 27 27 27 27 29 29 29 29 29 29 29 29 31 31 31 31 31 31 31 31 34 41 41 41 42 42 42 42 42 43 43 43 43 43 43 43 44 44 44 44 44 44 44 44 44 46 46 46 46 46 46 46 46 47 47 48 48 48 48 48 48 48 48 48 48 49 49 51 51 52 52 53 53 53 53 55 55 55 55 55 55 55 55 55 57 57 57 57 57 57 57 59 59 59 59 59 59 59 59 59 59 59 59 59 59 59 59 59 59 60 60 60 60 60 60 66 66 66 66 66 67 68 68 68 68 68 68 
126 127 144 145 146 147 140 141 20 21 30 31 32 102 103 104 105 106 107 108 8 9 194 195 196 197 198 199 142 143 10 11 12 97 98 99 100 101 169 170 171 172 173 174 175 176 177 178 179 180 181 157 158 159 160 161 162 163 148 149 150 151 152 153 154 155 156 138 139 77 78 79 80 81 82 83 84 69 70 71 72 73 74 75 76 118 119 120 121 122 123 124 125 193 115 116 117 33 34 35 36 37 13 14 15 16 17 18 19 182 183 184 185 186 187 94 95 96 85 86 87 88 89 90 91 92 0 1 129 128 131 130 133 132 135 134 137 136 67 68 6 7 28 29 2 3 4 5 58 59 60 61 62 63 64 65 66 51 52 53 54 55 56 57 188 189 190 191 192 38 39 40 41 42 43 44 45 46 47 48 49 50 109 110 111 112 113 114 164 165 166 167 168 93 22 23 24 25 26 27 
771 771 631 631 631 631 657 657 970 970 637 637 637 887 887 887 887 887 887 887 970 970 410 410 410 410 410 410 960 960 637 637 637 175 175 175 175 175 356 356 356 356 356 356 356 356 356 356 356 356 356 372 372 372 372 372 372 372 237 237 237 237 237 237 237 237 237 183 183 389 389 389 389 389 389 389 389 389 389 389 389 389 389 389 389 987 987 987 987 987 987 987 987 867 224 224 224 175 175 175 175 175 887 887 887 887 887 887 887 305 305 305 305 305 305 224 224 224 987 987 987 987 987 987 987 987 771 771 826 826 826 826 826 826 826 826 826 826 183 183 657 657 960 960 631 631 631 631 237 237 237 237 237 237 237 237 237 372 372 372 372 372 372 372 446 446 446 446 446 356 356 356 356 356 356 356 356 356 356 356 356 356 305 305 305 305 305 305 446 446 446 446 446 867 410 410 410 410 410 410 
0 1 2 3 4 5 6 7 8 9 10 11 12 13 14 15 16 17 18 19 8 9 20 21 22 23 24 25 26 27 10 11 12 28 29 30 31 32 33 34 35 36 37 38 39 40 41 42 43 44 45 46 47 48 49 50 51 52 53 54 55 56 57 58 59 60 61 62 63 64 65 66 67 68 69 70 71 64 65 66 67 68 69 70 71 72 73 74 75 76 77 78 79 80 81 82 83 28 29 30 31 32 13 14 15 16 17 18 19 84 85 86 87 88 89 81 82 83 72 73 74 75 76 77 78 79 0 1 90 90 91 91 92 92 93 93 94 94 62 63 6 7 26 27 2 3 4 5 53 54 55 56 57 58 59 60 61 46 47 48 49 50 51 52 95 96 97 98 99 33 34 35 36 37 38 39 40 41 42 43 44 45 84 85 86 87 88 89 95 96 97 98 99 80 20 21 22 23 24 25 
51163
20
6 7 6 2 4 8 7 5 1 9 2 2 3 3 5 2 2 8 5 13 
12 10 44 6 3 31 20 59 34 21 2 17 6 41 48 5 23 27 17 19 
68 43 60 10 53 46 57 66 67 55 47 52 17 44 48 51 49 29 42 59 
410 887 305 970 631 987 372 446 867 237 771 960 637 224 826 657 183 389 175 356 
10 10 4 4 4 4 15 15 3 3 12 12 12 1 1 1 1 1 1 1 3 3 0 0 0 0 0 0 11 11 12 12 12 18 18 18 18 18 19 19 19 19 19 19 19 19 19 19 19 19 19 6 6 6 6 6 6 6 9 9 9 9 9 9 9 9 9 16 16 17 17 17 17 17 17 17 17 17 17 17 17 17 17 17 17 5 5 5 5 5 5 5 5 8 13 13 13 18 18 18 18 18 1 1 1 1 1 1 1 2 2 2 2 2 2 13 13 13 5 5 5 5 5 5 5 5 10 10 14 14 14 14 14 14 14 14 14 14 16 16 15 15 11 11 4 4 4 4 9 9 9 9 9 9 9 9 9 6 6 6 6 6 6 6 7 7 7 7 7 19 19 19 19 19 19 19 19 19 19 19 19 19 2 2 2 2 2 2 7 7 7 7 7 8 0 0 0 0 0 0 