656
100
2
1 1 1 2 2 2 2 2 3 3 3 3 3 3 3 3 3 3 3 3 3 3 3 3 3 3 3 3 3 3 3 3 3 3 3 3 5 10 10 10 10 10 10 12 12 12 16 16 16 16 18 18 18 18 20 20 20 20 24 24 24 24 24 25 25 25 25 25 25 27 27 27 27 27 27 27 28 28 28 28 28 29 29 29 29 29 29 32 33 33 33 33 33 35 35 35 36 36 37 37 37 37 39 39 39 40 40 40 40 41 41 41 41 42 42 42 42 47 47 47 47 48 48 49 49 50 50 50 50 50 50 50 51 51 51 51 51 51 51 51 51 51 52 52 52 52 52 52 52 52 52 54 54 55 55 55 57 57 59 59 59 60 60 60 60 60 61 61 61 61 61 65 65 66 67 67 67 67 67 67 67 67 67 67 67 67 67 67 67 67 67 67 68 68 68 68 68 68 68 68 
158 159 160 58 59 60 61 62 132 133 134 135 136 76 77 78 79 80 174 175 176 177 178 179 180 181 182 183 184 185 186 187 188 189 190 191 54 142 143 144 145 123 124 153 154 155 111 112 107 108 98 99 100 101 36 102 103 104 3 4 5 6 7 83 84 85 86 74 75 88 89 90 91 92 67 68 13 14 15 16 17 105 106 63 64 65 66 173 69 70 71 72 73 161 162 163 121 122 50 51 52 53 55 56 57 81 82 48 49 171 172 46 47 117 118 119 120 113 114 115 116 96 97 41 42 137 138 139 140 141 151 152 8 9 10 11 12 125 126 127 128 129 37 38 39 40 166 167 168 169 170 130 131 43 44 45 164 165 0 1 2 93 94 95 156 157 146 147 148 149 150 109 110 87 18 19 20 21 22 23 24 25 26 27 28 29 30 31 32 33 34 35 193 192 195 194 197 196 199 198 
938 938 938 984 984 984 984 984 450 450 450 450 450 581 581 581 581 581 973 973 973 973 973 973 973 973 973 973 973 973 973 973 973 973 973 973 514 761 761 761 761 769 769 334 334 334 536 536 159 159 255 255 255 255 514 688 688 688 984 984 984 984 984 682 682 682 682 512 512 685 685 685 685 685 512 512 581 581 581 581 581 881 881 682 682 682 682 886 685 685 685 685 685 424 424 424 650 650 255 255 255 255 688 688 688 881 881 159 159 482 482 536 536 227 227 227 227 227 227 227 227 650 650 769 769 646 646 646 646 646 831 831 450 450 450 450 450 646 646 646 646 646 761 761 761 761 366 366 366 366 366 831 831 334 334 334 465 465 938 938 938 424 424 424 465 465 366 366 366 366 366 482 482 886 973 973 973 973 973 973 973 973 973 973 973 973 973 973 973 973 973 973 528 528 528 528 528 528 528 528 
0 1 2 3 4 5 6 7 8 9 10 11 12 13 14 15 16 17 18 19 20 21 22 23 24 25 26 27 28 29 30 31 32 33 34 35 36 37 38 39 40 41 42 43 44 45 46 47 48 49 50 51 52 53 36 54 55 56 3 4 5 6 7 57 58 59 60 61 62 63 64 65 66 67 61 62 13 14 15 16 17 68 69 57 58 59 60 70 63 64 65 66 67 71 72 73 74 75 50 51 52 53 54 55 56 68 69 48 49 76 77 46 47 78 79 80 81 78 79 80 81 74 75 41 42 82 83 84 85 86 87 88 8 9 10 11 12 82 83 84 85 86 37 38 39 40 89 90 91 92 93 87 88 43 44 45 94 95 0 1 2 71 72 73 94 95 89 90 91 92 93 76 77 70 18 19 20 21 22 23 24 25 26 27 28 29 30 31 32 33 34 35 96 96 97 97 98 98 99 99 
65008
27
2 2 4 4 5 3 2 5 5 2 4 2 2 5 3 1 4 4 2 1 5 2 2 5 3 3 18 
29 41 10 25 3 12 10 50 27 25 68 16 36 2 35 5 18 42 50 32 3 57 16 52 1 20 3 
40 65 52 29 51 55 49 51 33 27 68 41 48 24 60 20 37 47 54 66 28 60 40 61 59 39 67 
881 482 761 682 450 334 769 646 685 512 528 536 650 984 424 514 255 227 831 886 581 465 159 366 938 688 973 
24 24 24 13 13 13 13 13 4 4 4 4 4 20 20 20 20 20 26 26 26 26 26 26 26 26 26 26 26 26 26 26 26 26 26 26 15 2 2 2 2 6 6 5 5 5 11 11 22 22 16 16 16 16 15 25 25 25 13 13 13 13 13 3 3 3 3 9 9 8 8 8 8 8 9 9 20 20 20 20 20 0 0 3 3 3 3 19 8 8 8 8 8 14 14 14 12 12 16 16 16 16 25 25 25 0 0 22 22 1 1 11 11 17 17 17 17 17 17 17 17 12 12 6 6 7 7 7 7 7 18 18 4 4 4 4 4 7 7 7 7 7 2 2 2 2 23 23 23 23 23 18 18 5 5 5 21 21 24 24 24 14 14 14 21 21 23 23 23 23 23 1 1 19 26 26 26 26 26 26 26 26 26 26 26 26 26 26 26 26 26 26 10 10 10 10 10 10 10 10 