889
100
2
3 3 3 3 8 8 8 8 8 8 8 8 8 8 8 8 8 8 8 9 9 9 9 9 9 9 9 9 9 9 9 10 10 10 10 10 10 10 10 10 10 10 10 10 10 10 12 12 12 12 12 12 12 12 12 12 12 12 12 12 14 14 14 14 14 14 14 14 14 14 14 14 14 14 14 15 15 15 15 15 15 15 15 15 15 15 17 17 17 17 17 17 17 17 24 24 24 24 24 24 24 24 25 25 25 25 25 25 25 25 25 25 25 25 25 25 25 27 27 27 27 27 27 34 34 34 34 34 34 34 34 34 34 34 34 34 34 35 35 35 35 35 35 35 36 36 36 36 41 41 41 41 41 41 42 42 42 42 42 42 42 42 42 42 42 42 42 42 42 42 42 42 42 42 42 42 49 49 49 49 49 49 49 49 49 49 57 57 57 57 57 65 65 65 65 66 66 66 66 66 
144 145 146 147 102 103 104 105 106 107 108 109 110 111 112 113 114 115 116 154 155 156 157 158 159 160 161 162 163 164 165 60 61 62 63 64 65 66 67 68 69 70 71 72 73 74 123 124 125 126 127 128 129 130 131 132 133 134 135 136 31 32 33 34 35 36 37 38 39 40 41 42 43 44 45 137 138 139 140 141 142 143 191 192 193 194 94 95 96 97 98 99 100 101 86 87 88 89 90 91 92 93 4 5 6 7 8 9 10 11 12 13 14 15 16 17 18 148 149 150 151 152 153 46 47 48 49 50 51 52 53 54 55 56 57 58 59 75 76 77 78 79 80 81 0 1 2 3 117 118 119 120 121 122 19 20 21 22 23 24 25 26 27 28 29 30 176 177 178 179 180 181 182 183 184 185 166 167 168 169 170 171 172 173 174 175 195 196 197 198 199 82 83 84 85 186 187 188 189 190 
792 792 792 792 367 367 367 367 367 367 367 367 367 367 367 367 367 367 367 428 428 428 428 428 428 428 428 428 428 428 428 939 939 939 939 939 939 939 939 939 939 939 939 939 939 939 207 207 207 207 207 207 207 207 207 207 207 207 207 207 939 939 939 939 939 939 939 939 939 939 939 939 939 939 939 333 333 333 333 333 333 333 546 546 546 546 361 361 361 361 361 361 361 361 361 361 361 361 361 361 361 361 367 367 367 367 367 367 367 367 367 367 367 367 367 367 367 656 656 656 656 656 656 207 207 207 207 207 207 207 207 207 207 207 207 207 207 333 333 333 333 333 333 333 792 792 792 792 656 656 656 656 656 656 428 428 428 428 428 428 428 428 428 428 428 428 656 656 656 656 656 656 656 656 656 656 656 656 656 656 656 656 656 656 656 656 958 958 958 958 958 546 546 546 546 958 958 958 958 958 
0 1 2 3 4 5 6 7 8 9 10 11 12 13 14 15 16 17 18 19 20 21 22 23 24 25 26 27 28 29 30 31 32 33 34 35 36 37 38 39 40 41 42 43 44 45 46 47 48 49 50 51 52 53 54 55 56 57 58 59 31 32 33 34 35 36 37 38 39 40 41 42 43 44 45 60 61 62 63 64 65 66 67 68 69 70 71 72 73 74 75 76 77 78 71 72 73 74 75 76 77 78 4 5 6 7 8 9 10 11 12 13 14 15 16 17 18 79 80 81 82 83 84 46 47 48 49 50 51 52 53 54 55 56 57 58 59 60 61 62 63 64 65 66 0 1 2 3 79 80 81 82 83 84 19 20 21 22 23 24 25 26 27 28 29 30 85 86 87 88 89 90 91 92 93 94 85 86 87 88 89 90 91 92 93 94 95 96 97 98 99 67 68 69 70 95 96 97 98 99 
53481
11
14 7 15 4 15 12 10 6 4 5 8 
12 15 8 3 10 9 42 27 15 57 17 
34 35 25 36 14 42 49 41 65 66 24 
207 333 367 792 939 428 656 656 546 958 361 
3 3 3 3 2 2 2 2 2 2 2 2 2 2 2 2 2 2 2 5 5 5 5 5 5 5 5 5 5 5 5 4 4 4 4 4 4 4 4 4 4 4 4 4 4 4 0 0 0 0 0 0 0 0 0 0 0 0 0 0 4 4 4 4 4 4 4 4 4 4 4 4 4 4 4 1 1 1 1 1 1 1 8 8 8 8 10 10 10 10 10 10 10 10 10 10 10 10 10 10 10 10 2 2 2 2 2 2 2 2 2 2 2 2 2 2 2 7 7 7 7 7 7 0 0 0 0 0 0 0 0 0 0 0 0 0 0 1 1 1 1 1 1 1 3 3 3 3 7 7 7 7 7 7 5 5 5 5 5 5 5 5 5 5 5 5 6 6 6 6 6 6 6 6 6 6 6 6 6 6 6 6 6 6 6 6 9 9 9 9 9 8 8 8 8 9 9 9 9 9 