914
100
2
3 3 3 3 3 3 3 5 5 5 6 6 6 7 8 8 8 8 9 9 11 11 11 11 11 12 13 13 15 15 15 15 15 15 15 17 17 17 17 17 21 21 21 21 22 22 22 22 22 23 23 23 24 25 27 27 28 28 28 28 28 33 33 33 33 34 34 34 36 36 36 36 36 36 36 36 36 36 36 36 36 36 36 36 36 36 36 36 36 36 36 38 40 41 41 41 41 41 41 42 42 42 42 42 42 42 42 42 43 44 44 44 44 44 46 46 49 49 49 49 49 49 49 49 50 50 50 50 52 52 52 53 53 53 56 56 56 56 56 57 57 57 57 57 59 59 59 60 60 60 60 60 60 60 60 62 62 62 63 63 63 63 63 63 63 64 64 64 64 64 64 64 64 64 64 64 64 64 64 64 64 64 64 64 64 64 64 64 66 66 66 66 66 68 68 70 70 70 70 70 
18 19 56 57 58 59 60 65 66 67 94 95 96 107 36 37 38 39 0 1 99 100 101 102 103 108 28 29 26 27 116 117 118 119 120 93 14 15 16 17 68 121 122 123 69 70 71 72 53 144 145 146 91 48 97 98 2 3 4 5 6 188 189 190 191 7 8 9 40 44 45 46 47 170 171 172 173 174 175 176 177 178 179 180 181 182 183 184 185 186 187 52 134 35 10 11 12 54 55 20 21 22 23 24 155 156 157 13 25 139 140 141 142 143 193 194 30 31 32 33 34 41 42 43 195 196 197 198 162 163 164 152 153 154 92 158 159 160 161 109 110 111 112 113 49 50 51 165 166 167 168 169 131 132 133 104 105 106 135 136 137 138 128 129 130 147 148 149 150 151 73 74 75 76 77 78 79 80 81 82 83 84 85 86 87 88 89 90 61 62 63 64 199 114 115 124 125 126 127 192 
230 230 642 642 642 642 642 286 286 286 848 848 848 730 642 642 642 642 230 230 469 469 469 469 469 706 575 575 575 575 753 753 753 753 753 647 642 642 642 642 815 713 713 713 724 724 724 724 296 696 696 696 738 296 781 781 642 642 642 642 642 587 587 587 587 286 286 286 815 724 724 724 724 877 877 877 877 877 877 877 877 877 877 877 877 877 877 877 877 877 877 738 548 647 848 848 848 781 781 469 469 469 469 469 671 671 671 730 706 854 854 854 854 854 794 794 753 753 753 753 753 713 713 713 381 381 381 381 198 198 198 223 223 223 548 301 301 301 301 854 854 854 854 854 696 696 696 575 575 575 575 575 223 223 223 671 671 671 301 301 301 301 198 198 198 575 575 575 575 575 877 877 877 877 877 877 877 877 877 877 877 877 877 877 877 877 877 877 587 587 587 587 501 794 794 381 381 381 381 501 
0 1 2 3 4 5 6 7 8 9 10 11 12 13 14 15 16 17 0 1 18 19 20 21 22 23 24 25 24 25 26 27 28 29 30 31 14 15 16 17 32 33 34 35 36 37 38 39 40 41 42 43 44 40 45 46 2 3 4 5 6 47 48 49 50 7 8 9 32 36 37 38 39 51 52 53 54 55 56 57 58 59 60 61 62 63 64 65 66 67 68 44 69 31 10 11 12 45 46 18 19 20 21 22 70 71 72 13 23 73 74 75 76 77 78 79 26 27 28 29 30 33 34 35 80 81 82 83 84 85 86 87 88 89 69 90 91 92 93 73 74 75 76 77 41 42 43 94 95 96 97 98 87 88 89 70 71 72 90 91 92 93 84 85 86 94 95 96 97 98 51 52 53 54 55 56 57 58 59 60 61 62 63 64 65 66 67 68 47 48 49 50 99 78 79 80 81 82 83 99 
63437
30
1 5 2 5 5 1 2 5 3 1 1 3 3 4 1 2 4 1 4 1 4 3 3 5 3 2 4 1 3 18 
12 11 13 60 44 21 3 15 5 17 24 21 42 33 40 46 8 7 50 66 56 6 23 3 52 27 22 22 53 36 
43 42 15 64 57 36 9 49 34 41 38 49 62 66 56 68 17 42 70 70 63 41 59 28 63 41 36 25 60 64 
706 469 575 575 854 815 230 753 286 647 738 713 671 587 548 794 642 730 381 501 301 848 696 642 198 781 724 296 223 877 
6 6 23 23 23 23 23 8 8 8 21 21 21 17 16 16 16 16 6 6 1 1 1 1 1 0 2 2 2 2 7 7 7 7 7 9 16 16 16 16 5 11 11 11 26 26 26 26 27 22 22 22 10 27 25 25 23 23 23 23 23 13 13 13 13 8 8 8 5 26 26 26 26 29 29 29 29 29 29 29 29 29 29 29 29 29 29 29 29 29 29 10 14 9 21 21 21 25 25 1 1 1 1 1 12 12 12 17 0 4 4 4 4 4 15 15 7 7 7 7 7 11 11 11 18 18 18 18 24 24 24 28 28 28 14 20 20 20 20 4 4 4 4 4 22 22 22 3 3 3 3 3 28 28 28 12 12 12 20 20 20 20 24 24 24 3 3 3 3 3 29 29 29 29 29 29 29 29 29 29 29 29 29 29 29 29 29 29 13 13 13 13 19 15 15 18 18 18 18 19 