183
100
2
2 2 2 2 3 3 3 3 3 3 3 3 3 3 6 6 6 6 6 6 6 10 10 10 10 10 10 10 10 12 12 12 12 12 12 12 12 13 13 13 13 13 13 13 13 13 13 18 18 18 18 18 18 18 18 18 18 18 18 18 21 21 21 21 21 21 21 26 26 26 26 30 30 30 30 30 30 30 31 31 31 31 31 32 32 32 32 33 33 33 33 33 34 34 34 34 38 38 38 38 44 44 44 44 44 44 44 44 44 44 46 46 46 46 46 46 46 46 46 46 47 47 47 47 47 47 49 49 49 49 52 52 52 52 52 52 52 52 52 52 56 56 56 56 56 56 56 56 56 56 56 56 56 56 58 58 58 58 58 62 62 64 64 64 64 64 64 64 64 65 65 65 65 65 65 65 65 65 66 66 66 66 66 66 66 67 67 67 67 67 67 67 70 70 70 70 70 70 70 70 
67 68 69 70 37 38 39 40 41 42 43 44 45 46 60 61 62 63 64 65 66 192 193 194 195 196 197 198 199 161 162 163 164 165 166 167 168 4 5 6 7 8 9 10 11 12 13 130 131 132 133 134 146 147 148 149 150 151 152 153 14 15 16 17 18 19 20 0 1 2 3 178 179 180 181 182 183 184 135 136 137 138 139 92 93 94 95 154 155 156 157 158 83 84 85 86 126 127 128 129 110 111 112 113 114 115 116 117 118 119 100 101 102 103 104 105 106 107 108 109 140 141 142 143 144 145 96 97 98 99 47 48 49 50 51 78 79 80 81 82 120 121 122 123 124 125 52 53 54 55 56 57 58 59 87 88 89 90 91 176 177 29 30 31 32 33 34 35 36 185 186 187 188 189 190 191 159 160 71 72 73 74 75 76 77 169 170 171 172 173 174 175 21 22 23 24 25 26 27 28 
754 754 754 754 528 528 528 528 528 528 528 528 528 528 646 646 646 646 646 646 646 213 213 213 213 213 213 213 213 609 609 609 609 609 609 609 609 528 528 528 528 528 528 528 528 528 528 838 838 838 838 838 531 531 531 531 531 531 531 531 646 646 646 646 646 646 646 754 754 754 754 354 354 354 354 354 354 354 455 455 455 455 455 438 438 438 438 352 352 352 352 352 438 438 438 438 855 855 855 855 175 175 175 175 175 175 175 175 175 175 175 175 175 175 175 175 175 175 175 175 852 852 852 852 852 852 855 855 855 855 838 838 838 838 838 455 455 455 455 455 852 852 852 852 852 852 531 531 531 531 531 531 531 531 352 352 352 352 352 896 896 609 609 609 609 609 609 609 609 477 477 477 477 477 477 477 896 896 354 354 354 354 354 354 354 477 477 477 477 477 477 477 213 213 213 213 213 213 213 213 
0 1 2 3 4 5 6 7 8 9 10 11 12 13 14 15 16 17 18 19 20 21 22 23 24 25 26 27 28 29 30 31 32 33 34 35 36 4 5 6 7 8 9 10 11 12 13 37 38 39 40 41 42 43 44 45 46 47 48 49 14 15 16 17 18 19 20 0 1 2 3 50 51 52 53 54 55 56 57 58 59 60 61 62 63 64 65 66 67 68 69 70 62 63 64 65 71 72 73 74 75 76 77 78 79 80 81 82 83 84 75 76 77 78 79 80 81 82 83 84 85 86 87 88 89 90 71 72 73 74 37 38 39 40 41 57 58 59 60 61 85 86 87 88 89 90 42 43 44 45 46 47 48 49 66 67 68 69 70 91 92 29 30 31 32 33 34 35 36 93 94 95 96 97 98 99 91 92 50 51 52 53 54 55 56 93 94 95 96 97 98 99 21 22 23 24 25 26 27 28 
51510
16
4 5 6 10 4 8 8 7 7 5 2 8 5 7 4 10 
38 18 47 44 32 12 18 65 30 33 62 10 31 6 2 3 
49 52 56 46 34 64 56 67 66 58 65 70 52 21 26 13 
855 838 852 175 438 609 531 477 354 352 896 213 455 646 754 528 
14 14 14 14 15 15 15 15 15 15 15 15 15 15 13 13 13 13 13 13 13 11 11 11 11 11 11 11 11 5 5 5 5 5 5 5 5 15 15 15 15 15 15 15 15 15 15 1 1 1 1 1 6 6 6 6 6 6 6 6 13 13 13 13 13 13 13 14 14 14 14 8 8 8 8 8 8 8 12 12 12 12 12 4 4 4 4 9 9 9 9 9 4 4 4 4 0 0 0 0 3 3 3 3 3 3 3 3 3 3 3 3 3 3 3 3 3 3 3 3 2 2 2 2 2 2 0 0 0 0 1 1 1 1 1 12 12 12 12 12 2 2 2 2 2 2 6 6 6 6 6 6 6 6 9 9 9 9 9 10 10 5 5 5 5 5 5 5 5 7 7 7 7 7 7 7 10 10 8 8 8 8 8 8 8 7 7 7 7 7 7 7 11 11 11 11 11 11 11 11 