757
100
2
1 1 1 2 2 2 3 3 3 8 8 8 8 8 8 8 8 8 8 8 8 8 8 8 8 14 14 14 14 14 14 15 15 15 15 15 15 15 17 17 17 17 19 19 19 19 19 21 21 21 21 21 21 21 22 22 22 22 22 22 22 22 22 22 24 24 24 24 30 30 30 30 30 30 30 30 30 30 30 30 30 30 30 30 31 31 31 31 32 32 32 32 32 32 32 32 32 32 32 33 33 33 33 33 33 33 33 33 33 35 35 35 35 35 35 35 39 39 39 40 40 40 40 40 40 40 41 41 41 41 41 41 41 41 41 41 44 44 45 45 45 45 45 46 46 46 46 52 52 52 52 52 52 53 53 53 53 53 53 53 54 54 54 55 55 55 55 55 55 55 55 55 55 55 55 57 58 58 58 58 58 61 61 61 61 61 61 62 62 62 62 62 62 64 64 64 69 69 69 69 
140 141 142 54 55 56 113 114 115 68 69 70 71 72 73 74 75 76 77 78 79 80 81 82 83 169 170 171 172 173 174 47 48 49 50 51 52 53 43 44 45 46 176 38 39 40 41 31 32 33 34 35 36 37 3 4 5 129 130 131 132 133 134 135 84 85 86 87 9 10 11 12 13 14 15 16 17 18 19 20 21 22 23 24 64 65 66 67 109 110 111 112 119 120 121 122 123 124 125 116 117 118 153 154 155 156 157 158 159 88 89 90 91 6 7 8 99 100 101 92 93 94 95 96 97 98 196 197 198 57 58 59 60 61 62 63 138 139 136 137 0 1 2 177 178 179 180 181 182 183 184 185 186 102 103 104 105 106 107 108 193 194 195 187 188 189 190 191 192 25 26 27 28 29 30 199 42 143 144 145 146 147 148 149 150 151 152 163 164 165 166 167 168 160 161 162 126 127 128 175 
298 298 298 684 684 684 774 774 774 653 653 653 653 653 653 653 653 653 653 653 653 653 653 653 653 349 349 349 349 349 349 554 554 554 554 554 554 554 769 769 769 769 291 769 769 769 769 554 554 554 554 554 554 554 684 684 684 789 789 789 789 789 789 789 458 458 458 458 653 653 653 653 653 653 653 653 653 653 653 653 653 653 653 653 458 458 458 458 929 929 929 929 670 670 670 670 670 670 670 318 318 318 836 836 836 836 836 836 836 929 929 929 929 774 774 774 318 318 318 670 670 670 670 670 670 670 517 517 517 789 789 789 789 789 789 789 865 865 865 865 298 298 298 904 904 904 904 512 512 512 512 512 512 836 836 836 836 836 836 836 581 581 581 585 585 585 585 585 585 349 349 349 349 349 349 879 291 904 904 904 904 512 512 512 512 512 512 585 585 585 585 585 585 581 581 581 517 517 517 879 
0 1 2 3 4 5 6 7 8 9 10 11 12 13 14 15 16 17 18 19 20 21 22 23 24 25 26 27 28 29 30 31 32 33 34 35 36 37 38 39 40 41 42 38 39 40 41 31 32 33 34 35 36 37 3 4 5 43 44 45 46 47 48 49 50 51 52 53 9 10 11 12 13 14 15 16 17 18 19 20 21 22 23 24 50 51 52 53 54 55 56 57 58 59 60 61 62 63 64 65 66 67 68 69 70 71 72 73 74 54 55 56 57 6 7 8 65 66 67 58 59 60 61 62 63 64 75 76 77 43 44 45 46 47 48 49 78 79 78 79 0 1 2 80 81 82 83 84 85 86 87 88 89 68 69 70 71 72 73 74 90 91 92 93 94 95 96 97 98 25 26 27 28 29 30 99 42 80 81 82 83 84 85 86 87 88 89 93 94 95 96 97 98 90 91 92 75 76 77 99 
63723
21
4 3 7 4 1 2 3 6 7 6 7 4 3 3 1 6 4 3 7 3 16 
24 41 15 32 19 44 33 55 32 14 33 46 2 3 57 52 17 1 22 54 8 
31 69 21 35 58 45 39 62 40 55 53 58 22 35 69 61 19 45 41 64 30 
458 517 554 929 291 865 318 585 670 349 836 904 684 774 879 512 769 298 789 581 653 
17 17 17 12 12 12 13 13 13 20 20 20 20 20 20 20 20 20 20 20 20 20 20 20 20 9 9 9 9 9 9 2 2 2 2 2 2 2 16 16 16 16 4 16 16 16 16 2 2 2 2 2 2 2 12 12 12 18 18 18 18 18 18 18 0 0 0 0 20 20 20 20 20 20 20 20 20 20 20 20 20 20 20 20 0 0 0 0 3 3 3 3 8 8 8 8 8 8 8 6 6 6 10 10 10 10 10 10 10 3 3 3 3 13 13 13 6 6 6 8 8 8 8 8 8 8 1 1 1 18 18 18 18 18 18 18 5 5 5 5 17 17 17 11 11 11 11 15 15 15 15 15 15 10 10 10 10 10 10 10 19 19 19 7 7 7 7 7 7 9 9 9 9 9 9 14 4 11 11 11 11 15 15 15 15 15 15 7 7 7 7 7 7 19 19 19 1 1 1 14 