893
100
2
3 3 3 5 5 5 5 5 5 6 6 6 6 6 6 8 8 8 8 8 8 11 11 11 11 11 11 11 12 12 12 12 12 12 12 13 13 13 13 13 13 17 17 17 17 17 17 17 17 17 17 17 17 18 18 18 18 18 18 25 27 27 29 29 29 29 29 29 29 29 29 29 32 32 32 32 32 33 33 35 35 35 35 35 35 35 35 35 35 35 35 35 35 36 36 36 38 38 38 38 38 38 38 39 39 39 39 39 39 39 39 39 39 39 39 39 39 39 42 42 43 47 47 47 47 47 47 48 48 48 50 51 52 53 53 53 54 54 54 54 54 54 55 55 55 55 55 55 57 57 57 58 58 58 58 58 58 59 59 59 59 59 59 59 59 59 59 59 59 59 59 59 59 59 59 59 59 59 61 61 62 62 62 62 62 62 62 62 62 62 62 66 66 66 67 67 69 69 69 69 
139 140 141 180 181 182 183 184 185 41 42 43 44 45 46 62 63 64 65 66 67 131 35 36 37 38 39 40 132 53 54 55 56 57 58 22 23 24 25 26 27 9 10 11 12 13 14 87 88 89 90 91 92 29 30 31 32 33 34 96 194 195 15 16 17 18 19 20 196 197 198 199 82 83 84 85 86 178 179 148 149 150 72 73 74 75 76 47 48 49 50 51 52 136 137 138 59 157 158 159 160 161 162 163 164 165 166 167 168 169 170 171 172 173 174 175 176 177 186 187 130 142 143 144 145 146 147 188 189 190 120 21 28 151 152 153 93 94 95 0 1 2 121 122 123 124 125 126 79 80 81 133 134 135 191 192 193 97 98 99 100 101 102 103 104 105 106 107 108 109 110 111 112 113 114 115 116 117 77 78 3 4 5 6 7 8 118 119 127 128 129 154 155 156 60 61 68 69 70 71 
455 455 455 211 211 211 211 211 211 352 352 352 352 352 352 521 521 521 521 521 521 573 780 780 780 780 780 780 450 636 636 636 636 636 636 780 780 780 780 780 780 352 352 352 352 352 352 984 984 984 984 984 984 636 636 636 636 636 636 164 642 642 521 521 521 521 521 521 910 910 910 910 847 847 847 847 847 688 688 709 709 709 847 847 847 847 847 984 984 984 984 984 984 1000 1000 1000 164 473 473 473 473 473 473 594 594 594 594 594 594 594 594 594 594 594 594 594 594 594 296 296 628 594 594 594 594 594 594 652 652 652 628 573 450 378 378 378 1000 1000 1000 455 455 455 594 594 594 594 594 594 709 709 709 378 378 378 165 165 165 473 473 473 473 473 473 594 594 594 594 594 594 594 594 594 594 594 594 594 594 594 688 688 211 211 211 211 211 211 296 296 652 652 652 165 165 165 642 642 910 910 910 910 
0 1 2 3 4 5 6 7 8 9 10 11 12 13 14 15 16 17 18 19 20 21 22 23 24 25 26 27 28 29 30 31 32 33 34 22 23 24 25 26 27 9 10 11 12 13 14 35 36 37 38 39 40 29 30 31 32 33 34 41 42 43 15 16 17 18 19 20 44 45 46 47 48 49 50 51 52 53 54 55 56 57 48 49 50 51 52 35 36 37 38 39 40 58 59 60 41 61 62 63 64 65 66 67 68 69 70 71 72 73 74 75 76 77 78 79 80 81 82 83 84 85 86 87 88 89 90 91 92 93 84 21 28 94 95 96 58 59 60 0 1 2 85 86 87 88 89 90 55 56 57 94 95 96 97 98 99 61 62 63 64 65 66 67 68 69 70 71 72 73 74 75 76 77 78 79 80 81 53 54 3 4 5 6 7 8 82 83 91 92 93 97 98 99 42 43 44 45 46 47 
59235
24
2 3 6 3 3 1 2 2 3 1 1 3 6 3 6 1 6 6 4 5 6 6 6 15 
27 36 5 35 53 25 33 42 58 43 12 3 8 48 47 11 12 11 29 32 6 17 38 39 
67 54 62 57 58 38 61 62 66 50 52 54 29 62 55 51 18 13 69 35 17 35 59 59 
642 1000 211 709 378 164 688 296 165 628 450 455 521 652 594 573 636 780 910 847 352 984 473 594 
11 11 11 2 2 2 2 2 2 20 20 20 20 20 20 12 12 12 12 12 12 15 17 17 17 17 17 17 10 16 16 16 16 16 16 17 17 17 17 17 17 20 20 20 20 20 20 21 21 21 21 21 21 16 16 16 16 16 16 5 0 0 12 12 12 12 12 12 18 18 18 18 19 19 19 19 19 6 6 3 3 3 19 19 19 19 19 21 21 21 21 21 21 1 1 1 5 22 22 22 22 22 22 23 23 23 23 23 23 23 23 23 23 23 23 23 23 23 7 7 9 14 14 14 14 14 14 13 13 13 9 15 10 4 4 4 1 1 1 11 11 11 14 14 14 14 14 14 3 3 3 4 4 4 8 8 8 22 22 22 22 22 22 23 23 23 23 23 23 23 23 23 23 23 23 23 23 23 6 6 2 2 2 2 2 2 7 7 13 13 13 8 8 8 0 0 18 18 18 18 