849
100
2
1 2 2 2 3 3 3 5 5 5 5 5 5 5 5 5 5 5 5 5 5 5 5 5 5 5 5 5 5 9 9 9 9 9 11 11 11 11 12 12 13 13 13 14 14 14 16 16 16 16 16 16 16 16 16 16 16 16 16 16 16 18 19 19 19 21 21 21 21 22 22 22 22 22 23 23 23 23 23 23 23 23 27 27 27 27 28 28 28 29 29 29 34 34 34 34 34 34 34 39 39 39 39 39 39 39 41 42 42 42 42 42 42 43 43 43 43 43 43 43 43 43 43 43 44 44 44 44 44 46 46 46 47 47 47 47 47 47 47 48 48 48 48 48 49 49 49 49 49 50 50 50 50 50 50 50 50 50 54 54 54 55 55 55 55 55 55 55 56 56 56 58 58 58 58 59 59 59 63 64 64 64 64 64 64 67 67 67 67 67 69 69 69 69 69 69 70 70 70 70 
177 4 5 6 1 2 3 99 100 101 149 150 151 152 46 47 48 49 50 51 52 53 54 55 56 57 58 59 60 153 154 155 156 157 117 118 119 120 130 131 168 169 170 121 122 123 14 15 16 17 18 19 20 21 22 23 24 25 26 27 28 106 158 159 160 135 136 137 138 124 125 126 127 128 82 83 84 85 132 133 134 112 74 75 76 77 89 90 91 86 87 88 175 176 107 108 109 110 111 7 8 9 171 172 173 174 61 94 95 96 97 98 81 196 197 198 199 34 35 36 37 43 44 45 69 70 71 72 73 178 38 39 78 79 80 65 66 67 68 144 145 146 147 148 139 140 141 142 143 10 11 12 13 29 30 31 32 33 62 63 64 162 161 185 186 187 188 189 40 41 42 102 103 104 105 92 93 0 129 190 191 192 193 194 195 163 164 165 166 167 179 180 181 182 183 184 113 114 115 116 
439 527 527 527 527 527 527 158 158 158 907 907 907 907 587 587 587 587 587 587 587 587 587 587 587 587 587 587 587 858 858 858 858 858 217 217 217 217 202 202 506 506 506 312 312 312 587 587 587 587 587 587 587 587 587 587 587 587 587 587 587 526 945 945 945 265 265 265 265 513 513 513 513 513 464 464 464 464 315 315 315 598 464 464 464 464 448 448 448 448 448 448 972 972 386 386 386 386 386 158 158 158 258 258 258 258 526 386 386 386 386 386 598 329 329 329 329 217 217 217 217 312 312 312 513 513 513 513 513 544 202 202 315 315 315 265 265 265 265 663 663 663 663 663 663 663 663 663 663 907 907 907 907 858 858 858 858 858 945 945 945 181 181 366 366 366 366 366 506 506 506 258 258 258 258 972 972 439 544 963 963 963 963 963 309 366 366 366 366 366 963 963 963 963 963 309 329 329 329 329 
0 1 2 3 1 2 3 4 5 6 7 8 9 10 11 12 13 14 15 16 17 18 19 20 21 22 23 24 25 26 27 28 29 30 31 32 33 34 35 36 37 38 39 40 41 42 11 12 13 14 15 16 17 18 19 20 21 22 23 24 25 43 44 45 46 47 48 49 50 51 52 53 54 55 56 57 58 59 60 61 62 63 56 57 58 59 64 65 66 64 65 66 67 68 69 70 71 72 73 4 5 6 74 75 76 77 43 69 70 71 72 73 63 78 79 80 81 31 32 33 34 40 41 42 51 52 53 54 55 82 35 36 60 61 62 47 48 49 50 83 84 85 86 87 83 84 85 86 87 7 8 9 10 26 27 28 29 30 44 45 46 88 88 89 90 91 92 93 37 38 39 74 75 76 77 67 68 0 82 94 95 96 97 98 99 89 90 91 92 93 94 95 96 97 98 99 78 79 80 81 
51888
28
4 3 3 3 1 5 1 1 4 2 5 4 4 3 4 1 1 3 5 2 1 4 3 5 3 5 5 15 
23 28 5 19 18 48 46 55 43 34 64 39 5 23 21 1 64 13 34 12 23 11 2 9 14 55 22 5 
27 29 39 54 41 49 63 55 70 59 69 58 50 47 47 59 69 56 42 46 42 43 3 50 43 67 44 16 
464 448 158 945 526 663 544 181 329 972 963 258 907 315 265 439 309 506 386 202 598 217 527 858 312 366 513 587 
15 22 22 22 22 22 22 2 2 2 12 12 12 12 27 27 27 27 27 27 27 27 27 27 27 27 27 27 27 23 23 23 23 23 21 21 21 21 19 19 17 17 17 24 24 24 27 27 27 27 27 27 27 27 27 27 27 27 27 27 27 4 3 3 3 14 14 14 14 26 26 26 26 26 0 0 0 0 13 13 13 20 0 0 0 0 1 1 1 1 1 1 9 9 18 18 18 18 18 2 2 2 11 11 11 11 4 18 18 18 18 18 20 8 8 8 8 21 21 21 21 24 24 24 26 26 26 26 26 6 19 19 13 13 13 14 14 14 14 5 5 5 5 5 5 5 5 5 5 12 12 12 12 23 23 23 23 23 3 3 3 7 7 25 25 25 25 25 17 17 17 11 11 11 11 9 9 15 6 10 10 10 10 10 16 25 25 25 25 25 10 10 10 10 10 16 8 8 8 8 