191
100
2
1 1 1 1 1 3 3 3 3 6 6 6 6 6 9 9 10 10 10 10 10 10 10 10 11 11 15 15 15 15 15 15 15 16 16 16 16 17 17 17 17 17 17 17 18 18 18 18 18 19 19 19 19 19 19 19 19 19 19 19 20 20 21 21 21 21 21 22 22 24 24 24 24 24 24 24 24 24 24 25 25 27 27 27 27 27 27 28 28 28 28 28 30 30 30 30 30 34 34 34 34 34 34 34 34 35 35 35 35 39 39 39 39 39 39 41 41 41 41 42 42 44 44 44 45 45 45 45 45 47 47 47 47 47 47 47 47 48 48 48 48 48 48 50 50 50 51 51 54 54 54 54 54 54 54 54 54 54 54 54 54 55 55 55 55 55 55 55 55 56 56 58 58 58 62 62 62 62 62 62 62 62 62 62 62 62 62 62 62 62 62 68 68 68 68 68 69 69 70 70 
87 88 89 90 91 56 57 58 59 124 125 126 127 128 79 80 97 98 99 100 101 102 103 104 60 61 49 50 51 52 53 54 55 174 175 176 177 69 70 71 72 73 74 75 92 93 94 95 96 26 27 28 29 30 31 32 5 6 7 8 24 25 191 192 193 194 195 196 197 37 38 39 40 41 42 43 143 144 145 14 15 137 138 139 140 141 142 0 1 2 3 4 44 45 46 47 48 16 17 18 19 20 21 22 23 115 116 117 118 110 109 112 111 114 113 105 106 107 108 146 147 171 172 173 9 10 11 12 13 161 162 163 164 165 166 167 168 81 82 83 84 85 86 76 77 78 119 120 178 179 180 181 182 183 184 185 186 187 188 189 190 129 130 131 132 133 134 135 136 198 199 121 122 123 33 34 35 36 148 149 150 151 152 153 154 155 156 157 158 159 160 62 63 64 65 66 67 68 169 170 
181 181 181 181 181 820 820 820 820 528 528 528 528 528 786 786 828 828 828 828 828 828 828 828 742 742 965 965 965 965 965 965 965 575 575 575 575 370 370 370 370 370 370 370 436 436 436 436 436 965 965 965 965 965 965 965 820 820 820 820 742 742 193 193 193 193 193 548 548 370 370 370 370 370 370 370 664 664 664 786 786 468 468 468 468 468 468 181 181 181 181 181 436 436 436 436 436 828 828 828 828 828 828 828 828 568 568 568 568 216 216 216 216 216 216 568 568 568 568 983 983 849 849 849 528 528 528 528 528 407 407 407 407 407 407 407 407 468 468 468 468 468 468 664 664 664 983 983 201 201 201 201 201 201 201 201 201 201 201 201 201 407 407 407 407 407 407 407 407 685 685 849 849 849 575 575 575 575 201 201 201 201 201 201 201 201 201 201 201 201 201 193 193 193 193 193 548 548 685 685 
0 1 2 3 4 5 6 7 8 9 10 11 12 13 14 15 16 17 18 19 20 21 22 23 24 25 26 27 28 29 30 31 32 33 34 35 36 37 38 39 40 41 42 43 44 45 46 47 48 26 27 28 29 30 31 32 5 6 7 8 24 25 49 50 51 52 53 54 55 37 38 39 40 41 42 43 56 57 58 14 15 59 60 61 62 63 64 0 1 2 3 4 44 45 46 47 48 16 17 18 19 20 21 22 23 65 66 67 68 69 69 70 70 71 71 65 66 67 68 72 73 74 75 76 9 10 11 12 13 77 78 79 80 81 82 83 84 59 60 61 62 63 64 56 57 58 72 73 85 86 87 88 89 90 91 92 93 94 95 96 97 77 78 79 80 81 82 83 84 98 99 74 75 76 33 34 35 36 85 86 87 88 89 90 91 92 93 94 95 96 97 49 50 51 52 53 54 55 98 99 
51863
21
7 7 3 4 3 4 8 5 2 3 2 2 4 8 5 5 2 6 5 2 13 
17 15 44 35 39 3 10 1 22 24 9 11 16 47 18 6 42 27 21 56 54 
24 19 58 41 39 19 34 28 69 50 25 20 62 55 30 45 51 48 68 70 62 
370 965 849 568 216 820 828 181 548 664 786 742 575 407 436 528 983 468 193 685 201 
7 7 7 7 7 5 5 5 5 15 15 15 15 15 10 10 6 6 6 6 6 6 6 6 11 11 1 1 1 1 1 1 1 12 12 12 12 0 0 0 0 0 0 0 14 14 14 14 14 1 1 1 1 1 1 1 5 5 5 5 11 11 18 18 18 18 18 8 8 0 0 0 0 0 0 0 9 9 9 10 10 17 17 17 17 17 17 7 7 7 7 7 14 14 14 14 14 6 6 6 6 6 6 6 6 3 3 3 3 4 4 4 4 4 4 3 3 3 3 16 16 2 2 2 15 15 15 15 15 13 13 13 13 13 13 13 13 17 17 17 17 17 17 9 9 9 16 16 20 20 20 20 20 20 20 20 20 20 20 20 20 13 13 13 13 13 13 13 13 19 19 2 2 2 12 12 12 12 20 20 20 20 20 20 20 20 20 20 20 20 20 18 18 18 18 18 8 8 19 19 