35
100
2
3 3 3 3 4 4 4 4 4 4 4 4 7 7 7 7 7 7 7 10 10 10 10 10 10 12 14 14 14 14 14 14 14 14 17 17 17 17 17 17 17 17 19 19 19 19 19 19 19 19 19 19 20 20 20 20 20 20 20 20 20 20 20 20 20 20 20 21 21 21 21 21 21 21 21 21 21 21 21 21 21 21 21 21 21 21 21 21 21 21 21 23 23 23 23 23 23 23 23 23 23 23 23 23 28 28 28 28 28 28 28 28 28 30 30 30 30 30 30 30 34 34 34 34 34 34 34 34 34 39 39 39 39 39 39 39 40 40 40 40 41 41 41 41 41 41 41 41 59 59 59 59 59 59 59 59 62 62 62 62 62 62 62 62 62 62 63 63 63 63 63 63 63 63 63 65 65 65 65 65 65 66 66 66 66 67 67 67 67 67 67 67 67 67 67 67 67 67 67 67 
34 35 36 37 26 27 28 29 30 31 32 33 193 194 195 196 197 198 199 52 53 54 55 56 57 128 4 5 6 7 8 9 10 11 0 1 2 3 136 137 138 139 156 157 158 159 160 161 162 163 164 165 19 20 21 22 23 24 95 96 97 98 99 100 101 102 103 175 176 177 178 179 180 104 105 106 107 108 109 110 111 112 166 167 168 169 170 171 172 173 174 181 182 183 184 58 59 60 61 62 63 64 65 66 73 74 75 76 77 78 79 80 81 129 130 131 132 133 134 135 185 186 187 188 189 190 191 192 25 113 114 115 116 117 118 119 38 39 40 41 148 149 150 151 152 153 154 155 140 141 142 143 144 145 146 147 42 43 44 45 46 47 48 49 50 51 82 83 84 85 86 87 88 89 90 67 68 69 70 71 72 91 92 93 94 120 121 122 123 124 125 126 127 12 13 14 15 16 17 18 
708 708 708 708 649 649 649 649 649 649 649 649 725 725 725 725 725 725 725 815 815 815 815 815 815 161 649 649 649 649 649 649 649 649 708 708 708 708 688 688 688 688 776 776 776 776 776 776 776 776 776 776 815 815 815 815 815 815 174 174 174 174 174 174 174 174 174 551 551 551 551 551 551 392 392 392 392 392 392 392 392 392 224 224 224 224 224 224 224 224 224 952 952 952 952 174 174 174 174 174 174 174 174 174 392 392 392 392 392 392 392 392 392 773 773 773 773 773 773 773 318 318 318 318 318 318 318 318 161 773 773 773 773 773 773 773 688 688 688 688 835 835 835 835 835 835 835 835 835 835 835 835 835 835 835 835 776 776 776 776 776 776 776 776 776 776 224 224 224 224 224 224 224 224 224 551 551 551 551 551 551 952 952 952 952 318 318 318 318 318 318 318 318 725 725 725 725 725 725 725 
0 1 2 3 4 5 6 7 8 9 10 11 12 13 14 15 16 17 18 19 20 21 22 23 24 25 4 5 6 7 8 9 10 11 0 1 2 3 26 27 28 29 30 31 32 33 34 35 36 37 38 39 19 20 21 22 23 24 40 41 42 43 44 45 46 47 48 49 50 51 52 53 54 55 56 57 58 59 60 61 62 63 64 65 66 67 68 69 70 71 72 73 74 75 76 40 41 42 43 44 45 46 47 48 55 56 57 58 59 60 61 62 63 77 78 79 80 81 82 83 84 85 86 87 88 89 90 91 25 77 78 79 80 81 82 83 26 27 28 29 92 93 94 95 96 97 98 99 92 93 94 95 96 97 98 99 30 31 32 33 34 35 36 37 38 39 64 65 66 67 68 69 70 71 72 49 50 51 52 53 54 73 74 75 76 84 85 86 87 88 89 90 91 12 13 14 15 16 17 18 
57521
15
8 8 8 4 6 6 9 10 4 1 9 7 7 4 9 
41 4 34 3 10 21 21 19 17 12 21 7 30 23 20 
59 14 67 17 20 65 28 62 40 34 63 67 39 66 23 
835 649 318 708 815 551 392 776 688 161 224 725 773 952 174 
3 3 3 3 1 1 1 1 1 1 1 1 11 11 11 11 11 11 11 4 4 4 4 4 4 9 1 1 1 1 1 1 1 1 3 3 3 3 8 8 8 8 7 7 7 7 7 7 7 7 7 7 4 4 4 4 4 4 14 14 14 14 14 14 14 14 14 5 5 5 5 5 5 6 6 6 6 6 6 6 6 6 10 10 10 10 10 10 10 10 10 13 13 13 13 14 14 14 14 14 14 14 14 14 6 6 6 6 6 6 6 6 6 12 12 12 12 12 12 12 2 2 2 2 2 2 2 2 9 12 12 12 12 12 12 12 8 8 8 8 0 0 0 0 0 0 0 0 0 0 0 0 0 0 0 0 7 7 7 7 7 7 7 7 7 7 10 10 10 10 10 10 10 10 10 5 5 5 5 5 5 13 13 13 13 2 2 2 2 2 2 2 2 11 11 11 11 11 11 11 