820
100
2
1 1 1 6 6 6 8 8 8 10 10 10 10 10 10 10 10 10 10 13 13 13 13 13 13 14 14 14 14 14 15 15 15 15 15 15 15 15 15 15 15 15 17 17 17 17 17 21 21 21 21 21 22 22 22 22 22 22 22 25 25 25 25 25 25 25 25 25 25 25 25 25 25 25 25 26 26 26 26 26 26 26 27 27 27 27 27 27 27 27 27 27 28 28 36 36 36 36 36 40 40 40 40 40 40 41 41 41 41 41 41 44 44 45 45 45 45 45 45 45 45 45 45 53 53 53 53 53 53 53 53 55 55 55 55 55 55 55 57 57 57 57 57 57 57 57 57 57 57 57 57 57 57 57 57 57 57 57 57 60 60 60 60 60 60 60 60 60 60 61 61 61 64 64 64 64 64 64 66 66 66 66 66 67 67 67 67 67 67 67 69 69 70 70 70 70 70 70 70 70 
169 170 171 89 90 91 42 43 44 113 114 115 116 117 118 119 120 121 122 172 173 174 175 176 177 178 179 180 181 182 159 160 161 162 163 164 165 166 167 168 111 112 6 7 8 92 93 94 95 96 97 98 183 184 185 186 187 188 189 143 144 145 146 147 148 149 150 151 152 153 154 155 156 157 158 82 83 84 85 86 87 88 75 76 77 78 79 80 81 3 4 5 45 46 47 48 49 50 51 105 106 107 108 109 110 99 100 101 102 103 104 40 41 9 10 11 12 13 14 15 16 17 18 192 193 194 195 196 197 198 199 138 139 140 141 142 190 191 131 132 133 134 135 59 60 61 62 63 64 65 66 67 68 69 70 71 72 73 74 30 31 32 33 34 35 36 37 38 39 0 1 2 19 20 21 22 23 24 25 26 27 28 29 52 53 54 55 56 57 58 136 137 123 124 125 126 127 128 129 130 
545 545 545 524 524 524 831 831 831 702 702 702 702 702 702 702 702 702 702 336 336 336 336 336 336 999 999 999 999 999 258 258 258 258 258 258 258 258 258 258 981 981 831 831 831 608 608 839 839 839 839 839 750 750 750 750 750 750 750 247 247 247 247 247 247 247 247 247 247 247 247 247 247 247 247 646 646 646 646 646 646 646 646 646 646 646 646 646 646 524 524 524 608 608 839 839 839 839 839 594 594 594 594 594 594 594 594 594 594 594 594 981 981 702 702 702 702 702 702 702 702 702 702 360 360 360 360 360 360 360 360 330 330 330 330 330 637 637 330 330 330 330 330 247 247 247 247 247 247 247 247 247 247 247 247 247 247 247 247 258 258 258 258 258 258 258 258 258 258 545 545 545 336 336 336 336 336 336 999 999 999 999 999 750 750 750 750 750 750 750 637 637 360 360 360 360 360 360 360 360 
0 1 2 3 4 5 6 7 8 9 10 11 12 13 14 15 16 17 18 19 20 21 22 23 24 25 26 27 28 29 30 31 32 33 34 35 36 37 38 39 40 41 6 7 8 42 43 44 45 46 47 48 49 50 51 52 53 54 55 56 57 58 59 60 61 62 63 64 65 66 67 68 69 70 71 72 73 74 75 76 77 78 72 73 74 75 76 77 78 3 4 5 42 43 44 45 46 47 48 79 80 81 82 83 84 79 80 81 82 83 84 40 41 9 10 11 12 13 14 15 16 17 18 85 86 87 88 89 90 91 92 93 94 95 96 97 98 99 93 94 95 96 97 56 57 58 59 60 61 62 63 64 65 66 67 68 69 70 71 30 31 32 33 34 35 36 37 38 39 0 1 2 19 20 21 22 23 24 25 26 27 28 29 49 50 51 52 53 54 55 98 99 85 86 87 88 89 90 91 92 
52776
17
3 7 3 5 7 3 8 6 2 6 10 2 2 10 5 5 16 
8 26 6 55 22 1 53 13 17 40 15 55 15 10 21 14 25 
17 27 27 57 67 61 70 64 28 41 60 69 44 45 36 66 57 
831 646 524 330 750 545 360 336 608 594 258 637 981 702 839 999 247 
5 5 5 2 2 2 0 0 0 13 13 13 13 13 13 13 13 13 13 7 7 7 7 7 7 15 15 15 15 15 10 10 10 10 10 10 10 10 10 10 12 12 0 0 0 8 8 14 14 14 14 14 4 4 4 4 4 4 4 16 16 16 16 16 16 16 16 16 16 16 16 16 16 16 16 1 1 1 1 1 1 1 1 1 1 1 1 1 1 2 2 2 8 8 14 14 14 14 14 9 9 9 9 9 9 9 9 9 9 9 9 12 12 13 13 13 13 13 13 13 13 13 13 6 6 6 6 6 6 6 6 3 3 3 3 3 11 11 3 3 3 3 3 16 16 16 16 16 16 16 16 16 16 16 16 16 16 16 16 10 10 10 10 10 10 10 10 10 10 5 5 5 7 7 7 7 7 7 15 15 15 15 15 4 4 4 4 4 4 4 11 11 6 6 6 6 6 6 6 6 