659
100
2
7 7 7 7 12 12 12 12 12 12 12 12 12 12 12 12 12 12 12 12 15 15 15 15 15 15 15 15 15 15 16 16 16 16 16 16 16 16 19 19 19 19 19 19 19 19 19 19 19 19 19 19 19 19 20 20 20 22 22 22 22 22 22 22 22 23 23 23 23 23 23 23 23 29 29 29 29 29 30 30 30 30 30 31 31 31 31 31 31 31 31 31 36 36 36 36 36 36 36 36 37 37 37 37 39 39 39 42 42 42 42 42 42 42 42 42 42 42 42 42 42 42 42 42 42 42 43 43 43 43 44 44 44 44 44 46 52 52 52 52 52 52 52 52 52 54 54 54 54 54 59 59 59 59 64 64 64 64 64 64 64 64 64 64 65 65 65 65 65 67 67 67 67 67 67 67 67 67 67 67 67 67 67 67 67 67 67 68 68 68 69 69 69 69 69 69 69 69 69 69 
150 151 152 153 38 39 40 41 42 43 44 45 46 47 48 49 50 51 52 53 154 155 156 157 158 159 160 161 162 163 169 170 171 172 173 174 175 176 4 5 6 7 8 9 10 11 12 13 14 15 16 17 18 19 187 188 189 92 93 94 95 96 97 98 99 190 191 192 193 194 195 196 197 135 112 113 114 115 130 131 132 133 134 136 137 138 139 140 141 142 143 144 57 58 59 60 61 62 63 64 126 127 128 129 166 167 168 145 146 147 148 149 74 75 76 77 177 178 179 180 181 182 183 184 185 186 100 101 102 103 78 79 80 81 82 73 83 84 85 86 87 88 89 90 91 107 108 109 110 111 0 1 2 3 20 21 22 23 24 25 26 27 28 29 198 199 104 105 106 30 31 32 33 34 35 36 37 116 117 118 119 120 121 122 123 124 125 54 55 56 65 66 67 68 69 70 71 72 164 165 
901 901 901 901 431 431 431 431 431 431 431 431 431 431 431 431 431 431 431 431 216 216 216 216 216 216 216 216 216 216 650 650 650 650 650 650 650 650 431 431 431 431 431 431 431 431 431 431 431 431 431 431 431 431 255 255 255 589 589 589 589 589 589 589 589 359 359 359 359 359 359 359 359 246 785 785 785 785 452 452 452 452 452 450 450 450 450 450 450 450 450 450 589 589 589 589 589 589 589 589 450 450 450 450 708 708 708 635 635 635 635 635 785 785 785 785 904 904 904 904 904 904 904 904 904 904 450 450 450 450 452 452 452 452 452 246 450 450 450 450 450 450 450 450 450 635 635 635 635 635 901 901 901 901 216 216 216 216 216 216 216 216 216 216 464 464 708 708 708 650 650 650 650 650 650 650 650 904 904 904 904 904 904 904 904 904 904 255 255 255 359 359 359 359 359 359 359 359 464 464 
0 1 2 3 4 5 6 7 8 9 10 11 12 13 14 15 16 17 18 19 20 21 22 23 24 25 26 27 28 29 30 31 32 33 34 35 36 37 4 5 6 7 8 9 10 11 12 13 14 15 16 17 18 19 38 39 40 41 42 43 44 45 46 47 48 49 50 51 52 53 54 55 56 57 58 59 60 61 62 63 64 65 66 67 68 69 70 71 72 73 74 75 41 42 43 44 45 46 47 48 76 77 78 79 80 81 82 83 84 85 86 87 58 59 60 61 88 89 90 91 92 93 94 95 96 97 76 77 78 79 62 63 64 65 66 57 67 68 69 70 71 72 73 74 75 83 84 85 86 87 0 1 2 3 20 21 22 23 24 25 26 27 28 29 98 99 80 81 82 30 31 32 33 34 35 36 37 88 89 90 91 92 93 94 95 96 97 38 39 40 49 50 51 52 53 54 55 56 98 99 
52972
16
5 10 1 8 4 9 2 5 4 3 8 4 8 10 3 16 
30 15 29 23 7 31 65 42 37 20 22 29 16 42 39 12 
44 64 46 69 59 52 69 54 43 68 36 42 67 67 65 19 
452 216 246 359 901 450 464 635 450 255 589 785 650 904 708 431 
4 4 4 4 15 15 15 15 15 15 15 15 15 15 15 15 15 15 15 15 1 1 1 1 1 1 1 1 1 1 12 12 12 12 12 12 12 12 15 15 15 15 15 15 15 15 15 15 15 15 15 15 15 15 9 9 9 10 10 10 10 10 10 10 10 3 3 3 3 3 3 3 3 2 11 11 11 11 0 0 0 0 0 5 5 5 5 5 5 5 5 5 10 10 10 10 10 10 10 10 8 8 8 8 14 14 14 7 7 7 7 7 11 11 11 11 13 13 13 13 13 13 13 13 13 13 8 8 8 8 0 0 0 0 0 2 5 5 5 5 5 5 5 5 5 7 7 7 7 7 4 4 4 4 1 1 1 1 1 1 1 1 1 1 6 6 14 14 14 12 12 12 12 12 12 12 12 13 13 13 13 13 13 13 13 13 13 9 9 9 3 3 3 3 3 3 3 3 6 6 