407
100
2
2 2 2 2 2 2 3 3 3 3 3 3 3 6 6 6 6 6 6 6 6 7 7 7 7 7 7 10 10 10 10 10 10 10 10 10 10 10 10 10 10 10 10 12 12 12 15 15 15 15 15 15 15 15 18 18 18 18 18 18 18 18 18 20 20 20 20 20 20 20 20 20 21 21 21 30 30 30 30 30 30 30 30 30 30 30 31 31 31 31 31 31 31 31 31 31 31 31 31 35 35 35 35 35 35 35 35 35 35 35 35 35 35 35 35 35 35 35 37 37 37 37 37 37 37 37 39 39 39 39 39 39 39 39 39 40 40 40 40 40 40 40 47 47 47 47 47 47 47 47 47 47 47 49 49 49 49 49 49 49 49 49 49 49 49 49 50 50 50 50 50 50 50 50 50 50 50 50 50 50 50 50 50 50 50 50 55 55 55 55 55 55 60 60 60 60 60 60 60 60 
112 113 114 115 116 117 135 136 137 138 139 140 141 118 119 120 121 122 123 124 125 186 187 188 189 190 191 179 180 181 182 183 184 185 63 64 65 66 67 68 69 70 71 72 73 74 192 193 194 195 196 197 198 199 126 127 128 129 130 131 132 133 134 34 35 36 37 38 39 40 41 42 43 44 45 142 143 144 145 146 147 148 149 150 151 152 99 100 101 102 103 104 105 106 107 108 109 110 111 86 87 88 89 90 91 92 93 94 95 96 97 98 0 1 2 3 4 5 13 14 15 16 17 18 19 20 54 55 56 57 58 59 60 61 62 6 7 8 9 10 11 12 75 76 77 78 79 80 81 82 83 84 85 166 167 168 169 170 171 172 173 174 175 176 177 178 153 154 155 156 157 158 159 160 161 162 163 164 165 27 28 29 30 31 32 33 21 22 23 24 25 26 46 47 48 49 50 51 52 53 
374 374 374 374 374 374 370 370 370 370 370 370 370 827 827 827 827 827 827 827 827 982 982 982 982 982 982 824 824 824 824 824 824 824 748 748 748 748 748 748 748 748 748 345 345 345 972 972 972 972 972 972 972 972 652 652 652 652 652 652 652 652 652 748 748 748 748 748 748 748 748 748 345 345 345 322 322 322 322 322 322 322 322 322 322 322 900 900 900 900 900 900 900 900 900 900 900 900 900 900 900 900 900 900 900 900 900 900 900 900 900 900 374 374 374 374 374 374 827 827 827 827 827 827 827 827 652 652 652 652 652 652 652 652 652 370 370 370 370 370 370 370 322 322 322 322 322 322 322 322 322 322 322 501 501 501 501 501 501 501 501 501 501 501 501 501 501 501 501 501 501 501 501 501 501 501 501 501 501 824 824 824 824 824 824 824 982 982 982 982 982 982 972 972 972 972 972 972 972 972 
0 1 2 3 4 5 6 7 8 9 10 11 12 13 14 15 16 17 18 19 20 21 22 23 24 25 26 27 28 29 30 31 32 33 34 35 36 37 38 39 40 41 42 43 44 45 46 47 48 49 50 51 52 53 54 55 56 57 58 59 60 61 62 34 35 36 37 38 39 40 41 42 43 44 45 63 64 65 66 67 68 69 70 71 72 73 74 75 76 77 78 79 80 81 82 83 84 85 86 74 75 76 77 78 79 80 81 82 83 84 85 86 0 1 2 3 4 5 13 14 15 16 17 18 19 20 54 55 56 57 58 59 60 61 62 6 7 8 9 10 11 12 63 64 65 66 67 68 69 70 71 72 73 87 88 89 90 91 92 93 94 95 96 97 98 99 87 88 89 90 91 92 93 94 95 96 97 98 99 27 28 29 30 31 32 33 21 22 23 24 25 26 46 47 48 49 50 51 52 53 
66276
12
11 8 13 6 3 13 9 7 9 6 7 8 
30 15 31 2 12 49 18 10 10 7 3 6 
47 60 35 35 21 50 39 50 20 55 40 37 
322 972 900 374 345 501 652 824 748 982 370 827 
3 3 3 3 3 3 10 10 10 10 10 10 10 11 11 11 11 11 11 11 11 9 9 9 9 9 9 7 7 7 7 7 7 7 8 8 8 8 8 8 8 8 8 4 4 4 1 1 1 1 1 1 1 1 6 6 6 6 6 6 6 6 6 8 8 8 8 8 8 8 8 8 4 4 4 0 0 0 0 0 0 0 0 0 0 0 2 2 2 2 2 2 2 2 2 2 2 2 2 2 2 2 2 2 2 2 2 2 2 2 2 2 3 3 3 3 3 3 11 11 11 11 11 11 11 11 6 6 6 6 6 6 6 6 6 10 10 10 10 10 10 10 0 0 0 0 0 0 0 0 0 0 0 5 5 5 5 5 5 5 5 5 5 5 5 5 5 5 5 5 5 5 5 5 5 5 5 5 5 7 7 7 7 7 7 7 9 9 9 9 9 9 1 1 1 1 1 1 1 1 