850
100
2
4 4 4 4 4 4 4 4 4 4 4 4 4 4 4 4 4 4 4 4 5 5 5 5 7 7 7 7 7 7 7 7 7 7 7 7 7 7 7 7 7 7 7 7 10 10 10 10 10 10 10 10 10 10 10 14 14 14 14 14 14 14 14 14 14 14 22 22 22 22 22 22 22 22 22 22 22 22 22 22 33 33 33 33 33 33 33 33 33 33 33 33 33 33 33 33 33 39 39 39 39 39 39 39 43 43 43 43 43 43 43 43 43 43 43 43 43 43 43 43 43 43 43 43 43 43 43 48 48 48 48 48 48 48 48 48 48 48 48 48 48 48 48 48 48 48 48 48 48 48 48 48 48 48 48 50 50 50 50 50 50 50 50 50 50 50 50 50 50 52 52 52 52 52 52 52 52 56 56 56 56 56 56 56 56 56 56 56 58 58 58 58 66 66 66 66 69 69 69 69 
24 25 26 27 28 29 30 31 32 33 34 35 36 37 38 39 40 41 42 43 192 193 194 195 0 1 2 3 4 5 6 7 8 9 10 11 12 13 14 15 16 17 18 19 177 178 179 180 181 182 183 184 185 186 187 97 98 99 100 101 102 103 112 113 114 115 155 156 157 158 159 160 161 162 163 164 165 166 167 168 127 128 129 130 131 132 133 134 135 136 137 138 139 140 141 142 143 55 56 57 58 59 60 61 169 170 171 172 173 174 175 176 62 63 64 65 144 145 146 147 148 149 150 151 152 153 154 80 81 82 83 84 85 86 87 88 89 90 91 92 93 94 95 96 116 117 118 119 120 121 122 123 124 125 126 66 67 68 69 70 71 72 73 74 75 76 77 78 79 104 105 106 107 108 109 110 111 44 45 46 47 48 49 50 51 52 53 54 196 197 198 199 20 21 22 23 188 189 190 191 
812 812 812 812 812 812 812 812 812 812 812 812 812 812 812 812 812 812 812 812 528 528 528 528 812 812 812 812 812 812 812 812 812 812 812 812 812 812 812 812 812 812 812 812 645 645 645 645 645 645 645 645 645 645 645 855 855 855 855 855 855 855 747 747 747 747 728 728 728 728 728 728 728 728 728 728 728 728 728 728 633 633 633 633 633 633 633 633 633 633 633 633 633 633 633 633 633 855 855 855 855 855 855 855 193 193 193 193 193 193 193 193 747 747 747 747 967 967 967 967 967 967 967 967 967 967 967 633 633 633 633 633 633 633 633 633 633 633 633 633 633 633 633 633 967 967 967 967 967 967 967 967 967 967 967 728 728 728 728 728 728 728 728 728 728 728 728 728 728 193 193 193 193 193 193 193 193 645 645 645 645 645 645 645 645 645 645 645 844 844 844 844 528 528 528 528 844 844 844 844 
0 1 2 3 4 5 6 7 8 9 10 11 12 13 14 15 16 17 18 19 20 21 22 23 0 1 2 3 4 5 6 7 8 9 10 11 12 13 14 15 16 17 18 19 24 25 26 27 28 29 30 31 32 33 34 35 36 37 38 39 40 41 42 43 44 45 46 47 48 49 50 51 52 53 54 55 56 57 58 59 60 61 62 63 64 65 66 67 68 69 70 71 72 73 74 75 76 35 36 37 38 39 40 41 77 78 79 80 81 82 83 84 42 43 44 45 85 86 87 88 89 90 91 92 93 94 95 60 61 62 63 64 65 66 67 68 69 70 71 72 73 74 75 76 85 86 87 88 89 90 91 92 93 94 95 46 47 48 49 50 51 52 53 54 55 56 57 58 59 77 78 79 80 81 82 83 84 24 25 26 27 28 29 30 31 32 33 34 96 97 98 99 20 21 22 23 96 97 98 99 
70930
10
4 4 8 17 7 20 4 14 11 11 
5 58 43 33 14 4 14 22 10 43 
66 69 52 48 39 7 43 50 56 48 
528 844 193 633 855 812 747 728 645 967 
5 5 5 5 5 5 5 5 5 5 5 5 5 5 5 5 5 5 5 5 0 0 0 0 5 5 5 5 5 5 5 5 5 5 5 5 5 5 5 5 5 5 5 5 8 8 8 8 8 8 8 8 8 8 8 4 4 4 4 4 4 4 6 6 6 6 7 7 7 7 7 7 7 7 7 7 7 7 7 7 3 3 3 3 3 3 3 3 3 3 3 3 3 3 3 3 3 4 4 4 4 4 4 4 2 2 2 2 2 2 2 2 6 6 6 6 9 9 9 9 9 9 9 9 9 9 9 3 3 3 3 3 3 3 3 3 3 3 3 3 3 3 3 3 9 9 9 9 9 9 9 9 9 9 9 7 7 7 7 7 7 7 7 7 7 7 7 7 7 2 2 2 2 2 2 2 2 8 8 8 8 8 8 8 8 8 8 8 1 1 1 1 0 0 0 0 1 1 1 1 