50
100
2
2 2 2 2 2 2 2 2 2 4 4 4 4 4 4 4 4 6 6 6 6 6 8 8 8 8 8 8 10 10 10 10 10 10 11 11 11 11 12 12 12 12 14 14 14 14 15 15 15 15 15 15 15 15 15 15 15 15 16 16 16 16 16 18 18 18 18 18 18 19 19 19 19 19 20 20 20 20 24 24 24 24 24 24 24 24 24 24 24 24 24 24 24 24 24 24 24 25 26 26 26 26 26 26 26 26 26 29 29 31 31 31 31 36 36 36 36 36 36 37 41 41 41 42 42 42 42 42 42 43 43 43 47 47 47 47 47 47 48 48 48 48 48 48 49 49 49 51 51 51 51 51 51 53 53 53 53 53 53 54 54 54 54 56 61 61 61 61 61 61 61 61 62 67 67 67 67 67 67 67 67 67 67 67 67 67 67 67 68 68 68 68 68 68 69 69 69 69 69 69 
58 59 60 61 62 38 39 40 41 153 154 155 156 157 158 32 33 159 160 161 162 119 194 195 196 197 198 199 34 35 36 37 15 16 28 29 30 31 5 6 7 8 109 110 111 112 113 114 115 116 117 118 132 133 134 135 136 137 0 1 2 3 4 147 148 149 150 151 152 164 165 166 167 168 78 79 80 81 74 75 76 77 173 174 175 176 177 178 179 180 181 182 183 184 185 186 187 169 129 130 131 188 189 190 191 192 193 170 171 42 43 44 45 46 47 48 49 50 51 21 144 145 146 138 139 140 141 142 143 98 99 100 52 53 54 55 56 57 123 124 125 126 127 128 120 121 122 63 64 65 66 67 68 9 10 11 12 13 14 17 18 19 20 172 69 70 71 72 73 97 107 108 163 82 83 84 85 86 87 88 89 90 91 92 93 94 95 96 101 102 103 104 105 106 22 23 24 25 26 27 
491 491 491 491 491 478 478 478 478 246 246 246 246 246 246 799 799 769 769 769 769 927 498 498 498 498 498 498 970 970 970 970 799 799 970 970 970 970 478 478 478 478 226 226 226 226 983 983 983 983 983 983 468 468 468 468 468 468 491 491 491 491 491 808 808 808 808 808 808 339 339 339 339 339 535 535 535 535 535 535 535 535 439 439 439 439 439 439 439 439 439 439 439 439 439 439 439 954 190 190 190 298 298 298 298 298 298 961 961 226 226 226 226 983 983 983 983 983 983 927 936 936 936 172 172 172 172 172 172 190 190 190 468 468 468 468 468 468 172 172 172 172 172 172 936 936 936 808 808 808 808 808 808 246 246 246 246 246 246 769 769 769 769 560 339 339 339 339 339 954 961 961 560 439 439 439 439 439 439 439 439 439 439 439 439 439 439 439 298 298 298 298 298 298 498 498 498 498 498 498 
0 1 2 3 4 5 6 7 8 9 10 11 12 13 14 15 16 17 18 19 20 21 22 23 24 25 26 27 28 29 30 31 15 16 28 29 30 31 5 6 7 8 32 33 34 35 36 37 38 39 40 41 42 43 44 45 46 47 0 1 2 3 4 48 49 50 51 52 53 54 55 56 57 58 59 60 61 62 59 60 61 62 63 64 65 66 67 68 69 70 71 72 73 74 75 76 77 78 79 80 81 82 83 84 85 86 87 88 89 32 33 34 35 36 37 38 39 40 41 21 90 91 92 93 94 95 96 97 98 79 80 81 42 43 44 45 46 47 93 94 95 96 97 98 90 91 92 48 49 50 51 52 53 9 10 11 12 13 14 17 18 19 20 99 54 55 56 57 58 78 88 89 99 63 64 65 66 67 68 69 70 71 72 73 74 75 76 77 82 83 84 85 86 87 22 23 24 25 26 27 
52824
22
5 6 5 1 3 1 4 4 4 6 6 6 2 4 6 2 6 6 3 1 4 15 
19 15 2 25 26 56 6 20 10 15 18 42 29 2 4 4 26 8 41 6 14 24 
61 36 16 61 43 62 54 24 11 47 51 48 61 12 53 10 68 69 49 37 31 67 
339 983 491 954 190 560 769 535 970 468 808 172 961 478 246 799 298 498 936 927 226 439 
2 2 2 2 2 13 13 13 13 14 14 14 14 14 14 15 15 6 6 6 6 19 17 17 17 17 17 17 8 8 8 8 15 15 8 8 8 8 13 13 13 13 20 20 20 20 1 1 1 1 1 1 9 9 9 9 9 9 2 2 2 2 2 10 10 10 10 10 10 0 0 0 0 0 7 7 7 7 7 7 7 7 21 21 21 21 21 21 21 21 21 21 21 21 21 21 21 3 4 4 4 16 16 16 16 16 16 12 12 20 20 20 20 1 1 1 1 1 1 19 18 18 18 11 11 11 11 11 11 4 4 4 9 9 9 9 9 9 11 11 11 11 11 11 18 18 18 10 10 10 10 10 10 14 14 14 14 14 14 6 6 6 6 5 0 0 0 0 0 3 12 12 5 21 21 21 21 21 21 21 21 21 21 21 21 21 21 21 16 16 16 16 16 16 17 17 17 17 17 17 