619
100
2
3 3 3 3 3 3 3 3 3 3 3 3 6 6 6 6 6 6 6 6 7 7 7 7 7 7 7 7 7 7 7 7 12 12 12 12 12 12 16 16 16 20 20 20 20 20 20 20 20 20 20 20 25 25 25 25 25 25 25 25 25 25 25 25 25 25 45 45 45 45 45 45 45 45 45 45 47 47 47 47 47 47 47 47 47 47 47 47 47 47 47 47 48 48 48 48 48 48 48 48 48 48 48 48 48 48 48 49 49 49 49 49 49 49 49 49 49 49 49 50 50 50 50 50 50 50 50 50 50 50 50 50 50 50 50 50 50 50 50 50 50 50 50 50 52 52 52 52 52 52 52 52 52 52 52 52 52 53 53 53 53 53 53 53 53 53 53 53 53 57 57 57 57 57 62 62 62 62 69 69 69 69 69 69 69 69 69 69 69 69 69 69 69 69 69 69 69 69 69 69 
20 21 22 23 24 25 26 27 28 29 30 31 192 193 194 195 196 197 198 199 0 1 2 3 4 5 6 7 8 9 10 11 66 67 68 69 70 71 92 93 94 76 77 78 79 80 81 82 83 84 85 86 72 73 74 75 182 183 184 185 186 187 188 189 190 191 32 33 34 35 36 37 52 53 54 55 41 42 43 44 45 46 47 48 49 50 51 169 170 171 172 173 38 39 40 157 158 159 160 161 162 163 164 165 166 167 168 132 133 134 135 136 137 138 139 140 141 142 143 144 145 146 147 148 149 150 151 152 153 154 155 156 107 108 109 110 111 112 113 114 115 116 117 118 119 120 121 122 123 124 125 126 127 128 129 130 131 95 96 97 98 99 100 101 102 103 104 105 106 87 88 89 90 91 178 179 180 181 174 175 176 177 56 57 58 59 60 61 62 63 64 65 12 13 14 15 16 17 18 19 
849 849 849 849 849 849 849 849 849 849 849 849 230 230 230 230 230 230 230 230 849 849 849 849 849 849 849 849 849 849 849 849 445 445 445 445 445 445 494 494 494 952 952 952 952 952 952 952 952 952 952 952 975 975 975 975 630 630 630 630 630 630 630 630 630 630 445 445 445 445 445 445 975 975 975 975 952 952 952 952 952 952 952 952 952 952 952 447 447 447 447 447 494 494 494 974 974 974 974 974 974 974 974 974 974 974 974 406 406 406 406 406 406 406 406 406 406 406 406 319 319 319 319 319 319 319 319 319 319 319 319 319 406 406 406 406 406 406 406 406 406 406 406 406 319 319 319 319 319 319 319 319 319 319 319 319 319 974 974 974 974 974 974 974 974 974 974 974 974 447 447 447 447 447 264 264 264 264 264 264 264 264 630 630 630 630 630 630 630 630 630 630 230 230 230 230 230 230 230 230 
0 1 2 3 4 5 6 7 8 9 10 11 12 13 14 15 16 17 18 19 0 1 2 3 4 5 6 7 8 9 10 11 20 21 22 23 24 25 26 27 28 29 30 31 32 33 34 35 36 37 38 39 40 41 42 43 44 45 46 47 48 49 50 51 52 53 20 21 22 23 24 25 40 41 42 43 29 30 31 32 33 34 35 36 37 38 39 54 55 56 57 58 26 27 28 59 60 61 62 63 64 65 66 67 68 69 70 71 72 73 74 75 76 77 78 79 80 81 82 83 84 85 86 87 88 89 90 91 92 93 94 95 71 72 73 74 75 76 77 78 79 80 81 82 83 84 85 86 87 88 89 90 91 92 93 94 95 59 60 61 62 63 64 65 66 67 68 69 70 54 55 56 57 58 96 97 98 99 96 97 98 99 44 45 46 47 48 49 50 51 52 53 12 13 14 15 16 17 18 19 
60850
12
6 4 11 4 10 3 12 5 13 8 12 12 
12 25 20 62 25 16 3 47 50 6 49 48 
45 45 47 69 69 48 7 57 52 69 50 53 
445 975 952 264 630 494 849 447 319 230 406 974 
6 6 6 6 6 6 6 6 6 6 6 6 9 9 9 9 9 9 9 9 6 6 6 6 6 6 6 6 6 6 6 6 0 0 0 0 0 0 5 5 5 2 2 2 2 2 2 2 2 2 2 2 1 1 1 1 4 4 4 4 4 4 4 4 4 4 0 0 0 0 0 0 1 1 1 1 2 2 2 2 2 2 2 2 2 2 2 7 7 7 7 7 5 5 5 11 11 11 11 11 11 11 11 11 11 11 11 10 10 10 10 10 10 10 10 10 10 10 10 8 8 8 8 8 8 8 8 8 8 8 8 8 10 10 10 10 10 10 10 10 10 10 10 10 8 8 8 8 8 8 8 8 8 8 8 8 8 11 11 11 11 11 11 11 11 11 11 11 11 7 7 7 7 7 3 3 3 3 3 3 3 3 4 4 4 4 4 4 4 4 4 4 9 9 9 9 9 9 9 9 