516
100
2
1 1 1 1 1 1 1 1 1 1 1 3 3 3 3 3 4 4 4 4 4 4 4 4 4 4 4 4 4 13 13 13 13 13 21 21 21 21 21 21 21 21 21 21 21 21 21 24 24 24 24 24 24 24 24 24 24 24 25 25 25 25 26 26 26 26 26 26 26 26 26 29 29 29 29 29 29 32 32 32 32 32 32 32 32 32 32 32 32 32 32 34 34 34 34 34 34 34 34 34 34 34 34 34 34 34 35 35 35 35 35 35 35 35 35 35 35 35 35 35 45 45 46 46 46 46 46 46 46 46 46 46 46 46 46 46 47 47 47 47 47 47 47 49 49 49 49 49 49 49 49 49 52 52 52 52 52 52 52 52 52 52 53 53 53 53 53 53 53 53 53 53 53 53 53 53 53 55 55 55 55 55 55 55 58 58 58 58 58 58 58 58 58 58 58 58 58 58 61 61 
47 48 49 50 51 52 53 54 55 56 57 29 30 31 32 33 34 35 36 37 38 39 40 41 42 43 44 45 46 11 12 13 14 15 16 17 18 19 20 21 22 23 24 25 26 27 28 0 1 2 3 4 5 6 7 8 9 10 158 159 160 161 143 144 145 146 147 148 149 150 151 152 153 154 155 156 157 122 123 124 125 126 127 128 129 130 131 132 133 134 135 162 163 164 165 166 167 168 169 170 171 172 173 174 175 176 184 185 186 187 188 189 190 191 192 193 194 195 196 197 198 199 77 78 79 80 81 82 83 84 85 86 87 88 89 90 177 178 179 180 181 182 183 62 63 64 65 66 67 68 69 70 71 72 73 74 75 76 58 59 60 61 91 92 93 94 95 96 97 98 99 100 101 102 103 104 105 136 137 138 139 140 141 142 106 107 108 109 110 111 112 113 114 115 116 117 118 119 120 121 
681 681 681 681 681 681 681 681 681 681 681 578 578 578 578 578 777 777 777 777 777 777 777 777 777 777 777 777 777 578 578 578 578 578 777 777 777 777 777 777 777 777 777 777 777 777 777 681 681 681 681 681 681 681 681 681 681 681 764 764 764 764 490 490 490 490 490 490 490 490 490 256 256 256 256 256 256 365 365 365 365 365 365 365 365 365 365 365 365 365 365 494 494 494 494 494 494 494 494 494 494 494 494 494 494 494 446 446 446 446 446 446 446 446 446 446 446 446 446 446 521 521 365 365 365 365 365 365 365 365 365 365 365 365 365 365 589 589 589 589 589 589 589 490 490 490 490 490 490 490 490 490 256 256 256 256 256 256 764 764 764 764 494 494 494 494 494 494 494 494 494 494 494 494 494 494 494 589 589 589 589 589 589 589 446 446 446 446 446 446 446 446 446 446 446 446 446 446 521 521 
0 1 2 3 4 5 6 7 8 9 10 11 12 13 14 15 16 17 18 19 20 21 22 23 24 25 26 27 28 11 12 13 14 15 16 17 18 19 20 21 22 23 24 25 26 27 28 0 1 2 3 4 5 6 7 8 9 10 29 30 31 32 33 34 35 36 37 38 39 40 41 42 43 44 45 46 47 48 49 50 51 52 53 54 55 56 57 58 59 60 61 62 63 64 65 66 67 68 69 70 71 72 73 74 75 76 77 78 79 80 81 82 83 84 85 86 87 88 89 90 91 92 48 49 50 51 52 53 54 55 56 57 58 59 60 61 93 94 95 96 97 98 99 33 34 35 36 37 38 39 40 41 42 43 44 45 46 47 29 30 31 32 62 63 64 65 66 67 68 69 70 71 72 73 74 75 76 93 94 95 96 97 98 99 77 78 79 80 81 82 83 84 85 86 87 88 89 90 91 92 
53413
11
9 15 2 11 5 6 14 7 4 13 14 
26 34 45 1 3 29 35 47 25 4 32 
49 53 61 24 13 52 58 55 52 21 46 
490 494 521 681 578 256 446 589 764 777 365 
3 3 3 3 3 3 3 3 3 3 3 4 4 4 4 4 9 9 9 9 9 9 9 9 9 9 9 9 9 4 4 4 4 4 9 9 9 9 9 9 9 9 9 9 9 9 9 3 3 3 3 3 3 3 3 3 3 3 8 8 8 8 0 0 0 0 0 0 0 0 0 5 5 5 5 5 5 10 10 10 10 10 10 10 10 10 10 10 10 10 10 1 1 1 1 1 1 1 1 1 1 1 1 1 1 1 6 6 6 6 6 6 6 6 6 6 6 6 6 6 2 2 10 10 10 10 10 10 10 10 10 10 10 10 10 10 7 7 7 7 7 7 7 0 0 0 0 0 0 0 0 0 5 5 5 5 5 5 8 8 8 8 1 1 1 1 1 1 1 1 1 1 1 1 1 1 1 7 7 7 7 7 7 7 6 6 6 6 6 6 6 6 6 6 6 6 6 6 2 2 