909
100
2
3 3 3 3 3 3 4 4 4 4 4 4 4 4 4 4 4 4 4 7 7 7 7 7 7 7 8 8 8 8 8 8 8 8 12 12 12 12 12 12 12 13 13 13 13 13 13 13 13 13 13 15 15 15 15 15 15 15 20 20 20 20 20 20 20 20 20 20 21 21 21 21 21 22 22 22 22 22 22 26 26 26 31 31 31 31 31 32 32 32 32 32 32 32 32 32 32 32 32 32 34 34 34 34 34 34 34 34 34 34 35 35 35 35 35 35 35 35 35 35 35 35 35 39 39 39 39 39 39 39 39 43 43 43 43 47 47 47 52 52 52 52 52 52 52 52 52 52 52 52 52 52 52 52 52 52 56 56 56 61 61 61 61 61 61 61 61 61 61 61 61 61 62 62 62 62 62 62 62 62 62 62 68 68 68 68 68 68 68 68 68 68 68 68 68 68 68 68 68 68 
73 74 75 76 77 78 159 160 161 162 163 164 165 166 167 168 169 170 171 58 59 60 61 62 63 64 87 88 89 90 91 92 93 94 51 52 53 54 55 56 57 172 173 174 175 176 177 178 179 180 181 34 35 36 37 38 39 40 19 20 21 22 23 24 25 79 80 81 138 139 140 141 142 0 1 2 3 4 5 65 66 67 95 96 97 98 99 26 27 28 29 30 31 32 33 82 83 84 85 86 190 191 192 193 194 195 196 197 198 199 143 144 145 146 147 148 149 150 151 152 153 154 155 182 183 184 185 186 187 188 189 132 131 134 133 156 157 158 68 69 70 71 72 110 111 112 113 114 115 116 117 118 119 120 121 122 135 136 137 6 7 8 9 10 11 12 13 14 15 16 17 18 41 42 43 44 45 46 47 48 49 50 123 124 125 126 127 128 129 130 100 101 102 103 104 105 106 107 108 109 
446 446 446 446 446 446 979 979 979 979 979 979 979 979 979 979 979 979 979 868 868 868 868 868 868 868 275 275 275 275 275 275 275 275 630 630 630 630 630 630 630 533 533 533 533 533 533 533 533 533 533 630 630 630 630 630 630 630 868 868 868 868 868 868 868 676 676 676 152 152 152 152 152 446 446 446 446 446 446 676 676 676 414 414 414 414 414 275 275 275 275 275 275 275 275 414 414 414 414 414 651 651 651 651 651 651 651 651 651 651 979 979 979 979 979 979 979 979 979 979 979 979 979 730 730 730 730 730 730 730 730 727 727 727 727 631 631 631 152 152 152 152 152 979 979 979 979 979 979 979 979 979 979 979 979 979 631 631 631 979 979 979 979 979 979 979 979 979 979 979 979 979 533 533 533 533 533 533 533 533 533 533 730 730 730 730 730 730 730 730 651 651 651 651 651 651 651 651 651 651 
0 1 2 3 4 5 6 7 8 9 10 11 12 13 14 15 16 17 18 19 20 21 22 23 24 25 26 27 28 29 30 31 32 33 34 35 36 37 38 39 40 41 42 43 44 45 46 47 48 49 50 34 35 36 37 38 39 40 19 20 21 22 23 24 25 51 52 53 54 55 56 57 58 0 1 2 3 4 5 51 52 53 59 60 61 62 63 26 27 28 29 30 31 32 33 59 60 61 62 63 64 65 66 67 68 69 70 71 72 73 74 75 76 77 78 79 80 81 82 83 84 85 86 87 88 89 90 91 92 93 94 95 95 96 96 97 98 99 54 55 56 57 58 74 75 76 77 78 79 80 81 82 83 84 85 86 97 98 99 6 7 8 9 10 11 12 13 14 15 16 17 18 41 42 43 44 45 46 47 48 49 50 87 88 89 90 91 92 93 94 64 65 66 67 68 69 70 71 72 73 
66701
14
8 5 10 8 6 10 13 7 7 3 3 5 2 13 
39 21 34 8 3 13 4 12 7 47 20 31 43 35 
68 52 68 32 22 62 61 15 20 56 26 32 43 52 
730 152 651 275 446 533 979 630 868 631 676 414 727 979 
4 4 4 4 4 4 6 6 6 6 6 6 6 6 6 6 6 6 6 8 8 8 8 8 8 8 3 3 3 3 3 3 3 3 7 7 7 7 7 7 7 5 5 5 5 5 5 5 5 5 5 7 7 7 7 7 7 7 8 8 8 8 8 8 8 10 10 10 1 1 1 1 1 4 4 4 4 4 4 10 10 10 11 11 11 11 11 3 3 3 3 3 3 3 3 11 11 11 11 11 2 2 2 2 2 2 2 2 2 2 13 13 13 13 13 13 13 13 13 13 13 13 13 0 0 0 0 0 0 0 0 12 12 12 12 9 9 9 1 1 1 1 1 13 13 13 13 13 13 13 13 13 13 13 13 13 9 9 9 6 6 6 6 6 6 6 6 6 6 6 6 6 5 5 5 5 5 5 5 5 5 5 0 0 0 0 0 0 0 0 2 2 2 2 2 2 2 2 2 2 