111
100
2
1 1 1 1 1 1 1 1 1 1 1 1 1 1 1 3 3 3 3 3 3 3 3 3 3 3 3 3 3 3 4 4 4 4 4 4 4 4 4 4 4 4 4 5 5 5 5 5 11 11 11 11 12 12 12 12 12 12 12 12 12 12 12 12 12 18 18 18 18 18 18 18 18 18 18 18 18 18 18 18 18 20 20 20 20 26 26 26 26 26 26 26 26 26 26 26 26 32 32 32 32 32 35 35 35 35 35 35 35 35 35 35 37 37 37 37 37 37 37 37 37 37 37 37 37 37 37 37 37 37 37 50 50 50 50 50 50 50 50 50 50 50 50 50 50 52 52 52 52 52 52 52 52 53 53 53 53 53 53 53 53 53 53 53 53 53 54 54 54 54 54 54 60 60 60 66 66 66 66 66 66 66 66 66 66 66 66 66 66 69 69 69 69 69 69 69 69 69 69 69 
15 16 17 18 19 20 21 22 23 24 25 26 27 28 29 0 1 2 3 4 5 6 7 8 9 10 11 12 13 14 52 53 54 55 56 57 58 59 60 61 62 63 64 97 98 99 100 101 81 82 83 84 30 31 32 33 34 35 36 37 38 39 40 41 42 85 86 87 88 89 90 91 92 93 94 95 96 108 109 110 111 48 49 50 51 65 66 67 68 69 70 71 72 73 74 75 76 43 44 45 46 47 166 167 168 169 170 171 77 78 79 80 153 154 155 156 157 158 159 160 161 162 163 164 165 131 132 133 134 135 136 125 126 127 128 129 130 145 146 147 148 149 150 151 152 137 138 139 140 141 142 143 144 112 113 114 115 116 117 118 119 120 121 122 123 124 102 103 104 105 106 107 186 187 188 189 190 191 192 193 194 195 196 197 198 199 172 173 174 175 176 177 178 179 180 181 182 183 184 185 
362 362 362 362 362 362 362 362 362 362 362 362 362 362 362 362 362 362 362 362 362 362 362 362 362 362 362 362 362 362 941 941 941 941 941 941 941 941 941 941 941 941 941 387 387 387 387 387 615 615 615 615 941 941 941 941 941 941 941 941 941 941 941 941 941 479 479 479 479 479 479 479 479 479 479 479 479 405 405 405 405 615 615 615 615 479 479 479 479 479 479 479 479 479 479 479 479 387 387 387 387 387 287 287 287 287 287 287 405 405 405 405 868 868 868 868 868 868 868 868 868 868 868 868 868 448 448 448 448 448 448 448 448 448 448 448 448 315 315 315 315 315 315 315 315 315 315 315 315 315 315 315 315 868 868 868 868 868 868 868 868 868 868 868 868 868 287 287 287 287 287 287 945 945 945 956 956 956 956 956 956 956 956 956 956 956 945 945 945 956 956 956 956 956 956 956 956 956 956 956 
0 1 2 3 4 5 6 7 8 9 10 11 12 13 14 0 1 2 3 4 5 6 7 8 9 10 11 12 13 14 15 16 17 18 19 20 21 22 23 24 25 26 27 28 29 30 31 32 33 34 35 36 15 16 17 18 19 20 21 22 23 24 25 26 27 37 38 39 40 41 42 43 44 45 46 47 48 49 50 51 52 33 34 35 36 37 38 39 40 41 42 43 44 45 46 47 48 28 29 30 31 32 53 54 55 56 57 58 49 50 51 52 59 60 61 62 63 64 65 66 67 68 69 70 71 72 73 74 75 76 77 72 73 74 75 76 77 78 79 80 81 82 83 84 85 78 79 80 81 82 83 84 85 59 60 61 62 63 64 65 66 67 68 69 70 71 53 54 55 56 57 58 86 87 88 89 90 91 92 93 94 95 96 97 98 99 86 87 88 89 90 91 92 93 94 95 96 97 98 99 
60991
12
12 5 11 6 13 15 4 6 4 13 3 8 
18 5 66 35 37 1 11 37 18 4 60 50 
26 32 69 54 53 3 20 50 35 12 66 52 
479 387 956 287 868 362 615 448 405 941 945 315 
5 5 5 5 5 5 5 5 5 5 5 5 5 5 5 5 5 5 5 5 5 5 5 5 5 5 5 5 5 5 9 9 9 9 9 9 9 9 9 9 9 9 9 1 1 1 1 1 6 6 6 6 9 9 9 9 9 9 9 9 9 9 9 9 9 0 0 0 0 0 0 0 0 0 0 0 0 8 8 8 8 6 6 6 6 0 0 0 0 0 0 0 0 0 0 0 0 1 1 1 1 1 3 3 3 3 3 3 8 8 8 8 4 4 4 4 4 4 4 4 4 4 4 4 4 7 7 7 7 7 7 7 7 7 7 7 7 11 11 11 11 11 11 11 11 11 11 11 11 11 11 11 11 4 4 4 4 4 4 4 4 4 4 4 4 4 3 3 3 3 3 3 10 10 10 2 2 2 2 2 2 2 2 2 2 2 10 10 10 2 2 2 2 2 2 2 2 2 2 2 