695
100
2
2 2 2 2 6 6 6 7 7 7 7 7 7 7 7 7 7 7 7 7 7 7 7 7 7 7 7 8 8 9 9 10 10 10 10 10 10 10 13 13 13 13 13 13 13 13 13 13 13 13 13 13 13 13 13 13 13 13 13 14 14 14 14 14 18 22 22 22 22 22 23 23 23 23 23 23 23 23 23 25 26 26 26 26 26 26 27 27 27 27 27 27 27 27 27 30 30 30 30 30 32 32 32 35 35 35 35 35 37 37 37 37 39 39 39 39 39 39 39 41 41 41 41 41 41 42 42 42 42 46 46 46 46 50 50 50 50 50 50 50 50 52 52 52 52 52 53 53 56 57 57 57 57 57 58 58 58 58 58 58 58 58 59 59 61 61 61 61 61 61 61 62 62 62 62 62 62 62 64 64 64 64 64 64 64 65 65 65 65 65 65 67 67 67 68 68 68 70 70 70 
142 143 144 145 79 146 147 185 186 187 148 43 44 45 46 47 48 49 50 51 52 53 54 55 56 57 58 123 124 164 165 86 87 88 89 133 134 135 81 82 83 84 85 11 12 13 14 15 16 17 18 19 20 21 22 23 24 25 26 149 150 151 152 153 174 171 172 173 106 107 90 91 92 93 94 76 75 78 77 4 141 38 39 40 41 42 31 32 33 34 70 71 72 73 74 166 167 168 169 170 175 176 177 112 113 114 68 69 109 108 111 110 103 104 105 158 159 160 161 125 126 127 128 27 28 119 120 121 122 154 155 156 157 35 36 37 180 181 182 183 184 80 0 1 2 3 5 6 10 59 60 61 62 63 129 130 131 132 115 116 117 118 178 179 29 30 95 96 97 98 99 65 66 67 64 100 101 102 162 163 136 137 138 139 140 7 8 9 194 195 196 197 198 199 188 189 190 191 192 193 
676 676 676 676 211 600 600 554 554 554 474 978 978 978 978 978 978 978 978 978 978 978 978 978 978 978 978 502 502 866 866 954 954 954 954 305 305 305 719 719 719 719 719 978 978 978 978 978 978 978 978 978 978 978 978 978 978 978 978 850 850 850 850 850 954 983 983 983 247 247 615 615 615 615 615 204 204 204 204 211 286 719 719 719 719 719 954 954 954 954 615 615 615 615 615 194 194 194 194 194 321 321 321 665 665 665 247 247 737 737 737 737 665 665 665 525 525 525 525 328 328 328 328 502 502 328 328 328 328 922 922 922 922 305 305 305 167 167 167 167 167 286 676 676 676 676 600 600 474 850 850 850 850 850 922 922 922 922 525 525 525 525 329 329 866 866 194 194 194 194 194 983 983 983 954 321 321 321 329 329 167 167 167 167 167 554 554 554 357 357 357 466 466 466 357 357 357 466 466 466 
0 1 2 3 4 5 6 7 8 9 10 11 12 13 14 15 16 17 18 19 20 21 22 23 24 25 26 27 28 29 30 31 32 33 34 35 36 37 38 39 40 41 42 11 12 13 14 15 16 17 18 19 20 21 22 23 24 25 26 43 44 45 46 47 48 49 50 51 52 53 54 55 56 57 58 59 59 60 60 4 61 38 39 40 41 42 31 32 33 34 54 55 56 57 58 62 63 64 65 66 67 68 69 70 71 72 52 53 73 73 74 74 70 71 72 75 76 77 78 79 80 81 82 27 28 79 80 81 82 83 84 85 86 35 36 37 87 88 89 90 91 61 0 1 2 3 5 6 10 43 44 45 46 47 83 84 85 86 75 76 77 78 92 93 29 30 62 63 64 65 66 49 50 51 48 67 68 69 92 93 87 88 89 90 91 7 8 9 94 95 96 97 98 99 94 95 96 97 98 99 
61841
29
2 3 3 1 4 2 5 3 3 1 5 4 5 2 2 1 4 5 3 4 2 1 3 2 4 5 3 2 16 
59 7 65 7 10 37 23 10 22 26 13 41 50 9 23 18 46 30 35 2 22 6 32 8 39 14 67 6 7 
64 65 68 56 27 37 27 50 62 52 26 42 64 61 23 62 58 61 39 52 35 25 62 41 58 57 70 53 13 
329 554 357 474 954 737 615 305 983 286 719 328 167 866 204 954 922 194 665 676 247 211 321 502 525 850 466 600 978 
19 19 19 19 21 27 27 1 1 1 3 28 28 28 28 28 28 28 28 28 28 28 28 28 28 28 28 23 23 13 13 4 4 4 4 7 7 7 10 10 10 10 10 28 28 28 28 28 28 28 28 28 28 28 28 28 28 28 28 25 25 25 25 25 15 8 8 8 20 20 6 6 6 6 6 14 14 14 14 21 9 10 10 10 10 10 4 4 4 4 6 6 6 6 6 17 17 17 17 17 22 22 22 18 18 18 20 20 5 5 5 5 18 18 18 24 24 24 24 11 11 11 11 23 23 11 11 11 11 16 16 16 16 7 7 7 12 12 12 12 12 9 19 19 19 19 27 27 3 25 25 25 25 25 16 16 16 16 24 24 24 24 0 0 13 13 17 17 17 17 17 8 8 8 15 22 22 22 0 0 12 12 12 12 12 1 1 1 2 2 2 26 26 26 2 2 2 26 26 26 