899
100
2
1 1 1 1 1 1 2 2 2 3 3 4 4 4 4 4 4 8 8 8 8 8 8 10 10 10 10 15 15 15 15 15 15 15 15 15 15 15 15 16 16 16 16 16 16 16 16 16 16 16 16 16 17 17 17 17 17 17 18 18 18 18 18 18 18 18 18 18 20 20 20 21 21 21 21 28 28 28 28 28 28 28 28 28 28 28 28 28 28 28 31 31 32 32 32 32 32 32 32 32 32 32 32 32 33 33 33 33 33 33 33 33 34 34 34 40 40 40 40 40 40 40 44 44 44 44 44 46 46 46 47 47 47 47 47 47 47 48 50 50 50 51 51 51 54 54 57 57 57 57 57 57 57 57 57 57 57 57 57 57 58 58 58 58 61 61 61 62 66 66 67 67 67 67 67 67 67 67 67 67 68 68 68 68 68 68 68 68 68 68 68 68 68 69 69 69 70 70 70 70 
170 171 172 173 174 175 193 194 195 75 76 95 96 97 98 99 100 52 53 54 55 56 57 160 161 162 163 112 113 30 29 32 31 34 33 36 35 38 37 146 147 148 149 150 151 61 62 63 64 65 66 67 17 18 19 20 21 22 138 139 140 45 46 47 48 49 50 51 92 93 94 196 197 198 199 9 10 180 181 182 183 184 185 186 187 188 189 190 191 192 168 169 68 69 70 11 12 13 14 15 16 141 142 143 152 153 154 155 156 157 158 159 27 28 137 130 131 132 133 134 135 136 144 145 164 165 166 176 177 178 115 116 117 118 119 120 121 114 58 59 60 101 102 103 122 123 39 40 41 42 43 44 104 105 106 107 108 109 110 111 23 24 25 26 124 125 126 179 90 91 0 1 2 3 4 5 127 128 129 167 77 78 79 80 81 82 83 84 85 86 87 88 89 6 7 8 71 72 73 74 
285 285 285 285 285 285 194 194 194 565 565 487 487 487 487 487 487 925 925 925 925 925 925 462 462 462 462 373 373 629 629 629 629 629 629 629 629 629 629 863 863 863 863 863 863 512 512 512 512 512 512 512 925 925 925 925 925 925 937 937 937 512 512 512 512 512 512 512 805 805 805 794 794 794 794 565 565 534 534 534 534 534 534 534 534 534 534 534 534 534 233 233 805 805 805 487 487 487 487 487 487 390 390 390 176 176 176 176 176 176 176 176 373 373 994 237 237 237 237 237 237 237 817 817 177 177 177 819 819 819 237 237 237 237 237 237 237 994 937 937 937 390 390 390 817 817 863 863 863 863 863 863 176 176 176 176 176 176 176 176 462 462 462 462 177 177 177 860 233 233 285 285 285 285 285 285 819 819 819 860 534 534 534 534 534 534 534 534 534 534 534 534 534 194 194 194 794 794 794 794 
0 1 2 3 4 5 6 7 8 9 10 11 12 13 14 15 16 17 18 19 20 21 22 23 24 25 26 27 28 29 29 30 30 31 31 32 32 33 33 34 35 36 37 38 39 40 41 42 43 44 45 46 17 18 19 20 21 22 47 48 49 40 41 42 43 44 45 46 50 51 52 53 54 55 56 9 10 57 58 59 60 61 62 63 64 65 66 67 68 69 70 71 50 51 52 11 12 13 14 15 16 72 73 74 75 76 77 78 79 80 81 82 27 28 83 84 85 86 87 88 89 90 91 92 93 94 95 96 97 98 84 85 86 87 88 89 90 83 47 48 49 72 73 74 91 92 34 35 36 37 38 39 75 76 77 78 79 80 81 82 23 24 25 26 93 94 95 99 70 71 0 1 2 3 4 5 96 97 98 99 57 58 59 60 61 62 63 64 65 66 67 68 69 6 7 8 53 54 55 56 
52918
23
2 6 3 3 2 6 6 3 3 2 1 4 8 4 2 1 3 3 7 7 6 5 13 
44 16 20 44 15 4 1 2 46 3 62 21 33 10 31 34 32 18 16 40 8 15 28 
54 57 32 61 34 32 67 69 67 28 67 70 57 58 66 48 51 50 18 47 17 15 68 
817 863 805 177 373 487 285 194 819 565 860 794 176 462 233 994 390 937 512 237 925 629 534 
6 6 6 6 6 6 7 7 7 9 9 5 5 5 5 5 5 20 20 20 20 20 20 13 13 13 13 4 4 21 21 21 21 21 21 21 21 21 21 1 1 1 1 1 1 18 18 18 18 18 18 18 20 20 20 20 20 20 17 17 17 18 18 18 18 18 18 18 2 2 2 11 11 11 11 9 9 22 22 22 22 22 22 22 22 22 22 22 22 22 14 14 2 2 2 5 5 5 5 5 5 16 16 16 12 12 12 12 12 12 12 12 4 4 15 19 19 19 19 19 19 19 0 0 3 3 3 8 8 8 19 19 19 19 19 19 19 15 17 17 17 16 16 16 0 0 1 1 1 1 1 1 12 12 12 12 12 12 12 12 13 13 13 13 3 3 3 10 14 14 6 6 6 6 6 6 8 8 8 10 22 22 22 22 22 22 22 22 22 22 22 22 22 7 7 7 11 11 11 11 