568
100
2
8 8 8 8 8 8 8 8 8 9 9 9 9 9 9 9 9 9 9 9 9 9 9 9 9 9 9 9 16 16 16 16 16 16 16 16 16 16 16 18 18 18 18 18 18 19 19 19 19 19 19 19 19 26 26 26 26 26 26 26 26 26 26 26 26 26 26 28 28 28 28 28 28 28 28 28 28 28 28 28 28 28 28 28 28 28 28 33 33 33 33 33 33 34 34 34 34 34 34 34 34 34 34 34 34 34 34 34 34 34 34 37 37 37 37 39 39 39 39 39 39 39 39 39 42 42 42 43 43 43 43 50 50 50 50 51 51 51 51 51 56 56 56 56 56 56 56 56 56 60 60 60 60 60 60 60 60 60 60 60 60 64 64 64 64 65 65 65 65 65 65 65 65 65 65 65 65 65 65 65 65 65 65 65 65 66 66 66 66 66 66 66 66 67 67 67 67 67 67 67 
115 116 117 118 119 120 121 122 123 53 54 55 56 57 58 59 60 28 29 30 31 32 33 34 35 36 37 38 17 18 19 20 21 22 23 24 25 26 27 87 88 89 90 91 92 185 186 187 188 189 190 191 192 9 10 11 12 13 14 15 16 96 97 98 99 100 101 165 166 167 168 169 170 171 172 173 174 175 176 177 178 179 180 181 182 183 184 39 40 41 42 43 44 124 125 126 61 62 63 64 65 66 140 141 142 143 144 145 146 147 148 161 162 163 164 0 1 2 3 4 5 6 7 8 93 94 95 131 132 133 134 127 128 129 130 156 157 158 159 160 102 103 104 105 106 107 108 109 110 193 194 195 196 197 198 199 135 136 137 138 139 111 112 113 114 67 68 69 70 71 72 73 74 75 76 77 78 79 80 81 82 83 84 85 86 45 46 47 48 49 50 51 52 149 150 151 152 153 154 155 
917 917 917 917 917 917 917 917 917 658 658 658 658 658 658 658 658 886 886 886 886 886 886 886 886 886 886 886 886 886 886 886 886 886 886 886 886 886 886 690 690 690 690 690 690 340 340 340 340 340 340 340 340 658 658 658 658 658 658 658 658 355 355 355 355 355 355 915 915 915 915 915 915 915 915 915 915 915 915 915 915 915 915 915 915 915 915 690 690 690 690 690 690 344 344 344 355 355 355 355 355 355 618 618 618 618 618 618 618 618 618 557 557 557 557 917 917 917 917 917 917 917 917 917 344 344 344 762 762 762 762 762 762 762 762 734 734 734 734 734 618 618 618 618 618 618 618 618 618 845 845 845 845 845 845 845 734 734 734 734 734 557 557 557 557 915 915 915 915 915 915 915 915 915 915 915 915 915 915 915 915 915 915 915 915 340 340 340 340 340 340 340 340 845 845 845 845 845 845 845 
0 1 2 3 4 5 6 7 8 9 10 11 12 13 14 15 16 17 18 19 20 21 22 23 24 25 26 27 17 18 19 20 21 22 23 24 25 26 27 28 29 30 31 32 33 34 35 36 37 38 39 40 41 9 10 11 12 13 14 15 16 42 43 44 45 46 47 48 49 50 51 52 53 54 55 56 57 58 59 60 61 62 63 64 65 66 67 28 29 30 31 32 33 68 69 70 42 43 44 45 46 47 71 72 73 74 75 76 77 78 79 80 81 82 83 0 1 2 3 4 5 6 7 8 68 69 70 84 85 86 87 84 85 86 87 88 89 90 91 92 71 72 73 74 75 76 77 78 79 93 94 95 96 97 98 99 88 89 90 91 92 80 81 82 83 48 49 50 51 52 53 54 55 56 57 58 59 60 61 62 63 64 65 66 67 34 35 36 37 38 39 40 41 93 94 95 96 97 98 99 
72008
13
8 6 4 3 7 4 5 8 6 9 9 11 20 
19 18 43 34 60 37 51 9 26 34 8 9 28 
66 33 50 42 67 64 60 26 34 56 39 16 65 
340 690 762 344 845 557 734 658 355 618 917 886 915 
10 10 10 10 10 10 10 10 10 7 7 7 7 7 7 7 7 11 11 11 11 11 11 11 11 11 11 11 11 11 11 11 11 11 11 11 11 11 11 1 1 1 1 1 1 0 0 0 0 0 0 0 0 7 7 7 7 7 7 7 7 8 8 8 8 8 8 12 12 12 12 12 12 12 12 12 12 12 12 12 12 12 12 12 12 12 12 1 1 1 1 1 1 3 3 3 8 8 8 8 8 8 9 9 9 9 9 9 9 9 9 5 5 5 5 10 10 10 10 10 10 10 10 10 3 3 3 2 2 2 2 2 2 2 2 6 6 6 6 6 9 9 9 9 9 9 9 9 9 4 4 4 4 4 4 4 6 6 6 6 6 5 5 5 5 12 12 12 12 12 12 12 12 12 12 12 12 12 12 12 12 12 12 12 12 0 0 0 0 0 0 0 0 4 4 4 4 4 4 4 