939
100
2
1 1 1 1 2 2 2 2 2 2 2 7 7 7 7 7 7 7 7 7 7 7 7 7 7 7 10 10 10 10 10 10 10 10 10 10 14 14 14 14 14 14 14 14 14 14 16 16 16 16 16 17 17 17 19 19 19 24 24 24 24 24 24 24 25 25 30 30 30 30 30 30 30 30 30 30 30 30 30 30 30 30 31 31 31 32 32 32 32 32 32 32 32 32 32 32 32 32 32 32 32 32 32 32 32 34 35 35 35 37 37 37 37 37 37 38 38 38 38 38 38 40 43 43 43 44 44 44 47 47 47 47 47 47 47 47 47 47 47 49 49 49 49 49 50 50 50 50 50 50 50 50 50 51 51 51 51 51 52 52 54 54 55 55 55 55 56 56 56 57 57 57 57 57 58 58 58 58 58 59 59 59 59 60 60 60 60 63 63 63 63 64 64 64 65 65 65 69 69 69 
162 163 164 165 136 137 138 50 112 113 114 36 37 38 39 40 17 16 19 18 21 20 23 22 25 24 116 117 118 119 105 139 140 141 142 143 11 12 13 14 15 115 187 188 189 190 183 184 185 186 7 125 126 127 122 123 124 166 167 168 85 86 87 88 144 145 89 90 91 92 93 94 95 96 97 98 99 100 101 102 103 104 197 198 199 60 61 62 63 66 67 68 69 70 71 72 73 74 75 76 77 78 79 80 81 30 133 134 135 150 151 152 8 9 10 41 26 27 28 29 121 120 54 55 56 51 52 53 169 170 171 172 173 106 107 108 4 5 6 31 32 33 34 35 64 65 179 180 181 182 109 110 111 174 175 176 177 178 160 161 158 159 0 1 2 3 57 58 59 128 129 130 131 132 153 154 155 156 157 146 147 148 149 46 47 48 49 42 43 44 45 194 195 196 191 192 193 82 83 84 
980 980 980 980 558 558 558 270 190 190 190 279 279 279 279 279 594 594 594 594 594 594 594 594 594 594 495 495 495 495 446 961 961 961 961 961 279 279 279 279 279 194 768 768 768 768 214 214 214 214 270 340 340 340 237 237 237 321 321 321 947 947 947 947 733 733 382 382 382 382 382 382 382 382 382 382 382 382 382 382 382 382 632 632 632 947 947 947 947 382 382 382 382 382 382 382 382 382 382 382 382 382 382 382 382 446 385 385 385 930 930 930 190 190 190 194 495 495 495 495 798 798 237 237 237 340 340 340 620 620 620 620 620 385 385 385 558 558 558 961 961 961 961 961 733 733 373 373 373 373 930 930 930 825 825 825 825 825 317 317 317 317 980 980 980 980 321 321 321 620 620 620 620 620 825 825 825 825 825 373 373 373 373 214 214 214 214 768 768 768 768 914 914 914 914 914 914 632 632 632 
0 1 2 3 4 5 6 7 8 9 10 11 12 13 14 15 16 16 17 17 18 18 19 19 20 20 21 22 23 24 25 26 27 28 29 30 11 12 13 14 15 31 32 33 34 35 36 37 38 39 7 40 41 42 43 44 45 46 47 48 49 50 51 52 53 54 55 56 57 58 59 60 61 62 63 64 65 66 67 68 69 70 71 72 73 49 50 51 52 55 56 57 58 59 60 61 62 63 64 65 66 67 68 69 70 25 74 75 76 77 78 79 8 9 10 31 21 22 23 24 80 80 43 44 45 40 41 42 81 82 83 84 85 74 75 76 4 5 6 26 27 28 29 30 53 54 86 87 88 89 77 78 79 90 91 92 93 94 95 96 95 96 0 1 2 3 46 47 48 81 82 83 84 85 90 91 92 93 94 86 87 88 89 36 37 38 39 32 33 34 35 97 98 99 97 98 99 71 72 73 
54944
27
2 3 4 5 5 3 1 3 4 5 1 3 1 3 2 4 4 3 3 4 3 5 4 1 5 3 16 
25 19 50 7 47 24 14 64 10 7 38 37 10 17 52 16 14 35 31 1 2 51 24 2 10 2 30 
50 43 59 14 57 56 38 65 38 7 40 50 34 44 54 60 63 47 69 55 47 58 32 16 49 37 32 
733 237 373 279 620 321 194 914 495 594 798 930 446 340 317 214 768 385 632 980 558 825 947 270 961 190 382 
19 19 19 19 20 20 20 23 25 25 25 3 3 3 3 3 9 9 9 9 9 9 9 9 9 9 8 8 8 8 12 24 24 24 24 24 3 3 3 3 3 6 16 16 16 16 15 15 15 15 23 13 13 13 1 1 1 5 5 5 22 22 22 22 0 0 26 26 26 26 26 26 26 26 26 26 26 26 26 26 26 26 18 18 18 22 22 22 22 26 26 26 26 26 26 26 26 26 26 26 26 26 26 26 26 12 17 17 17 11 11 11 25 25 25 6 8 8 8 8 10 10 1 1 1 13 13 13 4 4 4 4 4 17 17 17 20 20 20 24 24 24 24 24 0 0 2 2 2 2 11 11 11 21 21 21 21 21 14 14 14 14 19 19 19 19 5 5 5 4 4 4 4 4 21 21 21 21 21 2 2 2 2 15 15 15 15 16 16 16 16 7 7 7 7 7 7 18 18 18 