318
100
2
2 8 8 8 8 8 8 8 8 8 8 13 13 13 13 13 13 13 13 13 13 13 13 13 13 14 14 14 14 15 15 15 15 15 15 19 19 19 19 19 19 20 20 20 20 20 23 23 23 23 23 23 23 23 23 25 25 25 25 34 34 34 34 34 34 34 34 34 34 34 34 34 34 34 35 35 35 35 35 37 37 37 37 40 40 40 40 40 40 40 40 40 40 40 40 44 44 44 44 45 45 45 45 45 45 46 46 46 46 46 46 46 46 46 46 46 46 46 46 46 47 47 47 47 47 47 47 48 48 48 48 48 48 48 48 48 48 48 48 48 48 48 48 51 51 51 51 51 51 51 52 52 52 52 52 52 55 55 55 55 55 55 55 55 55 55 57 57 57 57 57 57 57 64 64 64 64 64 64 64 64 64 66 66 66 66 66 68 68 68 68 68 68 69 70 70 70 70 70 70 
193 133 134 135 136 137 138 139 140 141 142 41 42 43 44 45 173 174 175 176 177 178 179 180 181 55 56 57 58 83 84 85 86 87 88 194 195 196 197 198 199 11 12 13 14 15 156 157 158 89 90 91 92 93 94 25 26 27 28 105 106 107 108 109 110 111 112 113 114 115 116 117 118 119 182 183 184 185 186 95 96 97 98 29 30 31 32 33 34 49 50 51 52 53 54 79 80 81 82 127 128 129 130 131 132 59 60 61 62 63 64 65 66 67 68 69 70 71 72 73 166 167 168 169 170 171 172 99 100 101 102 103 104 1 2 3 4 5 6 7 8 9 10 159 160 161 162 163 164 165 187 188 189 190 191 192 46 47 48 143 144 145 146 147 148 149 120 121 122 123 124 125 126 16 17 18 19 20 21 22 23 24 74 75 76 77 78 150 151 152 153 154 155 0 35 36 37 38 39 40 
478 446 446 446 446 446 446 446 446 446 446 404 404 404 404 404 298 298 298 298 298 298 298 298 298 428 428 428 428 743 743 743 743 743 743 993 993 993 993 993 993 404 404 404 404 404 155 155 155 819 819 819 819 819 819 428 428 428 428 830 830 830 830 830 830 830 830 830 830 830 830 830 830 830 529 529 529 529 529 631 631 631 631 743 743 743 743 743 743 819 819 819 819 819 819 631 631 631 631 926 926 926 926 926 926 830 830 830 830 830 830 830 830 830 830 830 830 830 830 830 901 901 901 901 901 901 901 926 926 926 926 926 926 446 446 446 446 446 446 446 446 446 446 921 921 921 921 921 921 921 868 868 868 868 868 868 155 155 155 921 921 921 921 921 921 921 901 901 901 901 901 901 901 298 298 298 298 298 298 298 298 298 529 529 529 529 529 868 868 868 868 868 868 478 993 993 993 993 993 993 
0 1 2 3 4 5 6 7 8 9 10 11 12 13 14 15 16 17 18 19 20 21 22 23 24 25 26 27 28 29 30 31 32 33 34 35 36 37 38 39 40 11 12 13 14 15 41 42 43 44 45 46 47 48 49 25 26 27 28 50 51 52 53 54 55 56 57 58 59 60 61 62 63 64 65 66 67 68 69 70 71 72 73 29 30 31 32 33 34 44 45 46 47 48 49 70 71 72 73 74 75 76 77 78 79 50 51 52 53 54 55 56 57 58 59 60 61 62 63 64 80 81 82 83 84 85 86 74 75 76 77 78 79 1 2 3 4 5 6 7 8 9 10 87 88 89 90 91 92 93 94 95 96 97 98 99 41 42 43 87 88 89 90 91 92 93 80 81 82 83 84 85 86 16 17 18 19 20 21 22 23 24 65 66 67 68 69 94 95 96 97 98 99 0 35 36 37 38 39 40 
68284
16
6 1 6 4 5 5 6 6 3 7 4 9 6 10 7 15 
15 2 45 37 35 13 19 52 23 51 14 13 23 8 47 34 
40 69 48 44 66 20 70 68 55 55 25 64 40 48 57 46 
743 478 926 631 529 404 993 868 155 921 428 298 819 446 901 830 
1 13 13 13 13 13 13 13 13 13 13 5 5 5 5 5 11 11 11 11 11 11 11 11 11 10 10 10 10 0 0 0 0 0 0 6 6 6 6 6 6 5 5 5 5 5 8 8 8 12 12 12 12 12 12 10 10 10 10 15 15 15 15 15 15 15 15 15 15 15 15 15 15 15 4 4 4 4 4 3 3 3 3 0 0 0 0 0 0 12 12 12 12 12 12 3 3 3 3 2 2 2 2 2 2 15 15 15 15 15 15 15 15 15 15 15 15 15 15 15 14 14 14 14 14 14 14 2 2 2 2 2 2 13 13 13 13 13 13 13 13 13 13 9 9 9 9 9 9 9 7 7 7 7 7 7 8 8 8 9 9 9 9 9 9 9 14 14 14 14 14 14 14 11 11 11 11 11 11 11 11 11 4 4 4 4 4 7 7 7 7 7 7 1 6 6 6 6 6 6 