900
100
2
1 1 1 1 1 1 1 2 2 3 3 3 3 3 3 3 3 3 3 3 3 3 3 3 3 4 4 4 4 6 6 6 6 6 6 9 9 9 9 9 10 10 10 10 10 10 11 11 11 12 15 19 19 19 19 19 19 19 19 19 19 19 20 20 20 23 23 26 26 26 27 27 27 27 32 32 33 34 34 34 34 34 34 34 34 34 34 34 34 34 34 34 34 34 34 38 38 38 38 40 40 40 41 41 41 41 41 41 41 43 43 46 46 46 46 46 46 47 47 47 47 48 50 50 50 52 52 52 52 52 54 54 56 56 56 56 56 56 56 58 58 58 58 58 58 58 58 58 58 58 58 58 58 58 59 59 59 59 59 59 60 60 60 60 60 60 60 60 62 62 62 62 62 62 63 65 65 65 65 65 65 65 65 65 65 65 65 65 65 67 67 67 67 67 68 68 68 68 68 68 
109 110 112 113 114 115 116 125 126 10 9 12 11 14 13 16 15 18 17 20 19 22 21 65 66 70 71 72 73 121 189 190 191 192 193 139 140 141 142 143 111 57 58 59 60 61 62 63 64 132 77 168 169 170 171 172 173 41 42 43 44 45 46 47 48 23 24 127 128 129 25 26 27 28 130 131 174 50 122 123 124 175 176 177 178 179 180 181 182 183 184 185 186 187 188 160 161 162 163 102 103 104 99 100 101 144 145 146 147 0 1 40 2 3 4 5 6 164 165 166 167 29 78 79 80 7 8 67 68 69 74 75 49 154 155 156 157 158 159 35 36 37 38 39 105 106 107 108 194 195 196 197 198 199 133 134 135 136 137 138 95 96 97 98 117 118 119 120 51 52 53 54 55 56 76 81 82 83 84 85 86 87 88 89 90 91 92 93 94 30 31 32 33 34 148 149 150 151 152 153 
821 821 172 172 172 172 172 283 283 555 555 555 555 555 555 555 555 555 555 555 555 555 555 854 854 459 459 459 459 631 652 652 652 652 652 829 829 829 829 829 609 944 944 944 944 944 269 269 269 659 544 436 436 436 436 436 436 944 944 944 944 944 269 269 269 854 854 915 915 915 459 459 459 459 534 534 665 544 631 631 631 430 430 430 430 430 430 430 430 430 430 430 430 430 430 697 697 697 697 824 824 824 824 824 824 622 622 622 622 821 821 609 172 172 172 172 172 942 942 942 942 631 631 631 631 283 283 915 915 915 534 534 659 407 407 407 407 407 407 829 829 829 829 829 622 622 622 622 990 990 990 990 990 990 407 407 407 407 407 407 697 697 697 697 942 942 942 942 436 436 436 436 436 436 665 430 430 430 430 430 430 430 430 430 430 430 430 430 430 652 652 652 652 652 990 990 990 990 990 990 
0 1 2 3 4 5 6 7 8 9 9 10 10 11 11 12 12 13 13 14 14 15 15 16 17 18 19 20 21 22 23 24 25 26 27 28 29 30 31 32 33 34 35 36 37 38 39 40 41 42 43 44 45 46 47 48 49 34 35 36 37 38 39 40 41 16 17 50 51 52 18 19 20 21 53 54 55 43 56 57 58 59 60 61 62 63 64 65 66 67 68 69 70 71 72 73 74 75 76 77 78 79 77 78 79 80 81 82 83 0 1 33 2 3 4 5 6 84 85 86 87 22 56 57 58 7 8 50 51 52 53 54 42 88 89 90 91 92 93 28 29 30 31 32 80 81 82 83 94 95 96 97 98 99 88 89 90 91 92 93 73 74 75 76 84 85 86 87 44 45 46 47 48 49 55 59 60 61 62 63 64 65 66 67 68 69 70 71 72 23 24 25 26 27 94 95 96 97 98 99 
60777
26
3 3 7 4 2 5 4 6 1 1 1 1 4 2 5 6 6 3 4 2 2 1 3 5 5 14 
40 11 3 38 1 9 41 19 33 12 10 15 4 2 10 58 56 26 47 32 3 6 34 1 6 34 
41 20 3 60 43 58 58 62 63 56 46 34 27 52 19 68 59 52 60 54 23 48 50 46 67 65 
824 269 555 697 821 829 622 436 665 659 609 544 459 283 944 990 407 915 942 534 854 631 631 172 652 430 
4 4 23 23 23 23 23 13 13 2 2 2 2 2 2 2 2 2 2 2 2 2 2 20 20 12 12 12 12 21 24 24 24 24 24 5 5 5 5 5 10 14 14 14 14 14 1 1 1 9 11 7 7 7 7 7 7 14 14 14 14 14 1 1 1 20 20 17 17 17 12 12 12 12 19 19 8 11 22 22 22 25 25 25 25 25 25 25 25 25 25 25 25 25 25 3 3 3 3 0 0 0 0 0 0 6 6 6 6 4 4 10 23 23 23 23 23 18 18 18 18 21 22 22 22 13 13 17 17 17 19 19 9 16 16 16 16 16 16 5 5 5 5 5 6 6 6 6 15 15 15 15 15 15 16 16 16 16 16 16 3 3 3 3 18 18 18 18 7 7 7 7 7 7 8 25 25 25 25 25 25 25 25 25 25 25 25 25 25 24 24 24 24 24 15 15 15 15 15 15 