229
100
2
3 3 3 3 3 5 5 5 12 12 12 12 12 12 13 13 13 13 13 13 13 13 13 13 13 13 13 13 13 13 13 13 13 15 15 15 15 15 15 15 15 15 15 15 18 18 18 18 19 19 19 19 19 21 21 21 21 21 21 21 21 22 22 22 22 22 22 31 31 31 31 31 31 31 31 31 31 31 31 31 31 31 31 31 31 31 31 31 31 34 34 34 34 34 35 35 35 35 35 35 36 36 36 36 36 36 37 37 38 38 38 42 42 44 44 44 44 46 46 46 46 46 46 47 47 47 47 47 47 49 59 60 60 60 60 60 62 62 62 62 62 62 62 62 62 62 62 63 63 63 63 63 63 63 63 63 63 64 64 64 64 64 64 65 65 65 65 65 65 66 66 66 66 66 66 66 67 67 67 67 67 68 68 68 68 68 68 68 68 68 68 68 68 68 68 68 68 68 70 70 
142 143 144 145 146 166 167 168 38 39 40 41 42 43 61 62 63 64 65 66 53 54 55 56 57 58 59 60 48 49 50 51 52 89 90 91 92 93 8 9 10 11 12 13 113 114 115 116 28 29 30 31 32 20 21 22 23 24 25 26 27 14 15 16 17 18 19 131 132 133 134 135 181 182 183 184 185 186 187 188 189 190 191 192 193 194 195 196 197 33 34 35 36 37 136 137 138 139 140 141 117 118 119 120 121 122 111 112 163 164 165 106 107 44 45 46 47 100 101 102 103 104 105 157 158 159 160 161 162 130 129 67 68 69 70 71 94 95 96 97 98 99 0 1 2 3 4 176 177 178 169 170 171 172 173 174 175 123 124 125 126 127 128 108 109 110 5 6 7 150 151 152 153 154 155 156 147 148 149 198 199 72 73 74 75 76 77 78 79 80 81 82 83 84 85 86 87 88 179 180 
728 728 728 728 728 330 330 330 768 768 768 768 768 768 397 397 397 397 397 397 634 634 634 634 634 634 634 634 826 826 826 826 826 202 202 202 202 202 768 768 768 768 768 768 586 586 586 586 826 826 826 826 826 634 634 634 634 634 634 634 634 397 397 397 397 397 397 525 525 525 525 525 272 272 272 272 272 272 272 272 272 272 272 272 272 272 272 272 272 202 202 202 202 202 537 537 537 537 537 537 827 827 827 827 827 827 754 754 839 839 839 754 754 586 586 586 586 827 827 827 827 827 827 371 371 371 371 371 371 466 466 525 525 525 525 525 537 537 537 537 537 537 728 728 728 728 728 248 248 248 969 969 969 969 969 969 969 371 371 371 371 371 371 839 839 839 330 330 330 969 969 969 969 969 969 969 248 248 248 768 768 272 272 272 272 272 272 272 272 272 272 272 272 272 272 272 272 272 768 768 
0 1 2 3 4 5 6 7 8 9 10 11 12 13 14 15 16 17 18 19 20 21 22 23 24 25 26 27 28 29 30 31 32 33 34 35 36 37 8 9 10 11 12 13 38 39 40 41 28 29 30 31 32 20 21 22 23 24 25 26 27 14 15 16 17 18 19 42 43 44 45 46 47 48 49 50 51 52 53 54 55 56 57 58 59 60 61 62 63 33 34 35 36 37 64 65 66 67 68 69 70 71 72 73 74 75 76 77 78 79 80 76 77 38 39 40 41 70 71 72 73 74 75 81 82 83 84 85 86 87 87 42 43 44 45 46 64 65 66 67 68 69 0 1 2 3 4 88 89 90 91 92 93 94 95 96 97 81 82 83 84 85 86 78 79 80 5 6 7 91 92 93 94 95 96 97 88 89 90 98 99 47 48 49 50 51 52 53 54 55 56 57 58 59 60 61 62 63 98 99 
55389
19
3 4 3 3 6 1 5 6 8 2 2 6 5 6 5 6 5 7 17 
38 18 63 5 13 49 15 35 13 37 67 47 31 12 13 36 3 63 31 
65 44 67 65 22 59 34 62 21 42 70 64 60 15 19 46 62 66 68 
839 586 248 330 397 466 202 537 634 754 768 371 525 768 826 827 728 969 272 
16 16 16 16 16 3 3 3 13 13 13 13 13 13 4 4 4 4 4 4 8 8 8 8 8 8 8 8 14 14 14 14 14 6 6 6 6 6 13 13 13 13 13 13 1 1 1 1 14 14 14 14 14 8 8 8 8 8 8 8 8 4 4 4 4 4 4 12 12 12 12 12 18 18 18 18 18 18 18 18 18 18 18 18 18 18 18 18 18 6 6 6 6 6 7 7 7 7 7 7 15 15 15 15 15 15 9 9 0 0 0 9 9 1 1 1 1 15 15 15 15 15 15 11 11 11 11 11 11 5 5 12 12 12 12 12 7 7 7 7 7 7 16 16 16 16 16 2 2 2 17 17 17 17 17 17 17 11 11 11 11 11 11 0 0 0 3 3 3 17 17 17 17 17 17 17 2 2 2 10 10 18 18 18 18 18 18 18 18 18 18 18 18 18 18 18 18 18 10 10 