711
100
2
1 1 1 1 1 1 1 1 1 2 2 2 2 2 2 3 3 3 3 5 5 5 6 6 7 7 7 7 7 7 15 15 15 16 16 16 16 16 16 16 16 16 16 16 16 16 16 16 16 17 17 17 17 17 19 19 19 19 19 19 19 21 22 22 22 22 22 23 23 23 23 23 23 23 24 24 24 24 24 24 25 25 25 25 25 30 30 30 30 30 30 32 32 32 32 32 32 33 33 33 33 33 33 33 33 34 34 34 34 34 34 34 34 36 36 36 36 37 37 37 37 37 37 37 37 39 39 39 45 45 45 54 54 54 54 54 54 54 54 54 54 54 54 54 54 54 54 54 54 54 54 54 54 56 56 56 56 56 56 56 56 58 58 58 58 60 60 60 60 60 60 60 60 60 60 60 60 61 61 61 61 61 63 70 70 70 70 70 70 70 70 70 70 70 70 70 70 70 70 70 
168 169 170 171 172 173 174 175 176 186 187 188 189 190 191 161 162 163 164 125 126 127 113 114 74 75 76 77 78 79 128 129 130 137 138 139 140 141 142 143 144 145 146 147 148 149 150 151 152 177 178 179 180 181 67 68 69 70 71 72 73 182 80 81 82 83 84 54 55 56 57 58 59 60 24 25 26 27 28 29 62 63 64 65 66 131 132 133 134 135 136 117 118 119 120 121 122 105 106 107 108 109 110 111 112 97 98 99 100 101 102 103 104 22 23 123 124 91 92 93 94 95 96 115 116 19 20 21 30 31 32 85 86 87 88 89 90 33 34 35 36 37 38 39 40 41 42 43 44 45 46 47 48 192 193 194 195 196 197 198 199 15 16 17 18 183 184 185 0 1 2 3 4 5 6 7 8 49 50 51 52 53 61 165 166 167 9 10 11 12 13 14 153 154 155 156 157 158 159 160 
772 772 772 772 772 772 772 772 772 903 903 903 903 903 903 969 969 969 969 233 233 233 391 391 713 713 713 713 713 713 555 555 555 174 174 174 174 174 174 174 174 174 174 174 174 174 174 174 174 857 857 857 857 857 365 365 365 365 365 365 365 340 543 543 543 543 543 365 365 365 365 365 365 365 713 713 713 713 713 713 543 543 543 543 543 766 766 766 766 766 766 523 523 523 523 523 523 626 626 626 626 626 626 626 626 626 626 626 626 626 626 626 626 391 391 342 342 523 523 523 523 523 523 342 342 233 233 233 555 555 555 766 766 766 766 766 766 174 174 174 174 174 174 174 174 174 174 174 174 174 174 174 174 451 451 451 451 451 451 451 451 969 969 969 969 250 250 250 772 772 772 772 772 772 772 772 772 857 857 857 857 857 340 250 250 250 903 903 903 903 903 903 451 451 451 451 451 451 451 451 
0 1 2 3 4 5 6 7 8 9 10 11 12 13 14 15 16 17 18 19 20 21 22 23 24 25 26 27 28 29 30 31 32 33 34 35 36 37 38 39 40 41 42 43 44 45 46 47 48 49 50 51 52 53 54 55 56 57 58 59 60 61 62 63 64 65 66 54 55 56 57 58 59 60 24 25 26 27 28 29 62 63 64 65 66 67 68 69 70 71 72 73 74 75 76 77 78 79 80 81 82 83 84 85 86 79 80 81 82 83 84 85 86 22 23 87 88 73 74 75 76 77 78 87 88 19 20 21 30 31 32 67 68 69 70 71 72 33 34 35 36 37 38 39 40 41 42 43 44 45 46 47 48 89 90 91 92 93 94 95 96 15 16 17 18 97 98 99 0 1 2 3 4 5 6 7 8 49 50 51 52 53 61 97 98 99 9 10 11 12 13 14 89 90 91 92 93 94 95 96 
54129
18
5 3 3 2 6 8 5 6 6 9 8 4 1 2 7 3 6 16 
17 60 15 6 2 33 22 7 32 1 56 3 21 36 19 5 30 16 
61 70 45 36 70 34 25 24 37 60 70 58 63 37 23 39 54 54 
857 250 555 391 903 626 543 713 523 772 451 969 340 342 365 233 766 174 
9 9 9 9 9 9 9 9 9 4 4 4 4 4 4 11 11 11 11 15 15 15 3 3 7 7 7 7 7 7 2 2 2 17 17 17 17 17 17 17 17 17 17 17 17 17 17 17 17 0 0 0 0 0 14 14 14 14 14 14 14 12 6 6 6 6 6 14 14 14 14 14 14 14 7 7 7 7 7 7 6 6 6 6 6 16 16 16 16 16 16 8 8 8 8 8 8 5 5 5 5 5 5 5 5 5 5 5 5 5 5 5 5 3 3 13 13 8 8 8 8 8 8 13 13 15 15 15 2 2 2 16 16 16 16 16 16 17 17 17 17 17 17 17 17 17 17 17 17 17 17 17 17 10 10 10 10 10 10 10 10 11 11 11 11 1 1 1 9 9 9 9 9 9 9 9 9 0 0 0 0 0 12 1 1 1 4 4 4 4 4 4 10 10 10 10 10 10 10 10 