843
100
2
1 1 5 5 5 6 6 6 6 7 7 7 7 7 7 7 7 7 7 7 7 7 7 7 7 7 7 7 7 7 7 7 7 7 7 7 9 9 9 9 9 10 10 10 10 10 10 10 10 10 10 10 11 11 11 11 11 12 12 12 12 12 12 16 16 17 17 17 17 17 17 17 18 18 18 18 18 18 18 19 19 19 19 20 20 20 20 20 21 21 21 21 21 24 26 26 28 28 31 31 31 31 31 33 33 41 41 41 41 41 41 41 41 41 41 41 41 41 41 41 41 41 41 41 42 42 42 45 45 45 46 46 46 46 46 46 47 47 47 47 47 47 47 47 48 48 48 48 48 53 54 54 56 56 56 57 57 57 57 58 58 58 58 58 58 59 59 59 59 59 61 62 62 62 62 62 62 63 63 63 63 63 63 63 65 65 65 65 65 65 66 66 66 66 66 67 67 67 70 70 
136 137 49 50 51 161 162 163 164 57 58 59 60 190 191 192 193 105 106 107 108 109 110 111 112 113 114 115 116 117 118 119 120 121 122 123 144 145 146 147 148 155 156 157 158 72 73 74 75 2 3 4 98 99 100 101 102 9 10 11 12 125 126 86 87 94 95 165 166 167 168 169 45 46 47 48 83 84 85 171 172 173 174 76 77 78 63 64 195 196 197 198 199 170 65 66 128 129 52 53 54 55 56 104 103 17 18 19 20 21 22 23 24 25 26 27 28 29 30 31 32 33 34 35 194 61 62 149 96 97 138 139 140 141 142 143 0 1 130 131 132 133 134 135 36 37 38 39 40 127 159 160 181 182 183 41 42 43 44 150 151 5 6 7 8 67 68 69 70 71 93 79 80 81 82 179 180 188 189 175 176 152 153 154 185 184 187 186 177 178 13 14 15 16 124 88 89 90 91 92 
385 385 968 968 968 687 687 687 687 291 291 291 291 193 193 193 193 857 857 857 857 857 857 857 857 857 857 857 857 857 857 857 857 857 857 857 516 516 516 516 516 827 827 827 827 861 861 861 861 968 968 968 684 684 684 684 684 291 291 291 291 362 362 249 249 298 298 250 250 250 250 250 861 861 861 861 242 242 242 935 935 935 935 242 242 242 249 249 858 858 858 826 826 986 298 298 917 917 684 684 684 684 684 879 879 857 857 857 857 857 857 857 857 857 857 857 857 857 857 857 857 857 857 857 743 362 362 419 917 917 810 810 810 810 810 810 385 385 810 810 810 810 810 810 516 516 516 516 516 419 401 401 467 467 467 827 827 827 827 401 401 687 687 687 687 250 250 250 250 250 986 935 935 935 935 733 733 219 219 733 733 467 467 467 727 727 727 727 219 219 193 193 193 193 743 858 858 858 826 826 
0 1 2 3 4 5 6 7 8 9 10 11 12 13 14 15 16 17 18 19 20 21 22 23 24 25 26 27 28 29 30 31 32 33 34 35 36 37 38 39 40 41 42 43 44 45 46 47 48 2 3 4 49 50 51 52 53 9 10 11 12 54 55 56 57 58 59 60 61 62 63 64 45 46 47 48 65 66 67 68 69 70 71 65 66 67 56 57 72 73 74 75 76 77 58 59 78 79 49 50 51 52 53 80 80 17 18 19 20 21 22 23 24 25 26 27 28 29 30 31 32 33 34 35 81 54 55 82 78 79 83 84 85 86 87 88 0 1 83 84 85 86 87 88 36 37 38 39 40 82 89 90 91 92 93 41 42 43 44 89 90 5 6 7 8 60 61 62 63 64 77 68 69 70 71 94 95 96 97 94 95 91 92 93 98 98 99 99 96 97 13 14 15 16 81 72 73 74 75 76 
64435
29
4 2 1 4 2 2 4 1 4 2 6 3 4 3 3 2 5 1 4 2 2 5 2 2 3 1 5 2 19 
7 17 24 10 1 65 10 45 7 63 46 5 19 18 21 54 9 42 6 16 62 11 21 12 56 33 17 28 7 
12 26 61 57 47 65 18 53 66 65 47 10 62 20 67 58 48 66 58 20 63 31 70 42 63 33 59 45 41 
291 298 986 827 385 727 861 419 193 219 810 968 935 242 858 401 516 743 687 249 733 684 826 362 467 879 250 917 857 
4 4 11 11 11 18 18 18 18 0 0 0 0 8 8 8 8 28 28 28 28 28 28 28 28 28 28 28 28 28 28 28 28 28 28 28 16 16 16 16 16 3 3 3 3 6 6 6 6 11 11 11 21 21 21 21 21 0 0 0 0 23 23 19 19 1 1 26 26 26 26 26 6 6 6 6 13 13 13 12 12 12 12 13 13 13 19 19 14 14 14 22 22 2 1 1 27 27 21 21 21 21 21 25 25 28 28 28 28 28 28 28 28 28 28 28 28 28 28 28 28 28 28 28 17 23 23 7 27 27 10 10 10 10 10 10 4 4 10 10 10 10 10 10 16 16 16 16 16 7 15 15 24 24 24 3 3 3 3 15 15 18 18 18 18 26 26 26 26 26 2 12 12 12 12 20 20 9 9 20 20 24 24 24 5 5 5 5 9 9 8 8 8 8 17 14 14 14 22 22 