815
100
2
1 1 1 1 1 1 1 4 4 4 4 5 5 5 5 5 5 5 5 5 5 5 5 6 6 7 7 7 7 7 8 11 11 11 11 11 11 11 13 13 13 13 13 13 13 13 13 13 13 13 13 13 13 13 13 13 13 16 16 16 16 16 17 17 17 17 17 17 17 17 17 17 17 17 19 20 20 20 20 20 20 20 20 20 20 20 20 20 20 22 22 22 22 22 22 22 23 23 23 23 25 25 25 25 26 26 26 26 26 26 26 26 26 27 27 27 27 28 28 28 28 28 28 28 29 29 29 32 32 35 35 35 35 35 35 35 35 35 35 35 35 35 38 38 38 38 40 40 40 40 40 41 41 41 41 41 45 45 45 45 45 45 45 49 49 49 49 49 53 53 53 53 53 54 54 54 54 55 55 55 56 56 56 56 58 58 58 58 62 62 62 62 62 62 62 62 62 62 62 62 
135 136 137 138 139 140 141 142 143 144 145 151 152 153 154 155 23 24 157 100 101 102 103 16 17 57 58 59 60 61 128 188 189 190 191 192 193 194 195 196 197 198 199 75 76 77 78 79 80 81 82 83 84 85 86 87 88 25 26 27 28 29 129 130 131 132 133 134 74 168 169 170 171 172 68 43 44 45 46 47 48 49 50 51 52 53 54 55 56 117 118 119 120 121 122 123 184 185 186 187 19 20 21 22 163 164 165 166 167 173 174 175 176 180 181 182 183 89 90 91 92 93 94 95 177 178 179 156 30 62 63 64 65 66 67 0 1 2 3 4 5 6 7 8 9 10 158 159 160 161 162 11 12 13 14 15 127 18 146 147 148 149 150 104 105 106 107 108 69 70 71 72 73 109 110 111 112 124 125 126 113 114 115 116 96 97 98 99 31 32 33 34 35 36 37 38 39 40 41 42 
213 213 213 213 213 213 213 626 626 626 626 158 158 158 158 158 763 763 648 969 969 969 969 763 763 533 533 533 533 533 578 466 466 466 466 466 466 466 466 466 466 466 466 853 853 853 853 853 853 853 853 853 853 853 853 853 853 533 533 533 533 533 215 215 215 215 215 215 557 629 629 629 629 629 557 853 853 853 853 853 853 853 853 853 853 853 853 853 853 444 444 444 444 444 444 444 508 508 508 508 969 969 969 969 630 630 630 630 630 290 290 290 290 382 382 382 382 444 444 444 444 444 444 444 952 952 952 873 578 215 215 215 215 215 215 213 213 213 213 213 213 213 626 626 626 626 252 252 252 252 252 158 158 158 158 158 873 648 252 252 252 252 252 630 630 630 630 630 629 629 629 629 629 290 290 290 290 952 952 952 382 382 382 382 508 508 508 508 466 466 466 466 466 466 466 466 466 466 466 466 
0 1 2 3 4 5 6 7 8 9 10 11 12 13 14 15 16 17 18 19 20 21 22 16 17 23 24 25 26 27 28 29 30 31 32 33 34 35 36 37 38 39 40 41 42 43 44 45 46 47 48 49 50 51 52 53 54 23 24 25 26 27 55 56 57 58 59 60 61 62 63 64 65 66 61 41 42 43 44 45 46 47 48 49 50 51 52 53 54 67 68 69 70 71 72 73 74 75 76 77 19 20 21 22 78 79 80 81 82 83 84 85 86 87 88 89 90 67 68 69 70 71 72 73 91 92 93 94 28 55 56 57 58 59 60 0 1 2 3 4 5 6 7 8 9 10 95 96 97 98 99 11 12 13 14 15 94 18 95 96 97 98 99 78 79 80 81 82 62 63 64 65 66 83 84 85 86 91 92 93 87 88 89 90 74 75 76 77 29 30 31 32 33 34 35 36 37 38 39 40 
52571
22
4 7 5 6 1 5 2 7 1 4 7 5 4 5 5 3 1 5 4 4 1 14 
4 22 5 17 17 17 5 1 32 27 11 13 23 26 7 29 5 40 26 5 8 13 
38 28 41 35 19 53 6 35 45 56 62 62 58 49 16 55 45 45 54 25 32 20 
626 444 158 215 557 629 763 213 873 382 466 466 508 630 533 952 648 252 290 969 578 853 
7 7 7 7 7 7 7 0 0 0 0 2 2 2 2 2 6 6 16 19 19 19 19 6 6 14 14 14 14 14 20 10 10 10 10 10 10 10 11 11 11 11 11 21 21 21 21 21 21 21 21 21 21 21 21 21 21 14 14 14 14 14 3 3 3 3 3 3 4 5 5 5 5 5 4 21 21 21 21 21 21 21 21 21 21 21 21 21 21 1 1 1 1 1 1 1 12 12 12 12 19 19 19 19 13 13 13 13 13 18 18 18 18 9 9 9 9 1 1 1 1 1 1 1 15 15 15 8 20 3 3 3 3 3 3 7 7 7 7 7 7 7 0 0 0 0 17 17 17 17 17 2 2 2 2 2 8 16 17 17 17 17 17 13 13 13 13 13 5 5 5 5 5 18 18 18 18 15 15 15 9 9 9 9 12 12 12 12 10 10 10 10 10 10 10 11 11 11 11 11 