200
100
2
1 1 1 2 2 2 2 2 4 4 4 4 5 5 5 5 5 5 8 8 8 8 8 8 8 8 8 9 9 9 9 9 9 10 10 11 11 11 11 15 15 15 15 15 15 15 15 15 15 15 15 15 15 15 15 15 15 15 15 15 15 15 18 18 18 18 20 20 20 20 20 20 20 20 20 20 20 20 21 21 21 21 23 23 23 26 26 27 27 27 27 27 27 28 28 28 28 28 28 30 30 30 30 30 30 31 31 32 32 32 34 34 37 37 38 38 38 40 40 40 40 43 43 44 44 44 45 45 45 45 46 47 47 47 47 49 49 49 49 49 49 51 51 53 53 53 53 54 54 54 54 55 55 56 56 56 56 56 56 57 57 57 57 57 59 59 60 60 60 60 61 61 62 66 66 66 66 66 66 68 68 68 68 68 68 68 68 68 68 68 68 68 68 68 68 68 68 68 68 68 
166 167 168 87 88 89 90 91 131 132 133 134 112 113 74 75 76 77 107 108 109 27 28 29 30 31 32 21 22 23 24 25 26 121 122 147 148 149 150 78 79 80 81 181 182 183 184 185 186 187 188 189 190 191 192 193 194 195 196 197 198 199 164 170 171 92 159 160 99 100 101 102 103 104 14 15 16 17 39 40 41 42 165 115 116 128 129 3 4 5 6 7 65 173 174 175 176 177 178 68 69 70 71 72 73 151 152 18 19 20 162 163 12 13 172 83 84 143 144 145 146 33 34 130 141 142 179 180 85 86 123 8 9 10 11 153 154 155 156 157 158 124 125 117 118 119 120 35 36 37 38 105 106 135 136 137 138 139 140 66 67 169 110 111 62 82 0 1 2 161 63 64 114 93 94 95 96 97 98 126 127 43 44 45 46 47 48 49 50 51 52 53 54 55 56 57 58 59 60 61 
397 397 397 215 215 215 215 215 983 983 983 983 905 905 684 684 684 684 753 753 753 984 984 984 984 984 984 984 984 984 984 984 984 857 857 908 908 908 908 276 276 276 276 882 882 882 882 882 882 882 882 882 882 882 882 882 882 882 882 882 882 882 323 875 875 951 248 248 517 517 517 517 517 517 684 684 684 684 276 276 276 276 611 168 168 812 812 215 215 215 215 215 951 693 693 693 693 693 693 517 517 517 517 517 517 904 904 753 753 753 229 229 905 905 996 168 168 777 777 777 777 857 857 910 334 334 592 592 812 812 910 983 983 983 983 271 271 271 271 271 271 334 334 777 777 777 777 908 908 908 908 904 904 271 271 271 271 271 271 248 248 805 229 229 323 611 397 397 397 805 875 875 996 693 693 693 693 693 693 592 592 882 882 882 882 882 882 882 882 882 882 882 882 882 882 882 882 882 882 882 
0 1 2 3 4 5 6 7 8 9 10 11 12 13 14 15 16 17 18 19 20 21 22 23 24 25 26 21 22 23 24 25 26 27 28 29 30 31 32 33 34 35 36 37 38 39 40 41 42 43 44 45 46 47 48 49 50 51 52 53 54 55 56 57 58 59 60 61 62 63 64 65 66 67 14 15 16 17 33 34 35 36 68 69 70 71 72 3 4 5 6 7 59 73 74 75 76 77 78 62 63 64 65 66 67 79 80 18 19 20 81 82 12 13 83 69 70 84 85 86 87 27 28 88 89 90 91 92 71 72 88 8 9 10 11 93 94 95 96 97 98 89 90 84 85 86 87 29 30 31 32 79 80 93 94 95 96 97 98 60 61 99 81 82 56 68 0 1 2 99 57 58 83 73 74 75 76 77 78 91 92 37 38 39 40 41 42 43 44 45 46 47 48 49 50 51 52 53 54 55 
67029
29
5 4 6 2 2 2 1 1 3 2 1 1 6 1 2 6 2 2 1 2 3 2 4 4 4 6 4 2 19 
2 40 28 45 26 5 38 18 1 20 57 23 20 44 10 49 44 18 18 23 8 31 4 15 5 8 11 34 15 
27 53 66 68 45 37 62 59 60 57 60 59 30 46 43 56 51 61 27 38 32 55 47 21 20 9 54 57 68 
215 777 693 592 812 905 996 323 397 248 805 611 517 910 857 271 334 875 951 168 753 904 983 276 684 984 908 229 882 
8 8 8 0 0 0 0 0 22 22 22 22 5 5 24 24 24 24 20 20 20 25 25 25 25 25 25 25 25 25 25 25 25 14 14 26 26 26 26 23 23 23 23 28 28 28 28 28 28 28 28 28 28 28 28 28 28 28 28 28 28 28 7 17 17 18 9 9 12 12 12 12 12 12 24 24 24 24 23 23 23 23 11 19 19 4 4 0 0 0 0 0 18 2 2 2 2 2 2 12 12 12 12 12 12 21 21 20 20 20 27 27 5 5 6 19 19 1 1 1 1 14 14 13 16 16 3 3 4 4 13 22 22 22 22 15 15 15 15 15 15 16 16 1 1 1 1 26 26 26 26 21 21 15 15 15 15 15 15 9 9 10 27 27 7 11 8 8 8 10 17 17 6 2 2 2 2 2 2 3 3 28 28 28 28 28 28 28 28 28 28 28 28 28 28 28 28 28 28 28 