57
100
2
1 1 1 1 3 3 3 3 4 4 4 4 4 8 8 8 8 8 9 9 9 9 12 12 13 13 13 13 13 13 13 18 18 18 18 18 18 18 18 18 18 19 19 20 20 20 20 21 21 21 21 21 22 22 22 22 22 24 24 24 24 24 24 24 27 28 28 29 29 29 29 30 30 30 30 30 33 33 33 33 33 33 33 33 33 33 33 33 33 33 33 33 33 34 34 34 34 36 36 36 36 36 37 37 37 37 37 37 37 37 37 37 37 38 38 38 38 38 41 41 41 41 41 43 43 43 43 43 46 46 46 46 46 47 47 47 47 47 47 48 48 48 48 48 49 49 49 49 49 49 50 50 50 50 50 52 52 52 52 52 56 56 56 56 56 56 56 56 56 56 56 56 56 56 56 56 56 57 57 58 58 62 62 62 62 65 66 66 66 66 66 67 67 67 67 67 67 67 67 67 
150 151 152 153 179 180 41 42 97 98 99 100 101 133 134 135 136 137 43 44 45 46 57 58 65 66 118 119 120 121 122 71 72 73 74 75 186 187 188 189 190 6 7 18 19 20 21 113 114 115 116 117 59 60 61 62 63 22 23 52 53 54 55 56 154 24 25 106 107 108 109 31 32 33 34 35 160 161 162 163 164 165 166 167 168 169 170 171 172 173 174 175 176 102 103 104 105 8 9 10 11 12 93 94 95 96 67 68 69 70 147 148 149 47 48 49 50 51 26 27 28 29 30 155 156 157 158 159 191 192 193 194 195 13 14 15 16 17 185 144 145 146 177 178 139 140 141 110 111 112 0 1 2 3 64 123 124 125 126 127 76 77 78 79 80 81 82 83 84 85 86 87 88 89 90 91 92 142 143 4 5 196 197 198 199 138 36 37 38 39 40 128 129 130 131 132 181 182 183 184 
795 795 795 795 310 310 608 608 371 371 371 371 371 805 805 805 805 805 449 449 449 449 506 506 285 285 652 652 652 652 652 802 802 802 802 802 380 380 380 380 380 608 608 449 449 449 449 616 616 616 616 616 155 155 155 155 155 506 506 155 155 155 155 155 563 285 285 452 452 452 452 802 802 802 802 802 495 495 495 495 495 495 495 495 495 495 495 495 495 495 495 495 495 437 437 437 437 371 371 371 371 371 437 437 437 437 452 452 452 452 437 437 437 616 616 616 616 616 652 652 652 652 652 172 172 172 172 172 647 647 647 647 647 805 805 805 805 805 210 358 358 358 997 997 358 358 358 437 437 437 795 795 795 795 563 172 172 172 172 172 495 495 495 495 495 495 495 495 495 495 495 495 495 495 495 495 495 997 997 310 310 775 775 775 775 210 380 380 380 380 380 647 647 647 647 647 775 775 775 775 
0 1 2 3 4 5 6 7 8 9 10 11 12 13 14 15 16 17 18 19 20 21 22 23 24 25 26 27 28 29 30 31 32 33 34 35 36 37 38 39 40 6 7 18 19 20 21 41 42 43 44 45 46 47 48 49 50 22 23 46 47 48 49 50 51 24 25 52 53 54 55 31 32 33 34 35 56 57 58 59 60 61 62 63 64 65 66 67 68 69 70 71 72 73 74 75 76 8 9 10 11 12 73 74 75 76 52 53 54 55 77 78 79 41 42 43 44 45 26 27 28 29 30 80 81 82 83 84 85 86 87 88 89 13 14 15 16 17 90 91 92 93 94 95 91 92 93 77 78 79 0 1 2 3 51 80 81 82 83 84 56 57 58 59 60 61 62 63 64 65 66 67 68 69 70 71 72 94 95 4 5 96 97 98 99 90 36 37 38 39 40 85 86 87 88 89 96 97 98 99 
51617
24
5 4 5 2 1 4 5 1 2 5 5 3 4 2 4 5 5 2 2 3 5 4 5 17 
43 9 8 12 47 1 22 27 3 18 4 48 34 13 29 21 46 3 48 37 13 62 18 33 
52 20 47 24 65 50 24 50 58 30 36 49 37 28 37 38 67 19 57 49 41 67 66 56 
172 449 805 506 210 795 155 563 310 802 371 358 437 285 452 616 647 608 997 437 652 775 380 495 
5 5 5 5 8 8 17 17 10 10 10 10 10 2 2 2 2 2 1 1 1 1 3 3 13 13 20 20 20 20 20 9 9 9 9 9 22 22 22 22 22 17 17 1 1 1 1 15 15 15 15 15 6 6 6 6 6 3 3 6 6 6 6 6 7 13 13 14 14 14 14 9 9 9 9 9 23 23 23 23 23 23 23 23 23 23 23 23 23 23 23 23 23 12 12 12 12 10 10 10 10 10 12 12 12 12 14 14 14 14 19 19 19 15 15 15 15 15 20 20 20 20 20 0 0 0 0 0 16 16 16 16 16 2 2 2 2 2 4 11 11 11 18 18 11 11 11 19 19 19 5 5 5 5 7 0 0 0 0 0 23 23 23 23 23 23 23 23 23 23 23 23 23 23 23 23 23 18 18 8 8 21 21 21 21 4 22 22 22 22 22 16 16 16 16 16 21 21 21 21 