490
100
2
1 1 1 1 1 1 1 1 1 1 1 1 1 1 14 14 14 14 14 14 14 14 14 14 14 14 14 14 14 14 14 14 19 19 19 19 19 20 20 20 21 21 21 21 21 21 21 21 21 21 21 21 21 21 21 21 21 21 34 34 34 34 34 34 34 34 34 34 34 34 34 34 34 34 38 38 38 38 38 38 38 38 38 38 38 38 38 38 38 38 38 42 42 42 42 42 42 42 42 42 42 42 42 42 42 44 44 44 44 44 44 44 44 44 44 44 44 44 45 45 45 45 45 45 45 45 46 46 46 46 46 46 46 46 46 46 46 46 46 46 46 46 46 46 46 46 46 49 49 49 49 49 49 49 49 49 49 49 51 51 51 51 54 54 54 54 54 54 54 54 54 54 54 54 54 56 56 56 56 56 56 56 56 56 56 56 56 56 56 68 68 68 68 68 68 68 68 68 68 68 
175 176 177 178 179 180 181 182 183 184 185 186 187 188 40 41 42 43 44 45 46 47 48 49 50 51 52 53 54 55 56 57 69 70 71 72 73 102 103 104 14 15 16 17 18 19 20 21 22 23 24 25 26 27 28 29 30 31 91 92 93 94 95 96 97 98 99 100 101 32 33 34 35 36 162 163 164 165 166 167 168 169 170 171 172 173 174 158 159 160 161 58 59 60 61 62 63 64 65 66 67 68 37 38 39 126 127 128 129 130 131 132 133 134 135 136 137 138 139 140 141 142 143 144 145 146 105 106 107 108 109 110 111 112 113 114 115 116 117 118 119 120 121 122 123 124 125 189 190 191 192 193 194 195 196 197 198 199 87 88 89 90 74 75 76 77 78 79 80 81 82 83 84 85 86 0 1 2 3 4 5 6 7 8 9 10 11 12 13 147 148 149 150 151 152 153 154 155 156 157 
400 400 400 400 400 400 400 400 400 400 400 400 400 400 358 358 358 358 358 358 358 358 358 358 358 358 358 358 358 358 358 358 852 852 852 852 852 790 790 790 358 358 358 358 358 358 358 358 358 358 358 358 358 358 358 358 358 358 582 582 582 582 582 582 582 582 582 582 582 852 852 852 852 852 774 774 774 774 774 774 774 774 774 774 774 774 774 503 503 503 503 582 582 582 582 582 582 582 582 582 582 582 790 790 790 819 819 819 819 819 819 819 819 819 819 819 819 819 313 313 313 313 313 313 313 313 819 819 819 819 819 819 819 819 819 819 819 819 819 313 313 313 313 313 313 313 313 167 167 167 167 167 167 167 167 167 167 167 503 503 503 503 774 774 774 774 774 774 774 774 774 774 774 774 774 400 400 400 400 400 400 400 400 400 400 400 400 400 400 167 167 167 167 167 167 167 167 167 167 167 
0 1 2 3 4 5 6 7 8 9 10 11 12 13 14 15 16 17 18 19 20 21 22 23 24 25 26 27 28 29 30 31 32 33 34 35 36 37 38 39 14 15 16 17 18 19 20 21 22 23 24 25 26 27 28 29 30 31 40 41 42 43 44 45 46 47 48 49 50 32 33 34 35 36 51 52 53 54 55 56 57 58 59 60 61 62 63 64 65 66 67 40 41 42 43 44 45 46 47 48 49 50 37 38 39 68 69 70 71 72 73 74 75 76 77 78 79 80 81 82 83 84 85 86 87 88 68 69 70 71 72 73 74 75 76 77 78 79 80 81 82 83 84 85 86 87 88 89 90 91 92 93 94 95 96 97 98 99 64 65 66 67 51 52 53 54 55 56 57 58 59 60 61 62 63 0 1 2 3 4 5 6 7 8 9 10 11 12 13 89 90 91 92 93 94 95 96 97 98 99 
52138
10
13 11 13 8 3 11 4 5 14 18 
44 34 38 45 20 49 38 19 1 14 
46 42 54 46 42 68 51 34 56 21 
819 582 774 313 790 167 503 852 400 358 
8 8 8 8 8 8 8 8 8 8 8 8 8 8 9 9 9 9 9 9 9 9 9 9 9 9 9 9 9 9 9 9 7 7 7 7 7 4 4 4 9 9 9 9 9 9 9 9 9 9 9 9 9 9 9 9 9 9 1 1 1 1 1 1 1 1 1 1 1 7 7 7 7 7 2 2 2 2 2 2 2 2 2 2 2 2 2 6 6 6 6 1 1 1 1 1 1 1 1 1 1 1 4 4 4 0 0 0 0 0 0 0 0 0 0 0 0 0 3 3 3 3 3 3 3 3 0 0 0 0 0 0 0 0 0 0 0 0 0 3 3 3 3 3 3 3 3 5 5 5 5 5 5 5 5 5 5 5 6 6 6 6 2 2 2 2 2 2 2 2 2 2 2 2 2 8 8 8 8 8 8 8 8 8 8 8 8 8 8 5 5 5 5 5 5 5 5 5 5 5 