27
100
2
2 2 2 2 2 2 2 2 2 2 2 2 2 3 3 3 3 3 3 3 3 3 11 11 11 11 11 11 11 11 11 11 11 11 11 11 13 13 13 13 13 13 13 16 16 16 16 16 16 16 16 16 23 23 23 23 23 23 23 23 23 23 23 23 26 26 26 26 26 26 26 26 26 26 26 26 26 26 28 28 28 28 28 28 28 31 31 31 31 31 31 31 31 31 31 31 31 31 31 31 32 32 32 32 32 32 32 32 39 39 39 39 39 39 39 39 39 39 39 39 39 39 39 46 46 46 46 46 46 46 46 46 46 46 46 46 46 46 46 46 46 46 46 46 46 46 46 46 47 47 47 47 47 47 47 47 47 47 47 47 47 48 48 48 48 48 48 48 48 59 59 59 59 59 59 59 59 59 59 59 59 59 63 63 63 63 63 63 63 63 63 70 70 70 70 70 70 70 70 70 
135 136 137 138 139 140 141 142 143 144 145 146 147 182 183 184 185 186 187 188 189 190 64 65 66 67 68 69 70 71 72 73 74 75 76 77 78 79 80 81 82 83 84 191 192 193 194 195 196 197 198 199 123 124 125 126 127 128 129 130 131 132 133 134 22 23 24 25 26 27 28 29 30 31 32 33 34 35 36 37 38 39 40 41 42 108 109 110 111 112 113 114 115 116 117 118 119 120 121 122 161 162 163 164 165 166 167 168 85 86 87 88 89 90 91 92 93 94 95 96 97 98 99 52 53 54 55 56 57 58 59 60 61 62 63 0 1 2 3 4 5 6 7 8 9 10 11 12 169 170 171 172 173 174 175 176 177 178 179 180 181 100 101 102 103 104 105 106 107 148 149 150 151 152 153 154 155 156 157 158 159 160 13 14 15 16 17 18 19 20 21 43 44 45 46 47 48 49 50 51 
437 437 437 437 437 437 437 437 437 437 437 437 437 893 893 893 893 893 893 893 893 893 845 845 845 845 845 845 845 845 845 845 845 845 845 845 370 370 370 370 370 370 370 760 760 760 760 760 760 760 760 760 371 371 371 371 371 371 371 371 371 371 371 371 845 845 845 845 845 845 845 845 845 845 845 845 845 845 370 370 370 370 370 370 370 774 774 774 521 521 521 521 521 521 521 521 521 521 521 521 483 483 483 483 483 483 483 483 774 774 774 521 521 521 521 521 521 521 521 521 521 521 521 371 371 371 371 371 371 371 371 371 371 371 371 437 437 437 437 437 437 437 437 437 437 437 437 437 172 172 172 172 172 172 172 172 172 172 172 172 172 483 483 483 483 483 483 483 483 172 172 172 172 172 172 172 172 172 172 172 172 172 893 893 893 893 893 893 893 893 893 760 760 760 760 760 760 760 760 760 
0 1 2 3 4 5 6 7 8 9 10 11 12 13 14 15 16 17 18 19 20 21 22 23 24 25 26 27 28 29 30 31 32 33 34 35 36 37 38 39 40 41 42 43 44 45 46 47 48 49 50 51 52 53 54 55 56 57 58 59 60 61 62 63 22 23 24 25 26 27 28 29 30 31 32 33 34 35 36 37 38 39 40 41 42 64 65 66 67 68 69 70 71 72 73 74 75 76 77 78 79 80 81 82 83 84 85 86 64 65 66 67 68 69 70 71 72 73 74 75 76 77 78 52 53 54 55 56 57 58 59 60 61 62 63 0 1 2 3 4 5 6 7 8 9 10 11 12 87 88 89 90 91 92 93 94 95 96 97 98 99 79 80 81 82 83 84 85 86 87 88 89 90 91 92 93 94 95 96 97 98 99 13 14 15 16 17 18 19 20 21 43 44 45 46 47 48 49 50 51 
54104
10
3 7 13 12 9 12 9 14 13 8 
31 13 47 23 3 31 16 11 2 32 
39 28 59 46 63 39 70 26 46 48 
774 370 172 371 893 521 760 845 437 483 
8 8 8 8 8 8 8 8 8 8 8 8 8 4 4 4 4 4 4 4 4 4 7 7 7 7 7 7 7 7 7 7 7 7 7 7 1 1 1 1 1 1 1 6 6 6 6 6 6 6 6 6 3 3 3 3 3 3 3 3 3 3 3 3 7 7 7 7 7 7 7 7 7 7 7 7 7 7 1 1 1 1 1 1 1 0 0 0 5 5 5 5 5 5 5 5 5 5 5 5 9 9 9 9 9 9 9 9 0 0 0 5 5 5 5 5 5 5 5 5 5 5 5 3 3 3 3 3 3 3 3 3 3 3 3 8 8 8 8 8 8 8 8 8 8 8 8 8 2 2 2 2 2 2 2 2 2 2 2 2 2 9 9 9 9 9 9 9 9 2 2 2 2 2 2 2 2 2 2 2 2 2 4 4 4 4 4 4 4 4 4 6 6 6 6 6 6 6 6 6 