299
100
2
2 2 2 2 2 2 2 2 4 4 4 4 4 4 6 6 6 6 6 6 7 7 7 9 9 9 10 10 13 13 16 16 16 16 16 16 19 19 19 19 19 19 20 20 20 20 20 20 20 20 20 20 20 21 21 21 21 21 21 21 21 21 21 21 21 21 21 21 21 21 21 21 25 25 25 25 25 25 25 25 33 33 33 33 33 33 34 34 34 34 34 34 34 34 36 36 36 36 36 36 36 38 38 38 38 38 38 38 38 38 38 38 38 38 38 38 38 38 38 38 41 41 41 41 41 41 43 43 43 49 49 49 49 49 49 49 49 49 49 49 49 49 51 51 51 51 51 51 51 51 51 54 54 54 54 55 55 55 56 56 56 56 56 56 57 57 57 57 57 57 57 57 65 65 65 65 65 65 65 67 67 67 67 67 67 67 67 67 67 67 67 67 67 69 70 70 70 70 70 70 
164 165 166 167 168 169 170 171 36 37 38 39 40 41 80 81 82 83 84 85 155 156 157 42 43 44 191 192 124 125 136 137 138 139 140 141 8 9 10 11 12 13 23 24 25 72 73 74 75 76 77 78 79 101 102 103 104 105 106 107 108 109 110 111 112 113 114 115 116 117 118 119 45 46 47 48 49 50 51 52 14 15 16 17 18 19 94 95 96 97 98 99 100 193 86 87 88 89 90 91 92 53 54 55 56 57 58 59 60 61 62 63 64 65 66 67 68 69 70 71 151 152 153 154 28 29 179 180 181 172 173 174 175 176 177 178 30 31 32 33 34 35 182 183 184 185 186 187 188 189 190 120 121 122 123 20 21 22 194 195 196 197 198 199 0 1 2 3 4 5 6 7 129 130 131 132 133 134 135 126 127 128 142 143 144 145 146 147 148 149 150 26 27 93 158 159 160 161 162 163 
893 893 893 893 893 893 893 893 315 315 315 315 315 315 739 739 739 739 739 739 960 960 960 370 370 370 853 853 578 578 702 702 702 702 702 702 315 315 315 315 315 315 370 370 370 654 654 654 654 654 654 654 654 619 619 619 619 619 619 619 619 619 619 619 619 619 619 619 619 619 619 619 654 654 654 654 654 654 654 654 739 739 739 739 739 739 330 330 330 330 330 330 330 996 330 330 330 330 330 330 330 619 619 619 619 619 619 619 619 619 619 619 619 619 619 619 619 619 619 619 377 377 377 377 578 578 325 325 325 617 617 617 617 617 617 617 702 702 702 702 702 702 514 514 514 514 514 514 514 514 514 377 377 377 377 960 960 960 733 733 733 733 733 733 893 893 893 893 893 893 893 893 617 617 617 617 617 617 617 325 325 325 514 514 514 514 514 514 514 514 514 853 853 996 733 733 733 733 733 733 
0 1 2 3 4 5 6 7 8 9 10 11 12 13 14 15 16 17 18 19 20 21 22 23 24 25 26 27 28 29 30 31 32 33 34 35 8 9 10 11 12 13 23 24 25 36 37 38 39 40 41 42 43 44 45 46 47 48 49 50 51 52 53 54 55 56 57 58 59 60 61 62 36 37 38 39 40 41 42 43 14 15 16 17 18 19 63 64 65 66 67 68 69 70 63 64 65 66 67 68 69 44 45 46 47 48 49 50 51 52 53 54 55 56 57 58 59 60 61 62 71 72 73 74 28 29 75 76 77 78 79 80 81 82 83 84 30 31 32 33 34 35 85 86 87 88 89 90 91 92 93 71 72 73 74 20 21 22 94 95 96 97 98 99 0 1 2 3 4 5 6 7 78 79 80 81 82 83 84 75 76 77 85 86 87 88 89 90 91 92 93 26 27 70 94 95 96 97 98 99 
60657
17
3 6 6 4 2 6 3 8 7 7 3 1 9 2 6 8 19 
7 6 4 41 13 56 9 20 34 49 43 34 51 10 16 2 21 
55 33 19 54 41 70 20 25 36 65 67 69 67 67 49 57 38 
960 739 315 377 578 733 370 654 330 617 325 996 514 853 702 893 619 
15 15 15 15 15 15 15 15 2 2 2 2 2 2 1 1 1 1 1 1 0 0 0 6 6 6 13 13 4 4 14 14 14 14 14 14 2 2 2 2 2 2 6 6 6 7 7 7 7 7 7 7 7 16 16 16 16 16 16 16 16 16 16 16 16 16 16 16 16 16 16 16 7 7 7 7 7 7 7 7 1 1 1 1 1 1 8 8 8 8 8 8 8 11 8 8 8 8 8 8 8 16 16 16 16 16 16 16 16 16 16 16 16 16 16 16 16 16 16 16 3 3 3 3 4 4 10 10 10 9 9 9 9 9 9 9 14 14 14 14 14 14 12 12 12 12 12 12 12 12 12 3 3 3 3 0 0 0 5 5 5 5 5 5 15 15 15 15 15 15 15 15 9 9 9 9 9 9 9 10 10 10 12 12 12 12 12 12 12 12 12 13 13 11 5 5 5 5 5 5 