445
100
2
1 1 1 1 1 1 1 1 3 3 3 3 3 3 16 16 16 16 16 16 16 16 16 16 16 16 16 16 16 16 17 17 17 17 17 17 18 18 18 18 18 18 18 18 18 18 18 18 18 18 22 22 22 22 22 22 22 23 23 23 23 23 23 23 23 23 23 23 24 24 24 24 24 24 41 41 41 41 41 41 41 41 41 41 41 42 42 42 42 42 42 42 42 42 42 42 42 42 42 42 42 44 44 44 44 44 44 44 47 47 47 47 47 47 47 47 47 47 47 56 56 56 56 56 56 56 56 56 56 57 57 57 57 57 57 57 57 57 57 57 57 57 57 57 57 57 65 65 65 65 65 65 65 65 65 65 65 65 65 65 66 66 66 66 66 66 66 66 66 66 66 67 67 67 67 67 67 67 67 69 69 69 69 69 69 69 69 69 69 69 69 69 69 69 69 69 69 69 69 69 
171 172 173 174 175 176 177 178 68 69 70 71 72 73 85 86 87 88 89 90 91 92 93 94 95 96 97 98 99 100 140 141 142 143 144 145 146 147 148 149 150 151 152 153 154 155 156 157 158 159 101 102 103 104 105 106 107 74 75 76 77 78 79 80 81 82 83 84 8 9 10 11 12 13 57 58 59 60 61 62 63 64 65 66 67 14 15 16 17 18 19 20 21 22 23 24 25 26 27 28 29 50 51 52 53 54 55 56 179 180 181 182 183 184 185 186 187 188 189 190 191 192 193 194 195 196 197 198 199 160 161 162 163 164 165 166 167 168 169 170 30 31 32 33 34 35 36 37 38 39 40 41 42 43 44 45 46 47 48 49 129 130 131 132 133 134 135 136 137 138 139 0 1 2 3 4 5 6 7 108 109 110 111 112 113 114 115 116 117 118 119 120 121 122 123 124 125 126 127 128 
860 860 860 860 860 860 860 860 537 537 537 537 537 537 531 531 531 531 531 531 531 531 531 531 531 531 531 531 531 531 473 473 473 473 473 473 622 622 622 622 622 622 622 622 622 622 622 622 622 622 232 232 232 232 232 232 232 655 655 655 655 655 655 655 655 655 655 655 537 537 537 537 537 537 655 655 655 655 655 655 655 655 655 655 655 531 531 531 531 531 531 531 531 531 531 531 531 531 531 531 531 232 232 232 232 232 232 232 493 493 493 493 493 493 493 493 493 493 493 951 951 951 951 951 951 951 951 951 951 295 295 295 295 295 295 295 295 295 295 295 473 473 473 473 473 473 622 622 622 622 622 622 622 622 622 622 622 622 622 622 295 295 295 295 295 295 295 295 295 295 295 860 860 860 860 860 860 860 860 493 493 493 493 493 493 493 493 493 493 493 951 951 951 951 951 951 951 951 951 951 
0 1 2 3 4 5 6 7 8 9 10 11 12 13 14 15 16 17 18 19 20 21 22 23 24 25 26 27 28 29 30 31 32 33 34 35 36 37 38 39 40 41 42 43 44 45 46 47 48 49 50 51 52 53 54 55 56 57 58 59 60 61 62 63 64 65 66 67 8 9 10 11 12 13 57 58 59 60 61 62 63 64 65 66 67 14 15 16 17 18 19 20 21 22 23 24 25 26 27 28 29 50 51 52 53 54 55 56 68 69 70 71 72 73 74 75 76 77 78 79 80 81 82 83 84 85 86 87 88 89 90 91 92 93 94 95 96 97 98 99 30 31 32 33 34 35 36 37 38 39 40 41 42 43 44 45 46 47 48 49 89 90 91 92 93 94 95 96 97 98 99 0 1 2 3 4 5 6 7 68 69 70 71 72 73 74 75 76 77 78 79 80 81 82 83 84 85 86 87 88 
57151
10
6 7 16 8 14 11 6 11 10 11 
3 22 16 1 18 57 17 47 56 23 
24 44 42 67 65 66 57 69 69 41 
537 232 531 860 622 295 473 493 951 655 
3 3 3 3 3 3 3 3 0 0 0 0 0 0 2 2 2 2 2 2 2 2 2 2 2 2 2 2 2 2 6 6 6 6 6 6 4 4 4 4 4 4 4 4 4 4 4 4 4 4 1 1 1 1 1 1 1 9 9 9 9 9 9 9 9 9 9 9 0 0 0 0 0 0 9 9 9 9 9 9 9 9 9 9 9 2 2 2 2 2 2 2 2 2 2 2 2 2 2 2 2 1 1 1 1 1 1 1 7 7 7 7 7 7 7 7 7 7 7 8 8 8 8 8 8 8 8 8 8 5 5 5 5 5 5 5 5 5 5 5 6 6 6 6 6 6 4 4 4 4 4 4 4 4 4 4 4 4 4 4 5 5 5 5 5 5 5 5 5 5 5 3 3 3 3 3 3 3 3 7 7 7 7 7 7 7 7 7 7 7 8 8 8 8 8 8 8 8 8 8 