557
100
2
4 4 4 4 4 4 4 4 4 4 4 4 4 4 4 4 5 5 5 5 5 5 8 8 8 8 8 8 8 8 8 8 8 8 8 11 11 11 11 11 11 11 11 11 11 11 11 11 11 13 13 14 14 14 14 14 14 14 14 14 15 15 15 15 15 15 15 15 15 15 15 19 19 19 19 21 21 21 21 21 21 21 21 21 21 21 21 21 21 21 21 24 24 24 24 24 24 25 25 25 25 25 25 26 26 26 26 26 26 26 27 27 28 28 32 32 32 32 32 32 32 32 32 32 32 32 32 32 32 32 32 33 33 33 33 33 33 33 35 35 35 35 35 35 38 38 38 38 38 38 38 38 38 38 38 38 38 39 39 39 39 39 39 39 39 41 41 41 56 56 56 56 56 56 56 56 56 59 59 59 59 62 62 63 63 63 65 65 65 68 68 68 69 69 69 69 69 69 69 69 
189 190 191 22 23 24 25 26 27 28 29 30 31 32 33 34 91 92 93 94 95 96 3 4 5 6 7 8 9 10 11 12 13 14 15 192 193 194 195 196 148 149 150 151 152 153 154 155 156 73 74 110 111 103 104 105 106 107 108 109 168 169 170 171 172 173 174 175 176 181 182 112 113 49 50 114 115 116 117 118 119 120 121 122 144 145 146 147 186 187 188 16 17 18 19 20 21 138 139 140 141 142 143 53 54 55 56 57 58 59 51 52 71 72 75 76 77 78 79 80 81 82 83 157 158 159 160 161 162 163 164 177 178 179 180 165 166 167 97 98 99 100 101 102 84 85 86 87 40 41 42 43 44 45 46 47 48 123 124 125 126 127 128 129 130 135 136 137 60 61 62 63 64 65 66 67 68 131 132 133 134 69 70 197 198 199 88 89 90 0 1 2 35 36 37 38 39 183 184 185 
239 239 239 153 153 153 153 153 153 153 153 153 153 153 153 153 833 833 833 833 833 833 153 153 153 153 153 153 153 153 153 153 153 153 153 609 609 609 609 609 998 998 998 998 998 998 998 998 998 609 609 388 388 714 714 714 714 714 714 714 731 731 731 731 731 731 731 731 731 437 437 289 289 609 609 290 290 290 290 290 290 290 290 290 830 830 830 830 968 968 968 833 833 833 833 833 833 969 969 969 969 969 969 714 714 714 714 714 714 714 388 388 289 289 290 290 290 290 290 290 290 290 290 204 204 204 204 204 204 204 204 640 640 640 640 697 697 697 969 969 969 969 969 969 830 830 830 830 998 998 998 998 998 998 998 998 998 204 204 204 204 204 204 204 204 697 697 697 731 731 731 731 731 731 731 731 731 640 640 640 640 437 437 242 242 242 968 968 968 239 239 239 609 609 609 609 609 242 242 242 
0 1 2 3 4 5 6 7 8 9 10 11 12 13 14 15 16 17 18 19 20 21 3 4 5 6 7 8 9 10 11 12 13 14 15 22 23 24 25 26 27 28 29 30 31 32 33 34 35 36 37 38 39 40 41 42 43 44 45 46 47 48 49 50 51 52 53 54 55 56 57 58 59 36 37 60 61 62 63 64 65 66 67 68 69 70 71 72 73 74 75 16 17 18 19 20 21 76 77 78 79 80 81 40 41 42 43 44 45 46 38 39 58 59 60 61 62 63 64 65 66 67 68 82 83 84 85 86 87 88 89 90 91 92 93 94 95 96 76 77 78 79 80 81 69 70 71 72 27 28 29 30 31 32 33 34 35 82 83 84 85 86 87 88 89 94 95 96 47 48 49 50 51 52 53 54 55 90 91 92 93 56 57 97 98 99 73 74 75 0 1 2 22 23 24 25 26 97 98 99 
56411
19
9 4 2 6 2 2 3 9 5 7 6 4 3 8 3 2 9 3 13 
21 21 19 5 13 14 21 15 11 14 25 33 4 32 33 15 11 63 4 
32 38 28 24 19 27 65 56 69 26 35 59 68 39 41 62 38 69 8 
290 830 289 833 609 388 968 731 609 714 969 640 239 204 697 437 998 242 153 
12 12 12 18 18 18 18 18 18 18 18 18 18 18 18 18 3 3 3 3 3 3 18 18 18 18 18 18 18 18 18 18 18 18 18 8 8 8 8 8 16 16 16 16 16 16 16 16 16 4 4 5 5 9 9 9 9 9 9 9 7 7 7 7 7 7 7 7 7 15 15 2 2 4 4 0 0 0 0 0 0 0 0 0 1 1 1 1 6 6 6 3 3 3 3 3 3 10 10 10 10 10 10 9 9 9 9 9 9 9 5 5 2 2 0 0 0 0 0 0 0 0 0 13 13 13 13 13 13 13 13 11 11 11 11 14 14 14 10 10 10 10 10 10 1 1 1 1 16 16 16 16 16 16 16 16 16 13 13 13 13 13 13 13 13 14 14 14 7 7 7 7 7 7 7 7 7 11 11 11 11 15 15 17 17 17 6 6 6 12 12 12 8 8 8 8 8 17 17 17 