205
100
2
4 4 4 4 4 6 6 6 6 7 7 7 7 10 10 10 10 11 11 11 11 12 12 12 12 12 12 14 14 14 14 17 17 17 17 17 18 18 18 18 18 18 18 20 20 20 20 20 20 20 20 20 20 20 20 20 20 20 20 20 22 22 22 22 22 22 23 24 24 26 26 26 26 27 27 27 29 29 30 32 32 32 32 32 33 33 33 34 34 34 34 34 34 34 34 34 37 37 37 40 40 40 40 40 40 40 40 40 40 40 40 40 40 43 43 43 43 43 43 43 43 43 44 44 44 44 44 44 47 47 47 47 47 47 47 47 50 50 50 50 50 50 50 50 52 52 53 53 53 53 53 53 57 57 57 57 57 57 61 61 61 61 62 62 62 62 62 62 64 64 64 64 64 64 66 66 66 66 66 66 66 66 66 68 68 68 68 68 68 68 68 68 68 68 68 68 70 70 70 70 
158 159 160 161 151 36 37 38 77 69 70 71 72 183 184 185 186 187 188 189 190 152 153 154 155 156 157 196 197 198 199 128 129 130 131 132 5 6 7 92 93 94 95 133 134 135 99 100 101 102 103 104 105 106 107 108 109 110 111 112 116 117 118 119 120 121 78 144 145 9 10 11 12 113 114 115 83 8 66 179 180 181 182 76 162 163 164 191 192 193 194 195 39 40 41 42 165 166 167 46 47 48 49 50 51 52 53 54 55 56 57 58 59 73 74 75 60 61 62 63 64 65 168 169 170 171 172 173 31 32 33 34 35 43 44 45 137 136 139 138 141 140 143 142 67 68 174 175 176 177 178 4 21 22 23 24 25 26 0 1 2 3 84 85 86 96 97 98 122 123 124 125 126 127 146 147 148 149 150 79 80 81 82 13 14 15 16 17 18 19 20 87 88 89 90 91 27 28 29 30 
799 799 799 799 623 536 536 536 965 859 859 859 859 967 967 967 967 613 613 613 613 708 708 708 708 708 708 406 406 406 406 648 648 648 648 648 536 536 536 964 964 964 964 336 336 336 213 213 213 213 213 213 213 213 213 213 213 213 213 213 533 533 533 533 533 533 496 694 694 859 859 859 859 737 737 737 334 965 496 811 811 811 811 334 435 435 435 802 802 802 802 802 964 964 964 964 263 263 263 213 213 213 213 213 213 213 213 213 213 213 213 213 213 737 737 737 533 533 533 533 533 533 377 377 377 377 377 377 648 648 648 648 648 336 336 336 273 273 273 273 273 273 273 273 694 694 979 979 979 979 979 623 708 708 708 708 708 708 799 799 799 799 435 435 435 263 263 263 377 377 377 377 377 377 979 979 979 979 979 811 811 811 811 967 967 967 967 613 613 613 613 802 802 802 802 802 406 406 406 406 
0 1 2 3 4 5 6 7 8 9 10 11 12 13 14 15 16 17 18 19 20 21 22 23 24 25 26 27 28 29 30 31 32 33 34 35 5 6 7 36 37 38 39 40 41 42 43 44 45 46 47 48 49 50 51 52 53 54 55 56 57 58 59 60 61 62 63 64 65 9 10 11 12 66 67 68 69 8 63 70 71 72 73 69 74 75 76 77 78 79 80 81 36 37 38 39 82 83 84 43 44 45 46 47 48 49 50 51 52 53 54 55 56 66 67 68 57 58 59 60 61 62 85 86 87 88 89 90 31 32 33 34 35 40 41 42 91 91 92 92 93 93 94 94 64 65 95 96 97 98 99 4 21 22 23 24 25 26 0 1 2 3 74 75 76 82 83 84 85 86 87 88 89 90 95 96 97 98 99 70 71 72 73 13 14 15 16 17 18 19 20 77 78 79 80 81 27 28 29 30 
58330
25
3 3 4 5 6 5 4 4 3 2 1 4 3 3 6 1 1 4 4 1 5 4 4 6 14 
33 27 7 17 22 53 10 32 6 24 23 4 20 37 44 29 6 14 11 4 34 50 18 12 20 
62 43 26 47 43 66 68 66 18 52 30 61 47 62 64 32 29 70 68 53 68 50 34 57 40 
435 737 859 648 533 979 967 811 536 694 496 799 336 263 377 334 965 406 613 623 802 273 964 708 213 
11 11 11 11 19 8 8 8 16 2 2 2 2 6 6 6 6 18 18 18 18 23 23 23 23 23 23 17 17 17 17 3 3 3 3 3 8 8 8 22 22 22 22 12 12 12 24 24 24 24 24 24 24 24 24 24 24 24 24 24 4 4 4 4 4 4 10 9 9 2 2 2 2 1 1 1 15 16 10 7 7 7 7 15 0 0 0 20 20 20 20 20 22 22 22 22 13 13 13 24 24 24 24 24 24 24 24 24 24 24 24 24 24 1 1 1 4 4 4 4 4 4 14 14 14 14 14 14 3 3 3 3 3 12 12 12 21 21 21 21 21 21 21 21 9 9 5 5 5 5 5 19 23 23 23 23 23 23 11 11 11 11 0 0 0 13 13 13 14 14 14 14 14 14 5 5 5 5 5 7 7 7 7 6 6 6 6 18 18 18 18 20 20 20 20 20 17 17 17 17 