274
100
2
1 1 1 4 4 4 4 4 4 11 11 11 11 13 13 13 13 13 13 15 15 15 15 15 15 16 16 16 16 16 17 17 18 18 18 18 18 18 18 18 18 21 21 21 21 21 21 21 21 21 21 22 22 22 22 22 23 23 23 23 23 23 29 29 29 29 29 29 29 29 29 29 29 29 35 35 36 36 36 37 37 37 37 38 38 38 38 38 38 38 38 38 38 38 38 38 38 38 39 39 39 39 39 39 39 39 39 39 39 39 39 39 39 39 39 39 39 41 41 41 43 43 43 43 43 43 46 46 46 46 46 46 48 48 48 48 48 53 53 53 53 53 53 53 53 53 55 55 55 55 55 56 56 56 57 57 57 61 61 61 61 61 62 62 62 62 62 62 62 63 63 63 63 66 66 66 67 67 67 67 67 67 67 67 67 67 67 67 67 67 67 67 67 67 67 67 67 67 67 67 
154 155 156 120 121 122 123 124 125 79 80 81 82 19 20 21 22 23 24 13 14 15 16 17 18 132 133 134 135 136 98 99 137 138 139 140 141 142 143 144 145 178 179 180 181 182 183 184 185 186 187 157 158 159 160 161 111 112 113 114 115 116 63 62 65 64 67 66 69 68 71 70 73 72 176 177 173 174 175 9 10 11 12 117 118 119 188 189 190 191 192 193 194 195 196 197 198 199 30 31 126 127 128 129 130 131 146 147 148 149 150 56 57 58 59 60 61 83 84 85 3 4 5 6 7 8 100 101 102 103 104 105 25 26 27 28 29 32 33 34 35 36 37 38 39 40 106 107 108 109 110 166 167 168 0 1 2 51 52 53 54 55 169 170 171 172 151 152 153 162 163 164 165 76 77 78 74 75 41 42 43 44 45 46 47 48 49 50 86 87 88 89 90 91 92 93 94 95 96 97 
513 513 513 783 783 783 783 783 783 336 336 336 336 335 335 335 335 335 335 335 335 335 335 335 335 236 236 236 236 236 292 292 960 960 960 960 960 960 960 960 960 598 598 598 598 598 598 598 598 598 598 745 745 745 745 745 541 541 541 541 541 541 819 819 819 819 819 819 819 819 819 819 819 819 754 754 390 390 390 336 336 336 336 349 349 349 832 832 832 832 832 832 832 832 832 832 832 832 292 292 360 360 360 360 360 360 187 187 187 187 187 541 541 541 541 541 541 349 349 349 783 783 783 783 783 783 360 360 360 360 360 360 236 236 236 236 236 960 960 960 960 960 960 960 960 960 187 187 187 187 187 756 756 756 513 513 513 745 745 745 745 745 971 971 971 971 756 756 756 971 971 971 971 390 390 390 754 754 598 598 598 598 598 598 598 598 598 598 832 832 832 832 832 832 832 832 832 832 832 832 
0 1 2 3 4 5 6 7 8 9 10 11 12 13 14 15 16 17 18 13 14 15 16 17 18 19 20 21 22 23 24 25 26 27 28 29 30 31 32 33 34 35 36 37 38 39 40 41 42 43 44 45 46 47 48 49 50 51 52 53 54 55 56 56 57 57 58 58 59 59 60 60 61 61 62 63 64 65 66 9 10 11 12 67 68 69 70 71 72 73 74 75 76 77 78 79 80 81 24 25 82 83 84 85 86 87 88 89 90 91 92 50 51 52 53 54 55 67 68 69 3 4 5 6 7 8 82 83 84 85 86 87 19 20 21 22 23 26 27 28 29 30 31 32 33 34 88 89 90 91 92 93 94 95 0 1 2 45 46 47 48 49 96 97 98 99 93 94 95 96 97 98 99 64 65 66 62 63 35 36 37 38 39 40 41 42 43 44 70 71 72 73 74 75 76 77 78 79 80 81 
60816
19
2 2 4 6 3 4 6 5 6 10 3 3 5 3 6 6 9 5 12 
17 35 62 39 56 11 13 39 23 21 1 38 22 36 4 29 18 16 38 
39 67 63 46 62 37 15 55 39 67 57 41 61 66 43 29 53 48 67 
292 754 971 360 756 336 335 187 541 598 513 349 745 390 783 819 960 236 832 
10 10 10 14 14 14 14 14 14 5 5 5 5 6 6 6 6 6 6 6 6 6 6 6 6 17 17 17 17 17 0 0 16 16 16 16 16 16 16 16 16 9 9 9 9 9 9 9 9 9 9 12 12 12 12 12 8 8 8 8 8 8 15 15 15 15 15 15 15 15 15 15 15 15 1 1 13 13 13 5 5 5 5 11 11 11 18 18 18 18 18 18 18 18 18 18 18 18 0 0 3 3 3 3 3 3 7 7 7 7 7 8 8 8 8 8 8 11 11 11 14 14 14 14 14 14 3 3 3 3 3 3 17 17 17 17 17 16 16 16 16 16 16 16 16 16 7 7 7 7 7 4 4 4 10 10 10 12 12 12 12 12 2 2 2 2 4 4 4 2 2 2 2 13 13 13 1 1 9 9 9 9 9 9 9 9 9 9 18 18 18 18 18 18 18 18 18 18 18 18 