493
100
2
1 1 1 1 1 2 2 2 2 2 2 2 2 2 2 2 2 2 2 2 2 2 3 3 3 3 4 4 4 4 4 4 5 5 5 5 5 5 5 5 6 8 8 8 8 8 8 11 11 11 11 12 12 12 12 12 12 12 12 12 12 12 12 15 15 15 15 15 15 15 15 15 15 15 15 15 20 20 20 20 21 21 21 21 21 22 22 22 22 24 25 25 25 25 26 26 26 26 26 26 26 26 26 26 26 26 26 26 26 26 26 26 26 26 26 28 28 28 28 28 30 30 30 30 30 30 30 30 30 30 31 31 31 31 33 33 33 33 33 33 33 33 34 34 36 40 40 40 40 40 40 40 40 43 43 43 43 43 43 48 48 54 54 54 54 54 54 54 56 56 56 56 56 56 56 56 56 56 56 56 56 56 57 57 58 58 58 58 58 58 58 58 70 70 70 70 70 70 70 70 
67 68 69 70 71 42 43 44 45 46 103 104 105 106 107 108 109 110 111 112 113 114 47 48 49 50 153 154 155 156 157 158 120 121 122 123 124 125 126 127 89 144 5 6 7 8 9 22 23 24 25 161 162 163 164 174 175 176 177 178 179 180 181 90 91 92 93 0 1 2 3 4 85 86 87 88 130 131 132 133 115 116 117 118 119 72 73 74 75 40 63 64 65 66 168 169 170 171 172 173 165 166 167 10 11 12 13 14 15 16 17 18 19 20 21 80 81 82 83 84 32 33 34 35 36 37 38 39 142 143 76 77 78 79 145 146 147 148 149 150 151 152 128 129 41 134 135 136 137 138 139 140 141 26 27 28 29 30 31 182 183 51 52 53 54 100 101 102 94 95 96 97 98 99 55 56 57 58 59 60 61 62 159 160 192 193 194 195 196 197 198 199 184 185 186 187 188 189 190 191 
791 791 791 791 791 243 243 243 243 243 866 866 866 866 866 866 866 866 866 866 866 866 905 905 905 905 201 201 201 201 201 201 287 287 287 287 287 287 287 287 225 559 243 243 243 243 243 905 905 905 905 443 443 443 443 679 679 679 679 679 679 679 679 299 299 299 299 791 791 791 791 791 333 333 333 333 835 835 835 835 726 726 726 726 726 333 333 333 333 225 299 299 299 299 587 587 587 587 587 587 618 618 618 866 866 866 866 866 866 866 866 866 866 866 866 726 726 726 726 726 287 287 287 287 287 287 287 287 273 273 835 835 835 835 505 505 505 505 505 505 505 505 273 273 559 505 505 505 505 505 505 505 505 201 201 201 201 201 201 363 363 443 443 443 443 618 618 618 587 587 587 587 587 587 679 679 679 679 679 679 679 679 363 363 633 633 633 633 633 633 633 633 633 633 633 633 633 633 633 633 
0 1 2 3 4 5 6 7 8 9 10 11 12 13 14 15 16 17 18 19 20 21 22 23 24 25 26 27 28 29 30 31 32 33 34 35 36 37 38 39 40 41 5 6 7 8 9 22 23 24 25 42 43 44 45 46 47 48 49 50 51 52 53 54 55 56 57 0 1 2 3 4 58 59 60 61 62 63 64 65 66 67 68 69 70 58 59 60 61 40 54 55 56 57 71 72 73 74 75 76 77 78 79 10 11 12 13 14 15 16 17 18 19 20 21 66 67 68 69 70 32 33 34 35 36 37 38 39 80 81 62 63 64 65 82 83 84 85 86 87 88 89 80 81 41 82 83 84 85 86 87 88 89 26 27 28 29 30 31 90 91 42 43 44 45 77 78 79 71 72 73 74 75 76 46 47 48 49 50 51 52 53 90 91 92 93 94 95 96 97 98 99 92 93 94 95 96 97 98 99 
55922
20
8 4 2 4 4 1 8 6 4 8 5 2 8 5 3 6 1 5 4 12 
58 15 48 3 20 8 5 26 12 33 2 30 12 21 26 4 6 1 15 2 
70 25 57 11 31 36 30 56 54 40 8 34 56 28 54 43 24 15 22 26 
633 299 363 905 835 559 287 587 443 505 243 273 679 726 618 201 225 791 333 866 
17 17 17 17 17 10 10 10 10 10 19 19 19 19 19 19 19 19 19 19 19 19 3 3 3 3 15 15 15 15 15 15 6 6 6 6 6 6 6 6 16 5 10 10 10 10 10 3 3 3 3 8 8 8 8 12 12 12 12 12 12 12 12 1 1 1 1 17 17 17 17 17 18 18 18 18 4 4 4 4 13 13 13 13 13 18 18 18 18 16 1 1 1 1 7 7 7 7 7 7 14 14 14 19 19 19 19 19 19 19 19 19 19 19 19 13 13 13 13 13 6 6 6 6 6 6 6 6 11 11 4 4 4 4 9 9 9 9 9 9 9 9 11 11 5 9 9 9 9 9 9 9 9 15 15 15 15 15 15 2 2 8 8 8 8 14 14 14 7 7 7 7 7 7 12 12 12 12 12 12 12 12 2 2 0 0 0 0 0 0 0 0 0 0 0 0 0 0 0 0 