823
100
2
2 5 5 5 5 5 6 6 6 10 10 10 10 10 10 10 13 14 14 14 14 14 14 14 14 15 15 15 15 15 15 16 19 19 19 19 19 19 19 19 19 19 19 19 19 19 20 20 21 21 22 22 22 22 22 22 22 22 22 22 22 22 22 22 22 22 23 23 23 23 23 23 23 23 23 23 23 23 23 23 23 26 28 28 28 28 28 28 31 31 31 31 31 31 34 34 34 35 35 35 35 35 39 39 39 39 39 39 39 39 39 40 40 40 40 40 41 41 43 43 43 43 43 43 43 43 43 43 43 45 45 45 45 45 45 45 45 45 45 45 45 48 48 51 51 51 51 51 51 51 51 51 51 51 51 51 51 51 51 52 52 52 52 52 52 52 53 53 53 55 55 55 55 55 55 57 57 58 58 61 61 61 61 61 61 61 61 63 63 63 63 65 65 65 65 66 66 67 67 69 
32 136 137 138 139 140 102 103 104 191 192 193 88 89 90 91 81 25 26 27 28 29 30 141 142 17 18 19 20 21 22 115 0 94 95 96 118 119 120 121 122 161 162 163 164 165 116 117 175 176 143 144 145 146 147 148 149 150 151 152 153 154 155 156 157 158 184 185 186 105 106 107 108 109 110 135 97 98 99 100 101 16 123 124 125 126 127 128 12 13 14 15 177 178 33 34 35 76 77 78 79 80 6 7 8 69 70 71 72 73 74 187 188 189 190 31 46 47 36 37 38 39 40 82 83 84 85 86 87 169 170 171 172 173 174 75 1 2 3 4 5 23 24 50 51 52 53 54 55 56 57 58 59 60 61 62 63 64 65 195 196 41 42 43 44 45 179 180 181 129 130 131 132 133 134 48 49 92 93 166 167 168 197 198 66 67 68 111 112 113 114 9 10 11 199 159 160 182 183 194 
798 800 800 800 800 800 986 986 986 838 838 838 164 164 164 164 530 813 813 813 813 813 813 542 542 813 813 813 813 813 813 192 798 441 441 441 618 618 618 618 618 733 733 733 733 733 411 411 897 897 780 780 780 780 780 780 780 780 780 780 780 780 780 780 780 780 924 924 924 805 805 805 805 805 805 660 318 318 318 318 318 530 740 740 740 740 740 740 164 164 164 164 526 526 441 441 441 318 318 318 318 318 986 986 986 805 805 805 805 805 805 293 293 293 293 192 411 411 618 618 618 618 618 740 740 740 740 740 740 639 639 639 639 639 639 660 800 800 800 800 800 542 542 780 780 780 780 780 780 780 780 780 780 780 780 780 780 780 780 306 306 733 733 733 733 733 643 643 643 639 639 639 639 639 639 897 897 526 526 643 643 643 868 868 924 924 924 293 293 293 293 838 838 838 757 306 306 868 868 757 
0 1 2 3 4 5 6 7 8 9 10 11 12 13 14 15 16 17 18 19 20 21 22 23 24 17 18 19 20 21 22 25 0 26 27 28 29 30 31 32 33 34 35 36 37 38 39 40 41 42 43 44 45 46 47 48 49 50 51 52 53 54 55 56 57 58 59 60 61 62 63 64 65 66 67 68 69 70 71 72 73 16 74 75 76 77 78 79 12 13 14 15 80 81 26 27 28 69 70 71 72 73 6 7 8 62 63 64 65 66 67 82 83 84 85 25 39 40 29 30 31 32 33 74 75 76 77 78 79 86 87 88 89 90 91 68 1 2 3 4 5 23 24 43 44 45 46 47 48 49 50 51 52 53 54 55 56 57 58 92 93 34 35 36 37 38 94 95 96 86 87 88 89 90 91 41 42 80 81 94 95 96 97 98 59 60 61 82 83 84 85 9 10 11 99 92 93 97 98 99 
66168
27
2 2 3 2 6 3 3 1 3 3 6 1 4 1 6 5 4 1 2 2 5 5 6 2 5 1 16 
52 20 53 61 45 6 10 2 23 19 23 23 40 65 14 5 10 13 31 14 23 19 28 21 19 16 22 
66 41 61 67 55 39 65 19 61 34 39 45 63 69 15 45 31 26 58 48 35 43 43 57 52 40 51 
306 411 643 868 639 986 838 798 924 441 805 660 293 757 813 800 164 530 526 542 318 618 740 897 733 192 780 
7 15 15 15 15 15 5 5 5 6 6 6 16 16 16 16 17 14 14 14 14 14 14 19 19 14 14 14 14 14 14 25 7 9 9 9 21 21 21 21 21 24 24 24 24 24 1 1 23 23 26 26 26 26 26 26 26 26 26 26 26 26 26 26 26 26 8 8 8 10 10 10 10 10 10 11 20 20 20 20 20 17 22 22 22 22 22 22 16 16 16 16 18 18 9 9 9 20 20 20 20 20 5 5 5 10 10 10 10 10 10 12 12 12 12 25 1 1 21 21 21 21 21 22 22 22 22 22 22 4 4 4 4 4 4 11 15 15 15 15 15 19 19 26 26 26 26 26 26 26 26 26 26 26 26 26 26 26 26 0 0 24 24 24 24 24 2 2 2 4 4 4 4 4 4 23 23 18 18 2 2 2 3 3 8 8 8 12 12 12 12 6 6 6 13 0 0 3 3 13 