687
100
2
1 1 1 1 1 1 2 4 4 4 4 4 4 5 5 6 6 6 6 6 6 6 7 7 10 10 10 10 10 12 12 12 12 12 12 12 12 12 12 12 12 12 12 12 12 12 12 12 12 12 13 13 13 13 14 14 14 14 14 14 20 20 20 20 21 21 21 21 21 21 22 22 22 22 22 24 24 24 24 24 28 28 28 28 28 28 30 30 30 30 31 31 31 38 38 38 38 40 40 40 40 40 40 40 40 40 43 43 43 43 43 43 45 45 45 45 45 48 48 48 48 53 53 53 53 53 53 53 53 55 55 55 55 55 55 55 55 55 55 56 56 56 56 56 56 58 58 58 59 59 59 59 59 60 60 60 60 62 62 62 62 63 64 66 66 66 66 66 66 66 66 66 66 67 67 67 67 67 67 67 67 67 67 67 67 67 67 67 67 69 69 69 69 69 69 69 70 70 70 70 
163 164 165 166 167 168 162 139 140 141 142 143 144 148 149 90 91 92 192 193 194 195 64 65 29 30 31 32 33 24 25 26 27 28 173 174 175 176 177 178 179 180 181 182 183 184 185 186 187 188 161 150 151 152 106 107 108 109 110 111 113 114 115 116 22 23 86 87 88 89 75 76 77 78 79 70 71 72 73 74 100 101 102 103 104 105 66 67 68 69 15 16 17 117 118 119 120 189 190 191 80 81 82 83 84 85 54 55 56 57 58 59 196 60 61 62 63 93 94 95 96 122 121 124 123 126 125 128 127 153 154 155 156 145 146 147 197 198 199 7 8 9 10 11 12 133 134 135 13 14 51 52 53 129 130 131 132 169 170 171 172 50 6 0 1 2 3 4 5 157 158 159 160 34 35 36 37 38 39 40 41 42 43 44 45 46 47 48 49 97 98 99 18 19 20 21 112 136 137 138 
674 674 674 674 674 674 883 332 332 332 332 332 332 291 291 655 655 655 883 883 883 883 183 183 466 466 466 466 466 466 466 466 466 466 456 456 456 456 456 456 456 456 456 456 456 456 456 456 456 456 281 173 173 173 521 521 521 521 521 521 158 158 158 158 183 183 622 622 622 622 332 332 332 332 332 332 332 332 332 332 912 912 912 912 912 912 622 622 622 622 655 655 655 907 907 907 907 793 793 793 912 912 912 912 912 912 521 521 521 521 521 521 561 158 158 158 158 907 907 907 907 926 926 926 926 926 926 926 926 279 279 279 279 361 361 361 375 375 375 332 332 332 332 332 332 361 361 361 291 291 173 173 173 279 279 279 279 221 221 221 221 281 883 674 674 674 674 674 674 221 221 221 221 456 456 456 456 456 456 456 456 456 456 456 456 456 456 456 456 793 793 793 883 883 883 883 561 375 375 375 
0 1 2 3 4 5 6 7 8 9 10 11 12 13 14 15 16 17 18 19 20 21 22 23 24 25 26 27 28 24 25 26 27 28 29 30 31 32 33 34 35 36 37 38 39 40 41 42 43 44 45 46 47 48 49 50 51 52 53 54 55 56 57 58 22 23 59 60 61 62 63 64 65 66 67 63 64 65 66 67 68 69 70 71 72 73 59 60 61 62 15 16 17 74 75 76 77 78 79 80 68 69 70 71 72 73 49 50 51 52 53 54 81 55 56 57 58 74 75 76 77 82 82 83 83 84 84 85 85 86 87 88 89 90 91 92 93 94 95 7 8 9 10 11 12 90 91 92 13 14 46 47 48 86 87 88 89 96 97 98 99 45 6 0 1 2 3 4 5 96 97 98 99 29 30 31 32 33 34 35 36 37 38 39 40 41 42 43 44 78 79 80 18 19 20 21 81 93 94 95 
51648
24
4 2 4 3 4 3 4 3 1 1 5 2 6 6 6 4 1 3 4 6 4 3 5 16 
38 5 55 6 53 40 6 55 45 13 10 7 28 14 1 20 2 13 21 4 62 55 22 12 
48 59 60 31 53 69 69 58 70 63 12 21 40 43 66 45 64 59 30 56 66 70 24 67 
907 291 279 655 926 793 883 361 561 281 466 183 912 521 674 158 883 173 622 332 221 375 332 456 
14 14 14 14 14 14 16 19 19 19 19 19 19 1 1 3 3 3 6 6 6 6 11 11 10 10 10 10 10 10 10 10 10 10 23 23 23 23 23 23 23 23 23 23 23 23 23 23 23 23 9 17 17 17 13 13 13 13 13 13 15 15 15 15 11 11 18 18 18 18 22 22 22 22 22 22 22 22 22 22 12 12 12 12 12 12 18 18 18 18 3 3 3 0 0 0 0 5 5 5 12 12 12 12 12 12 13 13 13 13 13 13 8 15 15 15 15 0 0 0 0 4 4 4 4 4 4 4 4 2 2 2 2 7 7 7 21 21 21 19 19 19 19 19 19 7 7 7 1 1 17 17 17 2 2 2 2 20 20 20 20 9 16 14 14 14 14 14 14 20 20 20 20 23 23 23 23 23 23 23 23 23 23 23 23 23 23 23 23 5 5 5 6 6 6 6 8 21 21 21 