523
100
2
1 1 1 1 2 2 6 6 6 6 6 6 6 6 6 7 7 7 7 7 7 7 7 7 7 7 7 7 7 7 7 7 7 10 10 10 10 10 10 10 10 10 10 10 18 18 18 18 18 18 18 18 18 21 21 21 21 21 21 21 25 25 25 25 25 25 25 25 25 25 25 25 25 25 25 25 26 26 26 26 28 28 28 28 28 28 28 28 28 28 30 30 30 30 30 30 30 30 30 30 30 37 37 37 37 37 37 37 37 37 37 39 39 39 39 39 39 39 39 39 39 42 42 42 42 42 42 42 42 42 46 46 46 46 46 46 46 46 46 53 53 53 53 53 54 54 54 54 54 54 54 54 54 54 57 57 57 57 57 57 57 57 57 57 60 60 65 65 65 65 65 65 65 65 65 65 65 65 65 65 65 65 65 65 65 65 65 68 68 68 68 68 68 68 68 68 68 70 70 70 
76 77 78 79 164 165 44 45 46 47 48 49 50 51 52 16 15 18 17 20 19 22 21 24 23 26 25 28 27 30 29 32 31 60 61 62 63 64 65 66 67 68 69 70 6 7 8 9 10 11 12 13 14 190 191 192 193 194 195 196 33 34 35 36 37 38 39 40 41 42 43 139 140 141 142 143 0 1 2 3 144 145 146 147 148 149 150 151 152 153 166 167 168 169 170 171 172 173 174 175 176 154 155 156 157 158 159 160 161 162 163 177 178 179 180 181 182 183 184 185 186 130 131 132 133 134 135 136 137 138 121 122 123 124 125 126 127 128 129 71 72 73 74 75 80 81 82 83 84 85 86 87 88 89 101 102 103 104 105 106 107 108 109 110 4 5 90 91 92 93 94 95 96 97 98 99 100 111 112 113 114 115 116 117 118 119 120 197 198 199 53 54 55 56 57 58 59 187 188 189 
375 375 375 375 552 552 319 319 319 319 319 319 319 319 319 840 840 840 840 840 840 840 840 840 840 840 840 840 840 840 840 840 840 176 176 176 176 176 176 176 176 176 176 176 319 319 319 319 319 319 319 319 319 160 160 160 160 160 160 160 176 176 176 176 176 176 176 176 176 176 176 191 191 191 191 191 375 375 375 375 652 652 652 652 652 652 652 652 652 652 527 527 527 527 527 527 527 527 527 527 527 968 968 968 968 968 968 968 968 968 968 787 787 787 787 787 787 787 787 787 787 447 447 447 447 447 447 447 447 447 447 447 447 447 447 447 447 447 447 191 191 191 191 191 652 652 652 652 652 652 652 652 652 652 968 968 968 968 968 968 968 968 968 968 552 552 527 527 527 527 527 527 527 527 527 527 527 787 787 787 787 787 787 787 787 787 787 879 879 879 160 160 160 160 160 160 160 879 879 879 
0 1 2 3 4 5 6 7 8 9 10 11 12 13 14 15 15 16 16 17 17 18 18 19 19 20 20 21 21 22 22 23 23 24 25 26 27 28 29 30 31 32 33 34 6 7 8 9 10 11 12 13 14 35 36 37 38 39 40 41 24 25 26 27 28 29 30 31 32 33 34 42 43 44 45 46 0 1 2 3 47 48 49 50 51 52 53 54 55 56 57 58 59 60 61 62 63 64 65 66 67 68 69 70 71 72 73 74 75 76 77 78 79 80 81 82 83 84 85 86 87 88 89 90 91 92 93 94 95 96 88 89 90 91 92 93 94 95 96 42 43 44 45 46 47 48 49 50 51 52 53 54 55 56 68 69 70 71 72 73 74 75 76 77 4 5 57 58 59 60 61 62 63 64 65 66 67 78 79 80 81 82 83 84 85 86 87 97 98 99 35 36 37 38 39 40 41 97 98 99 
53573
13
9 9 3 11 2 11 4 10 10 10 7 5 9 
7 42 68 10 2 30 1 39 28 37 21 25 6 
7 46 70 25 60 65 26 65 54 57 68 53 18 
840 447 879 176 552 527 375 787 652 968 160 191 319 
6 6 6 6 4 4 12 12 12 12 12 12 12 12 12 0 0 0 0 0 0 0 0 0 0 0 0 0 0 0 0 0 0 3 3 3 3 3 3 3 3 3 3 3 12 12 12 12 12 12 12 12 12 10 10 10 10 10 10 10 3 3 3 3 3 3 3 3 3 3 3 11 11 11 11 11 6 6 6 6 8 8 8 8 8 8 8 8 8 8 5 5 5 5 5 5 5 5 5 5 5 9 9 9 9 9 9 9 9 9 9 7 7 7 7 7 7 7 7 7 7 1 1 1 1 1 1 1 1 1 1 1 1 1 1 1 1 1 1 11 11 11 11 11 8 8 8 8 8 8 8 8 8 8 9 9 9 9 9 9 9 9 9 9 4 4 5 5 5 5 5 5 5 5 5 5 5 7 7 7 7 7 7 7 7 7 7 2 2 2 10 10 10 10 10 10 10 2 2 2 