723
100
2
1 1 1 1 1 1 1 1 1 6 6 6 6 6 6 6 6 7 7 7 7 7 7 7 7 11 11 12 12 12 12 12 12 12 12 13 13 13 13 13 13 13 13 13 13 13 15 15 15 15 16 16 16 16 16 16 16 16 16 16 16 16 16 16 16 16 17 17 17 17 17 17 17 17 17 17 18 18 21 21 21 21 28 28 30 30 30 30 30 30 30 30 30 30 31 31 31 31 31 31 31 31 31 31 31 31 31 31 31 33 33 33 33 39 39 39 39 39 39 39 39 39 39 39 42 42 42 42 42 42 42 42 42 42 42 44 44 44 44 44 44 44 44 44 44 45 45 45 45 45 45 45 45 45 45 45 45 45 45 45 45 45 45 45 45 45 51 51 51 51 51 51 51 51 51 51 57 57 57 57 57 57 57 57 57 57 57 57 58 58 70 70 70 70 70 70 70 70 70 70 
57 58 59 60 61 62 63 64 65 17 18 19 20 21 22 23 24 9 10 11 12 13 14 15 16 76 77 28 27 30 29 32 31 34 33 155 156 157 158 159 160 161 162 163 164 165 109 110 111 112 181 182 183 184 185 186 187 0 1 2 3 4 5 6 7 8 176 177 178 179 180 94 95 96 97 98 25 26 188 189 82 83 80 81 135 136 137 138 139 140 141 142 143 144 71 72 73 74 75 190 191 192 193 194 195 196 197 198 199 46 47 48 49 124 125 126 127 128 129 130 131 132 133 134 113 114 115 116 117 118 119 120 121 122 123 84 85 86 87 88 89 90 91 92 93 166 167 168 169 170 171 172 173 174 175 35 36 37 38 39 40 41 42 43 44 45 145 146 147 148 149 150 151 152 153 154 66 67 68 69 70 50 51 52 53 54 55 56 78 79 99 100 101 102 103 104 105 106 107 108 
211 211 211 211 211 211 211 211 211 772 772 772 772 772 772 772 772 772 772 772 772 772 772 772 772 583 583 888 888 888 888 888 888 888 888 983 983 983 983 983 983 983 983 983 983 983 913 913 913 913 607 607 607 607 607 607 607 211 211 211 211 211 211 211 211 211 719 719 719 719 719 186 186 186 186 186 583 583 230 230 677 677 677 677 804 804 804 804 804 804 804 804 804 804 186 186 186 186 186 336 336 336 336 336 336 336 336 336 336 913 913 913 913 574 574 574 574 574 574 574 574 574 574 574 574 574 574 574 574 574 574 574 574 574 574 804 804 804 804 804 804 804 804 804 804 232 232 232 232 232 232 232 232 232 232 983 983 983 983 983 983 983 983 983 983 983 232 232 232 232 232 232 232 232 232 232 719 719 719 719 719 607 607 607 607 607 607 607 230 230 336 336 336 336 336 336 336 336 336 336 
0 1 2 3 4 5 6 7 8 9 10 11 12 13 14 15 16 9 10 11 12 13 14 15 16 17 18 19 19 20 20 21 21 22 22 23 24 25 26 27 28 29 30 31 32 33 34 35 36 37 38 39 40 41 42 43 44 0 1 2 3 4 5 6 7 8 45 46 47 48 49 50 51 52 53 54 17 18 55 56 57 58 57 58 59 60 61 62 63 64 65 66 67 68 50 51 52 53 54 69 70 71 72 73 74 75 76 77 78 34 35 36 37 79 80 81 82 83 84 85 86 87 88 89 79 80 81 82 83 84 85 86 87 88 89 59 60 61 62 63 64 65 66 67 68 90 91 92 93 94 95 96 97 98 99 23 24 25 26 27 28 29 30 31 32 33 90 91 92 93 94 95 96 97 98 99 45 46 47 48 49 38 39 40 41 42 43 44 55 56 69 70 71 72 73 74 75 76 77 78 
57880
15
5 10 2 10 2 11 5 8 4 11 10 7 2 4 9 
17 45 11 30 21 39 17 6 12 13 31 16 21 15 1 
57 51 18 44 58 42 31 7 12 45 70 57 28 33 16 
719 232 583 804 230 574 186 772 888 983 336 607 677 913 211 
14 14 14 14 14 14 14 14 14 7 7 7 7 7 7 7 7 7 7 7 7 7 7 7 7 2 2 8 8 8 8 8 8 8 8 9 9 9 9 9 9 9 9 9 9 9 13 13 13 13 11 11 11 11 11 11 11 14 14 14 14 14 14 14 14 14 0 0 0 0 0 6 6 6 6 6 2 2 4 4 12 12 12 12 3 3 3 3 3 3 3 3 3 3 6 6 6 6 6 10 10 10 10 10 10 10 10 10 10 13 13 13 13 5 5 5 5 5 5 5 5 5 5 5 5 5 5 5 5 5 5 5 5 5 5 3 3 3 3 3 3 3 3 3 3 1 1 1 1 1 1 1 1 1 1 9 9 9 9 9 9 9 9 9 9 9 1 1 1 1 1 1 1 1 1 1 0 0 0 0 0 11 11 11 11 11 11 11 4 4 10 10 10 10 10 10 10 10 10 10 