961
100
2
1 1 1 1 2 2 2 6 6 6 6 6 6 6 6 7 7 7 7 7 7 7 7 7 10 10 10 10 10 10 10 10 10 10 10 10 10 10 10 18 18 18 18 18 18 18 24 24 24 24 24 24 26 26 26 26 26 26 26 26 26 28 28 28 28 28 28 38 38 38 38 39 39 39 39 39 39 40 40 40 40 40 40 41 41 41 43 43 43 43 43 43 45 45 45 45 48 48 48 48 48 48 49 49 49 49 49 49 51 51 51 51 52 52 52 54 54 54 54 54 54 54 54 54 54 54 54 62 62 62 62 62 62 66 66 66 66 66 66 66 66 66 66 66 66 66 66 66 66 66 66 66 66 66 66 66 66 66 66 66 66 66 66 66 66 66 66 67 67 67 67 67 67 67 67 67 67 67 67 67 67 67 69 69 69 69 69 69 69 69 69 69 69 69 70 70 70 70 70 70 
92 93 94 95 112 113 114 24 25 26 27 28 29 30 31 173 174 175 176 177 178 179 180 181 7 8 9 10 11 12 13 14 39 40 41 42 43 44 45 32 33 34 35 36 37 38 61 62 63 64 65 66 118 119 120 121 122 123 124 125 126 46 47 48 49 50 51 108 109 110 111 86 87 88 89 90 91 194 195 196 197 198 199 115 116 117 71 72 73 74 75 76 0 1 2 3 102 103 104 105 106 107 96 97 98 99 100 101 67 68 69 70 4 5 6 83 84 85 52 53 54 55 56 57 58 59 60 188 189 190 191 192 193 134 133 136 135 138 137 140 139 142 141 144 143 146 145 148 147 150 149 152 151 154 153 156 155 158 157 160 159 162 161 164 163 166 165 182 183 184 185 186 187 15 16 17 18 19 20 21 22 23 167 168 169 170 171 172 127 128 129 130 131 132 77 78 79 80 81 82 
920 920 920 920 534 534 534 920 920 920 920 920 920 920 920 981 981 981 981 981 981 981 981 981 920 920 920 920 920 920 920 920 727 727 727 727 727 727 727 727 727 727 727 727 727 727 863 863 863 863 863 863 314 314 314 314 314 314 314 314 314 863 863 863 863 863 863 524 524 524 524 367 367 367 367 367 367 492 492 492 492 492 492 488 488 488 367 367 367 367 367 367 920 920 920 920 234 234 234 234 234 234 234 234 234 234 234 234 524 524 524 524 534 534 534 488 488 488 314 314 314 314 314 314 314 314 314 564 564 564 564 564 564 552 552 552 552 552 552 552 552 552 552 552 552 552 552 552 552 552 552 552 552 552 552 552 552 552 552 552 552 552 552 552 552 552 552 212 212 212 212 212 212 981 981 981 981 981 981 981 981 981 212 212 212 212 212 212 564 564 564 564 564 564 492 492 492 492 492 492 
0 1 2 3 4 5 6 7 8 9 10 11 12 13 14 15 16 17 18 19 20 21 22 23 7 8 9 10 11 12 13 14 24 25 26 27 28 29 30 24 25 26 27 28 29 30 31 32 33 34 35 36 37 38 39 40 41 42 43 44 45 31 32 33 34 35 36 46 47 48 49 50 51 52 53 54 55 56 57 58 59 60 61 62 63 64 50 51 52 53 54 55 0 1 2 3 65 66 67 68 69 70 65 66 67 68 69 70 46 47 48 49 4 5 6 62 63 64 37 38 39 40 41 42 43 44 45 71 72 73 74 75 76 77 77 78 78 79 79 80 80 81 81 82 82 83 83 84 84 85 85 86 86 87 87 88 88 89 89 90 90 91 91 92 92 93 93 94 95 96 97 98 99 15 16 17 18 19 20 21 22 23 94 95 96 97 98 99 71 72 73 74 75 76 56 57 58 59 60 61 
58722
15
6 6 9 8 6 6 3 6 7 9 3 4 4 6 17 
48 67 7 6 39 40 41 62 10 26 2 1 38 24 66 
49 69 67 10 43 70 54 69 18 54 52 45 51 28 66 
234 212 981 920 367 492 488 564 727 314 534 920 524 863 552 
11 11 11 11 10 10 10 3 3 3 3 3 3 3 3 2 2 2 2 2 2 2 2 2 3 3 3 3 3 3 3 3 8 8 8 8 8 8 8 8 8 8 8 8 8 8 13 13 13 13 13 13 9 9 9 9 9 9 9 9 9 13 13 13 13 13 13 12 12 12 12 4 4 4 4 4 4 5 5 5 5 5 5 6 6 6 4 4 4 4 4 4 11 11 11 11 0 0 0 0 0 0 0 0 0 0 0 0 12 12 12 12 10 10 10 6 6 6 9 9 9 9 9 9 9 9 9 7 7 7 7 7 7 14 14 14 14 14 14 14 14 14 14 14 14 14 14 14 14 14 14 14 14 14 14 14 14 14 14 14 14 14 14 14 14 14 14 1 1 1 1 1 1 2 2 2 2 2 2 2 2 2 1 1 1 1 1 1 7 7 7 7 7 7 5 5 5 5 5 5 