437
100
2
1 1 1 2 2 2 2 2 2 2 2 2 2 4 4 5 5 5 6 6 6 7 7 7 7 7 11 11 11 11 13 13 13 13 13 14 14 17 17 18 18 18 18 18 18 18 18 20 20 20 20 23 23 23 26 26 26 26 26 26 26 26 26 26 26 26 26 27 27 27 27 27 27 27 27 27 27 27 27 27 27 30 30 30 30 30 30 31 31 31 31 31 34 34 35 35 35 38 38 39 39 39 39 39 41 41 41 41 41 43 43 45 48 48 48 48 50 50 50 50 50 50 50 50 50 50 50 50 50 50 50 50 50 50 51 51 51 51 51 51 54 54 54 55 55 55 55 56 56 56 56 56 56 56 56 56 56 56 56 56 57 57 57 57 57 57 57 57 60 60 60 60 60 60 60 60 60 61 61 61 61 63 63 63 63 65 65 65 65 65 69 69 69 70 70 70 70 70 70 70 
137 138 139 185 186 187 188 189 99 100 101 102 103 97 98 94 95 96 190 191 192 112 113 114 115 93 143 144 145 146 116 117 118 119 120 198 199 109 110 87 88 89 90 91 78 79 80 173 174 175 176 67 68 69 147 148 149 150 151 152 153 154 155 156 157 158 159 51 52 53 121 122 123 124 125 84 85 86 44 45 46 134 135 136 75 76 77 39 40 41 42 43 111 25 15 16 17 13 14 8 9 10 11 12 129 130 131 132 133 37 38 92 21 22 23 24 30 31 32 33 34 70 71 72 73 74 140 141 142 104 105 106 107 108 81 82 83 0 1 2 126 127 128 26 27 28 29 54 55 56 57 58 59 60 61 62 63 64 65 66 161 160 163 162 165 164 167 166 193 194 195 196 197 47 48 49 50 181 182 183 184 177 178 179 180 3 4 5 6 7 18 19 20 168 169 170 171 172 35 36 
870 870 870 956 956 956 956 956 352 352 352 352 352 366 366 473 473 473 547 547 547 687 687 687 687 364 196 196 196 196 977 977 977 977 977 864 864 509 509 658 658 658 658 658 681 681 681 321 321 321 321 574 574 574 903 903 903 903 903 903 903 903 903 903 903 903 903 574 574 574 948 948 948 948 948 803 803 803 681 681 681 218 218 218 803 803 803 658 658 658 658 658 457 364 473 473 473 366 366 352 352 352 352 352 408 408 408 408 408 509 509 457 687 687 687 687 977 977 977 977 977 948 948 948 948 948 955 955 955 408 408 408 408 408 218 218 218 870 870 870 955 955 955 196 196 196 196 903 903 903 903 903 903 903 903 903 903 903 903 903 272 272 272 272 272 272 272 272 391 391 391 391 391 321 321 321 321 325 325 325 325 325 325 325 325 956 956 956 956 956 547 547 547 391 391 391 391 391 864 864 
0 1 2 3 4 5 6 7 8 9 10 11 12 13 14 15 16 17 18 19 20 21 22 23 24 25 26 27 28 29 30 31 32 33 34 35 36 37 38 39 40 41 42 43 44 45 46 47 48 49 50 51 52 53 54 55 56 57 58 59 60 61 62 63 64 65 66 51 52 53 67 68 69 70 71 72 73 74 44 45 46 75 76 77 72 73 74 39 40 41 42 43 78 25 15 16 17 13 14 8 9 10 11 12 79 80 81 82 83 37 38 78 21 22 23 24 30 31 32 33 34 67 68 69 70 71 84 85 86 79 80 81 82 83 75 76 77 0 1 2 84 85 86 26 27 28 29 54 55 56 57 58 59 60 61 62 63 64 65 66 87 87 88 88 89 89 90 90 91 92 93 94 95 47 48 49 50 96 97 98 99 96 97 98 99 3 4 5 6 7 18 19 20 91 92 93 94 95 35 36 
62055
26
3 5 5 4 4 4 5 3 5 1 3 2 4 3 4 5 3 3 1 5 3 5 2 2 3 13 
23 60 2 20 11 7 13 6 27 34 50 17 57 5 61 41 30 1 7 18 27 2 4 14 18 26 
27 70 65 60 55 48 50 69 50 45 54 43 57 35 63 50 51 51 34 31 30 39 38 70 27 56 
574 391 956 321 196 687 977 547 948 457 955 509 272 473 325 408 218 870 364 658 803 352 366 864 681 903 
17 17 17 2 2 2 2 2 21 21 21 21 21 22 22 13 13 13 7 7 7 5 5 5 5 18 4 4 4 4 6 6 6 6 6 23 23 11 11 19 19 19 19 19 24 24 24 3 3 3 3 0 0 0 25 25 25 25 25 25 25 25 25 25 25 25 25 0 0 0 8 8 8 8 8 20 20 20 24 24 24 16 16 16 20 20 20 19 19 19 19 19 9 18 13 13 13 22 22 21 21 21 21 21 15 15 15 15 15 11 11 9 5 5 5 5 6 6 6 6 6 8 8 8 8 8 10 10 10 15 15 15 15 15 16 16 16 17 17 17 10 10 10 4 4 4 4 25 25 25 25 25 25 25 25 25 25 25 25 25 12 12 12 12 12 12 12 12 1 1 1 1 1 3 3 3 3 14 14 14 14 14 14 14 14 2 2 2 2 2 7 7 7 1 1 1 1 1 23 23 