380
100
2
1 1 1 1 1 1 1 1 1 1 4 4 4 4 4 4 4 4 8 8 8 8 8 8 8 8 8 8 8 8 8 8 8 8 8 8 8 8 8 8 8 8 8 8 10 11 11 11 13 13 15 15 15 15 16 16 16 16 16 16 16 17 17 17 18 18 22 22 24 24 25 25 25 25 25 25 28 28 28 28 28 28 29 29 29 30 30 32 32 32 32 33 33 33 33 33 34 36 36 36 36 36 36 36 36 37 37 39 39 39 39 40 40 40 40 42 42 42 42 42 45 45 45 45 45 45 45 45 45 45 45 45 45 45 45 45 45 45 45 45 46 47 47 47 47 47 47 47 47 47 48 48 48 48 49 49 49 53 53 53 53 53 54 54 54 54 54 54 54 55 55 55 55 56 56 60 60 60 60 60 62 62 62 62 62 63 64 64 64 64 64 66 66 66 66 69 70 70 70 70 
162 163 164 165 166 56 57 58 59 60 154 155 156 24 25 26 27 28 102 103 104 61 62 63 13 14 15 16 17 125 126 127 128 129 130 131 132 133 134 135 136 137 138 139 140 82 83 84 66 67 169 170 171 172 64 65 5 6 7 8 9 21 22 23 54 55 48 49 195 96 97 115 116 117 118 119 175 176 177 178 179 147 45 46 47 152 153 141 142 143 144 196 197 198 199 185 69 70 107 108 109 110 18 19 20 173 174 98 99 100 101 191 192 193 194 71 72 73 74 75 180 181 182 183 184 29 30 31 32 33 34 35 36 37 38 39 40 41 42 43 44 87 88 89 90 150 151 81 167 168 145 146 85 86 10 11 12 186 187 188 189 190 0 1 2 3 4 148 149 50 51 52 53 105 106 76 77 78 79 80 120 121 122 123 124 95 157 158 159 160 161 111 112 113 114 68 91 92 93 94 
895 895 895 895 895 821 821 821 821 821 696 696 696 354 354 354 354 354 995 995 995 454 454 454 354 354 354 354 354 608 608 608 608 608 608 608 608 608 608 608 608 608 608 608 907 472 472 472 381 381 419 419 419 419 165 165 821 821 821 821 821 454 454 454 165 165 381 381 971 238 610 275 275 275 275 275 201 201 201 201 201 198 472 472 472 632 632 702 702 702 702 269 269 269 269 439 238 610 842 842 842 842 995 995 995 652 652 842 842 842 842 780 780 780 780 275 275 275 275 275 243 243 243 243 243 608 608 608 608 608 608 608 608 608 608 608 608 608 608 608 907 702 702 702 702 775 775 198 510 510 775 775 632 632 696 696 696 413 413 413 413 413 895 895 895 895 895 510 510 419 419 419 419 652 652 201 201 201 201 201 243 243 243 243 243 439 413 413 413 413 413 780 780 780 780 971 269 269 269 269 
0 1 2 3 4 5 6 7 8 9 10 11 12 13 14 15 16 17 18 19 20 21 22 23 13 14 15 16 17 24 25 26 27 28 29 30 31 32 33 34 35 36 37 38 39 40 41 42 43 44 45 46 47 48 49 50 5 6 7 8 9 21 22 23 49 50 43 44 51 52 53 54 55 56 57 58 59 60 61 62 63 64 40 41 42 65 66 67 68 69 70 71 72 73 74 75 52 53 76 77 78 79 18 19 20 80 81 76 77 78 79 82 83 84 85 54 55 56 57 58 86 87 88 89 90 24 25 26 27 28 29 30 31 32 33 34 35 36 37 38 39 67 68 69 70 91 92 64 93 94 91 92 65 66 10 11 12 95 96 97 98 99 0 1 2 3 4 93 94 45 46 47 48 80 81 59 60 61 62 63 86 87 88 89 90 75 95 96 97 98 99 82 83 84 85 51 71 72 73 74 
54622
29
5 4 1 5 5 2 1 4 4 3 2 4 5 5 3 2 3 2 2 1 3 4 1 5 2 5 1 1 15 
53 33 25 28 45 37 24 32 36 8 47 40 25 1 4 30 11 16 13 28 8 15 24 1 47 4 33 10 8 
64 70 36 60 62 56 69 47 39 36 48 66 42 54 49 48 29 18 22 47 17 55 34 16 54 8 63 46 45 
413 269 610 201 243 652 971 702 842 995 775 780 275 895 696 632 472 165 381 198 454 419 238 821 510 354 439 907 608 
13 13 13 13 13 23 23 23 23 23 14 14 14 25 25 25 25 25 9 9 9 20 20 20 25 25 25 25 25 28 28 28 28 28 28 28 28 28 28 28 28 28 28 28 27 16 16 16 18 18 21 21 21 21 17 17 23 23 23 23 23 20 20 20 17 17 18 18 6 22 2 12 12 12 12 12 3 3 3 3 3 19 16 16 16 15 15 7 7 7 7 1 1 1 1 26 22 2 8 8 8 8 9 9 9 5 5 8 8 8 8 11 11 11 11 12 12 12 12 12 4 4 4 4 4 28 28 28 28 28 28 28 28 28 28 28 28 28 28 28 27 7 7 7 7 10 10 19 24 24 10 10 15 15 14 14 14 0 0 0 0 0 13 13 13 13 13 24 24 21 21 21 21 5 5 3 3 3 3 3 4 4 4 4 4 26 0 0 0 0 0 11 11 11 11 6 1 1 1 1 