703
100
2
1 1 1 1 1 1 1 1 1 1 1 10 10 10 10 10 10 10 10 10 10 10 11 11 24 24 24 24 24 24 24 24 24 24 24 24 24 24 26 26 27 27 27 27 27 28 28 30 30 30 30 30 30 30 30 30 30 31 31 31 31 31 31 31 31 35 35 35 35 35 35 35 35 37 37 37 37 38 38 38 38 38 38 38 38 38 38 38 38 40 40 40 40 40 40 40 40 40 40 40 40 40 40 40 40 40 40 40 40 40 40 40 40 40 40 40 40 40 40 41 41 41 41 41 41 41 41 41 41 41 41 41 41 41 41 41 41 43 43 43 43 43 43 43 43 49 49 50 50 50 50 50 50 50 50 50 50 51 51 51 51 51 51 51 51 52 52 52 52 61 61 61 61 61 61 61 61 64 64 64 64 64 64 64 64 64 64 67 67 67 67 67 67 67 67 67 67 67 67 67 
11 12 13 14 15 16 17 18 19 20 21 0 1 2 3 4 5 6 7 8 9 10 73 74 165 166 167 168 47 48 49 50 51 52 53 54 55 56 145 146 187 188 189 190 191 75 76 28 29 30 31 32 33 34 35 36 37 65 66 67 68 69 70 71 72 57 58 59 60 61 62 63 64 22 23 45 46 89 90 91 92 93 94 95 96 97 98 99 100 77 78 79 80 81 82 83 84 85 86 87 88 119 120 121 122 123 124 125 126 127 128 129 130 131 132 133 134 135 136 101 102 103 104 105 106 107 108 109 110 111 112 113 114 115 116 117 118 192 193 194 195 196 197 198 199 38 39 177 178 179 180 181 182 183 184 185 186 169 170 171 172 173 174 175 176 24 25 26 27 157 158 159 160 161 162 163 164 147 148 149 150 151 152 153 154 155 156 40 41 42 43 44 137 138 139 140 141 142 143 144 
578 578 578 578 578 578 578 578 578 578 578 578 578 578 578 578 578 578 578 578 578 578 316 316 529 529 529 529 636 636 636 636 636 636 636 636 636 636 649 649 403 403 403 403 403 418 418 636 636 636 636 636 636 636 636 636 636 419 419 419 419 419 419 419 419 419 419 419 419 419 419 419 419 316 316 418 418 419 419 419 419 419 419 419 419 419 419 419 419 419 419 419 419 419 419 419 419 419 419 419 419 1000 1000 1000 1000 1000 1000 1000 1000 1000 1000 1000 1000 1000 1000 1000 1000 1000 1000 1000 1000 1000 1000 1000 1000 1000 1000 1000 1000 1000 1000 1000 1000 1000 1000 1000 1000 450 450 450 450 450 450 450 450 649 649 971 971 971 971 971 971 971 971 971 971 699 699 699 699 699 699 699 699 529 529 529 529 699 699 699 699 699 699 699 699 971 971 971 971 971 971 971 971 971 971 403 403 403 403 403 450 450 450 450 450 450 450 450 
0 1 2 3 4 5 6 7 8 9 10 0 1 2 3 4 5 6 7 8 9 10 11 12 13 14 15 16 17 18 19 20 21 22 23 24 25 26 27 28 29 30 31 32 33 34 35 17 18 19 20 21 22 23 24 25 26 36 37 38 39 40 41 42 43 36 37 38 39 40 41 42 43 11 12 34 35 44 45 46 47 48 49 50 51 52 53 54 55 44 45 46 47 48 49 50 51 52 53 54 55 56 57 58 59 60 61 62 63 64 65 66 67 68 69 70 71 72 73 56 57 58 59 60 61 62 63 64 65 66 67 68 69 70 71 72 73 74 75 76 77 78 79 80 81 27 28 82 83 84 85 86 87 88 89 90 91 92 93 94 95 96 97 98 99 13 14 15 16 92 93 94 95 96 97 98 99 82 83 84 85 86 87 88 89 90 91 29 30 31 32 33 74 75 76 77 78 79 80 81 
64897
13
10 11 5 8 8 2 4 8 2 2 10 12 18 
50 1 27 31 43 26 24 51 11 28 24 38 40 
64 10 67 35 67 49 52 61 37 37 30 40 41 
971 578 403 419 450 649 529 699 316 418 636 419 1000 
1 1 1 1 1 1 1 1 1 1 1 1 1 1 1 1 1 1 1 1 1 1 8 8 6 6 6 6 10 10 10 10 10 10 10 10 10 10 5 5 2 2 2 2 2 9 9 10 10 10 10 10 10 10 10 10 10 3 3 3 3 3 3 3 3 3 3 3 3 3 3 3 3 8 8 9 9 11 11 11 11 11 11 11 11 11 11 11 11 11 11 11 11 11 11 11 11 11 11 11 11 12 12 12 12 12 12 12 12 12 12 12 12 12 12 12 12 12 12 12 12 12 12 12 12 12 12 12 12 12 12 12 12 12 12 12 12 4 4 4 4 4 4 4 4 5 5 0 0 0 0 0 0 0 0 0 0 7 7 7 7 7 7 7 7 6 6 6 6 7 7 7 7 7 7 7 7 0 0 0 0 0 0 0 0 0 0 2 2 2 2 2 4 4 4 4 4 4 4 4 