733
100
2
4 4 4 4 5 5 5 5 5 6 8 9 11 11 15 15 15 15 15 15 15 15 16 16 16 21 21 23 23 23 23 23 23 23 23 23 23 23 23 23 23 23 23 23 23 23 23 23 23 23 23 23 23 23 23 23 23 27 27 27 28 28 29 29 29 30 30 30 30 30 30 30 30 32 32 32 32 32 32 33 34 34 34 34 35 35 35 35 35 35 36 36 36 36 36 36 36 36 36 36 36 36 36 36 36 36 36 36 38 38 38 38 38 39 39 39 39 39 39 39 39 39 41 41 41 41 41 41 43 43 43 44 44 44 44 47 47 47 47 47 49 49 50 50 50 50 50 50 51 51 51 51 53 53 54 54 54 54 54 54 54 54 56 56 56 58 58 58 58 58 61 61 61 61 62 62 62 62 62 62 63 63 63 64 64 64 64 64 68 68 68 68 68 68 68 69 70 70 70 70 
154 155 156 157 108 109 110 111 112 11 179 9 131 132 73 74 75 76 77 78 88 89 65 66 67 60 61 196 197 198 199 80 81 82 83 158 159 160 161 90 91 92 93 94 95 96 97 98 99 100 101 102 103 104 105 106 107 84 85 86 25 26 162 163 164 22 23 24 115 116 117 118 119 14 15 16 17 18 19 180 31 32 33 34 57 58 59 195 20 21 39 40 41 42 43 44 45 46 47 48 49 50 51 52 53 54 55 56 4 5 6 7 8 140 141 68 69 70 71 72 152 153 142 143 144 145 146 147 165 166 167 12 13 188 189 190 191 192 193 194 113 114 122 123 124 125 126 127 170 171 172 173 120 121 0 1 2 3 35 36 37 38 62 63 64 128 129 130 181 182 148 149 150 151 183 184 185 186 187 10 79 168 169 174 175 176 177 178 133 134 135 136 137 138 139 87 27 28 29 30 
875 875 875 875 610 610 610 610 610 827 745 827 470 470 592 592 592 592 592 592 554 554 320 320 320 306 306 967 967 967 967 263 263 263 263 987 987 987 987 511 511 511 511 511 511 511 511 511 511 511 511 511 511 511 511 511 511 260 260 260 306 306 175 175 175 320 320 320 516 516 516 516 516 592 592 592 592 592 592 420 263 263 263 263 260 260 260 948 554 554 511 511 511 511 511 511 511 511 511 511 511 511 511 511 511 511 511 511 610 610 610 610 610 820 820 516 516 516 516 516 332 332 848 848 848 848 848 848 998 998 998 470 470 461 461 808 808 808 808 808 820 820 848 848 848 848 848 848 458 458 458 458 332 332 875 875 875 875 987 987 987 987 175 175 175 998 998 998 800 800 458 458 458 458 526 526 526 526 526 745 420 800 800 526 526 526 526 526 461 461 808 808 808 808 808 948 967 967 967 967 
0 1 2 3 4 5 6 7 8 9 10 9 11 12 13 14 15 16 17 18 19 20 21 22 23 24 25 26 27 28 29 30 31 32 33 34 35 36 37 38 39 40 41 42 43 44 45 46 47 48 49 50 51 52 53 54 55 56 57 58 24 25 59 60 61 21 22 23 62 63 64 65 66 13 14 15 16 17 18 67 30 31 32 33 56 57 58 68 19 20 38 39 40 41 42 43 44 45 46 47 48 49 50 51 52 53 54 55 4 5 6 7 8 69 70 62 63 64 65 66 71 72 73 74 75 76 77 78 79 80 81 11 12 82 83 84 85 86 87 88 69 70 73 74 75 76 77 78 89 90 91 92 71 72 0 1 2 3 34 35 36 37 59 60 61 79 80 81 93 94 89 90 91 92 95 96 97 98 99 10 67 93 94 95 96 97 98 99 82 83 84 85 86 87 88 68 26 27 28 29 
60023
27
4 2 3 1 2 5 3 4 3 5 5 2 1 1 2 2 6 1 4 6 2 4 5 2 3 4 18 
4 21 16 6 39 30 27 51 43 5 62 11 8 33 39 44 15 35 23 41 58 23 47 15 29 23 23 
54 28 30 9 49 39 35 61 58 38 64 44 62 63 53 68 32 69 70 50 63 34 68 35 56 54 36 
875 306 320 827 820 516 260 458 998 610 526 470 745 420 332 461 592 948 967 848 800 263 808 554 175 987 511 
0 0 0 0 9 9 9 9 9 3 12 3 11 11 16 16 16 16 16 16 23 23 2 2 2 1 1 18 18 18 18 21 21 21 21 25 25 25 25 26 26 26 26 26 26 26 26 26 26 26 26 26 26 26 26 26 26 6 6 6 1 1 24 24 24 2 2 2 5 5 5 5 5 16 16 16 16 16 16 13 21 21 21 21 6 6 6 17 23 23 26 26 26 26 26 26 26 26 26 26 26 26 26 26 26 26 26 26 9 9 9 9 9 4 4 5 5 5 5 5 14 14 19 19 19 19 19 19 8 8 8 11 11 15 15 22 22 22 22 22 4 4 19 19 19 19 19 19 7 7 7 7 14 14 0 0 0 0 25 25 25 25 24 24 24 8 8 8 20 20 7 7 7 7 10 10 10 10 10 12 13 20 20 10 10 10 10 10 15 15 22 22 22 22 22 17 18 18 18 18 