348
100
2
2 2 2 2 4 4 4 4 4 4 8 8 8 9 9 9 9 11 12 12 17 17 17 17 17 18 18 18 19 19 20 20 21 21 21 21 21 21 22 22 22 22 23 23 23 23 24 24 24 25 25 25 26 26 26 26 26 26 26 26 28 31 31 31 31 31 31 31 31 31 31 31 31 31 31 31 31 31 31 31 31 35 36 36 36 36 36 36 38 38 38 38 41 41 41 41 41 42 42 42 42 42 42 42 42 42 43 43 44 46 46 49 49 49 52 52 52 52 52 52 52 52 52 52 52 52 52 52 52 52 52 52 52 52 52 52 52 52 52 52 53 53 53 53 53 53 53 53 55 55 56 56 56 57 57 57 57 58 58 58 58 59 59 59 59 59 61 61 61 61 61 61 61 61 61 61 61 62 62 62 62 63 63 63 63 64 65 65 65 65 66 66 67 67 68 69 69 69 69 69 
42 43 44 45 145 146 147 25 26 27 46 47 48 38 39 40 41 116 186 187 157 88 89 90 91 7 8 9 106 107 86 87 173 174 175 176 188 189 13 14 15 16 0 1 2 3 10 11 12 109 110 108 168 169 170 171 172 150 151 152 165 120 121 122 123 124 125 126 127 128 129 130 131 132 133 134 135 136 137 138 139 160 177 178 179 180 30 31 21 22 23 24 195 196 197 198 199 161 162 163 164 140 141 142 143 144 28 29 51 49 50 117 118 119 192 193 17 111 112 113 61 62 63 64 65 66 67 68 69 70 71 72 73 74 75 76 77 78 79 80 101 102 103 104 105 4 5 6 166 167 57 58 59 181 182 183 184 20 190 191 81 97 98 99 100 60 148 149 52 53 54 55 56 32 33 34 35 82 83 84 85 153 154 155 156 194 18 19 36 37 158 159 114 115 185 92 93 94 95 96 
537 537 537 537 277 277 277 764 764 764 325 325 325 596 596 596 596 974 693 693 449 717 717 717 717 764 764 764 888 888 371 371 704 704 704 704 371 371 596 596 596 596 537 537 537 537 325 325 325 344 344 619 234 234 234 234 234 709 709 709 748 297 297 297 297 297 297 297 297 297 297 297 297 297 297 297 297 297 297 297 297 682 974 974 974 974 371 371 717 717 717 717 548 548 548 548 548 530 530 530 530 966 966 966 966 966 888 888 619 344 344 187 187 187 431 431 974 187 187 187 297 297 297 297 297 297 297 297 297 297 297 297 297 297 297 297 297 297 297 297 966 966 966 966 966 277 277 277 395 395 709 709 709 687 687 687 687 449 193 193 682 530 530 530 530 748 395 395 234 234 234 234 234 704 704 704 704 974 974 974 974 687 687 687 687 269 693 693 371 371 193 193 431 431 269 548 548 548 548 548 
0 1 2 3 4 5 6 7 8 9 10 11 12 13 14 15 16 17 18 19 20 21 22 23 24 7 8 9 25 26 27 28 29 30 31 32 33 34 13 14 15 16 0 1 2 3 10 11 12 35 36 37 38 39 40 41 42 43 44 45 46 47 48 49 50 51 52 53 54 55 56 57 58 59 60 61 62 63 64 65 66 67 68 69 70 71 27 28 21 22 23 24 72 73 74 75 76 77 78 79 80 81 82 83 84 85 25 26 37 35 36 86 87 88 89 90 17 86 87 88 47 48 49 50 51 52 53 54 55 56 57 58 59 60 61 62 63 64 65 66 81 82 83 84 85 4 5 6 91 92 43 44 45 93 94 95 96 20 97 98 67 77 78 79 80 46 91 92 38 39 40 41 42 29 30 31 32 68 69 70 71 93 94 95 96 99 18 19 33 34 97 98 89 90 99 72 73 74 75 76 
51559
30
2 2 4 5 1 2 5 4 4 4 2 1 4 2 4 1 3 3 2 5 2 1 2 4 3 1 1 3 3 20 
25 55 42 26 17 12 42 21 36 2 20 64 57 21 17 25 8 4 58 41 52 11 19 9 4 35 28 26 49 31 
46 61 59 61 58 65 53 61 62 23 36 68 63 65 38 44 24 53 66 69 67 52 43 22 18 58 59 56 52 52 
344 395 530 234 449 693 966 704 974 537 371 269 687 371 717 619 325 277 193 548 431 974 888 596 764 682 748 709 187 297 
9 9 9 9 17 17 17 24 24 24 16 16 16 23 23 23 23 21 5 5 4 14 14 14 14 24 24 24 22 22 10 10 7 7 7 7 13 13 23 23 23 23 9 9 9 9 16 16 16 0 0 15 3 3 3 3 3 27 27 27 26 29 29 29 29 29 29 29 29 29 29 29 29 29 29 29 29 29 29 29 29 25 8 8 8 8 10 10 14 14 14 14 19 19 19 19 19 2 2 2 2 6 6 6 6 6 22 22 15 0 0 28 28 28 20 20 21 28 28 28 29 29 29 29 29 29 29 29 29 29 29 29 29 29 29 29 29 29 29 29 6 6 6 6 6 17 17 17 1 1 27 27 27 12 12 12 12 4 18 18 25 2 2 2 2 26 1 1 3 3 3 3 3 7 7 7 7 8 8 8 8 12 12 12 12 11 5 5 13 13 18 18 20 20 11 19 19 19 19 19 