732
100
2
1 1 1 1 3 3 3 3 3 3 3 3 3 4 4 4 4 6 6 6 8 11 11 11 11 14 14 14 14 14 14 16 16 16 16 16 16 17 17 17 17 17 18 18 18 18 19 19 19 19 19 19 20 20 20 20 21 21 21 21 22 22 22 22 26 26 26 26 26 29 29 29 29 31 31 31 31 31 31 32 32 32 33 33 33 33 34 34 34 34 34 34 38 38 38 38 38 38 38 38 38 38 38 38 38 39 39 39 39 39 41 41 41 43 43 43 43 45 45 45 45 45 45 45 45 45 45 45 45 45 45 45 45 46 46 46 46 46 46 46 46 46 49 49 49 49 49 50 50 51 51 51 51 51 51 51 51 51 51 51 51 51 51 51 51 51 53 53 53 53 55 55 55 55 55 55 55 55 55 65 65 65 65 65 65 65 68 68 68 68 68 69 69 69 69 69 69 69 69 69 
69 70 71 72 170 171 172 173 174 175 176 177 178 191 192 193 194 186 187 188 148 42 43 44 45 31 32 33 34 35 36 25 26 27 28 29 30 195 196 197 198 199 21 22 23 24 86 87 88 89 90 91 73 74 75 76 105 106 107 108 166 167 168 169 142 143 144 145 146 0 1 2 3 52 53 54 55 189 190 110 111 112 113 114 115 116 46 47 48 49 50 51 133 134 135 136 137 181 182 183 184 185 139 140 141 56 57 58 59 138 79 80 81 82 83 84 85 147 151 152 153 154 155 156 157 158 159 160 161 162 163 164 165 92 93 94 95 96 109 102 103 104 64 65 66 67 68 117 20 179 180 118 119 120 121 122 123 124 125 126 127 128 129 130 131 132 60 61 62 63 4 5 6 7 8 9 10 11 12 149 150 97 98 99 100 101 17 18 19 77 78 13 14 15 16 37 38 39 40 41 
516 516 516 516 597 597 597 597 597 751 751 751 751 964 964 964 964 294 294 294 985 817 817 817 817 815 815 815 815 815 815 815 815 815 815 815 815 843 843 843 843 843 817 817 817 817 838 838 838 838 838 838 968 968 968 968 427 427 427 427 581 581 581 581 704 704 704 704 704 516 516 516 516 968 968 968 968 188 188 202 202 202 267 267 267 267 838 838 838 838 838 838 273 273 273 273 273 243 243 243 243 243 514 514 514 427 427 427 427 861 202 202 202 267 267 267 267 310 632 632 632 632 632 632 632 632 632 632 632 632 632 632 632 273 273 273 273 273 861 514 514 514 704 704 704 704 704 310 985 563 563 632 632 632 632 632 632 632 632 632 632 632 632 632 632 632 581 581 581 581 597 597 597 597 597 751 751 751 751 563 563 243 243 243 243 243 294 294 294 188 188 964 964 964 964 843 843 843 843 843 
0 1 2 3 4 5 6 7 8 9 10 11 12 13 14 15 16 17 18 19 20 21 22 23 24 25 26 27 28 29 30 25 26 27 28 29 30 31 32 33 34 35 21 22 23 24 36 37 38 39 40 41 42 43 44 45 46 47 48 49 50 51 52 53 54 55 56 57 58 0 1 2 3 42 43 44 45 59 60 61 62 63 64 65 66 67 36 37 38 39 40 41 68 69 70 71 72 73 74 75 76 77 78 79 80 46 47 48 49 81 61 62 63 64 65 66 67 82 83 84 85 86 87 88 89 90 91 92 93 94 95 96 97 68 69 70 71 72 81 78 79 80 54 55 56 57 58 82 20 98 99 83 84 85 86 87 88 89 90 91 92 93 94 95 96 97 50 51 52 53 4 5 6 7 8 9 10 11 12 98 99 73 74 75 76 77 17 18 19 59 60 13 14 15 16 31 32 33 34 35 
60550
24
2 4 4 4 1 5 4 1 4 5 5 4 4 3 5 2 3 6 6 4 5 1 3 15 
51 21 20 11 45 38 33 39 1 38 3 4 22 6 17 31 32 14 19 3 26 8 38 45 
65 39 31 18 50 46 43 46 29 65 55 69 53 68 69 68 41 16 34 55 49 50 46 51 
563 427 968 817 310 273 267 861 516 243 597 964 581 294 843 188 202 815 838 751 704 985 514 632 
8 8 8 8 10 10 10 10 10 19 19 19 19 11 11 11 11 13 13 13 21 3 3 3 3 17 17 17 17 17 17 17 17 17 17 17 17 14 14 14 14 14 3 3 3 3 18 18 18 18 18 18 2 2 2 2 1 1 1 1 12 12 12 12 20 20 20 20 20 8 8 8 8 2 2 2 2 15 15 16 16 16 6 6 6 6 18 18 18 18 18 18 5 5 5 5 5 9 9 9 9 9 22 22 22 1 1 1 1 7 16 16 16 6 6 6 6 4 23 23 23 23 23 23 23 23 23 23 23 23 23 23 23 5 5 5 5 5 7 22 22 22 20 20 20 20 20 4 21 0 0 23 23 23 23 23 23 23 23 23 23 23 23 23 23 23 12 12 12 12 10 10 10 10 10 19 19 19 19 0 0 9 9 9 9 9 13 13 13 15 15 11 11 11 11 14 14 14 14 14 