860
100
2
4 4 4 4 4 4 5 5 5 5 5 5 7 7 11 11 11 12 14 14 14 14 14 14 14 14 14 14 16 16 16 16 16 16 16 16 16 18 18 18 18 18 18 18 18 18 19 19 19 19 19 19 22 22 22 22 23 23 23 23 23 24 24 24 29 29 29 29 29 29 29 29 29 29 29 29 29 29 29 29 29 29 29 29 30 30 30 30 30 31 31 31 31 31 31 31 34 34 34 34 35 35 35 35 35 38 38 42 42 42 44 44 44 45 45 45 45 45 45 49 49 49 50 50 50 50 50 50 50 50 52 52 53 53 55 55 55 55 55 55 56 57 57 57 61 61 61 61 61 62 62 62 63 63 65 65 65 65 65 67 67 67 67 67 67 67 67 67 67 67 67 67 67 67 67 69 69 69 69 69 69 69 69 69 69 69 69 69 69 69 69 69 70 70 70 70 70 70 70 70 
96 97 98 99 152 153 134 135 136 137 138 139 23 24 25 26 27 100 56 57 58 59 60 12 13 14 15 16 144 145 146 147 148 52 53 54 55 130 131 89 90 91 92 93 94 95 113 114 115 116 117 118 33 34 35 36 18 19 20 21 22 141 142 143 149 150 151 175 176 177 178 179 180 181 182 183 184 185 186 187 188 189 190 191 154 155 156 157 158 39 40 41 42 43 44 45 0 1 2 3 17 107 108 109 140 132 133 101 102 103 119 120 121 46 47 48 49 50 51 110 111 112 167 168 169 170 171 172 173 174 37 38 105 106 6 7 8 9 10 11 104 61 62 63 28 29 30 31 32 64 65 66 4 5 84 85 86 87 88 192 193 194 195 196 197 198 199 122 123 124 125 126 127 128 129 67 68 69 70 71 72 73 74 75 76 77 78 79 80 81 82 83 159 160 161 162 163 164 165 166 
428 428 428 428 257 257 189 189 189 189 189 189 813 813 945 945 945 444 736 736 736 736 736 813 813 945 945 945 525 525 525 525 525 345 345 345 345 413 413 879 879 879 879 879 879 879 971 971 971 971 971 971 345 345 345 345 736 736 736 736 736 978 978 978 794 794 794 176 176 176 176 176 176 176 176 176 176 176 176 176 176 176 176 176 717 717 717 717 717 879 879 879 879 879 879 879 428 428 428 428 444 981 981 981 166 762 762 981 981 981 747 747 747 971 971 971 971 971 971 747 747 747 332 332 332 332 332 332 332 332 413 413 762 762 189 189 189 189 189 189 166 978 978 978 525 525 525 525 525 794 794 794 257 257 717 717 717 717 717 573 573 573 573 573 573 573 573 332 332 332 332 332 332 332 332 176 176 176 176 176 176 176 176 176 176 176 176 176 176 176 176 176 573 573 573 573 573 573 573 573 
0 1 2 3 4 5 6 7 8 9 10 11 12 13 14 15 16 17 18 19 20 21 22 12 13 14 15 16 23 24 25 26 27 28 29 30 31 32 33 34 35 36 37 38 39 40 41 42 43 44 45 46 28 29 30 31 18 19 20 21 22 47 48 49 50 51 52 53 54 55 56 57 58 59 60 61 62 63 64 65 66 67 68 69 70 71 72 73 74 34 35 36 37 38 39 40 0 1 2 3 17 75 76 77 78 79 80 75 76 77 81 82 83 41 42 43 44 45 46 81 82 83 84 85 86 87 88 89 90 91 32 33 79 80 6 7 8 9 10 11 78 47 48 49 23 24 25 26 27 50 51 52 4 5 70 71 72 73 74 92 93 94 95 96 97 98 99 84 85 86 87 88 89 90 91 53 54 55 56 57 58 59 60 61 62 63 64 65 66 67 68 69 92 93 94 95 96 97 98 99 
54762
22
3 5 6 8 4 8 2 6 5 3 1 2 3 1 5 2 4 2 7 3 3 17 
29 14 5 67 4 50 18 19 30 24 12 4 35 35 16 38 16 7 18 11 44 29 
62 23 55 70 34 67 52 45 65 57 35 63 42 56 61 53 22 14 31 14 49 69 
794 736 189 573 428 332 413 971 717 978 444 257 981 166 525 762 345 813 879 945 747 176 
4 4 4 4 11 11 2 2 2 2 2 2 17 17 19 19 19 10 1 1 1 1 1 17 17 19 19 19 14 14 14 14 14 16 16 16 16 6 6 18 18 18 18 18 18 18 7 7 7 7 7 7 16 16 16 16 1 1 1 1 1 9 9 9 0 0 0 21 21 21 21 21 21 21 21 21 21 21 21 21 21 21 21 21 8 8 8 8 8 18 18 18 18 18 18 18 4 4 4 4 10 12 12 12 13 15 15 12 12 12 20 20 20 7 7 7 7 7 7 20 20 20 5 5 5 5 5 5 5 5 6 6 15 15 2 2 2 2 2 2 13 9 9 9 14 14 14 14 14 0 0 0 11 11 8 8 8 8 8 3 3 3 3 3 3 3 3 5 5 5 5 5 5 5 5 21 21 21 21 21 21 21 21 21 21 21 21 21 21 21 21 21 3 3 3 3 3 3 3 3 