607
100
2
2 2 2 2 2 4 4 4 10 10 10 10 10 10 10 10 10 10 10 11 11 12 12 12 12 12 12 12 12 12 12 18 18 18 18 21 21 21 21 21 22 22 22 22 22 22 22 22 22 22 22 22 22 22 22 22 22 26 26 26 26 26 27 27 27 27 27 27 27 27 27 27 27 27 27 27 28 28 28 28 28 28 34 34 34 34 34 34 34 34 34 36 36 36 36 36 36 36 36 36 36 36 36 36 36 36 36 36 36 36 36 36 40 40 41 41 41 41 41 41 41 41 41 41 41 41 42 42 42 42 42 42 42 42 42 42 42 42 42 42 42 42 42 42 42 42 42 42 42 42 42 42 42 44 44 44 44 44 44 44 45 45 45 45 45 45 45 45 45 45 49 49 49 49 49 49 49 55 55 55 55 55 62 62 62 62 62 62 62 62 62 62 62 67 67 67 68 68 68 68 
57 58 59 60 61 190 191 192 91 92 93 94 95 96 97 98 99 100 101 112 113 102 103 104 105 106 107 108 109 110 111 196 197 198 199 177 178 179 180 181 136 137 138 139 140 141 142 143 144 145 146 147 148 149 150 151 152 0 1 2 3 4 182 183 184 185 186 187 188 189 76 77 78 79 80 81 70 71 72 73 74 75 114 115 116 117 118 119 120 121 122 8 9 10 11 12 13 14 15 16 17 18 21 22 23 24 25 26 27 28 29 30 19 20 82 83 84 85 86 87 88 89 90 193 194 195 160 161 162 163 164 165 166 167 168 169 40 41 42 43 44 45 46 47 48 49 50 51 52 53 54 55 56 170 171 172 173 174 175 176 126 127 128 129 130 131 132 133 134 135 153 154 155 156 157 158 159 35 36 37 38 39 62 63 64 65 66 67 68 69 5 6 7 123 124 125 31 32 33 34 
387 387 387 387 387 286 286 286 430 430 430 430 430 430 430 430 430 430 430 705 705 497 497 497 497 497 497 497 497 497 497 831 831 831 831 486 486 486 486 486 783 783 783 783 783 783 783 783 783 783 783 783 783 783 783 783 783 387 387 387 387 387 968 968 968 968 968 968 968 968 623 623 623 623 623 623 623 623 623 623 623 623 663 663 663 663 663 663 663 663 663 430 430 430 430 430 430 430 430 430 430 430 497 497 497 497 497 497 497 497 497 497 705 705 663 663 663 663 663 663 663 663 663 927 927 927 249 249 249 249 249 249 249 249 249 249 783 783 783 783 783 783 783 783 783 783 783 783 783 783 783 783 783 314 314 314 314 314 314 314 249 249 249 249 249 249 249 249 249 249 314 314 314 314 314 314 314 486 486 486 486 486 968 968 968 968 968 968 968 968 286 286 286 927 927 927 831 831 831 831 
0 1 2 3 4 5 6 7 8 9 10 11 12 13 14 15 16 17 18 19 20 21 22 23 24 25 26 27 28 29 30 31 32 33 34 35 36 37 38 39 40 41 42 43 44 45 46 47 48 49 50 51 52 53 54 55 56 0 1 2 3 4 57 58 59 60 61 62 63 64 65 66 67 68 69 70 65 66 67 68 69 70 71 72 73 74 75 76 77 78 79 8 9 10 11 12 13 14 15 16 17 18 21 22 23 24 25 26 27 28 29 30 19 20 71 72 73 74 75 76 77 78 79 80 81 82 83 84 85 86 87 88 89 90 91 92 40 41 42 43 44 45 46 47 48 49 50 51 52 53 54 55 56 93 94 95 96 97 98 99 83 84 85 86 87 88 89 90 91 92 93 94 95 96 97 98 99 35 36 37 38 39 57 58 59 60 61 62 63 64 5 6 7 80 81 82 31 32 33 34 
57886
14
5 8 10 5 3 11 10 4 2 6 9 3 7 17 
21 27 42 2 4 10 12 18 11 27 34 41 44 22 
55 62 45 26 62 36 36 68 40 28 41 67 49 42 
486 968 249 387 286 430 497 831 705 623 663 927 314 783 
3 3 3 3 3 4 4 4 5 5 5 5 5 5 5 5 5 5 5 8 8 6 6 6 6 6 6 6 6 6 6 7 7 7 7 0 0 0 0 0 13 13 13 13 13 13 13 13 13 13 13 13 13 13 13 13 13 3 3 3 3 3 1 1 1 1 1 1 1 1 9 9 9 9 9 9 9 9 9 9 9 9 10 10 10 10 10 10 10 10 10 5 5 5 5 5 5 5 5 5 5 5 6 6 6 6 6 6 6 6 6 6 8 8 10 10 10 10 10 10 10 10 10 11 11 11 2 2 2 2 2 2 2 2 2 2 13 13 13 13 13 13 13 13 13 13 13 13 13 13 13 13 13 12 12 12 12 12 12 12 2 2 2 2 2 2 2 2 2 2 12 12 12 12 12 12 12 0 0 0 0 0 1 1 1 1 1 1 1 1 4 4 4 11 11 11 7 7 7 7 