209
100
2
1 1 1 1 1 1 1 1 1 1 1 1 1 1 2 2 2 2 2 2 2 2 3 3 3 5 5 5 5 5 5 5 5 5 5 5 5 5 5 5 5 15 15 15 15 15 15 15 15 15 15 15 15 15 15 15 15 15 15 15 16 16 19 19 19 19 19 19 19 20 20 20 20 22 22 22 22 22 22 22 24 24 24 24 24 24 24 24 24 24 24 24 24 24 24 24 24 26 26 26 26 26 26 26 27 27 27 27 27 27 27 27 28 28 28 28 28 28 35 35 35 35 35 37 37 37 37 37 37 37 37 37 37 40 40 40 40 40 40 40 40 40 40 40 40 40 45 45 45 45 48 48 48 48 49 49 49 49 49 50 50 50 50 50 52 52 52 52 52 52 52 52 52 53 53 58 58 58 58 58 58 58 60 60 66 66 66 66 66 66 66 66 66 66 66 66 66 70 70 70 
46 47 48 49 50 51 52 53 54 55 56 57 58 59 80 81 82 83 84 85 86 87 170 171 172 88 89 90 91 92 93 94 95 96 146 147 148 149 197 198 199 192 193 194 195 196 0 1 2 3 4 5 6 7 8 9 10 11 12 13 182 183 97 98 99 100 101 102 103 150 151 152 153 175 176 177 178 179 180 181 14 15 16 17 18 19 20 21 25 26 27 28 29 30 31 32 33 62 63 64 65 66 67 68 184 185 186 187 188 189 190 191 164 165 166 167 168 169 159 160 161 162 163 133 134 135 136 137 138 139 140 141 142 123 124 125 126 127 128 129 130 131 132 156 157 158 34 35 36 37 69 70 71 72 173 174 143 144 145 118 119 120 121 122 112 113 114 115 116 117 22 23 24 154 155 73 74 75 76 77 78 79 60 61 104 105 106 107 108 109 110 111 41 42 43 44 45 38 39 40 
950 950 950 950 950 950 950 950 950 950 950 950 950 950 209 209 209 209 209 209 209 209 264 264 264 184 184 184 184 184 184 184 184 184 959 959 959 959 973 973 973 172 172 172 172 172 950 950 950 950 950 950 950 950 950 950 950 950 950 950 292 292 539 539 539 539 539 539 539 806 806 806 806 717 717 717 717 717 717 717 209 209 209 209 209 209 209 209 184 184 184 184 184 184 184 184 184 539 539 539 539 539 539 539 527 527 527 527 527 527 527 527 909 909 909 909 909 909 626 626 626 626 626 435 435 435 435 435 435 435 435 435 435 435 435 435 435 435 435 435 435 435 435 772 772 772 959 959 959 959 806 806 806 806 299 299 772 772 772 626 626 626 626 626 909 909 909 909 909 909 264 264 264 299 299 717 717 717 717 717 717 717 292 292 527 527 527 527 527 527 527 527 172 172 172 172 172 973 973 973 
0 1 2 3 4 5 6 7 8 9 10 11 12 13 14 15 16 17 18 19 20 21 22 23 24 25 26 27 28 29 30 31 32 33 34 35 36 37 38 39 40 41 42 43 44 45 0 1 2 3 4 5 6 7 8 9 10 11 12 13 46 47 48 49 50 51 52 53 54 55 56 57 58 59 60 61 62 63 64 65 14 15 16 17 18 19 20 21 25 26 27 28 29 30 31 32 33 48 49 50 51 52 53 54 66 67 68 69 70 71 72 73 74 75 76 77 78 79 80 81 82 83 84 85 86 87 88 89 90 91 92 93 94 85 86 87 88 89 90 91 92 93 94 95 96 97 34 35 36 37 55 56 57 58 98 99 95 96 97 80 81 82 83 84 74 75 76 77 78 79 22 23 24 98 99 59 60 61 62 63 64 65 46 47 66 67 68 69 70 71 72 73 41 42 43 44 45 38 39 40 
57699
17
10 8 7 2 6 3 5 8 9 4 3 4 7 3 2 5 14 
37 27 19 49 28 40 35 2 5 5 5 20 22 3 16 15 1 
40 66 26 53 52 49 50 24 24 45 70 48 58 52 60 66 15 
435 527 539 299 909 772 626 209 184 959 973 806 717 264 292 172 950 
16 16 16 16 16 16 16 16 16 16 16 16 16 16 7 7 7 7 7 7 7 7 13 13 13 8 8 8 8 8 8 8 8 8 9 9 9 9 10 10 10 15 15 15 15 15 16 16 16 16 16 16 16 16 16 16 16 16 16 16 14 14 2 2 2 2 2 2 2 11 11 11 11 12 12 12 12 12 12 12 7 7 7 7 7 7 7 7 8 8 8 8 8 8 8 8 8 2 2 2 2 2 2 2 1 1 1 1 1 1 1 1 4 4 4 4 4 4 6 6 6 6 6 0 0 0 0 0 0 0 0 0 0 0 0 0 0 0 0 0 0 0 0 5 5 5 9 9 9 9 11 11 11 11 3 3 5 5 5 6 6 6 6 6 4 4 4 4 4 4 13 13 13 3 3 12 12 12 12 12 12 12 14 14 1 1 1 1 1 1 1 1 15 15 15 15 15 10 10 10 