740
100
2
1 1 1 1 1 1 1 1 1 3 3 3 3 4 6 7 8 8 8 10 10 10 11 11 11 11 11 11 11 11 12 12 12 12 15 15 15 15 24 24 24 24 24 24 25 25 25 26 26 26 26 31 31 31 31 32 32 34 34 34 34 34 34 34 34 34 34 34 34 34 34 34 34 34 34 34 34 34 34 35 35 35 35 35 35 37 37 37 37 37 37 37 37 37 37 37 37 37 37 37 37 38 38 38 38 38 38 38 38 39 39 39 39 39 39 39 39 40 40 40 40 40 40 41 41 41 45 45 45 45 46 46 46 46 46 46 49 49 49 49 49 51 51 51 51 51 54 54 54 57 58 61 61 61 61 61 61 61 61 61 62 62 62 62 63 63 63 63 63 63 63 63 63 63 64 66 66 66 66 66 67 67 67 67 67 67 67 68 68 68 68 68 69 69 69 70 70 70 70 70 
126 127 128 129 175 176 177 178 179 183 184 185 186 16 84 149 13 55 56 151 152 153 136 137 138 139 140 180 181 182 51 52 53 54 195 196 197 198 109 110 111 123 124 125 192 193 194 101 102 103 104 30 31 32 33 17 18 122 187 188 189 190 154 85 86 87 88 89 90 91 92 93 94 95 96 97 98 99 100 117 118 119 120 121 14 63 64 65 66 67 68 69 70 71 72 73 74 75 76 77 78 47 48 49 50 160 161 162 163 38 39 40 155 156 157 158 159 79 80 81 82 83 57 41 42 43 0 1 2 3 147 164 165 166 167 168 22 23 24 25 26 169 170 171 172 173 150 130 199 15 146 19 20 21 62 112 113 114 115 116 105 106 107 108 131 132 133 134 135 141 142 143 144 145 191 4 5 6 7 8 27 28 29 9 10 11 12 58 59 60 61 174 44 45 46 34 35 36 37 148 
365 365 365 365 688 688 688 688 688 522 522 522 522 878 881 535 878 638 638 443 443 443 931 931 931 931 931 868 868 868 161 161 161 161 865 865 865 865 566 566 566 708 708 708 258 258 258 713 713 713 713 161 161 161 161 638 638 610 641 641 641 641 351 909 909 909 909 909 909 909 909 909 909 909 909 909 909 909 909 379 379 379 379 379 881 909 909 909 909 909 909 909 909 909 909 909 909 909 909 909 909 713 713 713 713 730 730 730 730 566 566 566 980 980 980 980 980 379 379 379 379 379 610 708 708 708 365 365 365 365 387 513 513 513 513 513 931 931 931 931 931 318 318 318 318 318 271 387 375 535 271 443 443 443 351 980 980 980 980 980 730 730 730 730 513 513 513 513 513 318 318 318 318 318 798 688 688 688 688 688 868 868 868 522 522 522 522 641 641 641 641 798 258 258 258 865 865 865 865 375 
0 1 2 3 4 5 6 7 8 9 10 11 12 13 14 15 13 16 17 18 19 20 21 22 23 24 25 26 27 28 29 30 31 32 33 34 35 36 37 38 39 40 41 42 43 44 45 46 47 48 49 29 30 31 32 16 17 50 51 52 53 54 55 56 57 58 59 60 61 62 63 64 65 66 67 68 69 70 71 72 73 74 75 76 14 56 57 58 59 60 61 62 63 64 65 66 67 68 69 70 71 46 47 48 49 77 78 79 80 37 38 39 81 82 83 84 85 72 73 74 75 76 50 40 41 42 0 1 2 3 86 87 88 89 90 91 21 22 23 24 25 92 93 94 95 96 97 86 98 15 97 18 19 20 55 81 82 83 84 85 77 78 79 80 87 88 89 90 91 92 93 94 95 96 99 4 5 6 7 8 26 27 28 9 10 11 12 51 52 53 54 99 43 44 45 33 34 35 36 98 
64468
29
5 1 3 1 1 3 5 1 1 4 4 5 4 4 1 5 5 3 4 3 3 4 1 2 4 1 1 5 16 
35 7 10 54 46 24 11 34 6 1 26 1 34 15 54 46 51 11 3 25 24 38 4 8 12 64 34 39 34 
40 57 61 58 54 39 49 40 35 45 38 66 68 70 70 63 63 67 67 69 41 62 8 32 31 68 61 61 37 
379 535 443 271 387 566 931 610 881 365 713 688 641 865 375 513 318 868 522 258 708 730 878 638 161 798 351 980 909 
9 9 9 9 11 11 11 11 11 18 18 18 18 22 8 1 22 23 23 2 2 2 6 6 6 6 6 17 17 17 24 24 24 24 13 13 13 13 5 5 5 20 20 20 19 19 19 10 10 10 10 24 24 24 24 23 23 7 12 12 12 12 26 28 28 28 28 28 28 28 28 28 28 28 28 28 28 28 28 0 0 0 0 0 8 28 28 28 28 28 28 28 28 28 28 28 28 28 28 28 28 10 10 10 10 21 21 21 21 5 5 5 27 27 27 27 27 0 0 0 0 0 7 20 20 20 9 9 9 9 4 15 15 15 15 15 6 6 6 6 6 16 16 16 16 16 3 4 14 1 3 2 2 2 26 27 27 27 27 27 21 21 21 21 15 15 15 15 15 16 16 16 16 16 25 11 11 11 11 11 17 17 17 18 18 18 18 12 12 12 12 25 19 19 19 13 13 13 13 14 