552
100
2
3 3 5 5 5 5 5 5 5 5 5 5 5 5 5 5 6 6 6 6 8 8 8 8 9 9 9 9 11 11 11 11 11 11 13 13 13 13 13 13 16 16 16 16 17 17 17 17 17 17 22 22 22 22 23 23 23 25 25 25 25 25 25 26 26 27 27 27 27 27 27 27 30 30 30 31 31 31 31 31 32 32 32 33 33 33 33 33 33 33 33 33 33 33 33 33 33 37 37 37 40 40 41 41 41 41 43 43 43 43 46 46 46 46 46 46 46 46 46 46 47 48 48 50 50 50 50 50 50 50 50 50 52 52 52 52 52 52 52 52 52 52 52 52 52 53 53 53 53 53 53 53 53 53 53 53 53 54 54 54 54 55 55 55 55 55 56 56 56 56 60 60 60 60 61 61 61 61 61 61 62 62 62 62 62 62 62 62 62 62 62 63 63 63 63 63 67 67 67 69 
121 122 72 73 74 196 197 198 110 111 112 113 24 25 26 27 102 103 104 105 50 51 52 53 12 13 14 15 185 186 187 188 189 190 174 175 176 177 178 179 166 167 168 169 114 115 116 117 118 119 20 21 22 23 124 125 126 86 87 88 89 90 91 100 101 106 107 108 109 80 81 82 2 3 4 92 93 94 95 96 69 70 71 97 98 99 57 58 59 60 61 62 75 76 77 78 79 83 84 85 63 64 16 17 18 19 65 66 67 68 8 9 10 11 44 45 46 47 48 49 132 0 1 199 54 55 56 180 181 182 183 184 120 145 146 147 148 149 150 151 152 153 154 155 156 133 134 135 136 137 138 139 140 141 142 143 144 170 171 172 173 191 192 193 194 195 40 41 42 43 157 158 159 160 34 35 36 37 38 39 127 128 129 130 131 28 29 30 31 32 33 161 162 163 164 165 5 6 7 123 
659 659 757 757 757 650 650 650 213 213 213 213 392 392 392 392 933 933 933 933 178 178 178 178 392 392 392 392 783 783 783 783 783 783 645 645 645 645 645 645 600 600 600 600 404 404 404 404 404 404 178 178 178 178 686 686 686 390 390 390 390 390 390 804 804 293 293 293 293 556 556 556 757 757 757 465 465 465 465 465 556 556 556 348 348 348 390 390 390 390 390 390 465 465 465 465 465 348 348 348 804 804 933 933 933 933 293 293 293 293 213 213 213 213 404 404 404 404 404 404 928 659 659 591 686 686 686 824 824 824 824 824 928 339 339 339 339 339 339 339 339 339 339 339 339 339 339 339 339 339 339 339 339 339 339 339 339 247 247 247 247 203 203 203 203 203 600 600 600 600 247 247 247 247 645 645 645 645 645 645 824 824 824 824 824 783 783 783 783 783 783 203 203 203 203 203 650 650 650 591 
0 1 2 3 4 5 6 7 8 9 10 11 12 13 14 15 16 17 18 19 20 21 22 23 12 13 14 15 24 25 26 27 28 29 30 31 32 33 34 35 36 37 38 39 40 41 42 43 44 45 20 21 22 23 46 47 48 49 50 51 52 53 54 55 56 57 58 59 60 61 62 63 2 3 4 64 65 66 67 68 61 62 63 69 70 71 49 50 51 52 53 54 64 65 66 67 68 69 70 71 55 56 16 17 18 19 57 58 59 60 8 9 10 11 40 41 42 43 44 45 72 0 1 73 46 47 48 74 75 76 77 78 72 79 80 81 82 83 84 85 86 87 88 89 90 79 80 81 82 83 84 85 86 87 88 89 90 91 92 93 94 95 96 97 98 99 36 37 38 39 91 92 93 94 30 31 32 33 34 35 74 75 76 77 78 24 25 26 27 28 29 95 96 97 98 99 5 6 7 73 
49720
24
2 4 3 1 3 4 4 3 3 4 4 6 5 3 4 1 2 6 5 6 5 4 6 12 
3 27 5 50 5 5 8 27 23 5 6 17 55 33 16 47 26 25 50 11 31 54 13 52 
48 43 30 69 67 46 22 32 50 9 41 46 63 37 56 52 40 33 62 62 33 60 61 53 
659 293 757 591 650 213 178 556 686 392 933 404 203 348 600 928 804 390 824 783 465 247 645 339 
0 0 2 2 2 4 4 4 5 5 5 5 9 9 9 9 10 10 10 10 6 6 6 6 9 9 9 9 19 19 19 19 19 19 22 22 22 22 22 22 14 14 14 14 11 11 11 11 11 11 6 6 6 6 8 8 8 17 17 17 17 17 17 16 16 1 1 1 1 7 7 7 2 2 2 20 20 20 20 20 7 7 7 13 13 13 17 17 17 17 17 17 20 20 20 20 20 13 13 13 16 16 10 10 10 10 1 1 1 1 5 5 5 5 11 11 11 11 11 11 15 0 0 3 8 8 8 18 18 18 18 18 15 23 23 23 23 23 23 23 23 23 23 23 23 23 23 23 23 23 23 23 23 23 23 23 23 21 21 21 21 12 12 12 12 12 14 14 14 14 21 21 21 21 22 22 22 22 22 22 18 18 18 18 18 19 19 19 19 19 19 12 12 12 12 12 4 4 4 3 