444
100
2
2 2 2 2 2 4 4 4 4 4 4 5 5 5 5 6 6 6 6 6 10 12 12 12 12 12 12 12 13 13 13 13 13 15 16 16 16 17 17 17 18 18 18 18 18 20 20 20 20 20 20 20 21 21 21 21 21 21 25 25 25 25 25 25 26 26 26 26 26 26 26 26 26 28 28 28 28 28 30 30 31 31 31 33 33 33 33 33 33 33 33 34 34 34 35 35 35 35 37 37 37 37 37 40 40 40 40 40 41 41 44 44 44 44 45 45 45 45 46 46 46 46 47 49 49 51 51 51 51 51 51 51 51 51 51 51 51 51 51 51 51 51 51 51 53 53 53 53 57 57 57 57 57 57 57 57 62 62 62 62 62 62 62 62 62 62 62 62 62 62 62 62 62 62 62 63 63 63 63 63 63 63 64 65 65 66 66 66 66 66 66 66 66 67 67 67 67 67 68 68 
185 186 187 188 189 64 65 66 105 106 107 144 145 146 147 40 41 42 43 44 125 83 84 28 29 30 31 32 23 24 25 26 27 122 111 112 113 195 196 197 15 16 17 18 19 123 124 73 74 75 76 77 67 68 69 70 71 72 98 99 100 101 81 82 5 6 7 52 53 54 55 56 57 47 48 49 50 51 108 109 175 62 63 21 22 148 149 150 151 152 153 190 191 192 176 177 178 179 58 59 60 61 156 193 194 8 9 10 78 79 182 34 35 36 118 119 120 121 114 115 116 117 33 45 46 20 157 158 159 160 161 162 163 164 165 166 167 168 169 170 171 172 173 174 11 12 13 14 85 86 87 88 89 90 198 199 102 126 127 128 129 130 131 132 133 134 135 136 137 138 139 140 141 142 143 80 94 95 96 97 183 184 110 180 181 0 1 2 3 4 91 92 93 103 104 37 38 39 154 155 
190 190 190 190 190 882 882 882 978 978 978 704 704 704 704 213 213 213 213 213 776 978 978 493 493 493 493 493 493 493 493 493 493 203 655 655 655 490 490 490 213 213 213 213 213 289 289 971 971 971 971 971 286 286 286 286 286 286 492 492 492 492 551 551 882 882 882 286 286 286 286 286 286 971 971 971 971 971 759 759 465 551 551 978 978 541 541 541 541 541 541 523 523 523 936 936 936 936 492 492 492 492 254 246 246 978 978 978 759 759 633 655 655 655 659 659 659 659 659 659 659 659 203 289 289 776 815 815 815 815 815 815 815 815 815 815 815 815 815 815 815 815 815 815 704 704 704 704 541 541 541 541 541 541 742 742 254 815 815 815 815 815 815 815 815 815 815 815 815 815 815 815 815 815 815 465 936 936 936 936 333 333 633 333 333 190 190 190 190 190 523 523 523 246 246 490 490 490 742 742 
0 1 2 3 4 5 6 7 8 9 10 11 12 13 14 15 16 17 18 19 20 21 22 23 24 25 26 27 23 24 25 26 27 28 29 30 31 32 33 34 15 16 17 18 19 35 36 37 38 39 40 41 42 43 44 45 46 47 48 49 50 51 52 53 5 6 7 42 43 44 45 46 47 37 38 39 40 41 54 55 56 52 53 21 22 57 58 59 60 61 62 63 64 65 66 67 68 69 48 49 50 51 70 71 72 8 9 10 54 55 73 29 30 31 74 75 76 77 74 75 76 77 28 35 36 20 78 79 80 81 82 83 84 85 86 87 88 89 90 91 92 93 94 95 11 12 13 14 57 58 59 60 61 62 96 97 70 78 79 80 81 82 83 84 85 86 87 88 89 90 91 92 93 94 95 56 66 67 68 69 98 99 73 98 99 0 1 2 3 4 63 64 65 71 72 32 33 34 96 97 
60842
28
5 5 1 1 4 3 2 1 4 2 3 1 2 2 3 4 3 6 2 2 5 1 5 3 6 4 2 18 
2 6 31 44 5 16 40 10 35 20 34 15 12 30 4 25 4 21 25 63 12 37 20 17 33 45 57 51 
66 18 63 64 53 44 67 51 63 49 66 47 33 41 26 37 40 26 31 65 13 62 28 67 57 46 68 62 
190 213 465 633 704 655 246 776 936 289 523 203 978 759 882 492 978 286 551 333 493 254 971 490 541 659 742 815 
0 0 0 0 0 14 14 14 16 16 16 4 4 4 4 1 1 1 1 1 7 12 12 20 20 20 20 20 20 20 20 20 20 11 5 5 5 23 23 23 1 1 1 1 1 9 9 22 22 22 22 22 17 17 17 17 17 17 15 15 15 15 18 18 14 14 14 17 17 17 17 17 17 22 22 22 22 22 13 13 2 18 18 12 12 24 24 24 24 24 24 10 10 10 8 8 8 8 15 15 15 15 21 6 6 16 16 16 13 13 3 5 5 5 25 25 25 25 25 25 25 25 11 9 9 7 27 27 27 27 27 27 27 27 27 27 27 27 27 27 27 27 27 27 4 4 4 4 24 24 24 24 24 24 26 26 21 27 27 27 27 27 27 27 27 27 27 27 27 27 27 27 27 27 27 2 8 8 8 8 19 19 3 19 19 0 0 0 0 0 10 10 10 6 6 23 23 23 26 26 