921
100
2
2 2 2 2 2 2 2 2 2 3 3 3 3 3 3 3 3 3 3 3 3 3 10 10 10 10 10 10 10 10 10 10 10 10 10 15 15 15 15 15 15 15 15 15 15 15 15 15 18 18 18 18 18 18 18 18 26 26 26 26 26 30 30 30 31 31 31 31 31 31 31 31 31 31 31 31 31 33 33 33 33 37 37 37 37 37 37 37 37 37 37 37 37 37 37 42 42 42 42 42 42 42 42 44 44 44 44 44 44 44 44 44 47 47 47 47 47 47 47 47 47 47 47 47 47 48 48 48 48 48 50 50 50 50 50 50 50 50 50 50 50 50 50 55 55 55 55 55 55 55 55 55 55 55 55 55 55 57 57 57 57 57 57 57 57 57 58 58 58 58 58 58 58 58 58 65 65 65 67 67 67 67 67 67 67 67 67 68 68 68 68 68 68 68 68 68 69 69 69 69 
103 104 105 106 107 108 109 110 111 112 113 114 115 116 117 118 119 120 121 122 123 124 64 65 66 67 68 69 70 71 72 73 74 75 76 130 131 132 133 134 135 136 137 138 139 140 141 142 95 96 97 98 99 100 101 102 125 126 127 128 129 175 176 177 22 23 24 25 26 27 28 29 30 31 32 33 34 196 197 198 199 143 144 145 146 147 148 149 150 151 152 153 154 155 156 48 49 50 51 52 53 54 55 0 1 2 3 4 5 6 7 8 9 10 11 12 13 14 15 16 17 18 19 20 21 56 57 58 59 60 35 36 37 38 39 40 41 42 43 44 45 46 47 81 82 83 84 85 86 87 88 89 90 91 92 93 94 166 167 168 169 170 171 172 173 174 157 158 159 160 161 162 163 164 165 61 62 63 187 188 189 190 191 192 193 194 195 178 179 180 181 182 183 184 185 186 77 78 79 80 
960 960 960 960 960 960 960 960 960 373 373 373 373 373 373 373 373 373 373 373 373 373 642 642 642 642 642 642 642 642 642 642 642 642 642 462 462 462 462 462 462 462 462 462 462 462 462 462 523 523 523 523 523 523 523 523 568 568 568 568 568 215 215 215 642 642 642 642 642 642 642 642 642 642 642 642 642 254 254 254 254 967 967 967 967 967 967 967 967 967 967 967 967 967 967 523 523 523 523 523 523 523 523 960 960 960 960 960 960 960 960 960 373 373 373 373 373 373 373 373 373 373 373 373 373 568 568 568 568 568 462 462 462 462 462 462 462 462 462 462 462 462 462 967 967 967 967 967 967 967 967 967 967 967 967 967 967 404 404 404 404 404 404 404 404 404 404 404 404 404 404 404 404 404 404 215 215 215 791 791 791 791 791 791 791 791 791 791 791 791 791 791 791 791 791 791 254 254 254 254 
0 1 2 3 4 5 6 7 8 9 10 11 12 13 14 15 16 17 18 19 20 21 22 23 24 25 26 27 28 29 30 31 32 33 34 35 36 37 38 39 40 41 42 43 44 45 46 47 48 49 50 51 52 53 54 55 56 57 58 59 60 61 62 63 22 23 24 25 26 27 28 29 30 31 32 33 34 64 65 66 67 68 69 70 71 72 73 74 75 76 77 78 79 80 81 48 49 50 51 52 53 54 55 0 1 2 3 4 5 6 7 8 9 10 11 12 13 14 15 16 17 18 19 20 21 56 57 58 59 60 35 36 37 38 39 40 41 42 43 44 45 46 47 68 69 70 71 72 73 74 75 76 77 78 79 80 81 82 83 84 85 86 87 88 89 90 82 83 84 85 86 87 88 89 90 61 62 63 91 92 93 94 95 96 97 98 99 91 92 93 94 95 96 97 98 99 64 65 66 67 
60819
11
8 14 9 5 13 13 13 9 4 3 9 
18 37 2 26 10 3 15 57 33 30 67 
42 55 44 48 31 47 50 58 69 65 68 
523 967 960 568 642 373 462 404 254 215 791 
2 2 2 2 2 2 2 2 2 5 5 5 5 5 5 5 5 5 5 5 5 5 4 4 4 4 4 4 4 4 4 4 4 4 4 6 6 6 6 6 6 6 6 6 6 6 6 6 0 0 0 0 0 0 0 0 3 3 3 3 3 9 9 9 4 4 4 4 4 4 4 4 4 4 4 4 4 8 8 8 8 1 1 1 1 1 1 1 1 1 1 1 1 1 1 0 0 0 0 0 0 0 0 2 2 2 2 2 2 2 2 2 5 5 5 5 5 5 5 5 5 5 5 5 5 3 3 3 3 3 6 6 6 6 6 6 6 6 6 6 6 6 6 1 1 1 1 1 1 1 1 1 1 1 1 1 1 7 7 7 7 7 7 7 7 7 7 7 7 7 7 7 7 7 7 9 9 9 10 10 10 10 10 10 10 10 10 10 10 10 10 10 10 10 10 10 8 8 8 8 