531
100
2
4 4 4 4 4 4 4 4 4 4 4 4 4 4 9 9 9 9 9 9 9 9 9 9 9 9 9 9 9 9 9 9 10 10 10 10 10 10 10 10 10 13 13 13 13 13 13 13 13 13 13 14 14 14 14 14 14 20 20 20 20 24 24 24 24 24 24 24 24 26 26 26 29 29 29 29 34 34 34 34 36 36 36 36 36 36 36 36 37 37 37 37 37 37 37 37 41 41 41 41 42 42 42 42 42 42 42 42 42 42 42 42 42 42 43 43 43 43 43 44 44 44 44 44 44 44 44 44 44 44 44 46 46 46 46 46 46 46 46 46 50 50 50 52 52 52 52 52 52 52 53 53 53 53 53 53 53 55 55 56 56 61 61 61 61 62 62 62 62 62 62 62 62 62 62 62 62 62 62 62 62 62 62 64 64 64 64 64 66 66 67 67 67 69 69 69 69 69 69 69 
45 46 47 48 49 50 80 81 82 83 84 85 86 87 165 166 167 168 169 170 171 172 173 174 175 176 177 178 179 180 181 182 131 132 133 134 135 136 137 138 139 96 97 98 99 0 1 2 3 4 5 118 188 189 140 141 142 114 115 116 117 88 89 90 91 92 93 94 95 190 191 192 110 111 112 113 161 162 163 164 6 7 8 9 10 11 12 13 61 62 63 64 65 66 67 68 41 42 43 44 119 120 121 122 123 183 184 185 186 187 72 73 74 75 57 58 59 60 51 100 101 102 103 104 193 194 195 196 197 198 199 32 33 34 35 36 37 38 39 40 54 55 56 150 151 152 153 154 155 156 143 144 145 146 147 148 149 159 160 157 158 76 77 78 79 14 15 16 17 18 19 20 21 22 23 24 25 26 27 28 29 30 31 105 106 107 108 109 52 53 69 70 71 124 125 126 127 128 129 130 
401 401 401 401 401 401 287 287 287 287 287 287 287 287 914 914 914 914 914 914 914 914 914 914 914 914 914 914 914 914 914 914 262 262 262 262 262 262 262 262 262 257 257 257 257 401 401 401 401 401 401 221 676 676 213 213 213 419 419 419 419 653 653 653 653 653 653 653 653 864 864 864 944 944 944 944 837 837 837 837 287 287 287 287 287 287 287 287 653 653 653 653 653 653 653 653 257 257 257 257 882 882 882 882 882 622 622 622 622 622 944 944 944 944 419 419 419 419 221 882 882 882 882 882 267 267 267 267 267 267 267 262 262 262 262 262 262 262 262 262 213 213 213 888 888 888 888 888 888 888 888 888 888 888 888 888 888 814 814 814 814 837 837 837 837 914 914 914 914 914 914 914 914 914 914 914 914 914 914 914 914 914 914 622 622 622 622 622 676 676 864 864 864 267 267 267 267 267 267 267 
0 1 2 3 4 5 6 7 8 9 10 11 12 13 14 15 16 17 18 19 20 21 22 23 24 25 26 27 28 29 30 31 32 33 34 35 36 37 38 39 40 41 42 43 44 0 1 2 3 4 5 45 46 47 48 49 50 51 52 53 54 55 56 57 58 59 60 61 62 63 64 65 66 67 68 69 70 71 72 73 6 7 8 9 10 11 12 13 55 56 57 58 59 60 61 62 41 42 43 44 74 75 76 77 78 79 80 81 82 83 66 67 68 69 51 52 53 54 45 74 75 76 77 78 84 85 86 87 88 89 90 32 33 34 35 36 37 38 39 40 48 49 50 91 92 93 94 95 96 97 91 92 93 94 95 96 97 98 99 98 99 70 71 72 73 14 15 16 17 18 19 20 21 22 23 24 25 26 27 28 29 30 31 79 80 81 82 83 46 47 63 64 65 84 85 86 87 88 89 90 
60601
18
4 2 1 4 9 6 5 8 3 7 5 7 2 3 4 8 4 18 
20 55 14 13 10 4 42 24 26 52 42 44 14 14 34 4 29 9 
43 56 43 41 46 13 44 37 67 53 64 69 66 50 61 36 42 62 
419 814 221 257 262 401 882 653 864 888 622 267 676 213 837 287 944 914 
5 5 5 5 5 5 15 15 15 15 15 15 15 15 17 17 17 17 17 17 17 17 17 17 17 17 17 17 17 17 17 17 4 4 4 4 4 4 4 4 4 3 3 3 3 5 5 5 5 5 5 2 12 12 13 13 13 0 0 0 0 7 7 7 7 7 7 7 7 8 8 8 16 16 16 16 14 14 14 14 15 15 15 15 15 15 15 15 7 7 7 7 7 7 7 7 3 3 3 3 6 6 6 6 6 10 10 10 10 10 16 16 16 16 0 0 0 0 2 6 6 6 6 6 11 11 11 11 11 11 11 4 4 4 4 4 4 4 4 4 13 13 13 9 9 9 9 9 9 9 9 9 9 9 9 9 9 1 1 1 1 14 14 14 14 17 17 17 17 17 17 17 17 17 17 17 17 17 17 17 17 17 17 10 10 10 10 10 12 12 8 8 8 11 11 11 11 11 11 11 