878
100
2
1 1 1 1 1 1 1 1 1 2 2 2 2 2 2 2 2 2 8 8 8 8 8 8 8 8 16 16 16 16 16 16 16 17 17 17 18 18 18 18 18 18 18 18 18 18 18 18 21 21 21 21 24 24 24 24 24 25 25 25 25 27 27 31 31 31 31 31 31 31 31 31 31 31 31 31 31 37 37 37 37 38 38 43 43 43 43 43 43 43 43 43 43 43 43 43 43 43 43 43 43 43 43 43 44 44 44 44 44 44 44 44 47 47 47 47 51 51 51 51 51 51 51 51 51 53 53 53 53 54 54 54 54 54 54 54 55 55 55 55 55 55 55 55 55 56 56 56 58 58 59 59 59 59 59 59 59 59 60 60 60 61 61 61 61 61 61 61 62 62 62 62 63 63 63 63 64 64 64 64 64 64 64 64 64 64 64 64 69 69 69 69 69 69 69 70 70 70 70 70 
116 117 118 119 120 121 122 123 124 136 137 138 139 140 141 142 143 144 150 151 152 153 154 155 156 157 176 177 178 179 180 181 182 158 159 160 57 58 59 60 104 105 106 107 108 109 110 111 112 113 114 115 145 146 147 61 62 36 37 38 39 55 56 90 91 92 93 94 95 96 97 98 99 100 101 102 103 125 126 127 128 148 149 129 130 131 132 133 134 135 63 64 65 66 67 68 69 70 71 72 73 74 75 76 40 41 42 43 44 45 46 47 48 49 50 51 0 1 2 3 4 5 6 7 8 77 78 79 80 83 84 85 86 87 88 89 9 10 11 12 13 14 15 16 17 52 53 54 81 82 18 19 20 21 22 23 24 25 33 34 35 188 189 190 191 192 193 194 172 173 174 175 168 169 170 171 26 27 28 29 30 31 32 195 196 197 198 199 161 162 163 164 165 166 167 183 184 185 186 187 
918 918 918 918 918 918 918 918 918 176 176 176 176 176 176 176 176 176 328 328 328 328 328 328 328 328 612 612 612 612 612 612 612 323 323 323 660 660 660 660 243 243 243 243 243 243 243 243 762 762 762 762 926 926 926 520 520 660 660 660 660 520 520 496 496 496 496 496 496 496 496 496 496 496 496 496 496 897 897 897 897 302 302 462 462 462 462 462 462 462 496 496 496 496 496 496 496 496 496 496 496 496 496 496 243 243 243 243 243 243 243 243 762 762 762 762 918 918 918 918 918 918 918 918 918 897 897 897 897 462 462 462 462 462 462 462 176 176 176 176 176 176 176 176 176 926 926 926 302 302 328 328 328 328 328 328 328 328 323 323 323 816 816 816 816 816 816 816 562 562 562 562 562 562 562 562 612 612 612 612 612 612 612 824 824 824 824 824 816 816 816 816 816 816 816 824 824 824 824 824 
0 1 2 3 4 5 6 7 8 9 10 11 12 13 14 15 16 17 18 19 20 21 22 23 24 25 26 27 28 29 30 31 32 33 34 35 36 37 38 39 40 41 42 43 44 45 46 47 48 49 50 51 52 53 54 55 56 36 37 38 39 55 56 57 58 59 60 61 62 63 64 65 66 67 68 69 70 71 72 73 74 75 76 77 78 79 80 81 82 83 57 58 59 60 61 62 63 64 65 66 67 68 69 70 40 41 42 43 44 45 46 47 48 49 50 51 0 1 2 3 4 5 6 7 8 71 72 73 74 77 78 79 80 81 82 83 9 10 11 12 13 14 15 16 17 52 53 54 75 76 18 19 20 21 22 23 24 25 33 34 35 84 85 86 87 88 89 90 91 92 93 94 91 92 93 94 26 27 28 29 30 31 32 95 96 97 98 99 84 85 86 87 88 89 90 95 96 97 98 99 
55623
17
4 4 9 7 7 8 7 8 3 3 2 4 5 4 2 9 14 
21 18 2 43 16 8 61 18 17 24 38 62 64 37 24 1 31 
47 25 55 54 64 59 69 44 60 56 58 63 70 53 27 51 43 
762 660 176 462 612 328 816 243 323 926 302 562 824 897 520 918 496 
15 15 15 15 15 15 15 15 15 2 2 2 2 2 2 2 2 2 5 5 5 5 5 5 5 5 4 4 4 4 4 4 4 8 8 8 1 1 1 1 7 7 7 7 7 7 7 7 0 0 0 0 9 9 9 14 14 1 1 1 1 14 14 16 16 16 16 16 16 16 16 16 16 16 16 16 16 13 13 13 13 10 10 3 3 3 3 3 3 3 16 16 16 16 16 16 16 16 16 16 16 16 16 16 7 7 7 7 7 7 7 7 0 0 0 0 15 15 15 15 15 15 15 15 15 13 13 13 13 3 3 3 3 3 3 3 2 2 2 2 2 2 2 2 2 9 9 9 10 10 5 5 5 5 5 5 5 5 8 8 8 6 6 6 6 6 6 6 11 11 11 11 11 11 11 11 4 4 4 4 4 4 4 12 12 12 12 12 6 6 6 6 6 6 6 12 12 12 12 12 