433
100
2
5 5 5 5 5 7 7 7 7 7 8 8 8 8 8 8 8 8 8 8 8 8 8 8 8 20 20 20 20 20 20 20 20 20 20 20 20 20 20 20 20 20 20 20 20 27 27 27 27 27 27 27 27 27 27 27 27 27 27 27 27 27 31 31 31 31 31 31 31 31 31 31 32 32 32 32 32 32 32 32 32 32 32 32 32 32 32 32 33 33 33 34 34 34 34 34 34 34 35 35 35 35 35 35 35 35 41 41 41 41 41 41 41 41 41 41 41 41 41 41 41 48 48 48 48 48 48 48 50 50 50 50 50 50 53 53 53 53 53 54 54 54 54 54 54 54 54 54 54 54 54 54 54 54 54 56 56 56 56 56 56 56 56 56 56 56 57 57 57 57 57 57 57 57 57 58 58 58 64 64 64 64 64 64 64 64 64 64 64 64 64 64 64 64 64 67 67 67 67 67 
116 117 118 119 120 195 196 197 198 199 30 31 32 33 34 35 36 37 38 39 40 41 42 43 44 134 135 136 137 138 10 11 12 13 14 15 16 17 18 19 20 21 22 23 24 155 156 157 158 159 160 161 162 163 164 165 128 129 130 131 132 133 106 107 108 109 110 111 112 113 114 115 139 140 141 142 143 144 145 146 147 91 92 93 94 95 96 97 175 176 177 81 82 83 84 85 86 87 178 179 180 181 182 183 184 185 62 63 64 65 66 67 68 69 70 71 0 1 2 3 4 148 149 150 151 152 153 154 56 57 58 59 60 61 25 26 27 28 29 72 73 74 75 76 77 78 79 80 121 122 123 124 125 126 127 45 46 47 48 49 50 51 52 53 54 55 186 187 188 189 190 191 192 193 194 88 89 90 98 99 100 101 102 103 104 105 166 167 168 169 170 171 172 173 174 5 6 7 8 9 
818 818 818 818 818 389 389 389 389 389 830 830 830 830 830 830 830 830 830 830 830 830 830 830 830 990 990 990 990 990 830 830 830 830 830 830 830 830 830 830 830 830 830 830 830 803 803 803 803 803 803 803 803 803 803 803 939 939 939 939 939 939 395 395 395 395 395 395 395 395 395 395 691 691 691 691 691 691 691 691 691 466 466 466 466 466 466 466 691 691 691 466 466 466 466 466 466 466 617 617 617 617 617 617 617 617 395 395 395 395 395 395 395 395 395 395 818 818 818 818 818 347 347 347 347 347 347 347 939 939 939 939 939 939 990 990 990 990 990 691 691 691 691 691 691 691 691 691 347 347 347 347 347 347 347 803 803 803 803 803 803 803 803 803 803 803 503 503 503 503 503 503 503 503 503 691 691 691 617 617 617 617 617 617 617 617 503 503 503 503 503 503 503 503 503 389 389 389 389 389 
0 1 2 3 4 5 6 7 8 9 10 11 12 13 14 15 16 17 18 19 20 21 22 23 24 25 26 27 28 29 10 11 12 13 14 15 16 17 18 19 20 21 22 23 24 30 31 32 33 34 35 36 37 38 39 40 41 42 43 44 45 46 47 48 49 50 51 52 53 54 55 56 57 58 59 60 61 62 63 64 65 66 67 68 69 70 71 72 73 74 75 66 67 68 69 70 71 72 76 77 78 79 80 81 82 83 47 48 49 50 51 52 53 54 55 56 0 1 2 3 4 84 85 86 87 88 89 90 41 42 43 44 45 46 25 26 27 28 29 57 58 59 60 61 62 63 64 65 84 85 86 87 88 89 90 30 31 32 33 34 35 36 37 38 39 40 91 92 93 94 95 96 97 98 99 73 74 75 76 77 78 79 80 81 82 83 91 92 93 94 95 96 97 98 99 5 6 7 8 9 
65298
13
5 11 3 9 5 7 6 8 10 5 7 9 15 
20 27 33 32 7 32 27 35 31 5 48 57 8 
53 56 58 54 67 34 50 64 41 41 54 64 20 
990 803 691 691 389 466 939 617 395 818 347 503 830 
9 9 9 9 9 4 4 4 4 4 12 12 12 12 12 12 12 12 12 12 12 12 12 12 12 0 0 0 0 0 12 12 12 12 12 12 12 12 12 12 12 12 12 12 12 1 1 1 1 1 1 1 1 1 1 1 6 6 6 6 6 6 8 8 8 8 8 8 8 8 8 8 3 3 3 3 3 3 3 3 3 5 5 5 5 5 5 5 2 2 2 5 5 5 5 5 5 5 7 7 7 7 7 7 7 7 8 8 8 8 8 8 8 8 8 8 9 9 9 9 9 10 10 10 10 10 10 10 6 6 6 6 6 6 0 0 0 0 0 3 3 3 3 3 3 3 3 3 10 10 10 10 10 10 10 1 1 1 1 1 1 1 1 1 1 1 11 11 11 11 11 11 11 11 11 2 2 2 7 7 7 7 7 7 7 7 11 11 11 11 11 11 11 11 11 4 4 4 4 4 