486
100
2
4 4 4 4 4 4 4 4 4 4 4 4 4 5 5 5 5 5 5 5 5 5 5 6 6 6 6 7 7 7 8 8 8 8 8 8 8 10 10 10 10 10 13 13 18 18 18 18 18 18 19 19 19 19 21 21 21 21 21 21 23 23 23 23 23 23 23 26 26 26 26 26 26 26 30 30 30 30 30 30 30 30 30 30 30 35 38 38 39 39 39 39 39 39 40 40 40 40 40 40 41 41 41 41 41 44 44 44 44 44 44 45 45 45 45 45 45 48 48 48 48 48 48 48 48 48 48 48 48 48 48 48 49 49 49 49 49 49 49 49 49 49 50 50 50 50 50 50 50 50 50 50 50 50 52 52 52 52 52 52 52 52 52 56 56 56 56 56 56 56 56 56 56 56 56 60 60 60 62 62 62 62 65 65 65 65 65 65 65 65 65 69 69 69 69 69 69 69 69 69 
111 112 113 114 115 116 78 79 80 81 82 83 84 50 51 52 53 54 55 56 57 58 59 74 75 76 77 154 155 156 60 61 62 63 64 65 66 100 101 102 103 104 86 87 94 95 96 97 98 99 13 14 15 16 17 18 19 20 21 22 30 31 32 33 34 35 36 178 179 180 181 175 176 177 23 24 25 26 6 7 8 9 10 11 12 141 42 43 117 118 119 120 121 122 44 45 46 47 48 49 37 38 39 40 41 157 158 159 160 161 162 0 1 2 3 4 5 88 89 90 91 92 93 132 133 134 135 136 137 138 139 140 123 124 125 126 127 128 129 130 131 85 163 164 165 166 167 168 169 170 171 172 173 174 27 28 29 105 106 107 108 109 110 142 143 144 145 146 147 148 149 150 151 152 153 71 72 73 67 68 69 70 191 192 193 194 195 196 197 198 199 182 183 184 185 186 187 188 189 190 
845 845 845 845 845 845 283 283 283 283 283 283 283 304 304 304 304 317 317 317 317 317 317 545 545 545 545 541 541 541 629 629 629 629 629 629 629 667 667 667 667 667 776 776 415 415 415 415 415 415 304 304 304 304 317 317 317 317 317 317 629 629 629 629 629 629 629 239 239 239 239 322 322 322 545 545 545 545 283 283 283 283 283 283 283 514 776 776 742 742 742 742 742 742 415 415 415 415 415 415 667 667 667 667 667 226 226 226 226 226 226 845 845 845 845 845 845 742 742 742 742 742 742 565 565 565 565 565 565 565 565 565 565 565 565 565 565 565 565 565 565 514 884 884 884 884 884 884 884 884 884 884 884 884 541 541 541 226 226 226 226 226 226 884 884 884 884 884 884 884 884 884 884 884 884 322 322 322 239 239 239 239 389 389 389 389 389 389 389 389 389 389 389 389 389 389 389 389 389 389 
0 1 2 3 4 5 6 7 8 9 10 11 12 13 14 15 16 17 18 19 20 21 22 23 24 25 26 27 28 29 30 31 32 33 34 35 36 37 38 39 40 41 42 43 44 45 46 47 48 49 13 14 15 16 17 18 19 20 21 22 30 31 32 33 34 35 36 50 51 52 53 54 55 56 23 24 25 26 6 7 8 9 10 11 12 57 42 43 58 59 60 61 62 63 44 45 46 47 48 49 37 38 39 40 41 64 65 66 67 68 69 0 1 2 3 4 5 58 59 60 61 62 63 70 71 72 73 74 75 76 77 78 70 71 72 73 74 75 76 77 78 57 79 80 81 82 83 84 85 86 87 88 89 90 27 28 29 64 65 66 67 68 69 79 80 81 82 83 84 85 86 87 88 89 90 54 55 56 50 51 52 53 91 92 93 94 95 96 97 98 99 91 92 93 94 95 96 97 98 99 
53190
18
6 6 9 3 6 4 6 3 7 9 5 4 4 7 6 1 2 12 
18 39 48 7 4 26 44 26 8 65 10 5 6 4 5 35 13 50 
40 48 49 52 45 62 52 60 23 69 41 19 30 30 21 49 38 56 
415 742 565 541 845 239 226 322 629 389 667 304 545 283 317 514 776 884 
4 4 4 4 4 4 13 13 13 13 13 13 13 11 11 11 11 14 14 14 14 14 14 12 12 12 12 3 3 3 8 8 8 8 8 8 8 10 10 10 10 10 16 16 0 0 0 0 0 0 11 11 11 11 14 14 14 14 14 14 8 8 8 8 8 8 8 5 5 5 5 7 7 7 12 12 12 12 13 13 13 13 13 13 13 15 16 16 1 1 1 1 1 1 0 0 0 0 0 0 10 10 10 10 10 6 6 6 6 6 6 4 4 4 4 4 4 1 1 1 1 1 1 2 2 2 2 2 2 2 2 2 2 2 2 2 2 2 2 2 2 15 17 17 17 17 17 17 17 17 17 17 17 17 3 3 3 6 6 6 6 6 6 17 17 17 17 17 17 17 17 17 17 17 17 7 7 7 5 5 5 5 9 9 9 9 9 9 9 9 9 9 9 9 9 9 9 9 9 9 