137
100
2
1 1 1 1 1 1 1 1 1 1 1 11 11 11 11 11 11 11 11 11 11 11 12 12 12 12 12 12 12 12 12 12 17 17 17 17 17 17 17 21 21 21 21 21 21 21 21 21 21 21 21 23 23 23 23 23 23 23 23 23 23 24 24 24 24 26 26 26 26 26 29 29 29 29 29 29 29 29 29 29 29 31 31 31 31 31 31 31 31 31 31 31 33 33 33 34 34 34 34 34 34 34 34 34 36 36 36 36 36 36 36 36 36 36 36 36 36 36 36 36 36 36 40 40 40 40 40 40 40 40 40 40 40 40 40 40 40 40 45 45 45 48 48 48 48 48 48 55 55 55 55 55 58 58 58 58 58 58 58 60 60 60 60 60 60 60 60 60 60 60 60 60 60 63 63 63 63 63 63 67 67 67 67 67 67 67 67 67 67 67 70 70 70 70 70 70 70 70 70 70 
81 82 83 84 85 86 87 88 89 90 91 70 71 72 73 74 75 76 77 78 79 80 51 52 53 54 55 56 57 58 59 60 152 153 154 155 156 157 158 110 111 112 113 114 115 116 117 118 119 120 121 22 23 24 25 26 27 28 29 30 31 190 191 192 193 133 134 135 136 137 11 12 13 14 15 16 17 18 19 20 21 0 1 2 3 4 5 6 7 8 9 10 138 139 140 164 165 166 167 168 169 170 171 172 194 195 196 197 198 199 39 40 41 42 43 44 45 46 47 48 49 50 179 180 181 182 183 184 185 186 187 188 189 65 66 67 68 69 92 93 94 173 174 175 176 177 178 159 160 161 162 163 32 33 34 35 36 37 38 147 148 149 150 151 95 96 97 98 99 100 101 102 103 141 142 143 144 145 146 122 123 124 125 126 127 128 129 130 131 132 61 62 63 64 104 105 106 107 108 109 
939 939 939 939 939 939 939 939 939 939 939 822 822 822 822 822 822 822 822 822 822 822 186 186 186 186 186 186 186 186 186 186 688 688 688 688 688 688 688 953 953 953 953 953 953 953 953 953 953 953 953 186 186 186 186 186 186 186 186 186 186 379 379 379 379 753 753 753 753 753 822 822 822 822 822 822 822 822 822 822 822 939 939 939 939 939 939 939 939 939 939 939 920 920 920 602 602 602 602 602 602 602 602 602 916 916 916 916 916 916 953 953 953 953 953 953 953 953 953 953 953 953 836 836 836 836 836 836 836 836 836 836 836 753 753 753 753 753 920 920 920 595 595 595 595 595 595 976 976 976 976 976 688 688 688 688 688 688 688 976 976 976 976 976 602 602 602 602 602 602 602 602 602 595 595 595 595 595 595 836 836 836 836 836 836 836 836 836 836 836 379 379 379 379 916 916 916 916 916 916 
0 1 2 3 4 5 6 7 8 9 10 11 12 13 14 15 16 17 18 19 20 21 22 23 24 25 26 27 28 29 30 31 32 33 34 35 36 37 38 39 40 41 42 43 44 45 46 47 48 49 50 22 23 24 25 26 27 28 29 30 31 51 52 53 54 55 56 57 58 59 11 12 13 14 15 16 17 18 19 20 21 0 1 2 3 4 5 6 7 8 9 10 60 61 62 63 64 65 66 67 68 69 70 71 72 73 74 75 76 77 39 40 41 42 43 44 45 46 47 48 49 50 78 79 80 81 82 83 84 85 86 87 88 55 56 57 58 59 60 61 62 89 90 91 92 93 94 95 96 97 98 99 32 33 34 35 36 37 38 95 96 97 98 99 63 64 65 66 67 68 69 70 71 89 90 91 92 93 94 78 79 80 81 82 83 84 85 86 87 88 51 52 53 54 72 73 74 75 76 77 
74084
13
4 6 11 7 12 5 11 6 5 9 3 10 11 
24 36 40 17 21 55 11 48 26 34 33 12 1 
70 70 67 58 36 60 29 63 40 60 45 23 31 
379 916 836 688 953 976 822 595 753 602 920 186 939 
12 12 12 12 12 12 12 12 12 12 12 6 6 6 6 6 6 6 6 6 6 6 11 11 11 11 11 11 11 11 11 11 3 3 3 3 3 3 3 4 4 4 4 4 4 4 4 4 4 4 4 11 11 11 11 11 11 11 11 11 11 0 0 0 0 8 8 8 8 8 6 6 6 6 6 6 6 6 6 6 6 12 12 12 12 12 12 12 12 12 12 12 10 10 10 9 9 9 9 9 9 9 9 9 1 1 1 1 1 1 4 4 4 4 4 4 4 4 4 4 4 4 2 2 2 2 2 2 2 2 2 2 2 8 8 8 8 8 10 10 10 7 7 7 7 7 7 5 5 5 5 5 3 3 3 3 3 3 3 5 5 5 5 5 9 9 9 9 9 9 9 9 9 7 7 7 7 7 7 2 2 2 2 2 2 2 2 2 2 2 0 0 0 0 1 1 1 1 1 1 