669
100
2
1 1 1 1 1 1 1 1 1 1 1 1 1 1 1 2 2 2 2 2 3 3 3 3 3 3 3 3 3 3 4 4 4 4 5 5 5 5 7 7 9 9 9 9 10 10 10 15 16 16 16 16 18 18 18 21 21 21 21 21 21 21 21 29 29 29 29 31 31 31 31 31 31 31 31 32 32 32 32 33 33 33 35 35 35 35 37 37 37 39 39 39 39 39 41 41 41 41 42 42 42 42 42 43 43 43 44 44 44 44 44 46 46 46 46 46 46 46 46 46 46 46 46 47 47 47 47 47 47 47 47 47 47 47 47 47 47 48 48 48 48 50 50 52 53 53 53 54 54 54 56 56 56 56 56 57 57 57 58 58 58 58 58 59 59 59 59 63 63 64 64 64 64 64 64 64 64 64 65 65 65 65 65 66 66 66 66 70 70 70 70 70 70 70 70 70 70 70 70 70 
15 123 124 125 126 127 128 129 130 131 132 133 134 135 136 0 159 160 161 162 195 196 197 198 199 89 90 91 92 93 94 95 96 97 40 41 42 43 73 74 34 35 36 37 100 101 102 143 111 112 113 114 192 193 194 79 80 81 173 174 175 176 177 158 144 145 146 75 76 77 78 137 138 38 39 67 68 69 70 55 56 57 119 120 121 122 155 156 157 25 26 27 28 29 30 31 32 33 167 168 44 45 46 147 148 149 187 188 189 190 191 48 49 50 51 163 164 165 166 82 83 84 85 1 2 3 4 5 6 7 8 9 10 11 12 13 14 71 72 141 142 139 140 47 64 65 66 103 104 105 178 179 180 181 182 86 87 88 63 16 17 18 19 115 116 117 118 98 99 183 184 185 186 58 59 60 61 62 150 151 152 153 154 169 170 171 172 106 107 108 109 110 52 53 54 20 21 22 23 24 
951 497 497 497 497 497 497 497 497 497 497 497 497 497 497 951 320 320 320 320 938 938 938 938 938 938 938 938 938 938 343 343 343 343 360 360 360 360 317 317 360 360 360 360 616 616 616 549 187 187 187 187 655 655 655 351 351 351 178 178 178 178 178 850 637 637 637 342 342 342 342 295 295 317 317 342 342 342 342 351 351 351 553 553 553 553 599 599 599 938 938 938 938 938 343 343 343 343 247 247 616 616 616 407 407 407 430 430 430 430 430 187 187 187 187 232 232 232 232 553 553 553 553 497 497 497 497 497 497 497 497 497 497 497 497 497 497 295 295 233 233 233 233 549 637 637 637 407 407 407 732 732 732 732 732 599 599 599 850 320 320 320 320 232 232 232 232 247 247 354 354 354 354 178 178 178 178 178 732 732 732 732 732 354 354 354 354 430 430 430 430 430 655 655 655 938 938 938 938 938 
0 1 2 3 4 5 6 7 8 9 10 11 12 13 14 0 15 16 17 18 19 20 21 22 23 24 25 26 27 28 29 30 31 32 33 34 35 36 37 38 33 34 35 36 39 40 41 42 43 44 45 46 47 48 49 50 51 52 53 54 55 56 57 58 59 60 61 62 63 64 65 66 67 37 38 62 63 64 65 50 51 52 68 69 70 71 72 73 74 24 25 26 27 28 29 30 31 32 75 76 39 40 41 77 78 79 80 81 82 83 84 43 44 45 46 85 86 87 88 68 69 70 71 1 2 3 4 5 6 7 8 9 10 11 12 13 14 66 67 89 90 89 90 42 59 60 61 77 78 79 91 92 93 94 95 72 73 74 58 15 16 17 18 85 86 87 88 75 76 96 97 98 99 53 54 55 56 57 91 92 93 94 95 96 97 98 99 80 81 82 83 84 47 48 49 19 20 21 22 23 
48131
28
4 2 2 5 3 4 2 3 3 1 4 1 5 4 3 4 5 3 4 4 1 2 0 4 5 5 3 14 
31 31 42 44 18 16 7 21 43 1 4 29 3 46 29 2 3 37 35 64 15 48 3 5 21 56 10 1 
32 48 63 70 70 46 31 33 54 2 41 58 70 59 53 58 39 57 46 66 52 50 16 9 64 65 42 47 
342 295 247 430 655 187 317 351 407 951 343 850 938 232 637 320 938 599 553 354 549 233 772 360 178 732 616 497 
9 27 27 27 27 27 27 27 27 27 27 27 27 27 27 9 15 15 15 15 12 12 12 12 12 16 16 16 16 16 10 10 10 10 23 23 23 23 6 6 23 23 23 23 26 26 26 20 5 5 5 5 4 4 4 7 7 7 24 24 24 24 24 11 14 14 14 0 0 0 0 1 1 6 6 0 0 0 0 7 7 7 18 18 18 18 17 17 17 16 16 16 16 16 10 10 10 10 2 2 26 26 26 8 8 8 3 3 3 3 3 5 5 5 5 13 13 13 13 18 18 18 18 27 27 27 27 27 27 27 27 27 27 27 27 27 27 1 1 21 21 21 21 20 14 14 14 8 8 8 25 25 25 25 25 17 17 17 11 15 15 15 15 13 13 13 13 2 2 19 19 19 19 24 24 24 24 24 25 25 25 25 25 19 19 19 19 3 3 3 3 3 4 4 4 12 12 12 12 12 