992
100
2
4 4 4 4 4 4 4 4 4 4 4 4 10 10 10 10 10 10 10 10 10 12 12 12 12 14 14 14 14 14 14 14 14 14 14 14 15 15 15 15 15 15 15 15 15 15 15 15 17 17 17 17 17 17 17 17 17 17 18 18 18 18 18 18 18 18 18 18 18 18 19 19 19 19 19 19 19 19 19 19 19 19 19 19 19 26 26 26 26 26 26 26 26 26 26 26 26 31 31 31 31 31 32 32 32 32 32 34 34 34 34 34 34 34 34 38 38 38 38 38 38 38 38 38 38 38 38 38 38 38 38 41 41 41 41 41 44 44 44 44 44 44 44 44 44 47 47 47 47 47 51 51 51 51 65 65 65 65 65 65 65 65 65 67 67 67 67 67 67 67 67 67 67 69 69 69 69 69 69 69 69 69 69 69 69 69 69 69 69 69 69 69 70 70 70 70 70 70 70 70 
85 86 87 88 89 90 91 92 93 94 95 96 115 116 117 118 119 120 121 122 123 150 151 152 153 181 182 183 184 185 186 187 188 189 190 191 58 59 60 61 62 63 64 65 66 67 68 69 163 164 165 166 167 168 169 170 171 172 36 37 38 39 40 41 42 43 44 45 46 47 107 108 109 110 111 112 113 114 124 125 126 127 128 129 130 0 1 2 3 4 5 6 7 8 9 10 11 102 103 104 105 106 97 98 99 100 101 70 71 72 73 74 75 76 77 12 13 14 15 16 17 18 19 20 78 79 80 81 82 83 84 145 146 147 148 149 154 155 156 157 158 159 160 161 162 131 132 133 134 135 21 22 23 24 136 137 138 139 140 141 142 143 144 48 49 50 51 52 53 54 55 56 57 192 193 194 195 196 197 198 199 25 26 27 28 29 30 31 32 33 34 35 173 174 175 176 177 178 179 180 
547 547 547 547 547 547 547 547 547 547 547 547 515 515 515 515 515 515 515 515 515 812 812 812 812 220 220 220 220 220 220 220 220 220 220 220 808 808 808 808 808 808 808 808 808 808 808 808 343 343 343 343 343 343 343 343 343 343 808 808 808 808 808 808 808 808 808 808 808 808 811 811 811 811 811 811 811 811 710 710 710 710 710 710 710 547 547 547 547 547 547 547 547 547 547 547 547 573 573 573 573 573 573 573 573 573 573 811 811 811 811 811 811 811 811 515 515 515 515 515 515 515 515 515 710 710 710 710 710 710 710 863 863 863 863 863 878 878 878 878 878 878 878 878 878 863 863 863 863 863 812 812 812 812 878 878 878 878 878 878 878 878 878 343 343 343 343 343 343 343 343 343 343 628 628 628 628 628 628 628 628 220 220 220 220 220 220 220 220 220 220 220 628 628 628 628 628 628 628 628 
0 1 2 3 4 5 6 7 8 9 10 11 12 13 14 15 16 17 18 19 20 21 22 23 24 25 26 27 28 29 30 31 32 33 34 35 36 37 38 39 40 41 42 43 44 45 46 47 48 49 50 51 52 53 54 55 56 57 36 37 38 39 40 41 42 43 44 45 46 47 58 59 60 61 62 63 64 65 66 67 68 69 70 71 72 0 1 2 3 4 5 6 7 8 9 10 11 73 74 75 76 77 73 74 75 76 77 58 59 60 61 62 63 64 65 12 13 14 15 16 17 18 19 20 66 67 68 69 70 71 72 78 79 80 81 82 83 84 85 86 87 88 89 90 91 78 79 80 81 82 21 22 23 24 83 84 85 86 87 88 89 90 91 48 49 50 51 52 53 54 55 56 57 92 93 94 95 96 97 98 99 25 26 27 28 29 30 31 32 33 34 35 92 93 94 95 96 97 98 99 
61557
12
10 8 9 9 5 8 7 4 12 11 5 12 
17 19 10 44 31 69 19 12 15 14 41 4 
67 34 38 65 32 70 38 51 18 69 47 26 
343 811 515 878 573 628 710 812 808 220 863 547 
11 11 11 11 11 11 11 11 11 11 11 11 2 2 2 2 2 2 2 2 2 7 7 7 7 9 9 9 9 9 9 9 9 9 9 9 8 8 8 8 8 8 8 8 8 8 8 8 0 0 0 0 0 0 0 0 0 0 8 8 8 8 8 8 8 8 8 8 8 8 1 1 1 1 1 1 1 1 6 6 6 6 6 6 6 11 11 11 11 11 11 11 11 11 11 11 11 4 4 4 4 4 4 4 4 4 4 1 1 1 1 1 1 1 1 2 2 2 2 2 2 2 2 2 6 6 6 6 6 6 6 10 10 10 10 10 3 3 3 3 3 3 3 3 3 10 10 10 10 10 7 7 7 7 3 3 3 3 3 3 3 3 3 0 0 0 0 0 0 0 0 0 0 5 5 5 5 5 5 5 5 9 9 9 9 9 9 9 9 9 9 9 5 5 5 5 5 5 5 5 