949
100
2
1 1 1 1 6 6 6 6 6 7 7 7 7 7 7 7 7 7 7 7 7 10 10 10 10 10 10 10 10 10 12 12 12 12 12 12 12 12 12 12 12 12 12 13 13 13 14 14 14 14 14 15 15 15 15 15 16 16 16 16 16 16 16 16 16 17 17 17 19 19 19 19 19 19 20 20 20 22 22 22 22 22 25 25 25 25 25 26 26 26 26 26 26 26 26 26 26 26 26 26 29 29 31 31 31 31 33 33 33 33 33 33 33 33 33 33 33 33 33 36 36 36 36 49 49 49 49 49 49 49 49 56 57 57 57 57 57 57 57 57 57 57 58 58 58 58 58 58 58 58 58 62 62 62 62 62 62 66 66 66 66 66 66 66 66 66 66 66 66 66 66 66 66 66 66 67 67 67 67 67 67 67 67 67 68 68 68 68 68 70 70 70 70 70 70 70 70 70 70 70 
119 120 121 122 60 61 62 63 64 65 66 67 175 176 177 178 179 180 181 182 183 166 167 168 169 170 171 172 173 174 87 88 89 90 91 92 93 94 95 96 97 98 99 84 85 86 77 78 79 80 81 106 107 108 109 110 102 103 104 105 4 5 6 7 8 9 10 11 151 152 153 154 155 156 186 187 188 46 47 48 49 50 184 185 43 44 45 30 31 32 33 34 35 36 37 38 39 40 41 42 198 199 56 57 58 59 51 52 53 54 55 123 124 125 126 127 128 129 130 0 1 2 3 111 112 113 114 115 116 117 118 132 131 189 190 191 192 193 194 195 196 197 157 158 159 160 161 162 163 164 165 68 69 70 71 72 73 142 143 144 145 146 147 148 149 150 21 22 23 24 25 26 27 28 29 12 13 14 15 16 17 18 19 20 82 83 74 75 76 133 134 135 136 137 138 139 140 141 100 101 
928 928 928 928 375 375 375 375 375 755 755 755 256 256 256 256 256 256 256 256 256 969 969 969 969 969 969 969 969 969 467 467 467 467 467 467 467 467 467 467 467 467 467 395 395 395 553 553 553 553 553 407 407 407 407 407 262 262 262 262 375 375 375 375 375 755 755 755 669 669 669 669 669 669 290 290 290 553 553 553 553 553 390 390 395 395 395 467 467 467 467 467 467 467 467 467 467 467 467 467 764 764 262 262 262 262 407 407 407 407 407 705 705 705 705 705 705 705 705 928 928 928 928 705 705 705 705 705 705 705 705 648 648 671 671 671 671 671 671 671 671 671 957 957 957 957 957 957 957 957 957 669 669 669 669 669 669 957 957 957 957 957 957 957 957 957 969 969 969 969 969 969 969 969 969 256 256 256 256 256 256 256 256 256 390 390 290 290 290 671 671 671 671 671 671 671 671 671 764 764 
0 1 2 3 4 5 6 7 8 9 10 11 12 13 14 15 16 17 18 19 20 21 22 23 24 25 26 27 28 29 30 31 32 33 34 35 36 37 38 39 40 41 42 43 44 45 46 47 48 49 50 51 52 53 54 55 56 57 58 59 4 5 6 7 8 9 10 11 60 61 62 63 64 65 66 67 68 46 47 48 49 50 69 70 43 44 45 30 31 32 33 34 35 36 37 38 39 40 41 42 71 72 56 57 58 59 51 52 53 54 55 73 74 75 76 77 78 79 80 0 1 2 3 73 74 75 76 77 78 79 80 81 81 82 83 84 85 86 87 88 89 90 91 92 93 94 95 96 97 98 99 60 61 62 63 64 65 91 92 93 94 95 96 97 98 99 21 22 23 24 25 26 27 28 29 12 13 14 15 16 17 18 19 20 69 70 66 67 68 82 83 84 85 86 87 88 89 90 71 72 
60113
18
5 1 9 9 2 4 3 5 8 9 2 3 3 4 6 9 5 13 
15 56 57 58 25 1 7 14 33 10 29 13 20 16 19 7 6 12 
33 57 70 66 68 36 17 22 49 66 70 25 68 31 62 67 16 26 
407 648 671 957 390 928 755 553 705 969 764 395 290 262 669 256 375 467 
5 5 5 5 16 16 16 16 16 6 6 6 15 15 15 15 15 15 15 15 15 9 9 9 9 9 9 9 9 9 17 17 17 17 17 17 17 17 17 17 17 17 17 11 11 11 7 7 7 7 7 0 0 0 0 0 13 13 13 13 16 16 16 16 16 6 6 6 14 14 14 14 14 14 12 12 12 7 7 7 7 7 4 4 11 11 11 17 17 17 17 17 17 17 17 17 17 17 17 17 10 10 13 13 13 13 0 0 0 0 0 8 8 8 8 8 8 8 8 5 5 5 5 8 8 8 8 8 8 8 8 1 1 2 2 2 2 2 2 2 2 2 3 3 3 3 3 3 3 3 3 14 14 14 14 14 14 3 3 3 3 3 3 3 3 3 9 9 9 9 9 9 9 9 9 15 15 15 15 15 15 15 15 15 4 4 12 12 12 2 2 2 2 2 2 2 2 2 10 10 