392
100
2
1 1 2 3 3 3 3 3 3 3 4 4 4 4 4 4 4 4 7 8 8 9 9 9 9 12 13 13 13 13 13 13 13 13 13 13 13 13 13 13 13 13 13 13 13 14 14 15 15 15 15 15 17 17 18 18 18 18 18 18 18 18 20 20 20 20 22 22 22 22 22 23 23 23 23 23 24 24 24 24 24 24 24 24 24 24 25 25 26 26 26 26 26 27 27 28 28 28 28 28 28 28 28 28 31 31 37 37 40 40 40 40 40 41 41 41 41 43 43 43 43 43 45 45 45 45 45 45 46 46 46 46 51 53 53 53 53 53 53 53 56 57 57 58 58 58 58 58 58 58 58 60 60 60 60 60 60 60 60 60 60 60 60 60 60 60 60 60 60 60 60 60 60 61 61 62 62 62 62 62 65 65 65 65 65 65 65 65 68 68 70 70 70 70 70 70 70 70 70 70 
138 139 132 175 176 177 178 179 173 174 185 186 187 66 67 68 69 70 59 143 144 113 114 115 116 140 154 155 156 157 158 159 160 161 162 163 164 165 166 167 168 169 170 171 172 106 107 117 118 119 120 121 95 96 97 98 99 100 101 18 102 103 128 129 130 131 13 14 15 16 17 133 134 135 136 137 180 181 182 183 184 88 89 90 91 92 198 199 81 82 83 84 85 188 189 52 53 54 55 56 57 58 60 61 141 142 45 46 193 194 195 196 197 21 22 23 24 47 48 49 50 51 145 146 147 148 149 150 62 63 64 65 2 71 72 73 74 75 0 1 25 104 105 19 20 122 123 124 125 126 127 190 191 192 26 27 28 29 30 31 32 33 34 35 36 37 38 39 40 41 42 43 44 8 9 3 4 5 6 7 76 77 78 79 80 10 11 12 93 94 151 152 153 108 109 110 111 112 86 87 
801 801 429 717 717 717 717 717 643 643 404 404 404 514 514 514 514 514 370 876 876 698 698 698 698 658 837 837 837 837 837 837 837 837 837 837 837 837 837 837 837 837 837 837 837 658 658 660 660 660 660 660 341 341 542 542 542 542 542 370 545 545 234 234 234 234 514 514 514 514 514 976 976 976 976 976 750 750 750 750 750 763 763 763 763 763 322 322 763 763 763 763 763 728 728 341 341 542 542 542 542 542 545 545 829 829 658 658 326 326 326 326 326 698 698 698 698 660 660 660 660 660 623 623 623 623 623 623 234 234 234 234 429 976 976 976 976 976 801 801 658 829 829 876 876 623 623 623 623 623 623 558 558 558 837 837 837 837 837 837 837 837 837 837 837 837 837 837 837 837 837 837 837 643 643 717 717 717 717 717 750 750 750 750 750 404 404 404 728 728 558 558 558 326 326 326 326 326 322 322 
0 1 2 3 4 5 6 7 8 9 10 11 12 13 14 15 16 17 18 19 20 21 22 23 24 25 26 27 28 29 30 31 32 33 34 35 36 37 38 39 40 41 42 43 44 45 46 47 48 49 50 51 52 53 54 55 56 57 58 18 59 60 61 62 63 64 13 14 15 16 17 65 66 67 68 69 70 71 72 73 74 75 76 77 78 79 80 81 75 76 77 78 79 82 83 52 53 54 55 56 57 58 59 60 84 85 45 46 86 87 88 89 90 21 22 23 24 47 48 49 50 51 91 92 93 94 95 96 61 62 63 64 2 65 66 67 68 69 0 1 25 84 85 19 20 91 92 93 94 95 96 97 98 99 26 27 28 29 30 31 32 33 34 35 36 37 38 39 40 41 42 43 44 8 9 3 4 5 6 7 70 71 72 73 74 10 11 12 82 83 97 98 99 86 87 88 89 90 80 81 
65438
26
5 2 5 4 2 3 5 5 2 3 2 5 5 1 5 1 2 6 5 2 1 2 4 2 2 19 
24 17 23 20 31 4 3 15 3 60 8 4 24 2 40 12 14 45 18 1 7 25 9 27 18 13 
65 28 53 46 57 65 62 43 61 70 58 22 26 51 70 56 37 58 28 53 18 70 41 68 28 60 
750 341 976 234 829 404 717 660 643 558 876 514 763 429 326 658 658 623 542 801 370 322 698 728 545 837 
19 19 13 6 6 6 6 6 8 8 5 5 5 11 11 11 11 11 20 10 10 22 22 22 22 15 25 25 25 25 25 25 25 25 25 25 25 25 25 25 25 25 25 25 25 16 16 7 7 7 7 7 1 1 18 18 18 18 18 20 24 24 3 3 3 3 11 11 11 11 11 2 2 2 2 2 0 0 0 0 0 12 12 12 12 12 21 21 12 12 12 12 12 23 23 1 1 18 18 18 18 18 24 24 4 4 16 16 14 14 14 14 14 22 22 22 22 7 7 7 7 7 17 17 17 17 17 17 3 3 3 3 13 2 2 2 2 2 19 19 15 4 4 10 10 17 17 17 17 17 17 9 9 9 25 25 25 25 25 25 25 25 25 25 25 25 25 25 25 25 25 25 25 8 8 6 6 6 6 6 0 0 0 0 0 5 5 5 23 23 9 9 9 14 14 14 14 14 21 21 