652
100
2
2 2 2 2 4 4 4 4 8 8 8 8 8 8 8 8 8 8 8 8 8 8 9 9 9 9 9 9 9 9 11 11 11 11 11 11 11 11 11 11 11 16 16 16 16 16 16 16 16 16 16 17 17 17 17 17 17 17 17 17 17 21 21 21 21 21 21 21 21 23 23 23 25 25 25 25 25 25 25 25 29 29 29 29 29 29 29 29 29 29 29 29 29 29 29 29 29 31 31 31 31 31 31 31 31 32 32 32 32 32 32 32 32 32 32 32 36 36 36 36 36 36 36 39 39 39 41 41 41 41 41 41 41 41 41 41 41 41 41 41 41 44 44 44 44 44 44 44 44 44 44 47 47 47 47 50 50 50 50 50 50 50 52 52 52 60 60 60 60 60 60 60 60 60 60 60 61 61 61 61 62 62 62 62 62 62 62 66 66 66 66 66 66 66 66 66 66 67 67 67 
151 152 153 154 137 138 139 140 176 177 178 179 41 42 43 44 45 46 47 48 49 50 61 62 63 64 65 66 67 68 126 127 128 129 130 131 132 133 134 135 136 12 13 14 15 16 17 18 19 20 21 187 188 189 190 191 192 193 194 195 196 22 23 24 25 26 27 28 29 197 198 199 97 98 99 100 101 102 103 104 155 156 157 158 159 160 161 141 142 143 144 145 146 147 148 149 150 72 73 74 75 76 77 78 79 165 166 167 168 169 170 171 172 173 174 175 180 181 182 183 184 185 186 162 163 164 30 31 32 33 34 35 36 37 38 39 40 4 5 6 7 87 88 89 90 91 92 93 94 95 96 0 1 2 3 80 81 82 83 84 85 86 123 124 125 105 106 107 108 109 110 111 112 113 114 115 8 9 10 11 116 117 118 119 120 121 122 51 52 53 54 55 56 57 58 59 60 69 70 71 
486 486 486 486 198 198 198 198 480 480 480 480 478 478 478 478 478 478 478 478 478 478 924 924 924 924 924 924 924 924 991 991 991 991 991 991 991 991 991 991 991 478 478 478 478 478 478 478 478 478 478 682 682 682 682 682 682 682 682 682 682 924 924 924 924 924 924 924 924 209 209 209 393 393 393 393 393 393 393 393 489 489 489 489 489 489 489 492 492 492 492 492 492 492 492 492 492 393 393 393 393 393 393 393 393 918 918 918 918 918 918 918 918 918 918 918 961 961 961 961 961 961 961 169 169 169 991 991 991 991 991 991 991 991 991 991 991 198 198 198 198 492 492 492 492 492 492 492 492 492 492 486 486 486 486 489 489 489 489 489 489 489 169 169 169 918 918 918 918 918 918 918 918 918 918 918 480 480 480 480 961 961 961 961 961 961 961 682 682 682 682 682 682 682 682 682 682 209 209 209 
0 1 2 3 4 5 6 7 8 9 10 11 12 13 14 15 16 17 18 19 20 21 22 23 24 25 26 27 28 29 30 31 32 33 34 35 36 37 38 39 40 12 13 14 15 16 17 18 19 20 21 41 42 43 44 45 46 47 48 49 50 22 23 24 25 26 27 28 29 51 52 53 54 55 56 57 58 59 60 61 62 63 64 65 66 67 68 69 70 71 72 73 74 75 76 77 78 54 55 56 57 58 59 60 61 79 80 81 82 83 84 85 86 87 88 89 90 91 92 93 94 95 96 97 98 99 30 31 32 33 34 35 36 37 38 39 40 4 5 6 7 69 70 71 72 73 74 75 76 77 78 0 1 2 3 62 63 64 65 66 67 68 97 98 99 79 80 81 82 83 84 85 86 87 88 89 8 9 10 11 90 91 92 93 94 95 96 41 42 43 44 45 46 47 48 49 50 51 52 53 
63995
14
3 3 11 7 7 4 10 11 8 4 10 8 4 10 
23 39 11 29 36 8 8 32 9 2 29 25 4 17 
67 52 41 50 62 61 16 60 21 47 44 31 41 66 
209 169 991 489 961 480 478 918 924 486 492 393 198 682 
9 9 9 9 12 12 12 12 5 5 5 5 6 6 6 6 6 6 6 6 6 6 8 8 8 8 8 8 8 8 2 2 2 2 2 2 2 2 2 2 2 6 6 6 6 6 6 6 6 6 6 13 13 13 13 13 13 13 13 13 13 8 8 8 8 8 8 8 8 0 0 0 11 11 11 11 11 11 11 11 3 3 3 3 3 3 3 10 10 10 10 10 10 10 10 10 10 11 11 11 11 11 11 11 11 7 7 7 7 7 7 7 7 7 7 7 4 4 4 4 4 4 4 1 1 1 2 2 2 2 2 2 2 2 2 2 2 12 12 12 12 10 10 10 10 10 10 10 10 10 10 9 9 9 9 3 3 3 3 3 3 3 1 1 1 7 7 7 7 7 7 7 7 7 7 7 5 5 5 5 4 4 4 4 4 4 4 13 13 13 13 13 13 13 13 13 13 0 0 0 