936
100
2
2 2 2 2 2 2 2 2 2 2 2 9 9 14 14 15 15 15 15 15 15 15 15 15 22 22 22 22 22 22 22 22 25 25 25 25 25 25 25 25 25 25 25 25 25 25 25 26 26 26 26 26 26 26 26 26 26 32 32 32 32 32 33 33 33 33 33 33 36 36 36 36 39 39 39 39 39 39 39 39 41 41 41 41 41 41 41 43 43 43 43 43 43 43 43 43 43 43 43 43 43 43 44 44 44 44 46 46 49 49 49 49 51 51 51 51 55 55 55 55 55 55 55 55 55 55 55 55 55 55 56 56 56 56 59 59 59 59 59 59 59 59 59 59 59 59 59 60 60 61 61 61 61 65 65 65 65 65 65 65 65 65 65 65 65 65 65 66 66 66 66 66 66 66 66 67 67 67 67 69 69 69 69 69 69 69 69 69 69 70 70 70 70 70 70 70 70 70 70 70 
47 48 49 24 25 26 27 28 29 30 31 147 148 62 63 32 33 34 35 36 37 38 39 40 3 4 5 6 7 8 9 10 15 16 17 18 19 20 21 22 23 91 92 93 94 95 96 0 1 2 80 81 82 83 84 85 86 179 180 181 182 183 13 14 134 135 136 137 102 103 104 105 167 168 169 170 171 172 173 174 50 51 52 53 54 55 56 112 113 114 115 41 42 43 44 45 46 184 185 186 187 188 68 69 70 71 198 199 130 131 132 133 87 88 89 90 153 154 155 156 157 158 159 160 161 162 163 164 165 166 108 109 110 111 64 65 66 67 189 190 191 192 193 194 195 196 197 11 12 175 176 177 178 116 117 118 119 120 121 122 123 124 125 126 127 128 129 72 73 74 75 76 77 78 79 149 150 151 152 57 58 59 60 61 97 98 99 100 101 138 139 140 141 142 143 144 145 146 106 107 
869 869 869 609 609 609 609 609 609 609 609 236 236 163 163 682 682 682 682 682 682 682 682 682 609 609 609 609 609 609 609 609 682 682 682 682 682 682 682 682 682 556 556 556 556 556 556 869 869 869 413 413 413 413 413 413 413 530 530 530 530 530 163 163 847 847 847 847 804 804 804 804 670 670 670 670 670 670 670 670 413 413 413 413 413 413 413 545 545 545 545 556 556 556 556 556 556 831 831 831 831 831 804 804 804 804 326 326 783 783 783 783 545 545 545 545 315 315 315 315 315 315 315 315 315 315 315 315 315 315 783 783 783 783 847 847 847 847 303 303 303 303 303 303 303 303 303 236 236 860 860 860 860 315 315 315 315 315 315 315 315 315 315 315 315 315 315 670 670 670 670 670 670 670 670 860 860 860 860 530 530 530 530 530 831 831 831 831 831 303 303 303 303 303 303 303 303 303 326 326 
0 1 2 3 4 5 6 7 8 9 10 11 12 13 14 15 16 17 18 19 20 21 22 23 3 4 5 6 7 8 9 10 15 16 17 18 19 20 21 22 23 24 25 26 27 28 29 0 1 2 30 31 32 33 34 35 36 37 38 39 40 41 13 14 42 43 44 45 46 47 48 49 50 51 52 53 54 55 56 57 30 31 32 33 34 35 36 58 59 60 61 24 25 26 27 28 29 62 63 64 65 66 46 47 48 49 67 68 69 70 71 72 58 59 60 61 73 74 75 76 77 78 79 80 81 82 83 84 85 86 69 70 71 72 42 43 44 45 87 88 89 90 91 92 93 94 95 11 12 96 97 98 99 73 74 75 76 77 78 79 80 81 82 83 84 85 86 50 51 52 53 54 55 56 57 96 97 98 99 37 38 39 40 41 62 63 64 65 66 87 88 89 90 91 92 93 94 95 67 68 
55952
18
3 8 4 8 5 2 4 9 4 9 2 4 6 5 7 4 2 14 
2 2 43 39 32 14 61 15 33 59 9 49 25 43 26 36 46 55 
26 22 51 66 69 33 67 25 59 70 60 56 43 69 41 44 70 65 
869 609 545 670 530 163 860 682 847 303 236 783 556 831 413 804 326 315 
0 0 0 1 1 1 1 1 1 1 1 10 10 5 5 7 7 7 7 7 7 7 7 7 1 1 1 1 1 1 1 1 7 7 7 7 7 7 7 7 7 12 12 12 12 12 12 0 0 0 14 14 14 14 14 14 14 4 4 4 4 4 5 5 8 8 8 8 15 15 15 15 3 3 3 3 3 3 3 3 14 14 14 14 14 14 14 2 2 2 2 12 12 12 12 12 12 13 13 13 13 13 15 15 15 15 16 16 11 11 11 11 2 2 2 2 17 17 17 17 17 17 17 17 17 17 17 17 17 17 11 11 11 11 8 8 8 8 9 9 9 9 9 9 9 9 9 10 10 6 6 6 6 17 17 17 17 17 17 17 17 17 17 17 17 17 17 3 3 3 3 3 3 3 3 6 6 6 6 4 4 4 4 4 13 13 13 13 13 9 9 9 9 9 9 9 9 9 16 16 