60
100
2
1 1 1 1 1 1 1 1 1 1 2 2 2 2 2 2 2 2 3 3 3 3 3 3 3 3 6 6 6 6 6 6 6 8 8 8 8 8 8 8 8 9 9 9 29 29 29 29 29 29 29 31 31 31 33 33 33 33 33 33 33 33 33 33 34 34 34 34 34 34 34 34 34 34 39 39 39 39 39 39 39 39 39 39 39 40 40 40 40 40 40 40 40 40 40 42 42 42 42 42 42 42 43 43 43 43 43 43 43 44 44 44 44 44 44 44 44 44 44 44 46 46 46 47 47 47 47 47 47 47 47 47 47 49 49 49 49 49 49 49 49 49 49 49 49 49 49 49 49 49 49 49 49 49 49 51 51 51 51 51 51 51 51 51 51 58 58 58 58 58 58 58 64 64 64 64 64 64 64 64 64 64 64 64 64 64 64 64 64 64 65 65 65 65 65 65 65 69 69 69 
85 86 87 88 89 90 91 92 93 94 172 173 174 175 176 177 178 179 33 34 35 36 37 38 39 40 165 166 167 168 169 170 171 18 19 20 21 22 23 24 25 51 52 53 190 191 192 193 194 195 196 41 42 43 64 65 66 67 68 69 70 71 72 73 54 55 56 57 58 59 60 61 62 63 144 145 146 147 148 149 150 151 152 153 154 0 1 2 3 4 5 6 7 8 9 102 103 104 105 106 107 108 95 96 97 98 99 100 101 133 134 135 136 137 138 139 140 141 142 143 197 198 199 124 123 126 125 128 127 130 129 132 131 109 110 111 112 113 114 115 116 117 118 119 74 75 76 77 78 79 80 81 82 83 84 180 181 182 183 184 185 186 187 188 189 26 27 28 29 30 31 32 10 11 12 13 14 15 16 17 155 156 157 158 159 160 161 162 163 164 44 45 46 47 48 49 50 120 121 122 
628 628 628 628 628 628 628 628 628 628 777 777 777 777 777 777 777 777 798 798 798 798 798 798 798 798 699 699 699 699 699 699 699 798 798 798 798 798 798 798 798 279 279 279 824 824 824 824 824 824 824 279 279 279 974 974 974 974 974 974 974 974 974 974 974 974 974 974 974 974 974 974 974 974 466 466 466 466 466 466 466 466 466 466 466 628 628 628 628 628 628 628 628 628 628 907 907 907 907 907 907 907 907 907 907 907 907 907 907 783 783 783 783 783 783 783 783 783 783 783 936 936 936 266 266 266 266 266 266 266 266 266 266 783 783 783 783 783 783 783 783 783 783 783 466 466 466 466 466 466 466 466 466 466 466 885 885 885 885 885 885 885 885 885 885 699 699 699 699 699 699 699 777 777 777 777 777 777 777 777 885 885 885 885 885 885 885 885 885 885 824 824 824 824 824 824 824 936 936 936 
0 1 2 3 4 5 6 7 8 9 10 11 12 13 14 15 16 17 18 19 20 21 22 23 24 25 26 27 28 29 30 31 32 18 19 20 21 22 23 24 25 33 34 35 36 37 38 39 40 41 42 33 34 35 43 44 45 46 47 48 49 50 51 52 43 44 45 46 47 48 49 50 51 52 53 54 55 56 57 58 59 60 61 62 63 0 1 2 3 4 5 6 7 8 9 64 65 66 67 68 69 70 64 65 66 67 68 69 70 71 72 73 74 75 76 77 78 79 80 81 82 83 84 85 85 86 86 87 87 88 88 89 89 71 72 73 74 75 76 77 78 79 80 81 53 54 55 56 57 58 59 60 61 62 63 90 91 92 93 94 95 96 97 98 99 26 27 28 29 30 31 32 10 11 12 13 14 15 16 17 90 91 92 93 94 95 96 97 98 99 36 37 38 39 40 41 42 82 83 84 
73194
13
10 5 3 3 7 11 8 7 8 10 11 7 10 
1 47 46 9 42 44 3 29 2 33 39 6 51 
40 47 69 31 43 49 8 65 64 34 49 58 64 
628 266 936 279 907 783 798 824 777 974 466 699 885 
0 0 0 0 0 0 0 0 0 0 8 8 8 8 8 8 8 8 6 6 6 6 6 6 6 6 11 11 11 11 11 11 11 6 6 6 6 6 6 6 6 3 3 3 7 7 7 7 7 7 7 3 3 3 9 9 9 9 9 9 9 9 9 9 9 9 9 9 9 9 9 9 9 9 10 10 10 10 10 10 10 10 10 10 10 0 0 0 0 0 0 0 0 0 0 4 4 4 4 4 4 4 4 4 4 4 4 4 4 5 5 5 5 5 5 5 5 5 5 5 2 2 2 1 1 1 1 1 1 1 1 1 1 5 5 5 5 5 5 5 5 5 5 5 10 10 10 10 10 10 10 10 10 10 10 12 12 12 12 12 12 12 12 12 12 11 11 11 11 11 11 11 8 8 8 8 8 8 8 8 12 12 12 12 12 12 12 12 12 12 7 7 7 7 7 7 7 2 2 2 