793
100
2
2 2 2 2 2 3 3 3 3 3 3 3 3 3 3 7 7 7 7 7 7 7 8 8 8 8 8 8 8 8 8 10 10 10 10 10 10 10 11 11 11 13 13 13 13 13 13 13 13 13 13 15 15 15 16 16 16 16 16 16 16 16 16 16 16 18 18 18 18 18 21 21 21 21 21 21 21 21 21 21 24 24 24 24 24 24 24 26 26 26 26 26 26 26 26 26 26 27 27 27 27 27 27 27 27 27 27 27 27 27 27 27 27 27 27 27 27 27 27 34 34 34 34 34 34 35 35 35 35 35 37 37 37 37 37 46 46 46 46 46 46 50 50 50 50 50 50 50 50 50 50 50 50 50 50 50 50 50 50 50 50 50 50 50 50 52 52 52 52 52 52 52 60 60 60 61 61 61 61 61 61 61 61 61 61 61 68 68 68 70 70 70 70 70 70 70 70 70 70 70 
125 126 127 128 129 41 42 43 44 45 46 47 48 49 50 165 166 167 168 169 170 171 97 98 99 100 101 102 103 104 105 80 81 82 83 84 85 86 51 52 53 5 6 7 8 9 10 11 12 13 14 38 39 40 189 190 191 192 193 194 195 196 197 198 199 130 131 132 133 134 87 88 89 90 91 92 93 94 95 96 31 32 33 34 35 36 37 70 71 72 73 74 75 76 77 78 79 22 23 24 25 26 27 28 29 30 152 153 154 155 156 157 158 159 160 161 162 163 164 135 136 137 138 139 140 0 1 2 3 4 65 66 67 68 69 119 120 121 122 123 124 175 176 177 178 179 180 181 182 183 184 185 106 107 108 109 110 111 112 113 114 115 116 117 118 15 16 17 18 19 20 21 186 187 188 141 142 143 144 145 146 147 148 149 150 151 172 173 174 54 55 56 57 58 59 60 61 62 63 64 
183 183 183 183 183 755 755 755 755 755 755 755 755 755 755 569 569 569 569 569 569 569 958 958 958 958 958 958 958 958 958 710 710 710 710 710 710 710 816 816 816 755 755 755 755 755 755 755 755 755 755 816 816 816 222 222 222 222 222 222 222 222 222 222 222 821 821 821 821 821 440 440 440 440 440 440 440 440 440 440 710 710 710 710 710 710 710 440 440 440 440 440 440 440 440 440 440 958 958 958 958 958 958 958 958 958 490 490 490 490 490 490 490 490 490 490 490 490 490 160 160 160 160 160 160 183 183 183 183 183 821 821 821 821 821 160 160 160 160 160 160 449 449 449 449 449 449 449 449 449 449 449 490 490 490 490 490 490 490 490 490 490 490 490 490 569 569 569 569 569 569 569 152 152 152 449 449 449 449 449 449 449 449 449 449 449 152 152 152 222 222 222 222 222 222 222 222 222 222 222 
0 1 2 3 4 5 6 7 8 9 10 11 12 13 14 15 16 17 18 19 20 21 22 23 24 25 26 27 28 29 30 31 32 33 34 35 36 37 38 39 40 5 6 7 8 9 10 11 12 13 14 38 39 40 41 42 43 44 45 46 47 48 49 50 51 52 53 54 55 56 57 58 59 60 61 62 63 64 65 66 31 32 33 34 35 36 37 57 58 59 60 61 62 63 64 65 66 22 23 24 25 26 27 28 29 30 67 68 69 70 71 72 73 74 75 76 77 78 79 80 81 82 83 84 85 0 1 2 3 4 52 53 54 55 56 80 81 82 83 84 85 86 87 88 89 90 91 92 93 94 95 96 67 68 69 70 71 72 73 74 75 76 77 78 79 15 16 17 18 19 20 21 97 98 99 86 87 88 89 90 91 92 93 94 95 96 97 98 99 41 42 43 44 45 46 47 48 49 50 51 
52160
13
5 11 6 10 5 7 3 10 3 7 11 9 13 
18 16 34 3 2 10 11 21 60 7 50 8 27 
37 70 46 13 35 24 15 26 68 52 61 27 50 
821 222 160 755 183 710 816 440 152 569 449 958 490 
4 4 4 4 4 3 3 3 3 3 3 3 3 3 3 9 9 9 9 9 9 9 11 11 11 11 11 11 11 11 11 5 5 5 5 5 5 5 6 6 6 3 3 3 3 3 3 3 3 3 3 6 6 6 1 1 1 1 1 1 1 1 1 1 1 0 0 0 0 0 7 7 7 7 7 7 7 7 7 7 5 5 5 5 5 5 5 7 7 7 7 7 7 7 7 7 7 11 11 11 11 11 11 11 11 11 12 12 12 12 12 12 12 12 12 12 12 12 12 2 2 2 2 2 2 4 4 4 4 4 0 0 0 0 0 2 2 2 2 2 2 10 10 10 10 10 10 10 10 10 10 10 12 12 12 12 12 12 12 12 12 12 12 12 12 9 9 9 9 9 9 9 8 8 8 10 10 10 10 10 10 10 10 10 10 10 8 8 8 1 1 1 1 1 1 1 1 1 1 1 