282
100
2
1 1 1 1 1 1 1 4 4 10 10 10 10 10 10 10 10 10 10 11 11 11 11 11 12 13 13 13 13 13 13 13 19 20 20 20 24 25 27 27 27 27 30 30 30 30 30 30 31 31 31 31 31 31 31 31 31 31 31 31 31 31 31 31 33 33 33 33 33 33 33 33 33 33 33 33 35 35 36 36 36 36 36 36 37 37 37 37 37 38 38 38 38 38 40 40 40 40 40 40 40 40 40 40 40 40 41 41 44 44 44 44 44 44 44 44 44 44 47 47 47 47 47 47 47 47 47 47 47 47 47 47 47 47 48 48 48 48 49 49 49 49 49 49 49 53 53 53 53 53 53 54 54 54 54 54 56 56 56 56 57 57 64 64 64 64 64 64 64 64 64 64 64 64 64 66 66 66 66 66 66 66 66 66 66 66 66 66 66 66 66 66 67 67 67 67 67 68 68 68 
25 26 27 28 29 30 31 160 161 94 95 96 97 98 99 156 157 158 159 192 193 194 195 196 175 0 1 2 3 4 5 6 141 89 90 91 199 134 76 77 197 198 128 129 130 131 132 133 176 177 178 179 180 181 182 183 184 185 186 187 188 189 190 191 138 139 140 110 111 112 113 114 115 142 143 144 38 39 162 163 164 165 166 167 151 152 153 154 155 33 34 35 116 117 9 10 11 12 13 14 145 146 147 148 149 150 108 109 106 107 67 68 69 70 71 72 92 93 135 136 137 168 169 170 171 172 173 174 42 43 44 45 46 47 37 118 119 120 64 65 66 32 73 74 75 100 101 102 103 104 105 84 85 86 87 88 15 16 17 18 7 8 78 79 80 81 82 83 121 122 123 124 125 126 127 24 48 49 50 51 52 53 54 55 56 57 58 59 60 61 62 63 19 20 21 22 23 40 41 36 
616 616 616 616 616 616 616 422 422 162 162 162 162 162 162 416 416 416 416 855 855 855 855 855 893 616 616 616 616 616 616 616 764 215 215 215 757 946 527 527 586 586 826 826 826 826 826 826 965 965 965 965 965 965 965 965 965 965 965 965 965 965 965 965 728 728 728 900 900 900 900 900 900 946 946 946 527 527 393 393 393 393 393 393 442 442 442 442 442 215 215 215 953 953 162 162 162 162 162 162 421 421 421 421 421 421 862 862 862 862 900 900 900 900 900 900 953 953 485 485 485 377 377 377 377 377 377 377 826 826 826 826 826 826 946 485 485 485 728 728 728 764 946 946 946 421 421 421 421 421 421 442 442 442 442 442 416 416 416 416 422 422 393 393 393 393 393 393 377 377 377 377 377 377 377 893 965 965 965 965 965 965 965 965 965 965 965 965 965 965 965 965 855 855 855 855 855 586 586 757 
0 1 2 3 4 5 6 7 8 9 10 11 12 13 14 15 16 17 18 19 20 21 22 23 24 0 1 2 3 4 5 6 25 26 27 28 29 30 31 32 33 34 35 36 37 38 39 40 41 42 43 44 45 46 47 48 49 50 51 52 53 54 55 56 57 58 59 60 61 62 63 64 65 66 67 68 31 32 69 70 71 72 73 74 75 76 77 78 79 26 27 28 80 81 9 10 11 12 13 14 82 83 84 85 86 87 88 89 88 89 60 61 62 63 64 65 80 81 90 91 92 93 94 95 96 97 98 99 35 36 37 38 39 40 30 90 91 92 57 58 59 25 66 67 68 82 83 84 85 86 87 75 76 77 78 79 15 16 17 18 7 8 69 70 71 72 73 74 93 94 95 96 97 98 99 24 41 42 43 44 45 46 47 48 49 50 51 52 53 54 55 56 19 20 21 22 23 33 34 29 
63934
24
6 3 2 1 2 1 6 3 1 7 2 4 3 5 5 1 3 6 7 6 2 6 2 16 
10 33 41 12 27 19 33 33 25 1 27 10 47 11 37 24 20 36 47 30 38 40 4 31 
40 49 44 66 35 49 44 49 48 13 68 56 48 67 54 68 38 64 64 47 44 53 57 66 
162 728 862 893 527 764 900 946 946 616 586 416 485 855 442 757 215 393 377 826 953 421 422 965 
9 9 9 9 9 9 9 22 22 0 0 0 0 0 0 11 11 11 11 13 13 13 13 13 3 9 9 9 9 9 9 9 5 16 16 16 15 8 4 4 10 10 19 19 19 19 19 19 23 23 23 23 23 23 23 23 23 23 23 23 23 23 23 23 1 1 1 6 6 6 6 6 6 7 7 7 4 4 17 17 17 17 17 17 14 14 14 14 14 16 16 16 20 20 0 0 0 0 0 0 21 21 21 21 21 21 2 2 2 2 6 6 6 6 6 6 20 20 12 12 12 18 18 18 18 18 18 18 19 19 19 19 19 19 8 12 12 12 1 1 1 5 7 7 7 21 21 21 21 21 21 14 14 14 14 14 11 11 11 11 22 22 17 17 17 17 17 17 18 18 18 18 18 18 18 3 23 23 23 23 23 23 23 23 23 23 23 23 23 23 23 23 13 13 13 13 13 10 10 15 