794
100
2
1 1 1 1 1 1 5 5 5 5 5 5 8 8 8 8 8 8 8 12 12 12 12 12 12 12 12 12 12 14 14 14 14 14 14 14 16 16 16 16 16 16 16 17 17 17 17 17 17 17 17 23 23 23 25 25 25 25 25 25 25 26 26 26 26 26 26 26 26 26 26 27 27 27 27 27 27 27 27 27 27 27 27 28 28 28 28 28 28 29 29 29 29 31 31 31 31 31 31 32 32 32 32 32 32 32 32 32 32 32 32 32 37 37 37 37 37 37 37 37 37 37 39 39 39 39 39 39 39 39 39 39 39 39 39 39 39 39 41 41 41 41 41 44 44 44 44 44 44 44 44 44 47 47 47 47 47 47 47 47 47 47 47 47 48 48 48 49 49 49 49 49 49 53 53 53 57 57 57 57 57 58 58 58 58 58 58 58 58 58 58 66 66 66 66 66 66 66 66 66 
122 123 124 125 126 127 83 84 85 86 87 88 71 72 73 74 75 76 77 181 182 183 184 185 186 187 188 189 190 54 55 56 57 58 59 60 105 106 107 108 109 110 111 164 165 166 138 139 140 141 142 173 174 175 29 30 31 32 33 34 35 112 113 114 115 116 117 118 119 120 121 12 13 14 15 16 17 18 176 177 178 179 180 6 7 8 9 10 11 95 96 97 98 152 153 89 90 91 92 167 168 169 170 171 172 36 37 38 39 40 41 42 61 62 63 64 65 66 67 68 69 70 0 1 2 3 4 5 154 155 156 157 158 159 160 161 162 163 46 47 48 49 50 191 192 193 194 195 196 197 198 199 93 94 128 129 130 131 132 133 134 135 136 137 43 44 45 99 100 101 102 103 104 51 52 53 78 79 80 81 82 19 20 21 22 23 24 25 26 27 28 143 144 145 146 147 148 149 150 151 
992 992 992 992 992 992 825 825 825 825 825 825 340 340 340 340 340 340 340 164 164 164 164 164 164 164 164 164 164 855 855 855 855 855 855 855 245 245 245 245 245 245 245 321 321 321 870 870 870 870 870 815 815 815 855 855 855 855 855 855 855 672 672 672 672 672 672 672 672 672 672 340 340 340 340 340 340 340 174 174 174 174 174 825 825 825 825 825 825 705 705 705 705 505 505 705 705 705 705 708 708 708 708 708 708 245 245 245 245 245 245 245 672 672 672 672 672 672 672 672 672 672 992 992 992 992 992 992 312 312 312 312 312 312 312 312 312 312 870 870 870 870 870 972 972 972 972 972 972 972 972 972 505 505 312 312 312 312 312 312 312 312 312 312 321 321 321 708 708 708 708 708 708 815 815 815 174 174 174 174 174 164 164 164 164 164 164 164 164 164 164 972 972 972 972 972 972 972 972 972 
0 1 2 3 4 5 6 7 8 9 10 11 12 13 14 15 16 17 18 19 20 21 22 23 24 25 26 27 28 29 30 31 32 33 34 35 36 37 38 39 40 41 42 43 44 45 46 47 48 49 50 51 52 53 29 30 31 32 33 34 35 54 55 56 57 58 59 60 61 62 63 12 13 14 15 16 17 18 64 65 66 67 68 6 7 8 9 10 11 69 70 71 72 73 74 69 70 71 72 75 76 77 78 79 80 36 37 38 39 40 41 42 54 55 56 57 58 59 60 61 62 63 0 1 2 3 4 5 81 82 83 84 85 86 87 88 89 90 46 47 48 49 50 91 92 93 94 95 96 97 98 99 73 74 81 82 83 84 85 86 87 88 89 90 43 44 45 75 76 77 78 79 80 51 52 53 64 65 66 67 68 19 20 21 22 23 24 25 26 27 28 91 92 93 94 95 96 97 98 99 
57916
16
7 6 3 3 6 7 2 5 10 6 9 5 10 4 7 10 
8 32 17 23 1 16 31 27 26 5 44 17 12 29 14 39 
27 49 48 53 39 32 47 57 37 28 66 41 58 31 25 47 
340 708 321 815 992 245 505 174 672 825 972 870 164 705 855 312 
4 4 4 4 4 4 9 9 9 9 9 9 0 0 0 0 0 0 0 12 12 12 12 12 12 12 12 12 12 14 14 14 14 14 14 14 5 5 5 5 5 5 5 2 2 2 11 11 11 11 11 3 3 3 14 14 14 14 14 14 14 8 8 8 8 8 8 8 8 8 8 0 0 0 0 0 0 0 7 7 7 7 7 9 9 9 9 9 9 13 13 13 13 6 6 13 13 13 13 1 1 1 1 1 1 5 5 5 5 5 5 5 8 8 8 8 8 8 8 8 8 8 4 4 4 4 4 4 15 15 15 15 15 15 15 15 15 15 11 11 11 11 11 10 10 10 10 10 10 10 10 10 6 6 15 15 15 15 15 15 15 15 15 15 2 2 2 1 1 1 1 1 1 3 3 3 7 7 7 7 7 12 12 12 12 12 12 12 12 12 12 10 10 10 10 10 10 10 10 10 