541
100
2
1 1 1 1 2 2 2 4 6 6 6 7 7 7 10 10 10 10 14 14 14 14 15 15 15 15 16 16 16 17 17 17 17 17 17 18 21 23 23 23 23 28 28 28 28 28 28 28 28 29 29 29 29 29 29 29 29 30 30 30 32 32 32 32 33 33 33 33 34 35 35 35 35 35 35 35 35 36 36 36 36 36 40 40 40 44 44 44 44 44 44 45 47 47 47 47 48 48 48 48 48 48 48 48 48 48 48 48 48 48 48 48 48 48 48 48 48 48 48 50 50 50 50 52 53 53 53 53 54 54 54 54 54 54 54 54 55 55 55 55 55 55 55 55 55 55 55 55 55 55 55 55 55 55 55 58 58 59 59 59 59 59 60 60 60 60 60 60 61 61 61 61 61 61 64 64 64 65 65 65 65 66 66 66 66 66 66 66 66 68 68 68 68 69 69 69 69 70 70 70 
181 182 183 68 180 195 196 53 57 58 59 29 30 31 96 97 98 99 37 38 39 40 49 50 51 52 177 178 179 11 12 13 171 172 173 36 35 18 19 20 21 92 93 94 95 64 65 66 67 22 23 24 25 7 168 169 170 8 9 10 124 125 126 127 45 46 47 48 3 119 120 121 122 189 190 191 192 157 158 159 160 161 133 134 135 86 85 88 87 123 91 90 41 42 43 44 14 15 16 17 136 137 138 139 140 141 142 143 144 145 146 147 148 149 150 151 152 153 154 69 70 71 72 89 60 61 62 63 184 185 186 187 188 82 83 84 100 101 102 103 104 105 106 107 108 109 110 111 112 113 114 115 116 117 118 193 194 77 78 79 80 81 174 175 176 197 198 199 54 55 56 32 33 34 162 163 164 26 27 28 4 0 1 2 128 129 130 131 132 73 74 75 76 155 156 5 6 165 166 167 
373 373 373 709 687 558 558 156 857 857 857 534 534 534 812 812 812 812 911 911 911 911 508 508 508 508 575 575 575 534 534 534 449 449 449 558 558 911 911 911 911 472 472 472 472 673 673 673 673 508 508 508 508 156 979 979 979 857 857 857 641 641 641 641 673 673 673 673 709 415 415 415 415 527 527 527 527 167 167 167 167 167 538 538 538 507 507 507 507 396 634 634 472 472 472 472 812 812 812 812 545 545 545 545 545 545 545 545 545 545 545 545 545 545 545 545 545 545 545 415 415 415 415 396 641 641 641 641 593 593 593 593 593 538 538 538 545 545 545 545 545 545 545 545 545 545 545 545 545 545 545 545 545 545 545 519 519 167 167 167 167 167 585 585 585 518 518 518 979 979 979 449 449 449 585 585 585 575 575 575 687 373 373 373 593 593 593 593 593 527 527 527 527 519 519 558 558 518 518 518 
0 1 2 3 4 5 6 7 8 9 10 11 12 13 14 15 16 17 18 19 20 21 22 23 24 25 26 27 28 11 12 13 29 30 31 32 32 18 19 20 21 33 34 35 36 37 38 39 40 22 23 24 25 7 41 42 43 8 9 10 44 45 46 47 37 38 39 40 3 48 49 50 51 52 53 54 55 56 57 58 59 60 61 62 63 64 64 65 65 66 67 67 33 34 35 36 14 15 16 17 68 69 70 71 72 73 74 75 76 77 78 79 80 81 82 83 84 85 86 48 49 50 51 66 44 45 46 47 87 88 89 90 91 61 62 63 68 69 70 71 72 73 74 75 76 77 78 79 80 81 82 83 84 85 86 92 93 56 57 58 59 60 94 95 96 97 98 99 41 42 43 29 30 31 94 95 96 26 27 28 4 0 1 2 87 88 89 90 91 52 53 54 55 92 93 5 6 97 98 99 
56523
30
4 3 2 3 1 4 4 5 3 4 3 3 1 1 4 1 0 2 5 1 3 3 3 4 4 4 1 2 3 19 
35 7 44 60 44 10 28 36 1 35 16 60 18 44 15 1 33 58 54 4 6 29 17 14 32 28 2 2 40 48 
50 17 44 64 52 48 47 59 66 68 65 70 21 45 29 34 63 69 66 29 30 61 61 23 53 33 65 69 54 55 
415 534 507 585 396 812 472 167 373 527 575 518 558 634 508 709 902 519 593 156 857 979 449 911 641 673 687 558 538 545 
8 8 8 15 26 27 27 19 20 20 20 1 1 1 5 5 5 5 23 23 23 23 14 14 14 14 10 10 10 1 1 1 22 22 22 12 12 23 23 23 23 6 6 6 6 25 25 25 25 14 14 14 14 19 21 21 21 20 20 20 24 24 24 24 25 25 25 25 15 0 0 0 0 9 9 9 9 7 7 7 7 7 28 28 28 2 2 2 2 4 13 13 6 6 6 6 5 5 5 5 29 29 29 29 29 29 29 29 29 29 29 29 29 29 29 29 29 29 29 0 0 0 0 4 24 24 24 24 18 18 18 18 18 28 28 28 29 29 29 29 29 29 29 29 29 29 29 29 29 29 29 29 29 29 29 17 17 7 7 7 7 7 3 3 3 11 11 11 21 21 21 22 22 22 3 3 3 10 10 10 26 8 8 8 18 18 18 18 18 9 9 9 9 17 17 27 27 11 11 11 