210
100
2
3 3 4 4 4 4 4 4 4 4 5 5 5 5 5 5 5 5 5 5 5 5 5 5 5 5 5 5 5 5 5 5 6 6 6 9 9 9 9 9 9 9 9 9 9 9 11 11 11 11 11 11 11 11 11 11 11 11 11 11 11 11 11 11 13 13 13 13 13 13 13 13 13 13 13 13 13 13 13 13 17 17 17 17 18 18 19 19 19 19 19 19 19 19 23 23 23 23 23 23 24 24 24 25 25 25 25 25 25 25 25 25 25 25 25 27 27 27 35 35 35 36 36 36 36 36 36 36 36 36 36 38 38 42 42 42 42 42 42 42 42 42 42 42 42 42 43 43 43 43 45 45 45 47 47 47 47 47 47 47 47 47 48 48 52 52 52 52 52 56 56 56 56 56 56 56 56 58 58 58 61 61 62 62 64 64 64 64 64 64 69 69 69 69 69 70 70 70 70 70 
103 104 169 170 171 172 173 174 175 176 121 122 123 124 46 47 48 49 50 51 52 53 54 55 56 57 58 59 60 61 62 63 177 178 179 125 126 127 128 129 130 144 145 150 151 152 14 15 16 17 18 19 20 21 22 23 24 25 26 27 28 29 30 31 65 64 67 66 69 68 71 70 73 72 75 74 77 76 79 78 146 147 148 149 180 181 107 108 109 110 111 112 113 114 184 185 186 187 188 189 115 116 117 0 1 131 132 86 87 88 89 90 91 92 93 100 101 102 192 193 194 10 11 12 13 35 36 37 38 39 40 105 106 153 154 155 156 157 158 159 160 161 162 163 41 42 80 81 82 83 43 44 45 133 134 135 136 137 138 139 140 141 142 143 195 196 197 198 199 2 3 4 5 6 7 8 9 32 33 34 84 85 190 191 94 95 96 97 98 99 182 183 118 119 120 164 165 166 167 168 
307 307 899 899 899 899 899 899 899 899 260 260 260 260 530 530 530 530 530 530 530 530 530 530 530 530 530 530 530 530 530 530 950 950 950 169 169 169 169 169 169 1000 1000 504 504 504 530 530 530 530 530 530 530 530 530 530 530 530 530 530 530 530 530 530 863 863 863 863 863 863 863 863 863 863 863 863 863 863 863 863 794 794 794 794 994 994 660 660 660 660 660 660 660 660 966 966 966 966 966 966 590 590 590 307 307 485 485 660 660 660 660 660 660 660 660 590 590 590 973 973 973 260 260 260 260 169 169 169 169 169 169 485 485 515 515 515 515 515 515 515 515 515 500 500 1000 1000 794 794 794 794 504 504 504 515 515 515 515 515 515 515 515 515 500 500 298 298 298 298 298 899 899 899 899 899 899 899 899 950 950 950 994 994 734 734 966 966 966 966 966 966 734 734 973 973 973 298 298 298 298 298 
0 1 2 3 4 5 6 7 8 9 10 11 12 13 14 15 16 17 18 19 20 21 22 23 24 25 26 27 28 29 30 31 32 33 34 35 36 37 38 39 40 41 42 43 44 45 14 15 16 17 18 19 20 21 22 23 24 25 26 27 28 29 30 31 46 46 47 47 48 48 49 49 50 50 51 51 52 52 53 53 54 55 56 57 58 59 60 61 62 63 64 65 66 67 68 69 70 71 72 73 74 75 76 0 1 77 78 60 61 62 63 64 65 66 67 74 75 76 79 80 81 10 11 12 13 35 36 37 38 39 40 77 78 82 83 84 85 86 87 88 89 90 91 92 41 42 54 55 56 57 43 44 45 82 83 84 85 86 87 88 89 90 91 92 93 94 95 96 97 2 3 4 5 6 7 8 9 32 33 34 58 59 98 99 68 69 70 71 72 73 98 99 79 80 81 93 94 95 96 97 
63158
20
2 2 4 4 5 3 3 2 6 3 2 9 2 8 6 2 8 8 3 18 
62 18 5 17 52 6 35 3 23 24 25 42 42 19 9 9 13 4 9 5 
69 61 36 43 70 58 69 25 64 27 38 47 48 25 36 42 13 56 45 11 
734 994 260 794 298 950 973 307 966 590 485 515 500 660 169 1000 863 899 504 530 
7 7 17 17 17 17 17 17 17 17 2 2 2 2 19 19 19 19 19 19 19 19 19 19 19 19 19 19 19 19 19 19 5 5 5 14 14 14 14 14 14 15 15 18 18 18 19 19 19 19 19 19 19 19 19 19 19 19 19 19 19 19 19 19 16 16 16 16 16 16 16 16 16 16 16 16 16 16 16 16 3 3 3 3 1 1 13 13 13 13 13 13 13 13 8 8 8 8 8 8 9 9 9 7 7 10 10 13 13 13 13 13 13 13 13 9 9 9 6 6 6 2 2 2 2 14 14 14 14 14 14 10 10 11 11 11 11 11 11 11 11 11 12 12 15 15 3 3 3 3 18 18 18 11 11 11 11 11 11 11 11 11 12 12 4 4 4 4 4 17 17 17 17 17 17 17 17 5 5 5 1 1 0 0 8 8 8 8 8 8 0 0 6 6 6 4 4 4 4 4 