933
100
2
1 1 2 2 2 2 2 2 2 3 3 4 4 7 7 7 7 8 9 9 12 12 12 12 14 14 14 14 14 15 15 15 15 15 15 15 15 18 18 18 18 18 18 18 18 18 18 19 21 21 21 21 21 25 25 25 25 25 25 25 25 25 25 25 25 25 25 25 25 25 25 25 25 26 27 27 27 29 31 31 31 32 32 32 32 32 32 32 33 33 33 33 33 35 35 35 35 35 36 36 36 38 38 39 39 39 39 39 45 45 45 45 45 46 46 46 47 47 47 47 47 47 47 47 47 47 47 47 47 47 47 47 47 47 49 50 50 50 50 51 51 53 53 53 53 53 53 54 54 54 54 55 55 56 56 56 56 56 56 57 57 57 57 57 57 57 57 59 59 59 59 59 59 59 59 62 62 66 66 66 66 66 66 67 67 67 67 67 67 67 67 69 69 69 69 69 69 70 70 70 
175 176 19 159 160 161 197 198 199 139 140 86 87 155 156 157 158 134 47 2 187 188 189 190 93 94 95 96 97 103 104 105 106 107 113 114 115 178 179 180 181 182 192 193 194 195 196 18 167 168 169 170 171 101 102 116 117 118 119 120 121 122 123 124 125 126 127 128 129 130 131 132 133 77 151 152 191 73 83 84 85 153 154 78 79 80 11 12 141 142 143 144 145 24 25 26 27 28 172 173 174 53 54 29 30 31 32 33 162 163 164 165 166 34 35 36 55 56 57 58 59 60 61 62 63 64 65 66 67 68 69 70 71 72 17 183 184 185 186 9 10 88 89 90 91 92 177 148 147 150 149 74 75 81 82 13 14 15 16 3 4 5 108 109 110 111 112 48 49 50 51 52 98 99 100 0 1 146 37 38 39 40 41 135 136 137 138 20 21 22 23 76 42 43 44 45 46 6 7 8 
837 837 369 660 660 660 354 354 354 402 402 213 213 213 213 213 213 440 952 369 794 794 794 794 841 841 841 841 841 386 386 386 386 386 668 668 668 590 590 590 590 590 404 404 404 404 404 952 807 807 807 807 807 390 390 720 720 720 720 720 720 720 720 720 720 720 720 720 720 720 720 720 720 174 388 388 441 174 608 608 608 259 259 608 608 608 213 213 842 842 842 842 842 841 841 841 841 841 160 160 160 390 390 386 386 386 386 386 371 371 371 371 371 668 668 668 720 720 720 720 720 720 720 720 720 720 720 720 720 720 720 720 720 720 440 264 264 264 264 402 402 842 842 842 842 842 777 308 308 308 308 388 388 259 259 213 213 213 213 660 660 660 371 371 371 371 371 807 807 807 807 807 160 160 160 837 837 777 590 590 590 590 590 264 264 264 264 794 794 794 794 441 404 404 404 404 404 354 354 354 
0 1 2 3 4 5 6 7 8 9 10 11 12 13 14 15 16 17 18 2 19 20 21 22 23 24 25 26 27 28 29 30 31 32 33 34 35 36 37 38 39 40 41 42 43 44 45 18 46 47 48 49 50 51 52 53 54 55 56 57 58 59 60 61 62 63 64 65 66 67 68 69 70 71 72 73 74 71 75 76 77 78 79 75 76 77 11 12 80 81 82 83 84 23 24 25 26 27 85 86 87 51 52 28 29 30 31 32 88 89 90 91 92 33 34 35 53 54 55 56 57 58 59 60 61 62 63 64 65 66 67 68 69 70 17 93 94 95 96 9 10 80 81 82 83 84 97 98 98 99 99 72 73 78 79 13 14 15 16 3 4 5 88 89 90 91 92 46 47 48 49 50 85 86 87 0 1 97 36 37 38 39 40 93 94 95 96 19 20 21 22 74 41 42 43 44 45 6 7 8 
55346
29
2 2 2 5 1 5 4 3 5 5 1 2 1 3 1 5 3 2 2 4 4 1 3 2 5 3 1 5 18 
25 32 54 33 9 15 7 31 14 21 2 1 26 2 53 45 36 27 3 50 12 27 15 4 18 2 8 18 25 
38 56 54 53 19 39 56 32 35 59 9 62 29 57 66 57 59 55 51 67 67 69 46 32 66 70 49 69 47 
390 259 308 842 952 386 213 608 841 807 369 837 174 660 777 371 160 388 402 264 794 441 668 213 590 354 440 404 720 
11 11 10 13 13 13 25 25 25 18 18 23 23 6 6 6 6 26 4 10 20 20 20 20 8 8 8 8 8 5 5 5 5 5 22 22 22 24 24 24 24 24 27 27 27 27 27 4 9 9 9 9 9 0 0 28 28 28 28 28 28 28 28 28 28 28 28 28 28 28 28 28 28 12 17 17 21 12 7 7 7 1 1 7 7 7 23 23 3 3 3 3 3 8 8 8 8 8 16 16 16 0 0 5 5 5 5 5 15 15 15 15 15 22 22 22 28 28 28 28 28 28 28 28 28 28 28 28 28 28 28 28 28 28 26 19 19 19 19 18 18 3 3 3 3 3 14 2 2 2 2 17 17 1 1 6 6 6 6 13 13 13 15 15 15 15 15 9 9 9 9 9 16 16 16 11 11 14 24 24 24 24 24 19 19 19 19 20 20 20 20 21 27 27 27 27 27 25 25 25 