198
100
2
4 4 4 4 5 5 5 7 7 7 7 7 9 9 9 10 10 10 10 10 13 13 15 15 15 18 18 18 18 18 18 18 19 19 19 19 19 19 19 19 20 20 20 20 20 20 22 22 22 23 23 25 25 25 25 25 30 30 30 30 33 33 38 38 38 38 38 38 38 39 39 39 39 39 40 40 40 40 40 43 43 43 43 43 43 43 43 46 47 47 47 47 47 47 47 47 47 47 47 47 47 47 47 47 47 47 47 47 47 48 48 48 48 49 49 49 49 49 49 50 50 50 50 50 50 50 50 50 50 50 50 50 50 50 57 57 58 58 58 61 61 61 62 62 62 62 62 62 62 62 63 63 63 63 63 64 64 65 65 65 65 65 68 68 68 68 68 68 68 68 68 68 68 68 68 68 68 68 68 68 68 68 68 68 68 68 68 68 68 68 69 69 69 69 69 69 69 70 70 70 
88 89 60 61 139 140 141 15 16 17 18 19 197 198 199 7 8 9 10 11 155 156 131 132 133 162 163 164 165 166 167 168 46 47 48 157 158 159 160 161 119 120 121 122 49 50 32 33 34 44 45 150 151 152 153 154 109 110 111 112 2 3 85 86 90 91 92 93 94 74 75 76 77 78 69 70 71 72 73 113 114 115 116 117 118 62 63 136 0 1 64 65 66 67 68 176 177 178 179 180 181 182 183 184 185 186 187 188 189 56 57 58 59 79 80 81 82 83 84 40 41 42 43 142 143 144 145 146 147 148 149 22 23 24 137 138 87 134 135 4 5 6 123 124 125 126 127 128 129 130 51 52 53 54 55 20 21 35 36 37 38 39 25 26 27 28 29 30 31 190 191 192 193 194 195 196 95 96 97 98 99 100 101 102 103 104 105 106 107 108 169 170 171 172 173 174 175 12 13 14 
896 896 936 936 997 997 997 873 873 873 873 873 545 545 545 873 873 873 873 873 627 627 846 846 846 480 480 480 480 480 480 480 581 581 581 317 317 317 317 317 866 866 866 866 799 799 581 581 581 799 799 333 333 333 333 333 991 991 991 991 936 936 478 478 379 379 379 379 379 881 881 881 881 881 881 881 881 881 881 187 187 187 187 187 187 478 478 345 896 896 379 379 379 379 379 990 990 990 990 990 990 990 990 990 990 990 990 990 990 991 991 991 991 187 187 187 187 187 187 866 866 866 866 490 490 490 490 490 490 490 490 846 846 846 470 470 345 470 470 997 997 997 490 490 490 490 490 490 490 490 333 333 333 333 333 627 627 317 317 317 317 317 480 480 480 480 480 480 480 198 198 198 198 198 198 198 990 990 990 990 990 990 990 990 990 990 990 990 990 990 198 198 198 198 198 198 198 545 545 545 
0 1 2 3 4 5 6 7 8 9 10 11 12 13 14 7 8 9 10 11 15 16 17 18 19 20 21 22 23 24 25 26 27 28 29 30 31 32 33 34 35 36 37 38 39 40 27 28 29 39 40 41 42 43 44 45 46 47 48 49 2 3 50 51 52 53 54 55 56 57 58 59 60 61 57 58 59 60 61 62 63 64 65 66 67 50 51 68 0 1 52 53 54 55 56 69 70 71 72 73 74 75 76 77 78 79 80 81 82 46 47 48 49 62 63 64 65 66 67 35 36 37 38 83 84 85 86 87 88 89 90 17 18 19 91 92 68 91 92 4 5 6 83 84 85 86 87 88 89 90 41 42 43 44 45 15 16 30 31 32 33 34 20 21 22 23 24 25 26 93 94 95 96 97 98 99 69 70 71 72 73 74 75 76 77 78 79 80 81 82 93 94 95 96 97 98 99 12 13 14 
62655
23
2 5 4 5 2 1 3 2 7 3 2 7 8 6 3 3 2 2 5 5 5 4 14 
13 25 20 7 4 46 5 57 18 9 20 68 50 43 15 19 4 38 38 19 39 30 47 
64 63 50 10 47 58 61 58 68 70 23 69 62 49 50 22 33 43 47 65 40 48 68 
627 333 866 873 896 345 997 470 480 545 799 198 490 187 846 581 936 478 379 317 881 991 990 
4 4 16 16 6 6 6 3 3 3 3 3 9 9 9 3 3 3 3 3 0 0 14 14 14 8 8 8 8 8 8 8 15 15 15 19 19 19 19 19 2 2 2 2 10 10 15 15 15 10 10 1 1 1 1 1 21 21 21 21 16 16 17 17 18 18 18 18 18 20 20 20 20 20 20 20 20 20 20 13 13 13 13 13 13 17 17 5 4 4 18 18 18 18 18 22 22 22 22 22 22 22 22 22 22 22 22 22 22 21 21 21 21 13 13 13 13 13 13 2 2 2 2 12 12 12 12 12 12 12 12 14 14 14 7 7 5 7 7 6 6 6 12 12 12 12 12 12 12 12 1 1 1 1 1 0 0 19 19 19 19 19 8 8 8 8 8 8 8 11 11 11 11 11 11 11 22 22 22 22 22 22 22 22 22 22 22 22 22 22 11 11 11 11 11 11 11 9 9 9 