103
100
2
1 1 1 1 1 1 1 1 1 1 1 1 1 1 1 1 1 1 1 1 2 2 2 2 2 3 3 3 3 3 3 3 3 4 4 4 4 4 4 5 5 5 5 6 6 6 6 7 7 7 7 8 8 8 13 13 13 13 13 16 16 16 19 19 19 19 19 19 20 20 20 21 21 21 21 22 22 22 22 23 25 25 25 26 26 26 26 26 26 26 26 26 26 26 26 26 26 26 26 26 28 28 28 28 30 30 30 30 31 31 31 31 32 32 32 32 32 33 33 33 33 35 35 35 35 35 35 35 35 35 36 36 36 38 38 38 38 40 40 40 44 44 44 44 45 45 47 48 48 48 48 48 48 48 49 49 49 49 49 49 49 50 50 50 53 53 53 53 53 53 53 53 54 54 54 54 54 55 55 55 55 58 58 58 58 59 59 59 59 61 61 61 64 67 67 67 68 68 68 68 
130 131 132 83 84 85 86 87 88 89 90 91 92 93 94 95 96 97 98 99 192 43 44 45 46 75 76 77 78 100 101 102 103 62 63 64 65 144 145 147 148 149 150 21 22 23 24 140 141 142 143 178 179 180 121 122 123 124 125 154 155 156 33 34 35 36 190 191 193 194 195 164 165 166 167 25 26 27 28 189 151 152 153 3 4 5 6 7 8 9 10 11 12 13 14 15 16 17 18 19 29 30 31 32 108 109 110 111 104 105 106 107 172 173 174 175 176 185 186 187 188 54 55 56 57 58 168 169 170 171 0 1 2 181 182 183 184 161 162 163 47 48 49 50 37 38 177 39 40 41 42 80 81 82 59 60 61 196 197 198 199 137 138 139 71 72 73 74 126 127 128 129 112 113 114 115 116 146 51 52 53 133 134 135 136 117 118 119 120 79 66 67 20 68 69 70 157 158 159 160 
284 284 284 325 325 325 325 325 325 325 325 325 325 325 325 325 325 325 325 325 208 160 160 160 160 462 462 462 462 941 941 941 941 532 532 532 532 222 222 171 171 171 171 160 160 160 160 832 832 832 832 348 348 348 700 700 700 700 700 846 846 846 532 532 532 532 198 198 429 429 429 175 175 175 175 462 462 462 462 612 669 669 669 325 325 325 325 325 325 325 325 325 325 325 325 325 325 325 325 325 941 941 941 941 935 935 935 935 935 935 935 935 360 360 360 360 360 400 400 400 400 700 700 700 700 700 472 472 472 472 284 284 284 732 732 732 732 225 225 225 832 832 832 832 222 222 638 171 171 171 171 669 669 669 846 846 846 848 848 848 848 225 225 225 175 175 175 175 472 472 472 472 360 360 360 360 360 638 348 348 348 732 732 732 732 400 400 400 400 612 198 198 208 429 429 429 848 848 848 848 
0 1 2 3 4 5 6 7 8 9 10 11 12 13 14 15 16 17 18 19 20 21 22 23 24 25 26 27 28 29 30 31 32 33 34 35 36 37 38 39 40 41 42 21 22 23 24 43 44 45 46 47 48 49 50 51 52 53 54 55 56 57 33 34 35 36 58 59 60 61 62 63 64 65 66 25 26 27 28 67 68 69 70 3 4 5 6 7 8 9 10 11 12 13 14 15 16 17 18 19 29 30 31 32 71 72 73 74 71 72 73 74 75 76 77 78 79 80 81 82 83 50 51 52 53 54 84 85 86 87 0 1 2 88 89 90 91 92 93 94 43 44 45 46 37 38 95 39 40 41 42 68 69 70 55 56 57 96 97 98 99 92 93 94 63 64 65 66 84 85 86 87 75 76 77 78 79 95 47 48 49 88 89 90 91 80 81 82 83 67 58 59 20 60 61 62 96 97 98 99 
48166
27
1 4 4 4 4 1 4 1 3 4 5 3 0 2 5 3 4 4 2 3 3 4 4 3 4 4 17 
23 7 5 4 33 47 3 2 25 30 13 16 22 19 32 40 21 35 4 20 8 38 49 1 3 2 1 
61 44 48 19 59 55 22 64 48 31 35 49 32 61 54 50 53 53 45 67 55 58 68 36 28 6 26 
612 832 171 532 400 638 462 208 669 935 700 846 510 198 360 225 175 472 222 429 348 732 848 284 941 160 325 
23 23 23 26 26 26 26 26 26 26 26 26 26 26 26 26 26 26 26 26 7 25 25 25 25 6 6 6 6 24 24 24 24 3 3 3 3 18 18 2 2 2 2 25 25 25 25 1 1 1 1 20 20 20 10 10 10 10 10 11 11 11 3 3 3 3 13 13 19 19 19 16 16 16 16 6 6 6 6 0 8 8 8 26 26 26 26 26 26 26 26 26 26 26 26 26 26 26 26 26 24 24 24 24 9 9 9 9 9 9 9 9 14 14 14 14 14 4 4 4 4 10 10 10 10 10 17 17 17 17 23 23 23 21 21 21 21 15 15 15 1 1 1 1 18 18 5 2 2 2 2 8 8 8 11 11 11 22 22 22 22 15 15 15 16 16 16 16 17 17 17 17 14 14 14 14 14 5 20 20 20 21 21 21 21 4 4 4 4 0 13 13 7 19 19 19 22 22 22 22 