154
100
2
3 3 3 3 3 3 4 4 4 4 4 5 5 5 5 5 5 5 5 5 5 5 6 6 6 6 6 7 7 7 7 7 7 8 10 12 12 12 12 12 14 14 14 16 16 21 21 21 21 21 22 22 25 25 25 25 25 25 26 26 28 28 28 28 28 30 30 30 30 33 33 34 34 34 34 34 34 34 34 34 34 34 34 34 34 34 35 35 35 35 35 36 38 38 38 39 39 39 40 40 40 40 40 40 40 40 42 42 42 42 42 43 44 44 44 44 44 44 44 44 44 44 44 44 44 44 44 44 44 44 44 44 44 44 44 44 44 44 44 45 45 45 50 51 51 51 51 51 51 51 51 51 51 52 52 53 53 53 56 56 56 56 56 56 57 57 57 58 58 58 58 58 59 59 59 59 59 59 59 59 59 59 59 60 60 66 66 66 66 66 66 67 67 67 67 67 67 67 67 67 
98 99 100 101 102 103 178 179 180 181 182 148 149 150 151 152 185 186 187 188 189 190 143 144 145 146 147 112 113 114 115 116 117 95 142 45 46 47 48 49 111 123 124 153 154 35 36 37 38 39 71 91 183 184 69 70 104 105 96 97 86 87 88 89 90 191 192 193 194 54 55 50 125 126 127 128 129 130 131 132 133 134 135 136 137 138 60 61 62 63 64 51 164 165 166 33 58 59 0 1 2 3 4 5 56 57 167 168 169 170 171 40 27 28 29 30 31 32 195 196 197 198 199 41 42 72 73 74 75 76 77 78 79 80 81 82 83 84 85 155 156 157 34 22 23 24 25 26 11 12 13 14 15 43 44 139 140 141 172 173 174 175 176 177 92 93 94 106 107 108 109 110 158 159 160 161 162 163 6 7 8 9 10 52 53 16 17 18 19 20 21 65 66 67 68 118 119 120 121 122 
422 422 422 422 422 422 674 674 674 674 674 461 461 461 461 461 406 406 406 406 406 406 470 470 470 470 470 962 962 962 962 962 962 443 339 782 782 782 782 782 355 382 382 419 419 782 782 782 782 782 348 834 648 648 633 633 205 205 937 937 467 467 467 467 467 280 280 280 280 633 633 348 772 772 772 772 772 772 772 772 772 772 772 772 772 772 467 467 467 467 467 834 699 699 699 443 937 937 422 422 422 422 422 422 205 205 712 712 712 712 712 355 962 962 962 962 962 962 534 534 534 534 534 382 382 772 772 772 772 772 772 772 772 772 772 772 772 772 772 390 390 390 339 470 470 470 470 470 461 461 461 461 461 419 419 390 390 390 211 211 211 211 211 211 699 699 699 712 712 712 712 712 211 211 211 211 211 211 674 674 674 674 674 648 648 406 406 406 406 406 406 280 280 280 280 534 534 534 534 534 
0 1 2 3 4 5 6 7 8 9 10 11 12 13 14 15 16 17 18 19 20 21 22 23 24 25 26 27 28 29 30 31 32 33 34 35 36 37 38 39 40 41 42 43 44 35 36 37 38 39 45 46 47 48 49 50 51 52 53 54 55 56 57 58 59 60 61 62 63 49 50 45 64 65 66 67 68 69 70 71 72 73 74 75 76 77 55 56 57 58 59 46 78 79 80 33 53 54 0 1 2 3 4 5 51 52 81 82 83 84 85 40 27 28 29 30 31 32 86 87 88 89 90 41 42 64 65 66 67 68 69 70 71 72 73 74 75 76 77 91 92 93 34 22 23 24 25 26 11 12 13 14 15 43 44 91 92 93 94 95 96 97 98 99 78 79 80 81 82 83 84 85 94 95 96 97 98 99 6 7 8 9 10 47 48 16 17 18 19 20 21 60 61 62 63 86 87 88 89 90 
56468
26
5 4 2 5 5 6 2 6 1 3 1 1 5 6 6 2 3 5 1 2 5 2 5 2 1 14 
6 30 16 42 5 5 25 56 10 38 14 8 4 3 7 26 45 44 22 25 12 25 28 14 22 34 
51 67 52 58 51 66 60 59 50 57 43 39 59 40 44 39 53 67 34 33 21 40 35 44 36 44 
470 280 419 712 461 406 648 211 339 699 355 443 674 422 962 937 390 534 348 633 782 205 467 382 834 772 
13 13 13 13 13 13 12 12 12 12 12 4 4 4 4 4 5 5 5 5 5 5 0 0 0 0 0 14 14 14 14 14 14 11 8 20 20 20 20 20 10 23 23 2 2 20 20 20 20 20 18 24 6 6 19 19 21 21 15 15 22 22 22 22 22 1 1 1 1 19 19 18 25 25 25 25 25 25 25 25 25 25 25 25 25 25 22 22 22 22 22 24 9 9 9 11 15 15 13 13 13 13 13 13 21 21 3 3 3 3 3 10 14 14 14 14 14 14 17 17 17 17 17 23 23 25 25 25 25 25 25 25 25 25 25 25 25 25 25 16 16 16 8 0 0 0 0 0 4 4 4 4 4 2 2 16 16 16 7 7 7 7 7 7 9 9 9 3 3 3 3 3 7 7 7 7 7 7 12 12 12 12 12 6 6 5 5 5 5 5 5 1 1 1 1 17 17 17 17 17 