766
100
2
2 2 2 2 2 3 3 4 4 4 5 5 5 5 5 5 5 5 5 5 5 5 6 6 7 7 7 7 7 8 8 8 8 8 9 9 9 9 9 9 9 9 9 9 9 9 9 9 9 9 9 10 11 13 13 13 14 14 14 16 17 17 17 18 18 18 19 21 21 24 24 24 25 25 25 26 26 26 27 27 28 29 29 29 29 30 30 30 30 33 33 33 33 34 35 35 35 35 37 37 37 37 40 40 40 42 42 42 42 42 42 48 48 48 48 48 48 48 48 48 49 49 49 50 50 50 51 51 51 51 51 51 51 51 51 51 51 51 51 51 51 51 51 51 51 51 51 51 51 51 51 52 52 52 53 53 53 53 54 54 54 54 54 54 54 54 54 54 54 55 55 56 56 59 59 60 60 60 61 61 61 61 61 62 62 62 62 66 66 66 66 67 67 67 67 67 67 70 70 70 
115 116 117 118 119 173 174 69 70 71 193 194 195 196 85 86 87 88 107 108 109 110 169 170 191 192 151 152 153 129 130 131 132 133 134 135 136 137 138 139 140 141 142 143 144 145 146 147 148 149 150 93 154 72 73 74 60 61 62 80 56 57 58 197 198 199 178 171 172 7 8 9 53 54 55 175 176 177 105 106 59 183 184 185 186 14 15 16 17 158 159 160 161 51 98 99 100 101 94 95 96 97 120 121 122 78 79 18 19 20 21 187 188 189 190 0 1 2 3 4 102 103 104 155 156 157 162 163 164 29 30 31 32 33 34 35 36 37 38 39 40 41 42 43 44 45 46 47 48 49 50 26 27 28 52 123 124 125 89 90 91 92 126 127 128 179 180 181 182 22 23 67 68 5 6 75 76 77 66 165 166 167 168 81 82 83 84 111 112 113 114 24 25 10 11 12 13 63 64 65 
820 820 820 820 820 555 555 598 598 598 586 586 586 586 624 624 624 624 907 907 907 907 775 775 922 922 653 653 653 496 496 496 496 496 753 753 753 753 753 753 753 753 753 753 753 753 753 753 753 753 753 916 290 472 472 472 824 824 824 588 824 824 824 257 257 257 385 894 894 598 598 598 472 472 472 341 341 341 402 402 588 478 478 478 478 624 624 624 624 451 451 451 451 916 968 968 968 968 968 968 968 968 237 237 237 402 402 907 907 907 907 927 927 927 927 820 820 820 820 820 237 237 237 282 282 282 569 569 569 496 496 496 496 496 753 753 753 753 753 753 753 753 753 753 753 753 753 753 753 753 753 653 653 653 290 282 282 282 451 451 451 451 569 569 569 634 634 634 634 775 775 894 894 555 555 341 341 341 385 634 634 634 634 478 478 478 478 927 927 927 927 922 922 586 586 586 586 257 257 257 
0 1 2 3 4 5 6 7 8 9 10 11 12 13 14 15 16 17 18 19 20 21 22 23 24 25 26 27 28 29 30 31 32 33 34 35 36 37 38 39 40 41 42 43 44 45 46 47 48 49 50 51 52 53 54 55 56 57 58 59 56 57 58 60 61 62 63 64 65 7 8 9 53 54 55 66 67 68 69 70 59 71 72 73 74 14 15 16 17 75 76 77 78 51 79 80 81 82 79 80 81 82 83 84 85 69 70 18 19 20 21 86 87 88 89 0 1 2 3 4 83 84 85 90 91 92 93 94 95 29 30 31 32 33 34 35 36 37 38 39 40 41 42 43 44 45 46 47 48 49 50 26 27 28 52 90 91 92 75 76 77 78 93 94 95 96 97 98 99 22 23 64 65 5 6 66 67 68 63 96 97 98 99 71 72 73 74 86 87 88 89 24 25 10 11 12 13 60 61 62 
63655
30
3 2 3 2 1 0 3 2 1 4 4 3 4 2 4 1 3 4 2 3 4 3 4 5 3 5 1 4 3 17 
13 7 14 3 11 16 18 27 16 5 5 40 35 6 48 10 50 5 21 7 29 4 33 2 51 8 19 54 26 9 
25 67 17 59 53 47 70 42 28 67 30 49 37 55 66 34 53 42 56 52 62 24 54 48 54 51 61 61 60 51 
472 922 824 555 290 344 257 402 588 586 624 237 968 775 927 916 282 907 894 653 478 598 451 820 569 496 385 634 341 753 
23 23 23 23 23 3 3 21 21 21 9 9 9 9 10 10 10 10 17 17 17 17 13 13 1 1 19 19 19 25 25 25 25 25 29 29 29 29 29 29 29 29 29 29 29 29 29 29 29 29 29 15 4 0 0 0 2 2 2 8 2 2 2 6 6 6 26 18 18 21 21 21 0 0 0 28 28 28 7 7 8 20 20 20 20 10 10 10 10 22 22 22 22 15 12 12 12 12 12 12 12 12 11 11 11 7 7 17 17 17 17 14 14 14 14 23 23 23 23 23 11 11 11 16 16 16 24 24 24 25 25 25 25 25 29 29 29 29 29 29 29 29 29 29 29 29 29 29 29 29 29 19 19 19 4 16 16 16 22 22 22 22 24 24 24 27 27 27 27 13 13 18 18 3 3 28 28 28 26 27 27 27 27 20 20 20 20 14 14 14 14 1 1 9 9 9 9 6 6 6 