714
100
2
2 2 2 2 2 3 3 3 5 5 9 9 9 9 9 10 11 11 11 12 15 15 15 15 15 15 15 15 15 15 15 15 15 15 15 16 16 16 16 16 17 17 17 17 17 17 17 17 17 17 17 17 17 18 18 18 19 19 23 23 23 26 26 26 26 26 26 26 27 27 27 27 28 28 28 28 28 28 30 30 30 30 32 32 32 32 32 32 33 33 33 33 33 34 37 37 37 37 37 37 37 37 39 39 39 39 39 39 39 39 39 39 41 41 41 41 43 45 45 50 50 50 50 50 51 52 53 53 53 54 54 54 54 55 55 55 55 55 55 55 55 55 55 55 55 57 57 57 57 57 57 57 58 58 58 58 58 58 58 58 58 58 58 58 58 63 63 63 63 63 63 64 64 64 64 64 64 64 64 64 64 64 64 64 65 65 65 65 65 65 65 65 65 65 66 66 66 69 70 70 
48 49 50 51 52 126 127 128 56 57 139 140 141 142 143 116 194 195 196 125 112 113 152 153 154 155 156 157 158 159 160 161 162 163 164 88 89 90 91 92 133 134 135 136 137 138 82 83 0 1 2 3 4 58 59 60 8 9 53 54 55 171 178 179 180 181 182 183 108 109 110 111 184 185 186 187 188 189 114 115 117 118 46 47 148 149 150 151 35 36 37 38 39 124 102 103 104 105 106 107 144 197 94 95 96 97 98 99 68 69 70 71 20 21 78 79 15 80 81 145 146 147 198 199 93 19 5 6 7 190 191 192 193 40 41 42 43 44 45 10 11 12 13 14 100 119 120 121 84 85 86 87 22 23 24 25 26 27 28 29 30 31 32 33 34 172 173 174 175 176 177 61 165 166 167 168 169 170 62 63 64 65 66 67 72 73 74 75 76 77 129 130 131 132 16 17 18 101 122 123 
229 229 229 229 229 529 529 529 321 321 592 592 592 592 592 947 373 373 373 301 161 161 519 519 519 519 519 519 519 519 519 519 519 519 519 816 816 816 816 816 815 815 815 815 815 815 987 987 229 229 229 229 229 807 807 807 321 321 807 807 807 944 576 576 576 576 576 576 880 880 880 880 654 654 654 654 654 654 755 755 675 675 987 987 818 818 818 818 816 816 816 816 816 984 305 305 305 305 305 305 532 162 305 305 305 305 305 305 880 880 880 880 161 161 755 755 947 675 675 968 968 968 463 463 984 301 529 529 529 931 931 931 931 815 815 815 815 815 815 592 592 592 592 592 532 968 968 968 818 818 818 818 519 519 519 519 519 519 519 519 519 519 519 519 519 741 741 741 741 741 741 944 741 741 741 741 741 741 576 576 576 576 576 576 654 654 654 654 654 654 931 931 931 931 373 373 373 162 463 463 
0 1 2 3 4 5 6 7 8 9 10 11 12 13 14 15 16 17 18 19 20 21 22 23 24 25 26 27 28 29 30 31 32 33 34 35 36 37 38 39 40 41 42 43 44 45 46 47 0 1 2 3 4 48 49 50 8 9 48 49 50 51 52 53 54 55 56 57 58 59 60 61 62 63 64 65 66 67 68 69 70 71 46 47 72 73 74 75 35 36 37 38 39 76 77 78 79 80 81 82 83 84 77 78 79 80 81 82 58 59 60 61 20 21 68 69 15 70 71 85 86 87 88 89 76 19 5 6 7 90 91 92 93 40 41 42 43 44 45 10 11 12 13 14 83 85 86 87 72 73 74 75 22 23 24 25 26 27 28 29 30 31 32 33 34 94 95 96 97 98 99 51 94 95 96 97 98 99 52 53 54 55 56 57 62 63 64 65 66 67 90 91 92 93 16 17 18 84 88 89 
62619
28
3 6 3 1 6 1 2 1 6 6 5 3 4 2 2 4 2 6 1 3 2 5 4 5 1 2 1 13 
11 28 50 34 37 26 15 10 17 63 16 18 54 50 30 27 30 26 12 3 17 2 32 9 37 5 37 15 
66 65 57 51 39 64 41 43 55 64 33 23 65 70 41 39 45 64 52 53 32 17 57 55 55 19 69 58 
373 654 968 984 305 944 161 947 815 741 816 807 931 463 755 880 675 576 301 529 987 229 818 592 532 321 162 519 
21 21 21 21 21 19 19 19 25 25 23 23 23 23 23 7 0 0 0 18 6 6 27 27 27 27 27 27 27 27 27 27 27 27 27 10 10 10 10 10 8 8 8 8 8 8 20 20 21 21 21 21 21 11 11 11 25 25 11 11 11 5 17 17 17 17 17 17 15 15 15 15 1 1 1 1 1 1 14 14 16 16 20 20 22 22 22 22 10 10 10 10 10 3 4 4 4 4 4 4 24 26 4 4 4 4 4 4 15 15 15 15 6 6 14 14 7 16 16 2 2 2 13 13 3 18 19 19 19 12 12 12 12 8 8 8 8 8 8 23 23 23 23 23 24 2 2 2 22 22 22 22 27 27 27 27 27 27 27 27 27 27 27 27 27 9 9 9 9 9 9 5 9 9 9 9 9 9 17 17 17 17 17 17 1 1 1 1 1 1 12 12 12 12 0 0 0 26 13 13 