283
100
2
2 2 2 2 2 3 3 3 3 3 3 3 6 6 7 7 7 7 8 8 8 8 8 9 9 9 9 9 10 10 10 10 12 15 15 15 15 16 16 16 16 16 16 17 17 17 17 17 18 18 18 18 18 19 19 19 19 19 21 21 21 21 23 23 23 23 24 24 24 24 24 29 29 29 29 29 31 31 33 33 33 33 33 33 33 33 33 34 34 34 34 34 34 34 36 36 37 37 37 37 38 38 38 41 41 41 41 41 43 43 43 43 43 45 45 45 45 46 46 47 47 48 48 56 56 56 56 56 56 56 56 57 57 58 59 59 60 60 60 60 60 60 60 60 60 60 60 60 60 60 60 62 62 62 62 62 62 62 62 62 66 66 66 66 66 66 66 66 66 66 66 66 66 66 66 66 66 66 66 66 66 67 67 67 67 67 69 69 69 69 69 70 70 70 70 70 70 70 70 70 
53 54 55 56 57 134 135 108 109 110 111 112 18 19 33 34 35 36 12 13 165 166 167 71 72 73 74 75 58 59 60 61 133 14 15 16 17 123 43 44 45 46 47 38 39 40 41 42 151 152 153 154 155 0 1 2 3 4 28 29 30 31 96 97 98 99 191 192 193 194 195 23 24 25 26 27 156 157 87 88 89 90 91 113 114 115 116 78 79 80 81 82 198 199 158 159 62 63 64 65 162 163 164 126 127 128 129 130 7 8 9 10 11 83 84 85 86 119 120 117 118 136 137 37 160 161 103 104 105 106 107 196 197 32 5 6 121 122 168 169 170 171 172 173 174 175 176 177 178 179 180 48 49 50 51 52 76 77 94 95 124 125 100 101 102 20 21 22 138 139 140 141 142 143 144 145 146 147 148 149 150 186 187 188 189 190 181 182 183 184 185 66 67 68 69 70 131 132 92 93 
487 487 487 487 487 460 460 170 170 170 170 170 374 374 520 520 520 520 374 374 356 356 356 701 701 701 701 701 970 970 970 970 297 520 520 520 520 325 396 396 396 396 396 396 396 396 396 396 599 599 599 599 599 487 487 487 487 487 970 970 970 970 345 345 345 345 888 888 888 888 888 701 701 701 701 701 871 871 621 621 621 621 621 235 235 235 235 621 621 621 621 621 170 170 247 247 345 345 345 345 620 620 620 474 474 474 474 474 170 170 170 170 170 235 235 235 235 901 901 901 901 290 290 325 193 193 474 474 474 474 474 829 829 297 460 460 290 290 865 865 865 865 865 865 865 865 865 865 865 865 865 599 599 599 599 599 871 871 247 247 193 193 620 620 620 356 356 356 865 865 865 865 865 865 865 865 865 865 865 865 865 455 455 455 455 455 455 455 455 455 455 888 888 888 888 888 829 829 170 170 
0 1 2 3 4 5 6 7 8 9 10 11 12 13 14 15 16 17 12 13 18 19 20 21 22 23 24 25 26 27 28 29 30 14 15 16 17 31 32 33 34 35 36 32 33 34 35 36 37 38 39 40 41 0 1 2 3 4 26 27 28 29 42 43 44 45 46 47 48 49 50 21 22 23 24 25 51 52 53 54 55 56 57 58 59 60 61 53 54 55 56 57 62 63 64 65 42 43 44 45 66 67 68 69 70 71 72 73 7 8 9 10 11 58 59 60 61 74 75 74 75 76 77 31 78 79 69 70 71 72 73 80 81 30 5 6 76 77 82 83 84 85 86 87 88 89 90 91 92 93 94 37 38 39 40 41 51 52 64 65 78 79 66 67 68 18 19 20 82 83 84 85 86 87 88 89 90 91 92 93 94 95 96 97 98 99 95 96 97 98 99 46 47 48 49 50 80 81 62 63 
55700
27
1 5 5 2 2 1 4 5 4 5 2 2 5 2 2 5 5 5 3 2 4 2 2 4 3 5 13 
16 33 16 56 3 12 23 24 7 18 57 6 67 31 46 41 3 2 38 36 33 34 48 10 8 9 60 
56 34 17 66 59 58 37 70 15 62 70 8 69 62 47 56 43 19 66 62 45 70 60 21 66 29 66 
325 621 396 193 460 297 345 888 520 599 829 374 455 871 901 474 170 487 620 247 235 170 290 970 356 701 865 
17 17 17 17 17 4 4 16 16 16 16 16 11 11 8 8 8 8 11 11 24 24 24 25 25 25 25 25 23 23 23 23 5 8 8 8 8 0 2 2 2 2 2 2 2 2 2 2 9 9 9 9 9 17 17 17 17 17 23 23 23 23 6 6 6 6 7 7 7 7 7 25 25 25 25 25 13 13 1 1 1 1 1 20 20 20 20 1 1 1 1 1 21 21 19 19 6 6 6 6 18 18 18 15 15 15 15 15 16 16 16 16 16 20 20 20 20 14 14 14 14 22 22 0 3 3 15 15 15 15 15 10 10 5 4 4 22 22 26 26 26 26 26 26 26 26 26 26 26 26 26 9 9 9 9 9 13 13 19 19 3 3 18 18 18 24 24 24 26 26 26 26 26 26 26 26 26 26 26 26 26 12 12 12 12 12 12 12 12 12 12 7 7 7 7 7 10 10 21 21 