762
100
2
1 1 1 1 1 1 9 9 9 9 9 9 9 9 12 12 12 12 12 12 12 12 12 12 12 12 12 12 12 14 14 14 14 14 14 14 14 14 14 14 14 14 17 17 17 17 17 17 24 24 24 24 24 24 24 25 25 25 25 25 25 26 26 26 26 26 26 28 28 28 28 28 28 28 28 28 28 28 28 28 28 28 28 28 28 28 28 28 28 31 31 31 31 31 31 31 31 34 34 34 34 34 34 34 34 35 35 35 35 35 35 37 37 37 37 37 37 37 37 37 40 40 40 40 40 40 40 45 45 45 45 45 45 46 46 46 46 46 46 46 46 47 47 47 47 47 47 47 47 47 47 48 48 48 48 48 48 49 49 49 50 50 53 53 53 53 53 53 53 53 54 54 54 54 54 54 54 54 57 57 57 57 57 57 57 57 59 59 59 59 59 59 59 59 62 62 62 62 62 62 
55 56 57 58 59 60 170 171 172 173 174 175 176 177 74 75 76 77 78 79 80 81 82 83 84 85 86 87 88 160 161 111 112 157 158 159 151 152 153 154 155 156 194 195 196 197 198 199 120 121 122 123 124 125 126 0 1 2 3 4 5 127 128 129 130 131 132 113 114 115 116 117 118 119 14 15 16 17 18 19 20 21 22 23 24 25 26 27 28 143 144 145 146 147 148 149 150 162 163 164 165 166 167 168 169 188 189 190 191 192 193 31 32 67 68 69 70 71 72 73 48 49 50 51 52 53 54 61 62 63 64 65 66 178 179 180 181 182 183 184 185 186 187 89 90 91 92 93 94 95 96 36 37 38 39 40 41 33 34 35 29 30 97 98 99 100 101 102 103 104 6 7 8 9 10 11 12 13 133 134 135 136 137 138 139 140 141 142 105 106 107 108 109 110 42 43 44 45 46 47 
580 580 580 580 580 580 604 604 604 604 604 604 604 604 936 936 936 936 936 936 936 936 936 936 936 936 936 936 936 363 363 690 690 753 753 753 753 753 753 753 753 753 377 377 377 377 377 377 278 278 278 278 278 278 278 580 580 580 580 580 580 931 931 931 931 931 931 168 168 168 168 168 168 168 936 936 936 936 936 936 936 936 936 936 936 936 936 936 936 560 560 560 560 560 560 560 560 477 477 477 477 477 477 477 477 831 831 831 831 831 831 690 690 168 168 168 168 168 168 168 278 278 278 278 278 278 278 931 931 931 931 931 931 273 273 273 273 273 273 273 273 211 211 560 560 560 560 560 560 560 560 753 753 753 753 753 753 753 753 753 363 363 477 477 477 477 477 477 477 477 604 604 604 604 604 604 604 604 273 273 273 273 273 273 273 273 211 211 831 831 831 831 831 831 377 377 377 377 377 377 
0 1 2 3 4 5 6 7 8 9 10 11 12 13 14 15 16 17 18 19 20 21 22 23 24 25 26 27 28 29 30 31 32 33 34 35 36 37 38 39 40 41 42 43 44 45 46 47 48 49 50 51 52 53 54 0 1 2 3 4 5 55 56 57 58 59 60 61 62 63 64 65 66 67 14 15 16 17 18 19 20 21 22 23 24 25 26 27 28 68 69 70 71 72 73 74 75 76 77 78 79 80 81 82 83 84 85 86 87 88 89 31 32 61 62 63 64 65 66 67 48 49 50 51 52 53 54 55 56 57 58 59 60 90 91 92 93 94 95 96 97 98 99 68 69 70 71 72 73 74 75 36 37 38 39 40 41 33 34 35 29 30 76 77 78 79 80 81 82 83 6 7 8 9 10 11 12 13 90 91 92 93 94 95 96 97 98 99 84 85 86 87 88 89 42 43 44 45 46 47 
58093
16
2 2 6 2 6 6 8 3 8 7 8 8 7 6 6 15 
14 14 26 47 35 1 9 14 46 24 34 31 28 17 14 12 
50 37 45 59 59 25 54 49 57 40 53 47 37 62 48 28 
363 690 931 211 831 580 604 753 273 278 477 560 168 377 753 936 
5 5 5 5 5 5 6 6 6 6 6 6 6 6 15 15 15 15 15 15 15 15 15 15 15 15 15 15 15 0 0 1 1 7 7 7 14 14 14 14 14 14 13 13 13 13 13 13 9 9 9 9 9 9 9 5 5 5 5 5 5 2 2 2 2 2 2 12 12 12 12 12 12 12 15 15 15 15 15 15 15 15 15 15 15 15 15 15 15 11 11 11 11 11 11 11 11 10 10 10 10 10 10 10 10 4 4 4 4 4 4 1 1 12 12 12 12 12 12 12 9 9 9 9 9 9 9 2 2 2 2 2 2 8 8 8 8 8 8 8 8 3 3 11 11 11 11 11 11 11 11 14 14 14 14 14 14 7 7 7 0 0 10 10 10 10 10 10 10 10 6 6 6 6 6 6 6 6 8 8 8 8 8 8 8 8 3 3 4 4 4 4 4 4 13 13 13 13 13 13 