456
100
2
2 2 3 3 4 6 6 6 6 6 9 9 9 10 10 10 10 11 11 11 11 11 11 11 11 11 11 11 11 11 11 11 11 11 11 11 11 11 11 11 11 11 11 11 11 11 11 11 14 15 15 15 15 15 15 15 15 20 20 23 25 25 25 25 25 30 30 30 32 32 32 32 32 33 34 34 35 35 35 39 39 39 41 41 41 41 41 41 41 41 41 41 41 41 41 41 41 41 41 41 41 41 41 41 41 43 43 43 44 44 44 44 44 44 44 44 44 44 45 45 45 45 45 46 46 46 46 46 47 47 47 47 48 48 48 48 48 48 48 48 48 51 52 52 52 52 52 53 53 53 53 53 54 54 54 54 54 55 56 56 56 57 57 57 57 57 57 60 60 60 60 60 60 60 60 60 61 61 61 61 63 63 64 64 64 65 65 65 65 65 65 65 65 67 67 67 67 70 70 70 
150 151 180 181 59 152 153 154 155 156 22 23 24 124 125 126 127 108 109 110 111 112 10 11 12 82 83 84 85 86 87 88 89 90 91 92 93 94 95 96 97 98 99 100 101 102 103 104 73 132 133 134 135 136 137 74 75 161 162 4 163 164 165 166 141 190 191 192 113 114 115 116 117 48 55 56 158 159 160 182 183 184 25 26 27 28 29 30 31 32 33 34 35 36 37 38 39 40 41 42 43 44 45 46 47 138 139 140 17 18 19 20 21 68 69 70 71 72 185 186 187 188 189 157 13 14 15 16 193 194 195 196 49 50 51 52 53 54 105 106 107 64 167 168 169 170 171 197 198 199 0 1 5 6 7 8 9 123 76 77 78 57 58 60 61 62 63 142 143 144 145 146 176 177 178 179 172 173 174 175 2 3 79 80 81 118 119 120 121 122 65 66 67 128 129 130 131 147 148 149 
360 360 489 489 432 757 757 757 757 757 252 252 252 708 708 708 708 851 851 851 851 851 252 252 252 409 409 409 409 409 409 409 409 409 409 409 409 409 409 409 409 409 409 409 409 409 409 409 512 618 618 618 618 618 618 874 874 197 197 432 273 273 273 273 559 449 449 449 509 509 509 509 509 512 874 874 152 152 152 834 834 834 409 409 409 409 409 409 409 409 409 409 409 409 409 409 409 409 409 409 409 409 409 409 409 349 349 349 851 851 851 851 851 509 509 509 509 509 647 647 647 647 647 893 708 708 708 708 269 269 269 269 618 618 618 618 618 618 349 349 349 559 799 799 799 799 799 944 944 944 360 360 757 757 757 757 757 893 152 152 152 197 197 273 273 273 273 799 799 799 799 799 908 908 908 908 908 908 908 908 489 489 834 834 834 647 647 647 647 647 449 449 449 269 269 269 269 944 944 944 
0 1 2 3 4 5 6 7 8 9 10 11 12 13 14 15 16 17 18 19 20 21 10 11 12 22 23 24 25 26 27 28 29 30 31 32 33 34 35 36 37 38 39 40 41 42 43 44 45 46 47 48 49 50 51 52 53 54 55 4 56 57 58 59 60 61 62 63 64 65 66 67 68 45 52 53 69 70 71 72 73 74 22 23 24 25 26 27 28 29 30 31 32 33 34 35 36 37 38 39 40 41 42 43 44 75 76 77 17 18 19 20 21 64 65 66 67 68 78 79 80 81 82 83 13 14 15 16 84 85 86 87 46 47 48 49 50 51 75 76 77 60 88 89 90 91 92 93 94 95 0 1 5 6 7 8 9 83 69 70 71 54 55 56 57 58 59 88 89 90 91 92 96 97 98 99 96 97 98 99 2 3 72 73 74 78 79 80 81 82 61 62 63 84 85 86 87 93 94 95 
54738
25
5 2 6 5 1 4 2 1 3 1 3 1 2 3 5 3 2 4 5 4 3 4 3 5 23 
11 20 15 52 46 25 3 4 9 25 53 14 15 39 32 43 2 10 45 60 35 47 30 6 11 
44 57 48 60 55 57 63 23 11 51 70 33 34 64 44 48 53 46 65 61 56 67 65 54 41 
851 197 618 799 893 273 489 432 252 559 944 512 874 834 509 349 360 708 647 908 152 269 449 757 409 
16 16 6 6 7 23 23 23 23 23 8 8 8 17 17 17 17 0 0 0 0 0 8 8 8 24 24 24 24 24 24 24 24 24 24 24 24 24 24 24 24 24 24 24 24 24 24 24 11 2 2 2 2 2 2 12 12 1 1 7 5 5 5 5 9 22 22 22 14 14 14 14 14 11 12 12 20 20 20 13 13 13 24 24 24 24 24 24 24 24 24 24 24 24 24 24 24 24 24 24 24 24 24 24 24 15 15 15 0 0 0 0 0 14 14 14 14 14 18 18 18 18 18 4 17 17 17 17 21 21 21 21 2 2 2 2 2 2 15 15 15 9 3 3 3 3 3 10 10 10 16 16 23 23 23 23 23 4 20 20 20 1 1 5 5 5 5 3 3 3 3 3 19 19 19 19 19 19 19 19 6 6 13 13 13 18 18 18 18 18 22 22 22 21 21 21 21 10 10 10 