690
100
2
2 2 2 5 5 5 5 5 5 5 5 9 9 9 9 9 9 9 9 9 9 9 9 9 10 10 10 10 10 10 10 10 10 10 10 13 13 13 13 13 13 13 13 13 13 13 13 16 16 16 16 16 16 16 16 16 16 16 16 16 19 19 19 19 19 19 19 19 19 19 19 22 22 22 22 22 22 22 22 22 22 22 22 24 24 24 24 24 24 24 24 24 27 27 27 27 27 27 27 27 27 27 27 27 27 27 27 34 34 34 34 34 34 34 34 34 34 34 34 34 34 34 34 34 34 34 39 39 39 39 39 39 39 39 39 39 39 42 42 42 42 42 42 42 42 42 42 42 42 48 48 48 48 48 50 50 50 50 50 50 50 53 53 53 53 53 53 53 53 53 59 59 68 68 68 68 68 68 68 68 70 70 70 70 70 70 70 70 70 70 70 70 70 70 70 70 70 70 70 70 
134 135 136 126 127 128 129 130 131 132 133 47 48 49 50 51 52 53 54 55 56 57 58 59 60 61 62 63 64 65 66 67 68 69 70 92 93 94 95 96 97 98 99 100 101 102 103 11 12 13 14 15 16 17 18 19 20 21 22 23 24 25 26 27 28 29 30 31 32 33 34 137 138 139 140 141 142 143 144 145 146 147 148 161 162 163 164 165 166 167 168 169 35 36 37 38 39 40 41 42 43 44 45 46 149 150 151 180 181 182 183 184 185 186 187 188 189 190 191 154 155 156 157 158 159 160 3 4 5 6 7 8 9 10 0 1 2 71 72 73 74 75 76 77 78 79 80 81 82 104 105 106 170 171 119 120 121 122 123 124 125 83 84 85 86 87 88 89 90 91 152 153 192 193 194 195 196 197 198 199 107 108 109 110 111 112 113 114 115 116 117 118 172 173 174 175 176 177 178 179 
302 302 302 414 414 414 414 414 414 414 414 735 735 735 735 735 735 735 735 735 735 735 735 735 252 252 252 252 252 252 252 252 252 252 252 884 884 884 884 884 884 884 884 884 884 884 884 735 735 735 735 735 735 735 735 735 735 735 735 735 252 252 252 252 252 252 252 252 252 252 252 357 357 357 357 357 357 357 357 357 357 357 357 311 311 311 311 311 311 311 311 311 884 884 884 884 884 884 884 884 884 884 884 884 547 547 547 354 354 354 354 354 354 354 354 354 354 354 354 407 407 407 407 407 407 407 414 414 414 414 414 414 414 414 302 302 302 357 357 357 357 357 357 357 357 357 357 357 357 547 547 547 436 436 407 407 407 407 407 407 407 311 311 311 311 311 311 311 311 311 436 436 345 345 345 345 345 345 345 345 354 354 354 354 354 354 354 354 354 354 354 354 345 345 345 345 345 345 345 345 
0 1 2 3 4 5 6 7 8 9 10 11 12 13 14 15 16 17 18 19 20 21 22 23 24 25 26 27 28 29 30 31 32 33 34 35 36 37 38 39 40 41 42 43 44 45 46 11 12 13 14 15 16 17 18 19 20 21 22 23 24 25 26 27 28 29 30 31 32 33 34 47 48 49 50 51 52 53 54 55 56 57 58 59 60 61 62 63 64 65 66 67 35 36 37 38 39 40 41 42 43 44 45 46 68 69 70 71 72 73 74 75 76 77 78 79 80 81 82 83 84 85 86 87 88 89 3 4 5 6 7 8 9 10 0 1 2 47 48 49 50 51 52 53 54 55 56 57 58 68 69 70 90 91 83 84 85 86 87 88 89 59 60 61 62 63 64 65 66 67 90 91 92 93 94 95 96 97 98 99 71 72 73 74 75 76 77 78 79 80 81 82 92 93 94 95 96 97 98 99 
46606
12
9 13 12 8 3 12 7 2 8 3 12 11 
24 9 13 5 27 34 34 48 68 2 22 10 
53 16 27 39 48 70 50 59 70 39 42 19 
311 735 884 414 547 354 407 436 345 302 357 252 
9 9 9 3 3 3 3 3 3 3 3 1 1 1 1 1 1 1 1 1 1 1 1 1 11 11 11 11 11 11 11 11 11 11 11 2 2 2 2 2 2 2 2 2 2 2 2 1 1 1 1 1 1 1 1 1 1 1 1 1 11 11 11 11 11 11 11 11 11 11 11 10 10 10 10 10 10 10 10 10 10 10 10 0 0 0 0 0 0 0 0 0 2 2 2 2 2 2 2 2 2 2 2 2 4 4 4 5 5 5 5 5 5 5 5 5 5 5 5 6 6 6 6 6 6 6 3 3 3 3 3 3 3 3 9 9 9 10 10 10 10 10 10 10 10 10 10 10 10 4 4 4 7 7 6 6 6 6 6 6 6 0 0 0 0 0 0 0 0 0 7 7 8 8 8 8 8 8 8 8 5 5 5 5 5 5 5 5 5 5 5 5 8 8 8 8 8 8 8 8 