22
100
2
3 3 3 3 3 3 6 6 6 6 6 6 6 6 6 6 6 8 8 8 8 12 12 12 12 17 17 17 17 17 17 18 18 18 18 18 18 18 18 18 18 18 18 18 18 18 18 18 18 18 18 18 18 19 19 22 22 22 22 22 25 25 25 25 25 25 25 25 27 27 27 27 27 27 27 30 30 33 33 34 34 34 34 34 34 34 34 35 35 38 38 38 38 38 38 38 38 38 38 38 41 41 41 41 41 41 41 41 41 43 43 43 43 43 43 43 51 51 51 51 51 51 51 51 51 51 51 51 51 51 51 51 51 51 51 51 55 55 55 55 55 55 55 55 55 55 55 55 57 57 57 57 57 57 57 57 57 57 57 58 58 58 58 58 58 58 58 58 60 60 60 60 61 61 61 61 61 61 61 61 61 61 61 66 66 66 67 67 67 67 67 67 67 67 67 67 67 70 70 70 
120 121 122 123 124 125 89 90 91 92 93 94 95 96 97 98 99 21 22 23 24 17 18 19 20 148 149 150 151 152 153 136 137 138 139 140 141 142 143 144 145 146 147 126 127 128 129 130 131 132 133 134 135 77 78 154 155 156 157 158 79 80 81 82 83 84 85 86 109 110 111 112 113 114 115 87 88 53 54 60 61 62 63 64 65 66 67 75 76 6 7 8 9 10 11 12 13 14 15 16 159 160 161 162 163 164 165 166 167 68 69 70 71 72 73 74 168 169 170 171 0 1 2 3 4 5 43 44 45 46 47 48 49 50 51 52 31 32 33 34 35 36 37 38 39 40 41 42 25 26 27 28 29 30 55 56 57 58 59 100 101 102 103 104 105 106 107 108 116 117 118 119 186 187 188 189 190 191 192 193 194 195 196 197 198 199 172 173 174 175 176 177 178 179 180 181 182 183 184 185 
451 451 451 451 451 451 627 627 627 627 627 627 627 627 627 627 627 279 279 279 279 279 279 279 279 442 442 442 442 442 442 528 528 528 528 528 528 528 528 528 528 528 528 397 397 397 397 397 397 397 397 397 397 899 899 269 269 269 269 269 260 260 260 260 260 260 260 260 366 366 366 366 366 366 366 303 303 899 899 260 260 260 260 260 260 260 260 303 303 627 627 627 627 627 627 627 627 627 627 627 743 743 743 743 743 743 743 743 743 366 366 366 366 366 366 366 152 152 152 152 451 451 451 451 451 451 397 397 397 397 397 397 397 397 397 397 528 528 528 528 528 528 528 528 528 528 528 528 442 442 442 442 442 442 269 269 269 269 269 743 743 743 743 743 743 743 743 743 152 152 152 152 409 409 409 409 409 409 409 409 409 409 409 740 740 740 409 409 409 409 409 409 409 409 409 409 409 740 740 740 
0 1 2 3 4 5 6 7 8 9 10 11 12 13 14 15 16 17 18 19 20 17 18 19 20 21 22 23 24 25 26 27 28 29 30 31 32 33 34 35 36 37 38 39 40 41 42 43 44 45 46 47 48 49 50 51 52 53 54 55 56 57 58 59 60 61 62 63 64 65 66 67 68 69 70 71 72 49 50 56 57 58 59 60 61 62 63 71 72 6 7 8 9 10 11 12 13 14 15 16 73 74 75 76 77 78 79 80 81 64 65 66 67 68 69 70 82 83 84 85 0 1 2 3 4 5 39 40 41 42 43 44 45 46 47 48 27 28 29 30 31 32 33 34 35 36 37 38 21 22 23 24 25 26 51 52 53 54 55 73 74 75 76 77 78 79 80 81 82 83 84 85 86 87 88 89 90 91 92 93 94 95 96 97 98 99 86 87 88 89 90 91 92 93 94 95 96 97 98 99 
46082
15
6 8 4 4 12 5 2 6 10 2 11 11 3 7 9 
17 25 8 51 18 22 19 3 18 30 61 6 66 27 41 
57 34 12 60 55 57 33 51 51 35 67 38 70 43 58 
442 260 279 152 528 269 899 451 397 303 409 627 740 366 743 
7 7 7 7 7 7 11 11 11 11 11 11 11 11 11 11 11 2 2 2 2 2 2 2 2 0 0 0 0 0 0 4 4 4 4 4 4 4 4 4 4 4 4 8 8 8 8 8 8 8 8 8 8 6 6 5 5 5 5 5 1 1 1 1 1 1 1 1 13 13 13 13 13 13 13 9 9 6 6 1 1 1 1 1 1 1 1 9 9 11 11 11 11 11 11 11 11 11 11 11 14 14 14 14 14 14 14 14 14 13 13 13 13 13 13 13 3 3 3 3 7 7 7 7 7 7 8 8 8 8 8 8 8 8 8 8 4 4 4 4 4 4 4 4 4 4 4 4 0 0 0 0 0 0 5 5 5 5 5 14 14 14 14 14 14 14 14 14 3 3 3 3 10 10 10 10 10 10 10 10 10 10 10 12 12 12 10 10 10 10 10 10 10 10 10 10 10 12 12 12 