753
100
2
1 1 1 1 1 1 1 2 3 3 3 3 3 3 3 3 3 3 3 3 5 5 5 5 6 8 8 8 8 12 12 12 12 12 13 13 14 14 14 14 15 15 15 15 20 20 20 20 20 20 20 20 22 22 22 22 24 24 26 26 26 26 26 27 27 27 27 29 34 34 34 34 35 35 35 35 35 35 35 35 37 37 37 37 37 37 37 37 37 37 37 37 37 37 37 37 37 38 39 41 41 41 43 43 43 43 43 45 45 45 46 46 48 48 48 49 49 49 50 50 50 50 52 52 53 53 53 53 54 54 54 57 57 58 58 58 58 58 58 58 58 58 58 58 59 59 59 59 59 59 59 59 59 59 60 60 60 60 60 60 60 60 60 60 61 61 64 64 64 64 64 64 65 65 65 65 65 65 65 65 65 65 65 65 65 65 65 65 65 65 65 65 65 65 69 69 70 70 70 70 
68 69 70 71 137 138 139 20 133 134 135 136 21 22 23 173 174 175 176 177 7 12 13 14 172 128 129 130 166 36 37 38 39 123 56 57 29 30 31 32 76 77 78 79 124 125 126 127 63 64 65 66 118 119 120 121 34 35 67 196 197 198 199 48 49 50 51 58 0 1 2 3 140 141 142 143 40 41 42 43 122 178 179 180 181 182 183 184 185 186 187 188 189 190 191 192 193 98 97 107 108 109 159 160 161 162 163 99 100 101 194 195 115 116 117 112 113 114 52 53 54 55 80 33 44 45 46 47 25 26 27 164 165 8 9 10 11 4 5 6 72 73 74 75 154 155 156 157 158 167 168 169 170 171 144 145 146 147 148 102 103 104 105 106 131 132 28 149 150 151 152 153 24 15 16 17 18 19 81 82 83 84 85 86 87 88 89 90 91 92 93 94 95 96 110 111 59 60 61 62 
911 911 911 911 431 431 431 337 229 229 229 229 983 983 983 578 578 578 578 578 337 983 983 983 392 239 239 239 972 400 400 400 400 940 416 416 400 400 400 400 927 927 927 927 639 639 639 639 247 247 247 247 237 237 237 237 416 416 247 910 910 910 910 247 247 247 247 247 911 911 911 911 242 242 242 242 927 927 927 927 872 995 995 995 995 995 995 995 995 995 995 995 995 995 995 995 995 764 764 675 675 675 234 234 234 234 234 675 675 675 192 192 396 396 396 396 396 396 237 237 237 237 872 940 639 639 639 639 239 239 239 381 381 229 229 229 229 431 431 431 242 242 242 242 938 938 938 938 938 984 984 984 984 984 938 938 938 938 938 234 234 234 234 234 381 381 972 984 984 984 984 984 392 578 578 578 578 578 995 995 995 995 995 995 995 995 995 995 995 995 995 995 995 995 192 192 910 910 910 910 
0 1 2 3 4 5 6 7 8 9 10 11 12 13 14 15 16 17 18 19 7 12 13 14 20 21 22 23 24 25 26 27 28 29 30 31 25 26 27 28 32 33 34 35 36 37 38 39 40 41 42 43 44 45 46 47 30 31 48 49 50 51 52 40 41 42 43 48 0 1 2 3 53 54 55 56 32 33 34 35 57 58 59 60 61 62 63 64 65 66 67 68 69 70 71 72 73 74 74 75 76 77 78 79 80 81 82 75 76 77 83 84 85 86 87 85 86 87 44 45 46 47 57 29 36 37 38 39 21 22 23 88 89 8 9 10 11 4 5 6 53 54 55 56 90 91 92 93 94 95 96 97 98 99 90 91 92 93 94 78 79 80 81 82 88 89 24 95 96 97 98 99 20 15 16 17 18 19 58 59 60 61 62 63 64 65 66 67 68 69 70 71 72 73 83 84 49 50 51 52 
63232
29
2 1 1 2 3 4 4 4 3 4 4 4 2 3 5 3 1 1 1 5 4 4 5 1 1 3 4 5 16 
46 2 6 57 8 20 22 3 48 1 12 20 13 41 59 1 37 26 8 43 35 15 59 12 38 3 26 3 37 
69 5 65 61 54 53 50 58 49 34 14 27 24 45 60 58 52 29 64 60 58 35 64 52 39 5 70 65 65 
192 337 392 381 239 639 237 229 396 911 400 247 416 675 938 431 872 247 972 234 242 927 984 940 764 983 910 578 995 
9 9 9 9 15 15 15 1 7 7 7 7 25 25 25 27 27 27 27 27 1 25 25 25 2 4 4 4 18 10 10 10 10 23 12 12 10 10 10 10 21 21 21 21 5 5 5 5 11 11 11 11 6 6 6 6 12 12 17 26 26 26 26 11 11 11 11 17 9 9 9 9 20 20 20 20 21 21 21 21 16 28 28 28 28 28 28 28 28 28 28 28 28 28 28 28 28 24 24 13 13 13 19 19 19 19 19 13 13 13 0 0 8 8 8 8 8 8 6 6 6 6 16 23 5 5 5 5 4 4 4 3 3 7 7 7 7 15 15 15 20 20 20 20 14 14 14 14 14 22 22 22 22 22 14 14 14 14 14 19 19 19 19 19 3 3 18 22 22 22 22 22 2 27 27 27 27 27 28 28 28 28 28 28 28 28 28 28 28 28 28 28 28 28 0 0 26 26 26 26 