416
100
2
3 3 4 4 4 4 4 5 5 5 5 5 5 5 8 8 8 8 8 9 9 9 9 9 9 9 9 9 9 9 9 9 9 11 11 12 12 12 12 12 16 16 16 16 19 19 19 19 19 19 19 20 20 20 20 20 20 20 20 20 20 21 21 21 21 21 21 21 22 22 22 22 22 22 22 22 22 22 22 23 23 23 23 23 23 24 27 27 27 27 27 27 27 27 27 27 27 27 27 27 28 28 28 28 28 32 32 33 33 33 33 33 33 33 34 34 36 36 36 36 36 36 37 37 37 37 37 37 37 39 39 40 40 40 43 43 45 45 45 45 45 46 46 47 47 47 47 47 47 47 48 48 48 48 48 48 52 52 53 53 53 53 53 53 53 53 53 53 53 53 57 57 57 58 58 58 58 58 59 59 59 59 59 59 59 59 59 60 60 60 60 60 60 62 62 62 62 69 69 69 
105 106 35 36 37 38 39 61 62 63 64 65 66 67 136 137 138 139 140 86 87 88 89 90 91 92 93 94 95 96 97 98 99 129 130 2 3 4 5 6 193 194 195 196 107 108 109 110 111 112 113 143 144 145 146 164 165 166 167 168 169 7 8 9 10 11 12 13 122 123 124 125 126 127 128 85 184 185 186 187 188 189 190 191 192 75 19 20 21 22 23 24 25 26 27 28 29 30 31 32 173 174 175 176 177 0 1 44 45 46 47 48 49 50 156 157 150 151 152 153 154 155 68 69 70 71 72 73 74 33 34 147 148 149 141 142 14 15 16 17 18 134 135 51 52 53 54 131 132 133 116 117 118 119 120 121 114 115 178 179 180 181 182 183 55 56 57 58 59 60 197 198 199 100 101 102 103 104 158 159 160 161 162 163 76 77 78 79 80 81 82 83 84 40 41 42 43 170 171 172 
195 195 699 699 699 699 699 931 931 931 931 931 931 931 916 916 916 916 916 159 159 159 159 159 159 159 159 159 159 159 159 159 159 604 604 699 699 699 699 699 600 600 600 600 367 367 367 367 367 367 367 955 955 955 955 273 273 273 273 273 273 931 931 931 931 931 931 931 926 926 926 926 926 926 926 633 465 465 465 517 517 517 517 517 517 633 159 159 159 159 159 159 159 159 159 159 159 159 159 159 155 155 155 155 155 195 195 367 367 367 367 367 367 367 536 536 729 729 729 729 729 729 926 926 926 926 926 926 926 604 604 449 449 449 399 399 916 916 916 916 916 399 399 955 955 955 955 449 449 449 729 729 729 729 729 729 536 536 286 286 286 286 286 286 273 273 273 273 273 273 455 455 455 155 155 155 155 155 286 286 286 286 286 286 465 465 465 517 517 517 517 517 517 600 600 600 600 455 455 455 
0 1 2 3 4 5 6 7 8 9 10 11 12 13 14 15 16 17 18 19 20 21 22 23 24 25 26 27 28 29 30 31 32 33 34 2 3 4 5 6 35 36 37 38 39 40 41 42 43 44 45 46 47 48 49 50 51 52 53 54 55 7 8 9 10 11 12 13 56 57 58 59 60 61 62 63 64 65 66 67 68 69 70 71 72 63 19 20 21 22 23 24 25 26 27 28 29 30 31 32 73 74 75 76 77 0 1 39 40 41 42 43 44 45 78 79 80 81 82 83 84 85 56 57 58 59 60 61 62 33 34 86 87 88 89 90 14 15 16 17 18 89 90 46 47 48 49 86 87 88 80 81 82 83 84 85 78 79 91 92 93 94 95 96 50 51 52 53 54 55 97 98 99 73 74 75 76 77 91 92 93 94 95 96 64 65 66 67 68 69 70 71 72 35 36 37 38 97 98 99 
51902
21
6 4 5 2 2 6 7 7 7 3 4 2 1 3 5 6 6 3 2 5 14 
36 20 4 3 11 53 19 22 5 40 16 34 22 57 28 23 20 22 43 8 9 
48 47 12 32 39 59 33 37 21 47 62 52 24 69 58 60 53 59 46 45 27 
729 955 699 195 604 286 367 926 931 449 600 536 633 455 155 517 273 465 399 916 159 
3 3 2 2 2 2 2 8 8 8 8 8 8 8 19 19 19 19 19 20 20 20 20 20 20 20 20 20 20 20 20 20 20 4 4 2 2 2 2 2 10 10 10 10 6 6 6 6 6 6 6 1 1 1 1 16 16 16 16 16 16 8 8 8 8 8 8 8 7 7 7 7 7 7 7 12 17 17 17 15 15 15 15 15 15 12 20 20 20 20 20 20 20 20 20 20 20 20 20 20 14 14 14 14 14 3 3 6 6 6 6 6 6 6 11 11 0 0 0 0 0 0 7 7 7 7 7 7 7 4 4 9 9 9 18 18 19 19 19 19 19 18 18 1 1 1 1 9 9 9 0 0 0 0 0 0 11 11 5 5 5 5 5 5 16 16 16 16 16 16 13 13 13 14 14 14 14 14 5 5 5 5 5 5 17 17 17 15 15 15 15 15 15 10 10 10 10 13 13 13 