517
100
2
2 3 3 3 3 5 5 5 5 5 5 5 5 5 5 5 5 5 5 5 5 5 5 5 5 5 5 5 5 5 5 7 7 7 7 7 7 7 7 7 9 9 9 9 12 12 12 12 13 13 13 13 13 13 13 13 13 13 13 13 13 13 13 13 13 14 14 14 14 14 14 14 14 14 14 14 14 14 14 14 14 14 18 18 18 18 18 18 18 18 18 18 19 19 19 19 19 19 19 19 19 23 23 23 23 23 23 23 23 23 23 23 23 23 23 27 27 27 27 27 27 27 27 34 34 34 34 34 34 34 34 34 36 36 36 36 36 36 36 36 49 49 49 49 49 50 50 50 50 50 50 50 50 50 55 55 55 55 55 55 56 57 57 57 57 57 57 58 58 59 59 59 59 59 59 59 59 59 66 66 66 66 66 66 66 66 66 67 67 67 67 67 67 67 70 70 70 70 70 70 
160 40 41 42 43 145 146 147 148 149 150 151 152 153 48 49 50 51 52 53 54 55 56 57 58 59 60 61 62 63 64 169 170 171 172 173 174 175 176 177 1 2 3 4 194 195 196 197 14 15 16 17 18 19 20 21 22 23 24 25 26 27 28 29 30 82 83 84 85 86 87 88 89 90 91 187 188 189 190 191 192 193 65 66 67 68 69 70 71 72 73 74 178 179 180 181 182 183 184 185 186 123 124 125 126 127 128 129 130 131 140 141 142 143 144 132 133 134 135 136 137 138 139 101 102 103 104 105 106 107 108 109 115 116 117 118 119 120 121 122 110 111 112 113 114 5 6 7 8 9 10 11 12 13 161 162 163 164 165 166 0 154 155 156 157 158 159 198 199 31 32 33 34 35 36 37 38 39 92 93 94 95 96 97 98 99 100 75 76 77 78 79 80 81 44 45 46 47 167 168 
181 304 304 304 304 237 237 237 237 237 237 237 237 237 986 986 986 986 986 986 986 986 986 986 986 986 986 986 986 986 986 966 966 966 966 966 966 966 966 966 304 304 304 304 638 638 638 638 986 986 986 986 986 986 986 986 986 986 986 986 986 986 986 986 986 260 260 260 260 260 260 260 260 260 260 153 153 153 153 153 153 153 260 260 260 260 260 260 260 260 260 260 908 908 908 908 908 908 908 908 908 619 619 619 619 619 619 619 619 619 761 761 761 761 761 888 888 888 888 888 888 888 888 619 619 619 619 619 619 619 619 619 888 888 888 888 888 888 888 888 761 761 761 761 761 237 237 237 237 237 237 237 237 237 874 874 874 874 874 874 181 874 874 874 874 874 874 975 975 966 966 966 966 966 966 966 966 966 908 908 908 908 908 908 908 908 908 153 153 153 153 153 153 153 638 638 638 638 975 975 
0 1 2 3 4 5 6 7 8 9 10 11 12 13 14 15 16 17 18 19 20 21 22 23 24 25 26 27 28 29 30 31 32 33 34 35 36 37 38 39 1 2 3 4 40 41 42 43 14 15 16 17 18 19 20 21 22 23 24 25 26 27 28 29 30 44 45 46 47 48 49 50 51 52 53 54 55 56 57 58 59 60 44 45 46 47 48 49 50 51 52 53 61 62 63 64 65 66 67 68 69 70 71 72 73 74 75 76 77 78 79 80 81 82 83 84 85 86 87 88 89 90 91 70 71 72 73 74 75 76 77 78 84 85 86 87 88 89 90 91 79 80 81 82 83 5 6 7 8 9 10 11 12 13 92 93 94 95 96 97 0 92 93 94 95 96 97 98 99 31 32 33 34 35 36 37 38 39 61 62 63 64 65 66 67 68 69 54 55 56 57 58 59 60 40 41 42 43 98 99 
67055
14
9 6 8 1 4 5 9 9 10 9 7 4 2 17 
23 55 27 2 12 23 7 5 14 19 14 3 58 5 
34 57 36 56 70 49 59 50 18 66 67 9 70 13 
619 874 888 181 638 761 966 237 260 908 153 304 975 986 
3 11 11 11 11 7 7 7 7 7 7 7 7 7 13 13 13 13 13 13 13 13 13 13 13 13 13 13 13 13 13 6 6 6 6 6 6 6 6 6 11 11 11 11 4 4 4 4 13 13 13 13 13 13 13 13 13 13 13 13 13 13 13 13 13 8 8 8 8 8 8 8 8 8 8 10 10 10 10 10 10 10 8 8 8 8 8 8 8 8 8 8 9 9 9 9 9 9 9 9 9 0 0 0 0 0 0 0 0 0 5 5 5 5 5 2 2 2 2 2 2 2 2 0 0 0 0 0 0 0 0 0 2 2 2 2 2 2 2 2 5 5 5 5 5 7 7 7 7 7 7 7 7 7 1 1 1 1 1 1 3 1 1 1 1 1 1 12 12 6 6 6 6 6 6 6 6 6 9 9 9 9 9 9 9 9 9 10 10 10 10 10 10 10 4 4 4 4 12 12 