58
100
2
1 1 1 3 3 5 5 6 6 6 8 8 8 8 8 8 8 8 9 9 12 12 12 13 13 13 14 14 14 14 14 14 15 15 16 16 18 18 18 18 18 18 18 21 21 21 21 22 22 23 23 23 23 24 25 25 25 26 26 26 26 26 27 27 28 28 29 29 29 29 29 29 29 29 29 30 30 30 30 30 30 33 33 33 33 33 35 35 35 35 35 35 38 38 38 38 38 38 38 38 39 39 39 39 39 39 39 39 39 39 39 39 39 39 39 39 39 39 39 39 40 40 40 40 40 40 43 43 43 43 43 43 43 43 43 43 43 43 43 43 43 43 43 43 43 43 45 45 45 45 45 47 47 47 47 47 50 50 51 51 51 51 51 52 52 52 52 54 54 54 54 54 54 54 54 54 55 55 56 56 57 60 60 62 62 63 63 63 63 63 63 64 64 64 64 64 65 65 69 69 
23 24 25 198 199 181 182 10 11 12 7 8 9 53 49 50 51 52 64 65 40 41 42 0 1 2 36 37 38 39 32 33 30 31 98 99 26 27 28 29 20 21 22 66 67 68 69 75 76 14 15 16 17 13 193 194 195 92 93 94 95 96 183 184 18 19 43 44 45 46 146 147 148 149 150 47 48 122 123 124 125 87 88 89 90 91 97 81 82 83 84 85 57 58 59 60 61 86 34 35 126 127 128 129 130 131 132 133 134 135 136 137 138 139 140 141 142 143 144 145 178 179 77 78 79 80 100 101 102 103 104 105 106 107 108 109 110 111 112 113 114 115 116 117 118 119 70 71 72 73 74 185 186 187 188 189 191 192 167 168 169 170 171 172 173 174 175 158 159 160 161 162 163 164 165 166 196 197 120 121 190 5 6 62 63 151 152 153 154 155 180 156 157 54 55 56 176 177 3 4 
545 545 545 363 363 886 886 734 734 734 734 734 734 276 267 267 267 267 659 659 191 191 191 545 545 545 272 272 272 272 351 351 351 351 403 403 272 272 272 272 191 191 191 564 564 564 564 430 430 267 267 267 267 276 879 879 879 241 241 241 241 241 639 639 659 659 564 564 564 564 346 346 346 346 346 430 430 723 723 723 723 459 459 459 459 459 936 459 459 459 459 459 241 241 241 241 241 936 403 403 577 577 577 577 577 577 577 577 577 577 577 577 577 577 577 577 577 577 577 577 645 645 723 723 723 723 577 577 577 577 577 577 577 577 577 577 577 577 577 577 577 577 577 577 577 577 346 346 346 346 346 892 892 892 892 892 743 743 243 243 243 243 243 957 957 957 957 243 243 243 243 243 957 957 957 957 338 338 645 645 181 886 886 639 639 892 892 892 892 892 181 743 743 879 879 879 338 338 363 363 
0 1 2 3 4 5 6 7 8 9 7 8 9 10 11 12 13 14 15 16 17 18 19 0 1 2 20 21 22 23 24 25 24 25 26 27 20 21 22 23 17 18 19 28 29 30 31 32 33 11 12 13 14 10 34 35 36 37 38 39 40 41 42 43 15 16 28 29 30 31 44 45 46 47 48 32 33 49 50 51 52 53 54 55 56 57 58 53 54 55 56 57 37 38 39 40 41 58 26 27 59 60 61 62 63 64 65 66 67 68 69 70 71 72 73 74 75 76 77 78 79 80 49 50 51 52 59 60 61 62 63 64 65 66 67 68 69 70 71 72 73 74 75 76 77 78 44 45 46 47 48 81 82 83 84 85 86 87 88 89 90 91 92 93 94 95 96 88 89 90 91 92 93 94 95 96 97 98 79 80 99 5 6 42 43 81 82 83 84 85 99 86 87 34 35 36 97 98 3 4 
52931
28
2 2 4 3 2 4 5 3 1 5 5 2 2 5 1 4 3 2 1 5 2 2 2 3 4 4 2 20 
27 9 14 6 55 21 26 1 8 47 51 40 22 29 35 8 12 50 57 33 5 14 3 25 30 52 16 39 
62 28 18 8 65 29 38 13 24 63 54 56 30 45 38 23 18 64 63 35 60 15 69 64 40 54 38 43 
639 659 272 734 338 564 241 545 276 892 243 645 430 346 936 267 191 743 181 459 886 351 363 879 723 957 403 577 
7 7 7 22 22 20 20 3 3 3 3 3 3 8 15 15 15 15 1 1 16 16 16 7 7 7 2 2 2 2 21 21 21 21 26 26 2 2 2 2 16 16 16 5 5 5 5 12 12 15 15 15 15 8 23 23 23 6 6 6 6 6 0 0 1 1 5 5 5 5 13 13 13 13 13 12 12 24 24 24 24 19 19 19 19 19 14 19 19 19 19 19 6 6 6 6 6 14 26 26 27 27 27 27 27 27 27 27 27 27 27 27 27 27 27 27 27 27 27 27 11 11 24 24 24 24 27 27 27 27 27 27 27 27 27 27 27 27 27 27 27 27 27 27 27 27 13 13 13 13 13 9 9 9 9 9 17 17 10 10 10 10 10 25 25 25 25 10 10 10 10 10 25 25 25 25 4 4 11 11 18 20 20 0 0 9 9 9 9 9 18 17 17 23 23 23 4 4 22 22 