911
100
2
5 5 5 9 9 9 9 9 13 13 13 13 13 13 13 14 14 14 14 14 14 14 17 17 17 17 17 17 17 17 17 21 21 21 21 21 21 21 21 21 21 21 23 23 23 23 23 23 28 28 28 28 28 28 28 30 31 31 32 32 33 33 33 33 33 33 33 33 33 33 33 33 34 34 36 36 36 36 36 36 40 40 40 40 41 41 41 41 41 41 44 44 45 45 45 45 45 45 47 47 47 47 47 47 47 47 47 47 47 47 47 47 47 47 48 48 50 50 53 53 54 54 54 54 54 54 57 57 57 57 57 57 58 58 58 58 58 58 58 58 58 58 58 58 58 58 58 58 58 58 58 60 60 63 63 63 63 63 63 63 63 63 63 63 65 65 65 65 65 65 65 65 65 65 65 65 66 66 67 67 67 67 69 69 69 69 69 69 69 69 69 69 69 70 70 70 70 70 70 70 
55 164 165 31 32 33 34 35 193 194 195 196 197 198 199 48 49 50 51 52 53 54 132 133 134 135 136 137 138 139 140 3 4 5 6 7 42 43 44 45 46 47 36 37 38 39 40 41 15 16 17 18 19 20 21 0 176 177 118 119 72 73 166 167 168 169 170 171 172 173 174 175 60 61 84 85 86 87 88 89 178 179 180 181 74 75 76 77 78 79 182 183 98 99 100 101 102 103 92 93 94 95 96 97 141 142 143 144 145 146 147 148 149 150 151 152 162 163 58 59 126 127 128 129 130 131 120 121 122 123 124 125 22 23 24 25 26 27 28 29 30 104 105 106 107 108 109 110 111 112 113 114 115 184 185 186 187 188 189 190 191 192 116 117 1 2 62 63 64 65 66 67 68 69 70 71 56 57 80 81 82 83 90 91 153 154 155 156 157 158 159 160 161 8 9 10 11 12 13 14 
260 929 929 446 446 446 446 446 766 766 766 766 766 766 766 264 264 264 264 264 264 264 387 387 387 387 387 387 387 387 387 446 446 446 446 446 576 576 576 576 576 576 576 576 576 576 576 576 264 264 264 264 264 264 264 260 790 790 506 506 425 425 352 352 352 352 352 352 352 352 352 352 425 425 883 883 883 883 883 883 333 333 333 333 883 883 883 883 883 883 734 734 445 445 445 445 445 445 445 445 445 445 445 445 663 663 663 663 663 663 663 663 663 663 213 213 675 675 506 506 963 963 963 963 963 963 963 963 963 963 963 963 387 387 387 387 387 387 387 387 387 663 663 663 663 663 663 663 663 663 663 213 213 427 427 427 427 427 427 427 427 427 675 675 929 929 352 352 352 352 352 352 352 352 352 352 790 790 333 333 333 333 734 734 427 427 427 427 427 427 427 427 427 766 766 766 766 766 766 766 
0 1 2 3 4 5 6 7 8 9 10 11 12 13 14 15 16 17 18 19 20 21 22 23 24 25 26 27 28 29 30 3 4 5 6 7 31 32 33 34 35 36 31 32 33 34 35 36 15 16 17 18 19 20 21 0 37 38 39 40 41 42 43 44 45 46 47 48 49 50 51 52 41 42 53 54 55 56 57 58 59 60 61 62 53 54 55 56 57 58 63 64 65 66 67 68 69 70 65 66 67 68 69 70 71 72 73 74 75 76 77 78 79 80 81 82 83 84 39 40 85 86 87 88 89 90 85 86 87 88 89 90 22 23 24 25 26 27 28 29 30 71 72 73 74 75 76 77 78 79 80 81 82 91 92 93 94 95 96 97 98 99 83 84 1 2 43 44 45 46 47 48 49 50 51 52 37 38 59 60 61 62 63 64 91 92 93 94 95 96 97 98 99 8 9 10 11 12 13 14 
54254
20
2 4 2 2 6 9 7 5 1 2 2 6 2 7 6 9 2 10 6 10 
48 40 31 44 36 63 14 9 5 5 32 21 50 13 45 17 33 33 54 47 
60 67 66 69 41 69 28 21 30 65 53 23 63 70 47 58 34 65 57 58 
213 333 790 734 883 427 264 446 260 929 506 576 675 766 445 387 425 352 963 663 
8 9 9 7 7 7 7 7 13 13 13 13 13 13 13 6 6 6 6 6 6 6 15 15 15 15 15 15 15 15 15 7 7 7 7 7 11 11 11 11 11 11 11 11 11 11 11 11 6 6 6 6 6 6 6 8 2 2 10 10 16 16 17 17 17 17 17 17 17 17 17 17 16 16 4 4 4 4 4 4 1 1 1 1 4 4 4 4 4 4 3 3 14 14 14 14 14 14 14 14 14 14 14 14 19 19 19 19 19 19 19 19 19 19 0 0 12 12 10 10 18 18 18 18 18 18 18 18 18 18 18 18 15 15 15 15 15 15 15 15 15 19 19 19 19 19 19 19 19 19 19 0 0 5 5 5 5 5 5 5 5 5 12 12 9 9 17 17 17 17 17 17 17 17 17 17 2 2 1 1 1 1 3 3 5 5 5 5 5 5 5 5 5 13 13 13 13 13 13 13 