856
100
2
1 1 1 1 1 1 1 1 1 1 1 1 1 2 2 2 2 2 2 2 2 2 2 2 2 2 2 2 2 2 3 3 3 5 5 5 5 5 7 7 7 7 7 9 9 9 9 9 9 9 10 10 10 10 11 11 11 11 11 12 12 14 14 14 14 14 15 15 15 15 15 15 15 15 15 15 15 15 15 15 15 15 15 17 17 17 17 17 17 17 17 17 19 19 19 19 19 20 20 20 20 20 20 20 20 20 20 20 20 22 22 22 22 22 23 23 25 25 29 29 29 29 29 30 30 30 31 32 32 33 33 33 33 33 35 35 36 36 37 37 38 43 43 44 44 44 45 45 45 45 48 48 52 52 53 53 53 54 54 54 54 54 56 56 56 56 57 57 57 57 57 57 57 57 57 57 61 61 61 61 62 63 63 63 63 63 64 64 64 64 65 65 66 66 66 66 66 67 67 67 
38 39 40 41 87 88 89 90 91 169 170 127 128 66 67 68 69 70 71 72 73 74 75 76 77 78 79 80 81 82 50 51 52 54 55 56 57 58 0 1 2 3 180 176 177 178 179 197 198 199 30 31 32 115 33 34 35 36 37 146 147 118 119 120 121 122 13 14 15 16 17 18 19 20 21 22 23 24 25 26 27 28 29 162 163 164 165 4 5 6 7 8 157 158 159 160 161 116 117 129 130 131 132 133 181 182 183 184 185 140 186 187 188 189 126 53 97 98 61 62 63 64 65 143 144 145 114 11 12 99 100 101 102 103 150 151 138 139 136 137 109 152 153 123 124 125 59 60 190 191 134 135 141 142 166 167 168 92 93 94 95 96 83 84 85 86 154 155 156 9 10 192 193 194 195 196 43 44 45 46 42 104 105 106 107 108 110 111 112 113 148 149 171 172 173 174 175 47 48 49 
513 513 513 513 238 238 238 238 238 559 559 944 944 943 943 943 943 943 943 943 943 943 943 943 943 943 943 943 943 943 991 991 991 552 552 552 552 552 513 513 513 513 243 800 800 800 931 387 387 387 991 991 991 219 552 552 552 552 552 952 952 224 224 224 224 224 943 943 943 943 943 943 943 943 943 943 943 943 943 943 943 943 943 937 937 937 937 238 238 238 238 238 286 286 286 286 286 765 765 881 881 881 881 881 219 219 219 219 219 535 459 459 459 459 917 219 765 765 224 224 224 224 224 213 213 213 917 944 944 881 881 881 881 881 267 267 947 947 947 947 535 709 709 213 213 213 952 952 474 474 267 267 709 709 167 167 167 286 286 286 286 286 937 937 937 937 167 167 167 559 559 319 319 319 319 319 800 800 800 931 243 219 219 219 219 219 459 459 459 459 474 474 319 319 319 319 319 387 387 387 
0 1 2 3 4 5 6 7 8 9 10 11 12 13 14 15 16 17 18 19 20 21 22 23 24 25 26 27 28 29 30 31 32 33 34 35 36 37 0 1 2 3 38 39 40 41 42 43 44 45 30 31 32 46 33 34 35 36 37 47 48 49 50 51 52 53 13 14 15 16 17 18 19 20 21 22 23 24 25 26 27 28 29 54 55 56 57 4 5 6 7 8 58 59 60 61 62 63 64 65 66 67 68 69 70 71 72 73 74 75 76 77 78 79 80 46 63 64 49 50 51 52 53 81 82 83 80 11 12 65 66 67 68 69 84 85 86 87 86 87 75 88 89 81 82 83 47 48 90 91 84 85 88 89 92 93 94 58 59 60 61 62 54 55 56 57 92 93 94 9 10 95 96 97 98 99 39 40 41 42 38 70 71 72 73 74 76 77 78 79 90 91 95 96 97 98 99 43 44 45 
59015
29
1 2 4 4 5 3 3 4 2 2 1 2 2 2 3 5 1 5 5 5 2 5 1 1 5 3 3 2 17 
22 12 1 17 1 9 53 22 1 20 23 36 43 45 3 57 10 5 19 14 35 20 9 7 20 30 9 1 2 
38 45 7 56 17 61 57 64 57 25 31 37 52 65 10 66 23 11 54 29 48 33 61 62 63 44 67 32 15 
535 952 513 937 238 800 167 459 559 765 917 947 709 474 991 319 219 552 286 224 267 881 931 243 219 213 387 944 943 
2 2 2 2 4 4 4 4 4 8 8 27 27 28 28 28 28 28 28 28 28 28 28 28 28 28 28 28 28 28 14 14 14 17 17 17 17 17 2 2 2 2 23 5 5 5 22 26 26 26 14 14 14 16 17 17 17 17 17 1 1 19 19 19 19 19 28 28 28 28 28 28 28 28 28 28 28 28 28 28 28 28 28 3 3 3 3 4 4 4 4 4 18 18 18 18 18 9 9 21 21 21 21 21 24 24 24 24 24 0 7 7 7 7 10 16 9 9 19 19 19 19 19 25 25 25 10 27 27 21 21 21 21 21 20 20 11 11 11 11 0 12 12 25 25 25 1 1 13 13 20 20 12 12 6 6 6 18 18 18 18 18 3 3 3 3 6 6 6 8 8 15 15 15 15 15 5 5 5 22 23 24 24 24 24 24 7 7 7 7 13 13 15 15 15 15 15 26 26 26 