140
100
2
1 1 1 1 3 3 3 3 3 3 8 9 9 9 9 9 9 9 9 9 9 12 12 12 14 14 14 14 14 14 16 16 16 16 18 21 21 21 21 21 21 23 23 23 23 23 23 23 23 23 23 23 23 23 23 23 23 23 23 23 23 24 24 24 27 27 27 27 27 27 30 30 30 30 30 30 30 30 33 33 33 33 33 33 36 38 38 38 38 38 39 39 40 40 40 40 40 40 41 41 41 41 41 41 41 41 41 41 42 42 42 42 46 46 46 46 46 49 49 49 49 49 49 50 50 50 54 54 54 55 56 56 56 56 56 56 56 56 56 56 56 57 57 57 57 57 57 57 57 58 58 58 58 60 60 60 60 60 60 61 61 61 61 61 62 62 62 62 62 62 62 62 66 67 67 67 67 67 67 67 67 67 67 67 67 67 67 67 67 67 67 67 67 67 67 69 69 69 69 69 
149 150 151 152 15 16 17 18 19 20 172 141 142 143 144 4 5 6 7 8 9 61 62 63 78 79 80 81 82 83 70 71 72 73 129 64 65 66 67 68 69 108 109 110 111 179 180 181 182 183 184 185 186 187 188 189 190 191 192 193 194 21 22 23 35 36 37 38 39 40 30 31 32 33 145 146 147 148 24 25 26 27 28 29 112 164 165 166 167 168 159 160 173 174 175 176 177 178 153 154 155 156 157 158 113 114 115 116 41 42 43 44 84 104 105 106 107 135 136 137 138 139 140 126 127 128 123 124 125 34 195 196 197 198 199 117 118 119 120 121 122 11 12 13 14 74 75 76 77 0 1 2 3 98 99 100 101 102 103 90 91 169 170 171 85 86 87 88 89 161 162 163 10 92 93 94 95 96 97 45 46 47 48 49 50 51 52 53 54 55 56 57 58 59 60 130 131 132 133 134 
808 808 808 808 768 768 768 768 768 768 994 818 818 818 818 768 768 768 768 768 768 390 390 390 552 552 552 552 552 552 919 919 919 919 361 296 296 296 296 296 296 182 182 182 182 788 788 788 788 788 788 788 788 788 788 788 788 788 788 788 788 390 390 390 296 296 296 296 296 296 919 919 919 919 542 542 542 542 552 552 552 552 552 552 343 205 205 205 205 205 245 245 411 411 411 411 411 411 347 347 347 347 347 347 651 651 651 651 182 182 182 182 343 651 651 651 651 841 841 841 841 841 841 459 459 459 459 459 459 361 659 659 659 659 659 841 841 841 841 841 841 818 818 818 818 542 542 542 542 808 808 808 808 347 347 347 347 347 347 245 245 823 823 823 205 205 205 205 205 823 823 823 994 411 411 411 411 411 411 788 788 788 788 788 788 788 788 788 788 788 788 788 788 788 788 659 659 659 659 659 
0 1 2 3 4 5 6 7 8 9 10 11 12 13 14 4 5 6 7 8 9 15 16 17 18 19 20 21 22 23 24 25 26 27 28 29 30 31 32 33 34 35 36 37 38 39 40 41 42 43 44 45 46 47 48 49 50 51 52 53 54 15 16 17 29 30 31 32 33 34 24 25 26 27 55 56 57 58 18 19 20 21 22 23 59 60 61 62 63 64 65 66 67 68 69 70 71 72 73 74 75 76 77 78 79 80 81 82 35 36 37 38 59 79 80 81 82 83 84 85 86 87 88 89 90 91 89 90 91 28 92 93 94 95 96 83 84 85 86 87 88 11 12 13 14 55 56 57 58 0 1 2 3 73 74 75 76 77 78 65 66 97 98 99 60 61 62 63 64 97 98 99 10 67 68 69 70 71 72 39 40 41 42 43 44 45 46 47 48 49 50 51 52 53 54 92 93 94 95 96 
59102
22
2 6 6 3 1 4 4 6 5 4 1 4 5 3 4 6 4 6 6 3 1 16 
39 21 14 12 18 9 16 41 56 1 36 23 38 61 41 49 30 3 40 50 8 23 
61 27 33 24 55 57 30 60 69 58 46 42 62 62 46 56 57 9 67 54 66 67 
245 296 552 390 361 818 919 347 659 808 343 182 205 823 651 841 542 768 411 459 994 788 
9 9 9 9 17 17 17 17 17 17 20 5 5 5 5 17 17 17 17 17 17 3 3 3 2 2 2 2 2 2 6 6 6 6 4 1 1 1 1 1 1 11 11 11 11 21 21 21 21 21 21 21 21 21 21 21 21 21 21 21 21 3 3 3 1 1 1 1 1 1 6 6 6 6 16 16 16 16 2 2 2 2 2 2 10 12 12 12 12 12 0 0 18 18 18 18 18 18 7 7 7 7 7 7 14 14 14 14 11 11 11 11 10 14 14 14 14 15 15 15 15 15 15 19 19 19 19 19 19 4 8 8 8 8 8 15 15 15 15 15 15 5 5 5 5 16 16 16 16 9 9 9 9 7 7 7 7 7 7 0 0 13 13 13 12 12 12 12 12 13 13 13 20 18 18 18 18 18 18 21 21 21 21 21 21 21 21 21 21 21 21 21 21 21 21 8 8 8 8 8 