514
100
2
2 5 5 5 6 6 6 6 6 6 9 9 9 9 9 9 9 9 9 9 12 12 12 12 12 12 12 12 12 12 12 12 12 12 13 13 13 13 13 13 14 14 14 15 15 15 15 15 15 16 16 16 16 16 16 16 16 16 16 16 16 18 18 18 19 19 19 20 20 20 22 22 22 22 22 22 22 23 23 23 23 23 23 23 23 26 26 26 26 26 27 27 27 27 27 27 28 28 28 28 28 28 28 28 28 28 28 28 28 28 28 29 29 34 34 34 34 34 34 38 38 38 38 38 38 38 38 43 43 43 43 43 43 43 43 43 43 49 49 49 49 49 50 50 50 51 51 51 51 51 52 52 52 52 52 57 57 58 58 58 58 60 60 60 60 60 62 62 62 62 62 62 62 62 62 62 62 62 62 62 63 63 63 63 63 63 63 63 63 63 66 67 67 67 67 68 68 68 69 69 
118 195 196 197 137 138 139 140 141 190 180 181 182 183 184 132 133 134 135 136 157 158 159 160 25 24 27 26 29 28 31 30 33 32 43 44 45 67 68 69 82 83 84 34 35 36 192 193 194 50 49 52 51 54 53 56 55 146 147 148 149 119 120 121 142 143 144 37 38 39 198 199 127 128 129 130 131 122 123 124 125 126 40 41 42 91 92 93 94 95 96 85 86 87 88 89 90 166 167 168 169 170 171 172 173 174 175 176 177 178 179 155 156 150 151 152 153 154 0 61 62 63 77 78 79 80 81 72 73 74 75 76 15 16 17 18 19 4 5 6 7 8 64 65 66 191 57 58 59 60 113 114 115 116 117 111 112 20 21 22 23 185 186 187 188 189 97 98 99 100 101 102 103 104 105 106 107 108 109 110 10 11 12 13 14 161 162 163 164 165 9 145 46 47 48 1 2 3 70 71 
880 932 932 932 246 246 246 246 246 550 764 764 764 764 764 691 691 691 691 691 789 789 789 789 778 778 778 778 778 778 778 778 778 778 684 684 684 162 162 162 200 200 200 684 684 684 651 651 651 344 344 344 344 344 344 344 344 171 171 171 171 247 247 247 576 576 576 162 162 162 592 592 615 615 615 615 615 739 739 739 739 739 200 200 200 811 811 811 811 811 562 811 811 811 811 811 562 423 423 423 423 423 423 423 423 423 423 423 423 423 423 382 382 531 531 531 531 531 880 247 247 247 739 739 739 739 739 615 615 615 615 615 691 691 691 691 691 246 246 246 246 246 576 576 576 967 171 171 171 171 531 531 531 531 531 382 382 789 789 789 789 422 422 422 422 422 423 423 423 423 423 423 423 423 423 423 423 423 423 423 764 764 764 764 764 422 422 422 422 422 550 967 651 651 651 932 932 932 592 592 
0 1 2 3 4 5 6 7 8 9 10 11 12 13 14 15 16 17 18 19 20 21 22 23 24 24 25 25 26 26 27 27 28 28 29 30 31 32 33 34 35 36 37 29 30 31 38 39 40 41 41 42 42 43 43 44 44 45 46 47 48 49 50 51 52 53 54 32 33 34 55 56 57 58 59 60 61 62 63 64 65 66 35 36 37 67 68 69 70 71 72 67 68 69 70 71 72 73 74 75 76 77 78 79 80 81 82 83 84 85 86 87 88 89 90 91 92 93 0 49 50 51 62 63 64 65 66 57 58 59 60 61 15 16 17 18 19 4 5 6 7 8 52 53 54 94 45 46 47 48 89 90 91 92 93 87 88 20 21 22 23 95 96 97 98 99 73 74 75 76 77 78 79 80 81 82 83 84 85 86 10 11 12 13 14 95 96 97 98 99 9 94 38 39 40 1 2 3 55 56 
54386
26
5 5 3 1 5 1 1 2 3 5 3 2 3 4 3 5 5 5 3 4 5 1 5 4 3 14 
9 6 13 51 34 6 27 22 18 23 19 29 13 12 5 22 9 26 14 16 60 2 12 16 15 28 
63 49 15 67 52 66 28 69 38 38 50 57 20 58 68 43 43 27 23 16 63 34 12 51 67 62 
764 246 684 967 531 550 562 592 247 739 576 382 162 789 932 615 691 811 200 344 422 880 778 171 651 423 
21 14 14 14 1 1 1 1 1 5 0 0 0 0 0 16 16 16 16 16 13 13 13 13 22 22 22 22 22 22 22 22 22 22 2 2 2 12 12 12 18 18 18 2 2 2 24 24 24 19 19 19 19 19 19 19 19 23 23 23 23 8 8 8 10 10 10 12 12 12 7 7 15 15 15 15 15 9 9 9 9 9 18 18 18 17 17 17 17 17 6 17 17 17 17 17 6 25 25 25 25 25 25 25 25 25 25 25 25 25 25 11 11 4 4 4 4 4 21 8 8 8 9 9 9 9 9 15 15 15 15 15 16 16 16 16 16 1 1 1 1 1 10 10 10 3 23 23 23 23 4 4 4 4 4 11 11 13 13 13 13 20 20 20 20 20 25 25 25 25 25 25 25 25 25 25 25 25 25 25 0 0 0 0 0 20 20 20 20 20 5 3 24 24 24 14 14 14 7 7 