819
100
2
2 2 2 2 2 2 2 2 3 3 3 3 3 7 7 7 7 7 7 8 8 8 8 8 8 8 12 12 12 22 22 24 24 24 24 24 24 24 24 24 24 24 24 24 24 24 24 24 24 24 24 26 26 26 26 26 26 26 26 26 26 26 26 31 31 38 38 38 38 38 38 38 39 39 39 39 39 39 39 39 40 40 40 40 40 40 40 40 40 40 40 43 43 43 43 43 43 44 44 44 44 44 44 44 44 44 44 44 44 44 44 52 52 52 52 52 52 52 52 52 52 52 52 52 52 52 52 52 52 52 52 52 52 52 52 52 54 54 54 59 59 59 59 59 59 59 59 59 59 59 63 63 63 63 63 63 63 63 63 63 63 63 63 63 65 65 65 65 65 65 65 65 67 67 67 67 67 69 69 69 69 69 69 69 69 70 70 70 70 70 70 70 70 70 70 70 70 70 70 70 
72 73 74 75 76 77 78 79 172 173 174 175 176 26 27 28 136 137 138 65 66 67 68 69 70 71 13 14 15 109 110 177 178 179 180 181 182 183 184 51 52 53 54 55 56 57 58 59 60 61 62 39 40 41 42 43 44 45 46 47 48 49 50 185 186 19 20 21 22 23 24 25 0 1 2 3 4 5 6 7 139 140 141 142 143 144 145 146 147 148 149 150 151 152 153 154 155 111 112 113 114 115 116 117 118 119 120 121 122 29 30 97 98 99 100 101 102 103 104 105 106 107 108 187 188 189 190 191 192 193 194 195 196 197 198 199 16 17 18 80 81 82 83 84 85 86 87 88 89 90 91 92 93 94 95 96 164 165 166 167 168 169 170 171 156 157 158 159 160 161 162 163 8 9 10 11 12 31 32 33 34 35 36 37 38 63 64 123 124 125 126 127 128 129 130 131 132 133 134 135 
799 799 799 799 799 799 799 799 423 423 423 423 423 909 909 909 921 921 921 915 915 915 915 915 915 915 909 909 909 887 887 439 439 439 439 439 439 439 439 331 331 331 331 331 331 331 331 331 331 331 331 331 331 331 331 331 331 331 331 331 331 331 331 434 434 915 915 915 915 915 915 915 799 799 799 799 799 799 799 799 167 167 167 167 167 167 167 167 167 167 167 211 211 211 211 211 211 433 433 433 433 433 433 433 433 433 433 433 433 887 887 433 433 433 433 433 433 433 433 433 433 433 433 587 587 587 587 587 587 587 587 587 587 587 587 587 921 921 921 167 167 167 167 167 167 167 167 167 167 167 211 211 211 211 211 211 538 538 538 538 538 538 538 538 538 538 538 538 538 538 538 538 423 423 423 423 423 439 439 439 439 439 439 439 439 434 434 587 587 587 587 587 587 587 587 587 587 587 587 587 
0 1 2 3 4 5 6 7 8 9 10 11 12 13 14 15 16 17 18 19 20 21 22 23 24 25 13 14 15 26 27 28 29 30 31 32 33 34 35 36 37 38 39 40 41 42 43 44 45 46 47 36 37 38 39 40 41 42 43 44 45 46 47 48 49 19 20 21 22 23 24 25 0 1 2 3 4 5 6 7 50 51 52 53 54 55 56 57 58 59 60 61 62 63 64 65 66 67 68 69 70 71 72 73 74 75 76 77 78 26 27 67 68 69 70 71 72 73 74 75 76 77 78 79 80 81 82 83 84 85 86 87 88 89 90 91 16 17 18 50 51 52 53 54 55 56 57 58 59 60 61 62 63 64 65 66 92 93 94 95 96 97 98 99 92 93 94 95 96 97 98 99 8 9 10 11 12 28 29 30 31 32 33 34 35 48 49 79 80 81 82 83 84 85 86 87 88 89 90 91 
50762
14
12 3 8 3 8 2 11 2 5 7 13 6 8 12 
44 7 24 7 2 31 40 22 3 8 52 43 63 24 
52 12 69 54 39 70 59 44 67 38 70 63 65 26 
433 909 439 921 799 434 167 887 423 915 587 211 538 331 
4 4 4 4 4 4 4 4 8 8 8 8 8 1 1 1 3 3 3 9 9 9 9 9 9 9 1 1 1 7 7 2 2 2 2 2 2 2 2 13 13 13 13 13 13 13 13 13 13 13 13 13 13 13 13 13 13 13 13 13 13 13 13 5 5 9 9 9 9 9 9 9 4 4 4 4 4 4 4 4 6 6 6 6 6 6 6 6 6 6 6 11 11 11 11 11 11 0 0 0 0 0 0 0 0 0 0 0 0 7 7 0 0 0 0 0 0 0 0 0 0 0 0 10 10 10 10 10 10 10 10 10 10 10 10 10 3 3 3 6 6 6 6 6 6 6 6 6 6 6 11 11 11 11 11 11 12 12 12 12 12 12 12 12 12 12 12 12 12 12 12 12 8 8 8 8 8 2 2 2 2 2 2 2 2 5 5 10 10 10 10 10 10 10 10 10 10 10 10 10 