287
100
2
1 1 1 1 1 1 1 1 1 1 1 1 1 1 6 6 6 6 6 6 6 6 6 6 6 6 6 6 6 6 6 11 11 11 11 11 11 12 12 12 12 12 12 12 12 14 14 14 14 16 16 16 16 16 16 16 16 17 17 17 17 17 17 17 17 18 18 19 19 19 19 19 19 19 19 19 21 21 22 22 22 22 22 22 22 22 24 24 24 24 26 26 26 28 28 28 28 28 28 28 28 29 29 29 29 31 31 31 31 31 40 40 40 40 40 40 40 40 40 40 40 40 46 46 48 48 48 48 48 48 48 48 49 49 51 51 51 51 51 51 51 51 51 51 51 51 51 51 51 53 53 57 57 57 57 58 58 58 58 58 60 60 60 60 60 61 61 61 61 61 61 61 61 61 63 63 63 63 63 63 63 67 67 67 67 67 67 67 67 69 69 69 69 69 69 69 69 70 70 70 
17 18 19 20 21 22 23 24 25 26 27 28 29 30 178 179 180 0 1 2 3 4 5 6 7 8 9 10 11 12 13 78 79 80 81 82 83 124 125 126 127 128 129 130 131 86 87 88 89 93 94 95 96 97 98 99 100 189 190 191 192 193 194 195 196 165 166 167 168 169 170 171 172 173 149 150 132 133 31 32 33 34 35 36 101 102 45 46 47 48 197 198 199 49 50 51 52 53 54 55 56 84 85 122 123 160 161 162 163 164 155 156 157 158 159 134 135 136 137 138 139 140 103 104 37 38 39 40 41 42 43 44 76 77 115 116 117 118 119 120 121 181 182 183 184 185 186 187 188 74 75 174 175 176 177 110 111 112 113 114 105 106 107 108 109 65 66 67 68 69 70 71 72 73 151 152 153 154 14 15 16 141 142 143 144 145 146 147 148 57 58 59 60 61 62 63 64 90 91 92 
615 615 615 615 615 615 615 615 615 615 615 615 615 615 799 799 799 615 615 615 615 615 615 615 615 615 615 615 615 615 615 169 169 169 169 169 169 761 761 761 761 761 761 761 761 617 617 617 617 709 709 709 709 709 709 709 709 638 638 638 638 638 638 638 638 681 681 658 658 658 658 658 658 658 484 484 443 443 169 169 169 169 169 169 321 321 617 617 617 617 944 944 944 709 709 709 709 709 709 709 709 321 321 791 791 650 650 650 650 650 306 306 306 306 306 798 798 798 798 798 798 798 791 791 761 761 761 761 761 761 761 761 443 443 798 798 798 798 798 798 798 762 762 762 762 762 762 762 762 484 484 579 579 579 579 306 306 306 306 306 650 650 650 650 650 681 681 658 658 658 658 658 658 658 579 579 579 579 799 799 799 762 762 762 762 762 762 762 762 638 638 638 638 638 638 638 638 944 944 944 
0 1 2 3 4 5 6 7 8 9 10 11 12 13 14 15 16 0 1 2 3 4 5 6 7 8 9 10 11 12 13 17 18 19 20 21 22 23 24 25 26 27 28 29 30 31 32 33 34 35 36 37 38 39 40 41 42 43 44 45 46 47 48 49 50 51 52 53 54 55 56 57 58 59 60 61 62 63 17 18 19 20 21 22 64 65 31 32 33 34 66 67 68 35 36 37 38 39 40 41 42 64 65 69 70 71 72 73 74 75 76 77 78 79 80 81 82 83 84 85 86 87 69 70 23 24 25 26 27 28 29 30 62 63 81 82 83 84 85 86 87 88 89 90 91 92 93 94 95 60 61 96 97 98 99 76 77 78 79 80 71 72 73 74 75 51 52 53 54 55 56 57 58 59 96 97 98 99 14 15 16 88 89 90 91 92 93 94 95 43 44 45 46 47 48 49 50 66 67 68 
63009
19
4 2 7 5 6 5 4 8 2 7 3 8 8 8 3 2 2 2 14 
57 18 19 31 11 40 14 16 22 40 6 51 17 12 26 19 21 29 1 
63 61 61 60 22 58 24 28 29 51 63 67 69 48 70 53 49 46 6 
579 681 658 650 169 306 617 709 321 798 799 762 638 761 944 484 443 791 615 
18 18 18 18 18 18 18 18 18 18 18 18 18 18 10 10 10 18 18 18 18 18 18 18 18 18 18 18 18 18 18 4 4 4 4 4 4 13 13 13 13 13 13 13 13 6 6 6 6 7 7 7 7 7 7 7 7 12 12 12 12 12 12 12 12 1 1 2 2 2 2 2 2 2 15 15 16 16 4 4 4 4 4 4 8 8 6 6 6 6 14 14 14 7 7 7 7 7 7 7 7 8 8 17 17 3 3 3 3 3 5 5 5 5 5 9 9 9 9 9 9 9 17 17 13 13 13 13 13 13 13 13 16 16 9 9 9 9 9 9 9 11 11 11 11 11 11 11 11 15 15 0 0 0 0 5 5 5 5 5 3 3 3 3 3 1 1 2 2 2 2 2 2 2 0 0 0 0 10 10 10 11 11 11 11 11 11 11 11 12 12 12 12 12 12 12 12 14 14 14 