45
100
2
2 2 3 3 3 3 3 3 3 3 3 4 4 5 5 5 5 5 6 6 6 6 6 6 9 9 10 10 10 10 10 10 10 10 10 11 11 11 11 11 11 11 11 11 11 11 11 11 11 11 11 11 11 11 11 11 11 11 13 15 15 15 16 16 16 16 16 16 16 16 16 20 20 20 20 20 20 20 20 20 21 22 22 22 22 22 22 22 22 22 22 22 22 22 22 22 22 22 23 24 24 26 26 26 27 27 27 27 27 27 28 28 28 28 32 32 32 32 35 35 35 36 36 38 38 38 38 38 38 40 41 41 41 41 41 41 41 41 41 41 41 41 43 43 43 43 43 43 46 46 46 46 46 46 47 47 47 47 49 52 52 54 54 54 58 58 62 62 62 62 62 62 62 65 65 65 66 66 66 66 66 67 67 67 67 68 68 68 69 69 69 69 69 70 70 70 70 70 70 70 
121 122 110 111 112 113 137 138 139 140 141 159 160 188 189 190 191 192 193 194 195 196 197 198 78 79 130 131 132 133 134 135 118 119 120 173 174 175 148 149 150 81 82 83 84 85 86 87 88 89 90 91 92 93 94 95 96 97 129 158 164 165 71 72 73 74 75 76 151 152 153 62 63 64 65 66 67 136 24 25 103 41 42 43 44 45 46 47 48 49 50 51 52 53 54 55 56 57 199 171 172 123 124 80 142 143 144 145 146 147 2 3 4 5 125 126 127 128 32 33 34 0 1 101 102 114 115 116 117 58 26 27 28 29 30 31 77 6 7 8 9 10 104 105 106 107 108 109 38 39 40 68 69 70 181 182 183 184 59 11 12 185 186 187 60 61 176 177 178 179 180 99 100 35 36 37 166 167 168 169 170 154 155 156 157 161 162 163 13 14 15 16 17 18 19 20 21 22 23 98 
283 283 966 966 966 966 809 809 809 809 809 608 608 489 489 489 489 489 649 649 649 649 649 649 828 828 575 575 575 575 575 575 921 921 921 402 402 402 545 545 545 740 740 740 740 740 740 740 740 740 740 740 740 740 740 740 740 740 944 946 413 413 999 999 999 999 999 999 529 529 529 999 999 999 999 999 999 299 828 828 586 740 740 740 740 740 740 740 740 740 740 740 740 740 740 740 740 740 411 636 636 869 869 586 609 609 609 609 609 609 966 966 966 966 812 812 812 812 921 921 921 283 283 869 869 812 812 812 812 944 575 575 575 575 575 575 299 809 809 809 809 809 609 609 609 609 609 609 545 545 545 529 529 529 433 433 433 433 946 608 608 673 673 673 413 413 620 620 620 620 620 636 636 402 402 402 620 620 620 620 620 433 433 433 433 673 673 673 489 489 489 489 489 649 649 649 649 649 649 411 
0 1 2 3 4 5 6 7 8 9 10 11 12 13 14 15 16 17 18 19 20 21 22 23 24 25 26 27 28 29 30 31 32 33 34 35 36 37 38 39 40 41 42 43 44 45 46 47 48 49 50 51 52 53 54 55 56 57 58 59 60 61 62 63 64 65 66 67 68 69 70 62 63 64 65 66 67 71 24 25 72 41 42 43 44 45 46 47 48 49 50 51 52 53 54 55 56 57 73 74 75 76 77 72 78 79 80 81 82 83 2 3 4 5 84 85 86 87 32 33 34 0 1 76 77 84 85 86 87 58 26 27 28 29 30 31 71 6 7 8 9 10 78 79 80 81 82 83 38 39 40 68 69 70 88 89 90 91 59 11 12 92 93 94 60 61 95 96 97 98 99 74 75 35 36 37 95 96 97 98 99 88 89 90 91 92 93 94 13 14 15 16 17 18 19 20 21 22 23 73 
67676
27
6 2 1 3 5 3 6 6 3 6 5 3 4 1 2 1 1 4 5 2 2 2 3 4 2 1 17 
27 2 15 11 62 11 16 10 54 6 5 10 47 23 4 13 20 3 3 24 26 15 16 32 9 21 11 
43 36 49 65 66 46 20 41 68 70 69 35 67 70 52 40 41 28 41 62 38 58 46 38 20 26 22 
609 283 946 402 620 545 999 575 673 649 489 921 433 411 608 944 299 966 809 636 869 413 529 812 828 586 740 
1 1 17 17 17 17 18 18 18 18 18 14 14 10 10 10 10 10 9 9 9 9 9 9 24 24 7 7 7 7 7 7 11 11 11 3 3 3 5 5 5 26 26 26 26 26 26 26 26 26 26 26 26 26 26 26 26 26 15 2 21 21 6 6 6 6 6 6 22 22 22 6 6 6 6 6 6 16 24 24 25 26 26 26 26 26 26 26 26 26 26 26 26 26 26 26 26 26 13 19 19 20 20 25 0 0 0 0 0 0 17 17 17 17 23 23 23 23 11 11 11 1 1 20 20 23 23 23 23 15 7 7 7 7 7 7 16 18 18 18 18 18 0 0 0 0 0 0 5 5 5 22 22 22 12 12 12 12 2 14 14 8 8 8 21 21 4 4 4 4 4 19 19 3 3 3 4 4 4 4 4 12 12 12 12 8 8 8 10 10 10 10 10 9 9 9 9 9 9 13 