862
100
2
3 3 4 4 4 4 5 5 5 5 5 5 7 7 7 7 7 9 9 9 10 10 10 10 11 11 11 11 13 13 13 13 14 14 14 14 15 15 19 19 19 19 19 19 19 19 20 20 26 26 26 26 26 26 28 28 28 28 28 28 28 28 28 28 29 29 29 29 29 29 30 30 30 30 30 30 30 30 30 31 31 31 36 36 36 36 36 36 36 37 38 38 38 38 39 39 39 39 40 42 42 42 42 42 42 42 42 42 42 42 42 42 44 44 44 44 44 45 45 45 45 45 45 45 45 45 45 45 45 45 45 45 45 46 46 46 46 46 46 49 49 49 51 51 51 52 52 52 52 54 54 54 54 54 54 54 54 54 58 58 58 58 58 58 59 59 59 59 59 61 61 63 64 64 64 64 65 65 65 65 65 65 65 65 65 68 68 68 68 68 68 68 68 68 69 69 69 69 69 69 
34 35 133 134 135 136 179 180 24 25 26 27 32 33 191 192 193 176 177 178 181 182 183 184 8 9 10 11 60 61 62 63 12 13 0 1 37 36 64 65 66 67 68 69 74 75 162 163 194 195 196 197 198 199 185 186 187 188 189 190 28 29 30 31 38 39 40 41 42 43 158 159 160 161 44 45 166 167 168 142 143 144 145 146 147 148 139 140 141 117 149 150 151 152 172 173 174 175 171 120 121 122 123 124 125 126 127 128 129 130 131 132 153 154 155 156 157 89 137 138 99 100 101 102 103 104 105 106 107 108 109 110 111 2 3 4 5 118 119 86 87 88 79 80 81 82 83 84 85 90 91 92 93 112 113 114 115 116 70 71 72 73 46 47 169 170 76 77 78 164 165 98 94 95 96 97 17 18 19 6 7 20 21 22 23 54 55 56 57 58 59 14 15 16 48 49 50 51 52 53 
864 864 467 467 467 467 572 572 165 165 165 165 311 311 649 649 649 418 418 418 400 400 400 400 165 165 165 165 222 222 222 222 311 311 864 864 979 979 754 754 754 754 754 754 738 738 778 778 723 723 723 723 723 723 745 745 745 745 745 745 222 222 222 222 754 754 754 754 754 754 628 628 628 628 738 738 571 571 571 798 798 798 820 820 820 820 480 480 480 484 376 376 376 376 712 712 712 712 873 831 831 831 831 831 831 831 831 831 831 831 831 831 287 287 287 287 287 484 366 366 831 831 831 831 831 831 831 831 831 831 831 831 831 467 467 467 467 366 366 480 480 480 798 798 798 820 820 820 820 376 376 376 376 287 287 287 287 287 628 628 628 628 778 778 436 436 571 571 571 436 436 873 712 712 712 712 418 418 418 572 572 400 400 400 400 745 745 745 745 745 745 649 649 649 723 723 723 723 723 723 
0 1 2 3 4 5 6 7 8 9 10 11 12 13 14 15 16 17 18 19 20 21 22 23 8 9 10 11 24 25 26 27 12 13 0 1 28 28 29 30 31 32 33 34 35 36 37 38 39 40 41 42 43 44 45 46 47 48 49 50 24 25 26 27 29 30 31 32 33 34 51 52 53 54 35 36 55 56 57 58 59 60 61 62 63 64 65 66 67 68 69 70 71 72 73 74 75 76 77 78 79 80 81 82 83 84 85 86 87 88 89 90 91 92 93 94 95 68 96 97 78 79 80 81 82 83 84 85 86 87 88 89 90 2 3 4 5 96 97 65 66 67 58 59 60 61 62 63 64 69 70 71 72 91 92 93 94 95 51 52 53 54 37 38 98 99 55 56 57 98 99 77 73 74 75 76 17 18 19 6 7 20 21 22 23 45 46 47 48 49 50 14 15 16 39 40 41 42 43 44 
59944
28
6 4 1 4 4 1 6 4 2 2 1 3 2 3 4 4 3 2 2 5 2 4 2 4 6 3 3 13 
19 39 15 38 30 40 28 4 7 3 37 9 5 7 36 13 36 45 19 44 20 10 59 5 26 31 30 42 
29 64 15 54 58 63 68 46 14 14 45 65 65 68 52 28 49 46 30 54 58 65 61 11 69 51 59 45 
754 712 979 376 628 873 745 467 311 864 484 418 572 649 820 222 480 366 738 287 778 400 436 165 723 798 571 831 
9 9 7 7 7 7 12 12 23 23 23 23 8 8 13 13 13 11 11 11 21 21 21 21 23 23 23 23 15 15 15 15 8 8 9 9 2 2 0 0 0 0 0 0 18 18 20 20 24 24 24 24 24 24 6 6 6 6 6 6 15 15 15 15 0 0 0 0 0 0 4 4 4 4 18 18 26 26 26 25 25 25 14 14 14 14 16 16 16 10 3 3 3 3 1 1 1 1 5 27 27 27 27 27 27 27 27 27 27 27 27 27 19 19 19 19 19 10 17 17 27 27 27 27 27 27 27 27 27 27 27 27 27 7 7 7 7 17 17 16 16 16 25 25 25 14 14 14 14 3 3 3 3 19 19 19 19 19 4 4 4 4 20 20 22 22 26 26 26 22 22 5 1 1 1 1 11 11 11 12 12 21 21 21 21 6 6 6 6 6 6 13 13 13 24 24 24 24 24 24 