184
100
2
1 1 1 1 1 1 2 2 2 2 3 3 3 3 3 3 3 8 8 8 8 8 8 8 8 15 15 18 18 18 18 18 20 20 20 20 20 20 20 20 20 20 20 20 20 23 23 23 25 25 25 25 25 25 25 25 28 28 28 28 28 28 28 28 28 36 36 36 36 36 36 36 36 37 37 37 37 37 37 37 37 37 37 37 37 37 37 41 41 41 41 41 41 41 41 41 41 41 41 41 41 41 44 44 44 44 44 44 44 46 46 46 46 53 53 53 53 53 53 53 53 53 53 53 53 55 55 55 55 57 57 57 57 57 57 57 58 58 58 58 58 58 62 62 62 62 62 62 62 62 62 62 62 62 62 62 62 62 62 62 62 62 63 63 63 63 63 63 63 63 63 64 64 64 64 64 64 64 64 64 64 64 64 64 64 65 65 65 67 67 67 67 67 67 67 67 69 69 70 70 
185 186 187 133 134 135 10 11 12 13 6 7 8 9 62 63 64 113 114 115 116 125 126 127 128 26 25 149 150 151 152 153 162 163 164 165 166 167 168 169 170 109 110 111 112 87 88 89 117 118 119 120 121 122 123 124 136 137 138 139 140 141 14 15 16 154 155 156 157 158 159 160 161 171 172 173 174 175 176 177 178 179 180 181 182 183 184 45 46 47 129 130 131 132 188 189 190 191 192 193 194 195 142 143 144 145 146 147 148 41 42 43 44 17 18 19 20 48 49 50 51 52 53 54 55 21 22 23 24 90 91 92 93 3 4 5 56 57 58 59 60 61 102 103 104 105 106 107 108 27 28 29 30 31 65 66 67 68 69 70 71 72 32 33 34 35 36 37 38 39 40 73 74 75 76 77 78 79 80 81 82 83 84 85 86 0 1 2 94 95 96 97 98 99 100 101 198 199 196 197 
807 807 807 918 918 918 728 728 728 728 728 728 728 728 716 716 716 910 910 910 910 422 422 422 422 887 887 499 499 499 499 499 418 418 418 418 418 418 418 418 418 814 814 814 814 300 300 300 869 869 869 869 869 869 869 869 534 534 534 534 534 534 716 716 716 835 835 835 835 835 835 835 835 562 562 562 562 562 562 562 562 562 562 562 562 562 562 300 300 300 889 889 889 889 735 735 735 735 735 735 735 735 166 166 166 166 166 166 166 814 814 814 814 910 910 910 910 869 869 869 869 869 869 869 869 422 422 422 422 889 889 889 889 918 918 918 534 534 534 534 534 534 166 166 166 166 166 166 166 499 499 499 499 499 835 835 835 835 835 835 835 835 418 418 418 418 418 418 418 418 418 562 562 562 562 562 562 562 562 562 562 562 562 562 562 807 807 807 735 735 735 735 735 735 735 735 172 172 172 172 
0 1 2 3 4 5 6 7 8 9 6 7 8 9 10 11 12 13 14 15 16 17 18 19 20 21 21 22 23 24 25 26 27 28 29 30 31 32 33 34 35 36 37 38 39 40 41 42 43 44 45 46 47 48 49 50 51 52 53 54 55 56 10 11 12 57 58 59 60 61 62 63 64 65 66 67 68 69 70 71 72 73 74 75 76 77 78 40 41 42 79 80 81 82 83 84 85 86 87 88 89 90 91 92 93 94 95 96 97 36 37 38 39 13 14 15 16 43 44 45 46 47 48 49 50 17 18 19 20 79 80 81 82 3 4 5 51 52 53 54 55 56 91 92 93 94 95 96 97 22 23 24 25 26 57 58 59 60 61 62 63 64 27 28 29 30 31 32 33 34 35 65 66 67 68 69 70 71 72 73 74 75 76 77 78 0 1 2 83 84 85 86 87 88 89 90 98 99 98 99 
62509
19
6 9 3 3 4 7 5 1 4 4 2 4 8 3 8 8 3 4 14 
28 20 1 23 41 44 18 15 2 8 69 20 41 3 25 36 1 8 37 
58 63 65 41 57 62 62 15 3 53 70 46 67 28 53 62 57 55 64 
534 418 807 300 889 166 499 887 728 910 172 814 735 716 869 835 918 422 562 
2 2 2 16 16 16 8 8 8 8 8 8 8 8 13 13 13 9 9 9 9 17 17 17 17 7 7 6 6 6 6 6 1 1 1 1 1 1 1 1 1 11 11 11 11 3 3 3 14 14 14 14 14 14 14 14 0 0 0 0 0 0 13 13 13 15 15 15 15 15 15 15 15 18 18 18 18 18 18 18 18 18 18 18 18 18 18 3 3 3 4 4 4 4 12 12 12 12 12 12 12 12 5 5 5 5 5 5 5 11 11 11 11 9 9 9 9 14 14 14 14 14 14 14 14 17 17 17 17 4 4 4 4 16 16 16 0 0 0 0 0 0 5 5 5 5 5 5 5 6 6 6 6 6 15 15 15 15 15 15 15 15 1 1 1 1 1 1 1 1 1 18 18 18 18 18 18 18 18 18 18 18 18 18 18 2 2 2 12 12 12 12 12 12 12 12 10 10 10 10 