975
100
2
7 7 7 11 11 11 11 11 11 11 11 11 12 12 12 12 12 12 12 12 18 18 18 18 18 18 18 18 18 18 18 18 18 18 18 23 25 25 25 25 25 25 28 28 28 28 30 30 30 30 30 30 30 30 30 33 33 33 33 33 33 34 34 34 34 34 35 35 35 35 35 37 37 37 38 38 38 38 39 39 39 39 39 39 39 39 39 39 39 39 39 39 39 39 41 41 41 41 41 41 41 41 41 42 42 42 45 45 45 45 45 45 45 45 45 45 45 46 46 46 49 49 49 49 49 49 49 49 49 50 50 50 50 50 50 50 50 50 50 50 50 50 50 50 50 52 52 52 52 52 52 52 52 54 54 54 54 59 59 61 61 61 61 61 61 61 61 62 62 62 62 62 62 62 63 63 63 63 64 64 64 65 65 65 65 65 65 65 65 65 65 69 69 69 69 69 69 69 69 69 
63 64 65 94 95 96 97 98 99 100 101 102 181 182 183 184 185 186 187 188 61 62 132 133 134 135 136 137 138 139 140 141 142 143 144 77 55 56 57 58 59 60 174 175 176 177 78 79 80 81 82 83 84 85 86 36 37 38 39 40 41 20 21 0 1 2 148 149 150 151 152 74 75 76 71 72 73 35 46 47 48 49 50 51 52 53 54 167 168 169 170 171 172 173 3 4 5 6 7 8 9 10 11 117 118 119 159 160 161 162 163 164 165 166 178 179 180 103 104 105 191 192 193 194 195 196 197 198 199 145 146 147 22 23 24 25 26 27 28 29 30 31 32 33 34 129 130 131 66 67 68 69 70 154 153 156 155 189 190 106 107 108 109 110 111 112 113 87 88 89 90 91 92 93 42 43 44 45 114 115 116 12 13 14 15 16 17 18 19 157 158 120 121 122 123 124 125 126 127 128 
678 678 678 585 585 585 585 585 585 585 585 585 866 866 866 866 866 866 866 866 350 350 734 734 734 734 734 734 734 734 734 734 734 734 734 827 181 181 181 181 181 181 814 814 814 814 710 710 710 710 710 710 710 710 710 181 181 181 181 181 181 350 350 678 678 678 912 912 912 912 912 559 559 559 559 559 559 827 710 710 710 710 710 710 710 710 710 655 655 655 655 655 655 655 585 585 585 585 585 585 585 585 585 976 976 976 362 362 362 362 362 362 362 362 881 881 881 976 976 976 903 903 903 903 903 903 903 903 903 659 659 659 734 734 734 734 734 734 734 734 734 734 734 734 734 659 659 659 912 912 912 912 912 494 494 494 494 888 888 362 362 362 362 362 362 362 362 655 655 655 655 655 655 655 814 814 814 814 881 881 881 866 866 866 866 866 866 866 866 888 888 903 903 903 903 903 903 903 903 903 
0 1 2 3 4 5 6 7 8 9 10 11 12 13 14 15 16 17 18 19 20 21 22 23 24 25 26 27 28 29 30 31 32 33 34 35 36 37 38 39 40 41 42 43 44 45 46 47 48 49 50 51 52 53 54 36 37 38 39 40 41 20 21 0 1 2 55 56 57 58 59 60 61 62 60 61 62 35 46 47 48 49 50 51 52 53 54 63 64 65 66 67 68 69 3 4 5 6 7 8 9 10 11 70 71 72 73 74 75 76 77 78 79 80 81 82 83 70 71 72 84 85 86 87 88 89 90 91 92 93 94 95 22 23 24 25 26 27 28 29 30 31 32 33 34 93 94 95 55 56 57 58 59 96 96 97 97 98 99 73 74 75 76 77 78 79 80 63 64 65 66 67 68 69 42 43 44 45 81 82 83 12 13 14 15 16 17 18 19 98 99 84 85 86 87 88 89 90 91 92 
68185
19
2 3 2 3 3 9 9 7 1 8 3 8 4 9 5 3 2 6 13 
18 37 54 42 7 49 30 39 23 45 50 12 28 11 35 45 59 25 18 
34 38 54 46 34 69 39 62 38 61 52 65 63 41 52 64 65 33 50 
350 559 494 976 678 903 710 655 827 362 659 866 814 585 912 881 888 181 734 
4 4 4 13 13 13 13 13 13 13 13 13 11 11 11 11 11 11 11 11 0 0 18 18 18 18 18 18 18 18 18 18 18 18 18 8 17 17 17 17 17 17 12 12 12 12 6 6 6 6 6 6 6 6 6 17 17 17 17 17 17 0 0 4 4 4 14 14 14 14 14 1 1 1 1 1 1 8 6 6 6 6 6 6 6 6 6 7 7 7 7 7 7 7 13 13 13 13 13 13 13 13 13 3 3 3 9 9 9 9 9 9 9 9 15 15 15 3 3 3 5 5 5 5 5 5 5 5 5 10 10 10 18 18 18 18 18 18 18 18 18 18 18 18 18 10 10 10 14 14 14 14 14 2 2 2 2 16 16 9 9 9 9 9 9 9 9 7 7 7 7 7 7 7 12 12 12 12 15 15 15 11 11 11 11 11 11 11 11 16 16 5 5 5 5 5 5 5 5 5 