903
100
2
2 2 2 2 5 5 5 5 5 5 5 5 10 10 10 16 16 16 16 17 17 17 17 17 17 17 17 17 17 17 18 18 18 18 18 18 18 18 18 18 18 18 18 19 19 19 23 23 23 23 23 23 23 30 30 30 30 30 30 30 30 30 30 30 30 31 31 31 31 31 31 31 31 31 31 31 31 31 31 31 38 38 38 40 40 43 43 43 43 43 43 47 47 47 47 47 47 47 47 48 48 48 48 48 48 48 48 48 48 48 48 48 48 48 48 48 48 48 51 51 51 51 51 51 51 51 52 52 52 52 52 52 52 52 54 54 54 54 54 54 57 57 57 57 57 57 57 57 57 57 57 57 57 57 57 57 57 58 58 58 58 58 58 58 58 58 58 58 58 59 59 59 59 59 59 59 60 60 60 60 60 60 64 64 64 64 64 64 64 64 64 64 64 64 64 65 65 70 70 70 
153 154 155 156 126 127 128 129 130 131 132 133 27 28 29 46 47 48 49 118 119 120 121 122 123 124 125 12 13 14 140 141 142 143 144 145 146 147 148 149 150 151 152 80 81 82 15 16 17 18 197 198 199 157 158 159 160 161 162 163 164 165 166 167 168 169 170 171 172 173 174 175 91 92 93 94 95 96 97 98 43 44 45 195 196 112 113 114 115 116 117 72 73 74 75 76 77 78 79 182 183 184 185 186 187 188 189 190 191 192 193 194 85 86 87 88 89 90 19 20 21 22 23 24 25 26 4 5 6 7 8 9 10 11 176 177 178 179 180 181 30 31 32 33 34 35 36 37 38 39 40 41 42 0 1 2 3 53 54 55 56 57 58 59 60 61 62 63 64 65 66 67 68 69 70 71 134 135 136 137 138 139 99 100 101 102 103 104 105 106 107 108 109 110 111 83 84 50 51 52 
577 577 577 577 947 947 947 947 947 947 947 947 221 221 221 870 870 870 870 794 794 794 794 794 794 794 794 221 221 221 528 528 528 528 528 528 528 528 528 528 528 528 528 220 220 220 870 870 870 870 437 437 437 770 770 770 770 770 770 770 770 770 770 770 770 866 866 866 866 866 866 866 708 708 708 708 708 708 708 708 220 220 220 364 364 412 412 412 412 412 412 708 708 708 708 708 708 708 708 670 670 670 670 670 670 670 670 670 670 670 670 670 412 412 412 412 412 412 794 794 794 794 794 794 794 794 947 947 947 947 947 947 947 947 433 433 433 433 433 433 528 528 528 528 528 528 528 528 528 528 528 528 528 577 577 577 577 770 770 770 770 770 770 770 770 770 770 770 770 866 866 866 866 866 866 866 433 433 433 433 433 433 670 670 670 670 670 670 670 670 670 670 670 670 670 364 364 437 437 437 
0 1 2 3 4 5 6 7 8 9 10 11 12 13 14 15 16 17 18 19 20 21 22 23 24 25 26 12 13 14 27 28 29 30 31 32 33 34 35 36 37 38 39 40 41 42 15 16 17 18 43 44 45 46 47 48 49 50 51 52 53 54 55 56 57 58 59 60 61 62 63 64 65 66 67 68 69 70 71 72 40 41 42 73 74 75 76 77 78 79 80 65 66 67 68 69 70 71 72 81 82 83 84 85 86 87 88 89 90 91 92 93 75 76 77 78 79 80 19 20 21 22 23 24 25 26 4 5 6 7 8 9 10 11 94 95 96 97 98 99 27 28 29 30 31 32 33 34 35 36 37 38 39 0 1 2 3 46 47 48 49 50 51 52 53 54 55 56 57 58 59 60 61 62 63 64 94 95 96 97 98 99 81 82 83 84 85 86 87 88 89 90 91 92 93 73 74 43 44 45 
64688
15
7 13 4 8 8 2 6 6 8 3 3 3 13 4 12 
31 48 16 31 17 40 43 54 5 10 19 23 18 2 30 
59 64 23 47 51 65 48 60 52 17 38 70 57 57 58 
866 670 870 708 794 364 412 433 947 221 220 437 528 577 770 
13 13 13 13 8 8 8 8 8 8 8 8 9 9 9 2 2 2 2 4 4 4 4 4 4 4 4 9 9 9 12 12 12 12 12 12 12 12 12 12 12 12 12 10 10 10 2 2 2 2 11 11 11 14 14 14 14 14 14 14 14 14 14 14 14 0 0 0 0 0 0 0 3 3 3 3 3 3 3 3 10 10 10 5 5 6 6 6 6 6 6 3 3 3 3 3 3 3 3 1 1 1 1 1 1 1 1 1 1 1 1 1 6 6 6 6 6 6 4 4 4 4 4 4 4 4 8 8 8 8 8 8 8 8 7 7 7 7 7 7 12 12 12 12 12 12 12 12 12 12 12 12 12 13 13 13 13 14 14 14 14 14 14 14 14 14 14 14 14 0 0 0 0 0 0 0 7 7 7 7 7 7 1 1 1 1 1 1 1 1 1 1 1 1 1 5 5 11 11 11 