415
100
2
7 7 9 9 9 9 9 9 9 9 9 16 16 16 16 18 18 18 18 18 22 22 22 22 22 22 22 22 22 22 22 22 22 22 23 23 23 23 23 23 23 23 25 25 25 25 26 26 26 26 26 26 26 28 28 28 28 29 29 32 32 32 32 32 32 33 33 34 34 34 34 34 34 34 34 34 36 36 36 36 36 36 36 36 36 36 36 36 36 36 36 36 36 36 38 38 38 38 38 38 38 38 38 41 41 41 41 41 41 42 42 42 42 42 42 42 43 43 48 48 48 48 48 48 48 48 51 51 51 51 51 51 51 52 52 52 52 54 54 54 54 54 56 56 56 56 56 56 56 57 57 57 57 57 58 58 58 58 58 58 58 61 61 61 61 61 61 61 63 63 63 63 63 65 65 65 65 65 65 65 65 65 65 65 66 66 66 66 66 66 66 70 70 70 70 70 70 70 70 70 
126 127 173 174 175 176 177 178 179 180 181 53 54 55 56 168 169 170 171 172 137 138 139 140 141 67 68 69 70 71 72 73 74 75 118 119 120 121 122 123 124 125 133 134 135 136 109 110 111 112 113 114 115 11 12 13 14 65 66 103 104 105 106 107 108 57 58 25 26 27 28 29 30 31 32 33 94 95 96 97 98 99 100 101 102 191 192 193 194 195 196 197 198 199 76 77 78 79 80 81 82 83 84 59 60 61 62 63 64 46 47 48 49 50 51 52 182 183 34 35 36 37 38 39 40 41 0 1 149 150 151 152 153 42 43 44 45 20 21 22 23 24 184 185 186 187 188 189 190 128 129 130 131 132 161 162 163 164 165 166 167 154 155 156 157 158 159 160 15 16 17 18 19 2 3 4 5 6 7 8 9 10 116 117 142 143 144 145 146 147 148 85 86 87 88 89 90 91 92 93 
181 181 338 338 338 338 338 338 338 338 338 850 850 850 850 412 412 412 412 412 469 469 469 469 469 301 301 301 301 301 301 301 301 301 890 890 890 890 890 890 890 890 392 392 392 392 823 823 823 823 823 823 823 850 850 850 850 485 485 622 622 622 622 622 622 485 485 301 301 301 301 301 301 301 301 301 212 212 212 212 212 212 212 212 212 439 439 439 439 439 439 439 439 439 212 212 212 212 212 212 212 212 212 622 622 622 622 622 622 823 823 823 823 823 823 823 734 734 890 890 890 890 890 890 890 890 181 181 845 845 845 845 845 392 392 392 392 469 469 469 469 469 687 687 687 687 687 687 687 845 845 845 845 845 729 729 729 729 729 729 729 729 729 729 729 729 729 729 412 412 412 412 412 338 338 338 338 338 338 338 338 338 734 734 687 687 687 687 687 687 687 439 439 439 439 439 439 439 439 439 
0 1 2 3 4 5 6 7 8 9 10 11 12 13 14 15 16 17 18 19 20 21 22 23 24 25 26 27 28 29 30 31 32 33 34 35 36 37 38 39 40 41 42 43 44 45 46 47 48 49 50 51 52 11 12 13 14 53 54 55 56 57 58 59 60 53 54 25 26 27 28 29 30 31 32 33 61 62 63 64 65 66 67 68 69 70 71 72 73 74 75 76 77 78 61 62 63 64 65 66 67 68 69 55 56 57 58 59 60 46 47 48 49 50 51 52 79 80 34 35 36 37 38 39 40 41 0 1 81 82 83 84 85 42 43 44 45 20 21 22 23 24 86 87 88 89 90 91 92 81 82 83 84 85 93 94 95 96 97 98 99 93 94 95 96 97 98 99 15 16 17 18 19 2 3 4 5 6 7 8 9 10 79 80 86 87 88 89 90 91 92 70 71 72 73 74 75 76 77 78 
54533
17
4 9 8 9 2 7 9 5 2 4 5 5 6 7 2 9 7 
25 9 23 36 43 58 36 22 7 16 18 51 32 26 29 22 56 
52 65 48 38 65 61 70 54 51 28 63 57 41 42 33 34 66 
392 338 890 212 734 729 439 469 181 850 412 845 622 823 485 301 687 
8 8 1 1 1 1 1 1 1 1 1 9 9 9 9 10 10 10 10 10 7 7 7 7 7 15 15 15 15 15 15 15 15 15 2 2 2 2 2 2 2 2 0 0 0 0 13 13 13 13 13 13 13 9 9 9 9 14 14 12 12 12 12 12 12 14 14 15 15 15 15 15 15 15 15 15 3 3 3 3 3 3 3 3 3 6 6 6 6 6 6 6 6 6 3 3 3 3 3 3 3 3 3 12 12 12 12 12 12 13 13 13 13 13 13 13 4 4 2 2 2 2 2 2 2 2 8 8 11 11 11 11 11 0 0 0 0 7 7 7 7 7 16 16 16 16 16 16 16 11 11 11 11 11 5 5 5 5 5 5 5 5 5 5 5 5 5 5 10 10 10 10 10 1 1 1 1 1 1 1 1 1 4 4 16 16 16 16 16 16 16 6 6 6 6 6 6 6 6 6 