700
100
2
1 1 1 1 1 1 1 1 1 1 1 1 1 1 1 1 1 1 1 1 1 6 9 9 9 9 9 9 9 13 13 13 13 14 14 14 14 16 16 18 18 18 18 19 19 19 19 19 19 19 19 19 19 20 20 20 20 20 20 22 22 22 22 22 22 24 24 24 24 24 24 24 25 25 25 26 26 26 26 26 27 29 29 29 34 34 34 34 37 37 39 39 39 39 39 40 40 40 46 46 46 46 46 48 48 48 48 48 48 48 50 50 50 51 51 51 51 51 52 52 52 52 52 52 52 52 52 52 52 52 53 53 53 53 53 53 53 53 53 53 53 53 53 53 53 53 53 53 53 53 53 54 54 54 54 54 54 54 58 58 58 58 58 58 58 58 64 64 64 64 64 66 66 66 66 66 66 66 66 66 66 67 67 67 67 67 67 67 67 67 67 67 68 68 69 69 69 70 70 70 
84 85 86 87 134 135 136 137 138 139 140 141 142 143 144 145 146 147 148 149 150 151 164 165 75 76 77 78 79 130 131 132 133 39 40 41 42 187 188 33 34 35 36 66 67 68 69 70 71 103 104 105 106 59 60 61 62 63 64 53 54 55 56 57 58 81 43 44 45 46 47 48 110 111 112 24 25 26 27 28 124 65 88 89 0 1 2 3 82 83 171 172 173 174 175 197 198 199 176 177 178 179 180 49 50 51 52 168 169 170 72 73 74 125 126 127 128 129 181 182 183 184 185 186 80 113 114 115 116 117 29 30 31 32 4 5 6 7 8 9 10 11 12 13 14 15 16 17 18 19 20 21 158 159 160 161 162 163 152 153 154 155 156 157 22 23 192 193 107 108 109 90 91 92 93 94 98 99 100 101 102 118 119 120 121 122 123 37 38 194 195 196 166 167 189 190 191 95 96 97 
569 569 569 569 589 589 589 589 589 589 589 589 589 589 589 589 589 589 589 589 589 176 310 310 803 803 803 803 803 659 659 659 659 898 898 898 898 999 999 898 898 898 898 724 724 724 724 724 724 605 605 605 605 333 333 333 333 333 333 333 333 333 333 333 333 990 724 724 724 724 724 724 317 317 317 803 803 803 803 803 744 990 690 690 569 569 569 569 690 690 234 234 234 234 234 425 425 425 403 403 403 403 403 605 605 605 605 526 526 526 317 317 317 201 201 201 201 201 182 182 182 182 182 182 744 201 201 201 201 201 659 659 659 659 589 589 589 589 589 589 589 589 589 589 589 589 589 589 589 589 589 176 465 465 465 465 465 465 465 465 465 465 465 465 310 310 400 400 526 526 526 234 234 234 234 234 403 403 403 403 403 182 182 182 182 182 182 999 999 741 741 741 400 400 741 741 741 425 425 425 
0 1 2 3 4 5 6 7 8 9 10 11 12 13 14 15 16 17 18 19 20 21 22 23 24 25 26 27 28 29 30 31 32 33 34 35 36 37 38 33 34 35 36 39 40 41 42 43 44 45 46 47 48 49 50 51 52 53 54 49 50 51 52 53 54 55 39 40 41 42 43 44 56 57 58 24 25 26 27 28 59 55 60 61 0 1 2 3 60 61 62 63 64 65 66 67 68 69 70 71 72 73 74 45 46 47 48 75 76 77 56 57 58 78 79 80 81 82 83 84 85 86 87 88 59 78 79 80 81 82 29 30 31 32 4 5 6 7 8 9 10 11 12 13 14 15 16 17 18 19 20 21 89 90 91 92 93 94 89 90 91 92 93 94 22 23 95 96 75 76 77 62 63 64 65 66 70 71 72 73 74 83 84 85 86 87 88 37 38 97 98 99 95 96 97 98 99 67 68 69 
52101
24
6 2 1 4 2 5 3 1 4 1 5 6 3 5 6 2 3 2 6 4 5 3 4 17 
52 16 24 1 64 39 67 6 13 27 51 54 25 46 19 9 40 29 20 19 9 48 14 1 
67 67 29 34 68 66 69 54 53 52 52 58 50 66 24 58 70 37 22 48 26 64 18 53 
182 999 990 569 400 234 741 176 659 744 201 465 317 403 724 310 425 690 333 605 803 526 898 589 
3 3 3 3 23 23 23 23 23 23 23 23 23 23 23 23 23 23 23 23 23 7 15 15 20 20 20 20 20 8 8 8 8 22 22 22 22 1 1 22 22 22 22 14 14 14 14 14 14 19 19 19 19 18 18 18 18 18 18 18 18 18 18 18 18 2 14 14 14 14 14 14 12 12 12 20 20 20 20 20 9 2 17 17 3 3 3 3 17 17 5 5 5 5 5 16 16 16 13 13 13 13 13 19 19 19 19 21 21 21 12 12 12 10 10 10 10 10 0 0 0 0 0 0 9 10 10 10 10 10 8 8 8 8 23 23 23 23 23 23 23 23 23 23 23 23 23 23 23 23 23 7 11 11 11 11 11 11 11 11 11 11 11 11 15 15 4 4 21 21 21 5 5 5 5 5 13 13 13 13 13 0 0 0 0 0 0 1 1 6 6 6 4 4 6 6 6 16 16 16 