602
100
2
1 1 1 1 1 1 1 1 1 6 6 6 6 6 6 6 6 6 6 6 7 7 7 7 7 7 10 10 10 10 14 14 14 14 15 15 15 15 15 15 15 18 18 18 18 18 18 18 19 19 19 19 19 19 21 21 21 21 21 21 21 22 22 24 24 24 24 24 26 26 26 26 26 27 27 27 27 27 27 29 29 29 29 29 29 29 31 31 31 40 40 40 40 40 40 40 40 40 40 40 40 40 40 40 40 40 40 40 40 40 40 40 40 40 40 45 45 45 45 45 45 45 45 45 45 45 45 45 47 47 47 47 47 47 47 47 47 47 47 47 47 47 47 47 52 52 52 52 52 52 52 52 52 53 53 53 53 54 54 54 54 56 56 56 56 56 56 58 58 58 58 58 58 61 61 61 61 61 61 61 62 62 62 62 62 62 62 63 63 63 63 63 63 65 65 65 65 65 65 65 
9 10 11 12 13 14 180 181 75 0 1 2 3 4 5 182 183 184 185 186 144 145 146 147 148 149 89 90 91 92 79 80 81 82 121 122 123 124 125 126 127 54 55 56 57 58 59 60 93 94 95 96 97 98 41 42 43 44 45 46 47 73 74 68 69 70 71 72 63 64 65 66 67 61 62 8 83 84 85 30 31 32 33 76 77 78 150 151 152 26 27 28 29 48 49 50 51 52 53 128 129 130 131 132 133 134 135 136 137 138 139 140 141 142 143 187 188 189 190 191 192 34 35 36 37 38 39 40 99 100 101 102 103 104 105 106 107 108 109 110 111 112 113 114 20 21 22 23 24 25 86 87 88 157 158 159 160 153 154 155 156 167 168 169 170 171 172 161 162 163 164 165 166 193 194 195 196 197 198 199 6 7 15 16 17 18 19 115 116 117 118 119 120 173 174 175 176 177 178 179 
594 594 594 594 594 594 671 671 654 594 594 594 594 594 594 381 381 381 381 381 619 619 619 619 619 619 558 558 558 558 259 259 259 259 429 429 429 429 429 429 429 516 516 516 516 516 516 516 360 360 360 360 360 360 516 516 516 516 516 516 516 161 161 714 714 714 714 714 714 714 714 714 714 161 161 654 808 808 808 259 259 259 259 808 808 808 676 676 676 558 558 558 558 360 360 360 360 360 360 713 713 713 713 713 713 713 713 713 713 713 713 713 713 713 713 998 998 998 998 998 998 429 429 429 429 429 429 429 713 713 713 713 713 713 713 713 713 713 713 713 713 713 713 713 619 619 619 619 619 619 676 676 676 538 538 538 538 538 538 538 538 864 864 864 864 864 864 864 864 864 864 864 864 459 459 459 459 459 459 459 671 671 381 381 381 381 381 998 998 998 998 998 998 459 459 459 459 459 459 459 
0 1 2 3 4 5 6 7 8 0 1 2 3 4 5 9 10 11 12 13 14 15 16 17 18 19 20 21 22 23 24 25 26 27 28 29 30 31 32 33 34 35 36 37 38 39 40 41 42 43 44 45 46 47 35 36 37 38 39 40 41 48 49 50 51 52 53 54 50 51 52 53 54 48 49 8 55 56 57 24 25 26 27 55 56 57 58 59 60 20 21 22 23 42 43 44 45 46 47 61 62 63 64 65 66 67 68 69 70 71 72 73 74 75 76 77 78 79 80 81 82 28 29 30 31 32 33 34 61 62 63 64 65 66 67 68 69 70 71 72 73 74 75 76 14 15 16 17 18 19 58 59 60 83 84 85 86 83 84 85 86 87 88 89 90 91 92 87 88 89 90 91 92 93 94 95 96 97 98 99 6 7 9 10 11 12 13 77 78 79 80 81 82 93 94 95 96 97 98 99 
59511
19
6 6 2 6 4 4 2 5 7 4 5 6 7 3 1 7 3 6 16 
1 45 22 56 53 14 1 6 18 10 24 7 61 31 1 15 27 19 40 
6 63 27 58 54 29 62 62 21 40 26 52 65 52 27 45 29 40 47 
594 998 161 864 538 259 671 381 516 558 714 619 459 676 654 429 808 360 713 
0 0 0 0 0 0 6 6 14 0 0 0 0 0 0 7 7 7 7 7 11 11 11 11 11 11 9 9 9 9 5 5 5 5 15 15 15 15 15 15 15 8 8 8 8 8 8 8 17 17 17 17 17 17 8 8 8 8 8 8 8 2 2 10 10 10 10 10 10 10 10 10 10 2 2 14 16 16 16 5 5 5 5 16 16 16 13 13 13 9 9 9 9 17 17 17 17 17 17 18 18 18 18 18 18 18 18 18 18 18 18 18 18 18 18 1 1 1 1 1 1 15 15 15 15 15 15 15 18 18 18 18 18 18 18 18 18 18 18 18 18 18 18 18 11 11 11 11 11 11 13 13 13 4 4 4 4 4 4 4 4 3 3 3 3 3 3 3 3 3 3 3 3 12 12 12 12 12 12 12 6 6 7 7 7 7 7 1 1 1 1 1 1 12 12 12 12 12 12 12 