363
100
2
1 1 1 1 1 1 1 1 1 2 2 2 2 2 2 2 6 6 6 6 6 6 9 9 9 9 9 9 9 9 9 9 9 9 9 10 10 10 10 15 15 15 15 15 15 16 16 16 16 16 16 16 16 16 22 22 22 22 29 29 29 29 29 29 30 30 30 30 30 30 30 30 30 32 32 32 32 32 32 32 32 32 32 32 32 32 38 38 38 38 38 39 39 39 39 41 41 41 42 42 42 42 42 42 42 46 46 46 46 46 46 47 47 47 47 47 47 49 49 49 49 49 49 49 49 49 49 49 49 53 53 53 53 54 54 54 54 54 54 54 54 59 59 59 59 59 59 62 62 62 62 62 62 62 63 63 63 63 63 63 63 63 64 64 64 64 64 64 64 64 64 64 64 64 64 65 65 65 65 65 65 66 66 66 66 66 66 66 66 66 66 66 66 66 69 69 69 69 69 69 
181 182 183 184 185 186 187 188 189 147 148 149 150 151 152 153 39 40 41 42 43 44 35 36 37 38 91 92 93 94 86 87 88 89 90 22 23 24 25 16 17 18 19 20 21 64 65 66 67 68 69 70 71 72 129 130 131 132 111 112 113 114 115 116 45 46 47 48 49 50 51 52 53 162 163 164 165 166 167 168 169 170 171 172 173 174 30 31 32 33 34 26 27 28 29 98 99 100 95 96 97 190 191 192 193 117 118 119 120 121 122 58 59 60 61 62 63 105 106 107 108 109 110 141 142 143 144 145 146 54 55 56 57 154 155 156 157 158 159 160 161 123 124 125 126 127 128 9 10 11 12 13 14 15 133 134 135 136 137 138 139 140 73 74 75 76 77 78 79 80 81 82 83 84 85 194 195 196 197 198 199 0 1 2 3 4 5 6 7 8 101 102 103 104 175 176 177 178 179 180 
656 656 656 656 656 656 656 656 656 243 243 243 243 243 243 243 442 442 442 442 442 442 986 986 986 986 272 272 272 272 237 237 237 237 237 986 986 986 986 442 442 442 442 442 442 560 560 560 560 560 560 560 560 560 894 894 894 894 502 502 502 502 502 502 560 560 560 560 560 560 560 560 560 366 366 366 366 366 366 366 366 366 366 366 366 366 237 237 237 237 237 272 272 272 272 571 571 571 571 571 571 377 377 377 377 361 361 361 361 361 361 502 502 502 502 502 502 361 361 361 361 361 361 523 523 523 523 523 523 894 894 894 894 763 763 763 763 763 763 763 763 523 523 523 523 523 523 243 243 243 243 243 243 243 763 763 763 763 763 763 763 763 366 366 366 366 366 366 366 366 366 366 366 366 366 828 828 828 828 828 828 656 656 656 656 656 656 656 656 656 377 377 377 377 828 828 828 828 828 828 
0 1 2 3 4 5 6 7 8 9 10 11 12 13 14 15 16 17 18 19 20 21 22 23 24 25 26 27 28 29 30 31 32 33 34 22 23 24 25 16 17 18 19 20 21 35 36 37 38 39 40 41 42 43 44 45 46 47 48 49 50 51 52 53 35 36 37 38 39 40 41 42 43 54 55 56 57 58 59 60 61 62 63 64 65 66 30 31 32 33 34 26 27 28 29 67 68 69 67 68 69 70 71 72 73 74 75 76 77 78 79 48 49 50 51 52 53 74 75 76 77 78 79 80 81 82 83 84 85 44 45 46 47 86 87 88 89 90 91 92 93 80 81 82 83 84 85 9 10 11 12 13 14 15 86 87 88 89 90 91 92 93 54 55 56 57 58 59 60 61 62 63 64 65 66 94 95 96 97 98 99 0 1 2 3 4 5 6 7 8 70 71 72 73 94 95 96 97 98 99 
52457
16
4 6 7 6 9 8 6 3 9 6 4 4 4 5 6 13 
9 46 2 29 16 54 6 41 1 65 9 22 42 9 49 32 
10 49 62 47 30 63 15 42 66 69 39 53 66 38 59 64 
986 361 243 502 560 763 442 571 656 828 272 894 377 237 523 366 
8 8 8 8 8 8 8 8 8 2 2 2 2 2 2 2 6 6 6 6 6 6 0 0 0 0 10 10 10 10 13 13 13 13 13 0 0 0 0 6 6 6 6 6 6 4 4 4 4 4 4 4 4 4 11 11 11 11 3 3 3 3 3 3 4 4 4 4 4 4 4 4 4 15 15 15 15 15 15 15 15 15 15 15 15 15 13 13 13 13 13 10 10 10 10 7 7 7 7 7 7 12 12 12 12 1 1 1 1 1 1 3 3 3 3 3 3 1 1 1 1 1 1 14 14 14 14 14 14 11 11 11 11 5 5 5 5 5 5 5 5 14 14 14 14 14 14 2 2 2 2 2 2 2 5 5 5 5 5 5 5 5 15 15 15 15 15 15 15 15 15 15 15 15 15 9 9 9 9 9 9 8 8 8 8 8 8 8 8 8 12 12 12 12 9 9 9 9 9 9 