509
100
2
1 1 1 1 3 3 3 3 6 6 6 6 6 8 8 8 9 9 9 11 11 13 13 16 16 16 17 17 17 17 18 18 18 19 21 21 22 22 22 22 22 22 22 22 22 22 22 22 22 24 24 24 24 24 24 26 26 26 26 26 26 26 26 26 26 26 26 26 26 26 26 26 26 26 28 28 28 28 31 31 31 31 32 32 32 32 33 33 33 33 33 33 33 34 34 34 37 37 38 38 38 38 41 41 41 42 42 42 42 42 42 42 42 44 44 44 44 44 45 45 45 45 45 49 49 49 49 49 49 52 52 52 54 54 54 54 56 56 57 57 57 57 57 57 57 57 57 57 58 58 58 58 58 58 58 58 59 61 61 63 63 67 67 67 67 67 67 67 67 68 68 68 68 68 68 68 68 69 69 69 69 69 69 69 69 69 69 69 69 69 69 69 69 69 69 69 69 69 69 69 
142 143 116 117 177 178 179 180 157 158 16 17 18 36 49 50 10 11 12 121 122 96 97 30 31 32 82 83 84 85 23 24 25 156 136 137 13 138 139 140 141 165 166 167 168 125 126 127 128 14 15 109 110 111 112 181 182 183 184 185 186 187 188 189 190 191 192 193 194 195 196 197 198 199 169 170 171 172 105 106 107 108 26 27 28 29 152 153 154 155 93 94 95 90 91 92 21 22 173 174 175 176 129 130 131 78 79 80 81 51 52 53 54 118 119 120 2 3 113 114 115 19 20 159 160 45 46 47 48 102 103 104 144 145 146 147 34 35 37 38 39 40 0 1 132 133 134 135 161 162 163 164 86 87 88 89 33 8 9 123 124 148 149 150 151 41 42 43 44 74 75 76 77 98 99 100 101 4 5 6 7 55 56 57 58 59 60 61 62 63 64 65 66 67 68 69 70 71 72 73 
756 756 467 467 238 238 238 238 546 546 428 428 428 286 870 870 428 428 428 391 391 615 615 549 549 549 936 936 936 936 549 549 549 859 332 332 286 880 880 880 880 301 301 301 301 584 584 584 584 870 870 580 580 580 580 166 166 166 166 166 166 166 166 166 166 166 166 166 166 166 166 166 166 166 547 547 547 547 692 692 692 692 936 936 936 936 196 196 196 196 373 373 373 373 373 373 615 615 498 498 498 498 656 656 656 692 692 692 692 580 580 580 580 311 311 311 467 467 311 311 311 391 391 827 827 584 584 584 584 656 656 656 419 419 419 419 332 332 880 880 880 880 756 756 419 419 419 419 597 597 597 597 196 196 196 196 859 546 546 827 827 597 597 597 597 301 301 301 301 547 547 547 547 498 498 498 498 238 238 238 238 166 166 166 166 166 166 166 166 166 166 166 166 166 166 166 166 166 166 166 
0 1 2 3 4 5 6 7 8 9 10 11 12 13 14 15 10 11 12 16 17 18 19 20 21 22 23 24 25 26 20 21 22 27 28 29 13 30 31 32 33 34 35 36 37 38 39 40 41 14 15 42 43 44 45 46 47 48 49 50 51 52 53 54 55 56 57 58 59 60 61 62 63 64 65 66 67 68 69 70 71 72 23 24 25 26 73 74 75 76 77 78 79 77 78 79 18 19 80 81 82 83 84 85 86 69 70 71 72 42 43 44 45 87 88 89 2 3 87 88 89 16 17 90 91 38 39 40 41 84 85 86 92 93 94 95 28 29 30 31 32 33 0 1 92 93 94 95 96 97 98 99 73 74 75 76 27 8 9 90 91 96 97 98 99 34 35 36 37 65 66 67 68 80 81 82 83 4 5 6 7 46 47 48 49 50 51 52 53 54 55 56 57 58 59 60 61 62 63 64 
46730
30
1 1 4 2 2 3 2 4 2 4 3 4 0 2 4 4 0 3 4 4 2 4 3 2 4 4 4 2 3 19 
19 8 58 6 8 16 13 3 49 22 44 33 25 1 22 22 35 33 31 28 11 17 6 1 24 54 38 21 41 26 
59 22 67 61 24 18 37 69 63 57 45 58 33 57 67 49 51 34 42 68 45 32 9 44 42 57 68 56 52 69 
859 286 597 546 870 549 615 238 827 880 311 196 439 756 301 584 398 373 692 547 391 936 428 467 580 419 498 332 656 166 
13 13 23 23 7 7 7 7 3 3 22 22 22 1 4 4 22 22 22 20 20 6 6 5 5 5 21 21 21 21 5 5 5 0 27 27 1 9 9 9 9 14 14 14 14 15 15 15 15 4 4 24 24 24 24 29 29 29 29 29 29 29 29 29 29 29 29 29 29 29 29 29 29 29 19 19 19 19 18 18 18 18 21 21 21 21 11 11 11 11 17 17 17 17 17 17 6 6 26 26 26 26 28 28 28 18 18 18 18 24 24 24 24 10 10 10 23 23 10 10 10 20 20 8 8 15 15 15 15 28 28 28 25 25 25 25 27 27 9 9 9 9 13 13 25 25 25 25 2 2 2 2 11 11 11 11 0 3 3 8 8 2 2 2 2 14 14 14 14 19 19 19 19 26 26 26 26 7 7 7 7 29 29 29 29 29 29 29 29 29 29 29 29 29 29 29 29 29 29 29 