648
100
2
1 1 1 1 2 2 2 3 3 3 3 3 7 8 8 9 9 9 9 9 9 9 9 11 11 12 12 12 19 19 19 19 19 19 19 19 19 19 19 19 20 20 20 20 20 20 24 24 24 24 24 24 24 24 24 26 26 26 27 27 27 27 27 27 27 28 28 28 28 28 28 28 28 28 28 28 28 28 28 28 28 28 29 29 29 29 29 29 29 30 30 30 30 30 30 30 30 30 30 30 30 30 30 30 30 30 32 32 34 34 34 34 34 34 34 34 34 34 37 38 38 38 38 38 38 40 40 40 40 40 40 40 40 40 40 40 41 41 41 41 41 41 41 41 41 41 41 45 45 45 45 45 45 45 45 45 45 45 45 45 45 45 45 45 47 47 47 47 47 47 50 50 50 50 50 50 52 52 52 52 52 55 55 59 59 59 59 59 62 62 62 66 66 66 66 66 66 66 66 69 
114 115 116 117 188 189 190 55 56 57 13 14 199 10 11 170 171 172 173 174 175 53 54 181 182 196 197 198 136 137 138 139 140 141 176 177 178 161 162 163 119 120 121 122 123 124 108 109 110 111 112 113 118 21 22 7 8 9 82 83 84 85 86 87 88 89 90 91 92 93 94 95 96 97 98 99 100 101 102 103 104 105 58 59 60 61 62 63 64 65 66 67 68 69 70 71 72 73 74 75 76 77 78 79 80 81 179 180 46 47 48 49 50 51 0 1 2 3 52 40 41 42 43 44 45 164 165 166 167 168 169 142 143 144 145 146 28 29 30 31 32 33 131 132 133 134 135 148 147 150 149 152 151 154 153 156 155 158 157 160 159 37 38 39 125 126 127 128 129 130 15 16 17 18 19 20 34 35 36 106 107 23 24 191 192 193 194 195 4 5 6 183 184 185 186 187 25 26 27 12 
952 952 952 952 659 659 659 838 838 838 690 690 194 690 690 798 798 798 798 798 798 247 247 325 325 923 923 923 396 396 396 396 396 396 846 846 846 768 768 768 338 338 338 338 338 338 311 311 311 311 311 311 564 247 247 838 838 838 326 326 326 326 326 326 326 670 670 670 670 670 670 670 670 670 670 670 670 670 670 670 670 670 326 326 326 326 326 326 326 670 670 670 670 670 670 670 670 670 670 670 670 670 670 670 670 670 294 294 311 311 311 311 311 311 952 952 952 952 564 338 338 338 338 338 338 956 956 956 956 956 956 239 239 239 239 239 396 396 396 396 396 396 239 239 239 239 239 234 234 234 234 234 234 234 234 234 234 234 234 234 234 768 768 768 956 956 956 956 956 956 798 798 798 798 798 798 846 846 846 294 294 325 325 772 772 772 772 772 659 659 659 772 772 772 772 772 923 923 923 194 
0 1 2 3 4 5 6 7 8 9 10 11 12 10 11 13 14 15 16 17 18 19 20 21 22 23 24 25 26 27 28 29 30 31 32 33 34 35 36 37 38 39 40 41 42 43 44 45 46 47 48 49 50 19 20 7 8 9 51 52 53 54 55 56 57 58 59 60 61 62 63 64 65 66 67 68 69 70 71 72 73 74 51 52 53 54 55 56 57 58 59 60 61 62 63 64 65 66 67 68 69 70 71 72 73 74 75 76 44 45 46 47 48 49 0 1 2 3 50 38 39 40 41 42 43 77 78 79 80 81 82 83 84 85 86 87 26 27 28 29 30 31 83 84 85 86 87 88 88 89 89 90 90 91 91 92 92 93 93 94 94 35 36 37 77 78 79 80 81 82 13 14 15 16 17 18 32 33 34 75 76 21 22 95 96 97 98 99 4 5 6 95 96 97 98 99 23 24 25 12 
56939
22
6 7 7 2 1 6 1 6 3 3 6 6 2 4 3 5 2 3 5 3 2 17 
24 45 27 11 7 19 24 9 19 3 40 20 3 1 2 59 32 19 40 12 9 28 
34 45 29 55 69 41 37 50 52 26 47 38 8 34 62 66 52 45 41 66 24 30 
311 234 326 325 194 396 564 798 846 838 956 338 690 952 659 772 294 768 239 923 247 670 
13 13 13 13 14 14 14 9 9 9 12 12 4 12 12 7 7 7 7 7 7 20 20 3 3 19 19 19 5 5 5 5 5 5 8 8 8 17 17 17 11 11 11 11 11 11 0 0 0 0 0 0 6 20 20 9 9 9 2 2 2 2 2 2 2 21 21 21 21 21 21 21 21 21 21 21 21 21 21 21 21 21 2 2 2 2 2 2 2 21 21 21 21 21 21 21 21 21 21 21 21 21 21 21 21 21 16 16 0 0 0 0 0 0 13 13 13 13 6 11 11 11 11 11 11 10 10 10 10 10 10 18 18 18 18 18 5 5 5 5 5 5 18 18 18 18 18 1 1 1 1 1 1 1 1 1 1 1 1 1 1 17 17 17 10 10 10 10 10 10 7 7 7 7 7 7 8 8 8 16 16 3 3 15 15 15 15 15 14 14 14 15 15 15 15 15 19 19 19 4 