780
100
2
4 4 4 4 4 4 8 8 8 8 8 8 8 8 8 8 8 8 11 11 11 15 15 15 15 15 15 19 19 19 19 19 19 19 19 19 19 19 32 32 32 32 32 32 32 32 32 37 37 37 37 37 37 37 37 37 37 37 39 39 39 39 39 39 39 39 39 39 39 39 45 45 45 45 45 45 45 45 45 45 45 47 47 47 47 47 47 47 47 47 47 47 47 47 47 47 47 49 49 49 49 49 53 53 53 53 53 53 53 53 53 53 53 53 53 53 53 53 53 53 53 55 55 55 55 55 55 55 55 55 57 57 57 57 57 57 57 57 57 57 57 57 57 57 57 63 63 63 63 63 63 64 64 64 64 64 64 64 65 65 65 65 65 65 65 65 65 65 65 66 66 66 66 66 66 66 66 66 66 66 68 68 68 68 68 68 68 68 68 68 68 69 69 69 69 69 69 69 69 69 
21 22 23 24 25 26 58 59 60 61 62 63 64 65 66 67 68 69 38 39 40 0 1 2 3 4 5 70 71 72 73 74 75 76 77 78 79 80 18 19 20 145 146 147 148 149 150 81 82 83 84 85 86 87 88 89 90 91 6 7 8 9 10 11 12 13 14 15 16 17 27 28 29 30 31 32 33 34 35 36 37 47 48 49 50 51 52 53 54 55 56 57 97 98 99 100 101 92 93 94 95 96 158 159 160 161 162 163 164 165 166 167 168 130 131 132 133 134 135 136 137 191 192 193 194 195 196 197 198 199 113 114 115 116 117 118 119 120 151 152 153 154 155 156 157 41 42 43 44 45 46 138 139 140 141 142 143 144 102 103 104 105 106 107 108 109 110 111 112 180 181 182 183 184 185 186 187 188 189 190 169 170 171 172 173 174 175 176 177 178 179 121 122 123 124 125 126 127 128 129 
338 338 338 338 338 338 827 827 827 827 827 827 827 827 827 827 827 827 641 641 641 338 338 338 338 338 338 709 709 709 709 709 709 709 709 709 709 709 641 641 641 636 636 636 636 636 636 557 557 557 557 557 557 557 557 557 557 557 827 827 827 827 827 827 827 827 827 827 827 827 709 709 709 709 709 709 709 709 709 709 709 557 557 557 557 557 557 557 557 557 557 557 943 943 943 943 943 943 943 943 943 943 462 462 462 462 462 462 462 462 462 462 462 816 816 816 816 816 816 816 816 972 972 972 972 972 972 972 972 972 816 816 816 816 816 816 816 816 830 830 830 830 830 830 830 636 636 636 636 636 636 830 830 830 830 830 830 830 462 462 462 462 462 462 462 462 462 462 462 809 809 809 809 809 809 809 809 809 809 809 809 809 809 809 809 809 809 809 809 809 809 972 972 972 972 972 972 972 972 972 
0 1 2 3 4 5 6 7 8 9 10 11 12 13 14 15 16 17 18 19 20 0 1 2 3 4 5 21 22 23 24 25 26 27 28 29 30 31 18 19 20 32 33 34 35 36 37 38 39 40 41 42 43 44 45 46 47 48 6 7 8 9 10 11 12 13 14 15 16 17 21 22 23 24 25 26 27 28 29 30 31 38 39 40 41 42 43 44 45 46 47 48 49 50 51 52 53 49 50 51 52 53 54 55 56 57 58 59 60 61 62 63 64 65 66 67 68 69 70 71 72 73 74 75 76 77 78 79 80 81 65 66 67 68 69 70 71 72 82 83 84 85 86 87 88 32 33 34 35 36 37 82 83 84 85 86 87 88 54 55 56 57 58 59 60 61 62 63 64 89 90 91 92 93 94 95 96 97 98 99 89 90 91 92 93 94 95 96 97 98 99 73 74 75 76 77 78 79 80 81 
71399
12
3 11 11 11 11 6 5 6 8 9 12 7 
11 66 53 37 19 32 47 4 53 55 8 57 
32 68 65 47 45 63 49 15 57 69 39 64 
641 809 462 557 709 636 943 338 816 972 827 830 
7 7 7 7 7 7 10 10 10 10 10 10 10 10 10 10 10 10 0 0 0 7 7 7 7 7 7 4 4 4 4 4 4 4 4 4 4 4 0 0 0 5 5 5 5 5 5 3 3 3 3 3 3 3 3 3 3 3 10 10 10 10 10 10 10 10 10 10 10 10 4 4 4 4 4 4 4 4 4 4 4 3 3 3 3 3 3 3 3 3 3 3 6 6 6 6 6 6 6 6 6 6 2 2 2 2 2 2 2 2 2 2 2 8 8 8 8 8 8 8 8 9 9 9 9 9 9 9 9 9 8 8 8 8 8 8 8 8 11 11 11 11 11 11 11 5 5 5 5 5 5 11 11 11 11 11 11 11 2 2 2 2 2 2 2 2 2 2 2 1 1 1 1 1 1 1 1 1 1 1 1 1 1 1 1 1 1 1 1 1 1 9 9 9 9 9 9 9 9 9 