331
100
2
1 1 1 4 4 4 4 4 4 4 4 5 5 5 5 5 5 5 5 5 5 5 12 12 12 12 12 12 12 12 12 12 16 16 16 16 16 16 16 16 16 16 17 17 17 17 17 17 17 17 17 22 22 22 22 22 22 23 23 23 23 23 23 23 23 25 25 25 25 25 25 25 25 25 26 26 31 31 31 31 31 31 31 31 32 32 32 32 32 32 32 32 32 34 34 34 34 34 34 34 34 34 34 34 34 34 34 34 34 34 35 35 35 35 35 35 36 36 36 38 38 38 38 38 38 38 38 39 39 47 47 47 47 47 47 47 47 47 47 49 49 49 49 50 50 58 58 60 60 60 60 60 60 60 60 60 60 60 63 63 63 63 63 63 63 63 63 63 63 63 63 63 63 63 63 67 67 67 67 67 67 67 67 67 67 67 68 68 68 69 69 69 69 69 69 69 69 69 69 69 
189 190 191 11 12 13 14 15 16 17 18 3 4 5 6 7 8 9 10 116 117 118 32 33 34 35 36 37 38 39 40 41 22 23 24 25 26 27 28 29 30 31 84 85 86 87 88 89 90 91 92 129 130 131 132 133 134 119 120 121 122 123 124 125 126 101 102 103 104 105 106 107 108 109 127 128 164 165 166 167 168 169 170 171 42 43 44 45 46 47 48 49 50 192 193 194 195 196 197 198 199 65 66 67 68 69 70 71 72 73 158 159 160 161 162 163 19 20 21 57 58 59 60 61 62 63 64 74 75 51 52 53 54 55 56 139 140 141 142 135 136 137 138 145 146 143 144 175 176 177 178 179 180 181 182 183 184 185 110 111 112 113 114 115 76 77 78 79 80 81 82 83 186 187 188 147 148 149 150 151 152 153 154 155 156 157 172 173 174 0 1 2 93 94 95 96 97 98 99 100 
853 853 853 584 584 584 584 584 584 584 584 584 584 584 584 584 584 584 584 381 381 381 677 677 677 677 677 677 677 677 677 677 677 677 677 677 677 677 677 677 677 677 159 159 159 159 159 159 159 159 159 541 541 541 541 541 541 421 421 421 421 421 421 421 421 339 339 339 339 339 339 339 339 339 765 765 668 668 668 668 668 668 668 668 159 159 159 159 159 159 159 159 159 280 280 280 280 280 280 280 280 339 339 339 339 339 339 339 339 339 319 319 319 319 319 319 381 381 381 421 421 421 421 421 421 421 421 765 765 541 541 541 541 541 541 628 628 628 628 628 628 628 628 398 398 398 398 990 990 990 990 990 990 990 990 990 990 990 319 319 319 319 319 319 668 668 668 668 668 668 668 668 299 299 299 990 990 990 990 990 990 990 990 990 990 990 299 299 299 853 853 853 280 280 280 280 280 280 280 280 
0 1 2 3 4 5 6 7 8 9 10 3 4 5 6 7 8 9 10 11 12 13 14 15 16 17 18 19 20 21 22 23 14 15 16 17 18 19 20 21 22 23 24 25 26 27 28 29 30 31 32 33 34 35 36 37 38 39 40 41 42 43 44 45 46 47 48 49 50 51 52 53 54 55 56 57 58 59 60 61 62 63 64 65 24 25 26 27 28 29 30 31 32 66 67 68 69 70 71 72 73 47 48 49 50 51 52 53 54 55 74 75 76 77 78 79 11 12 13 39 40 41 42 43 44 45 46 56 57 33 34 35 36 37 38 80 81 82 83 80 81 82 83 84 85 84 85 86 87 88 89 90 91 92 93 94 95 96 74 75 76 77 78 79 58 59 60 61 62 63 64 65 97 98 99 86 87 88 89 90 91 92 93 94 95 96 97 98 99 0 1 2 66 67 68 69 70 71 72 73 
52363
16
9 2 3 6 2 8 6 3 10 8 4 8 3 9 8 11 
17 26 1 35 50 31 22 63 12 34 47 4 5 25 23 60 
32 39 69 63 58 63 47 68 16 69 49 5 36 34 38 67 
159 765 853 319 398 668 541 299 677 280 628 584 381 339 421 990 
2 2 2 11 11 11 11 11 11 11 11 11 11 11 11 11 11 11 11 12 12 12 8 8 8 8 8 8 8 8 8 8 8 8 8 8 8 8 8 8 8 8 0 0 0 0 0 0 0 0 0 6 6 6 6 6 6 14 14 14 14 14 14 14 14 13 13 13 13 13 13 13 13 13 1 1 5 5 5 5 5 5 5 5 0 0 0 0 0 0 0 0 0 9 9 9 9 9 9 9 9 13 13 13 13 13 13 13 13 13 3 3 3 3 3 3 12 12 12 14 14 14 14 14 14 14 14 1 1 6 6 6 6 6 6 10 10 10 10 10 10 10 10 4 4 4 4 15 15 15 15 15 15 15 15 15 15 15 3 3 3 3 3 3 5 5 5 5 5 5 5 5 7 7 7 15 15 15 15 15 15 15 15 15 15 15 7 7 7 2 2 2 9 9 9 9 9 9 9 9 