208
100
2
2 2 2 2 2 2 2 2 3 3 5 5 5 5 5 5 5 5 5 5 5 5 5 5 5 5 5 5 23 23 23 23 23 23 23 23 23 23 23 23 23 23 23 23 23 24 24 24 24 25 25 25 25 26 26 26 27 27 27 27 27 27 27 27 29 29 29 32 32 32 32 32 32 48 48 48 48 48 48 48 48 48 48 48 48 48 50 50 50 50 50 50 50 50 53 53 53 53 53 53 53 53 53 53 53 53 54 54 54 54 54 54 54 54 54 54 55 55 55 55 55 55 55 55 55 55 55 55 55 55 55 55 55 55 55 55 55 55 55 55 55 55 58 58 58 58 58 58 58 58 58 58 58 58 58 58 58 58 58 58 58 58 58 60 60 60 60 60 60 60 60 60 60 60 60 60 60 61 61 62 62 62 62 62 62 63 63 63 63 63 63 63 63 63 63 63 64 64 64 64 
56 57 58 59 60 61 62 63 177 178 163 164 165 166 167 168 169 170 171 172 173 174 175 176 49 50 51 52 94 95 96 97 98 99 100 101 102 103 104 105 137 138 139 140 141 196 197 198 199 24 25 26 27 64 65 66 0 1 2 3 4 5 6 7 53 54 55 179 180 181 182 183 184 124 125 126 127 128 129 130 131 132 133 134 135 136 116 117 118 119 120 121 122 123 28 29 30 31 32 33 34 35 36 37 38 39 142 143 144 145 146 147 148 149 150 151 86 87 88 89 90 91 92 93 73 74 75 76 77 78 79 80 81 82 83 84 85 40 41 42 43 44 106 107 108 109 110 111 112 113 114 115 185 186 187 188 189 190 191 192 193 194 195 10 11 12 13 14 15 16 17 18 19 20 21 22 23 8 9 67 68 69 70 71 72 152 153 154 155 156 157 158 159 160 161 162 45 46 47 48 
427 427 427 427 427 427 427 427 313 313 598 598 598 598 598 598 598 598 598 598 598 598 598 598 395 395 395 395 280 280 280 280 280 280 280 280 280 280 280 280 446 446 446 446 446 835 835 835 835 395 395 395 395 850 850 850 427 427 427 427 427 427 427 427 850 850 850 199 199 199 199 199 199 442 442 442 442 442 442 442 442 442 442 442 442 442 508 508 508 508 508 508 508 508 280 280 280 280 280 280 280 280 280 280 280 280 432 432 432 432 432 432 432 432 432 432 508 508 508 508 508 508 508 508 442 442 442 442 442 442 442 442 442 442 442 442 442 446 446 446 446 446 432 432 432 432 432 432 432 432 432 432 405 405 405 405 405 405 405 405 405 405 405 598 598 598 598 598 598 598 598 598 598 598 598 598 598 313 313 199 199 199 199 199 199 405 405 405 405 405 405 405 405 405 405 405 835 835 835 835 
0 1 2 3 4 5 6 7 8 9 10 11 12 13 14 15 16 17 18 19 20 21 22 23 24 25 26 27 28 29 30 31 32 33 34 35 36 37 38 39 40 41 42 43 44 45 46 47 48 24 25 26 27 49 50 51 0 1 2 3 4 5 6 7 49 50 51 52 53 54 55 56 57 58 59 60 61 62 63 64 65 66 67 68 69 70 71 72 73 74 75 76 77 78 28 29 30 31 32 33 34 35 36 37 38 39 79 80 81 82 83 84 85 86 87 88 71 72 73 74 75 76 77 78 58 59 60 61 62 63 64 65 66 67 68 69 70 40 41 42 43 44 79 80 81 82 83 84 85 86 87 88 89 90 91 92 93 94 95 96 97 98 99 10 11 12 13 14 15 16 17 18 19 20 21 22 23 8 9 52 53 54 55 56 57 89 90 91 92 93 94 95 96 97 98 99 45 46 47 48 
45253
13
8 3 13 12 6 2 8 4 14 5 4 10 11 
50 26 48 23 32 3 2 24 5 23 5 54 58 
55 29 55 53 62 61 27 64 60 55 25 58 63 
508 850 442 280 199 313 427 835 598 446 395 432 405 
6 6 6 6 6 6 6 6 5 5 8 8 8 8 8 8 8 8 8 8 8 8 8 8 10 10 10 10 3 3 3 3 3 3 3 3 3 3 3 3 9 9 9 9 9 7 7 7 7 10 10 10 10 1 1 1 6 6 6 6 6 6 6 6 1 1 1 4 4 4 4 4 4 2 2 2 2 2 2 2 2 2 2 2 2 2 0 0 0 0 0 0 0 0 3 3 3 3 3 3 3 3 3 3 3 3 11 11 11 11 11 11 11 11 11 11 0 0 0 0 0 0 0 0 2 2 2 2 2 2 2 2 2 2 2 2 2 9 9 9 9 9 11 11 11 11 11 11 11 11 11 11 12 12 12 12 12 12 12 12 12 12 12 8 8 8 8 8 8 8 8 8 8 8 8 8 8 5 5 4 4 4 4 4 4 12 12 12 12 12 12 12 12 12 12 12 7 7 7 7 