667
100
2
1 1 1 2 2 2 2 3 3 3 3 3 3 5 7 7 7 7 8 8 8 8 18 18 18 18 18 18 18 18 18 19 19 19 22 22 23 23 23 23 25 25 25 25 28 28 28 28 28 28 28 28 29 29 29 29 35 35 35 36 36 36 37 37 37 37 37 37 37 39 39 39 39 39 39 39 39 39 39 39 39 39 39 39 39 39 41 41 41 42 42 42 42 42 42 42 42 42 42 42 43 43 43 44 44 44 44 45 45 46 46 46 46 46 46 46 46 46 46 46 46 46 51 51 51 51 51 51 51 52 52 52 53 53 53 53 53 53 53 53 53 55 55 55 55 56 56 56 56 56 56 58 58 58 58 58 58 58 59 60 60 60 60 60 60 63 63 63 63 63 63 63 64 64 64 64 64 64 64 64 65 65 65 65 65 65 65 65 65 65 65 65 65 66 66 66 66 66 66 66 
86 87 88 103 104 105 106 62 63 64 65 66 67 68 18 19 20 21 14 15 16 17 158 44 45 46 47 48 49 50 51 59 60 61 107 108 52 53 54 55 109 110 111 112 23 24 25 26 27 28 29 30 36 37 38 39 97 98 99 31 32 33 7 8 9 10 11 12 13 141 142 143 144 180 181 182 183 184 185 186 187 188 189 190 191 192 0 1 2 172 173 174 175 176 177 178 179 56 57 58 129 130 131 3 4 5 6 34 35 40 41 42 43 132 133 122 123 124 125 126 127 128 115 116 117 118 119 120 121 100 101 102 113 114 151 152 153 154 155 156 157 69 70 71 72 159 160 161 162 163 164 134 135 136 137 138 139 140 22 145 146 147 148 149 150 193 194 195 196 197 198 199 89 90 91 92 93 94 95 96 73 74 75 76 77 78 79 80 81 82 83 84 85 165 166 167 168 169 170 171 
776 776 776 809 809 809 809 222 222 222 222 222 222 999 481 481 481 481 481 481 481 481 314 272 272 272 272 272 272 272 272 394 394 394 176 176 929 929 929 929 966 966 966 966 272 272 272 272 272 272 272 272 929 929 929 929 366 366 366 394 394 394 222 222 222 222 222 222 999 584 584 584 584 244 244 244 244 244 244 244 244 244 244 244 244 244 776 776 776 288 288 288 288 288 288 288 288 366 366 366 819 819 819 809 809 809 809 176 176 966 966 966 966 859 859 405 405 405 405 405 405 405 405 405 405 405 405 405 405 819 819 819 859 859 910 910 910 910 910 910 910 584 584 584 584 824 824 824 824 824 824 910 910 910 910 910 910 910 314 824 824 824 824 824 824 514 514 514 514 514 514 514 288 288 288 288 288 288 288 288 244 244 244 244 244 244 244 244 244 244 244 244 244 514 514 514 514 514 514 514 
0 1 2 3 4 5 6 7 8 9 10 11 12 13 14 15 16 17 14 15 16 17 18 19 20 21 22 23 24 25 26 27 28 29 30 31 32 33 34 35 36 37 38 39 19 20 21 22 23 24 25 26 32 33 34 35 40 41 42 27 28 29 7 8 9 10 11 12 13 43 44 45 46 47 48 49 50 51 52 53 54 55 56 57 58 59 0 1 2 60 61 62 63 64 65 66 67 40 41 42 68 69 70 3 4 5 6 30 31 36 37 38 39 71 72 73 74 75 76 77 78 79 73 74 75 76 77 78 79 68 69 70 71 72 80 81 82 83 84 85 86 43 44 45 46 87 88 89 90 91 92 80 81 82 83 84 85 86 18 87 88 89 90 91 92 93 94 95 96 97 98 99 60 61 62 63 64 65 66 67 47 48 49 50 51 52 53 54 55 56 57 58 59 93 94 95 96 97 98 99 
52255
21
1 3 8 3 3 6 4 4 7 2 7 6 7 4 4 2 8 4 3 1 13 
18 1 18 19 43 56 23 25 63 46 53 3 46 39 7 22 42 2 35 5 39 
59 41 28 36 52 60 29 46 66 53 58 37 51 55 8 45 64 44 42 37 65 
314 776 272 394 819 824 929 966 514 859 910 222 405 584 481 176 288 809 366 999 244 
1 1 1 17 17 17 17 11 11 11 11 11 11 19 14 14 14 14 14 14 14 14 0 2 2 2 2 2 2 2 2 3 3 3 15 15 6 6 6 6 7 7 7 7 2 2 2 2 2 2 2 2 6 6 6 6 18 18 18 3 3 3 11 11 11 11 11 11 19 13 13 13 13 20 20 20 20 20 20 20 20 20 20 20 20 20 1 1 1 16 16 16 16 16 16 16 16 18 18 18 4 4 4 17 17 17 17 15 15 7 7 7 7 9 9 12 12 12 12 12 12 12 12 12 12 12 12 12 12 4 4 4 9 9 10 10 10 10 10 10 10 13 13 13 13 5 5 5 5 5 5 10 10 10 10 10 10 10 0 5 5 5 5 5 5 8 8 8 8 8 8 8 16 16 16 16 16 16 16 16 20 20 20 20 20 20 20 20 20 20 20 20 20 8 8 8 8 8 8 8 