741
100
2
8 8 8 8 8 8 8 8 8 8 10 10 10 10 10 10 10 10 10 13 13 13 13 13 13 13 13 19 19 19 19 19 19 19 19 19 19 19 19 19 19 19 19 19 19 22 22 22 22 22 22 22 22 22 22 22 22 25 25 25 25 27 27 27 27 27 27 27 27 27 30 30 30 30 31 31 31 31 31 31 31 31 31 31 31 32 32 32 32 32 32 32 32 32 32 32 33 33 33 33 33 33 33 33 33 33 33 33 33 33 33 33 33 36 36 36 36 36 36 36 36 36 36 36 36 43 43 43 43 47 47 47 47 47 47 47 47 47 47 47 51 51 51 51 51 51 51 51 51 53 53 53 53 53 53 53 53 53 62 62 62 62 64 64 64 64 64 64 64 64 64 64 64 66 66 66 66 66 66 66 66 66 66 66 66 66 66 66 66 66 67 67 67 67 67 70 70 70 70 70 
35 36 37 38 39 40 41 42 43 44 140 141 142 143 144 145 146 147 148 27 28 29 30 31 32 33 34 19 20 21 22 23 24 25 26 0 1 2 3 4 5 6 7 8 9 113 114 115 116 117 118 119 120 121 122 123 124 125 126 127 128 149 150 151 152 153 154 155 156 157 158 159 160 161 85 86 87 88 89 90 91 92 93 94 95 74 75 76 77 78 79 80 81 82 83 84 173 174 175 176 177 178 179 180 181 182 183 184 185 186 187 188 189 45 46 47 48 49 50 51 52 53 54 55 56 57 58 59 60 162 163 164 165 166 167 168 169 170 171 172 10 11 12 13 14 15 16 17 18 61 62 63 64 65 66 67 68 69 70 71 72 73 129 130 131 132 133 134 135 136 137 138 139 96 97 98 99 100 101 102 103 104 105 106 107 108 109 110 111 112 195 196 197 198 199 190 191 192 193 194 
912 912 912 912 912 912 912 912 912 912 803 803 803 803 803 803 803 803 803 996 996 996 996 996 996 996 996 996 996 996 996 996 996 996 996 912 912 912 912 912 912 912 912 912 912 767 767 767 767 767 767 767 767 767 767 767 767 341 341 341 341 226 226 226 226 226 226 226 226 226 661 661 661 661 264 264 264 264 264 264 264 264 264 264 264 264 264 264 264 264 264 264 264 264 264 264 930 930 930 930 930 930 930 930 930 930 930 930 930 930 930 930 930 767 767 767 767 767 767 767 767 767 767 767 767 341 341 341 341 605 605 605 605 605 605 605 605 605 605 605 803 803 803 803 803 803 803 803 803 226 226 226 226 226 226 226 226 226 661 661 661 661 605 605 605 605 605 605 605 605 605 605 605 930 930 930 930 930 930 930 930 930 930 930 930 930 930 930 930 930 225 225 225 225 225 225 225 225 225 225 
0 1 2 3 4 5 6 7 8 9 10 11 12 13 14 15 16 17 18 19 20 21 22 23 24 25 26 19 20 21 22 23 24 25 26 0 1 2 3 4 5 6 7 8 9 27 28 29 30 31 32 33 34 35 36 37 38 39 40 41 42 43 44 45 46 47 48 49 50 51 52 53 54 55 56 57 58 59 60 61 62 63 64 65 66 56 57 58 59 60 61 62 63 64 65 66 67 68 69 70 71 72 73 74 75 76 77 78 79 80 81 82 83 27 28 29 30 31 32 33 34 35 36 37 38 39 40 41 42 84 85 86 87 88 89 90 91 92 93 94 10 11 12 13 14 15 16 17 18 43 44 45 46 47 48 49 50 51 52 53 54 55 84 85 86 87 88 89 90 91 92 93 94 67 68 69 70 71 72 73 74 75 76 77 78 79 80 81 82 83 95 96 97 98 99 95 96 97 98 99 
66055
11
5 9 4 8 4 9 11 10 12 11 17 
67 10 25 13 30 27 31 8 22 47 33 
70 51 43 19 62 53 32 19 36 64 66 
225 803 341 996 661 226 264 912 767 605 930 
7 7 7 7 7 7 7 7 7 7 1 1 1 1 1 1 1 1 1 3 3 3 3 3 3 3 3 3 3 3 3 3 3 3 3 7 7 7 7 7 7 7 7 7 7 8 8 8 8 8 8 8 8 8 8 8 8 2 2 2 2 5 5 5 5 5 5 5 5 5 4 4 4 4 6 6 6 6 6 6 6 6 6 6 6 6 6 6 6 6 6 6 6 6 6 6 10 10 10 10 10 10 10 10 10 10 10 10 10 10 10 10 10 8 8 8 8 8 8 8 8 8 8 8 8 2 2 2 2 9 9 9 9 9 9 9 9 9 9 9 1 1 1 1 1 1 1 1 1 5 5 5 5 5 5 5 5 5 4 4 4 4 9 9 9 9 9 9 9 9 9 9 9 10 10 10 10 10 10 10 10 10 10 10 10 10 10 10 10 10 0 0 0 0 0 0 0 0 0 0 