597
100
2
1 1 1 1 5 5 5 5 6 6 6 6 6 6 6 6 6 6 7 7 7 7 7 7 7 8 8 14 14 16 16 16 16 16 16 16 16 16 16 16 16 16 16 16 16 16 16 19 21 21 21 21 26 26 26 29 29 29 29 29 29 31 31 31 31 31 32 32 32 34 34 34 34 36 36 36 36 36 36 36 36 36 36 36 36 36 36 36 36 37 37 37 37 38 38 38 38 40 40 40 40 40 40 40 43 43 43 43 43 44 44 44 44 44 44 44 47 47 47 47 49 49 49 49 51 51 51 51 51 51 52 52 52 52 52 52 52 52 52 52 52 52 56 56 57 57 57 57 57 57 59 59 59 59 59 59 59 59 59 59 59 59 59 59 59 59 60 60 60 61 61 63 63 63 64 64 64 64 64 64 64 64 64 65 65 65 65 65 65 68 68 68 68 68 68 68 69 69 69 69 
178 179 180 181 89 90 91 92 120 121 122 123 160 161 162 163 164 165 150 151 152 153 154 155 156 102 103 29 30 27 28 73 74 75 76 77 78 79 80 81 82 83 84 85 86 87 88 195 105 106 107 108 166 167 168 144 145 146 147 148 149 124 125 126 127 128 157 158 159 196 197 198 199 31 32 33 34 35 36 37 38 39 40 41 42 43 44 45 46 4 5 6 7 104 171 172 173 137 138 139 140 141 25 26 93 48 49 50 51 130 131 132 133 134 135 136 174 175 176 177 8 9 10 11 61 62 63 64 65 182 109 110 111 112 113 114 115 97 98 99 100 101 169 170 55 56 57 58 59 60 18 19 20 21 22 23 24 66 67 68 12 13 14 15 16 17 52 53 54 142 143 94 95 96 116 117 118 119 0 1 2 3 129 189 190 191 192 193 194 183 184 185 186 187 188 47 69 70 71 72 
973 973 973 973 828 828 828 828 723 723 723 723 528 528 528 528 528 528 860 220 220 220 220 220 220 857 857 635 635 635 635 945 945 945 945 945 945 945 945 945 945 945 945 945 945 945 945 948 773 773 773 773 601 601 601 973 973 973 973 973 973 213 213 213 213 213 338 338 338 355 355 355 355 945 945 945 945 945 945 945 945 945 945 945 945 945 945 945 945 828 828 828 828 315 755 755 755 413 413 413 413 413 857 857 315 773 773 773 773 974 974 974 974 974 974 974 595 595 595 595 723 723 723 723 213 213 213 213 213 189 974 974 974 974 974 974 974 413 413 413 413 413 753 753 973 973 973 973 973 973 860 220 220 220 220 220 220 338 338 338 528 528 528 528 528 528 601 601 601 753 753 755 755 755 595 595 595 595 973 973 973 973 189 885 885 885 885 885 885 885 885 885 885 885 885 948 355 355 355 355 
0 1 2 3 4 5 6 7 8 9 10 11 12 13 14 15 16 17 18 19 20 21 22 23 24 25 26 27 28 27 28 29 30 31 32 33 34 35 36 37 38 39 40 41 42 43 44 45 46 47 48 49 50 51 52 53 54 55 56 57 58 59 60 61 62 63 64 65 66 67 68 69 70 29 30 31 32 33 34 35 36 37 38 39 40 41 42 43 44 4 5 6 7 71 72 73 74 75 76 77 78 79 25 26 71 46 47 48 49 80 81 82 83 84 85 86 87 88 89 90 8 9 10 11 59 60 61 62 63 91 80 81 82 83 84 85 86 75 76 77 78 79 92 93 53 54 55 56 57 58 18 19 20 21 22 23 24 64 65 66 12 13 14 15 16 17 50 51 52 92 93 72 73 74 87 88 89 90 0 1 2 3 91 94 95 96 97 98 99 94 95 96 97 98 99 45 67 68 69 70 
69576
24
1 1 4 2 6 7 5 2 6 4 5 3 4 6 3 6 4 3 1 4 1 2 4 16 
38 7 47 56 65 44 40 14 7 34 31 38 6 29 32 6 1 26 51 21 19 8 5 16 
43 59 64 61 68 52 52 16 59 69 51 63 49 57 59 59 64 60 64 43 68 40 37 36 
315 860 595 753 885 974 413 635 220 355 213 755 723 973 338 528 973 601 189 773 948 857 828 945 
16 16 16 16 22 22 22 22 12 12 12 12 15 15 15 15 15 15 1 8 8 8 8 8 8 21 21 7 7 7 7 23 23 23 23 23 23 23 23 23 23 23 23 23 23 23 23 20 19 19 19 19 17 17 17 13 13 13 13 13 13 10 10 10 10 10 14 14 14 9 9 9 9 23 23 23 23 23 23 23 23 23 23 23 23 23 23 23 23 22 22 22 22 0 11 11 11 6 6 6 6 6 21 21 0 19 19 19 19 5 5 5 5 5 5 5 2 2 2 2 12 12 12 12 10 10 10 10 10 18 5 5 5 5 5 5 5 6 6 6 6 6 3 3 13 13 13 13 13 13 1 8 8 8 8 8 8 14 14 14 15 15 15 15 15 15 17 17 17 3 3 11 11 11 2 2 2 2 16 16 16 16 18 4 4 4 4 4 4 4 4 4 4 4 4 20 9 9 9 9 