3
100
2
6 6 6 6 6 6 6 6 6 6 7 7 12 12 14 14 14 14 14 14 14 14 14 19 19 19 19 19 19 19 19 19 20 20 20 20 29 29 29 29 30 30 30 30 30 30 30 30 32 32 32 32 32 32 32 32 32 32 32 32 32 32 32 32 32 34 34 34 34 34 34 34 34 38 38 38 38 38 38 38 38 39 39 39 39 39 39 39 40 40 40 40 40 40 40 40 42 42 42 43 43 43 43 44 44 44 44 44 44 44 44 44 44 44 44 44 44 44 44 45 45 45 45 45 45 45 45 45 45 45 45 45 45 45 45 45 46 46 55 55 55 55 55 55 55 55 55 55 55 55 55 57 57 58 58 58 58 58 58 58 58 58 58 59 59 59 59 59 59 59 59 59 63 63 63 65 65 65 65 65 66 66 66 66 66 66 66 66 66 66 66 66 66 66 66 66 66 70 70 70 
153 154 155 156 157 158 159 160 161 162 12 13 10 11 23 24 25 26 27 28 29 30 31 14 15 16 17 18 19 20 21 22 180 181 182 183 99 100 101 102 103 104 105 106 107 108 109 110 119 120 121 122 123 124 125 126 127 128 129 130 131 132 133 134 135 111 112 113 114 115 116 117 118 88 89 90 91 92 93 94 95 184 185 186 187 188 189 190 73 74 75 76 77 78 79 80 197 198 199 36 37 38 39 40 41 42 43 44 45 46 47 65 66 67 68 69 70 71 72 48 49 50 51 52 53 54 55 56 57 58 59 60 61 62 63 64 151 152 163 164 165 166 172 173 174 191 192 193 194 195 196 136 137 0 1 2 3 4 5 6 7 8 9 138 139 140 141 175 176 177 178 179 142 143 144 167 168 169 170 171 32 33 34 35 81 82 83 84 85 86 87 145 146 147 148 149 150 96 97 98 
668 668 668 668 668 668 668 668 668 668 985 985 985 985 814 814 814 814 814 814 814 814 814 814 814 814 814 814 814 814 814 814 295 295 295 295 179 179 179 179 619 619 619 619 619 619 619 619 269 269 269 269 269 269 269 269 269 269 269 269 269 269 269 269 269 625 625 625 625 625 625 625 625 746 746 746 746 746 746 746 746 456 456 456 456 456 456 456 746 746 746 746 746 746 746 746 278 278 278 179 179 179 179 619 619 619 619 619 619 619 619 625 625 625 625 625 625 625 625 269 269 269 269 269 269 269 269 269 269 269 269 269 269 269 269 269 383 383 463 463 463 463 726 726 726 962 962 962 962 962 962 383 383 668 668 668 668 668 668 668 668 668 668 463 463 463 463 483 483 483 483 483 726 726 726 483 483 483 483 483 295 295 295 295 456 456 456 456 456 456 456 962 962 962 962 962 962 278 278 278 
0 1 2 3 4 5 6 7 8 9 10 11 10 11 12 13 14 15 16 17 18 19 20 12 13 14 15 16 17 18 19 20 21 22 23 24 25 26 27 28 29 30 31 32 33 34 35 36 37 38 39 40 41 42 43 44 45 46 47 48 49 50 51 52 53 54 55 56 57 58 59 60 61 62 63 64 65 66 67 68 69 70 71 72 73 74 75 76 62 63 64 65 66 67 68 69 77 78 79 25 26 27 28 29 30 31 32 33 34 35 36 54 55 56 57 58 59 60 61 37 38 39 40 41 42 43 44 45 46 47 48 49 50 51 52 53 80 81 82 83 84 85 86 87 88 89 90 91 92 93 94 80 81 0 1 2 3 4 5 6 7 8 9 82 83 84 85 95 96 97 98 99 86 87 88 95 96 97 98 99 21 22 23 24 70 71 72 73 74 75 76 89 90 91 92 93 94 77 78 79 
55374
16
4 4 4 3 8 7 8 9 5 3 10 2 6 8 2 17 
20 55 29 42 38 39 30 14 59 55 6 46 55 34 7 32 
66 59 43 70 40 66 44 19 65 63 58 57 66 44 12 45 
295 463 179 278 746 456 619 814 483 726 668 383 962 625 985 269 
10 10 10 10 10 10 10 10 10 10 14 14 14 14 7 7 7 7 7 7 7 7 7 7 7 7 7 7 7 7 7 7 0 0 0 0 2 2 2 2 6 6 6 6 6 6 6 6 15 15 15 15 15 15 15 15 15 15 15 15 15 15 15 15 15 13 13 13 13 13 13 13 13 4 4 4 4 4 4 4 4 5 5 5 5 5 5 5 4 4 4 4 4 4 4 4 3 3 3 2 2 2 2 6 6 6 6 6 6 6 6 13 13 13 13 13 13 13 13 15 15 15 15 15 15 15 15 15 15 15 15 15 15 15 15 15 11 11 1 1 1 1 9 9 9 12 12 12 12 12 12 11 11 10 10 10 10 10 10 10 10 10 10 1 1 1 1 8 8 8 8 8 9 9 9 8 8 8 8 8 0 0 0 0 5 5 5 5 5 5 5 12 12 12 12 12 12 3 3 3 