902
100
2
2 2 2 2 2 2 2 2 2 2 2 2 2 2 2 6 6 6 6 6 6 6 6 10 10 10 10 10 10 10 10 18 18 18 18 23 23 23 26 26 26 26 26 26 26 26 29 29 29 29 29 29 29 29 29 29 29 29 29 29 30 30 30 30 30 30 30 30 30 30 30 31 31 31 31 31 31 31 31 31 31 31 31 31 31 31 31 31 31 31 31 31 31 32 32 32 32 32 32 32 32 36 36 36 36 36 36 36 36 36 36 36 36 36 37 37 37 37 37 37 37 37 37 37 37 37 37 39 39 39 39 39 39 39 39 50 50 50 50 50 50 50 50 52 52 52 52 52 52 52 58 58 58 58 58 58 58 58 58 58 58 58 58 58 59 59 59 59 59 59 59 59 60 60 60 60 64 64 64 64 66 66 66 66 66 68 68 68 68 68 68 68 68 68 68 68 68 68 68 68 
185 186 187 188 189 190 191 192 193 194 195 196 197 198 199 127 128 129 130 131 132 133 134 180 181 182 183 184 35 36 37 71 72 73 74 28 29 30 93 94 95 96 97 98 99 100 150 151 152 153 154 155 156 157 158 159 160 161 162 163 82 83 84 85 86 87 88 89 90 91 92 31 32 33 34 143 144 145 146 147 148 149 60 61 62 63 64 65 66 67 68 69 70 38 39 40 41 42 43 44 45 114 115 116 117 118 119 120 121 122 123 124 125 126 101 102 103 104 105 106 107 108 109 110 111 112 113 15 16 17 18 19 20 21 22 164 165 166 167 168 169 170 171 75 76 77 78 79 80 81 46 47 48 49 50 51 52 53 54 55 56 57 58 59 135 136 137 138 139 140 141 142 176 177 178 179 172 173 174 175 23 24 25 26 27 0 1 2 3 4 5 6 7 8 9 10 11 12 13 14 
346 346 346 346 346 346 346 346 346 346 346 346 346 346 346 604 604 604 604 604 604 604 604 734 734 734 734 734 393 393 393 865 865 865 865 393 393 393 832 832 832 832 832 832 832 832 820 820 820 820 820 820 820 820 820 820 820 820 820 820 767 767 767 767 767 767 767 767 767 767 767 865 865 865 865 737 737 737 737 737 737 737 767 767 767 767 767 767 767 767 767 767 767 832 832 832 832 832 832 832 832 909 909 909 909 909 909 909 909 909 909 909 909 909 909 909 909 909 909 909 909 909 909 909 909 909 909 604 604 604 604 604 604 604 604 507 507 507 507 507 507 507 507 737 737 737 737 737 737 737 820 820 820 820 820 820 820 820 820 820 820 820 820 820 507 507 507 507 507 507 507 507 400 400 400 400 400 400 400 400 734 734 734 734 734 346 346 346 346 346 346 346 346 346 346 346 346 346 346 346 
0 1 2 3 4 5 6 7 8 9 10 11 12 13 14 15 16 17 18 19 20 21 22 23 24 25 26 27 28 29 30 31 32 33 34 28 29 30 35 36 37 38 39 40 41 42 43 44 45 46 47 48 49 50 51 52 53 54 55 56 57 58 59 60 61 62 63 64 65 66 67 31 32 33 34 68 69 70 71 72 73 74 57 58 59 60 61 62 63 64 65 66 67 35 36 37 38 39 40 41 42 75 76 77 78 79 80 81 82 83 84 85 86 87 75 76 77 78 79 80 81 82 83 84 85 86 87 15 16 17 18 19 20 21 22 88 89 90 91 92 93 94 95 68 69 70 71 72 73 74 43 44 45 46 47 48 49 50 51 52 53 54 55 56 88 89 90 91 92 93 94 95 96 97 98 99 96 97 98 99 23 24 25 26 27 0 1 2 3 4 5 6 7 8 9 10 11 12 13 14 
67536
12
4 7 8 5 8 15 8 13 11 4 3 14 
18 31 50 10 26 2 6 36 30 60 10 29 
31 52 59 66 32 68 39 37 31 64 23 58 
865 737 507 734 832 346 604 909 767 400 393 820 
5 5 5 5 5 5 5 5 5 5 5 5 5 5 5 6 6 6 6 6 6 6 6 3 3 3 3 3 10 10 10 0 0 0 0 10 10 10 4 4 4 4 4 4 4 4 11 11 11 11 11 11 11 11 11 11 11 11 11 11 8 8 8 8 8 8 8 8 8 8 8 0 0 0 0 1 1 1 1 1 1 1 8 8 8 8 8 8 8 8 8 8 8 4 4 4 4 4 4 4 4 7 7 7 7 7 7 7 7 7 7 7 7 7 7 7 7 7 7 7 7 7 7 7 7 7 7 6 6 6 6 6 6 6 6 2 2 2 2 2 2 2 2 1 1 1 1 1 1 1 11 11 11 11 11 11 11 11 11 11 11 11 11 11 2 2 2 2 2 2 2 2 9 9 9 9 9 9 9 9 3 3 3 3 3 5 5 5 5 5 5 5 5 5 5 5 5 5 5 5 