895
100
2
6 6 6 6 6 6 6 6 6 6 7 7 7 7 7 7 7 7 7 7 7 7 7 7 7 7 7 7 7 9 9 9 11 11 11 11 11 11 11 11 11 11 11 11 11 11 11 11 11 11 11 11 22 22 22 22 22 22 22 22 24 24 24 24 24 24 24 24 24 24 24 27 27 27 27 27 27 27 27 27 27 27 27 27 27 27 27 28 28 28 28 28 28 28 28 28 28 28 28 28 28 28 28 28 28 28 38 38 38 38 38 38 38 38 38 38 38 38 38 39 39 39 39 39 39 39 39 45 45 45 45 45 45 45 45 45 45 45 45 45 45 45 45 46 46 46 46 46 46 46 46 46 46 46 55 55 55 55 55 55 55 55 55 55 55 55 56 56 56 56 56 56 56 56 56 56 56 56 56 56 56 56 56 56 56 56 56 56 56 56 68 68 68 69 69 69 69 69 69 69 
193 194 195 196 197 198 199 179 180 181 87 88 89 90 91 92 93 94 95 96 97 98 99 100 101 102 103 104 105 190 191 192 154 155 156 157 158 159 160 161 162 163 164 165 119 120 121 122 123 124 125 126 182 183 184 185 186 187 188 189 143 144 145 146 147 148 149 150 151 152 153 127 128 129 130 131 132 133 134 135 136 137 138 139 140 141 142 10 11 12 13 14 15 16 17 18 19 20 21 22 23 24 25 26 27 28 166 167 168 169 170 171 172 173 174 175 176 177 178 44 45 46 47 48 49 50 51 71 72 73 74 75 76 77 78 79 80 81 82 83 84 85 86 60 61 62 63 64 65 66 67 68 69 70 32 33 34 35 36 37 38 39 40 41 42 43 106 107 108 109 110 111 112 113 114 115 116 117 118 7 8 9 52 53 54 55 56 57 58 59 29 30 31 0 1 2 3 4 5 6 
254 254 254 254 254 254 254 778 778 778 516 516 516 516 516 516 516 516 516 516 516 516 516 516 516 516 516 516 516 515 515 515 343 343 343 343 343 343 343 343 343 343 343 343 867 867 867 867 867 867 867 867 236 236 236 236 236 236 236 236 670 670 670 670 670 670 670 670 670 670 670 389 389 389 389 389 389 389 389 389 389 389 389 389 389 389 389 516 516 516 516 516 516 516 516 516 516 516 516 516 516 516 516 516 516 516 593 593 593 593 593 593 593 593 593 593 593 593 593 867 867 867 867 867 867 867 867 389 389 389 389 389 389 389 389 389 389 389 389 389 389 389 389 670 670 670 670 670 670 670 670 670 670 670 343 343 343 343 343 343 343 343 343 343 343 343 593 593 593 593 593 593 593 593 593 593 593 593 593 778 778 778 236 236 236 236 236 236 236 236 515 515 515 254 254 254 254 254 254 254 
0 1 2 3 4 5 6 7 8 9 10 11 12 13 14 15 16 17 18 19 20 21 22 23 24 25 26 27 28 29 30 31 32 33 34 35 36 37 38 39 40 41 42 43 44 45 46 47 48 49 50 51 52 53 54 55 56 57 58 59 60 61 62 63 64 65 66 67 68 69 70 71 72 73 74 75 76 77 78 79 80 81 82 83 84 85 86 10 11 12 13 14 15 16 17 18 19 20 21 22 23 24 25 26 27 28 87 88 89 90 91 92 93 94 95 96 97 98 99 44 45 46 47 48 49 50 51 71 72 73 74 75 76 77 78 79 80 81 82 83 84 85 86 60 61 62 63 64 65 66 67 68 69 70 32 33 34 35 36 37 38 39 40 41 42 43 87 88 89 90 91 92 93 94 95 96 97 98 99 7 8 9 52 53 54 55 56 57 58 59 29 30 31 0 1 2 3 4 5 6 
49704
10
16 12 8 19 13 7 3 8 3 11 
27 11 11 7 38 6 6 22 9 24 
45 55 39 28 56 69 56 56 68 46 
389 343 867 516 593 254 778 236 515 670 
5 5 5 5 5 5 5 6 6 6 3 3 3 3 3 3 3 3 3 3 3 3 3 3 3 3 3 3 3 8 8 8 1 1 1 1 1 1 1 1 1 1 1 1 2 2 2 2 2 2 2 2 7 7 7 7 7 7 7 7 9 9 9 9 9 9 9 9 9 9 9 0 0 0 0 0 0 0 0 0 0 0 0 0 0 0 0 3 3 3 3 3 3 3 3 3 3 3 3 3 3 3 3 3 3 3 4 4 4 4 4 4 4 4 4 4 4 4 4 2 2 2 2 2 2 2 2 0 0 0 0 0 0 0 0 0 0 0 0 0 0 0 0 9 9 9 9 9 9 9 9 9 9 9 1 1 1 1 1 1 1 1 1 1 1 1 4 4 4 4 4 4 4 4 4 4 4 4 4 6 6 6 7 7 7 7 7 7 7 7 8 8 8 5 5 5 5 5 5 5 