985
100
2
1 1 1 1 1 1 1 4 4 4 4 4 4 4 4 4 4 4 4 4 4 4 4 4 4 4 4 4 4 4 4 4 4 4 4 4 16 16 16 16 16 16 16 16 17 17 17 17 17 17 17 17 17 17 17 17 17 17 17 17 18 18 18 18 18 18 18 26 26 26 26 26 26 26 26 27 27 27 27 27 27 27 27 29 29 29 29 29 29 29 29 33 33 33 33 33 33 33 33 33 33 33 33 33 33 33 38 38 38 38 42 42 42 42 42 42 42 42 42 42 42 43 43 43 43 43 43 43 43 43 43 43 43 43 43 43 46 46 46 46 46 46 46 46 46 46 46 46 46 46 46 51 51 51 51 51 51 51 51 51 51 51 55 55 55 55 55 55 55 55 55 55 55 60 60 60 60 60 60 60 60 60 60 60 60 60 65 65 65 65 65 65 65 66 66 66 66 66 66 66 
193 194 195 196 197 198 199 173 174 175 176 177 178 179 180 181 182 183 184 185 44 45 46 47 48 49 50 51 52 53 54 55 56 57 58 59 75 76 77 78 79 80 81 82 20 21 22 23 24 25 26 27 28 29 30 31 32 33 34 35 186 187 188 189 190 191 192 83 84 85 86 87 88 89 90 36 37 38 39 40 41 42 43 67 68 69 70 71 72 73 74 136 137 138 139 140 141 142 143 144 145 146 147 148 149 150 132 133 134 135 121 122 123 124 125 126 127 128 129 130 131 110 111 112 113 114 115 116 117 118 119 120 106 107 108 109 91 92 93 94 95 96 97 98 99 100 101 102 103 104 105 162 163 164 165 166 167 168 169 170 171 172 151 152 153 154 155 156 157 158 159 160 161 7 8 9 10 11 12 13 14 15 16 17 18 19 60 61 62 63 64 65 66 0 1 2 3 4 5 6 
952 952 952 952 952 952 952 417 417 417 417 417 417 417 417 417 417 417 417 417 839 839 839 839 839 839 839 839 839 839 839 839 839 839 839 839 929 929 929 929 929 929 929 929 839 839 839 839 839 839 839 839 839 839 839 839 839 839 839 839 274 274 274 274 274 274 274 932 932 932 932 932 932 932 932 929 929 929 929 929 929 929 929 932 932 932 932 932 932 932 932 506 506 506 506 506 506 506 506 506 506 506 506 506 506 506 686 686 686 686 194 194 194 194 194 194 194 194 194 194 194 194 194 194 194 194 194 194 194 194 194 194 686 686 686 686 506 506 506 506 506 506 506 506 506 506 506 506 506 506 506 523 523 523 523 523 523 523 523 523 523 523 523 523 523 523 523 523 523 523 523 523 523 417 417 417 417 417 417 417 417 417 417 417 417 417 274 274 274 274 274 274 274 952 952 952 952 952 952 952 
0 1 2 3 4 5 6 7 8 9 10 11 12 13 14 15 16 17 18 19 20 21 22 23 24 25 26 27 28 29 30 31 32 33 34 35 36 37 38 39 40 41 42 43 20 21 22 23 24 25 26 27 28 29 30 31 32 33 34 35 44 45 46 47 48 49 50 51 52 53 54 55 56 57 58 36 37 38 39 40 41 42 43 51 52 53 54 55 56 57 58 59 60 61 62 63 64 65 66 67 68 69 70 71 72 73 74 75 76 77 78 79 80 81 82 83 84 85 86 87 88 78 79 80 81 82 83 84 85 86 87 88 74 75 76 77 59 60 61 62 63 64 65 66 67 68 69 70 71 72 73 89 90 91 92 93 94 95 96 97 98 99 89 90 91 92 93 94 95 96 97 98 99 7 8 9 10 11 12 13 14 15 16 17 18 19 44 45 46 47 48 49 50 0 1 2 3 4 5 6 
60536
10
7 11 8 7 8 13 16 11 4 15 
1 42 26 18 16 4 4 51 38 33 
66 43 29 65 27 60 17 55 43 46 
952 194 932 274 929 417 839 523 686 506 
0 0 0 0 0 0 0 5 5 5 5 5 5 5 5 5 5 5 5 5 6 6 6 6 6 6 6 6 6 6 6 6 6 6 6 6 4 4 4 4 4 4 4 4 6 6 6 6 6 6 6 6 6 6 6 6 6 6 6 6 3 3 3 3 3 3 3 2 2 2 2 2 2 2 2 4 4 4 4 4 4 4 4 2 2 2 2 2 2 2 2 9 9 9 9 9 9 9 9 9 9 9 9 9 9 9 8 8 8 8 1 1 1 1 1 1 1 1 1 1 1 1 1 1 1 1 1 1 1 1 1 1 8 8 8 8 9 9 9 9 9 9 9 9 9 9 9 9 9 9 9 7 7 7 7 7 7 7 7 7 7 7 7 7 7 7 7 7 7 7 7 7 7 5 5 5 5 5 5 5 5 5 5 5 5 5 3 3 3 3 3 3 3 0 0 0 0 0 0 0 