976
100
2
1 1 1 1 1 5 5 5 5 5 7 8 8 8 8 8 8 8 8 8 8 9 9 9 9 9 11 11 11 18 18 18 18 19 19 19 19 19 20 20 20 20 20 20 22 22 22 22 23 25 25 25 27 27 27 27 27 27 29 29 29 29 29 32 32 32 32 37 37 37 37 37 37 38 38 38 40 40 40 40 40 40 40 40 40 40 40 40 40 40 40 40 40 40 40 40 40 40 41 43 43 43 43 43 43 44 44 44 44 44 49 49 49 49 49 49 49 49 49 49 49 49 50 50 51 51 51 51 51 51 51 51 51 51 51 51 51 51 51 51 51 51 51 51 51 51 52 52 52 55 55 55 55 55 55 55 55 55 55 55 55 55 55 55 55 55 57 57 57 57 58 58 58 58 58 58 59 59 59 59 59 59 61 61 61 62 62 62 62 62 62 67 67 67 68 68 68 68 68 68 
191 192 73 74 75 21 22 23 24 25 58 149 150 151 152 170 171 172 173 174 175 5 6 7 8 9 146 147 148 59 60 61 62 105 106 107 108 109 99 100 101 102 103 104 166 167 168 169 184 153 154 155 194 195 196 197 198 199 10 29 30 31 32 162 163 164 165 110 111 112 113 114 115 2 3 4 124 125 126 127 128 129 130 131 132 133 134 135 136 137 138 139 140 141 142 143 144 145 193 38 39 40 41 42 43 33 34 35 36 37 67 68 69 70 71 72 185 186 187 188 189 190 182 183 76 77 78 79 80 81 82 83 84 85 86 87 88 89 90 91 92 93 94 95 96 97 26 27 28 11 12 13 14 49 50 51 176 177 178 179 180 181 63 64 65 66 44 45 46 47 15 16 17 18 19 20 156 157 158 159 160 161 122 123 48 116 117 118 119 120 121 0 1 98 52 53 54 55 56 57 
374 374 903 903 903 275 275 275 275 275 352 537 537 537 537 269 269 269 269 269 269 275 275 275 275 275 555 555 555 649 649 649 649 198 198 198 198 198 977 977 977 977 977 977 823 823 823 823 517 968 968 968 732 732 732 732 732 732 352 649 649 649 649 418 418 418 418 408 408 408 408 408 408 903 903 903 188 188 188 188 188 705 705 705 705 705 705 705 705 705 705 705 705 705 705 705 705 705 190 977 977 977 977 977 977 198 198 198 198 198 408 408 408 408 408 408 806 806 806 806 806 806 696 696 188 188 188 188 188 705 705 705 705 705 705 705 705 705 705 705 705 705 705 705 705 705 555 555 555 537 537 537 537 968 968 968 758 758 758 758 758 758 418 418 418 418 823 823 823 823 269 269 269 269 269 269 758 758 758 758 758 758 696 696 517 806 806 806 806 806 806 374 374 190 732 732 732 732 732 732 
0 1 2 3 4 5 6 7 8 9 10 11 12 13 14 15 16 17 18 19 20 5 6 7 8 9 21 22 23 24 25 26 27 28 29 30 31 32 33 34 35 36 37 38 39 40 41 42 43 44 45 46 47 48 49 50 51 52 10 24 25 26 27 53 54 55 56 57 58 59 60 61 62 2 3 4 63 64 65 66 67 68 69 70 71 72 73 74 75 76 77 78 79 80 81 82 83 84 85 33 34 35 36 37 38 28 29 30 31 32 57 58 59 60 61 62 86 87 88 89 90 91 92 93 63 64 65 66 67 68 69 70 71 72 73 74 75 76 77 78 79 80 81 82 83 84 21 22 23 11 12 13 14 44 45 46 94 95 96 97 98 99 53 54 55 56 39 40 41 42 15 16 17 18 19 20 94 95 96 97 98 99 92 93 43 86 87 88 89 90 91 0 1 85 47 48 49 50 51 52 
59175
22
3 5 6 4 3 6 6 1 6 5 2 3 6 4 6 1 4 4 2 5 1 17 
11 5 37 8 25 27 55 7 49 40 1 1 20 22 8 41 32 18 50 19 23 40 
52 9 49 55 55 68 59 29 62 51 67 38 43 57 58 67 55 29 61 44 61 51 
555 275 408 537 968 732 758 352 806 188 374 903 977 823 269 190 418 649 696 198 517 705 
10 10 11 11 11 1 1 1 1 1 7 3 3 3 3 14 14 14 14 14 14 1 1 1 1 1 0 0 0 17 17 17 17 19 19 19 19 19 12 12 12 12 12 12 13 13 13 13 20 4 4 4 5 5 5 5 5 5 7 17 17 17 17 16 16 16 16 2 2 2 2 2 2 11 11 11 9 9 9 9 9 21 21 21 21 21 21 21 21 21 21 21 21 21 21 21 21 21 15 12 12 12 12 12 12 19 19 19 19 19 2 2 2 2 2 2 8 8 8 8 8 8 18 18 9 9 9 9 9 21 21 21 21 21 21 21 21 21 21 21 21 21 21 21 21 21 0 0 0 3 3 3 3 4 4 4 6 6 6 6 6 6 16 16 16 16 13 13 13 13 14 14 14 14 14 14 6 6 6 6 6 6 18 18 20 8 8 8 8 8 8 10 10 15 5 5 5 5 5 5 