944
100
2
1 1 2 2 2 2 2 3 3 4 4 4 4 4 7 7 7 8 8 8 8 8 9 9 9 9 9 9 9 9 9 9 9 9 9 9 12 12 12 12 12 12 15 15 15 15 15 15 15 18 18 18 18 18 19 19 20 20 20 23 24 24 24 25 25 25 25 25 28 28 28 28 29 31 31 31 31 31 32 32 34 34 34 34 34 37 39 39 41 42 42 42 42 42 42 42 42 42 42 42 42 42 42 42 43 43 43 43 43 45 45 45 45 45 45 45 45 45 45 45 45 45 46 46 46 46 46 51 51 51 51 51 52 52 52 52 52 53 53 53 53 53 53 53 53 55 55 55 55 55 56 56 56 56 56 56 57 57 57 62 62 62 62 62 63 63 63 63 63 63 63 63 63 65 65 65 69 69 69 69 69 70 70 70 70 70 70 70 70 70 70 70 70 70 70 70 70 70 70 70 
7 8 63 64 65 66 67 0 1 164 165 166 167 168 156 157 158 22 23 24 25 26 17 18 19 20 21 109 110 111 112 127 128 129 130 131 150 151 152 153 154 155 54 55 176 177 178 179 180 80 81 82 83 84 42 43 137 138 139 72 173 174 175 2 3 4 5 6 169 170 171 172 59 122 123 124 125 126 86 87 49 50 51 52 53 88 78 79 85 185 186 187 188 189 190 191 192 193 194 195 196 197 198 199 145 146 147 148 149 27 28 29 30 181 182 183 184 140 141 142 143 144 73 74 75 76 77 31 32 33 34 35 159 160 161 162 163 56 57 58 117 118 119 120 121 104 105 106 107 108 36 37 38 39 40 41 14 15 16 132 133 134 135 136 9 10 11 12 13 68 69 70 71 60 61 62 44 45 46 47 48 113 114 115 116 89 90 91 92 93 94 95 96 97 98 99 100 101 102 103 
855 855 563 563 563 563 563 855 855 873 873 873 873 873 460 460 460 920 920 920 920 920 920 920 920 920 920 568 568 568 568 706 706 706 706 706 874 874 874 874 874 874 687 687 708 708 708 708 708 823 823 823 823 823 687 687 911 911 911 759 158 158 158 563 563 563 563 563 990 990 990 990 759 706 706 706 706 706 211 211 823 823 823 823 823 759 211 211 759 565 565 565 565 565 565 565 565 565 565 565 565 565 565 565 496 496 496 496 496 568 568 568 568 592 592 592 592 782 782 782 782 782 706 706 706 706 706 706 706 706 706 706 870 870 870 870 870 911 911 911 782 782 782 782 782 496 496 496 496 496 874 874 874 874 874 874 460 460 460 870 870 870 870 870 873 873 873 873 873 990 990 990 990 158 158 158 708 708 708 708 708 592 592 592 592 565 565 565 565 565 565 565 565 565 565 565 565 565 565 565 
0 1 2 3 4 5 6 0 1 7 8 9 10 11 12 13 14 15 16 17 18 19 15 16 17 18 19 20 21 22 23 24 25 26 27 28 29 30 31 32 33 34 35 36 37 38 39 40 41 42 43 44 45 46 35 36 47 48 49 50 51 52 53 2 3 4 5 6 54 55 56 57 50 58 59 60 61 62 63 64 42 43 44 45 46 65 63 64 65 66 67 68 69 70 71 72 73 74 75 76 77 78 79 80 81 82 83 84 85 20 21 22 23 86 87 88 89 90 91 92 93 94 58 59 60 61 62 24 25 26 27 28 95 96 97 98 99 47 48 49 90 91 92 93 94 81 82 83 84 85 29 30 31 32 33 34 12 13 14 95 96 97 98 99 7 8 9 10 11 54 55 56 57 51 52 53 37 38 39 40 41 86 87 88 89 66 67 68 69 70 71 72 73 74 75 76 77 78 79 80 
69165
23
5 2 2 3 3 5 4 6 5 5 1 5 4 5 5 5 4 5 1 3 5 2 15 
8 15 1 24 7 31 9 12 9 52 37 4 45 18 15 2 28 43 23 20 45 32 42 
9 19 3 65 57 46 45 56 51 62 41 63 70 34 69 25 63 55 29 53 53 39 70 
920 687 855 158 460 706 568 874 706 870 759 873 592 823 708 563 990 496 759 911 782 211 565 
2 2 15 15 15 15 15 2 2 11 11 11 11 11 4 4 4 0 0 0 0 0 0 0 0 0 0 6 6 6 6 8 8 8 8 8 7 7 7 7 7 7 1 1 14 14 14 14 14 13 13 13 13 13 1 1 19 19 19 18 3 3 3 15 15 15 15 15 16 16 16 16 18 5 5 5 5 5 21 21 13 13 13 13 13 10 21 21 10 22 22 22 22 22 22 22 22 22 22 22 22 22 22 22 17 17 17 17 17 6 6 6 6 12 12 12 12 20 20 20 20 20 5 5 5 5 5 8 8 8 8 8 9 9 9 9 9 19 19 19 20 20 20 20 20 17 17 17 17 17 7 7 7 7 7 7 4 4 4 9 9 9 9 9 11 11 11 11 11 16 16 16 16 3 3 3 14 14 14 14 14 12 12 12 12 22 22 22 22 22 22 22 22 22 22 22 22 22 22 22 