585
100
2
5 7 7 7 7 7 8 8 8 8 8 10 10 10 10 10 10 10 10 13 13 13 14 14 14 14 14 14 14 14 15 15 15 15 16 16 16 16 19 19 19 19 19 19 19 19 19 19 19 19 19 19 19 19 19 19 19 20 20 20 20 22 22 22 22 22 24 24 24 24 24 24 24 24 24 24 24 24 24 24 24 24 24 24 25 25 25 25 25 26 26 26 27 27 27 27 27 27 27 27 27 27 27 28 28 28 28 28 28 28 28 28 29 29 29 29 30 30 30 30 30 30 30 30 30 30 30 34 34 34 35 35 35 35 35 37 37 37 38 38 39 39 39 39 39 39 39 42 42 42 42 42 43 43 45 45 46 46 46 46 46 46 48 48 48 48 48 48 48 49 49 49 49 49 49 49 49 49 49 49 49 60 63 63 63 63 63 63 64 64 66 66 66 66 66 68 68 68 70 70 
30 169 170 171 172 173 61 62 63 64 65 34 35 36 37 60 135 136 137 38 39 40 162 163 164 165 108 109 110 111 0 127 128 129 11 12 13 14 19 20 21 68 69 70 71 72 73 74 75 76 77 78 79 80 81 82 83 89 90 91 15 6 7 8 9 10 146 126 41 42 43 44 45 46 47 48 49 50 51 52 53 54 55 56 98 99 100 101 102 57 58 59 140 141 142 143 144 145 84 85 86 87 88 183 184 185 186 187 26 27 28 29 116 117 118 119 112 113 114 115 156 157 158 159 160 161 67 31 32 33 176 177 178 179 180 16 17 18 152 153 92 93 94 95 96 97 66 190 191 192 193 194 138 139 198 199 120 121 122 123 124 125 22 23 24 25 195 196 197 1 2 3 4 5 188 189 130 131 132 133 134 182 181 103 104 105 106 107 174 175 147 148 149 150 151 166 167 168 154 155 
354 537 537 537 537 537 270 270 270 270 270 353 353 353 353 973 681 681 681 950 950 950 548 548 548 548 970 970 970 970 354 913 913 913 353 353 353 353 950 950 950 845 845 845 845 845 845 845 845 845 845 845 845 845 845 845 845 911 911 911 973 270 270 270 270 270 631 839 845 845 845 845 845 845 845 845 845 845 845 845 845 845 845 845 516 516 516 516 516 911 911 911 969 969 969 969 969 969 516 516 516 516 516 467 467 467 467 467 970 970 970 970 518 518 518 518 518 518 518 518 812 812 812 812 812 812 839 913 913 913 886 886 886 886 886 681 681 681 518 518 969 969 969 969 969 969 631 408 408 408 408 408 518 518 211 211 812 812 812 812 812 812 548 548 548 548 375 375 375 537 537 537 537 537 170 170 886 886 886 886 886 793 793 467 467 467 467 467 170 170 408 408 408 408 408 375 375 375 211 211 
0 1 2 3 4 5 6 7 8 9 10 11 12 13 14 15 16 17 18 19 20 21 22 23 24 25 26 27 28 29 0 30 31 32 11 12 13 14 19 20 21 33 34 35 36 37 38 39 40 41 42 43 44 45 46 47 48 49 50 51 15 6 7 8 9 10 52 53 33 34 35 36 37 38 39 40 41 42 43 44 45 46 47 48 54 55 56 57 58 49 50 51 59 60 61 62 63 64 54 55 56 57 58 65 66 67 68 69 26 27 28 29 70 71 72 73 70 71 72 73 74 75 76 77 78 79 53 30 31 32 80 81 82 83 84 16 17 18 85 86 59 60 61 62 63 64 52 87 88 89 90 91 85 86 92 93 74 75 76 77 78 79 22 23 24 25 94 95 96 1 2 3 4 5 97 98 80 81 82 83 84 99 99 65 66 67 68 69 97 98 87 88 89 90 91 94 95 96 92 93 
66060
26
1 4 5 3 4 6 5 1 2 4 5 2 3 6 1 1 5 5 3 3 3 5 1 2 4 16 
5 10 8 13 14 27 7 60 45 29 28 49 20 30 10 24 25 35 15 10 48 42 24 38 14 19 
15 16 22 19 48 39 49 63 70 30 63 64 26 46 20 39 27 49 34 37 68 66 30 43 28 24 
354 353 270 950 548 969 537 793 211 518 467 170 911 812 973 631 516 886 913 681 375 408 839 518 970 845 
0 6 6 6 6 6 2 2 2 2 2 1 1 1 1 14 19 19 19 3 3 3 4 4 4 4 24 24 24 24 0 18 18 18 1 1 1 1 3 3 3 25 25 25 25 25 25 25 25 25 25 25 25 25 25 25 25 12 12 12 14 2 2 2 2 2 15 22 25 25 25 25 25 25 25 25 25 25 25 25 25 25 25 25 16 16 16 16 16 12 12 12 5 5 5 5 5 5 16 16 16 16 16 10 10 10 10 10 24 24 24 24 9 9 9 9 9 9 9 9 13 13 13 13 13 13 22 18 18 18 17 17 17 17 17 19 19 19 23 23 5 5 5 5 5 5 15 21 21 21 21 21 23 23 8 8 13 13 13 13 13 13 4 4 4 4 20 20 20 6 6 6 6 6 11 11 17 17 17 17 17 7 7 10 10 10 10 10 11 11 21 21 21 21 21 20 20 20 8 8 