906
100
2
2 2 2 2 2 2 3 3 3 3 3 3 3 3 3 3 3 3 3 3 3 3 3 3 3 3 3 3 3 3 3 4 4 4 4 4 6 6 6 6 6 6 6 6 6 6 6 7 7 7 7 7 7 7 7 7 7 7 7 7 9 9 9 9 9 12 12 12 12 12 12 12 12 12 12 12 12 12 12 12 12 12 14 14 16 16 16 16 19 19 19 19 20 20 20 20 20 20 25 26 26 27 27 27 27 27 29 31 31 31 32 37 37 37 37 37 37 37 37 37 37 37 38 38 38 38 38 38 38 38 39 39 39 39 39 45 45 45 45 45 45 46 46 46 46 46 46 46 48 49 49 49 49 49 51 51 51 51 52 53 53 53 56 56 56 56 56 56 56 56 57 57 57 57 57 57 58 58 59 59 59 65 65 65 65 65 66 66 66 66 66 68 68 68 68 68 68 68 68 68 
135 136 137 138 139 140 170 171 172 173 174 175 84 85 65 66 67 68 69 70 71 72 73 74 75 76 77 78 79 80 81 178 179 180 168 169 54 55 56 57 58 59 149 150 151 152 153 111 112 113 114 115 116 194 36 37 38 39 40 41 181 182 183 184 185 14 15 16 17 18 19 20 21 22 23 24 25 26 27 28 29 30 176 177 12 13 128 129 144 145 146 147 122 123 124 125 126 127 158 160 161 191 192 193 162 163 110 141 142 143 106 47 48 49 50 51 52 186 187 188 189 190 92 93 94 95 96 97 86 87 195 196 197 198 199 0 1 2 3 4 5 107 108 109 88 89 90 91 159 42 43 44 45 46 164 165 166 167 98 148 99 100 104 105 154 155 156 157 34 35 6 7 8 9 10 11 82 83 31 32 33 60 61 62 63 64 117 118 119 120 121 101 102 103 53 130 131 132 133 134 
575 575 575 575 575 575 682 682 682 682 682 682 756 756 579 579 579 579 579 579 579 579 579 579 579 579 579 579 579 579 579 363 363 363 437 437 726 726 726 726 726 726 279 279 279 279 279 487 487 487 487 487 487 360 726 726 726 726 726 726 382 382 382 382 382 579 579 579 579 579 579 579 579 579 579 579 579 579 579 579 579 579 596 596 756 756 490 490 502 502 502 502 422 422 422 422 422 422 403 359 359 361 361 361 995 995 566 809 809 809 566 487 487 487 487 487 487 838 838 838 838 838 422 422 422 422 422 422 490 490 206 206 206 206 206 575 575 575 575 575 575 809 809 809 502 502 502 502 196 279 279 279 279 279 465 465 465 465 403 196 359 359 995 995 465 465 465 465 437 437 682 682 682 682 682 682 596 596 363 363 363 382 382 382 382 382 838 838 838 838 838 361 361 361 360 206 206 206 206 206 
0 1 2 3 4 5 6 7 8 9 10 11 12 13 14 15 16 17 18 19 20 21 22 23 24 25 26 27 28 29 30 31 32 33 34 35 36 37 38 39 40 41 42 43 44 45 46 47 48 49 50 51 52 53 36 37 38 39 40 41 54 55 56 57 58 14 15 16 17 18 19 20 21 22 23 24 25 26 27 28 29 30 59 60 12 13 61 62 63 64 65 66 67 68 69 70 71 72 73 74 75 76 77 78 79 80 81 82 83 84 81 47 48 49 50 51 52 85 86 87 88 89 67 68 69 70 71 72 61 62 90 91 92 93 94 0 1 2 3 4 5 82 83 84 63 64 65 66 95 42 43 44 45 46 96 97 98 99 73 95 74 75 79 80 96 97 98 99 34 35 6 7 8 9 10 11 59 60 31 32 33 54 55 56 57 58 85 86 87 88 89 76 77 78 53 90 91 92 93 94 
52978
25
3 4 3 3 6 2 1 6 6 1 1 2 4 2 6 5 2 5 6 2 1 5 5 2 17 
31 19 27 4 7 14 25 2 3 7 29 27 51 3 6 6 4 39 20 16 48 9 37 26 3 
46 46 68 59 37 58 52 45 57 68 32 56 56 16 7 49 56 68 38 38 53 65 66 53 12 
809 502 361 363 487 596 403 575 682 360 566 995 465 756 726 279 437 206 422 490 196 382 838 359 579 
7 7 7 7 7 7 8 8 8 8 8 8 13 13 24 24 24 24 24 24 24 24 24 24 24 24 24 24 24 24 24 3 3 3 16 16 14 14 14 14 14 14 15 15 15 15 15 4 4 4 4 4 4 9 14 14 14 14 14 14 21 21 21 21 21 24 24 24 24 24 24 24 24 24 24 24 24 24 24 24 24 24 5 5 13 13 19 19 1 1 1 1 18 18 18 18 18 18 6 23 23 2 2 2 11 11 10 0 0 0 10 4 4 4 4 4 4 22 22 22 22 22 18 18 18 18 18 18 19 19 17 17 17 17 17 7 7 7 7 7 7 0 0 0 1 1 1 1 20 15 15 15 15 15 12 12 12 12 6 20 23 23 11 11 12 12 12 12 16 16 8 8 8 8 8 8 5 5 3 3 3 21 21 21 21 21 22 22 22 22 22 2 2 2 9 17 17 17 17 17 