519
100
2
4 4 4 4 5 5 7 7 7 7 9 9 9 9 9 9 10 10 10 10 10 11 11 11 11 11 12 12 12 12 12 12 12 12 12 12 12 12 12 12 12 14 16 16 16 16 16 21 21 21 21 21 23 23 23 23 23 23 27 27 27 27 27 28 28 28 28 28 28 28 28 28 28 28 28 28 28 28 28 31 33 33 33 33 33 33 36 36 36 36 36 36 36 36 36 36 36 36 36 37 37 38 38 38 38 38 38 38 40 40 40 41 41 41 41 41 41 41 42 42 44 44 44 44 44 44 45 45 45 45 45 45 45 45 45 45 45 46 46 46 46 46 47 47 47 47 50 50 50 50 50 50 50 53 53 53 53 53 53 54 54 54 54 54 54 55 55 55 55 55 55 55 55 55 55 55 55 55 55 60 60 60 60 60 60 60 60 60 60 61 61 61 61 61 61 64 64 64 69 69 
142 143 144 145 99 100 118 119 198 199 101 102 103 104 105 106 92 93 94 95 96 137 138 139 140 141 41 65 66 67 68 69 70 71 72 73 74 75 76 77 78 26 47 48 49 50 51 42 43 44 45 46 131 132 133 134 135 136 126 127 128 129 130 97 98 27 28 29 30 31 32 33 34 35 36 37 38 39 40 107 86 87 88 89 90 91 80 81 82 83 84 85 16 17 18 19 20 63 64 4 5 10 11 12 13 14 15 79 195 196 197 172 173 174 175 176 177 178 6 7 189 190 191 192 193 194 58 59 60 61 62 52 53 54 55 56 57 21 22 23 24 25 0 1 2 3 165 166 167 168 169 170 171 159 160 161 162 163 164 153 154 155 156 157 158 146 147 148 149 150 151 152 111 112 113 114 115 116 117 180 179 182 181 184 183 186 185 188 187 120 121 122 123 124 125 108 109 110 8 9 
209 209 209 209 857 857 344 344 900 900 591 591 591 591 591 591 989 989 989 989 989 473 473 473 473 473 473 842 842 842 842 842 842 842 842 842 842 842 842 842 842 473 841 841 841 841 841 841 841 841 841 841 906 906 906 906 906 906 911 911 911 911 911 338 338 842 842 842 842 842 842 842 842 842 842 842 842 842 842 918 908 908 908 908 908 908 908 908 908 908 908 908 989 989 989 989 989 338 338 857 857 591 591 591 591 591 591 918 417 417 417 887 887 887 887 887 887 887 344 344 823 823 823 823 823 823 911 911 911 911 911 906 906 906 906 906 906 473 473 473 473 473 209 209 209 209 403 403 403 403 403 403 403 954 954 954 954 954 954 954 954 954 954 954 954 403 403 403 403 403 403 403 887 887 887 887 887 887 887 223 223 223 223 223 223 223 223 223 223 823 823 823 823 823 823 417 417 417 900 900 
0 1 2 3 4 5 6 7 8 9 10 11 12 13 14 15 16 17 18 19 20 21 22 23 24 25 26 27 28 29 30 31 32 33 34 35 36 37 38 39 40 26 41 42 43 44 45 41 42 43 44 45 46 47 48 49 50 51 52 53 54 55 56 57 58 27 28 29 30 31 32 33 34 35 36 37 38 39 40 59 60 61 62 63 64 65 60 61 62 63 64 65 16 17 18 19 20 57 58 4 5 10 11 12 13 14 15 59 66 67 68 69 70 71 72 73 74 75 6 7 76 77 78 79 80 81 52 53 54 55 56 46 47 48 49 50 51 21 22 23 24 25 0 1 2 3 82 83 84 85 86 87 88 89 90 91 92 93 94 89 90 91 92 93 94 82 83 84 85 86 87 88 69 70 71 72 73 74 75 95 95 96 96 97 97 98 98 99 99 76 77 78 79 80 81 66 67 68 8 9 
71451
21
5 6 3 6 5 5 6 7 5 7 5 6 2 2 2 1 6 2 1 4 14 
27 44 40 9 16 60 33 50 11 41 10 53 7 7 5 12 23 28 31 4 12 
45 61 64 38 21 60 36 55 46 55 36 54 42 69 37 14 45 36 38 47 28 
911 823 417 591 841 223 908 403 473 887 989 954 344 900 857 473 906 338 918 209 842 
19 19 19 19 14 14 12 12 13 13 3 3 3 3 3 3 10 10 10 10 10 8 8 8 8 8 15 20 20 20 20 20 20 20 20 20 20 20 20 20 20 15 4 4 4 4 4 4 4 4 4 4 16 16 16 16 16 16 0 0 0 0 0 17 17 20 20 20 20 20 20 20 20 20 20 20 20 20 20 18 6 6 6 6 6 6 6 6 6 6 6 6 10 10 10 10 10 17 17 14 14 3 3 3 3 3 3 18 2 2 2 9 9 9 9 9 9 9 12 12 1 1 1 1 1 1 0 0 0 0 0 16 16 16 16 16 16 8 8 8 8 8 19 19 19 19 7 7 7 7 7 7 7 11 11 11 11 11 11 11 11 11 11 11 11 7 7 7 7 7 7 7 9 9 9 9 9 9 9 5 5 5 5 5 5 5 5 5 5 1 1 1 1 1 1 2 2 2 13 13 