890
100
2
5 5 5 5 5 5 5 5 5 5 5 5 5 5 6 6 6 6 6 6 6 6 6 6 6 6 9 9 9 9 9 9 11 11 11 14 14 14 14 14 14 15 15 15 15 15 15 15 15 18 18 18 18 18 18 18 18 18 18 18 18 18 18 20 20 20 20 20 20 20 20 20 20 22 22 22 22 22 22 22 22 22 22 22 22 22 22 23 23 25 25 26 26 26 26 26 26 29 29 29 31 31 31 31 31 31 31 31 31 31 31 31 34 34 36 36 36 36 36 36 36 36 36 36 36 38 38 38 38 38 38 38 38 38 39 39 39 39 39 39 39 39 39 40 40 40 40 40 40 40 40 40 40 46 46 46 46 46 46 46 46 46 46 46 46 46 46 46 46 46 46 46 46 46 46 48 48 48 48 48 48 48 49 49 49 49 49 49 53 53 53 53 53 53 53 54 54 54 54 54 
41 42 43 114 115 116 117 118 119 120 121 122 123 124 163 164 165 166 167 168 169 170 171 172 173 174 182 183 184 185 186 187 97 98 99 91 92 93 94 95 96 0 1 2 195 196 197 198 199 73 74 75 76 77 78 79 80 81 82 83 84 85 86 153 154 155 156 157 158 159 160 161 162 49 50 51 52 53 54 55 56 57 58 59 60 61 62 110 111 112 113 35 36 37 38 39 40 32 33 34 143 144 145 146 147 148 149 150 151 152 87 88 89 90 3 4 5 6 7 8 9 10 11 12 13 134 135 136 137 138 139 140 141 142 125 126 127 128 129 130 131 132 133 100 101 102 103 104 105 106 107 108 109 63 64 65 66 67 68 69 70 71 72 14 15 16 17 18 19 20 21 22 23 24 25 188 189 190 191 192 193 194 26 27 28 29 30 31 175 176 177 178 179 180 181 44 45 46 47 48 
457 457 457 719 719 719 719 719 719 719 719 719 719 719 440 440 440 440 440 440 440 440 440 440 440 440 543 543 543 543 543 543 483 483 483 502 502 502 502 502 502 457 457 457 842 842 842 842 842 540 540 540 540 540 540 540 540 540 540 540 540 540 540 870 870 870 870 870 870 870 870 870 870 540 540 540 540 540 540 540 540 540 540 540 540 540 540 991 991 389 389 502 502 502 502 502 502 483 483 483 541 541 541 541 541 541 541 541 541 541 991 991 389 389 719 719 719 719 719 719 719 719 719 719 719 999 999 999 999 999 999 999 999 999 999 999 999 999 999 999 999 999 999 541 541 541 541 541 541 541 541 541 541 870 870 870 870 870 870 870 870 870 870 440 440 440 440 440 440 440 440 440 440 440 440 183 183 183 183 183 183 183 543 543 543 543 543 543 183 183 183 183 183 183 183 842 842 842 842 842 
0 1 2 3 4 5 6 7 8 9 10 11 12 13 14 15 16 17 18 19 20 21 22 23 24 25 26 27 28 29 30 31 32 33 34 35 36 37 38 39 40 0 1 2 41 42 43 44 45 46 47 48 49 50 51 52 53 54 55 56 57 58 59 60 61 62 63 64 65 66 67 68 69 46 47 48 49 50 51 52 53 54 55 56 57 58 59 70 71 72 73 35 36 37 38 39 40 32 33 34 74 75 76 77 78 79 80 81 82 83 70 71 72 73 3 4 5 6 7 8 9 10 11 12 13 84 85 86 87 88 89 90 91 92 84 85 86 87 88 89 90 91 92 74 75 76 77 78 79 80 81 82 83 60 61 62 63 64 65 66 67 68 69 14 15 16 17 18 19 20 21 22 23 24 25 93 94 95 96 97 98 99 26 27 28 29 30 31 93 94 95 96 97 98 99 41 42 43 44 45 
61191
14
3 11 9 6 2 10 7 10 12 3 2 5 6 14 
5 5 38 9 25 31 48 20 6 11 23 15 14 18 
15 36 39 49 34 40 53 46 46 29 31 54 26 22 
457 719 999 543 389 541 183 870 440 483 991 842 502 540 
0 0 0 1 1 1 1 1 1 1 1 1 1 1 8 8 8 8 8 8 8 8 8 8 8 8 3 3 3 3 3 3 9 9 9 12 12 12 12 12 12 0 0 0 11 11 11 11 11 13 13 13 13 13 13 13 13 13 13 13 13 13 13 7 7 7 7 7 7 7 7 7 7 13 13 13 13 13 13 13 13 13 13 13 13 13 13 10 10 4 4 12 12 12 12 12 12 9 9 9 5 5 5 5 5 5 5 5 5 5 10 10 4 4 1 1 1 1 1 1 1 1 1 1 1 2 2 2 2 2 2 2 2 2 2 2 2 2 2 2 2 2 2 5 5 5 5 5 5 5 5 5 5 7 7 7 7 7 7 7 7 7 7 8 8 8 8 8 8 8 8 8 8 8 8 6 6 6 6 6 6 6 3 3 3 3 3 3 6 6 6 6 6 6 6 11 11 11 11 11 