102
100
2
1 1 1 1 2 2 2 2 4 4 4 4 4 11 11 11 11 11 11 12 12 12 12 12 14 14 14 14 14 17 17 17 17 19 19 19 19 19 19 20 20 20 21 21 21 23 23 23 23 23 23 24 24 24 24 28 28 28 28 28 30 32 32 32 32 32 32 32 32 32 32 32 32 32 32 32 32 32 33 33 33 33 33 33 33 33 33 34 34 34 34 36 36 36 37 37 37 37 37 37 37 37 37 37 38 38 38 38 38 38 38 38 40 40 41 41 41 41 41 41 41 41 41 42 42 42 42 42 42 42 42 43 43 43 43 43 43 43 43 43 43 45 45 45 45 48 48 48 48 48 48 48 48 48 48 51 53 53 53 54 54 55 58 58 58 61 61 61 61 65 65 65 65 65 65 66 66 66 66 66 66 66 66 66 66 66 66 66 66 66 66 66 68 68 68 68 68 70 70 70 
100 101 102 103 119 120 121 122 123 124 125 126 127 169 170 171 172 173 174 95 96 97 98 99 87 88 89 90 94 104 105 106 107 131 132 133 134 135 136 162 163 164 128 129 130 78 79 80 81 82 83 137 138 139 140 108 109 110 111 155 161 165 166 167 168 179 180 181 182 183 184 185 186 187 188 189 190 191 45 46 47 48 49 50 156 157 158 24 25 26 27 197 198 199 28 19 20 21 22 23 0 1 2 3 29 30 31 32 55 56 57 58 159 160 192 193 194 195 196 4 5 6 7 8 9 10 11 12 42 43 44 33 34 35 36 37 38 51 52 53 54 175 176 177 178 146 145 148 147 150 149 152 151 154 153 59 84 85 86 112 113 60 39 40 41 61 62 63 64 13 14 15 16 17 18 141 142 143 144 65 66 67 68 69 70 71 72 73 74 75 76 77 114 115 116 117 118 91 92 93 
362 362 362 362 983 983 983 983 265 265 265 265 265 922 922 922 922 922 922 398 398 398 398 398 642 642 642 642 817 679 679 679 679 222 222 222 222 222 222 957 957 957 534 534 534 708 708 708 708 708 708 765 765 765 765 909 909 909 909 714 857 216 216 216 216 671 671 671 671 671 671 671 671 671 671 671 671 671 708 708 708 708 708 708 620 620 620 642 642 642 642 668 668 668 817 398 398 398 398 398 362 362 362 362 679 679 679 679 909 909 909 909 164 164 811 811 811 811 811 983 983 983 983 265 265 265 265 265 534 534 534 222 222 222 222 222 222 765 765 765 765 866 866 866 866 705 705 705 705 705 705 705 705 705 705 714 620 620 620 164 164 857 957 957 957 216 216 216 216 922 922 922 922 922 922 866 866 866 866 671 671 671 671 671 671 671 671 671 671 671 671 671 811 811 811 811 811 668 668 668 
0 1 2 3 4 5 6 7 8 9 10 11 12 13 14 15 16 17 18 19 20 21 22 23 24 25 26 27 28 29 30 31 32 33 34 35 36 37 38 39 40 41 42 43 44 45 46 47 48 49 50 51 52 53 54 55 56 57 58 59 60 61 62 63 64 65 66 67 68 69 70 71 72 73 74 75 76 77 45 46 47 48 49 50 78 79 80 24 25 26 27 81 82 83 28 19 20 21 22 23 0 1 2 3 29 30 31 32 55 56 57 58 84 85 86 87 88 89 90 4 5 6 7 8 9 10 11 12 42 43 44 33 34 35 36 37 38 51 52 53 54 91 92 93 94 95 95 96 96 97 97 98 98 99 99 59 78 79 80 84 85 60 39 40 41 61 62 63 64 13 14 15 16 17 18 91 92 93 94 65 66 67 68 69 70 71 72 73 74 75 76 77 86 87 88 89 90 81 82 83 
63471
24
4 2 6 3 4 5 5 4 5 4 6 6 3 4 3 4 1 5 4 1 1 3 4 13 
17 40 19 36 45 48 41 14 4 24 11 23 20 28 33 32 14 12 1 30 28 21 2 32 
38 54 43 70 66 48 68 34 42 43 65 33 58 38 53 61 37 37 37 55 51 42 41 66 
679 164 222 668 866 705 811 642 265 765 922 708 957 909 620 216 817 398 362 857 714 534 983 671 
18 18 18 18 22 22 22 22 8 8 8 8 8 10 10 10 10 10 10 17 17 17 17 17 7 7 7 7 16 0 0 0 0 2 2 2 2 2 2 12 12 12 21 21 21 11 11 11 11 11 11 9 9 9 9 13 13 13 13 20 19 15 15 15 15 23 23 23 23 23 23 23 23 23 23 23 23 23 11 11 11 11 11 11 14 14 14 7 7 7 7 3 3 3 16 17 17 17 17 17 18 18 18 18 0 0 0 0 13 13 13 13 1 1 6 6 6 6 6 22 22 22 22 8 8 8 8 8 21 21 21 2 2 2 2 2 2 9 9 9 9 4 4 4 4 5 5 5 5 5 5 5 5 5 5 20 14 14 14 1 1 19 12 12 12 15 15 15 15 10 10 10 10 10 10 4 4 4 4 23 23 23 23 23 23 23 23 23 23 23 23 23 6 6 6 6 6 3 3 3 