639
100
2
3 3 3 3 7 7 7 7 9 9 9 9 9 9 9 9 9 9 10 10 13 13 15 15 15 15 15 21 21 21 21 21 21 21 21 21 21 22 22 22 22 22 22 22 22 29 29 29 29 29 30 30 30 30 30 30 30 30 33 33 33 33 33 33 33 33 35 35 35 35 35 35 35 35 44 44 44 44 44 44 44 44 44 44 44 45 45 45 45 45 45 45 45 45 45 45 45 45 45 45 45 47 47 47 47 47 47 47 47 47 47 47 47 47 56 56 56 56 56 56 56 56 56 56 56 56 56 56 57 57 57 57 57 57 57 57 57 57 57 57 57 57 58 58 58 58 58 58 58 58 58 58 58 58 58 58 58 58 58 58 58 59 59 59 59 59 59 59 59 59 59 61 61 61 61 61 61 61 61 61 61 61 61 63 63 65 65 65 65 65 69 69 69 69 69 69 69 69 69 69 
4 5 6 7 0 1 2 3 114 115 116 117 118 119 120 121 122 123 20 21 18 19 45 46 47 48 49 161 162 163 164 165 166 167 168 169 170 66 67 68 69 70 71 72 73 22 23 24 25 26 58 59 60 61 62 63 64 65 50 51 52 53 54 55 56 57 37 38 39 40 41 42 43 44 103 104 105 106 107 108 109 110 111 112 113 124 125 126 127 171 172 173 174 175 176 177 178 179 180 181 182 183 184 74 75 76 77 78 79 80 81 82 83 84 8 9 10 11 12 13 14 15 16 17 85 86 87 88 185 186 187 188 189 152 153 154 155 156 157 158 159 160 190 191 192 193 194 195 196 197 198 199 133 134 135 136 137 138 139 140 141 27 28 29 30 31 32 33 34 35 36 89 90 91 92 93 94 95 96 97 98 99 100 101 102 128 129 130 131 132 142 143 144 145 146 147 148 149 150 151 
203 203 203 203 203 203 203 203 652 652 652 652 652 652 652 652 652 652 814 814 814 814 940 940 940 940 940 675 675 675 675 675 675 675 675 675 675 158 158 158 158 158 158 158 158 940 940 940 940 940 419 419 419 419 419 419 419 419 419 419 419 419 419 419 419 419 158 158 158 158 158 158 158 158 667 667 667 667 667 667 667 667 667 667 667 970 970 970 970 737 737 737 737 737 737 737 737 737 737 737 737 711 711 667 667 667 667 667 667 667 667 667 667 667 652 652 652 652 652 652 652 652 652 652 970 970 970 970 446 446 446 446 446 236 236 236 236 236 236 236 236 236 269 269 269 269 269 269 269 269 269 269 236 236 236 236 236 236 236 236 236 675 675 675 675 675 675 675 675 675 675 737 737 737 737 737 737 737 737 737 737 737 737 711 711 446 446 446 446 446 269 269 269 269 269 269 269 269 269 269 
0 1 2 3 0 1 2 3 4 5 6 7 8 9 10 11 12 13 14 15 14 15 16 17 18 19 20 21 22 23 24 25 26 27 28 29 30 31 32 33 34 35 36 37 38 16 17 18 19 20 39 40 41 42 43 44 45 46 39 40 41 42 43 44 45 46 31 32 33 34 35 36 37 38 47 48 49 50 51 52 53 54 55 56 57 58 59 60 61 62 63 64 65 66 67 68 69 70 71 72 73 74 75 47 48 49 50 51 52 53 54 55 56 57 4 5 6 7 8 9 10 11 12 13 58 59 60 61 76 77 78 79 80 81 82 83 84 85 86 87 88 89 90 91 92 93 94 95 96 97 98 99 81 82 83 84 85 86 87 88 89 21 22 23 24 25 26 27 28 29 30 62 63 64 65 66 67 68 69 70 71 72 73 74 75 76 77 78 79 80 90 91 92 93 94 95 96 97 98 99 
53553
14
10 2 5 5 10 11 10 4 2 4 8 9 8 12 
58 47 57 15 9 44 21 45 10 3 30 57 22 45 
69 63 65 29 56 47 59 56 13 7 33 58 35 61 
269 711 446 940 652 667 675 970 814 203 419 236 158 737 
9 9 9 9 9 9 9 9 4 4 4 4 4 4 4 4 4 4 8 8 8 8 3 3 3 3 3 6 6 6 6 6 6 6 6 6 6 12 12 12 12 12 12 12 12 3 3 3 3 3 10 10 10 10 10 10 10 10 10 10 10 10 10 10 10 10 12 12 12 12 12 12 12 12 5 5 5 5 5 5 5 5 5 5 5 7 7 7 7 13 13 13 13 13 13 13 13 13 13 13 13 1 1 5 5 5 5 5 5 5 5 5 5 5 4 4 4 4 4 4 4 4 4 4 7 7 7 7 2 2 2 2 2 11 11 11 11 11 11 11 11 11 0 0 0 0 0 0 0 0 0 0 11 11 11 11 11 11 11 11 11 6 6 6 6 6 6 6 6 6 6 13 13 13 13 13 13 13 13 13 13 13 13 1 1 2 2 2 2 2 0 0 0 0 0 0 0 0 0 0 