915
100
2
1 1 1 1 5 5 5 5 5 5 5 5 9 9 9 9 9 9 9 9 9 9 9 9 9 9 9 12 12 12 12 23 23 23 23 23 24 24 24 24 24 24 24 24 24 24 24 25 25 25 25 25 25 25 25 25 25 25 25 25 25 25 25 25 25 25 25 25 25 31 31 31 31 31 31 31 31 31 31 31 32 32 32 32 32 32 32 32 36 36 36 36 36 36 36 36 36 38 38 38 38 38 38 38 38 38 42 42 42 42 42 42 42 42 42 46 46 46 46 46 46 46 46 46 46 46 46 46 47 47 47 47 47 47 47 47 47 47 47 47 47 48 48 48 48 48 48 48 48 48 48 48 48 48 48 48 49 49 49 49 51 51 51 51 51 51 51 51 51 53 53 53 53 54 54 54 54 57 57 57 57 57 57 57 57 57 57 57 63 63 63 63 63 64 64 64 64 64 64 64 
156 157 158 159 80 81 82 83 84 85 86 87 54 55 56 57 58 59 60 61 62 63 64 65 66 67 68 141 142 143 144 188 189 190 191 192 177 178 179 180 181 182 183 184 185 186 187 193 194 195 196 197 198 199 12 13 14 15 16 17 18 19 20 21 22 23 24 25 26 145 146 147 148 149 150 151 152 153 154 155 4 5 6 7 8 9 10 11 160 161 162 163 164 165 166 167 168 106 107 108 109 110 111 112 113 114 97 98 99 100 101 102 103 104 105 128 129 130 131 132 133 134 135 136 137 138 139 140 115 116 117 118 119 120 121 122 123 124 125 126 127 27 28 29 30 69 70 71 72 73 74 75 76 77 78 79 0 1 2 3 88 89 90 91 92 93 94 95 96 173 174 175 176 169 170 171 172 36 37 38 39 40 41 42 43 44 45 46 31 32 33 34 35 47 48 49 50 51 52 53 
271 271 271 271 465 465 465 465 465 465 465 465 635 635 635 635 635 635 635 635 635 635 635 635 635 635 635 896 896 896 896 251 251 251 251 251 288 288 288 288 288 288 288 288 288 288 288 633 633 633 633 633 633 633 635 635 635 635 635 635 635 635 635 635 635 635 635 635 635 823 823 823 823 823 823 823 823 823 823 823 465 465 465 465 465 465 465 465 773 773 773 773 773 773 773 773 773 662 662 662 662 662 662 662 662 662 662 662 662 662 662 662 662 662 662 279 279 279 279 279 279 279 279 279 279 279 279 279 279 279 279 279 279 279 279 279 279 279 279 279 279 896 896 896 896 823 823 823 823 823 823 823 823 823 823 823 271 271 271 271 773 773 773 773 773 773 773 773 773 958 958 958 958 958 958 958 958 288 288 288 288 288 288 288 288 288 288 288 251 251 251 251 251 633 633 633 633 633 633 633 
0 1 2 3 4 5 6 7 8 9 10 11 12 13 14 15 16 17 18 19 20 21 22 23 24 25 26 27 28 29 30 31 32 33 34 35 36 37 38 39 40 41 42 43 44 45 46 47 48 49 50 51 52 53 12 13 14 15 16 17 18 19 20 21 22 23 24 25 26 54 55 56 57 58 59 60 61 62 63 64 4 5 6 7 8 9 10 11 65 66 67 68 69 70 71 72 73 74 75 76 77 78 79 80 81 82 74 75 76 77 78 79 80 81 82 83 84 85 86 87 88 89 90 91 92 93 94 95 83 84 85 86 87 88 89 90 91 92 93 94 95 27 28 29 30 54 55 56 57 58 59 60 61 62 63 64 0 1 2 3 65 66 67 68 69 70 71 72 73 96 97 98 99 96 97 98 99 36 37 38 39 40 41 42 43 44 45 46 31 32 33 34 35 47 48 49 50 51 52 53 
56194
12
11 13 4 9 4 7 8 11 9 4 5 15 
24 46 12 36 53 25 5 31 38 1 23 9 
57 47 48 51 54 64 32 48 42 49 63 25 
288 279 896 773 958 633 465 823 662 271 251 635 
9 9 9 9 6 6 6 6 6 6 6 6 11 11 11 11 11 11 11 11 11 11 11 11 11 11 11 2 2 2 2 10 10 10 10 10 0 0 0 0 0 0 0 0 0 0 0 5 5 5 5 5 5 5 11 11 11 11 11 11 11 11 11 11 11 11 11 11 11 7 7 7 7 7 7 7 7 7 7 7 6 6 6 6 6 6 6 6 3 3 3 3 3 3 3 3 3 8 8 8 8 8 8 8 8 8 8 8 8 8 8 8 8 8 8 1 1 1 1 1 1 1 1 1 1 1 1 1 1 1 1 1 1 1 1 1 1 1 1 1 1 2 2 2 2 7 7 7 7 7 7 7 7 7 7 7 9 9 9 9 3 3 3 3 3 3 3 3 3 4 4 4 4 4 4 4 4 0 0 0 0 0 0 0 0 0 0 0 10 10 10 10 10 5 5 5 5 5 5 5 