284
100
2
2 2 2 2 2 2 2 2 2 2 2 3 3 3 3 3 3 3 3 6 6 6 6 6 6 6 6 7 7 7 7 7 7 7 7 7 7 7 7 7 7 7 7 7 7 9 9 9 9 9 9 9 9 16 16 16 16 16 16 16 16 16 17 17 17 17 17 17 17 17 17 17 17 20 20 20 20 20 23 23 23 23 23 23 23 23 23 23 23 25 25 25 25 25 25 25 25 30 30 30 30 30 30 30 30 30 31 31 31 31 31 31 31 31 31 31 31 31 31 31 31 31 31 31 35 35 35 35 35 35 35 35 37 37 37 37 37 37 37 37 38 38 38 38 38 38 38 38 38 38 38 42 42 42 42 42 42 42 42 42 42 42 48 48 48 48 48 48 48 48 48 48 48 51 51 51 51 51 51 51 51 51 51 51 69 69 69 69 69 69 69 69 69 69 69 70 70 70 70 70 
62 63 64 65 66 67 68 69 70 71 72 19 20 21 22 23 24 25 26 11 12 13 14 15 16 17 18 106 107 108 109 110 111 112 113 114 115 116 117 118 119 120 121 122 123 124 125 126 127 128 129 130 131 97 98 99 100 101 102 103 104 105 0 1 2 3 4 5 6 7 8 9 10 195 196 197 198 199 173 174 175 176 177 178 179 180 181 182 183 132 133 134 135 136 137 138 139 53 54 55 56 57 58 59 60 61 27 28 29 30 31 32 33 34 35 36 37 38 39 40 41 42 43 44 45 46 47 48 49 50 51 52 89 90 91 92 93 94 95 96 162 163 164 165 166 167 168 169 170 171 172 184 185 186 187 188 189 190 191 192 193 194 140 141 142 143 144 145 146 147 148 149 150 78 79 80 81 82 83 84 85 86 87 88 151 152 153 154 155 156 157 158 159 160 161 73 74 75 76 77 
223 223 223 223 223 223 223 223 223 223 223 998 998 998 998 998 998 998 998 998 998 998 998 998 998 998 998 552 552 552 552 552 552 552 552 552 552 552 552 552 552 552 552 552 552 170 170 170 170 170 170 170 170 252 252 252 252 252 252 252 252 252 223 223 223 223 223 223 223 223 223 223 223 894 894 894 894 894 971 971 971 971 971 971 971 971 971 971 971 273 273 273 273 273 273 273 273 252 252 252 252 252 252 252 252 252 552 552 552 552 552 552 552 552 552 552 552 552 552 552 552 552 552 552 170 170 170 170 170 170 170 170 273 273 273 273 273 273 273 273 646 646 646 646 646 646 646 646 646 646 646 952 952 952 952 952 952 952 952 952 952 952 646 646 646 646 646 646 646 646 646 646 646 971 971 971 971 971 971 971 971 971 971 971 952 952 952 952 952 952 952 952 952 952 952 894 894 894 894 894 
0 1 2 3 4 5 6 7 8 9 10 11 12 13 14 15 16 17 18 11 12 13 14 15 16 17 18 19 20 21 22 23 24 25 26 27 28 29 30 31 32 33 34 35 36 37 38 39 40 41 42 43 44 45 46 47 48 49 50 51 52 53 0 1 2 3 4 5 6 7 8 9 10 54 55 56 57 58 59 60 61 62 63 64 65 66 67 68 69 70 71 72 73 74 75 76 77 45 46 47 48 49 50 51 52 53 19 20 21 22 23 24 25 26 27 28 29 30 31 32 33 34 35 36 37 38 39 40 41 42 43 44 70 71 72 73 74 75 76 77 78 79 80 81 82 83 84 85 86 87 88 89 90 91 92 93 94 95 96 97 98 99 78 79 80 81 82 83 84 85 86 87 88 59 60 61 62 63 64 65 66 67 68 69 89 90 91 92 93 94 95 96 97 98 99 54 55 56 57 58 
58914
10
8 9 11 11 8 5 11 8 11 18 
3 16 42 38 25 20 2 9 23 7 
6 30 69 48 37 70 17 35 51 31 
998 252 952 646 273 894 223 170 971 552 
6 6 6 6 6 6 6 6 6 6 6 0 0 0 0 0 0 0 0 0 0 0 0 0 0 0 0 9 9 9 9 9 9 9 9 9 9 9 9 9 9 9 9 9 9 7 7 7 7 7 7 7 7 1 1 1 1 1 1 1 1 1 6 6 6 6 6 6 6 6 6 6 6 5 5 5 5 5 8 8 8 8 8 8 8 8 8 8 8 4 4 4 4 4 4 4 4 1 1 1 1 1 1 1 1 1 9 9 9 9 9 9 9 9 9 9 9 9 9 9 9 9 9 9 7 7 7 7 7 7 7 7 4 4 4 4 4 4 4 4 3 3 3 3 3 3 3 3 3 3 3 2 2 2 2 2 2 2 2 2 2 2 3 3 3 3 3 3 3 3 3 3 3 8 8 8 8 8 8 8 8 8 8 8 2 2 2 2 2 2 2 2 2 2 2 5 5 5 5 5 