342
100
2
2 2 2 2 2 7 7 7 7 7 7 7 7 7 7 7 11 11 11 11 11 11 11 11 11 11 11 11 11 11 11 11 11 11 11 11 11 11 11 11 12 12 12 12 12 12 12 12 16 16 16 16 16 16 16 16 16 16 16 16 16 16 16 16 20 20 20 20 20 20 20 21 21 21 21 21 21 21 21 21 21 21 21 21 27 27 27 27 27 27 27 27 32 32 32 32 35 35 35 35 35 35 35 35 35 35 35 37 37 37 37 37 37 37 37 37 37 37 37 37 37 37 37 37 37 37 37 37 37 37 41 41 41 41 41 41 41 41 41 41 41 41 41 42 42 42 42 42 42 42 42 42 42 42 42 42 51 51 51 51 58 58 58 58 58 59 59 59 59 59 59 59 59 59 59 59 59 59 67 67 67 67 67 67 67 68 68 68 68 68 68 68 68 68 68 68 68 68 68 68 
160 161 162 163 164 96 97 98 99 100 101 102 103 104 105 106 107 108 109 110 111 112 113 114 48 49 50 51 52 53 54 55 56 57 58 59 60 61 62 63 84 85 86 87 88 89 90 91 24 25 26 27 28 29 30 31 32 33 34 35 36 37 38 39 178 179 180 181 182 183 184 143 144 145 146 147 148 149 150 151 152 153 154 155 40 41 42 43 44 45 46 47 156 157 158 159 5 6 7 8 9 10 11 12 13 14 15 16 17 18 19 20 21 22 23 185 186 187 188 189 190 191 192 193 194 195 196 197 198 199 165 166 167 168 169 170 171 172 173 174 175 176 177 71 72 73 74 75 76 77 78 79 80 81 82 83 92 93 94 95 0 1 2 3 4 130 131 132 133 134 135 136 137 138 139 140 141 142 64 65 66 67 68 69 70 115 116 117 118 119 120 121 122 123 124 125 126 127 128 129 
620 620 620 620 620 793 793 793 793 793 793 793 793 793 793 793 201 201 201 201 201 201 201 201 537 537 537 537 537 537 537 537 537 537 537 537 537 537 537 537 973 973 973 973 973 973 973 973 537 537 537 537 537 537 537 537 537 537 537 537 537 537 537 537 789 789 789 789 789 789 789 811 811 811 811 811 811 811 811 811 811 811 811 811 973 973 973 973 973 973 973 973 702 702 702 702 793 793 793 793 793 793 793 793 793 793 793 201 201 201 201 201 201 201 201 386 386 386 386 386 386 386 386 386 386 386 386 386 386 386 874 874 874 874 874 874 874 874 874 874 874 874 874 811 811 811 811 811 811 811 811 811 811 811 811 811 702 702 702 702 620 620 620 620 620 874 874 874 874 874 874 874 874 874 874 874 874 874 789 789 789 789 789 789 789 386 386 386 386 386 386 386 386 386 386 386 386 386 386 386 
0 1 2 3 4 5 6 7 8 9 10 11 12 13 14 15 16 17 18 19 20 21 22 23 24 25 26 27 28 29 30 31 32 33 34 35 36 37 38 39 40 41 42 43 44 45 46 47 24 25 26 27 28 29 30 31 32 33 34 35 36 37 38 39 48 49 50 51 52 53 54 55 56 57 58 59 60 61 62 63 64 65 66 67 40 41 42 43 44 45 46 47 68 69 70 71 5 6 7 8 9 10 11 12 13 14 15 16 17 18 19 20 21 22 23 72 73 74 75 76 77 78 79 80 81 82 83 84 85 86 87 88 89 90 91 92 93 94 95 96 97 98 99 55 56 57 58 59 60 61 62 63 64 65 66 67 68 69 70 71 0 1 2 3 4 87 88 89 90 91 92 93 94 95 96 97 98 99 48 49 50 51 52 53 54 72 73 74 75 76 77 78 79 80 81 82 83 84 85 86 
65833
10
8 4 5 15 7 13 8 11 13 16 
11 32 2 37 20 41 12 7 21 11 
37 51 58 68 67 59 27 35 42 16 
201 702 620 386 789 874 973 793 811 537 
2 2 2 2 2 7 7 7 7 7 7 7 7 7 7 7 0 0 0 0 0 0 0 0 9 9 9 9 9 9 9 9 9 9 9 9 9 9 9 9 6 6 6 6 6 6 6 6 9 9 9 9 9 9 9 9 9 9 9 9 9 9 9 9 4 4 4 4 4 4 4 8 8 8 8 8 8 8 8 8 8 8 8 8 6 6 6 6 6 6 6 6 1 1 1 1 7 7 7 7 7 7 7 7 7 7 7 0 0 0 0 0 0 0 0 3 3 3 3 3 3 3 3 3 3 3 3 3 3 3 5 5 5 5 5 5 5 5 5 5 5 5 5 8 8 8 8 8 8 8 8 8 8 8 8 8 1 1 1 1 2 2 2 2 2 5 5 5 5 5 5 5 5 5 5 5 5 5 4 4 4 4 4 4 4 3 3 3 3 3 3 3 3 3 3 3 3 3 3 3 