64
100
2
1 1 1 1 1 1 5 5 5 5 6 6 7 7 7 10 10 10 10 10 10 10 10 10 10 10 10 10 10 10 13 13 13 13 13 13 14 14 15 15 18 18 18 18 20 20 20 20 20 21 21 21 21 21 21 21 21 21 22 22 22 22 24 24 24 24 24 24 25 25 25 25 25 25 26 26 28 28 28 28 28 28 28 28 28 30 31 31 31 31 31 32 32 32 34 34 34 34 34 34 34 34 34 34 34 34 34 34 34 34 34 34 34 34 34 35 35 35 35 35 35 35 35 36 36 36 36 36 39 39 39 39 39 39 40 40 40 40 41 41 41 41 41 44 44 46 46 46 46 47 47 47 49 49 49 49 49 49 50 50 50 51 52 52 52 54 54 54 55 55 55 55 55 55 55 56 56 56 56 56 56 59 59 59 59 59 59 59 61 61 61 63 65 65 68 68 70 70 70 70 
62 63 64 65 66 67 38 39 68 69 163 164 165 166 167 100 101 102 103 104 105 106 107 108 109 110 111 112 113 114 52 53 54 55 56 57 181 182 6 7 196 197 198 199 123 124 125 126 127 188 189 190 30 31 32 33 34 35 145 146 147 148 0 1 2 3 4 5 8 9 134 135 136 137 194 195 158 159 160 128 129 130 131 132 133 161 191 177 178 179 180 149 150 151 115 116 117 118 119 120 15 16 17 18 19 20 21 22 23 24 25 26 27 28 29 94 95 96 97 98 99 192 193 44 45 46 47 48 79 80 81 82 83 84 70 71 72 73 183 184 185 186 187 175 176 58 59 60 61 91 92 93 169 170 171 172 173 174 76 77 78 85 168 10 11 12 13 14 162 152 153 154 155 156 157 143 144 87 88 89 90 36 37 138 139 140 141 142 49 50 51 86 121 122 74 75 40 41 42 43 
570 570 570 570 570 570 559 559 544 544 884 884 181 181 181 219 219 219 219 219 219 219 219 219 219 219 219 219 219 219 565 565 565 565 565 565 822 822 559 559 859 859 859 859 902 902 902 902 902 282 282 282 565 565 565 565 565 565 561 561 561 561 570 570 570 570 570 570 544 544 891 891 891 891 805 805 539 539 539 918 918 918 918 918 918 969 458 166 166 166 166 710 710 710 332 332 332 332 332 332 219 219 219 219 219 219 219 219 219 219 219 219 219 219 219 332 332 332 332 332 332 767 767 902 902 902 902 902 918 918 918 918 918 918 891 891 891 891 419 419 419 419 419 691 691 561 561 561 561 710 710 710 617 617 617 617 617 617 539 539 539 969 867 884 884 181 181 181 867 617 617 617 617 617 617 691 691 166 166 166 166 822 822 419 419 419 419 419 282 282 282 458 767 767 805 805 859 859 859 859 
0 1 2 3 4 5 6 7 8 9 10 11 12 13 14 15 16 17 18 19 20 21 22 23 24 25 26 27 28 29 30 31 32 33 34 35 36 37 6 7 38 39 40 41 42 43 44 45 46 47 48 49 30 31 32 33 34 35 50 51 52 53 0 1 2 3 4 5 8 9 54 55 56 57 58 59 60 61 62 63 64 65 66 67 68 69 70 71 72 73 74 75 76 77 78 79 80 81 82 83 15 16 17 18 19 20 21 22 23 24 25 26 27 28 29 78 79 80 81 82 83 84 85 42 43 44 45 46 63 64 65 66 67 68 54 55 56 57 86 87 88 89 90 91 92 50 51 52 53 75 76 77 93 94 95 96 97 98 60 61 62 69 99 10 11 12 13 14 99 93 94 95 96 97 98 91 92 71 72 73 74 36 37 86 87 88 89 90 47 48 49 70 84 85 58 59 38 39 40 41 
55384
26
2 3 1 3 1 2 2 4 6 5 6 2 2 6 2 4 5 4 3 6 2 6 3 1 4 15 
14 7 31 28 52 44 5 18 1 20 49 6 26 34 5 31 41 25 21 28 35 13 32 30 22 10 
59 54 63 50 55 56 15 70 24 36 55 52 68 35 25 56 59 40 61 39 65 21 47 51 46 34 
822 181 458 539 867 691 559 859 570 902 617 884 805 332 544 166 419 891 282 918 767 565 710 969 561 219 
8 8 8 8 8 8 6 6 14 14 11 11 1 1 1 25 25 25 25 25 25 25 25 25 25 25 25 25 25 25 21 21 21 21 21 21 0 0 6 6 7 7 7 7 9 9 9 9 9 18 18 18 21 21 21 21 21 21 24 24 24 24 8 8 8 8 8 8 14 14 17 17 17 17 12 12 3 3 3 19 19 19 19 19 19 23 2 15 15 15 15 22 22 22 13 13 13 13 13 13 25 25 25 25 25 25 25 25 25 25 25 25 25 25 25 13 13 13 13 13 13 20 20 9 9 9 9 9 19 19 19 19 19 19 17 17 17 17 16 16 16 16 16 5 5 24 24 24 24 22 22 22 10 10 10 10 10 10 3 3 3 23 4 11 11 1 1 1 4 10 10 10 10 10 10 5 5 15 15 15 15 0 0 16 16 16 16 16 18 18 18 2 20 20 12 12 7 7 7 7 