879
100
2
2 2 2 2 5 5 5 5 5 5 5 5 5 5 5 5 5 5 9 9 9 9 9 9 14 14 14 15 15 15 15 15 15 16 16 16 16 16 18 18 18 18 18 18 20 20 20 20 20 20 20 20 20 20 20 20 20 20 20 20 20 20 20 20 20 20 20 20 20 20 20 20 20 20 21 21 21 21 21 23 25 25 25 25 25 25 25 26 26 26 26 26 29 29 29 29 29 31 31 31 31 31 31 33 34 34 34 34 34 34 38 38 38 38 38 39 39 40 40 40 40 40 40 40 43 43 43 43 43 43 44 44 44 44 45 45 45 45 45 45 45 45 45 46 47 47 49 49 49 49 49 49 49 50 50 50 50 50 50 53 53 53 53 53 53 53 54 54 54 54 54 54 55 55 55 55 55 56 56 56 56 56 56 56 56 56 56 56 56 56 56 64 64 64 64 64 64 68 68 68 
56 57 58 59 60 61 62 63 64 65 66 67 68 69 70 71 72 73 124 125 126 127 128 129 103 197 198 38 39 40 41 42 43 110 111 112 113 114 27 28 29 30 31 32 117 118 119 120 121 146 147 148 149 150 151 152 0 1 2 3 4 5 6 7 8 9 10 11 12 13 14 15 16 17 138 139 140 141 142 199 159 160 161 162 163 164 165 172 173 174 175 176 130 131 132 133 143 104 105 106 107 108 109 24 97 98 99 100 101 102 33 34 35 36 37 122 123 44 45 46 47 48 115 116 18 19 20 21 22 23 92 93 94 95 191 192 193 194 74 75 76 77 78 96 195 196 49 50 51 52 53 54 55 166 167 168 169 170 171 80 81 82 83 84 85 86 153 154 155 156 157 158 87 88 89 90 91 178 177 180 179 182 181 184 183 186 185 188 187 190 189 134 135 136 137 144 145 25 26 79 
486 486 486 486 358 358 358 358 358 358 358 358 358 358 358 358 358 358 611 611 611 611 611 611 660 546 546 816 816 816 816 816 816 967 967 967 967 967 816 816 816 816 816 816 441 441 441 441 441 703 703 703 703 703 703 703 486 486 486 486 358 358 358 358 358 358 358 358 358 358 358 358 358 358 748 748 748 748 748 261 591 591 591 591 591 591 591 264 264 264 264 264 598 598 598 598 707 237 237 237 237 237 237 660 237 237 237 237 237 237 967 967 967 967 967 415 415 441 441 441 441 441 415 415 611 611 611 611 611 611 598 598 598 598 205 205 205 205 748 748 748 748 748 707 151 151 703 703 703 703 703 703 703 210 210 210 210 210 210 591 591 591 591 591 591 591 210 210 210 210 210 210 264 264 264 264 264 807 807 807 807 807 807 807 807 807 807 807 807 807 807 205 205 205 205 151 151 546 546 261 
0 1 2 3 4 5 6 7 8 9 10 11 12 13 14 15 16 17 18 19 20 21 22 23 24 25 26 27 28 29 30 31 32 33 34 35 36 37 27 28 29 30 31 32 38 39 40 41 42 43 44 45 46 47 48 49 0 1 2 3 4 5 6 7 8 9 10 11 12 13 14 15 16 17 50 51 52 53 54 55 56 57 58 59 60 61 62 63 64 65 66 67 68 69 70 71 72 73 74 75 76 77 78 24 73 74 75 76 77 78 33 34 35 36 37 79 80 38 39 40 41 42 79 80 18 19 20 21 22 23 68 69 70 71 81 82 83 84 50 51 52 53 54 72 85 86 43 44 45 46 47 48 49 87 88 89 90 91 92 56 57 58 59 60 61 62 87 88 89 90 91 92 63 64 65 66 67 93 93 94 94 95 95 96 96 97 97 98 98 99 99 81 82 83 84 85 86 25 26 55 
52071
21
4 6 5 7 5 6 4 2 1 2 1 7 6 7 5 5 1 2 4 6 14 
45 50 26 25 20 15 29 47 14 14 23 20 9 56 21 16 29 39 2 31 5 
64 54 55 53 40 18 44 64 33 68 68 49 43 56 45 38 46 40 20 34 20 
205 210 264 591 441 816 598 151 660 546 261 703 611 807 748 967 707 415 486 237 358 
18 18 18 18 20 20 20 20 20 20 20 20 20 20 20 20 20 20 12 12 12 12 12 12 8 9 9 5 5 5 5 5 5 15 15 15 15 15 5 5 5 5 5 5 4 4 4 4 4 11 11 11 11 11 11 11 18 18 18 18 20 20 20 20 20 20 20 20 20 20 20 20 20 20 14 14 14 14 14 10 3 3 3 3 3 3 3 2 2 2 2 2 6 6 6 6 16 19 19 19 19 19 19 8 19 19 19 19 19 19 15 15 15 15 15 17 17 4 4 4 4 4 17 17 12 12 12 12 12 12 6 6 6 6 0 0 0 0 14 14 14 14 14 16 7 7 11 11 11 11 11 11 11 1 1 1 1 1 1 3 3 3 3 3 3 3 1 1 1 1 1 1 2 2 2 2 2 13 13 13 13 13 13 13 13 13 13 13 13 13 13 0 0 0 0 7 7 9 9 10 