9
100
2
1 1 1 1 1 1 1 1 1 1 1 1 1 1 1 1 1 1 1 1 1 2 2 2 2 2 2 2 2 2 2 2 2 8 8 8 8 14 14 14 20 20 20 20 25 25 25 25 25 25 25 25 25 25 25 25 27 27 27 27 27 27 27 28 28 28 28 28 28 28 28 28 29 29 29 29 29 29 29 29 29 29 31 31 31 35 35 35 38 38 38 38 39 39 39 39 39 39 39 39 39 39 39 40 40 40 40 40 40 40 40 40 40 40 40 40 40 40 40 40 40 40 40 40 40 40 40 40 40 40 40 40 40 41 41 41 45 45 45 45 45 45 45 45 50 50 50 50 50 50 50 50 50 50 53 53 53 53 53 53 53 53 53 57 57 57 57 57 57 57 57 57 57 57 57 57 57 62 62 62 62 63 63 63 63 68 68 68 68 68 68 68 68 68 68 68 68 70 70 70 
114 115 116 117 118 119 120 121 122 123 124 144 145 146 147 148 149 150 151 152 153 181 182 183 184 136 137 138 139 140 141 142 143 88 89 90 91 197 198 199 177 178 179 180 185 186 187 188 189 190 191 192 193 194 195 196 75 76 77 78 79 80 81 154 155 156 157 158 159 160 161 162 133 134 135 56 57 58 59 60 61 62 163 164 165 92 93 94 33 34 35 36 85 86 87 125 126 127 128 129 130 131 132 166 167 168 169 170 171 172 173 174 175 176 0 1 2 3 4 5 6 7 8 9 10 95 96 97 98 99 100 101 102 72 73 74 25 26 27 28 29 30 31 32 11 12 13 14 15 16 17 18 19 20 63 64 65 66 67 68 69 70 71 82 83 84 103 104 105 106 107 108 109 110 111 112 113 40 41 42 43 21 22 23 24 44 45 46 47 48 49 50 51 52 53 54 55 37 38 39 
173 173 173 173 173 173 173 173 173 173 173 632 632 632 632 632 632 632 632 632 632 901 901 901 901 721 721 721 721 721 721 721 721 985 985 985 985 950 950 950 526 526 526 526 891 891 891 891 891 891 891 891 891 891 891 891 670 670 670 670 670 670 670 240 240 240 240 240 240 240 240 240 878 878 878 670 670 670 670 670 670 670 409 409 409 866 866 866 985 985 985 985 866 866 866 276 276 276 276 276 276 276 276 555 555 555 555 555 555 555 555 555 555 555 173 173 173 173 173 173 173 173 173 173 173 276 276 276 276 276 276 276 276 878 878 878 721 721 721 721 721 721 721 721 632 632 632 632 632 632 632 632 632 632 240 240 240 240 240 240 240 240 240 409 409 409 555 555 555 555 555 555 555 555 555 555 555 526 526 526 526 901 901 901 901 891 891 891 891 891 891 891 891 891 891 891 891 950 950 950 
0 1 2 3 4 5 6 7 8 9 10 11 12 13 14 15 16 17 18 19 20 21 22 23 24 25 26 27 28 29 30 31 32 33 34 35 36 37 38 39 40 41 42 43 44 45 46 47 48 49 50 51 52 53 54 55 56 57 58 59 60 61 62 63 64 65 66 67 68 69 70 71 72 73 74 56 57 58 59 60 61 62 75 76 77 78 79 80 33 34 35 36 78 79 80 81 82 83 84 85 86 87 88 89 90 91 92 93 94 95 96 97 98 99 0 1 2 3 4 5 6 7 8 9 10 81 82 83 84 85 86 87 88 72 73 74 25 26 27 28 29 30 31 32 11 12 13 14 15 16 17 18 19 20 63 64 65 66 67 68 69 70 71 75 76 77 89 90 91 92 93 94 95 96 97 98 99 40 41 42 43 21 22 23 24 44 45 46 47 48 49 50 51 52 53 54 55 37 38 39 
58803
15
4 8 9 3 7 3 4 11 4 3 11 3 8 10 12 
2 2 28 29 27 31 8 40 20 35 1 14 39 1 25 
63 45 53 41 29 57 38 57 62 39 40 70 40 50 68 
901 721 240 878 670 409 985 555 526 866 173 950 276 632 891 
10 10 10 10 10 10 10 10 10 10 10 13 13 13 13 13 13 13 13 13 13 0 0 0 0 1 1 1 1 1 1 1 1 6 6 6 6 11 11 11 8 8 8 8 14 14 14 14 14 14 14 14 14 14 14 14 4 4 4 4 4 4 4 2 2 2 2 2 2 2 2 2 3 3 3 4 4 4 4 4 4 4 5 5 5 9 9 9 6 6 6 6 9 9 9 12 12 12 12 12 12 12 12 7 7 7 7 7 7 7 7 7 7 7 10 10 10 10 10 10 10 10 10 10 10 12 12 12 12 12 12 12 12 3 3 3 1 1 1 1 1 1 1 1 13 13 13 13 13 13 13 13 13 13 2 2 2 2 2 2 2 2 2 5 5 5 7 7 7 7 7 7 7 7 7 7 7 8 8 8 8 0 0 0 0 14 14 14 14 14 14 14 14 14 14 14 14 11 11 11 