868
100
2
1 2 2 2 3 3 3 3 3 3 3 3 3 3 3 4 4 4 4 4 4 4 4 4 5 5 5 5 6 6 6 6 6 6 9 9 9 9 9 9 9 11 11 11 11 11 11 11 11 11 11 11 11 11 11 11 11 11 11 11 11 11 11 11 11 11 11 13 13 13 13 13 13 13 13 13 14 14 14 14 15 15 15 15 15 15 15 16 16 16 16 16 16 18 18 18 18 18 18 24 24 24 24 28 28 28 28 28 28 30 30 30 30 30 30 30 30 30 30 30 30 30 30 30 31 31 31 31 31 31 32 32 32 32 32 33 33 33 33 33 36 36 36 36 37 37 37 39 39 39 39 43 43 43 46 46 46 46 46 47 49 49 49 49 49 49 52 52 52 54 55 55 57 57 57 57 57 57 58 58 58 59 61 61 61 64 64 64 64 64 64 65 65 65 65 65 67 67 67 68 
80 45 46 47 41 42 43 44 170 171 147 148 149 150 181 191 192 193 194 195 28 29 30 31 48 49 50 51 20 21 22 23 133 134 35 34 37 36 178 179 180 4 5 6 7 1 2 3 24 25 26 27 109 110 111 112 113 114 115 116 117 118 119 120 121 122 123 154 155 156 157 158 99 100 101 102 140 141 142 143 0 93 94 95 96 97 98 103 104 105 106 107 108 81 82 83 84 85 86 72 73 74 75 87 88 89 90 91 92 52 53 54 55 56 57 58 59 60 61 62 63 64 65 66 199 135 136 137 138 139 166 167 168 32 33 125 126 127 128 129 76 77 78 79 188 189 190 10 11 12 13 175 176 177 67 68 69 70 71 169 172 173 174 196 197 198 130 131 132 159 8 9 160 161 162 151 152 153 38 39 40 14 185 186 187 182 183 184 144 145 146 15 16 17 18 19 163 164 165 124 
604 925 925 925 754 754 754 754 918 918 746 746 746 746 928 376 376 376 376 376 495 495 495 495 945 945 945 945 495 495 495 495 860 860 993 993 993 993 329 329 329 754 754 754 754 925 925 925 945 945 945 945 915 915 915 915 915 915 915 915 915 915 915 915 915 915 915 679 679 679 679 679 370 370 370 370 970 970 970 970 604 798 798 798 798 798 798 873 873 873 873 873 873 798 798 798 798 798 798 370 370 370 370 873 873 873 873 873 873 915 915 915 915 915 915 915 915 915 915 915 915 915 915 915 305 413 413 413 413 413 549 549 549 860 860 413 413 413 413 413 970 970 970 970 643 643 643 746 746 746 746 800 800 800 679 679 679 679 679 887 805 805 805 916 916 916 549 549 549 887 918 918 805 805 805 800 800 800 329 329 329 928 674 674 674 674 674 674 643 643 643 376 376 376 376 376 916 916 916 305 
0 1 2 3 4 5 6 7 8 9 10 11 12 13 14 15 16 17 18 19 20 21 22 23 24 25 26 27 20 21 22 23 28 29 30 30 31 31 32 33 34 4 5 6 7 1 2 3 24 25 26 27 35 36 37 38 39 40 41 42 43 44 45 46 47 48 49 50 51 52 53 54 55 56 57 58 59 60 61 62 0 63 64 65 66 67 68 69 70 71 72 73 74 63 64 65 66 67 68 55 56 57 58 69 70 71 72 73 74 35 36 37 38 39 40 41 42 43 44 45 46 47 48 49 75 76 77 78 79 80 81 82 83 28 29 76 77 78 79 80 59 60 61 62 84 85 86 10 11 12 13 87 88 89 50 51 52 53 54 90 91 92 93 94 95 96 81 82 83 90 8 9 91 92 93 87 88 89 32 33 34 14 97 98 99 97 98 99 84 85 86 15 16 17 18 19 94 95 96 75 
73400
27
6 5 3 3 3 4 3 4 1 2 1 3 2 3 5 4 5 4 4 1 1 3 4 3 6 2 15 
16 13 49 61 32 13 49 3 47 9 31 9 3 2 31 14 4 3 5 1 3 43 4 37 15 6 11 
28 46 57 64 52 24 67 11 54 9 68 58 55 11 33 36 65 39 11 15 59 57 6 64 18 32 30 
873 679 805 674 549 370 916 754 887 993 305 329 918 925 413 970 376 746 945 604 928 800 495 643 798 860 915 
19 13 13 13 7 7 7 7 12 12 17 17 17 17 20 16 16 16 16 16 22 22 22 22 18 18 18 18 22 22 22 22 25 25 9 9 9 9 11 11 11 7 7 7 7 13 13 13 18 18 18 18 26 26 26 26 26 26 26 26 26 26 26 26 26 26 26 1 1 1 1 1 5 5 5 5 15 15 15 15 19 24 24 24 24 24 24 0 0 0 0 0 0 24 24 24 24 24 24 5 5 5 5 0 0 0 0 0 0 26 26 26 26 26 26 26 26 26 26 26 26 26 26 26 10 14 14 14 14 14 4 4 4 25 25 14 14 14 14 14 15 15 15 15 23 23 23 17 17 17 17 21 21 21 1 1 1 1 1 8 2 2 2 6 6 6 4 4 4 8 12 12 2 2 2 21 21 21 11 11 11 20 3 3 3 3 3 3 23 23 23 16 16 16 16 16 6 6 6 10 