816
100
2
1 5 5 5 5 5 5 5 5 5 7 8 8 8 8 8 12 12 12 12 12 12 12 12 12 12 12 12 12 12 12 12 12 12 12 12 12 14 14 17 17 17 17 17 17 18 18 18 18 18 18 18 19 22 22 24 24 24 25 25 25 25 26 26 27 27 27 27 27 27 27 27 28 28 28 28 28 29 29 31 31 36 36 36 36 36 36 36 36 36 38 38 38 38 38 38 38 39 39 39 40 40 40 40 40 40 41 41 44 45 45 46 46 46 46 46 46 46 46 48 48 48 48 48 48 48 48 48 48 48 48 48 48 48 48 48 49 49 49 49 49 49 51 51 51 51 51 51 51 51 51 51 51 51 51 51 51 51 51 51 51 51 51 51 52 52 52 52 52 52 55 55 55 55 55 57 57 60 60 60 60 65 66 66 66 66 68 68 68 68 68 69 69 69 69 69 69 69 69 69 
181 10 64 65 66 67 68 69 70 71 1 170 171 172 173 174 37 38 142 143 144 145 149 150 151 152 153 154 155 156 157 158 159 160 161 162 163 16 17 111 112 113 114 115 116 186 187 188 189 190 134 135 108 109 110 146 147 148 123 124 125 126 106 107 2 3 4 5 6 7 8 9 191 192 193 194 195 175 176 117 118 97 98 99 164 165 166 167 168 169 127 128 129 130 131 132 133 81 82 83 136 137 138 139 140 141 62 63 52 53 54 39 40 41 42 43 44 79 80 182 183 184 185 58 59 60 61 90 91 92 93 94 95 96 50 51 100 101 102 103 104 105 18 19 20 21 55 56 57 22 23 24 25 26 27 28 29 30 31 32 33 34 35 36 84 85 86 87 88 89 11 12 13 14 15 77 78 196 197 198 199 0 119 120 121 122 45 46 47 48 49 72 73 74 75 76 177 178 179 180 
971 590 698 698 698 698 788 788 788 788 590 167 167 167 167 167 651 651 825 825 825 825 545 545 545 545 545 545 545 545 545 545 545 545 545 545 545 651 651 342 342 342 342 342 342 445 445 445 445 445 771 771 886 192 192 900 900 900 887 887 887 887 469 469 698 698 698 698 788 788 788 788 731 731 731 731 731 267 267 685 685 495 495 495 574 574 574 574 574 574 555 555 555 555 555 555 555 495 495 495 646 646 646 646 646 646 469 469 886 192 192 342 342 342 342 342 342 685 685 441 441 441 441 887 887 887 887 555 555 555 555 555 555 555 771 771 646 646 646 646 646 646 825 825 825 825 900 900 900 545 545 545 545 545 545 545 545 545 545 545 545 545 545 545 574 574 574 574 574 574 167 167 167 167 167 267 267 847 847 847 847 971 441 441 441 441 445 445 445 445 445 731 731 731 731 731 847 847 847 847 
0 1 2 3 4 5 6 7 8 9 1 10 11 12 13 14 15 16 17 18 19 20 21 22 23 24 25 26 27 28 29 30 31 32 33 34 35 15 16 36 37 38 39 40 41 42 43 44 45 46 47 48 49 50 51 52 53 54 55 56 57 58 59 60 2 3 4 5 6 7 8 9 61 62 63 64 65 66 67 68 69 70 71 72 73 74 75 76 77 78 79 80 81 82 83 84 85 70 71 72 86 87 88 89 90 91 59 60 49 50 51 36 37 38 39 40 41 68 69 92 93 94 95 55 56 57 58 79 80 81 82 83 84 85 47 48 86 87 88 89 90 91 17 18 19 20 52 53 54 21 22 23 24 25 26 27 28 29 30 31 32 33 34 35 73 74 75 76 77 78 10 11 12 13 14 66 67 96 97 98 99 0 92 93 94 95 42 43 44 45 46 61 62 63 64 65 96 97 98 99 
58793
25
6 4 3 2 2 5 1 4 6 4 7 3 1 2 2 1 5 5 2 6 4 4 4 2 15 
40 48 36 22 12 18 5 25 17 12 38 24 1 18 31 19 8 28 26 36 5 5 60 29 12 
49 66 39 45 14 68 7 48 46 51 48 51 65 48 46 44 55 69 41 52 27 27 69 57 51 
646 441 495 192 651 445 590 887 342 825 555 900 971 771 685 886 167 731 469 574 698 788 847 267 545 
12 6 20 20 20 20 21 21 21 21 6 16 16 16 16 16 4 4 9 9 9 9 24 24 24 24 24 24 24 24 24 24 24 24 24 24 24 4 4 8 8 8 8 8 8 5 5 5 5 5 13 13 15 3 3 11 11 11 7 7 7 7 18 18 20 20 20 20 21 21 21 21 17 17 17 17 17 23 23 14 14 2 2 2 19 19 19 19 19 19 10 10 10 10 10 10 10 2 2 2 0 0 0 0 0 0 18 18 15 3 3 8 8 8 8 8 8 14 14 1 1 1 1 7 7 7 7 10 10 10 10 10 10 10 13 13 0 0 0 0 0 0 9 9 9 9 11 11 11 24 24 24 24 24 24 24 24 24 24 24 24 24 24 24 19 19 19 19 19 19 16 16 16 16 16 23 23 22 22 22 22 12 1 1 1 1 5 5 5 5 5 17 17 17 17 17 22 22 22 22 