296
100
2
1 1 1 2 2 2 5 5 5 5 5 5 5 5 5 5 5 6 6 6 6 6 7 7 7 7 7 7 8 8 8 8 9 9 9 9 9 9 9 9 9 13 13 13 13 13 13 13 13 13 13 13 13 13 13 13 13 13 13 16 16 16 16 16 16 17 17 17 21 21 21 21 22 22 23 23 23 23 23 24 24 24 24 24 24 24 24 28 28 28 29 29 30 30 30 31 31 34 34 34 35 35 35 35 35 35 37 37 39 39 39 39 39 41 41 41 41 41 41 41 41 41 41 41 42 42 42 44 44 44 44 48 48 51 51 55 55 55 55 55 58 58 58 59 59 59 59 59 59 61 61 61 61 62 62 62 62 62 62 62 62 62 62 62 63 63 63 64 64 64 68 68 68 68 70 70 70 70 70 70 70 70 70 70 70 70 70 70 70 70 70 70 70 70 70 70 70 70 70 70 
79 80 81 87 88 89 143 144 145 146 147 148 17 18 19 20 21 12 13 14 15 16 23 22 167 168 169 173 115 116 117 68 140 141 142 59 60 61 62 63 64 90 91 184 185 186 187 188 189 190 191 192 193 194 195 196 197 198 199 35 36 37 38 39 40 164 165 166 31 121 122 123 73 72 100 101 102 103 104 0 1 2 179 180 181 182 183 3 4 5 41 42 118 119 120 106 107 150 151 152 74 75 76 77 78 149 95 96 174 175 176 177 178 131 132 28 29 30 92 93 94 69 70 71 170 171 172 158 159 160 161 113 114 162 163 153 154 155 156 157 32 33 34 6 7 8 9 10 11 105 97 98 99 135 136 137 138 139 127 128 129 130 133 134 65 66 67 24 25 26 124 125 126 27 108 109 110 111 112 82 83 84 85 86 43 44 45 46 47 48 49 50 51 52 53 54 55 56 57 58 
486 486 486 454 454 454 534 534 534 534 534 534 334 334 334 334 334 334 334 334 334 334 154 154 406 406 406 816 306 306 306 171 513 513 513 771 771 771 771 771 771 322 322 504 504 504 504 504 504 504 504 504 504 504 504 504 504 504 504 771 771 771 771 771 771 729 729 729 171 486 486 486 573 573 702 702 702 702 702 486 486 486 996 996 996 996 996 454 454 454 322 322 159 159 159 856 856 611 611 611 702 702 702 702 702 924 856 856 596 596 596 596 596 660 660 306 306 306 159 159 159 486 486 486 812 812 812 917 917 917 917 660 660 934 934 811 811 811 811 811 513 513 513 534 534 534 534 534 534 924 611 611 611 811 811 811 811 811 917 917 917 917 934 934 729 729 729 406 406 406 812 812 812 816 596 596 596 596 596 996 996 996 996 996 504 504 504 504 504 504 504 504 504 504 504 504 504 504 504 504 
0 1 2 3 4 5 6 7 8 9 10 11 12 13 14 15 16 12 13 14 15 16 17 17 18 19 20 21 22 23 24 25 26 27 28 29 30 31 32 33 34 35 36 37 38 39 40 41 42 43 44 45 46 47 48 49 50 51 52 29 30 31 32 33 34 53 54 55 25 56 57 58 59 59 60 61 62 63 64 0 1 2 65 66 67 68 69 3 4 5 35 36 70 71 72 73 74 75 76 77 60 61 62 63 64 78 73 74 79 80 81 82 83 84 85 22 23 24 70 71 72 56 57 58 86 87 88 89 90 91 92 84 85 93 94 95 96 97 98 99 26 27 28 6 7 8 9 10 11 78 75 76 77 95 96 97 98 99 89 90 91 92 93 94 53 54 55 18 19 20 86 87 88 21 79 80 81 82 83 65 66 67 68 69 37 38 39 40 41 42 43 44 45 46 47 48 49 50 51 52 
59825
28
2 1 3 3 5 3 3 3 3 5 2 1 3 1 1 3 2 4 6 5 5 2 1 3 6 3 5 16 
41 7 2 42 55 8 9 7 30 39 31 8 1 22 7 17 13 44 5 24 23 51 35 21 9 34 5 13 
48 7 28 68 62 41 58 64 41 70 37 21 24 22 68 63 29 62 59 70 35 62 61 41 16 61 6 70 
660 154 454 812 811 306 513 406 159 596 856 171 486 573 816 729 322 917 534 996 702 934 924 486 771 611 334 504 
12 12 12 2 2 2 18 18 18 18 18 18 26 26 26 26 26 26 26 26 26 26 1 1 7 7 7 14 5 5 5 11 6 6 6 24 24 24 24 24 24 16 16 27 27 27 27 27 27 27 27 27 27 27 27 27 27 27 27 24 24 24 24 24 24 15 15 15 11 23 23 23 13 13 20 20 20 20 20 12 12 12 19 19 19 19 19 2 2 2 16 16 8 8 8 10 10 25 25 25 20 20 20 20 20 22 10 10 9 9 9 9 9 0 0 5 5 5 8 8 8 23 23 23 3 3 3 17 17 17 17 0 0 21 21 4 4 4 4 4 6 6 6 18 18 18 18 18 18 22 25 25 25 4 4 4 4 4 17 17 17 17 21 21 15 15 15 7 7 7 3 3 3 14 9 9 9 9 9 19 19 19 19 19 27 27 27 27 27 27 27 27 27 27 27 27 27 27 27 27 