500
100
2
1 5 5 5 5 5 5 5 6 6 6 8 8 9 9 9 9 9 9 9 9 9 9 9 9 9 9 9 9 9 10 10 10 11 12 12 12 12 12 12 12 12 12 15 15 15 15 15 15 17 17 17 17 17 17 17 17 17 17 18 18 18 22 22 22 22 22 22 22 24 24 24 25 25 25 25 25 26 26 26 26 26 26 26 26 29 29 29 29 29 29 29 29 29 29 29 29 29 29 29 29 29 29 29 30 30 30 30 30 30 30 32 32 33 33 33 33 33 33 33 33 36 36 36 36 36 36 36 36 36 36 36 38 38 38 38 38 38 38 38 38 38 38 38 38 41 41 41 41 41 41 42 42 42 43 43 43 44 44 44 44 47 47 47 47 48 48 48 49 49 49 49 51 51 51 51 51 56 56 56 58 58 61 61 62 65 65 65 65 65 65 65 65 65 65 65 65 65 65 65 
33 154 155 156 157 158 159 160 13 14 15 111 112 8 9 10 62 63 64 65 66 67 68 52 53 54 55 56 57 58 34 35 36 0 30 31 32 121 122 123 124 125 126 132 133 134 135 136 137 148 149 150 23 24 25 26 27 28 29 177 178 179 16 17 18 19 20 21 22 165 166 167 127 128 129 130 131 113 114 115 116 117 118 119 120 168 169 170 171 185 186 187 188 189 190 191 192 193 194 195 196 197 198 199 138 139 140 141 142 143 144 11 12 77 78 79 80 81 82 83 84 37 38 39 40 41 42 72 73 74 75 76 43 44 45 46 47 48 104 105 106 107 108 109 110 151 152 153 49 50 51 145 146 147 1 2 3 4 5 6 7 173 174 175 176 69 70 71 85 86 87 88 184 161 162 163 164 59 60 61 182 183 180 181 172 89 90 91 92 93 94 95 96 97 98 99 100 101 102 103 
575 870 870 870 593 593 593 593 796 796 796 262 262 796 796 796 468 468 468 468 468 468 468 645 645 645 645 645 645 645 309 309 309 575 309 309 309 267 267 267 267 267 267 575 575 575 575 575 575 241 241 241 645 645 645 645 645 645 645 941 941 941 468 468 468 468 468 468 468 920 920 920 609 609 609 609 609 228 228 228 228 228 228 228 228 434 434 434 434 482 482 482 482 482 482 482 482 482 482 482 482 482 482 482 702 702 702 702 702 702 702 262 262 228 228 228 228 228 228 228 228 267 267 267 267 267 267 609 609 609 609 609 575 575 575 575 575 575 702 702 702 702 702 702 702 605 605 605 241 241 241 605 605 605 870 870 870 593 593 593 593 586 586 586 586 920 920 920 434 434 434 434 588 586 586 586 586 941 941 941 660 660 660 660 588 482 482 482 482 482 482 482 482 482 482 482 482 482 482 482 
0 1 2 3 4 5 6 7 8 9 10 11 12 8 9 10 13 14 15 16 17 18 19 20 21 22 23 24 25 26 27 28 29 0 27 28 29 30 31 32 33 34 35 36 37 38 39 40 41 42 43 44 20 21 22 23 24 25 26 45 46 47 13 14 15 16 17 18 19 48 49 50 51 52 53 54 55 56 57 58 59 60 61 62 63 64 65 66 67 68 69 70 71 72 73 74 75 76 77 78 79 80 81 82 83 84 85 86 87 88 89 11 12 56 57 58 59 60 61 62 63 30 31 32 33 34 35 51 52 53 54 55 36 37 38 39 40 41 83 84 85 86 87 88 89 90 91 92 42 43 44 90 91 92 1 2 3 4 5 6 7 93 94 95 96 48 49 50 64 65 66 67 97 93 94 95 96 45 46 47 98 99 98 99 97 68 69 70 71 72 73 74 75 76 77 78 79 80 81 82 
53361
22
3 3 3 6 3 6 3 3 2 7 5 7 4 3 1 4 8 1 4 7 2 15 
10 18 6 12 41 15 17 5 8 9 25 9 5 24 51 47 26 1 29 30 58 29 
12 56 9 36 42 38 41 43 32 22 36 17 44 48 62 51 33 11 49 38 61 65 
309 941 796 267 605 575 241 870 262 468 609 645 593 920 588 586 228 575 434 702 660 482 
17 7 7 7 12 12 12 12 2 2 2 8 8 2 2 2 9 9 9 9 9 9 9 11 11 11 11 11 11 11 0 0 0 17 0 0 0 3 3 3 3 3 3 5 5 5 5 5 5 6 6 6 11 11 11 11 11 11 11 1 1 1 9 9 9 9 9 9 9 13 13 13 10 10 10 10 10 16 16 16 16 16 16 16 16 18 18 18 18 21 21 21 21 21 21 21 21 21 21 21 21 21 21 21 19 19 19 19 19 19 19 8 8 16 16 16 16 16 16 16 16 3 3 3 3 3 3 10 10 10 10 10 5 5 5 5 5 5 19 19 19 19 19 19 19 4 4 4 6 6 6 4 4 4 7 7 7 12 12 12 12 15 15 15 15 13 13 13 18 18 18 18 14 15 15 15 15 1 1 1 20 20 20 20 14 21 21 21 21 21 21 21 21 21 21 21 21 21 21 21 