17
100
2
3 3 3 3 3 3 3 3 3 3 3 3 3 3 3 4 4 9 9 9 9 12 12 12 13 13 13 13 15 15 15 15 15 15 15 15 15 15 15 15 15 15 15 15 15 15 15 15 15 16 16 16 16 16 16 16 16 16 16 16 16 16 16 16 20 20 20 20 20 20 20 20 20 20 20 20 20 20 21 21 21 21 22 22 22 22 22 24 24 24 24 24 27 27 27 27 29 29 29 29 32 32 32 32 32 32 32 32 32 32 35 35 35 35 35 35 35 35 35 35 35 35 35 35 36 36 36 36 36 36 36 39 39 39 39 39 39 39 43 43 44 44 45 45 45 45 45 47 47 47 47 47 47 47 47 52 52 54 54 54 54 54 54 54 54 54 54 54 54 54 54 54 54 55 55 55 55 55 57 57 57 57 57 57 61 64 64 64 64 64 64 68 68 68 68 68 69 69 69 69 
28 29 30 31 32 33 34 100 101 102 103 104 105 106 184 155 156 92 93 94 95 107 108 109 96 97 98 99 0 1 2 3 4 5 6 64 65 66 67 68 69 70 71 72 73 74 75 76 77 185 186 187 188 189 190 87 88 89 90 91 115 116 117 118 35 36 37 38 39 40 41 42 43 44 45 46 47 48 196 197 198 199 119 120 121 122 123 55 56 57 58 59 17 18 19 20 24 25 26 27 7 8 9 10 11 12 13 21 22 23 142 143 144 145 146 60 61 62 63 82 83 84 85 86 164 165 166 167 168 169 170 157 158 159 160 161 162 163 153 154 171 172 110 111 112 113 114 178 179 180 181 182 183 138 139 15 16 131 132 133 134 135 136 137 124 125 126 127 128 129 130 140 141 191 192 193 194 195 147 148 149 150 151 152 14 49 50 51 52 53 54 173 174 175 176 177 78 79 80 81 
192 192 192 192 192 192 192 234 234 234 234 234 234 234 496 458 458 153 153 153 153 646 646 646 872 872 872 872 192 192 192 192 192 192 192 689 689 689 689 689 689 689 689 689 689 689 689 689 689 616 616 616 616 616 616 655 655 655 655 655 402 402 402 402 689 689 689 689 689 689 689 689 689 689 689 689 689 689 555 555 555 555 488 488 488 488 488 655 655 655 655 655 153 153 153 153 872 872 872 872 234 234 234 234 234 234 234 646 646 646 783 783 783 783 783 402 402 402 402 488 488 488 488 488 487 487 487 487 487 487 487 593 593 593 593 593 593 593 187 187 153 153 783 783 783 783 783 295 295 295 295 295 295 187 187 458 458 593 593 593 593 593 593 593 487 487 487 487 487 487 487 153 153 646 646 646 646 646 295 295 295 295 295 295 496 616 616 616 616 616 616 646 646 646 646 646 555 555 555 555 
0 1 2 3 4 5 6 7 8 9 10 11 12 13 14 15 16 17 18 19 20 21 22 23 24 25 26 27 0 1 2 3 4 5 6 28 29 30 31 32 33 34 35 36 37 38 39 40 41 42 43 44 45 46 47 48 49 50 51 52 53 54 55 56 28 29 30 31 32 33 34 35 36 37 38 39 40 41 57 58 59 60 61 62 63 64 65 48 49 50 51 52 17 18 19 20 24 25 26 27 7 8 9 10 11 12 13 21 22 23 66 67 68 69 70 53 54 55 56 61 62 63 64 65 71 72 73 74 75 76 77 78 79 80 81 82 83 84 85 86 87 88 66 67 68 69 70 89 90 91 92 93 94 85 86 15 16 78 79 80 81 82 83 84 71 72 73 74 75 76 77 87 88 95 96 97 98 99 89 90 91 92 93 94 14 42 43 44 45 46 47 95 96 97 98 99 57 58 59 60 
50472
20
6 7 5 5 4 7 4 7 6 2 7 4 5 2 4 2 3 1 5 14 
16 3 16 35 9 3 16 39 47 4 36 21 22 44 13 43 12 3 55 15 
64 15 24 45 27 32 35 54 57 52 54 69 35 54 29 47 32 61 68 20 
616 192 655 783 153 234 402 593 295 458 487 555 488 153 872 187 646 496 646 689 
1 1 1 1 1 1 1 5 5 5 5 5 5 5 17 9 9 4 4 4 4 16 16 16 14 14 14 14 1 1 1 1 1 1 1 19 19 19 19 19 19 19 19 19 19 19 19 19 19 0 0 0 0 0 0 2 2 2 2 2 6 6 6 6 19 19 19 19 19 19 19 19 19 19 19 19 19 19 11 11 11 11 12 12 12 12 12 2 2 2 2 2 4 4 4 4 14 14 14 14 5 5 5 5 5 5 5 16 16 16 3 3 3 3 3 6 6 6 6 12 12 12 12 12 10 10 10 10 10 10 10 7 7 7 7 7 7 7 15 15 13 13 3 3 3 3 3 8 8 8 8 8 8 15 15 9 9 7 7 7 7 7 7 7 10 10 10 10 10 10 10 13 13 18 18 18 18 18 8 8 8 8 8 8 17 0 0 0 0 0 0 18 18 18 18 18 11 11 11 11 