589
100
2
1 1 1 1 1 1 1 1 1 1 1 3 3 3 3 3 3 3 5 5 5 5 5 5 5 5 5 5 5 5 5 5 5 5 5 5 6 6 6 6 6 6 6 10 10 10 10 10 10 10 10 12 12 15 15 15 15 16 16 16 16 16 16 21 21 21 21 21 26 26 26 26 26 26 26 26 26 26 26 26 35 35 35 35 35 35 35 35 35 36 36 36 36 36 36 37 37 37 37 37 37 37 37 37 37 37 37 37 37 37 37 37 39 39 39 39 41 41 41 41 41 41 44 44 44 44 44 44 44 44 45 45 49 49 49 49 49 50 50 50 50 50 50 50 50 51 51 51 51 52 52 52 52 52 52 53 53 53 54 54 54 54 54 54 54 54 55 55 55 58 58 58 58 58 59 59 59 59 59 59 59 59 64 64 64 64 64 64 64 64 64 64 64 64 66 66 66 66 66 66 
101 102 103 104 105 106 107 108 109 110 111 63 64 65 66 67 89 90 169 170 171 172 173 84 85 86 87 88 158 159 160 161 162 163 164 165 132 133 134 135 136 130 131 122 123 124 125 126 127 128 129 153 154 80 81 82 83 95 96 97 98 99 100 11 12 13 14 15 186 187 188 189 190 191 192 193 91 92 93 94 53 54 55 56 23 24 25 26 27 16 17 76 77 78 79 57 58 59 60 61 62 0 1 2 3 4 5 6 7 8 9 10 149 150 151 152 194 195 196 197 198 199 43 44 45 46 47 48 49 50 41 42 36 37 38 39 40 174 175 176 177 178 179 180 181 182 183 184 185 112 113 114 115 51 52 166 167 168 28 29 30 31 32 33 34 35 155 156 157 18 19 20 21 22 137 138 139 140 141 142 143 144 145 146 147 148 68 69 70 71 72 73 74 75 116 117 118 119 120 121 
930 930 930 930 930 930 930 930 930 930 930 473 473 473 473 473 710 710 357 357 357 357 357 428 428 428 428 428 474 474 474 474 474 474 474 474 305 305 305 305 305 923 923 274 274 274 274 274 274 274 274 710 710 306 306 306 306 650 650 650 650 650 650 473 473 473 473 473 206 206 206 206 206 206 206 206 567 567 567 567 306 306 306 306 428 428 428 428 428 710 710 567 567 567 567 650 650 650 650 650 650 930 930 930 930 930 930 930 930 930 930 930 307 307 307 307 574 574 574 574 574 574 274 274 274 274 274 274 274 274 923 923 305 305 305 305 305 656 656 656 656 656 656 656 656 390 390 390 390 307 307 307 307 710 710 764 764 764 474 474 474 474 474 474 474 474 764 764 764 357 357 357 357 357 656 656 656 656 656 656 656 656 390 390 390 390 206 206 206 206 206 206 206 206 574 574 574 574 574 574 
0 1 2 3 4 5 6 7 8 9 10 11 12 13 14 15 16 17 18 19 20 21 22 23 24 25 26 27 28 29 30 31 32 33 34 35 36 37 38 39 40 41 42 43 44 45 46 47 48 49 50 51 52 53 54 55 56 57 58 59 60 61 62 11 12 13 14 15 63 64 65 66 67 68 69 70 71 72 73 74 53 54 55 56 23 24 25 26 27 16 17 71 72 73 74 57 58 59 60 61 62 0 1 2 3 4 5 6 7 8 9 10 75 76 77 78 79 80 81 82 83 84 43 44 45 46 47 48 49 50 41 42 36 37 38 39 40 85 86 87 88 89 90 91 92 93 94 95 96 75 76 77 78 51 52 97 98 99 28 29 30 31 32 33 34 35 97 98 99 18 19 20 21 22 85 86 87 88 89 90 91 92 93 94 95 96 63 64 65 66 67 68 69 70 79 80 81 82 83 84 
51527
19
4 6 5 6 8 2 4 2 4 5 5 8 4 5 2 3 8 8 11 
39 16 3 41 10 12 51 3 15 5 5 26 26 6 6 53 5 50 1 
52 37 21 66 44 52 64 36 35 58 35 64 36 49 45 55 54 59 37 
307 650 473 574 274 710 390 710 306 357 428 206 567 305 923 764 474 656 930 
18 18 18 18 18 18 18 18 18 18 18 2 2 2 2 2 7 7 9 9 9 9 9 10 10 10 10 10 16 16 16 16 16 16 16 16 13 13 13 13 13 14 14 4 4 4 4 4 4 4 4 5 5 8 8 8 8 1 1 1 1 1 1 2 2 2 2 2 11 11 11 11 11 11 11 11 12 12 12 12 8 8 8 8 10 10 10 10 10 7 7 12 12 12 12 1 1 1 1 1 1 18 18 18 18 18 18 18 18 18 18 18 0 0 0 0 3 3 3 3 3 3 4 4 4 4 4 4 4 4 14 14 13 13 13 13 13 17 17 17 17 17 17 17 17 6 6 6 6 0 0 0 0 5 5 15 15 15 16 16 16 16 16 16 16 16 15 15 15 9 9 9 9 9 17 17 17 17 17 17 17 17 6 6 6 6 11 11 11 11 11 11 11 11 3 3 3 3 3 3 