661
100
2
3 3 3 5 5 5 5 5 6 7 7 7 7 7 7 7 13 13 13 13 14 14 14 14 14 14 14 15 15 15 16 16 16 20 20 20 20 22 22 23 23 23 23 23 23 23 23 23 23 23 23 23 23 23 26 26 26 26 26 26 26 26 26 27 27 27 27 27 27 27 27 27 28 28 28 29 29 29 29 29 35 38 38 38 38 38 38 38 40 40 40 40 41 41 41 41 41 41 41 41 41 41 41 41 41 43 43 43 43 43 43 43 43 44 44 44 44 44 44 44 44 44 44 44 44 44 44 44 44 44 44 44 44 44 44 46 46 46 46 46 49 51 51 51 51 52 52 53 53 53 53 53 53 53 53 53 54 57 57 57 57 57 57 60 60 60 61 61 61 61 61 61 62 62 62 62 62 62 62 64 64 64 64 64 64 66 66 66 66 70 70 70 70 70 70 70 70 70 70 70 
30 31 32 37 38 89 90 91 105 193 194 195 196 197 198 199 141 142 143 144 65 66 67 68 69 70 71 185 186 187 0 1 2 59 60 61 62 3 4 120 121 122 123 124 125 126 127 128 129 130 131 132 133 134 180 181 182 183 184 33 34 35 36 145 146 20 21 22 23 24 25 26 163 164 165 135 136 137 138 139 88 172 173 174 175 176 177 178 80 5 6 7 189 190 191 192 166 167 168 169 170 171 153 154 155 8 113 114 115 116 117 118 119 106 107 108 109 110 111 112 39 40 41 42 43 44 45 46 47 48 49 50 51 52 53 75 76 77 78 79 188 16 17 18 19 63 64 157 158 159 160 161 162 102 103 104 179 147 148 149 150 151 152 72 73 74 96 97 98 99 100 101 81 82 83 84 85 86 87 156 54 55 56 57 58 27 28 29 140 92 93 94 95 9 10 11 12 13 14 15 
902 902 902 261 261 336 336 336 583 709 709 709 709 709 709 709 668 668 668 668 423 423 423 423 423 423 423 546 546 546 902 902 902 190 190 190 190 261 261 839 839 839 839 839 839 839 839 839 839 839 839 839 839 839 273 273 273 273 273 190 190 190 190 656 656 423 423 423 423 423 423 423 374 374 374 851 851 851 851 851 971 370 370 370 370 370 370 370 971 336 336 336 744 744 744 744 526 526 526 526 526 526 349 349 349 583 895 895 895 895 895 895 895 895 895 895 895 895 895 895 839 839 839 839 839 839 839 839 839 839 839 839 839 839 839 851 851 851 851 851 247 668 668 668 668 656 656 151 151 151 151 151 151 349 349 349 764 151 151 151 151 151 151 374 374 374 526 526 526 526 526 526 370 370 370 370 370 370 370 764 273 273 273 273 273 546 546 546 247 744 744 744 744 709 709 709 709 709 709 709 
0 1 2 3 4 5 6 7 8 9 10 11 12 13 14 15 16 17 18 19 20 21 22 23 24 25 26 27 28 29 0 1 2 30 31 32 33 3 4 34 35 36 37 38 39 40 41 42 43 44 45 46 47 48 49 50 51 52 53 30 31 32 33 54 55 20 21 22 23 24 25 26 56 57 58 59 60 61 62 63 64 65 66 67 68 69 70 71 64 5 6 7 72 73 74 75 76 77 78 79 80 81 82 83 84 8 85 86 87 88 89 90 91 85 86 87 88 89 90 91 34 35 36 37 38 39 40 41 42 43 44 45 46 47 48 59 60 61 62 63 92 16 17 18 19 54 55 93 94 95 96 97 98 82 83 84 99 93 94 95 96 97 98 56 57 58 76 77 78 79 80 81 65 66 67 68 69 70 71 99 49 50 51 52 53 27 28 29 92 72 73 74 75 9 10 11 12 13 14 15 
57374
23
1 1 4 3 5 1 7 3 7 2 6 5 6 3 2 3 4 1 7 7 3 4 15 
54 6 41 3 29 35 7 15 38 5 53 26 41 28 27 41 13 49 14 43 5 20 23 
64 43 70 16 46 40 70 66 62 22 57 64 61 60 52 53 51 66 27 44 40 26 44 
764 583 744 902 851 971 709 546 370 261 151 273 526 374 656 349 668 247 423 895 336 190 839 
3 3 3 9 9 20 20 20 1 6 6 6 6 6 6 6 16 16 16 16 18 18 18 18 18 18 18 7 7 7 3 3 3 21 21 21 21 9 9 22 22 22 22 22 22 22 22 22 22 22 22 22 22 22 11 11 11 11 11 21 21 21 21 14 14 18 18 18 18 18 18 18 13 13 13 4 4 4 4 4 5 8 8 8 8 8 8 8 5 20 20 20 2 2 2 2 12 12 12 12 12 12 15 15 15 1 19 19 19 19 19 19 19 19 19 19 19 19 19 19 22 22 22 22 22 22 22 22 22 22 22 22 22 22 22 4 4 4 4 4 17 16 16 16 16 14 14 10 10 10 10 10 10 15 15 15 0 10 10 10 10 10 10 13 13 13 12 12 12 12 12 12 8 8 8 8 8 8 8 0 11 11 11 11 11 7 7 7 17 2 2 2 2 6 6 6 6 6 6 6 