863
100
2
8 8 8 8 8 10 10 10 10 10 10 10 10 10 10 10 10 10 10 10 10 10 13 13 13 13 13 13 14 14 14 14 14 18 18 18 18 18 18 18 20 20 20 20 20 20 20 20 20 20 20 20 20 20 20 20 21 21 21 23 23 23 23 23 23 29 29 29 29 29 29 29 34 34 34 34 34 34 34 34 34 34 34 34 34 34 34 34 34 34 34 34 34 34 34 34 34 34 34 34 34 34 34 35 35 35 35 35 35 35 35 35 35 35 35 35 35 41 41 41 46 46 46 46 46 46 46 46 46 46 46 46 46 46 46 51 51 51 51 51 51 51 51 51 51 51 51 57 57 57 57 57 57 57 57 57 57 57 57 57 57 57 57 57 65 65 65 65 65 65 65 65 65 65 65 65 65 65 65 65 65 65 65 67 67 67 67 67 67 67 67 67 67 67 67 68 68 68 68 68 
28 29 30 31 32 147 148 149 150 151 152 153 154 155 156 157 158 159 160 161 162 163 59 60 61 62 63 64 0 1 2 3 4 65 66 67 68 69 70 71 87 88 89 90 91 92 93 94 95 96 97 98 99 100 101 102 117 118 119 22 23 24 25 26 27 33 34 35 36 37 38 39 120 121 122 123 124 125 126 127 128 129 130 131 132 133 134 40 41 42 43 44 45 46 47 48 49 50 51 52 53 54 55 164 165 166 167 168 169 170 171 172 173 174 175 176 177 56 57 58 72 73 74 75 76 77 78 79 80 81 82 83 84 85 86 183 184 185 186 187 188 189 190 191 192 193 194 5 6 7 8 9 10 11 12 13 14 15 16 17 18 19 20 21 103 104 105 106 107 108 109 110 111 112 113 114 115 116 195 196 197 198 199 135 136 137 138 139 140 141 142 143 144 145 146 178 179 180 181 182 
944 944 944 944 944 920 920 920 920 920 920 920 920 920 920 920 920 920 920 920 920 920 500 500 500 500 500 500 944 944 944 944 944 300 300 300 300 300 300 300 616 616 616 616 616 616 616 616 616 616 616 616 616 616 616 616 193 193 193 500 500 500 500 500 500 300 300 300 300 300 300 300 460 460 460 460 460 460 460 460 460 460 460 460 460 460 460 616 616 616 616 616 616 616 616 616 616 616 616 616 616 616 616 352 352 352 352 352 352 352 352 352 352 352 352 352 352 193 193 193 460 460 460 460 460 460 460 460 460 460 460 460 460 460 460 397 397 397 397 397 397 397 397 397 397 397 397 920 920 920 920 920 920 920 920 920 920 920 920 920 920 920 920 920 352 352 352 352 352 352 352 352 352 352 352 352 352 352 992 992 992 992 992 397 397 397 397 397 397 397 397 397 397 397 397 992 992 992 992 992 
0 1 2 3 4 5 6 7 8 9 10 11 12 13 14 15 16 17 18 19 20 21 22 23 24 25 26 27 0 1 2 3 4 28 29 30 31 32 33 34 35 36 37 38 39 40 41 42 43 44 45 46 47 48 49 50 51 52 53 22 23 24 25 26 27 28 29 30 31 32 33 34 54 55 56 57 58 59 60 61 62 63 64 65 66 67 68 35 36 37 38 39 40 41 42 43 44 45 46 47 48 49 50 69 70 71 72 73 74 75 76 77 78 79 80 81 82 51 52 53 54 55 56 57 58 59 60 61 62 63 64 65 66 67 68 83 84 85 86 87 88 89 90 91 92 93 94 5 6 7 8 9 10 11 12 13 14 15 16 17 18 19 20 21 69 70 71 72 73 74 75 76 77 78 79 80 81 82 95 96 97 98 99 83 84 85 86 87 88 89 90 91 92 93 94 95 96 97 98 99 
57447
10
7 5 15 17 14 6 16 5 3 12 
18 8 34 10 35 13 20 65 21 51 
29 14 46 57 65 23 34 68 41 67 
300 944 460 920 352 500 616 992 193 397 
1 1 1 1 1 3 3 3 3 3 3 3 3 3 3 3 3 3 3 3 3 3 5 5 5 5 5 5 1 1 1 1 1 0 0 0 0 0 0 0 6 6 6 6 6 6 6 6 6 6 6 6 6 6 6 6 8 8 8 5 5 5 5 5 5 0 0 0 0 0 0 0 2 2 2 2 2 2 2 2 2 2 2 2 2 2 2 6 6 6 6 6 6 6 6 6 6 6 6 6 6 6 6 4 4 4 4 4 4 4 4 4 4 4 4 4 4 8 8 8 2 2 2 2 2 2 2 2 2 2 2 2 2 2 2 9 9 9 9 9 9 9 9 9 9 9 9 3 3 3 3 3 3 3 3 3 3 3 3 3 3 3 3 3 4 4 4 4 4 4 4 4 4 4 4 4 4 4 7 7 7 7 7 9 9 9 9 9 9 9 9 9 9 9 9 7 7 7 7 7 