451
100
2
2 2 2 2 2 2 2 2 2 3 3 3 3 3 3 3 3 3 3 5 5 10 10 10 10 10 11 11 11 11 11 11 11 11 13 14 14 14 14 14 14 15 15 15 15 16 16 16 16 16 18 18 18 18 20 20 22 22 22 22 27 27 27 27 27 29 30 30 31 31 31 31 31 31 31 32 32 32 32 32 32 32 32 34 34 34 35 36 36 36 37 37 37 37 37 39 39 39 39 39 42 42 42 42 43 43 44 44 44 44 44 44 44 44 44 44 44 44 44 44 44 44 44 44 44 44 44 44 47 47 48 48 48 49 49 49 49 49 49 49 50 50 51 51 51 51 52 52 52 52 52 55 55 55 59 59 59 59 60 60 60 60 60 62 62 62 62 62 62 62 62 62 62 62 62 62 62 62 62 62 64 64 64 64 64 64 65 65 69 69 69 69 69 69 69 69 69 69 70 70 
75 76 77 78 130 131 132 128 129 45 46 47 48 49 70 71 72 73 74 140 141 86 100 101 102 103 189 190 65 146 147 148 149 150 188 58 135 136 137 138 139 83 84 85 59 9 10 11 12 13 79 80 81 82 90 91 154 155 35 44 191 192 193 194 195 28 68 69 66 67 14 15 16 17 18 0 1 2 3 50 51 52 53 41 42 43 21 151 152 153 54 55 97 98 99 180 181 92 93 94 22 23 24 25 198 199 158 159 160 161 162 163 164 165 166 167 168 169 170 171 172 173 174 175 176 177 178 179 7 8 4 5 6 156 157 36 37 38 39 40 19 20 182 183 184 185 29 30 31 32 33 87 88 89 56 57 133 134 106 107 108 109 110 111 112 113 114 115 116 117 118 119 120 121 122 123 124 125 126 127 95 96 142 143 144 145 196 197 34 26 27 60 61 62 63 64 186 187 104 105 
632 632 632 632 707 707 707 957 957 970 970 970 970 970 614 614 614 614 614 403 403 234 242 242 242 242 469 469 502 638 638 638 638 638 153 248 221 221 221 221 221 777 777 777 168 970 970 970 970 970 353 353 353 353 541 541 310 310 248 168 638 638 638 638 638 502 960 960 960 960 614 614 614 614 614 632 632 632 632 353 353 353 353 777 777 777 234 470 470 470 541 541 386 386 386 345 345 386 386 386 242 242 242 242 155 155 983 983 983 983 983 294 294 294 294 294 294 294 294 294 294 294 294 294 294 294 294 294 957 957 707 707 707 466 466 221 221 221 221 221 403 403 871 871 871 871 638 638 638 638 638 470 470 470 310 310 466 466 983 983 983 983 983 294 294 294 294 294 294 294 294 294 294 294 294 294 294 294 294 294 345 345 871 871 871 871 617 617 153 469 469 638 638 638 638 638 617 617 155 155 
0 1 2 3 4 5 6 7 8 9 10 11 12 13 14 15 16 17 18 19 20 21 22 23 24 25 26 27 28 29 30 31 32 33 34 35 36 37 38 39 40 41 42 43 44 9 10 11 12 13 45 46 47 48 49 50 51 52 35 44 53 54 55 56 57 28 58 59 58 59 14 15 16 17 18 0 1 2 3 45 46 47 48 41 42 43 21 60 61 62 49 50 63 64 65 66 67 63 64 65 22 23 24 25 68 69 70 71 72 73 74 75 76 77 78 79 80 81 82 83 84 85 86 87 88 89 90 91 7 8 4 5 6 92 93 36 37 38 39 40 19 20 94 95 96 97 29 30 31 32 33 60 61 62 51 52 92 93 70 71 72 73 74 75 76 77 78 79 80 81 82 83 84 85 86 87 88 89 90 91 66 67 94 95 96 97 98 99 34 26 27 53 54 55 56 57 98 99 68 69 
52481
30
2 4 2 2 3 1 5 4 2 1 3 5 5 1 1 3 3 2 2 5 1 2 2 4 2 2 5 5 4 17 
22 2 49 39 15 10 44 10 20 14 37 3 14 13 15 2 36 30 11 27 11 65 2 18 43 5 11 3 51 44 
59 32 59 64 34 35 60 42 37 22 39 16 49 69 22 48 55 31 69 69 29 69 47 32 70 50 52 31 64 62 
310 632 466 345 777 234 983 242 541 248 386 970 221 153 168 707 470 960 469 638 502 617 957 353 155 403 638 614 871 294 
1 1 1 1 15 15 15 22 22 11 11 11 11 11 27 27 27 27 27 25 25 5 7 7 7 7 18 18 20 26 26 26 26 26 13 9 12 12 12 12 12 4 4 4 14 11 11 11 11 11 23 23 23 23 8 8 0 0 9 14 19 19 19 19 19 20 17 17 17 17 27 27 27 27 27 1 1 1 1 23 23 23 23 4 4 4 5 16 16 16 8 8 10 10 10 3 3 10 10 10 7 7 7 7 24 24 6 6 6 6 6 29 29 29 29 29 29 29 29 29 29 29 29 29 29 29 29 29 22 22 15 15 15 2 2 12 12 12 12 12 25 25 28 28 28 28 26 26 26 26 26 16 16 16 0 0 2 2 6 6 6 6 6 29 29 29 29 29 29 29 29 29 29 29 29 29 29 29 29 29 3 3 28 28 28 28 21 21 13 18 18 19 19 19 19 19 21 21 24 24 