404
100
2
1 1 1 1 1 4 4 4 4 4 5 5 5 5 5 5 5 6 6 6 7 7 7 7 7 10 10 10 10 10 12 12 12 13 13 13 13 13 17 17 17 17 17 17 17 17 17 17 17 20 20 20 22 22 22 23 23 23 23 23 26 26 26 26 26 26 27 27 27 28 28 28 31 31 31 32 33 33 33 33 33 34 34 34 34 34 34 34 34 34 34 34 34 34 36 36 36 36 36 36 36 36 36 36 36 36 38 38 38 38 38 38 38 38 38 38 38 38 39 39 39 39 39 39 39 39 39 39 41 41 41 41 45 45 45 45 47 47 47 50 50 50 50 51 51 51 51 51 51 52 52 52 52 52 52 54 54 54 54 54 54 54 54 54 54 54 54 54 60 60 60 60 60 61 61 61 65 65 65 65 65 67 67 67 67 67 67 69 69 69 69 69 69 69 69 69 69 69 70 70 
101 102 103 104 105 118 119 120 121 122 181 182 183 184 185 174 175 52 53 54 38 39 40 41 42 55 56 57 58 59 94 95 96 168 169 170 171 172 20 21 22 23 24 44 43 46 45 48 47 69 70 71 17 18 19 25 26 27 28 29 192 193 194 195 196 197 136 137 138 49 50 51 186 198 199 173 176 177 178 179 180 155 156 157 158 159 160 161 162 163 164 165 166 167 30 31 32 139 140 141 142 0 1 2 3 4 143 144 145 146 147 148 149 150 151 152 153 154 5 6 7 8 9 187 188 189 190 191 132 133 134 135 128 129 130 131 66 67 68 97 98 99 100 106 107 108 109 110 111 112 113 114 115 116 117 81 82 83 84 85 86 87 88 89 90 91 92 93 33 34 35 36 37 75 15 16 76 77 78 79 80 10 11 12 13 14 72 123 124 125 126 127 60 61 62 63 64 65 73 74 
542 542 542 542 542 246 246 246 246 246 288 288 288 288 288 745 745 704 704 704 564 564 564 564 564 978 978 978 978 978 583 583 583 790 790 790 790 790 564 564 564 564 564 775 775 775 775 775 775 401 401 401 704 704 704 978 978 978 978 978 187 187 187 187 187 187 497 497 497 401 401 401 683 583 583 770 270 270 270 270 270 189 189 189 189 189 189 189 189 189 189 189 189 189 583 583 583 684 684 684 684 542 542 542 542 542 757 757 757 757 757 757 621 621 621 621 621 621 246 246 246 246 246 362 362 362 362 362 605 605 605 605 605 605 605 605 497 497 497 684 684 684 684 757 757 757 757 757 757 621 621 621 621 621 621 189 189 189 189 189 189 189 189 189 189 189 189 189 790 790 790 790 790 770 745 745 270 270 270 270 270 288 288 288 288 288 683 362 362 362 362 362 187 187 187 187 187 187 583 583 
0 1 2 3 4 5 6 7 8 9 10 11 12 13 14 15 16 17 18 19 20 21 22 23 24 25 26 27 28 29 30 31 32 33 34 35 36 37 20 21 22 23 24 38 38 39 39 40 40 41 42 43 17 18 19 25 26 27 28 29 44 45 46 47 48 49 50 51 52 41 42 43 53 54 55 56 57 58 59 60 61 62 63 64 65 66 67 68 69 70 71 72 73 74 30 31 32 75 76 77 78 0 1 2 3 4 79 80 81 82 83 84 85 86 87 88 89 90 5 6 7 8 9 91 92 93 94 95 96 97 98 99 96 97 98 99 50 51 52 75 76 77 78 79 80 81 82 83 84 85 86 87 88 89 90 62 63 64 65 66 67 68 69 70 71 72 73 74 33 34 35 36 37 56 15 16 57 58 59 60 61 10 11 12 13 14 53 91 92 93 94 95 44 45 46 47 48 49 54 55 
50192
23
5 5 5 3 5 4 5 5 1 3 3 6 1 2 2 6 6 4 3 3 5 5 13 
10 4 33 20 5 41 7 39 32 12 6 38 31 5 31 26 38 36 17 27 13 1 34 
23 39 65 28 67 45 17 69 61 36 22 51 67 61 70 69 52 50 17 47 60 36 54 
978 246 270 401 288 605 564 362 770 583 704 757 683 745 583 187 621 684 775 497 790 542 189 
21 21 21 21 21 1 1 1 1 1 4 4 4 4 4 13 13 10 10 10 6 6 6 6 6 0 0 0 0 0 9 9 9 20 20 20 20 20 6 6 6 6 6 18 18 18 18 18 18 3 3 3 10 10 10 0 0 0 0 0 15 15 15 15 15 15 19 19 19 3 3 3 12 14 14 8 2 2 2 2 2 22 22 22 22 22 22 22 22 22 22 22 22 22 9 9 9 17 17 17 17 21 21 21 21 21 11 11 11 11 11 11 16 16 16 16 16 16 1 1 1 1 1 7 7 7 7 7 5 5 5 5 5 5 5 5 19 19 19 17 17 17 17 11 11 11 11 11 11 16 16 16 16 16 16 22 22 22 22 22 22 22 22 22 22 22 22 22 20 20 20 20 20 8 13 13 2 2 2 2 2 4 4 4 4 4 12 7 7 7 7 7 15 15 15 15 15 15 14 14 