484
100
2
4 4 4 4 4 4 4 4 4 4 4 4 4 4 10 10 10 10 10 10 10 10 10 12 12 12 12 12 12 12 12 12 12 12 12 12 12 12 12 12 12 12 12 12 12 12 12 12 12 12 12 15 15 15 15 16 16 16 16 16 16 16 16 16 16 19 19 19 19 19 19 19 19 19 19 19 23 23 23 23 23 23 23 23 23 23 24 24 24 24 24 25 25 25 25 25 25 25 25 29 29 29 29 29 29 29 29 30 30 30 30 48 48 48 48 48 48 48 48 51 51 51 51 51 51 51 51 51 51 51 55 55 55 55 55 56 56 56 56 56 56 56 56 56 56 56 56 56 56 56 56 56 56 56 56 57 57 57 57 57 57 57 57 58 58 58 58 58 58 58 58 60 60 60 60 60 60 61 61 61 61 61 61 61 61 61 61 61 61 61 61 67 67 67 69 69 69 69 69 69 
37 38 39 40 41 42 43 44 45 46 47 48 49 50 143 144 145 146 147 148 149 150 151 177 178 179 180 181 182 183 184 185 186 187 188 189 190 0 1 2 3 4 5 6 7 8 9 10 11 12 13 107 108 109 110 76 77 78 79 80 81 82 83 84 85 119 120 121 122 123 124 125 126 127 128 129 55 56 57 58 59 60 61 62 63 64 130 131 132 133 134 99 100 101 102 103 104 105 106 91 92 93 94 95 96 97 98 51 52 53 54 135 136 137 138 139 140 141 142 65 66 67 68 69 70 71 72 73 74 75 86 87 88 89 90 111 112 113 114 115 116 117 118 14 15 16 17 18 19 20 21 22 191 192 193 163 164 165 166 167 168 169 170 155 156 157 158 159 160 161 162 194 195 196 197 198 199 23 24 25 26 27 28 29 30 31 32 33 34 35 36 152 153 154 171 172 173 174 175 176 
931 931 931 931 931 931 931 931 931 931 931 931 931 931 900 900 900 900 900 900 900 900 900 377 377 377 377 377 377 377 377 377 377 377 377 377 377 931 931 931 931 931 931 931 931 931 931 931 931 931 931 383 383 383 383 318 318 318 318 318 318 318 318 318 318 476 476 476 476 476 476 476 476 476 476 476 318 318 318 318 318 318 318 318 318 318 496 496 496 496 496 519 519 519 519 519 519 519 519 519 519 519 519 519 519 519 519 383 383 383 383 224 224 224 224 224 224 224 224 476 476 476 476 476 476 476 476 476 476 476 496 496 496 496 496 224 224 224 224 224 224 224 224 900 900 900 900 900 900 900 900 900 894 894 894 552 552 552 552 552 552 552 552 552 552 552 552 552 552 552 552 382 382 382 382 382 382 377 377 377 377 377 377 377 377 377 377 377 377 377 377 894 894 894 382 382 382 382 382 382 
0 1 2 3 4 5 6 7 8 9 10 11 12 13 14 15 16 17 18 19 20 21 22 23 24 25 26 27 28 29 30 31 32 33 34 35 36 0 1 2 3 4 5 6 7 8 9 10 11 12 13 37 38 39 40 41 42 43 44 45 46 47 48 49 50 51 52 53 54 55 56 57 58 59 60 61 41 42 43 44 45 46 47 48 49 50 62 63 64 65 66 67 68 69 70 71 72 73 74 67 68 69 70 71 72 73 74 37 38 39 40 75 76 77 78 79 80 81 82 51 52 53 54 55 56 57 58 59 60 61 62 63 64 65 66 75 76 77 78 79 80 81 82 14 15 16 17 18 19 20 21 22 83 84 85 86 87 88 89 90 91 92 93 86 87 88 89 90 91 92 93 94 95 96 97 98 99 23 24 25 26 27 28 29 30 31 32 33 34 35 36 83 84 85 94 95 96 97 98 99 
54174
12
14 8 8 9 6 5 11 4 3 14 8 10 
12 48 25 10 60 24 19 15 56 4 57 16 
61 56 29 56 69 55 51 30 67 12 58 23 
377 224 519 900 382 496 476 383 894 931 552 318 
9 9 9 9 9 9 9 9 9 9 9 9 9 9 3 3 3 3 3 3 3 3 3 0 0 0 0 0 0 0 0 0 0 0 0 0 0 9 9 9 9 9 9 9 9 9 9 9 9 9 9 7 7 7 7 11 11 11 11 11 11 11 11 11 11 6 6 6 6 6 6 6 6 6 6 6 11 11 11 11 11 11 11 11 11 11 5 5 5 5 5 2 2 2 2 2 2 2 2 2 2 2 2 2 2 2 2 7 7 7 7 1 1 1 1 1 1 1 1 6 6 6 6 6 6 6 6 6 6 6 5 5 5 5 5 1 1 1 1 1 1 1 1 3 3 3 3 3 3 3 3 3 8 8 8 10 10 10 10 10 10 10 10 10 10 10 10 10 10 10 10 4 4 4 4 4 4 0 0 0 0 0 0 0 0 0 0 0 0 0 0 8 8 8 4 4 4 4 4 4 