220
100
2
1 1 1 1 1 3 3 3 3 3 5 5 5 5 5 5 5 5 5 5 5 5 6 6 6 6 6 6 6 6 6 6 6 6 6 6 6 6 6 6 6 6 6 6 6 6 6 10 10 10 10 10 10 10 10 10 10 10 10 12 12 12 12 12 15 15 15 15 15 15 15 15 15 15 15 15 17 17 17 17 17 20 20 20 20 20 20 20 20 20 20 24 24 24 24 24 24 24 24 24 24 24 24 24 24 24 24 24 24 24 24 24 24 24 24 24 24 24 24 24 24 24 24 24 24 39 39 39 39 39 39 39 39 39 39 39 39 39 44 44 44 44 44 44 44 44 44 44 44 44 44 45 45 45 45 45 45 45 45 45 45 45 45 50 50 50 50 50 50 50 50 50 50 50 50 52 52 52 52 52 52 52 52 52 52 52 52 52 58 58 58 58 58 58 58 58 58 58 58 58 
71 72 73 74 75 76 77 78 79 80 163 164 165 166 167 168 169 170 171 172 173 174 175 176 177 178 179 180 181 182 81 82 83 84 85 86 87 88 89 90 64 65 66 67 68 69 70 113 114 115 116 117 118 119 120 121 122 123 124 183 184 185 186 187 40 41 42 43 44 45 46 0 1 2 3 4 5 6 7 8 9 30 31 32 33 34 35 36 37 38 39 92 91 94 93 96 95 98 97 100 99 102 101 104 103 106 105 108 107 110 109 112 111 47 48 49 50 51 52 53 54 55 56 57 58 138 139 140 141 142 143 144 145 146 147 148 149 150 125 126 127 128 129 130 131 132 133 134 135 136 137 188 189 190 191 192 193 194 195 196 197 198 199 10 11 12 13 14 15 16 17 18 19 20 21 22 23 24 25 26 27 28 29 59 60 61 62 63 151 152 153 154 155 156 157 158 159 160 161 162 
503 503 503 503 503 249 249 249 249 249 652 652 652 652 652 652 652 652 652 652 652 652 958 958 958 958 958 958 958 958 238 238 238 238 238 238 238 238 238 238 523 523 523 523 523 523 523 891 891 891 891 891 891 891 891 891 891 891 891 694 694 694 694 694 523 523 523 523 523 523 523 503 503 503 503 503 249 249 249 249 249 238 238 238 238 238 238 238 238 238 238 583 583 583 583 583 583 583 583 583 583 583 583 583 583 583 583 583 583 583 583 583 583 891 891 891 891 891 891 891 891 891 891 891 891 451 451 451 451 451 451 451 451 451 451 451 451 451 451 451 451 451 451 451 451 451 451 451 451 451 451 777 777 777 777 777 777 777 777 777 777 777 777 652 652 652 652 652 652 652 652 652 652 652 652 958 958 958 958 958 958 958 958 694 694 694 694 694 777 777 777 777 777 777 777 777 777 777 777 777 
0 1 2 3 4 5 6 7 8 9 10 11 12 13 14 15 16 17 18 19 20 21 22 23 24 25 26 27 28 29 30 31 32 33 34 35 36 37 38 39 40 41 42 43 44 45 46 47 48 49 50 51 52 53 54 55 56 57 58 59 60 61 62 63 40 41 42 43 44 45 46 0 1 2 3 4 5 6 7 8 9 30 31 32 33 34 35 36 37 38 39 64 64 65 65 66 66 67 67 68 68 69 69 70 70 71 71 72 72 73 73 74 74 47 48 49 50 51 52 53 54 55 56 57 58 75 76 77 78 79 80 81 82 83 84 85 86 87 75 76 77 78 79 80 81 82 83 84 85 86 87 88 89 90 91 92 93 94 95 96 97 98 99 10 11 12 13 14 15 16 17 18 19 20 21 22 23 24 25 26 27 28 29 59 60 61 62 63 88 89 90 91 92 93 94 95 96 97 98 99 
61051
11
8 11 12 10 13 5 7 5 12 5 12 
6 24 10 6 39 12 6 3 45 1 5 
52 24 24 20 44 52 15 17 58 15 50 
958 583 891 238 451 694 523 249 777 503 652 
9 9 9 9 9 7 7 7 7 7 10 10 10 10 10 10 10 10 10 10 10 10 0 0 0 0 0 0 0 0 3 3 3 3 3 3 3 3 3 3 6 6 6 6 6 6 6 2 2 2 2 2 2 2 2 2 2 2 2 5 5 5 5 5 6 6 6 6 6 6 6 9 9 9 9 9 7 7 7 7 7 3 3 3 3 3 3 3 3 3 3 1 1 1 1 1 1 1 1 1 1 1 1 1 1 1 1 1 1 1 1 1 1 2 2 2 2 2 2 2 2 2 2 2 2 4 4 4 4 4 4 4 4 4 4 4 4 4 4 4 4 4 4 4 4 4 4 4 4 4 4 8 8 8 8 8 8 8 8 8 8 8 8 10 10 10 10 10 10 10 10 10 10 10 10 0 0 0 0 0 0 0 0 5 5 5 5 5 8 8 8 8 8 8 8 8 8 8 8 8 