572
100
2
1 1 1 1 1 2 2 2 2 2 3 5 7 7 7 7 7 7 7 7 7 7 8 8 8 8 8 8 10 10 10 10 11 11 11 11 11 11 13 13 13 13 14 14 14 14 14 14 14 17 17 17 17 17 17 17 17 17 17 17 17 17 17 17 17 17 17 17 17 18 18 18 18 18 18 19 20 20 20 20 22 22 22 22 25 25 25 25 26 26 26 26 31 31 31 31 31 31 34 35 37 37 37 37 39 39 39 39 40 40 40 40 40 40 41 41 42 42 43 43 43 43 43 43 48 48 48 49 49 49 49 49 49 49 49 49 49 53 54 54 54 55 55 55 55 56 58 58 58 59 59 59 59 59 62 62 62 62 62 62 62 62 62 62 62 62 62 62 62 62 62 62 62 62 63 63 63 65 65 65 65 66 66 66 66 66 66 66 66 66 66 68 68 68 68 68 68 68 70 70 
138 139 140 114 115 22 23 24 25 26 38 98 149 150 151 152 153 193 194 195 196 197 5 6 7 8 9 31 39 40 41 27 118 119 120 121 122 123 10 28 29 30 127 128 129 130 131 132 145 154 155 156 157 158 159 160 161 162 163 164 165 166 167 168 169 170 171 172 173 174 175 176 146 147 148 137 80 81 82 83 76 77 78 79 133 134 135 136 92 93 94 95 88 89 90 91 198 199 11 141 177 178 179 180 181 182 183 184 185 186 187 188 189 190 3 4 191 192 32 33 34 35 36 37 142 143 144 42 43 44 45 46 47 84 85 86 87 75 0 1 2 99 124 125 126 48 72 73 74 12 13 14 15 16 49 50 51 52 53 54 55 56 57 58 59 60 61 62 63 64 65 66 67 68 69 70 71 100 101 102 103 104 105 106 107 108 109 110 111 112 113 116 117 17 18 19 20 21 96 97 
960 960 960 643 643 874 874 874 874 874 468 331 896 896 896 896 896 502 502 502 502 502 874 874 874 874 874 669 599 599 599 669 464 464 464 464 464 464 468 599 599 599 438 438 438 438 438 438 187 662 662 662 662 662 662 662 662 662 662 662 662 662 662 662 662 662 662 662 662 483 483 483 498 498 498 683 636 636 636 636 636 636 636 636 152 152 152 152 171 171 171 171 171 171 171 171 400 400 331 311 350 350 350 350 265 265 265 265 231 231 231 231 231 231 643 643 151 151 464 464 464 464 464 464 413 413 413 438 438 438 438 438 438 152 152 152 152 683 960 960 960 311 413 413 413 187 498 498 498 896 896 896 896 896 662 662 662 662 662 662 662 662 662 662 662 662 662 662 662 662 662 662 662 662 483 483 483 350 350 350 350 265 265 265 265 231 231 231 231 231 231 151 151 502 502 502 502 502 400 400 
0 1 2 3 4 5 6 7 8 9 10 11 12 13 14 15 16 17 18 19 20 21 5 6 7 8 9 22 23 24 25 22 26 27 28 29 30 31 10 23 24 25 32 33 34 35 36 37 38 39 40 41 42 43 44 45 46 47 48 49 50 51 52 53 54 55 56 57 58 59 60 61 62 63 64 65 66 67 68 69 66 67 68 69 70 71 72 73 74 75 76 77 74 75 76 77 78 79 11 80 81 82 83 84 85 86 87 88 89 90 91 92 93 94 3 4 95 96 26 27 28 29 30 31 97 98 99 32 33 34 35 36 37 70 71 72 73 65 0 1 2 80 97 98 99 38 62 63 64 12 13 14 15 16 39 40 41 42 43 44 45 46 47 48 49 50 51 52 53 54 55 56 57 58 59 60 61 81 82 83 84 85 86 87 88 89 90 91 92 93 94 95 96 17 18 19 20 21 78 79 
51590
26
5 3 1 2 6 4 6 4 4 4 4 3 5 1 1 3 3 1 1 6 2 5 2 3 1 20 
7 1 3 42 14 39 11 20 26 25 37 18 7 14 35 18 10 5 19 40 31 2 1 48 8 17 
59 54 13 68 49 66 43 22 31 49 65 63 68 56 55 58 13 34 53 66 70 8 41 55 10 62 
896 960 468 151 438 265 464 636 171 152 350 483 502 187 311 498 599 331 683 231 400 874 643 413 669 662 
1 1 1 22 22 21 21 21 21 21 2 17 0 0 0 0 0 12 12 12 12 12 21 21 21 21 21 24 16 16 16 24 6 6 6 6 6 6 2 16 16 16 4 4 4 4 4 4 13 25 25 25 25 25 25 25 25 25 25 25 25 25 25 25 25 25 25 25 25 11 11 11 15 15 15 18 7 7 7 7 7 7 7 7 9 9 9 9 8 8 8 8 8 8 8 8 20 20 17 14 10 10 10 10 5 5 5 5 19 19 19 19 19 19 22 22 3 3 6 6 6 6 6 6 23 23 23 4 4 4 4 4 4 9 9 9 9 18 1 1 1 14 23 23 23 13 15 15 15 0 0 0 0 0 25 25 25 25 25 25 25 25 25 25 25 25 25 25 25 25 25 25 25 25 11 11 11 10 10 10 10 5 5 5 5 19 19 19 19 19 19 3 3 12 12 12 12 12 20 20 