24
100
2
1 1 1 1 4 4 8 8 8 8 8 8 10 12 13 13 13 16 16 16 16 16 16 16 18 18 19 19 19 19 19 19 19 19 19 19 21 21 21 21 21 21 25 25 25 25 25 25 26 26 26 27 27 27 27 27 27 27 28 28 28 28 28 28 28 30 30 30 33 37 37 37 37 37 37 38 38 38 38 39 39 39 39 39 39 39 39 39 39 39 40 40 40 40 40 40 40 40 40 40 40 40 40 40 41 41 41 41 41 41 41 41 41 41 41 41 42 42 42 42 42 42 42 46 46 46 46 47 47 47 47 50 50 50 50 51 51 51 51 51 51 51 55 55 55 55 55 55 55 55 55 55 55 55 55 56 56 56 56 56 56 56 57 57 57 57 57 61 61 61 61 61 61 61 63 63 63 63 64 66 66 66 66 66 69 69 69 69 69 69 69 69 69 69 69 69 69 70 70 70 
131 132 133 134 75 76 42 43 44 45 46 47 68 178 48 49 50 116 117 118 119 120 121 122 182 183 167 168 169 170 171 172 173 197 198 199 110 111 112 113 114 115 6 7 8 9 10 11 14 15 16 155 156 157 158 159 160 161 90 91 92 93 94 95 96 179 180 181 12 123 124 125 126 77 78 4 5 73 74 104 105 106 107 108 109 162 163 164 165 166 58 59 60 61 62 63 64 135 136 137 138 139 140 141 79 80 81 82 83 84 36 37 38 39 40 41 17 18 19 20 21 22 23 69 70 71 72 174 175 176 177 0 1 2 3 97 98 99 100 101 102 103 184 185 186 187 188 189 190 191 192 193 194 195 196 51 52 53 54 55 56 57 85 86 87 88 89 26 27 28 29 30 31 32 127 128 129 130 13 65 66 67 24 25 142 143 144 145 146 147 148 149 150 151 152 153 154 33 34 35 
380 380 380 380 972 972 284 284 284 284 284 284 382 511 813 813 813 638 638 638 638 638 638 638 793 793 548 548 548 548 548 548 548 594 594 594 573 573 573 573 573 573 284 284 284 284 284 284 813 813 813 755 755 755 755 755 755 755 209 209 209 209 209 209 209 755 755 755 382 480 480 480 480 297 297 972 972 297 297 336 336 336 336 336 336 634 634 634 634 634 209 209 209 209 209 209 209 284 284 284 284 284 284 284 336 336 336 336 336 336 573 573 573 573 573 573 638 638 638 638 638 638 638 480 480 480 480 181 181 181 181 380 380 380 380 284 284 284 284 284 284 284 927 927 927 927 927 927 927 927 927 927 927 927 927 755 755 755 755 755 755 755 634 634 634 634 634 548 548 548 548 548 548 548 181 181 181 181 511 755 755 755 793 793 927 927 927 927 927 927 927 927 927 927 927 927 927 594 594 594 
0 1 2 3 4 5 6 7 8 9 10 11 12 13 14 15 16 17 18 19 20 21 22 23 24 25 26 27 28 29 30 31 32 33 34 35 36 37 38 39 40 41 6 7 8 9 10 11 14 15 16 42 43 44 45 46 47 48 49 50 51 52 53 54 55 56 57 58 12 59 60 61 62 63 64 4 5 63 64 65 66 67 68 69 70 71 72 73 74 75 49 50 51 52 53 54 55 76 77 78 79 80 81 82 65 66 67 68 69 70 36 37 38 39 40 41 17 18 19 20 21 22 23 59 60 61 62 83 84 85 86 0 1 2 3 76 77 78 79 80 81 82 87 88 89 90 91 92 93 94 95 96 97 98 99 42 43 44 45 46 47 48 71 72 73 74 75 26 27 28 29 30 31 32 83 84 85 86 13 56 57 58 24 25 87 88 89 90 91 92 93 94 95 96 97 98 99 33 34 35 
55084
21
2 6 6 7 3 5 7 4 4 1 7 3 2 7 2 7 3 4 6 1 13 
4 39 21 16 30 39 28 1 37 12 19 13 37 40 18 27 19 47 8 10 55 
38 41 41 42 66 57 40 50 46 64 61 26 38 51 66 56 70 63 25 33 69 
972 336 573 638 755 634 209 380 480 511 548 813 297 284 793 755 594 181 284 382 927 
7 7 7 7 0 0 18 18 18 18 18 18 19 9 11 11 11 3 3 3 3 3 3 3 14 14 10 10 10 10 10 10 10 16 16 16 2 2 2 2 2 2 18 18 18 18 18 18 11 11 11 15 15 15 15 15 15 15 6 6 6 6 6 6 6 4 4 4 19 8 8 8 8 12 12 0 0 12 12 1 1 1 1 1 1 5 5 5 5 5 6 6 6 6 6 6 6 13 13 13 13 13 13 13 1 1 1 1 1 1 2 2 2 2 2 2 3 3 3 3 3 3 3 8 8 8 8 17 17 17 17 7 7 7 7 13 13 13 13 13 13 13 20 20 20 20 20 20 20 20 20 20 20 20 20 15 15 15 15 15 15 15 5 5 5 5 5 10 10 10 10 10 10 10 17 17 17 17 9 4 4 4 14 14 20 20 20 20 20 20 20 20 20 20 20 20 20 16 16 16 