562
100
2
1 1 1 1 1 1 1 1 1 2 2 2 3 3 3 3 3 3 7 7 7 7 7 7 7 7 11 11 12 12 12 12 12 12 24 24 24 24 24 24 24 24 24 24 24 24 24 24 24 24 24 24 28 28 28 28 28 28 28 30 30 30 30 30 30 30 35 35 35 35 35 35 35 35 35 37 37 37 42 42 42 42 42 42 42 42 43 43 43 43 43 43 43 43 43 43 43 43 43 43 43 49 49 49 49 49 49 49 49 49 49 49 54 54 54 54 54 54 54 55 55 55 55 55 55 55 55 55 55 55 55 55 55 55 55 55 56 56 56 56 56 56 56 56 56 57 57 57 57 57 57 57 57 58 58 58 58 58 58 58 58 58 58 58 65 65 65 65 65 65 65 67 67 67 67 67 67 68 68 68 68 68 68 70 70 70 70 70 70 70 70 70 70 70 70 70 70 70 70 70 
66 67 68 69 70 71 72 73 74 75 76 77 171 172 173 174 175 176 119 120 121 122 123 124 125 126 34 35 177 178 179 180 181 182 26 27 112 113 114 115 116 117 118 127 128 129 130 131 132 133 134 135 86 87 88 89 90 91 92 164 165 166 167 168 169 170 0 1 2 3 4 5 6 7 8 9 10 11 145 146 147 148 149 150 151 152 52 53 54 55 56 57 58 183 184 185 186 187 188 189 190 153 154 155 156 157 158 159 160 161 162 163 36 37 38 39 40 41 42 18 19 20 21 22 23 24 25 43 44 45 46 47 48 49 50 51 191 192 193 194 195 196 197 198 199 78 79 80 81 82 83 84 85 101 102 103 104 105 106 107 108 109 110 111 59 60 61 62 63 64 65 12 13 14 15 16 17 28 29 30 31 32 33 93 94 95 96 97 98 99 100 136 137 138 139 140 141 142 143 144 
779 779 779 779 779 779 779 779 779 284 284 284 324 324 324 324 324 324 340 340 340 340 340 340 340 340 496 496 908 908 908 908 908 908 496 496 834 834 834 834 834 834 834 860 860 860 860 860 860 860 860 860 342 342 342 342 342 342 342 811 811 811 811 811 811 811 779 779 779 779 779 779 779 779 779 284 284 284 190 190 190 190 190 190 190 190 342 342 342 342 342 342 342 462 462 462 462 462 462 462 462 884 884 884 884 884 884 884 884 884 884 884 834 834 834 834 834 834 834 340 340 340 340 340 340 340 340 860 860 860 860 860 860 860 860 860 947 947 947 947 947 947 947 947 947 190 190 190 190 190 190 190 190 884 884 884 884 884 884 884 884 884 884 884 811 811 811 811 811 811 811 324 324 324 324 324 324 908 908 908 908 908 908 462 462 462 462 462 462 462 462 947 947 947 947 947 947 947 947 947 
0 1 2 3 4 5 6 7 8 9 10 11 12 13 14 15 16 17 18 19 20 21 22 23 24 25 26 27 28 29 30 31 32 33 26 27 34 35 36 37 38 39 40 41 42 43 44 45 46 47 48 49 50 51 52 53 54 55 56 57 58 59 60 61 62 63 0 1 2 3 4 5 6 7 8 9 10 11 64 65 66 67 68 69 70 71 50 51 52 53 54 55 56 72 73 74 75 76 77 78 79 80 81 82 83 84 85 86 87 88 89 90 34 35 36 37 38 39 40 18 19 20 21 22 23 24 25 41 42 43 44 45 46 47 48 49 91 92 93 94 95 96 97 98 99 64 65 66 67 68 69 70 71 80 81 82 83 84 85 86 87 88 89 90 57 58 59 60 61 62 63 12 13 14 15 16 17 28 29 30 31 32 33 72 73 74 75 76 77 78 79 91 92 93 94 95 96 97 98 99 
64079
14
7 2 9 3 8 7 9 6 6 8 7 8 9 11 
28 11 1 2 43 30 56 3 12 7 24 42 24 49 
43 24 35 37 70 65 70 67 68 55 54 57 55 58 
342 496 779 284 462 811 947 324 908 340 834 190 860 884 
2 2 2 2 2 2 2 2 2 3 3 3 7 7 7 7 7 7 9 9 9 9 9 9 9 9 1 1 8 8 8 8 8 8 1 1 10 10 10 10 10 10 10 12 12 12 12 12 12 12 12 12 0 0 0 0 0 0 0 5 5 5 5 5 5 5 2 2 2 2 2 2 2 2 2 3 3 3 11 11 11 11 11 11 11 11 0 0 0 0 0 0 0 4 4 4 4 4 4 4 4 13 13 13 13 13 13 13 13 13 13 13 10 10 10 10 10 10 10 9 9 9 9 9 9 9 9 12 12 12 12 12 12 12 12 12 6 6 6 6 6 6 6 6 6 11 11 11 11 11 11 11 11 13 13 13 13 13 13 13 13 13 13 13 5 5 5 5 5 5 5 7 7 7 7 7 7 8 8 8 8 8 8 4 4 4 4 4 4 4 4 6 6 6 6 6 6 6 6 6 