665
100
2
2 2 2 4 4 4 8 8 8 11 11 11 11 11 11 11 11 17 17 17 17 17 17 17 17 17 22 22 22 22 22 22 22 22 25 25 25 25 25 25 25 25 25 26 26 26 26 26 26 28 28 28 28 28 30 30 30 30 30 30 32 32 32 32 35 35 35 35 35 35 35 35 35 35 39 39 39 39 39 40 40 40 40 40 40 40 40 40 40 40 40 41 41 41 41 41 41 42 42 42 42 42 42 46 46 46 50 50 50 50 50 50 50 50 50 50 50 50 50 51 51 51 51 51 51 51 51 62 62 63 63 63 63 63 63 63 63 63 63 63 63 63 63 63 63 63 63 63 63 63 63 63 64 64 64 64 64 64 64 64 64 64 65 65 65 65 65 65 65 65 65 65 65 65 65 65 67 67 67 67 67 67 67 67 67 67 67 67 68 68 68 68 68 68 68 68 68 68 68 68 
3 4 5 0 1 2 103 104 105 83 84 85 86 87 88 89 90 34 35 36 37 38 39 40 41 42 119 120 121 122 123 124 125 126 17 18 19 20 21 22 23 24 25 54 55 56 57 58 59 74 75 76 77 78 43 44 45 46 47 48 79 80 81 82 129 130 131 132 133 134 135 136 137 138 49 50 51 52 53 60 61 62 63 9 10 11 12 13 14 15 16 97 98 99 100 101 102 91 92 93 94 95 96 6 7 8 139 140 141 142 143 144 145 146 147 148 149 150 151 26 27 28 29 30 31 32 33 162 163 64 65 66 67 68 69 70 71 72 73 106 107 108 109 110 111 112 113 114 115 116 117 118 153 152 155 154 157 156 159 158 161 160 127 128 176 177 178 179 180 181 182 183 184 185 186 187 164 165 166 167 168 169 170 171 172 173 174 175 189 188 191 190 193 192 195 194 197 196 199 198 
890 890 890 890 890 890 686 686 686 962 962 962 962 962 962 962 962 873 873 873 873 873 873 873 873 873 592 592 592 592 592 592 592 592 873 873 873 873 873 873 873 873 873 472 472 472 472 472 472 500 500 500 500 500 472 472 472 472 472 472 690 690 690 690 251 251 251 251 251 251 251 251 251 251 500 500 500 500 500 690 690 690 690 962 962 962 962 962 962 962 962 876 876 876 876 876 876 876 876 876 876 876 876 686 686 686 430 430 430 430 430 430 430 430 430 430 430 430 430 592 592 592 592 592 592 592 592 657 657 251 251 251 251 251 251 251 251 251 251 430 430 430 430 430 430 430 430 430 430 430 430 430 975 975 975 975 975 975 975 975 975 975 657 657 196 196 196 196 196 196 196 196 196 196 196 196 196 196 196 196 196 196 196 196 196 196 196 196 641 641 641 641 641 641 641 641 641 641 641 641 
0 1 2 0 1 2 3 4 5 6 7 8 9 10 11 12 13 14 15 16 17 18 19 20 21 22 23 24 25 26 27 28 29 30 14 15 16 17 18 19 20 21 22 31 32 33 34 35 36 37 38 39 40 41 31 32 33 34 35 36 42 43 44 45 46 47 48 49 50 51 52 53 54 55 37 38 39 40 41 42 43 44 45 6 7 8 9 10 11 12 13 56 57 58 59 60 61 56 57 58 59 60 61 3 4 5 62 63 64 65 66 67 68 69 70 71 72 73 74 23 24 25 26 27 28 29 30 75 76 46 47 48 49 50 51 52 53 54 55 62 63 64 65 66 67 68 69 70 71 72 73 74 77 77 78 78 79 79 80 80 81 81 75 76 82 83 84 85 86 87 88 89 90 91 92 93 82 83 84 85 86 87 88 89 90 91 92 93 94 94 95 95 96 96 97 97 98 98 99 99 
58852
15
5 4 6 8 2 6 8 6 3 3 9 5 10 12 13 
28 32 26 22 62 41 11 68 8 2 17 64 35 65 50 
39 40 30 51 65 42 40 68 46 4 25 64 63 67 63 
500 690 472 592 657 876 962 641 686 890 873 975 251 196 430 
9 9 9 9 9 9 8 8 8 6 6 6 6 6 6 6 6 10 10 10 10 10 10 10 10 10 3 3 3 3 3 3 3 3 10 10 10 10 10 10 10 10 10 2 2 2 2 2 2 0 0 0 0 0 2 2 2 2 2 2 1 1 1 1 12 12 12 12 12 12 12 12 12 12 0 0 0 0 0 1 1 1 1 6 6 6 6 6 6 6 6 5 5 5 5 5 5 5 5 5 5 5 5 8 8 8 14 14 14 14 14 14 14 14 14 14 14 14 14 3 3 3 3 3 3 3 3 4 4 12 12 12 12 12 12 12 12 12 12 14 14 14 14 14 14 14 14 14 14 14 14 14 11 11 11 11 11 11 11 11 11 11 4 4 13 13 13 13 13 13 13 13 13 13 13 13 13 13 13 13 13 13 13 13 13 13 13 13 7 7 7 7 7 7 7 7 7 7 7 7 