196
100
2
5 8 8 8 8 8 8 8 8 8 8 8 8 12 19 19 19 22 22 22 22 22 22 24 24 24 24 24 24 24 24 24 24 24 24 24 24 24 24 24 24 24 24 26 26 26 26 26 26 26 26 26 29 29 29 29 29 29 30 30 30 30 30 30 30 30 30 30 30 30 30 30 30 30 30 30 32 32 32 32 32 32 35 35 35 35 35 38 38 38 38 38 38 38 38 38 39 39 39 39 40 40 40 40 40 40 40 40 40 40 40 40 40 40 40 40 40 40 40 40 40 41 41 41 41 41 41 42 42 42 42 42 42 45 45 45 45 45 45 45 45 45 45 47 47 47 47 47 49 49 49 49 51 51 51 51 51 51 51 51 51 51 53 53 53 53 53 62 62 62 62 62 62 63 63 63 63 63 63 63 63 63 63 64 64 65 65 65 65 65 65 67 67 67 67 67 67 70 70 70 
13 183 184 133 134 135 136 137 138 139 140 141 142 0 82 83 84 127 128 129 130 131 132 85 86 103 104 105 106 107 108 109 110 111 112 113 114 115 116 117 118 119 120 87 88 89 90 91 92 93 94 95 167 168 169 170 171 172 59 58 61 60 63 62 65 64 67 66 69 68 71 70 73 72 75 74 121 122 123 124 125 126 14 15 16 23 24 43 44 45 46 47 48 49 50 51 148 149 150 151 197 198 199 25 26 27 28 29 30 31 32 33 34 35 36 37 38 39 40 41 42 76 77 78 79 80 81 17 18 19 20 21 22 3 4 5 6 7 8 9 10 11 12 162 163 164 165 166 96 97 98 99 173 174 175 176 177 178 179 180 181 182 143 144 145 146 147 52 53 54 55 56 57 152 153 154 155 156 157 158 159 160 161 1 2 191 192 193 194 195 196 185 186 187 188 189 190 100 101 102 
349 338 338 867 867 867 867 867 867 867 867 867 867 349 456 456 456 273 273 273 273 273 273 245 245 689 689 689 689 689 689 689 689 689 689 689 689 689 689 689 689 689 689 306 306 306 306 306 306 306 306 306 499 499 499 499 499 499 873 873 873 873 873 873 873 873 873 873 873 873 873 873 873 873 873 873 271 271 271 271 271 271 456 456 456 245 245 306 306 306 306 306 306 306 306 306 562 562 562 562 275 275 275 689 689 689 689 689 689 689 689 689 689 689 689 689 689 689 689 689 689 271 271 271 271 271 271 273 273 273 273 273 273 867 867 867 867 867 867 867 867 867 867 538 538 538 538 538 562 562 562 562 714 714 714 714 714 714 714 714 714 714 538 538 538 538 538 499 499 499 499 499 499 714 714 714 714 714 714 714 714 714 714 338 338 500 500 500 500 500 500 500 500 500 500 500 500 275 275 275 
0 1 2 3 4 5 6 7 8 9 10 11 12 0 13 14 15 16 17 18 19 20 21 22 23 24 25 26 27 28 29 30 31 32 33 34 35 36 37 38 39 40 41 42 43 44 45 46 47 48 49 50 51 52 53 54 55 56 57 57 58 58 59 59 60 60 61 61 62 62 63 63 64 64 65 65 66 67 68 69 70 71 13 14 15 22 23 42 43 44 45 46 47 48 49 50 72 73 74 75 76 77 78 24 25 26 27 28 29 30 31 32 33 34 35 36 37 38 39 40 41 66 67 68 69 70 71 16 17 18 19 20 21 3 4 5 6 7 8 9 10 11 12 79 80 81 82 83 72 73 74 75 84 85 86 87 88 89 90 91 92 93 79 80 81 82 83 51 52 53 54 55 56 84 85 86 87 88 89 90 91 92 93 1 2 94 95 96 97 98 99 94 95 96 97 98 99 76 77 78 
56727
16
6 6 1 10 9 9 6 2 3 4 2 6 10 5 3 18 
32 22 5 51 26 30 65 8 19 39 24 29 8 47 40 24 
41 42 12 63 38 30 67 64 35 49 35 62 45 53 70 40 
271 273 349 714 306 873 500 338 456 562 245 499 867 538 275 689 
2 7 7 12 12 12 12 12 12 12 12 12 12 2 8 8 8 1 1 1 1 1 1 10 10 15 15 15 15 15 15 15 15 15 15 15 15 15 15 15 15 15 15 4 4 4 4 4 4 4 4 4 11 11 11 11 11 11 5 5 5 5 5 5 5 5 5 5 5 5 5 5 5 5 5 5 0 0 0 0 0 0 8 8 8 10 10 4 4 4 4 4 4 4 4 4 9 9 9 9 14 14 14 15 15 15 15 15 15 15 15 15 15 15 15 15 15 15 15 15 15 0 0 0 0 0 0 1 1 1 1 1 1 12 12 12 12 12 12 12 12 12 12 13 13 13 13 13 9 9 9 9 3 3 3 3 3 3 3 3 3 3 13 13 13 13 13 11 11 11 11 11 11 3 3 3 3 3 3 3 3 3 3 7 7 6 6 6 6 6 6 6 6 6 6 6 6 14 14 14 