797
100
2
8 8 8 8 8 8 9 9 9 10 10 10 10 10 10 10 10 10 10 10 10 10 10 10 10 10 10 10 10 10 10 11 11 11 11 11 12 12 12 12 12 13 13 13 13 15 15 15 15 15 15 15 15 15 15 15 15 15 15 15 16 16 18 18 18 18 18 21 21 22 22 22 22 22 22 22 22 22 22 22 22 22 22 25 25 25 26 26 26 26 26 26 26 27 27 27 27 27 30 30 30 31 31 31 31 31 32 32 32 32 33 33 33 33 36 37 37 37 37 40 40 40 40 40 40 40 40 40 40 40 41 41 41 41 41 41 41 41 44 45 45 45 48 48 48 48 48 49 49 49 49 49 52 52 52 52 52 52 54 56 56 56 56 56 57 57 57 57 58 58 58 59 59 59 59 63 63 63 63 63 63 63 63 63 63 63 63 66 66 66 66 66 66 69 69 69 70 70 70 70 
124 125 126 127 128 129 193 194 195 164 165 166 182 183 184 185 186 69 70 71 72 73 74 75 76 77 78 79 80 81 82 110 111 112 113 167 101 102 103 104 105 152 153 154 155 62 63 64 65 66 168 169 170 196 197 198 199 190 191 192 156 157 45 46 47 48 49 180 181 17 18 19 20 21 22 23 24 25 26 27 28 29 30 187 188 189 175 176 93 94 95 96 97 88 89 90 91 92 139 140 141 36 37 38 39 40 130 131 132 133 31 32 33 34 138 158 177 178 179 142 143 144 145 146 0 1 2 3 4 5 106 107 108 109 171 172 173 174 114 98 99 100 119 120 121 122 123 159 160 161 162 163 41 42 43 44 60 61 115 147 148 149 150 151 9 10 11 35 50 51 52 134 135 136 137 86 87 116 117 118 67 68 12 13 14 15 16 83 84 85 57 58 59 6 7 8 53 54 55 56 
830 830 830 830 830 830 442 442 442 180 180 180 606 606 606 606 606 554 554 554 554 554 554 554 554 554 554 554 554 554 554 496 496 496 496 499 927 927 927 927 927 867 867 867 867 891 891 891 891 891 435 435 435 216 216 216 216 677 677 677 715 715 891 891 891 891 891 369 369 554 554 554 554 554 554 554 554 554 554 554 554 554 554 447 447 447 791 791 755 755 755 755 755 755 755 755 755 755 840 840 840 927 927 927 927 927 717 717 717 717 496 496 496 496 357 154 507 507 507 266 266 266 266 266 830 830 830 830 830 830 717 717 717 717 654 654 654 654 357 840 840 840 266 266 266 266 266 520 520 520 520 520 867 867 867 867 715 715 154 520 520 520 520 520 180 180 180 499 435 435 435 654 654 654 654 791 791 507 507 507 369 369 606 606 606 606 606 447 447 447 677 677 677 442 442 442 216 216 216 216 
0 1 2 3 4 5 6 7 8 9 10 11 12 13 14 15 16 17 18 19 20 21 22 23 24 25 26 27 28 29 30 31 32 33 34 35 36 37 38 39 40 41 42 43 44 45 46 47 48 49 50 51 52 53 54 55 56 57 58 59 60 61 45 46 47 48 49 62 63 17 18 19 20 21 22 23 24 25 26 27 28 29 30 64 65 66 67 68 69 70 71 72 73 69 70 71 72 73 74 75 76 36 37 38 39 40 77 78 79 80 31 32 33 34 81 82 83 84 85 86 87 88 89 90 0 1 2 3 4 5 77 78 79 80 91 92 93 94 81 74 75 76 86 87 88 89 90 95 96 97 98 99 41 42 43 44 60 61 82 95 96 97 98 99 9 10 11 35 50 51 52 91 92 93 94 67 68 83 84 85 62 63 12 13 14 15 16 64 65 66 57 58 59 6 7 8 53 54 55 56 
59705
26
4 1 2 1 5 6 5 5 3 4 5 3 3 3 2 3 5 4 4 2 3 5 3 4 1 14 
13 36 26 37 40 8 15 12 15 11 26 25 10 30 16 37 49 32 15 21 9 10 15 41 11 10 
52 44 63 54 48 40 18 31 58 33 27 66 57 45 52 63 56 41 70 63 69 63 66 59 57 22 
867 357 791 154 266 830 891 927 435 496 755 447 180 840 715 507 520 717 216 369 442 606 677 654 499 554 
5 5 5 5 5 5 20 20 20 12 12 12 21 21 21 21 21 25 25 25 25 25 25 25 25 25 25 25 25 25 25 9 9 9 9 24 7 7 7 7 7 0 0 0 0 6 6 6 6 6 8 8 8 18 18 18 18 22 22 22 14 14 6 6 6 6 6 19 19 25 25 25 25 25 25 25 25 25 25 25 25 25 25 11 11 11 2 2 10 10 10 10 10 10 10 10 10 10 13 13 13 7 7 7 7 7 17 17 17 17 9 9 9 9 1 3 15 15 15 4 4 4 4 4 5 5 5 5 5 5 17 17 17 17 23 23 23 23 1 13 13 13 4 4 4 4 4 16 16 16 16 16 0 0 0 0 14 14 3 16 16 16 16 16 12 12 12 24 8 8 8 23 23 23 23 2 2 15 15 15 19 19 21 21 21 21 21 11 11 11 22 22 22 20 20 20 18 18 18 18 