724
100
2
3 3 3 3 3 3 3 8 8 8 8 8 8 8 8 9 9 9 9 9 9 10 10 10 10 10 10 10 10 10 19 19 19 19 19 19 19 19 20 20 22 22 22 22 22 22 22 22 22 22 22 22 22 22 22 22 23 23 26 26 26 26 27 27 28 28 29 29 29 29 29 29 29 29 32 32 33 33 35 35 35 35 35 35 36 36 36 36 36 37 37 37 37 38 38 38 38 38 38 38 38 39 39 39 39 39 39 39 39 40 40 40 40 40 40 42 42 42 42 42 42 42 42 42 42 43 43 45 45 45 45 47 47 47 47 47 47 47 47 51 51 51 51 51 51 51 51 51 51 51 51 51 52 52 52 52 52 52 52 52 57 57 57 57 57 57 57 59 59 59 59 59 59 59 59 66 66 67 67 67 67 67 67 69 69 69 69 69 69 69 69 69 69 69 69 69 69 69 69 69 
66 67 68 69 70 71 72 152 153 154 155 156 157 158 159 109 110 111 112 113 114 183 184 185 186 187 188 189 190 191 167 168 169 170 171 172 173 174 74 75 122 123 124 139 140 141 142 143 144 145 146 147 148 149 150 151 175 176 127 128 129 130 125 126 76 77 0 1 2 3 4 5 6 84 38 39 64 65 177 178 179 180 181 182 73 89 90 91 92 85 86 87 88 192 193 194 195 196 197 198 199 131 132 133 134 135 136 137 138 15 16 17 18 19 20 160 161 162 163 164 165 166 40 41 42 62 63 58 59 60 61 101 102 103 104 105 106 107 108 43 44 45 46 47 48 49 50 51 52 53 54 55 7 8 9 10 11 12 13 14 115 116 117 118 119 120 121 30 31 32 33 34 35 36 37 56 57 78 79 80 81 82 83 21 22 23 24 25 26 27 28 29 93 94 95 96 97 98 99 100 
681 681 681 681 681 681 681 815 815 815 815 815 815 815 815 621 621 621 621 621 621 624 624 624 624 624 624 624 624 624 157 157 157 157 157 157 157 157 811 811 581 581 581 326 326 326 326 326 326 326 326 326 326 326 326 326 583 583 289 289 289 289 763 763 678 678 681 681 681 681 681 681 681 540 811 811 678 678 926 926 926 926 926 926 540 438 438 438 438 438 438 438 438 536 536 536 536 536 536 536 536 549 549 549 549 549 549 549 549 621 621 621 621 621 621 816 816 816 816 816 816 816 581 581 581 763 763 289 289 289 289 549 549 549 549 549 549 549 549 326 326 326 326 326 326 326 326 326 326 326 326 326 815 815 815 815 815 815 815 815 816 816 816 816 816 816 816 157 157 157 157 157 157 157 157 583 583 926 926 926 926 926 926 624 624 624 624 624 624 624 624 624 536 536 536 536 536 536 536 536 
0 1 2 3 4 5 6 7 8 9 10 11 12 13 14 15 16 17 18 19 20 21 22 23 24 25 26 27 28 29 30 31 32 33 34 35 36 37 38 39 40 41 42 43 44 45 46 47 48 49 50 51 52 53 54 55 56 57 58 59 60 61 62 63 64 65 0 1 2 3 4 5 6 66 38 39 64 65 67 68 69 70 71 72 66 73 74 75 76 73 74 75 76 77 78 79 80 81 82 83 84 85 86 87 88 89 90 91 92 15 16 17 18 19 20 93 94 95 96 97 98 99 40 41 42 62 63 58 59 60 61 85 86 87 88 89 90 91 92 43 44 45 46 47 48 49 50 51 52 53 54 55 7 8 9 10 11 12 13 14 93 94 95 96 97 98 99 30 31 32 33 34 35 36 37 56 57 67 68 69 70 71 72 21 22 23 24 25 26 27 28 29 77 78 79 80 81 82 83 84 
56932
18
7 4 7 2 2 1 4 2 2 8 8 3 6 9 6 8 8 13 
42 26 3 28 27 29 36 23 20 19 39 22 35 10 9 38 8 22 
57 45 29 33 43 36 37 66 32 59 47 42 67 69 40 69 52 51 
816 289 681 678 763 540 438 583 811 157 549 581 926 624 621 536 815 326 
2 2 2 2 2 2 2 16 16 16 16 16 16 16 16 14 14 14 14 14 14 13 13 13 13 13 13 13 13 13 9 9 9 9 9 9 9 9 8 8 11 11 11 17 17 17 17 17 17 17 17 17 17 17 17 17 7 7 1 1 1 1 4 4 3 3 2 2 2 2 2 2 2 5 8 8 3 3 12 12 12 12 12 12 5 6 6 6 6 6 6 6 6 15 15 15 15 15 15 15 15 10 10 10 10 10 10 10 10 14 14 14 14 14 14 0 0 0 0 0 0 0 11 11 11 4 4 1 1 1 1 10 10 10 10 10 10 10 10 17 17 17 17 17 17 17 17 17 17 17 17 17 16 16 16 16 16 16 16 16 0 0 0 0 0 0 0 9 9 9 9 9 9 9 9 7 7 12 12 12 12 12 12 13 13 13 13 13 13 13 13 13 15 15 15 15 15 15 15 15 