798
100
2
2 2 2 5 5 5 5 5 5 5 7 7 7 7 7 7 7 7 7 8 8 8 8 8 10 12 12 12 14 14 14 14 16 16 16 16 16 17 17 17 17 17 20 20 22 22 22 22 22 22 22 22 22 22 22 22 22 22 22 22 22 22 25 25 25 25 25 26 26 26 26 26 27 27 27 27 27 27 27 27 27 27 28 28 28 28 28 28 28 28 29 29 29 29 30 30 31 34 34 34 34 36 36 36 36 36 36 36 36 36 36 36 38 38 38 40 40 40 40 40 43 43 43 44 44 46 46 48 48 48 48 48 48 48 50 51 51 51 51 51 51 53 53 54 54 54 54 55 55 55 55 55 55 55 55 59 59 59 59 59 59 59 61 61 61 61 61 61 61 61 61 61 61 61 61 61 61 61 61 61 61 61 61 61 63 64 64 65 65 65 66 66 66 66 66 66 66 68 68 69 
37 38 39 147 148 149 150 109 110 111 184 105 106 107 108 193 194 195 196 32 33 34 35 36 199 136 42 43 143 144 145 146 19 20 21 22 23 0 1 2 188 189 26 27 96 167 168 169 170 171 172 173 174 175 176 177 178 179 180 181 182 183 67 68 69 70 71 62 63 64 65 66 115 116 117 118 119 82 83 84 85 86 77 78 79 80 81 127 128 187 101 102 103 104 125 126 44 151 152 153 154 90 91 92 93 11 12 13 14 7 8 9 155 156 157 72 73 74 75 76 190 191 192 197 198 94 95 87 88 162 163 164 165 166 135 134 25 158 159 160 161 185 186 28 29 30 31 3 4 5 6 97 98 99 100 112 113 114 137 138 139 140 129 130 131 132 133 45 46 47 48 49 50 51 52 53 54 55 56 57 58 59 60 61 10 141 142 89 40 41 120 121 122 15 16 17 18 123 124 24 
991 991 991 318 318 318 318 269 269 269 468 921 921 921 921 667 667 667 667 890 890 890 890 890 478 225 401 401 931 931 931 931 890 890 890 890 890 991 991 991 841 841 401 401 295 926 926 926 926 926 926 926 926 926 926 926 926 926 926 926 926 926 815 815 815 815 815 815 815 815 815 815 242 242 242 242 242 953 953 953 953 953 953 953 953 953 953 534 534 244 257 257 257 257 830 830 295 975 975 975 975 257 257 257 257 921 921 921 921 269 269 269 179 179 179 242 242 242 242 242 269 269 269 595 595 830 830 534 534 272 272 272 272 272 607 607 225 537 537 537 537 795 795 931 931 931 931 318 318 318 318 975 975 975 975 179 179 179 537 537 537 537 272 272 272 272 272 926 926 926 926 926 926 926 926 926 926 926 926 926 926 926 926 926 468 795 795 244 841 841 269 269 269 667 667 667 667 595 595 478 
0 1 2 3 4 5 6 7 8 9 10 11 12 13 14 15 16 17 18 19 20 21 22 23 24 25 26 27 28 29 30 31 19 20 21 22 23 0 1 2 32 33 26 27 34 35 36 37 38 39 40 41 42 43 44 45 46 47 48 49 50 51 52 53 54 55 56 52 53 54 55 56 57 58 59 60 61 62 63 64 65 66 62 63 64 65 66 67 68 69 70 71 72 73 74 75 34 76 77 78 79 70 71 72 73 11 12 13 14 7 8 9 80 81 82 57 58 59 60 61 83 84 85 86 87 74 75 67 68 88 89 90 91 92 93 93 25 94 95 96 97 98 99 28 29 30 31 3 4 5 6 76 77 78 79 80 81 82 94 95 96 97 88 89 90 91 92 35 36 37 38 39 40 41 42 43 44 45 46 47 48 49 50 51 10 98 99 69 32 33 83 84 85 15 16 17 18 86 87 24 
65459
29
5 4 1 3 5 1 4 2 1 3 5 1 5 1 4 2 3 4 2 4 5 2 3 1 2 4 2 4 17 
27 5 10 38 27 7 34 28 22 2 25 50 8 28 29 17 43 7 30 7 48 44 5 12 12 14 53 51 22 
40 55 69 59 28 63 55 48 31 17 26 51 16 65 36 65 66 36 46 66 61 68 36 51 20 54 64 59 61 
242 318 478 179 953 468 975 534 295 991 815 607 890 244 257 841 269 921 830 667 272 595 269 225 401 931 795 537 926 
9 9 9 1 1 1 1 22 22 22 5 17 17 17 17 19 19 19 19 12 12 12 12 12 2 23 24 24 25 25 25 25 12 12 12 12 12 9 9 9 15 15 24 24 8 28 28 28 28 28 28 28 28 28 28 28 28 28 28 28 28 28 10 10 10 10 10 10 10 10 10 10 0 0 0 0 0 4 4 4 4 4 4 4 4 4 4 7 7 13 14 14 14 14 18 18 8 6 6 6 6 14 14 14 14 17 17 17 17 22 22 22 3 3 3 0 0 0 0 0 16 16 16 21 21 18 18 7 7 20 20 20 20 20 11 11 23 27 27 27 27 26 26 25 25 25 25 1 1 1 1 6 6 6 6 3 3 3 27 27 27 27 20 20 20 20 20 28 28 28 28 28 28 28 28 28 28 28 28 28 28 28 28 28 5 26 26 13 15 15 16 16 16 19 19 19 19 21 21 2 