424
100
2
1 1 1 1 1 5 5 5 5 5 7 7 9 9 9 12 12 13 13 14 14 14 14 14 15 15 15 15 15 15 16 16 16 16 16 16 16 16 16 16 16 16 16 18 18 18 18 18 18 18 18 18 18 18 18 18 18 18 18 18 18 18 18 18 18 20 20 21 21 21 22 22 22 22 22 25 25 25 26 26 26 26 28 28 28 28 28 29 29 29 29 29 29 30 31 31 31 31 31 31 31 31 31 31 31 31 33 33 33 33 33 33 36 36 36 36 36 37 37 38 38 38 38 38 38 38 38 38 38 38 38 38 38 38 38 38 44 44 45 45 45 45 45 45 45 45 45 45 45 45 45 45 45 47 47 48 48 49 49 49 49 51 51 51 51 51 52 52 53 53 53 53 53 54 54 54 54 54 54 54 54 54 58 58 58 64 64 67 67 67 69 69 69 70 70 70 70 70 70 70 
177 178 179 180 181 19 20 21 22 23 176 29 79 80 81 155 156 117 118 5 6 7 8 9 195 196 197 198 199 11 82 83 84 85 86 36 35 38 37 40 39 42 41 193 194 72 73 74 119 120 121 122 123 124 125 126 127 128 129 130 131 132 133 134 135 185 186 75 76 77 153 154 45 46 47 67 68 69 93 12 13 14 30 31 32 33 34 147 148 149 150 151 152 78 106 107 108 109 110 111 182 183 184 187 188 189 94 95 96 97 98 99 168 169 170 171 172 17 18 48 49 50 51 52 53 54 55 56 57 58 59 60 61 62 63 64 166 167 157 158 159 160 161 162 163 164 165 87 88 89 90 91 92 70 71 15 16 138 139 140 141 142 143 144 145 146 136 137 112 113 114 115 116 190 191 192 10 0 1 2 3 4 100 101 102 65 66 103 104 105 173 174 175 43 44 24 25 26 27 28 
985 985 985 985 985 373 373 373 373 373 474 379 759 759 759 937 937 407 407 373 373 373 373 373 316 316 316 316 316 379 514 514 514 514 514 169 169 169 169 169 169 169 169 265 265 629 629 629 721 721 721 721 721 721 721 721 721 721 721 721 721 721 721 721 721 942 942 838 838 838 721 721 629 629 629 838 838 838 713 759 759 759 514 514 514 514 514 819 819 819 819 819 819 713 389 389 389 389 389 389 908 908 908 822 822 822 389 389 389 389 389 389 998 998 998 998 998 407 407 721 721 721 721 721 721 721 721 721 721 721 721 721 721 721 721 721 696 696 834 834 834 834 269 269 269 269 269 819 819 819 819 819 819 721 721 937 937 834 834 834 834 269 269 269 269 269 696 696 998 998 998 998 998 723 723 723 474 985 985 985 985 985 908 908 908 942 942 822 822 822 723 723 723 265 265 316 316 316 316 316 
0 1 2 3 4 5 6 7 8 9 10 11 12 13 14 15 16 17 18 5 6 7 8 9 19 20 21 22 23 11 24 25 26 27 28 29 29 30 30 31 31 32 32 33 34 35 36 37 38 39 40 41 42 43 44 45 46 47 48 49 50 51 52 53 54 55 56 57 58 59 60 61 35 36 37 57 58 59 62 12 13 14 24 25 26 27 28 63 64 65 66 67 68 62 69 70 71 72 73 74 75 76 77 78 79 80 69 70 71 72 73 74 81 82 83 84 85 17 18 38 39 40 41 42 43 44 45 46 47 48 49 50 51 52 53 54 86 87 88 89 90 91 92 93 94 95 96 63 64 65 66 67 68 60 61 15 16 88 89 90 91 92 93 94 95 96 86 87 81 82 83 84 85 97 98 99 10 0 1 2 3 4 75 76 77 55 56 78 79 80 97 98 99 33 34 19 20 21 22 23 
64331
26
2 5 3 5 2 4 1 6 3 2 3 3 1 5 5 2 2 5 5 3 2 6 4 3 1 17 
18 36 54 5 12 45 7 31 31 20 21 31 26 45 16 44 22 15 1 18 13 29 16 9 7 18 
70 53 69 14 48 49 54 33 58 64 25 67 30 51 28 52 47 70 54 22 37 45 16 26 15 38 
265 998 723 373 937 834 474 389 908 942 838 822 713 269 514 696 721 316 985 629 407 819 169 759 379 721 
18 18 18 18 18 3 3 3 3 3 6 24 23 23 23 4 4 20 20 3 3 3 3 3 17 17 17 17 17 24 14 14 14 14 14 22 22 22 22 22 22 22 22 0 0 19 19 19 25 25 25 25 25 25 25 25 25 25 25 25 25 25 25 25 25 9 9 10 10 10 16 16 19 19 19 10 10 10 12 23 23 23 14 14 14 14 14 21 21 21 21 21 21 12 7 7 7 7 7 7 8 8 8 11 11 11 7 7 7 7 7 7 1 1 1 1 1 20 20 25 25 25 25 25 25 25 25 25 25 25 25 25 25 25 25 25 15 15 5 5 5 5 13 13 13 13 13 21 21 21 21 21 21 16 16 4 4 5 5 5 5 13 13 13 13 13 15 15 1 1 1 1 1 2 2 2 6 18 18 18 18 18 8 8 8 9 9 11 11 11 2 2 2 0 0 17 17 17 17 17 