525
100
2
2 2 2 2 6 6 6 6 6 6 6 6 7 7 7 7 12 12 12 12 12 15 15 15 15 18 18 18 18 18 18 18 18 21 21 22 22 22 22 22 22 22 22 22 22 22 22 22 22 22 22 23 23 24 24 24 24 24 24 24 27 27 27 27 27 30 30 30 30 30 30 30 30 30 30 31 31 31 31 31 31 31 31 32 32 33 33 33 33 33 33 33 34 34 34 34 34 34 38 38 38 38 38 38 38 38 38 38 38 39 39 39 39 39 40 40 40 40 45 45 45 45 46 46 48 48 48 48 48 48 48 48 48 51 51 51 55 55 55 55 55 55 55 55 55 55 55 55 56 56 56 56 56 58 58 58 58 58 58 58 58 58 58 58 58 58 58 58 61 61 61 61 61 61 65 65 65 65 65 65 65 65 65 66 66 66 66 66 67 67 67 67 68 68 68 68 68 68 68 68 
16 17 18 19 67 68 69 70 71 72 73 74 114 115 116 117 0 1 2 3 35 118 119 120 121 98 99 100 101 102 103 104 105 122 123 20 153 154 155 156 157 158 159 160 161 162 163 164 165 166 167 83 84 136 137 138 139 140 141 142 109 110 111 112 113 127 128 4 5 6 7 8 9 10 11 192 193 194 195 196 197 198 199 51 52 174 175 176 177 178 179 180 168 169 170 171 172 173 25 26 27 28 29 30 31 32 145 146 147 60 61 62 63 64 12 13 14 15 21 22 23 24 33 34 133 134 135 65 66 188 189 190 191 124 125 126 53 54 55 56 57 58 59 181 182 106 107 108 183 184 185 186 187 36 37 38 39 40 41 42 43 44 45 46 47 48 49 50 92 93 94 95 96 97 85 86 87 88 89 90 91 143 144 148 149 150 151 152 129 130 131 132 75 76 77 78 79 80 81 82 
830 830 830 830 167 167 167 167 167 167 167 167 396 396 396 396 830 830 830 830 834 621 621 621 621 853 853 853 853 853 853 853 853 697 697 834 559 559 559 559 559 559 559 559 559 559 559 559 559 559 559 642 642 234 234 234 234 234 234 234 711 711 711 711 711 395 395 167 167 167 167 167 167 167 167 893 893 893 893 893 893 893 893 642 642 656 656 656 656 656 656 656 729 729 729 729 729 729 853 853 853 853 853 853 853 853 998 998 998 711 711 711 711 711 396 396 396 396 621 621 621 621 697 697 583 583 583 395 395 828 828 828 828 583 583 583 234 234 234 234 234 234 234 183 183 998 998 998 939 939 939 939 939 559 559 559 559 559 559 559 559 559 559 559 559 559 559 559 729 729 729 729 729 729 656 656 656 656 656 656 656 183 183 939 939 939 939 939 828 828 828 828 893 893 893 893 893 893 893 893 
0 1 2 3 4 5 6 7 8 9 10 11 12 13 14 15 0 1 2 3 16 17 18 19 20 21 22 23 24 25 26 27 28 29 30 16 31 32 33 34 35 36 37 38 39 40 41 42 43 44 45 46 47 48 49 50 51 52 53 54 55 56 57 58 59 60 61 4 5 6 7 8 9 10 11 62 63 64 65 66 67 68 69 46 47 70 71 72 73 74 75 76 77 78 79 80 81 82 21 22 23 24 25 26 27 28 83 84 85 55 56 57 58 59 12 13 14 15 17 18 19 20 29 30 86 87 88 60 61 89 90 91 92 86 87 88 48 49 50 51 52 53 54 93 94 83 84 85 95 96 97 98 99 31 32 33 34 35 36 37 38 39 40 41 42 43 44 45 77 78 79 80 81 82 70 71 72 73 74 75 76 93 94 95 96 97 98 99 89 90 91 92 62 63 64 65 66 67 68 69 
62654
20
4 8 6 5 3 2 2 8 4 7 5 7 2 2 3 8 1 4 4 15 
2 18 34 27 48 21 30 6 15 24 56 33 23 55 38 31 12 48 7 22 
12 38 61 39 51 46 48 30 45 55 66 65 32 65 55 68 22 67 40 58 
830 853 729 711 583 697 395 167 621 234 939 656 642 183 998 893 834 828 396 559 
0 0 0 0 7 7 7 7 7 7 7 7 18 18 18 18 0 0 0 0 16 8 8 8 8 1 1 1 1 1 1 1 1 5 5 16 19 19 19 19 19 19 19 19 19 19 19 19 19 19 19 12 12 9 9 9 9 9 9 9 3 3 3 3 3 6 6 7 7 7 7 7 7 7 7 15 15 15 15 15 15 15 15 12 12 11 11 11 11 11 11 11 2 2 2 2 2 2 1 1 1 1 1 1 1 1 14 14 14 3 3 3 3 3 18 18 18 18 8 8 8 8 5 5 4 4 4 6 6 17 17 17 17 4 4 4 9 9 9 9 9 9 9 13 13 14 14 14 10 10 10 10 10 19 19 19 19 19 19 19 19 19 19 19 19 19 19 19 2 2 2 2 2 2 11 11 11 11 11 11 11 13 13 10 10 10 10 10 17 17 17 17 15 15 15 15 15 15 15 15 