375
100
2
3 3 3 3 3 3 4 4 4 4 4 4 5 5 5 5 5 5 5 5 7 7 7 7 7 7 7 7 7 7 7 7 7 9 9 9 9 9 9 12 12 12 12 12 12 12 12 12 12 12 12 12 12 13 13 13 13 13 13 13 13 15 15 15 15 15 15 15 15 15 15 15 15 15 15 16 16 16 16 16 16 16 16 27 27 27 27 27 27 27 27 31 31 31 31 31 31 31 32 32 32 32 32 32 32 32 32 32 32 32 32 32 36 36 36 36 36 36 39 39 39 39 39 39 39 39 39 39 39 39 39 43 43 43 43 43 43 43 45 45 45 45 45 45 46 46 46 46 46 46 46 51 51 51 51 51 51 51 51 51 58 58 58 58 58 58 59 59 59 60 60 60 60 60 60 60 60 60 60 60 60 60 60 60 60 66 66 66 66 66 66 66 67 67 67 67 67 67 67 67 
160 161 162 163 164 165 112 113 114 115 116 117 75 76 77 78 79 80 81 82 118 119 120 121 122 123 124 125 126 127 128 129 130 138 139 140 141 142 143 61 62 63 64 65 66 67 68 69 70 71 72 73 74 169 170 171 172 173 174 175 176 39 40 41 42 43 44 45 46 47 48 49 50 51 52 12 13 14 15 16 17 18 19 177 178 179 180 181 182 183 184 144 145 146 147 148 149 150 192 193 194 195 196 151 152 153 154 155 156 157 158 159 6 7 8 9 10 11 20 21 22 23 24 25 26 27 28 29 30 31 32 185 186 187 188 189 190 191 33 34 35 36 37 38 91 92 93 94 95 96 97 103 104 105 106 107 108 109 110 111 0 1 2 3 4 5 197 198 199 53 54 55 56 57 58 59 60 83 84 85 86 87 88 89 90 131 132 133 134 135 136 137 98 99 100 101 102 166 167 168 
175 175 175 175 175 175 777 777 777 777 777 777 224 224 224 224 224 224 224 224 997 997 997 997 997 997 997 997 997 997 997 997 997 409 409 409 409 409 409 800 800 800 800 800 800 800 800 800 800 800 800 800 800 951 951 951 951 951 951 951 951 800 800 800 800 800 800 800 800 800 800 800 800 800 800 224 224 224 224 224 224 224 224 317 317 317 317 317 317 317 317 661 661 661 661 661 661 661 960 960 960 960 960 831 831 831 831 831 831 831 831 831 777 777 777 777 777 777 997 997 997 997 997 997 997 997 997 997 997 997 997 458 458 458 458 458 458 458 409 409 409 409 409 409 661 661 661 661 661 661 661 831 831 831 831 831 831 831 831 831 175 175 175 175 175 175 714 714 714 951 951 951 951 951 951 951 951 317 317 317 317 317 317 317 317 458 458 458 458 458 458 458 960 960 960 960 960 714 714 714 
0 1 2 3 4 5 6 7 8 9 10 11 12 13 14 15 16 17 18 19 20 21 22 23 24 25 26 27 28 29 30 31 32 33 34 35 36 37 38 39 40 41 42 43 44 45 46 47 48 49 50 51 52 53 54 55 56 57 58 59 60 39 40 41 42 43 44 45 46 47 48 49 50 51 52 12 13 14 15 16 17 18 19 61 62 63 64 65 66 67 68 69 70 71 72 73 74 75 76 77 78 79 80 81 82 83 84 85 86 87 88 89 6 7 8 9 10 11 20 21 22 23 24 25 26 27 28 29 30 31 32 90 91 92 93 94 95 96 33 34 35 36 37 38 69 70 71 72 73 74 75 81 82 83 84 85 86 87 88 89 0 1 2 3 4 5 97 98 99 53 54 55 56 57 58 59 60 61 62 63 64 65 66 67 68 90 91 92 93 94 95 96 76 77 78 79 80 97 98 99 
66517
13
5 3 8 6 6 13 8 6 9 8 7 7 14 
32 59 13 3 9 7 27 4 32 5 31 43 12 
67 67 60 58 45 39 60 36 51 16 46 66 15 
960 714 951 175 409 997 317 777 831 224 661 458 800 
3 3 3 3 3 3 7 7 7 7 7 7 9 9 9 9 9 9 9 9 5 5 5 5 5 5 5 5 5 5 5 5 5 4 4 4 4 4 4 12 12 12 12 12 12 12 12 12 12 12 12 12 12 2 2 2 2 2 2 2 2 12 12 12 12 12 12 12 12 12 12 12 12 12 12 9 9 9 9 9 9 9 9 6 6 6 6 6 6 6 6 10 10 10 10 10 10 10 0 0 0 0 0 8 8 8 8 8 8 8 8 8 7 7 7 7 7 7 5 5 5 5 5 5 5 5 5 5 5 5 5 11 11 11 11 11 11 11 4 4 4 4 4 4 10 10 10 10 10 10 10 8 8 8 8 8 8 8 8 8 3 3 3 3 3 3 1 1 1 2 2 2 2 2 2 2 2 6 6 6 6 6 6 6 6 11 11 11 11 11 11 11 0 0 0 0 0 1 1 1 