343
100
2
3 3 3 3 3 3 3 3 3 3 4 4 4 4 4 4 4 4 5 5 5 5 5 5 5 5 5 5 5 5 6 6 6 6 6 6 6 6 6 6 8 8 8 8 8 8 8 8 10 10 10 10 10 10 10 10 10 10 10 10 10 10 10 12 12 12 12 12 12 12 12 12 12 12 12 15 15 15 15 15 15 17 17 17 17 17 17 17 17 27 27 27 28 28 28 28 28 29 29 29 29 29 29 29 29 29 34 34 34 34 34 34 34 34 34 34 34 34 34 34 34 34 34 34 34 34 34 34 34 34 34 34 34 34 34 34 34 36 36 36 36 36 36 36 36 36 36 36 36 36 36 36 36 36 36 40 40 40 40 40 40 40 40 40 40 40 40 45 45 45 45 45 45 45 45 55 55 55 55 65 65 65 65 65 65 65 65 65 65 65 65 68 68 68 70 70 70 70 70 70 
115 116 117 118 119 120 121 122 123 124 63 64 65 66 67 68 69 70 125 126 127 128 129 130 131 132 133 134 135 136 53 54 55 56 57 58 59 60 61 62 167 168 169 170 171 172 173 174 150 151 152 153 154 30 31 32 33 34 35 36 37 38 39 10 11 12 13 14 15 16 17 175 176 177 178 194 195 196 197 198 199 142 143 144 145 146 147 148 149 191 192 193 137 138 139 140 141 106 107 108 109 110 111 112 113 114 97 98 99 100 101 102 103 104 105 0 1 2 3 4 5 6 7 8 9 18 19 20 21 22 23 24 25 26 27 28 29 92 93 94 95 96 81 82 83 84 85 86 87 88 48 49 50 51 52 179 180 181 182 183 184 185 186 187 188 189 190 40 41 42 43 44 45 46 47 71 72 73 74 155 156 157 158 159 160 161 162 163 164 165 166 89 90 91 75 76 77 78 79 80 
405 405 405 405 405 405 405 405 405 405 738 738 738 738 738 738 738 738 490 490 490 490 490 490 490 490 490 490 490 490 815 815 815 815 815 815 815 815 815 815 559 559 559 559 559 559 559 559 535 535 535 535 535 815 815 815 815 815 815 815 815 815 815 738 738 738 738 738 738 738 738 785 785 785 785 655 655 655 655 655 655 246 246 246 246 246 246 246 246 876 876 876 222 222 222 222 222 288 288 288 288 288 288 288 288 288 288 288 288 288 288 288 288 288 288 405 405 405 405 405 405 405 405 405 405 490 490 490 490 490 490 490 490 490 490 490 490 222 222 222 222 222 246 246 246 246 246 246 246 246 535 535 535 535 535 934 934 934 934 934 934 934 934 934 934 934 934 559 559 559 559 559 559 559 559 785 785 785 785 934 934 934 934 934 934 934 934 934 934 934 934 876 876 876 655 655 655 655 655 655 
0 1 2 3 4 5 6 7 8 9 10 11 12 13 14 15 16 17 18 19 20 21 22 23 24 25 26 27 28 29 30 31 32 33 34 35 36 37 38 39 40 41 42 43 44 45 46 47 48 49 50 51 52 30 31 32 33 34 35 36 37 38 39 10 11 12 13 14 15 16 17 53 54 55 56 57 58 59 60 61 62 63 64 65 66 67 68 69 70 71 72 73 74 75 76 77 78 79 80 81 82 83 84 85 86 87 79 80 81 82 83 84 85 86 87 0 1 2 3 4 5 6 7 8 9 18 19 20 21 22 23 24 25 26 27 28 29 74 75 76 77 78 63 64 65 66 67 68 69 70 48 49 50 51 52 88 89 90 91 92 93 94 95 96 97 98 99 40 41 42 43 44 45 46 47 53 54 55 56 88 89 90 91 92 93 94 95 96 97 98 99 71 72 73 57 58 59 60 61 62 
57707
13
9 8 12 4 6 10 5 3 8 8 5 10 12 
29 4 40 12 15 3 28 27 8 17 10 6 5 
34 12 65 55 70 34 36 68 45 36 36 10 34 
288 738 934 785 655 405 222 876 559 246 535 815 490 
5 5 5 5 5 5 5 5 5 5 1 1 1 1 1 1 1 1 12 12 12 12 12 12 12 12 12 12 12 12 11 11 11 11 11 11 11 11 11 11 8 8 8 8 8 8 8 8 10 10 10 10 10 11 11 11 11 11 11 11 11 11 11 1 1 1 1 1 1 1 1 3 3 3 3 4 4 4 4 4 4 9 9 9 9 9 9 9 9 7 7 7 6 6 6 6 6 0 0 0 0 0 0 0 0 0 0 0 0 0 0 0 0 0 0 5 5 5 5 5 5 5 5 5 5 12 12 12 12 12 12 12 12 12 12 12 12 6 6 6 6 6 9 9 9 9 9 9 9 9 10 10 10 10 10 2 2 2 2 2 2 2 2 2 2 2 2 8 8 8 8 8 8 8 8 3 3 3 3 2 2 2 2 2 2 2 2 2 2 2 2 7 7 7 4 4 4 4 4 4 