273
100
2
3 3 3 3 3 3 3 3 3 4 4 4 4 4 4 4 4 4 4 4 4 4 4 11 11 11 11 11 15 15 15 15 15 18 18 18 18 18 18 18 18 20 20 20 20 20 20 20 20 20 20 20 20 20 20 20 20 20 20 24 24 24 24 24 24 27 27 27 27 27 27 27 27 27 31 31 31 31 31 31 32 32 33 33 33 33 33 33 33 33 33 35 35 35 35 35 35 35 36 36 36 36 36 37 37 37 41 41 41 41 41 41 41 41 41 46 46 46 46 46 46 46 47 47 47 47 47 47 47 47 49 49 49 49 49 49 49 49 51 51 51 52 52 52 52 52 52 52 52 52 52 52 52 52 52 53 53 53 53 53 53 53 53 53 54 54 54 54 54 54 54 54 55 55 55 55 55 56 56 56 56 56 56 57 57 57 57 57 64 64 64 64 64 64 64 67 67 67 67 67 
65 66 67 68 69 70 71 72 73 141 142 143 144 145 146 147 148 149 150 151 152 153 154 195 196 197 198 199 183 184 185 186 187 164 165 166 167 168 169 170 171 188 189 190 191 192 193 194 98 99 100 101 102 59 60 61 62 63 64 53 54 55 56 57 58 0 1 2 3 4 5 6 7 8 177 178 179 180 181 182 172 173 155 156 157 158 159 160 161 162 163 115 116 117 118 119 120 121 48 49 50 51 52 106 107 108 103 104 105 174 175 176 138 139 140 91 92 93 94 95 96 97 130 131 132 133 134 135 136 137 122 123 124 125 126 127 128 129 112 113 114 9 10 11 12 13 14 15 16 17 18 19 20 21 22 82 83 84 85 86 87 88 89 90 33 34 35 36 37 38 39 40 80 81 109 110 111 74 75 76 77 78 79 28 29 30 31 32 41 42 43 44 45 46 47 23 24 25 26 27 
428 428 428 428 428 428 428 428 428 872 872 872 872 872 872 872 872 872 872 872 872 872 872 554 554 554 554 554 226 226 226 226 226 314 314 314 314 314 314 314 314 921 921 921 921 921 921 921 174 174 174 174 174 758 758 758 758 758 758 758 758 758 758 758 758 428 428 428 428 428 428 428 428 428 271 271 271 271 271 271 499 499 164 164 164 164 164 164 164 164 164 505 505 505 505 505 505 505 174 174 174 174 174 339 339 339 339 339 339 896 896 896 584 584 584 505 505 505 505 505 505 505 841 841 841 841 841 841 841 841 841 841 841 841 841 841 841 841 584 584 584 872 872 872 872 872 872 872 872 872 872 872 872 872 872 164 164 164 164 164 164 164 164 164 314 314 314 314 314 314 314 314 499 499 896 896 896 271 271 271 271 271 271 226 226 226 226 226 921 921 921 921 921 921 921 554 554 554 554 554 
0 1 2 3 4 5 6 7 8 9 10 11 12 13 14 15 16 17 18 19 20 21 22 23 24 25 26 27 28 29 30 31 32 33 34 35 36 37 38 39 40 41 42 43 44 45 46 47 48 49 50 51 52 53 54 55 56 57 58 53 54 55 56 57 58 0 1 2 3 4 5 6 7 8 59 60 61 62 63 64 65 66 67 68 69 70 71 72 73 74 75 76 77 78 79 80 81 82 48 49 50 51 52 83 84 85 83 84 85 86 87 88 89 90 91 76 77 78 79 80 81 82 92 93 94 95 96 97 98 99 92 93 94 95 96 97 98 99 89 90 91 9 10 11 12 13 14 15 16 17 18 19 20 21 22 67 68 69 70 71 72 73 74 75 33 34 35 36 37 38 39 40 65 66 86 87 88 59 60 61 62 63 64 28 29 30 31 32 41 42 43 44 45 46 47 23 24 25 26 27 
54157
16
7 5 6 3 2 3 6 8 7 9 3 5 8 5 9 14 
20 20 20 37 32 41 31 18 35 33 41 11 47 15 3 4 
64 36 24 41 55 55 56 54 46 53 51 67 49 57 27 52 
921 174 758 339 499 896 271 314 505 164 584 554 841 226 428 872 
14 14 14 14 14 14 14 14 14 15 15 15 15 15 15 15 15 15 15 15 15 15 15 11 11 11 11 11 13 13 13 13 13 7 7 7 7 7 7 7 7 0 0 0 0 0 0 0 1 1 1 1 1 2 2 2 2 2 2 2 2 2 2 2 2 14 14 14 14 14 14 14 14 14 6 6 6 6 6 6 4 4 9 9 9 9 9 9 9 9 9 8 8 8 8 8 8 8 1 1 1 1 1 3 3 3 3 3 3 5 5 5 10 10 10 8 8 8 8 8 8 8 12 12 12 12 12 12 12 12 12 12 12 12 12 12 12 12 10 10 10 15 15 15 15 15 15 15 15 15 15 15 15 15 15 9 9 9 9 9 9 9 9 9 7 7 7 7 7 7 7 7 4 4 5 5 5 6 6 6 6 6 6 13 13 13 13 13 0 0 0 0 0 0 0 11 11 11 11 11 