592
100
2
1 1 1 1 1 2 2 2 2 2 2 2 3 3 3 5 5 7 11 11 11 11 12 12 12 12 12 12 12 12 12 12 12 12 12 12 12 12 12 12 12 12 12 14 14 14 14 14 14 14 14 15 15 15 15 15 15 17 17 17 22 22 22 22 22 22 22 23 23 23 23 23 26 26 26 26 26 26 26 26 28 28 28 28 28 28 28 28 29 29 29 31 31 31 31 33 33 33 35 35 37 37 37 37 37 37 37 37 37 37 37 37 37 43 43 43 43 43 45 45 45 46 46 46 47 47 47 47 47 47 47 49 49 49 49 49 49 51 51 51 52 52 52 54 54 54 55 55 55 55 55 55 55 55 55 55 55 55 55 55 55 55 55 55 55 57 57 57 57 58 58 58 58 58 58 58 58 59 59 59 59 60 60 60 60 60 60 61 61 61 61 62 62 62 62 62 62 70 70 70 
46 47 48 49 50 191 192 193 105 106 107 108 140 141 142 100 101 131 76 77 78 79 55 56 146 147 148 149 150 151 152 153 154 155 156 157 158 159 160 161 162 163 164 72 73 194 0 1 2 3 4 91 92 93 94 22 23 121 122 123 118 119 120 173 174 175 176 113 114 115 116 117 43 44 98 99 18 19 20 21 177 178 179 180 165 166 167 168 134 135 136 51 52 53 54 184 185 186 74 75 15 16 137 138 139 8 9 10 11 169 170 171 172 67 68 69 70 71 60 61 62 57 58 59 181 182 183 187 188 189 190 17 195 196 88 89 90 102 103 104 12 13 14 197 198 199 24 25 26 27 28 29 30 31 32 33 34 35 36 37 38 39 40 41 42 84 85 86 87 109 110 111 112 63 64 65 66 80 81 82 83 124 125 126 95 96 97 127 128 129 130 5 6 7 45 132 133 143 144 145 
845 845 845 845 845 584 584 584 948 948 948 948 782 782 782 272 272 507 684 684 684 684 914 914 696 696 696 696 696 696 696 696 696 696 696 696 696 696 696 696 696 696 696 150 150 829 845 845 845 845 845 432 432 432 432 914 914 620 620 620 296 296 296 707 707 707 707 619 619 619 619 619 150 150 176 176 684 684 684 684 476 476 476 476 942 942 942 942 589 589 589 432 432 432 432 833 833 833 176 176 272 272 945 945 945 948 948 948 948 312 312 312 312 619 619 619 619 619 296 296 296 620 620 620 455 455 455 300 300 300 300 507 988 988 589 589 589 945 945 945 782 782 782 284 284 284 696 696 696 696 696 696 696 696 696 696 696 696 696 696 696 696 696 696 696 942 942 942 942 312 312 312 312 707 707 707 707 476 476 476 476 455 455 455 833 833 833 300 300 300 300 584 584 584 829 988 988 284 284 284 
0 1 2 3 4 5 6 7 8 9 10 11 12 13 14 15 16 17 18 19 20 21 22 23 24 25 26 27 28 29 30 31 32 33 34 35 36 37 38 39 40 41 42 43 44 45 0 1 2 3 4 46 47 48 49 22 23 50 51 52 53 54 55 56 57 58 59 60 61 62 63 64 43 44 65 66 18 19 20 21 67 68 69 70 71 72 73 74 75 76 77 46 47 48 49 78 79 80 65 66 15 16 81 82 83 8 9 10 11 84 85 86 87 60 61 62 63 64 53 54 55 50 51 52 88 89 90 91 92 93 94 17 95 96 75 76 77 81 82 83 12 13 14 97 98 99 24 25 26 27 28 29 30 31 32 33 34 35 36 37 38 39 40 41 42 71 72 73 74 84 85 86 87 56 57 58 59 67 68 69 70 88 89 90 78 79 80 91 92 93 94 5 6 7 45 95 96 97 98 99 
62248
28
2 2 4 3 2 3 1 3 4 3 3 0 5 3 4 4 3 1 2 4 3 5 3 2 4 4 4 19 
14 5 28 47 26 2 14 22 15 33 17 1 23 37 2 11 3 7 49 28 54 1 29 12 37 22 47 12 
26 37 59 60 35 62 62 45 31 60 46 24 43 51 37 26 52 49 62 57 70 14 49 15 58 58 61 55 
150 272 476 455 176 584 829 296 432 833 620 666 619 945 948 684 782 507 988 942 284 845 589 914 312 707 300 696 
21 21 21 21 21 5 5 5 14 14 14 14 16 16 16 1 1 17 15 15 15 15 23 23 27 27 27 27 27 27 27 27 27 27 27 27 27 27 27 27 27 27 27 0 0 6 21 21 21 21 21 8 8 8 8 23 23 10 10 10 7 7 7 25 25 25 25 12 12 12 12 12 0 0 4 4 15 15 15 15 2 2 2 2 19 19 19 19 22 22 22 8 8 8 8 9 9 9 4 4 1 1 13 13 13 14 14 14 14 24 24 24 24 12 12 12 12 12 7 7 7 10 10 10 3 3 3 26 26 26 26 17 18 18 22 22 22 13 13 13 16 16 16 20 20 20 27 27 27 27 27 27 27 27 27 27 27 27 27 27 27 27 27 27 27 19 19 19 19 24 24 24 24 25 25 25 25 2 2 2 2 3 3 3 9 9 9 26 26 26 26 5 5 5 6 18 18 20 20 20 