805
100
2
1 1 1 1 1 1 1 1 1 1 1 1 1 1 1 1 1 1 1 1 1 1 1 1 1 9 9 9 14 14 14 14 14 14 14 14 14 14 14 14 14 15 15 15 15 15 15 15 15 15 15 15 23 23 23 23 23 23 23 23 23 23 23 23 23 23 24 24 24 24 24 24 33 33 33 42 42 42 42 42 42 42 42 42 42 42 42 42 42 57 57 57 57 57 57 57 57 57 57 57 57 57 57 57 57 57 57 57 57 57 57 57 57 57 57 57 57 58 58 58 58 58 58 58 58 58 58 58 58 58 58 59 59 59 59 59 59 59 59 59 59 59 60 60 60 60 60 60 60 60 60 60 60 61 61 61 61 61 61 61 61 61 61 61 61 61 61 61 61 61 61 61 67 67 67 67 67 69 69 69 69 69 69 69 69 69 70 70 70 70 70 70 70 70 70 70 70 70 70 70 
41 42 43 44 45 46 47 48 49 50 51 117 118 119 120 121 122 123 124 125 126 127 128 129 130 72 73 74 159 160 161 162 163 164 165 166 167 168 169 170 171 0 1 2 3 4 5 6 7 8 9 10 75 76 77 78 79 80 81 82 83 84 85 86 87 88 153 154 155 156 157 158 25 26 27 52 53 54 55 56 57 58 59 60 61 62 63 64 65 177 178 179 180 181 182 183 184 185 172 173 174 175 176 186 187 188 189 190 191 192 193 194 195 196 197 198 199 11 12 13 14 15 16 17 18 19 20 21 22 23 24 142 143 144 145 146 147 148 149 150 151 152 131 132 133 134 135 136 137 138 139 140 141 66 67 68 69 70 71 28 29 30 31 32 33 34 35 36 37 38 39 40 98 99 100 101 102 89 90 91 92 93 94 95 96 97 103 104 105 106 107 108 109 110 111 112 113 114 115 116 
520 520 520 520 520 520 520 520 520 520 520 412 412 412 412 412 412 412 412 412 412 412 412 412 412 717 717 717 686 686 686 686 686 686 686 686 686 686 686 686 686 520 520 520 520 520 520 520 520 520 520 520 774 774 774 774 774 774 774 774 774 774 774 774 774 774 246 246 246 246 246 246 717 717 717 774 774 774 774 774 774 774 774 774 774 774 774 774 774 914 914 914 914 914 914 914 914 914 371 371 371 371 371 370 370 370 370 370 370 370 370 370 370 370 370 370 370 412 412 412 412 412 412 412 412 412 412 412 412 412 412 329 329 329 329 329 329 329 329 329 329 329 329 329 329 329 329 329 329 329 329 329 329 246 246 246 246 246 246 686 686 686 686 686 686 686 686 686 686 686 686 686 371 371 371 371 371 914 914 914 914 914 914 914 914 914 370 370 370 370 370 370 370 370 370 370 370 370 370 370 
0 1 2 3 4 5 6 7 8 9 10 11 12 13 14 15 16 17 18 19 20 21 22 23 24 25 26 27 28 29 30 31 32 33 34 35 36 37 38 39 40 0 1 2 3 4 5 6 7 8 9 10 41 42 43 44 45 46 47 48 49 50 51 52 53 54 55 56 57 58 59 60 25 26 27 41 42 43 44 45 46 47 48 49 50 51 52 53 54 61 62 63 64 65 66 67 68 69 70 71 72 73 74 75 76 77 78 79 80 81 82 83 84 85 86 87 88 11 12 13 14 15 16 17 18 19 20 21 22 23 24 89 90 91 92 93 94 95 96 97 98 99 89 90 91 92 93 94 95 96 97 98 99 55 56 57 58 59 60 28 29 30 31 32 33 34 35 36 37 38 39 40 70 71 72 73 74 61 62 63 64 65 66 67 68 69 75 76 77 78 79 80 81 82 83 84 85 86 87 88 
53749
10
6 9 5 11 13 11 3 14 14 14 
24 57 57 59 14 1 9 57 23 1 
61 69 67 60 61 15 33 70 42 58 
246 914 371 329 686 520 717 370 774 412 
5 5 5 5 5 5 5 5 5 5 5 9 9 9 9 9 9 9 9 9 9 9 9 9 9 6 6 6 4 4 4 4 4 4 4 4 4 4 4 4 4 5 5 5 5 5 5 5 5 5 5 5 8 8 8 8 8 8 8 8 8 8 8 8 8 8 0 0 0 0 0 0 6 6 6 8 8 8 8 8 8 8 8 8 8 8 8 8 8 1 1 1 1 1 1 1 1 1 2 2 2 2 2 7 7 7 7 7 7 7 7 7 7 7 7 7 7 9 9 9 9 9 9 9 9 9 9 9 9 9 9 3 3 3 3 3 3 3 3 3 3 3 3 3 3 3 3 3 3 3 3 3 3 0 0 0 0 0 0 4 4 4 4 4 4 4 4 4 4 4 4 4 2 2 2 2 2 1 1 1 1 1 1 1 1 1 7 7 7 7 7 7 7 7 7 7 7 7 7 7 