292
100
2
6 6 6 6 6 6 6 6 6 6 7 7 7 7 7 7 7 7 7 8 8 8 8 8 8 10 10 10 10 10 10 10 10 10 11 11 11 11 11 11 11 11 11 11 11 12 12 12 12 12 13 13 13 13 14 14 14 14 14 14 14 14 14 15 15 15 17 17 17 17 17 17 17 17 17 17 19 19 21 21 21 21 21 21 24 24 24 24 24 24 26 26 26 26 26 26 26 26 26 26 26 32 32 32 32 32 35 35 35 35 35 35 37 37 37 38 38 38 38 40 40 40 40 40 40 40 40 40 40 40 40 40 40 40 40 40 44 44 44 44 44 44 44 49 49 49 49 49 51 51 51 51 51 56 56 56 56 56 56 58 58 58 58 58 58 58 58 60 60 60 60 65 65 65 65 65 65 65 65 65 65 65 65 65 65 65 65 65 68 68 68 68 68 68 68 68 68 68 68 68 
66 67 68 69 70 71 72 73 74 75 25 26 27 28 29 30 31 32 33 161 162 163 164 165 166 10 11 12 13 14 15 16 17 18 90 91 92 93 94 95 96 97 98 99 100 143 144 145 146 147 115 116 117 118 188 189 190 191 192 193 194 195 196 112 113 114 0 1 2 3 4 5 6 7 8 9 159 160 106 107 108 109 110 111 153 154 155 156 157 158 34 35 36 37 38 39 40 41 42 43 44 148 149 150 151 152 78 79 80 81 82 83 63 64 65 50 51 52 53 171 172 173 174 175 176 177 178 179 180 181 182 183 184 185 186 187 197 198 199 167 168 169 170 45 46 47 48 49 101 102 103 104 105 84 85 86 87 88 89 76 77 19 20 21 22 23 24 139 140 141 142 119 120 121 122 123 124 125 126 127 128 129 130 131 132 133 134 135 54 55 56 57 58 59 60 61 62 136 137 138 
597 597 597 597 597 597 597 597 597 597 432 432 432 432 432 432 432 432 432 516 516 516 516 516 516 432 432 432 432 432 432 432 432 432 164 164 164 164 164 164 164 164 164 164 164 523 523 523 523 523 367 367 367 367 706 706 706 706 706 706 706 706 706 696 696 696 597 597 597 597 597 597 597 597 597 597 664 664 152 152 152 152 152 152 710 710 710 710 710 710 164 164 164 164 164 164 164 164 164 164 164 283 283 283 283 283 152 152 152 152 152 152 696 696 696 367 367 367 367 731 731 731 731 731 731 731 731 731 731 731 731 731 731 731 731 731 228 228 228 870 870 870 870 523 523 523 523 523 283 283 283 283 283 710 710 710 710 710 710 664 664 516 516 516 516 516 516 870 870 870 870 731 731 731 731 731 731 731 731 731 731 731 731 731 731 731 731 731 706 706 706 706 706 706 706 706 706 228 228 228 
0 1 2 3 4 5 6 7 8 9 10 11 12 13 14 15 16 17 18 19 20 21 22 23 24 10 11 12 13 14 15 16 17 18 25 26 27 28 29 30 31 32 33 34 35 36 37 38 39 40 41 42 43 44 45 46 47 48 49 50 51 52 53 54 55 56 0 1 2 3 4 5 6 7 8 9 57 58 59 60 61 62 63 64 65 66 67 68 69 70 25 26 27 28 29 30 31 32 33 34 35 71 72 73 74 75 59 60 61 62 63 64 54 55 56 41 42 43 44 76 77 78 79 80 81 82 83 84 85 86 87 88 89 90 91 92 93 94 95 96 97 98 99 36 37 38 39 40 71 72 73 74 75 65 66 67 68 69 70 57 58 19 20 21 22 23 24 96 97 98 99 76 77 78 79 80 81 82 83 84 85 86 87 88 89 90 91 92 45 46 47 48 49 50 51 52 53 93 94 95 
51789
15
2 9 6 3 5 11 10 6 3 9 4 4 6 5 17 
19 14 24 44 12 11 6 21 15 7 44 13 8 32 40 
58 68 56 68 49 26 17 35 37 10 60 38 58 51 65 
664 706 710 228 523 164 597 152 696 432 870 367 516 283 731 
6 6 6 6 6 6 6 6 6 6 9 9 9 9 9 9 9 9 9 12 12 12 12 12 12 9 9 9 9 9 9 9 9 9 5 5 5 5 5 5 5 5 5 5 5 4 4 4 4 4 11 11 11 11 1 1 1 1 1 1 1 1 1 8 8 8 6 6 6 6 6 6 6 6 6 6 0 0 7 7 7 7 7 7 2 2 2 2 2 2 5 5 5 5 5 5 5 5 5 5 5 13 13 13 13 13 7 7 7 7 7 7 8 8 8 11 11 11 11 14 14 14 14 14 14 14 14 14 14 14 14 14 14 14 14 14 3 3 3 10 10 10 10 4 4 4 4 4 13 13 13 13 13 2 2 2 2 2 2 0 0 12 12 12 12 12 12 10 10 10 10 14 14 14 14 14 14 14 14 14 14 14 14 14 14 14 14 14 1 1 1 1 1 1 1 1 1 3 3 3 