401
100
2
2 2 2 2 2 2 4 4 4 4 4 4 4 4 4 4 4 4 7 7 7 7 7 7 7 7 7 7 12 12 12 12 12 12 12 13 13 13 13 13 13 13 13 13 13 13 13 13 13 13 19 19 19 21 21 21 21 21 25 25 25 25 25 25 28 28 28 28 28 28 28 28 28 28 28 28 28 28 28 28 28 28 29 29 29 29 29 29 29 30 30 30 30 30 30 32 32 32 32 32 32 32 32 32 32 32 35 35 35 35 35 35 35 38 38 38 38 38 38 38 38 39 39 39 39 39 39 39 39 39 39 39 39 39 39 39 42 42 42 42 42 42 42 50 50 50 50 50 50 50 50 50 50 50 50 50 50 52 52 52 52 52 52 54 54 54 58 58 58 58 58 58 58 58 58 60 60 60 60 60 60 60 60 67 67 67 67 67 67 67 67 67 67 67 67 68 68 68 68 68 
58 59 60 61 62 63 70 71 72 73 74 75 76 77 78 79 80 81 143 144 145 146 147 148 149 150 151 152 136 137 138 139 140 141 142 64 65 66 67 68 69 166 167 168 169 170 171 172 173 174 163 164 165 195 196 197 198 199 0 1 2 3 4 5 35 36 37 38 39 40 6 7 8 9 10 11 12 13 14 15 16 17 106 107 108 109 110 111 112 157 158 159 160 161 162 125 126 127 128 129 130 131 132 133 134 135 82 83 84 85 86 87 88 175 176 177 178 179 180 181 182 153 154 155 156 95 96 97 98 99 100 101 102 103 104 105 28 29 30 31 32 33 34 18 19 20 21 22 23 24 25 26 27 121 122 123 124 89 90 91 92 93 94 50 51 52 41 42 43 44 45 46 47 48 49 113 114 115 116 117 118 119 120 184 183 186 185 188 187 190 189 192 191 194 193 53 54 55 56 57 
206 206 206 206 206 206 637 637 637 637 637 637 637 637 637 637 637 637 872 872 872 872 872 872 872 872 872 872 275 275 275 275 275 275 275 372 372 372 372 372 372 446 446 446 446 446 446 446 446 446 970 970 970 606 606 606 606 606 206 206 206 206 206 206 372 372 372 372 372 372 637 637 637 637 637 637 637 637 637 637 637 637 887 887 887 887 887 887 887 771 771 771 771 771 771 878 878 878 878 878 878 878 878 878 878 878 887 887 887 887 887 887 887 438 438 438 438 438 438 438 438 160 160 160 160 878 878 878 878 878 878 878 878 878 878 878 275 275 275 275 275 275 275 872 872 872 872 872 872 872 872 872 872 160 160 160 160 771 771 771 771 771 771 970 970 970 446 446 446 446 446 446 446 446 446 438 438 438 438 438 438 438 438 167 167 167 167 167 167 167 167 167 167 167 167 606 606 606 606 606 
0 1 2 3 4 5 6 7 8 9 10 11 12 13 14 15 16 17 18 19 20 21 22 23 24 25 26 27 28 29 30 31 32 33 34 35 36 37 38 39 40 41 42 43 44 45 46 47 48 49 50 51 52 53 54 55 56 57 0 1 2 3 4 5 35 36 37 38 39 40 6 7 8 9 10 11 12 13 14 15 16 17 58 59 60 61 62 63 64 65 66 67 68 69 70 71 72 73 74 75 76 77 78 79 80 81 58 59 60 61 62 63 64 82 83 84 85 86 87 88 89 90 91 92 93 71 72 73 74 75 76 77 78 79 80 81 28 29 30 31 32 33 34 18 19 20 21 22 23 24 25 26 27 90 91 92 93 65 66 67 68 69 70 50 51 52 41 42 43 44 45 46 47 48 49 82 83 84 85 86 87 88 89 94 94 95 95 96 96 97 97 98 98 99 99 53 54 55 56 57 
57350
14
10 4 8 7 6 5 3 6 9 6 6 12 7 11 
7 39 38 29 13 21 19 67 13 2 30 4 12 32 
50 50 60 35 28 68 54 67 58 25 52 28 42 39 
872 160 438 887 372 606 970 167 446 206 771 637 275 878 
9 9 9 9 9 9 11 11 11 11 11 11 11 11 11 11 11 11 0 0 0 0 0 0 0 0 0 0 12 12 12 12 12 12 12 4 4 4 4 4 4 8 8 8 8 8 8 8 8 8 6 6 6 5 5 5 5 5 9 9 9 9 9 9 4 4 4 4 4 4 11 11 11 11 11 11 11 11 11 11 11 11 3 3 3 3 3 3 3 10 10 10 10 10 10 13 13 13 13 13 13 13 13 13 13 13 3 3 3 3 3 3 3 2 2 2 2 2 2 2 2 1 1 1 1 13 13 13 13 13 13 13 13 13 13 13 12 12 12 12 12 12 12 0 0 0 0 0 0 0 0 0 0 1 1 1 1 10 10 10 10 10 10 6 6 6 8 8 8 8 8 8 8 8 8 2 2 2 2 2 2 2 2 7 7 7 7 7 7 7 7 7 7 7 7 5 5 5 5 5 