441
100
2
4 4 4 4 4 4 4 4 4 6 6 6 8 8 8 11 11 11 11 11 11 11 11 11 11 11 13 13 13 13 13 15 15 15 15 15 15 15 15 15 17 17 17 21 21 21 21 21 22 22 22 22 22 22 22 22 22 25 25 25 25 25 27 27 27 27 27 32 32 32 32 32 32 32 32 32 32 32 32 32 32 32 32 32 32 32 32 33 33 33 35 35 35 35 35 35 35 39 39 39 39 39 39 39 39 39 39 39 39 39 39 39 43 43 43 43 43 45 45 45 46 46 46 46 46 46 46 46 46 46 46 47 47 47 47 47 47 49 49 50 50 50 51 51 53 53 53 53 53 53 53 53 55 55 55 55 55 55 55 59 59 59 59 59 59 59 59 59 59 59 59 59 59 59 59 64 64 64 64 64 64 64 64 65 65 65 65 65 65 65 65 65 70 70 70 70 70 70 70 70 
183 184 185 186 187 188 189 190 191 12 13 14 9 10 11 87 88 89 192 193 194 195 196 197 198 199 62 63 64 65 66 137 138 152 153 154 155 156 157 158 114 115 116 112 113 117 118 119 120 121 122 123 124 125 126 127 128 67 68 69 70 71 26 27 28 29 30 57 58 59 60 61 97 98 99 100 101 102 103 104 105 106 107 108 109 110 111 15 16 17 168 169 170 171 172 173 174 72 73 74 75 76 77 78 79 80 81 82 83 84 85 86 43 44 40 41 42 45 46 47 48 49 50 51 52 53 54 55 56 142 143 159 160 161 162 163 164 31 32 165 166 167 129 130 175 176 177 178 179 180 181 182 33 34 35 36 37 38 39 131 132 133 134 135 136 139 140 141 90 91 92 93 94 95 96 144 145 146 147 148 149 150 151 0 1 2 3 4 5 6 7 8 18 19 20 21 22 23 24 25 
342 342 342 342 342 342 342 342 342 310 310 310 310 310 310 157 157 157 227 227 227 227 227 227 227 227 413 413 413 413 413 670 670 844 844 844 844 844 844 844 740 740 740 826 826 784 784 784 909 909 909 909 909 909 909 909 909 281 281 281 281 281 413 413 413 413 413 281 281 281 281 281 433 433 433 433 433 433 433 433 433 433 433 433 433 433 433 157 157 157 608 608 608 608 608 608 608 433 433 433 433 433 433 433 433 433 433 433 433 433 433 433 826 826 740 740 740 784 784 784 909 909 909 909 909 909 909 909 909 928 928 841 841 841 841 841 841 670 670 393 393 393 928 928 410 410 410 410 410 410 410 410 844 844 844 844 844 844 844 841 841 841 841 841 841 393 393 393 608 608 608 608 608 608 608 410 410 410 410 410 410 410 410 342 342 342 342 342 342 342 342 342 227 227 227 227 227 227 227 227 
0 1 2 3 4 5 6 7 8 9 10 11 9 10 11 12 13 14 15 16 17 18 19 20 21 22 23 24 25 26 27 28 29 30 31 32 33 34 35 36 37 38 39 40 41 42 43 44 45 46 47 48 49 50 51 52 53 54 55 56 57 58 23 24 25 26 27 54 55 56 57 58 59 60 61 62 63 64 65 66 67 68 69 70 71 72 73 12 13 14 74 75 76 77 78 79 80 59 60 61 62 63 64 65 66 67 68 69 70 71 72 73 40 41 37 38 39 42 43 44 45 46 47 48 49 50 51 52 53 81 82 83 84 85 86 87 88 28 29 89 90 91 81 82 92 93 94 95 96 97 98 99 30 31 32 33 34 35 36 83 84 85 86 87 88 89 90 91 74 75 76 77 78 79 80 92 93 94 95 96 97 98 99 0 1 2 3 4 5 6 7 8 15 16 17 18 19 20 21 22 
53530
18
8 2 9 2 3 2 6 5 3 3 5 9 7 3 8 3 7 15 
53 15 22 21 11 46 47 13 50 6 25 4 15 21 11 17 35 32 
64 49 46 43 33 51 59 27 59 8 32 65 55 45 70 43 59 39 
410 670 909 826 157 928 841 413 393 310 281 342 844 784 227 740 608 433 
11 11 11 11 11 11 11 11 11 9 9 9 9 9 9 4 4 4 14 14 14 14 14 14 14 14 7 7 7 7 7 1 1 12 12 12 12 12 12 12 15 15 15 3 3 13 13 13 2 2 2 2 2 2 2 2 2 10 10 10 10 10 7 7 7 7 7 10 10 10 10 10 17 17 17 17 17 17 17 17 17 17 17 17 17 17 17 4 4 4 16 16 16 16 16 16 16 17 17 17 17 17 17 17 17 17 17 17 17 17 17 17 3 3 15 15 15 13 13 13 2 2 2 2 2 2 2 2 2 5 5 6 6 6 6 6 6 1 1 8 8 8 5 5 0 0 0 0 0 0 0 0 12 12 12 12 12 12 12 6 6 6 6 6 6 8 8 8 16 16 16 16 16 16 16 0 0 0 0 0 0 0 0 11 11 11 11 11 11 11 11 11 14 14 14 14 14 14 14 14 