233
100
2
1 1 1 1 1 4 4 4 4 4 4 5 5 5 5 5 5 5 5 5 5 5 5 8 8 8 8 8 8 8 8 8 10 10 10 10 10 10 10 10 10 13 13 13 13 13 15 15 15 15 15 15 15 15 15 15 15 15 15 15 15 15 15 15 20 20 20 20 20 20 20 20 20 20 20 20 20 22 22 22 22 22 22 22 22 22 22 22 22 22 22 22 22 22 22 29 29 29 29 29 32 32 32 32 32 33 33 33 33 33 33 33 33 33 33 33 33 33 35 35 35 35 35 35 35 35 35 35 35 35 35 35 44 44 44 44 44 44 44 44 44 44 44 48 48 48 48 48 48 48 48 48 48 48 48 48 50 50 50 50 50 50 50 50 50 50 50 59 59 59 59 59 59 59 66 66 66 66 66 66 66 68 68 68 68 68 68 68 68 68 68 68 68 68 68 70 70 70 70 70 
41 42 43 44 45 89 90 91 92 93 94 77 78 79 80 81 82 83 84 85 86 87 88 32 33 34 35 36 37 38 39 40 23 24 25 26 27 28 29 30 31 0 1 2 3 4 64 65 66 67 68 69 70 71 72 73 74 75 76 195 196 197 198 199 46 47 48 49 50 51 52 53 54 55 56 57 58 11 12 13 14 15 16 17 18 19 20 21 22 5 6 7 8 9 10 100 101 102 103 104 95 96 97 98 99 143 144 145 146 147 148 149 150 151 152 153 154 155 181 182 183 184 185 186 187 188 189 190 191 192 193 194 156 157 158 159 160 161 162 163 164 165 166 105 106 107 108 109 110 111 112 113 114 115 116 117 132 133 134 135 136 137 138 139 140 141 142 174 175 176 177 178 179 180 167 168 169 170 171 172 173 118 119 120 121 122 123 124 125 126 127 128 129 130 131 59 60 61 62 63 
350 350 350 350 350 305 305 305 305 305 305 782 782 782 782 782 782 782 782 782 782 782 782 152 152 152 152 152 152 152 152 152 152 152 152 152 152 152 152 152 152 350 350 350 350 350 501 501 501 501 501 501 501 501 501 501 501 501 501 613 613 613 613 613 501 501 501 501 501 501 501 501 501 501 501 501 501 782 782 782 782 782 782 782 782 782 782 782 782 305 305 305 305 305 305 336 336 336 336 336 336 336 336 336 336 523 523 523 523 523 523 523 523 523 523 523 523 523 903 903 903 903 903 903 903 903 903 903 903 903 903 903 935 935 935 935 935 935 935 935 935 935 935 523 523 523 523 523 523 523 523 523 523 523 523 523 935 935 935 935 935 935 935 935 935 935 935 422 422 422 422 422 422 422 422 422 422 422 422 422 422 903 903 903 903 903 903 903 903 903 903 903 903 903 903 613 613 613 613 613 
0 1 2 3 4 5 6 7 8 9 10 11 12 13 14 15 16 17 18 19 20 21 22 23 24 25 26 27 28 29 30 31 23 24 25 26 27 28 29 30 31 0 1 2 3 4 32 33 34 35 36 37 38 39 40 41 42 43 44 45 46 47 48 49 32 33 34 35 36 37 38 39 40 41 42 43 44 11 12 13 14 15 16 17 18 19 20 21 22 5 6 7 8 9 10 50 51 52 53 54 50 51 52 53 54 55 56 57 58 59 60 61 62 63 64 65 66 67 68 69 70 71 72 73 74 75 76 77 78 79 80 81 82 83 84 85 86 87 88 89 90 91 92 55 56 57 58 59 60 61 62 63 64 65 66 67 82 83 84 85 86 87 88 89 90 91 92 93 94 95 96 97 98 99 93 94 95 96 97 98 99 68 69 70 71 72 73 74 75 76 77 78 79 80 81 45 46 47 48 49 
58270
11
13 13 5 12 7 9 5 14 6 5 11 
15 33 1 5 59 8 29 35 4 15 44 
20 48 13 22 66 10 32 68 22 70 50 
501 523 350 782 422 152 336 903 305 613 935 
2 2 2 2 2 8 8 8 8 8 8 3 3 3 3 3 3 3 3 3 3 3 3 5 5 5 5 5 5 5 5 5 5 5 5 5 5 5 5 5 5 2 2 2 2 2 0 0 0 0 0 0 0 0 0 0 0 0 0 9 9 9 9 9 0 0 0 0 0 0 0 0 0 0 0 0 0 3 3 3 3 3 3 3 3 3 3 3 3 8 8 8 8 8 8 6 6 6 6 6 6 6 6 6 6 1 1 1 1 1 1 1 1 1 1 1 1 1 7 7 7 7 7 7 7 7 7 7 7 7 7 7 10 10 10 10 10 10 10 10 10 10 10 1 1 1 1 1 1 1 1 1 1 1 1 1 10 10 10 10 10 10 10 10 10 10 10 4 4 4 4 4 4 4 4 4 4 4 4 4 4 7 7 7 7 7 7 7 7 7 7 7 7 7 7 9 9 9 9 9 