801
100
2
2 2 2 2 2 4 4 4 4 4 4 7 7 7 7 7 7 7 12 12 12 12 12 12 14 14 14 14 15 15 15 15 15 15 15 15 15 15 15 15 15 15 15 15 15 15 15 15 15 21 21 21 21 21 21 21 21 21 21 21 21 21 24 24 24 24 24 24 24 24 25 25 25 25 25 25 25 25 32 32 32 32 32 32 32 32 32 34 34 34 34 34 34 34 34 36 36 36 36 36 38 38 38 38 38 38 38 38 46 46 46 46 46 49 49 49 50 50 50 50 50 50 51 51 51 52 52 52 53 53 53 54 54 54 54 54 54 54 54 54 57 57 58 58 58 58 61 61 61 61 61 61 63 63 63 63 63 63 63 63 63 63 63 63 63 63 63 63 63 66 66 66 66 66 66 66 66 67 67 67 67 67 67 67 67 67 67 67 67 68 68 68 69 69 69 69 70 70 70 70 
57 58 59 60 61 116 117 118 119 120 121 122 123 124 91 92 93 94 24 25 26 27 140 141 18 19 20 21 192 193 194 195 152 153 154 155 156 157 158 159 160 161 162 163 164 165 166 167 168 62 63 64 65 66 67 68 69 0 1 2 3 4 49 50 51 52 53 54 55 56 181 182 183 184 185 186 187 188 131 132 133 134 135 136 137 138 139 177 178 179 180 14 15 16 17 108 109 110 111 112 169 170 171 172 173 174 175 176 95 96 97 98 99 189 190 191 5 6 7 8 9 10 11 12 13 128 129 130 125 126 127 78 79 80 81 82 83 84 85 86 22 23 196 197 198 199 147 146 149 148 151 150 32 33 34 35 36 37 38 39 40 41 42 43 44 45 46 47 48 100 101 102 103 104 105 106 107 87 88 89 90 70 71 72 73 74 75 76 77 113 114 115 28 29 30 31 142 143 144 145 
172 172 172 172 172 993 993 993 993 993 993 296 296 296 673 673 673 673 584 584 584 584 622 622 584 584 584 584 157 157 157 157 655 655 655 655 655 655 655 655 655 655 655 655 655 655 655 655 655 532 532 532 532 532 532 532 532 172 172 172 172 172 532 532 532 532 532 532 532 532 632 632 632 632 632 632 632 632 435 435 435 435 435 435 435 435 435 394 394 394 394 673 673 673 673 498 498 498 498 498 792 792 792 792 792 792 792 792 498 498 498 498 498 554 554 554 993 993 993 993 993 993 296 296 296 894 894 894 894 894 894 435 435 435 435 435 435 435 435 435 622 622 529 529 529 529 251 251 251 251 251 251 655 655 655 655 655 655 655 655 655 655 655 655 655 655 655 655 655 792 792 792 792 792 792 792 792 394 394 394 394 632 632 632 632 632 632 632 632 554 554 554 157 157 157 157 529 529 529 529 
0 1 2 3 4 5 6 7 8 9 10 11 12 13 14 15 16 17 18 19 20 21 22 23 18 19 20 21 24 25 26 27 28 29 30 31 32 33 34 35 36 37 38 39 40 41 42 43 44 45 46 47 48 49 50 51 52 0 1 2 3 4 45 46 47 48 49 50 51 52 53 54 55 56 57 58 59 60 61 62 63 64 65 66 67 68 69 70 71 72 73 14 15 16 17 74 75 76 77 78 79 80 81 82 83 84 85 86 74 75 76 77 78 87 88 89 5 6 7 8 9 10 11 12 13 90 91 92 90 91 92 61 62 63 64 65 66 67 68 69 22 23 93 94 95 96 97 97 98 98 99 99 28 29 30 31 32 33 34 35 36 37 38 39 40 41 42 43 44 79 80 81 82 83 84 85 86 70 71 72 73 53 54 55 56 57 58 59 60 87 88 89 24 25 26 27 93 94 95 96 
56583
18
9 4 3 4 4 4 4 8 6 5 8 3 5 2 3 8 3 17 
32 34 7 7 15 58 12 21 4 36 38 52 2 12 49 25 61 15 
54 67 51 34 69 70 14 24 50 46 66 53 21 57 68 67 61 63 
435 394 296 673 157 529 584 532 993 498 792 894 172 622 554 632 251 655 
12 12 12 12 12 8 8 8 8 8 8 2 2 2 3 3 3 3 6 6 6 6 13 13 6 6 6 6 4 4 4 4 17 17 17 17 17 17 17 17 17 17 17 17 17 17 17 17 17 7 7 7 7 7 7 7 7 12 12 12 12 12 7 7 7 7 7 7 7 7 15 15 15 15 15 15 15 15 0 0 0 0 0 0 0 0 0 1 1 1 1 3 3 3 3 9 9 9 9 9 10 10 10 10 10 10 10 10 9 9 9 9 9 14 14 14 8 8 8 8 8 8 2 2 2 11 11 11 11 11 11 0 0 0 0 0 0 0 0 0 13 13 5 5 5 5 16 16 16 16 16 16 17 17 17 17 17 17 17 17 17 17 17 17 17 17 17 17 17 10 10 10 10 10 10 10 10 1 1 1 1 15 15 15 15 15 15 15 15 14 14 14 4 4 4 4 5 5 5 5 