257
100
2
2 2 5 5 6 6 6 6 6 6 6 6 6 6 6 6 6 6 6 6 6 6 6 6 6 6 6 6 6 6 6 6 6 6 6 7 7 7 7 7 7 7 7 7 7 7 7 7 7 7 7 7 7 7 7 7 7 7 7 7 9 9 9 9 9 9 13 13 13 13 13 13 13 13 13 14 14 14 14 14 17 17 17 18 18 18 18 18 20 20 20 20 20 22 22 22 22 22 23 23 26 26 26 26 26 27 27 27 27 27 27 27 27 29 29 29 30 30 30 30 30 33 33 33 33 35 35 36 36 38 38 38 38 38 39 39 39 39 40 40 40 40 41 43 43 44 44 44 44 44 44 44 44 44 45 45 45 47 47 47 47 48 48 48 49 49 51 52 52 54 54 54 54 54 54 54 54 54 54 62 62 62 62 63 63 63 63 63 63 63 64 64 64 66 69 69 69 69 69 69 
143 144 188 189 145 146 147 148 149 66 67 68 69 75 76 77 78 79 154 155 156 46 47 48 49 50 51 52 53 54 55 56 57 58 59 194 195 196 197 198 60 61 62 63 64 65 21 22 23 24 25 26 27 28 29 30 31 32 33 34 40 41 42 43 44 45 9 10 11 12 174 175 176 177 178 13 14 15 16 17 113 114 115 129 130 131 132 133 183 184 185 186 187 100 101 102 103 104 127 128 93 94 95 96 97 157 158 159 160 161 162 163 142 80 81 82 166 179 180 181 182 138 139 140 141 169 170 98 99 83 84 85 86 87 150 151 152 153 121 122 123 124 112 0 1 4 5 6 7 8 134 135 136 137 18 19 20 105 106 107 108 109 110 111 167 168 116 164 165 125 126 190 191 192 70 71 72 73 74 117 118 119 120 88 89 90 91 92 2 3 171 172 173 199 35 36 37 38 39 193 
404 404 208 208 193 193 193 193 193 405 405 405 405 954 954 954 954 954 773 773 773 648 648 648 648 648 648 648 648 648 648 648 648 648 648 568 568 568 568 568 654 654 654 654 654 654 648 648 648 648 648 648 648 648 648 648 648 648 648 648 654 654 654 654 654 654 405 405 405 405 851 851 851 851 851 954 954 954 954 954 732 732 732 987 987 987 987 987 571 571 571 571 571 183 183 183 183 183 798 798 183 183 183 183 183 539 539 539 539 340 340 340 329 732 732 732 379 715 715 715 715 427 427 427 427 586 586 798 798 987 987 987 987 987 568 568 568 568 427 427 427 427 329 404 404 193 193 193 193 193 568 568 568 568 773 773 773 539 539 539 539 340 340 340 277 277 379 277 277 586 586 230 230 230 851 851 851 851 851 715 715 715 715 571 571 571 571 571 208 208 230 230 230 862 568 568 568 568 568 862 
0 1 2 3 4 5 6 7 8 9 10 11 12 13 14 15 16 17 18 19 20 21 22 23 24 25 26 27 28 29 30 31 32 33 34 35 36 37 38 39 40 41 42 43 44 45 21 22 23 24 25 26 27 28 29 30 31 32 33 34 40 41 42 43 44 45 9 10 11 12 46 47 48 49 50 13 14 15 16 17 51 52 53 54 55 56 57 58 59 60 61 62 63 64 65 66 67 68 69 70 64 65 66 67 68 71 72 73 74 75 76 77 78 51 52 53 79 80 81 82 83 84 85 86 87 88 89 69 70 54 55 56 57 58 90 91 92 93 84 85 86 87 78 0 1 4 5 6 7 8 90 91 92 93 18 19 20 71 72 73 74 75 76 77 94 95 79 94 95 88 89 96 97 98 46 47 48 49 50 80 81 82 83 59 60 61 62 63 2 3 96 97 98 99 35 36 37 38 39 99 
57488
26
4 5 5 2 2 4 1 5 5 1 2 4 5 4 3 4 2 3 6 2 3 3 5 1 5 14 
33 6 22 2 35 6 30 20 7 66 5 27 6 30 27 39 49 17 7 23 6 54 13 27 18 6 
40 44 26 43 54 13 51 63 69 69 63 47 14 62 48 44 52 29 9 36 45 64 54 41 38 7 
427 193 183 404 586 405 379 571 568 862 208 539 954 715 340 568 277 732 654 798 773 230 851 329 987 648 
3 3 10 10 1 1 1 1 1 5 5 5 5 12 12 12 12 12 20 20 20 25 25 25 25 25 25 25 25 25 25 25 25 25 25 8 8 8 8 8 18 18 18 18 18 18 25 25 25 25 25 25 25 25 25 25 25 25 25 25 18 18 18 18 18 18 5 5 5 5 22 22 22 22 22 12 12 12 12 12 17 17 17 24 24 24 24 24 7 7 7 7 7 2 2 2 2 2 19 19 2 2 2 2 2 11 11 11 11 14 14 14 23 17 17 17 6 13 13 13 13 0 0 0 0 4 4 19 19 24 24 24 24 24 15 15 15 15 0 0 0 0 23 3 3 1 1 1 1 1 15 15 15 15 20 20 20 11 11 11 11 14 14 14 16 16 6 16 16 4 4 21 21 21 22 22 22 22 22 13 13 13 13 7 7 7 7 7 10 10 21 21 21 9 8 8 8 8 8 9 