655
100
2
2 2 2 2 2 3 4 4 4 4 4 4 4 6 6 6 6 6 6 7 7 7 7 7 7 7 7 7 7 7 7 7 7 7 7 7 7 7 7 7 7 7 8 8 8 8 8 8 9 9 9 9 9 9 12 12 12 12 12 12 16 17 19 19 19 19 22 22 22 25 25 25 25 26 26 28 28 28 28 28 28 28 29 30 30 30 30 30 30 31 31 31 31 31 31 33 33 33 33 33 33 38 38 38 38 38 38 38 38 38 38 38 38 38 38 38 38 38 39 39 39 39 39 39 39 39 39 40 40 40 40 40 40 40 40 40 40 41 41 41 41 41 41 41 41 42 42 46 46 46 46 46 46 47 47 47 47 47 47 49 49 49 49 52 52 56 56 56 56 56 56 56 56 56 60 61 61 61 61 61 61 64 66 66 66 66 66 67 67 67 68 68 68 68 68 68 68 68 68 68 
77 78 79 80 81 61 13 14 15 16 17 18 174 6 7 8 9 10 11 175 176 177 178 179 180 101 102 103 104 105 106 107 108 109 110 111 112 113 114 115 116 117 60 90 91 92 93 94 182 183 184 185 186 89 165 166 167 168 169 170 42 5 137 138 139 140 187 188 189 159 160 161 162 75 76 73 74 0 1 2 3 4 164 121 122 123 124 125 126 53 43 44 45 46 47 153 154 155 156 157 158 25 26 27 28 29 30 31 32 33 34 35 36 37 38 39 40 41 171 172 173 83 84 85 86 87 88 141 142 143 144 194 195 196 197 198 199 62 63 64 65 127 128 129 130 151 152 190 191 192 193 145 146 95 96 97 98 99 100 69 70 71 72 181 82 54 55 56 57 58 59 118 119 120 12 19 20 21 22 23 24 163 48 49 50 51 52 66 67 68 147 148 149 150 131 132 133 134 135 136 
478 478 478 478 478 527 165 165 165 165 165 165 716 165 165 165 165 165 165 500 500 500 500 500 500 412 412 412 412 412 412 412 412 412 412 412 412 412 412 412 412 412 555 968 968 968 968 968 966 966 966 966 966 255 648 648 648 648 648 648 555 527 754 754 754 754 949 949 949 506 506 506 506 781 781 781 781 478 478 478 478 478 704 185 185 185 185 185 185 255 968 968 968 968 968 433 433 433 433 433 433 412 412 412 412 412 412 412 412 412 412 412 412 412 412 412 412 412 280 280 280 185 185 185 185 185 185 320 320 320 320 767 767 767 767 767 767 754 754 754 754 320 320 320 320 629 629 408 408 408 408 629 629 433 433 433 433 433 433 506 506 506 506 723 704 648 648 648 648 648 648 280 280 280 716 500 500 500 500 500 500 723 966 966 966 966 966 949 949 949 408 408 408 408 767 767 767 767 767 767 
0 1 2 3 4 5 6 7 8 9 10 11 12 6 7 8 9 10 11 13 14 15 16 17 18 19 20 21 22 23 24 25 26 27 28 29 30 31 32 33 34 35 36 37 38 39 40 41 42 43 44 45 46 47 48 49 50 51 52 53 36 5 54 55 56 57 58 59 60 61 62 63 64 65 66 65 66 0 1 2 3 4 67 68 69 70 71 72 73 47 37 38 39 40 41 74 75 76 77 78 79 19 20 21 22 23 24 25 26 27 28 29 30 31 32 33 34 35 80 81 82 68 69 70 71 72 73 83 84 85 86 87 88 89 90 91 92 54 55 56 57 83 84 85 86 93 94 95 96 97 98 93 94 74 75 76 77 78 79 61 62 63 64 99 67 48 49 50 51 52 53 80 81 82 12 13 14 15 16 17 18 99 42 43 44 45 46 58 59 60 95 96 97 98 87 88 89 90 91 92 
53191
24
1 6 1 4 6 4 4 3 1 2 6 5 6 2 1 3 1 5 5 6 4 6 1 17 
3 33 52 46 4 19 25 22 29 26 7 9 12 42 8 39 9 2 8 30 40 40 4 7 
17 47 64 68 6 41 49 67 52 28 61 66 56 46 16 56 31 28 31 39 41 68 60 38 
527 433 723 408 165 754 506 949 704 781 500 966 648 629 555 280 255 478 968 185 320 767 716 412 
17 17 17 17 17 0 4 4 4 4 4 4 22 4 4 4 4 4 4 10 10 10 10 10 10 23 23 23 23 23 23 23 23 23 23 23 23 23 23 23 23 23 14 18 18 18 18 18 11 11 11 11 11 16 12 12 12 12 12 12 14 0 5 5 5 5 7 7 7 6 6 6 6 9 9 9 9 17 17 17 17 17 8 19 19 19 19 19 19 16 18 18 18 18 18 1 1 1 1 1 1 23 23 23 23 23 23 23 23 23 23 23 23 23 23 23 23 23 15 15 15 19 19 19 19 19 19 20 20 20 20 21 21 21 21 21 21 5 5 5 5 20 20 20 20 13 13 3 3 3 3 13 13 1 1 1 1 1 1 6 6 6 6 2 8 12 12 12 12 12 12 15 15 15 22 10 10 10 10 10 10 2 11 11 11 11 11 7 7 7 3 3 3 3 21 21 21 21 21 21 