97
100
2
1 7 7 7 8 8 8 8 8 8 8 8 9 9 9 9 9 11 11 11 11 12 13 13 13 14 14 14 14 14 17 17 18 18 18 18 20 20 20 20 20 20 20 20 20 20 20 20 20 20 20 20 20 21 21 21 22 22 22 22 22 22 24 24 24 24 24 24 28 28 28 28 29 29 31 31 31 31 34 34 34 35 36 36 36 36 36 38 38 38 38 38 38 38 38 38 39 39 39 39 39 41 41 41 42 42 42 42 42 42 43 43 44 44 44 44 44 45 48 48 48 48 48 48 48 48 48 48 52 52 52 52 52 53 53 53 56 56 59 59 59 59 59 59 59 59 59 59 59 59 59 59 59 59 59 62 62 62 62 62 62 65 65 65 65 65 65 65 65 66 66 66 66 66 66 66 66 66 66 69 69 69 70 70 70 70 70 70 70 70 70 70 70 70 70 70 70 70 70 70 
21 136 137 117 156 157 158 159 160 101 102 103 82 83 84 85 86 36 37 38 39 0 53 54 55 104 105 106 72 73 110 111 74 75 76 77 17 18 19 20 187 188 189 190 191 192 193 194 195 196 197 198 199 22 23 24 169 170 161 162 163 164 177 178 165 166 167 168 124 125 126 127 28 29 32 33 34 35 179 180 181 138 12 13 14 15 16 128 129 130 131 132 143 144 145 146 112 113 114 115 116 9 10 11 25 26 27 133 134 135 30 31 96 97 98 99 100 3 171 172 139 140 141 142 68 69 70 71 87 88 89 90 91 107 108 109 1 2 81 120 121 122 123 92 93 94 95 148 147 150 149 152 151 154 153 182 4 5 6 7 8 58 59 60 61 64 65 66 67 56 57 118 119 183 184 185 186 62 63 78 79 80 155 173 174 175 176 40 41 42 43 44 45 46 47 48 49 50 51 52 
950 636 636 786 223 223 223 223 223 1000 1000 1000 814 814 814 814 814 974 974 974 974 950 163 163 163 332 332 332 178 178 260 260 307 307 307 307 974 974 974 974 513 513 513 513 513 513 513 513 513 513 513 513 513 163 163 163 150 150 887 887 887 887 987 987 379 379 379 379 158 158 158 158 178 178 307 307 307 307 185 185 185 303 814 814 814 814 814 709 709 709 709 709 804 804 804 804 903 903 903 903 903 1000 1000 1000 332 332 332 383 383 383 260 260 903 903 903 903 903 786 323 323 234 234 234 234 158 158 158 158 709 709 709 709 709 383 383 383 636 636 303 234 234 234 234 804 804 804 804 293 293 293 293 293 293 293 293 514 223 223 223 223 223 887 887 887 887 379 379 379 379 150 150 323 323 395 395 395 395 987 987 185 185 185 514 395 395 395 395 513 513 513 513 513 513 513 513 513 513 513 513 513 
0 1 2 3 4 5 6 7 8 9 10 11 12 13 14 15 16 17 18 19 20 0 21 22 23 24 25 26 27 28 29 30 31 32 33 34 17 18 19 20 35 36 37 38 39 40 41 42 43 44 45 46 47 21 22 23 48 49 50 51 52 53 54 55 56 57 58 59 60 61 62 63 27 28 31 32 33 34 64 65 66 67 12 13 14 15 16 68 69 70 71 72 73 74 75 76 77 78 79 80 81 9 10 11 24 25 26 82 83 84 29 30 77 78 79 80 81 3 85 86 87 88 89 90 60 61 62 63 68 69 70 71 72 82 83 84 1 2 67 87 88 89 90 73 74 75 76 91 91 92 92 93 93 94 94 95 4 5 6 7 8 50 51 52 53 56 57 58 59 48 49 85 86 96 97 98 99 54 55 64 65 66 95 96 97 98 99 35 36 37 38 39 40 41 42 43 44 45 46 47 
51448
29
1 3 2 4 5 2 2 1 4 4 5 3 5 2 4 3 2 3 1 2 4 1 3 4 4 5 4 4 13 
35 13 22 22 9 48 7 62 48 66 38 14 8 17 38 42 24 8 7 14 18 1 34 11 24 39 28 59 20 
59 21 66 65 36 66 56 70 59 70 52 42 62 43 59 53 66 41 45 29 31 12 69 20 65 44 48 59 70 
303 163 150 887 814 323 636 514 234 395 709 332 223 260 804 383 987 1000 786 178 307 950 185 974 379 903 158 293 513 
21 6 6 18 12 12 12 12 12 17 17 17 4 4 4 4 4 23 23 23 23 21 1 1 1 11 11 11 19 19 13 13 20 20 20 20 23 23 23 23 28 28 28 28 28 28 28 28 28 28 28 28 28 1 1 1 2 2 3 3 3 3 16 16 24 24 24 24 26 26 26 26 19 19 20 20 20 20 22 22 22 0 4 4 4 4 4 10 10 10 10 10 14 14 14 14 25 25 25 25 25 17 17 17 11 11 11 15 15 15 13 13 25 25 25 25 25 18 5 5 8 8 8 8 26 26 26 26 10 10 10 10 10 15 15 15 6 6 0 8 8 8 8 14 14 14 14 27 27 27 27 27 27 27 27 7 12 12 12 12 12 3 3 3 3 24 24 24 24 2 2 5 5 9 9 9 9 16 16 22 22 22 7 9 9 9 9 28 28 28 28 28 28 28 28 28 28 28 28 28 