693
100
2
1 1 1 1 1 1 1 1 4 4 4 4 5 5 5 5 5 5 5 8 8 8 8 8 8 8 9 9 9 9 9 10 10 12 12 12 12 12 12 14 14 14 14 14 14 14 14 14 16 16 16 16 16 16 16 17 17 17 17 17 17 17 17 17 17 17 17 17 17 17 17 18 19 19 19 19 21 27 28 28 28 28 28 28 28 31 31 32 32 32 32 32 32 32 35 35 35 36 36 36 36 36 36 36 37 37 37 37 41 41 41 41 42 42 42 45 45 45 45 45 45 45 45 45 45 45 45 45 45 45 45 45 45 45 45 45 45 45 45 45 45 45 45 45 46 46 48 48 48 48 48 49 49 49 49 49 49 51 51 51 51 51 51 53 53 53 53 53 53 53 57 57 57 57 57 58 58 58 58 63 63 63 63 63 63 63 63 63 63 63 64 64 65 65 65 69 69 69 69 70 
170 48 49 50 51 52 53 54 171 172 173 174 118 119 120 121 122 123 124 179 180 181 182 183 184 185 76 186 187 188 189 85 86 157 158 159 160 161 162 192 193 194 151 152 153 154 155 156 1 2 3 4 5 6 7 128 129 130 131 132 133 134 135 136 137 138 139 140 141 142 143 150 195 196 197 198 26 199 87 88 89 90 91 92 93 31 32 78 79 80 81 82 83 84 115 116 117 163 164 165 166 167 168 169 146 147 148 149 175 176 177 178 125 126 127 94 95 96 12 13 14 15 16 17 18 112 113 114 55 56 57 58 59 60 61 62 63 64 65 66 67 68 69 70 190 191 104 105 106 107 71 42 43 44 45 46 47 33 34 35 36 37 38 97 98 99 100 101 102 103 0 8 9 10 11 108 109 110 111 19 20 21 22 23 24 25 27 28 29 30 144 145 39 40 41 72 73 74 75 77 
214 312 312 312 312 312 312 312 582 582 582 582 827 827 827 827 827 827 827 356 356 356 356 356 356 356 950 842 842 842 842 558 558 477 477 477 477 477 477 916 916 916 513 513 513 513 513 513 312 312 312 312 312 312 312 845 845 845 845 845 845 845 845 845 845 845 845 845 845 845 845 899 705 705 705 705 950 583 489 489 489 489 489 489 489 558 558 489 489 489 489 489 489 489 684 684 684 690 690 690 690 690 690 690 526 526 526 526 479 479 479 479 415 415 415 684 684 684 827 827 827 827 827 827 827 415 415 415 845 845 845 845 845 845 845 845 845 845 845 845 845 845 845 845 651 651 526 526 526 526 899 513 513 513 513 513 513 477 477 477 477 477 477 690 690 690 690 690 690 690 214 582 582 582 582 479 479 479 479 356 356 356 356 356 356 356 842 842 842 842 651 651 916 916 916 705 705 705 705 583 
0 1 2 3 4 5 6 7 8 9 10 11 12 13 14 15 16 17 18 19 20 21 22 23 24 25 26 27 28 29 30 31 32 33 34 35 36 37 38 39 40 41 42 43 44 45 46 47 1 2 3 4 5 6 7 48 49 50 51 52 53 54 55 56 57 58 59 60 61 62 63 64 65 66 67 68 26 69 70 71 72 73 74 75 76 31 32 70 71 72 73 74 75 76 77 78 79 80 81 82 83 84 85 86 87 88 89 90 91 92 93 94 95 96 97 77 78 79 12 13 14 15 16 17 18 95 96 97 48 49 50 51 52 53 54 55 56 57 58 59 60 61 62 63 98 99 87 88 89 90 64 42 43 44 45 46 47 33 34 35 36 37 38 80 81 82 83 84 85 86 0 8 9 10 11 91 92 93 94 19 20 21 22 23 24 25 27 28 29 30 98 99 39 40 41 65 66 67 68 69 
61823
22
4 4 7 3 3 1 1 4 7 1 6 2 7 7 2 4 4 6 7 1 3 16 
41 37 8 35 14 9 1 19 36 27 14 10 1 28 46 4 9 12 5 18 42 17 
58 48 63 45 65 21 57 69 53 70 49 31 16 32 64 57 63 51 45 48 45 45 
479 526 356 684 916 950 214 705 690 583 513 558 312 489 651 582 842 477 827 899 415 845 
6 12 12 12 12 12 12 12 15 15 15 15 18 18 18 18 18 18 18 2 2 2 2 2 2 2 5 16 16 16 16 11 11 17 17 17 17 17 17 4 4 4 10 10 10 10 10 10 12 12 12 12 12 12 12 21 21 21 21 21 21 21 21 21 21 21 21 21 21 21 21 19 7 7 7 7 5 9 13 13 13 13 13 13 13 11 11 13 13 13 13 13 13 13 3 3 3 8 8 8 8 8 8 8 1 1 1 1 0 0 0 0 20 20 20 3 3 3 18 18 18 18 18 18 18 20 20 20 21 21 21 21 21 21 21 21 21 21 21 21 21 21 21 21 14 14 1 1 1 1 19 10 10 10 10 10 10 17 17 17 17 17 17 8 8 8 8 8 8 8 6 15 15 15 15 0 0 0 0 2 2 2 2 2 2 2 16 16 16 16 14 14 4 4 4 7 7 7 7 9 