211
100
2
3 3 3 3 3 5 5 6 6 6 6 6 9 9 9 9 11 11 11 11 11 11 11 11 11 11 11 11 11 11 11 11 11 13 13 13 13 13 13 13 19 19 19 19 19 19 19 19 19 19 21 21 21 21 21 21 21 21 23 23 23 23 23 24 24 24 24 26 26 26 26 28 28 29 29 29 29 29 31 31 31 31 31 32 32 32 32 34 34 34 34 34 36 36 39 39 39 39 39 39 39 39 39 40 40 40 40 41 41 41 44 44 45 45 45 46 46 46 46 46 46 47 47 47 47 47 47 51 51 52 52 52 52 52 53 53 53 53 53 53 53 54 54 54 54 54 55 55 55 55 55 55 55 55 57 57 57 58 58 58 59 59 59 59 59 59 59 60 60 62 62 63 63 63 63 63 63 63 63 63 63 63 63 63 63 63 63 63 63 63 63 65 65 65 65 65 65 65 65 65 
50 51 52 53 54 195 196 91 191 192 193 194 87 88 89 90 127 128 176 177 178 179 180 181 182 183 184 185 186 187 188 189 190 96 97 98 99 100 101 102 58 59 60 61 62 78 79 80 81 82 0 1 2 3 4 197 198 199 40 41 42 43 44 83 84 85 86 146 147 148 149 94 95 129 130 131 132 133 45 46 47 48 49 63 64 65 66 12 13 14 15 7 169 170 71 72 33 34 35 36 37 38 39 150 151 152 153 154 155 156 167 168 157 158 159 121 122 123 124 125 126 115 116 117 118 119 120 16 17 73 74 75 76 77 160 161 162 163 164 165 166 171 172 173 174 175 67 68 69 70 103 104 105 106 107 108 109 112 113 114 134 135 136 137 138 139 140 110 111 92 93 141 142 143 144 145 18 19 20 21 22 23 24 25 26 27 28 29 30 31 32 8 9 10 11 5 6 55 56 57 
676 676 676 676 676 620 620 258 166 166 166 166 598 598 598 598 977 977 954 954 954 954 954 954 954 954 954 954 954 954 954 954 954 933 933 933 933 933 933 933 642 642 642 642 642 423 423 423 423 423 676 676 676 676 676 536 536 536 642 642 642 642 642 315 315 315 315 177 177 177 177 585 585 480 480 480 480 480 423 423 423 423 423 315 315 315 315 598 598 598 598 258 314 314 585 585 933 933 933 933 933 933 933 218 218 218 218 637 637 637 850 850 455 455 455 826 826 826 826 826 826 826 826 826 826 826 826 977 977 480 480 480 480 480 392 392 392 392 392 392 392 543 543 543 543 543 177 177 177 177 218 218 218 218 637 637 637 455 455 455 392 392 392 392 392 392 392 850 850 314 314 543 543 543 543 543 954 954 954 954 954 954 954 954 954 954 954 954 954 954 954 166 166 166 166 620 620 536 536 536 
0 1 2 3 4 5 6 7 8 9 10 11 12 13 14 15 16 17 18 19 20 21 22 23 24 25 26 27 28 29 30 31 32 33 34 35 36 37 38 39 40 41 42 43 44 45 46 47 48 49 0 1 2 3 4 50 51 52 40 41 42 43 44 53 54 55 56 57 58 59 60 61 62 63 64 65 66 67 45 46 47 48 49 53 54 55 56 12 13 14 15 7 68 69 61 62 33 34 35 36 37 38 39 70 71 72 73 74 75 76 77 78 79 80 81 82 83 84 85 86 87 82 83 84 85 86 87 16 17 63 64 65 66 67 88 89 90 91 92 93 94 95 96 97 98 99 57 58 59 60 70 71 72 73 74 75 76 79 80 81 88 89 90 91 92 93 94 77 78 68 69 95 96 97 98 99 18 19 20 21 22 23 24 25 26 27 28 29 30 31 32 8 9 10 11 5 6 50 51 52 
60091
23
4 5 1 5 5 3 2 5 3 2 2 4 4 4 2 7 4 6 7 2 5 3 15 
9 19 6 3 19 45 44 54 41 28 36 24 26 6 5 53 40 46 13 11 29 21 11 
34 23 34 21 31 58 60 63 57 39 62 32 55 65 65 59 55 47 39 51 52 65 63 
598 642 258 676 423 455 850 543 637 585 314 315 177 166 620 392 218 826 933 977 480 536 954 
3 3 3 3 3 14 14 2 13 13 13 13 0 0 0 0 19 19 22 22 22 22 22 22 22 22 22 22 22 22 22 22 22 18 18 18 18 18 18 18 1 1 1 1 1 4 4 4 4 4 3 3 3 3 3 21 21 21 1 1 1 1 1 11 11 11 11 12 12 12 12 9 9 20 20 20 20 20 4 4 4 4 4 11 11 11 11 0 0 0 0 2 10 10 9 9 18 18 18 18 18 18 18 16 16 16 16 8 8 8 6 6 5 5 5 17 17 17 17 17 17 17 17 17 17 17 17 19 19 20 20 20 20 20 15 15 15 15 15 15 15 7 7 7 7 7 12 12 12 12 16 16 16 16 8 8 8 5 5 5 15 15 15 15 15 15 15 6 6 10 10 7 7 7 7 7 22 22 22 22 22 22 22 22 22 22 22 22 22 22 22 13 13 13 13 14 14 21 21 21 