643
100
2
1 1 3 3 3 3 3 5 5 5 5 5 11 11 11 11 11 11 12 12 12 13 13 13 13 14 14 14 14 14 14 14 14 14 14 15 15 15 15 15 15 15 15 15 15 21 21 21 21 21 21 21 22 22 22 22 22 22 22 24 24 24 24 24 24 28 28 28 29 29 29 29 30 33 33 33 33 33 33 36 36 36 36 36 36 39 40 40 40 44 44 44 44 47 47 47 49 49 49 49 51 51 51 51 53 53 53 53 53 53 53 53 53 55 55 55 55 56 56 56 56 56 56 56 56 56 56 56 56 56 56 56 56 56 56 56 56 56 56 56 57 57 57 58 58 58 58 58 58 58 58 58 58 58 58 58 58 58 58 58 58 58 58 58 59 59 59 60 61 61 61 61 63 63 63 64 64 64 64 65 65 65 65 66 66 66 68 68 68 68 68 69 69 69 69 70 70 70 70 70 
50 51 117 118 18 19 20 40 41 42 43 44 73 74 75 76 77 78 4 5 6 164 165 166 34 45 46 47 48 49 104 105 106 107 24 52 53 96 97 98 7 8 9 10 11 25 26 27 28 29 0 1 35 36 195 196 197 198 199 79 80 81 82 83 84 86 87 88 100 101 102 103 147 12 13 14 15 16 17 59 60 61 62 63 64 167 65 66 67 191 192 193 194 119 120 121 37 38 39 123 68 69 70 71 30 31 32 33 186 187 188 189 190 179 180 181 182 2 3 93 94 95 178 99 148 149 150 151 152 153 154 155 156 157 158 159 160 161 162 163 183 184 185 168 169 170 171 72 124 125 126 127 128 129 130 131 132 133 134 135 136 137 138 139 21 22 23 85 143 144 145 146 175 176 177 172 173 174 122 113 114 115 116 140 141 142 108 109 110 111 112 89 90 91 92 54 55 56 57 58 
211 211 172 172 897 897 897 347 347 347 347 347 431 431 431 431 431 431 897 897 897 969 969 969 932 357 357 357 357 357 579 579 579 579 932 622 622 418 418 418 347 347 347 347 347 357 357 357 357 357 211 211 622 622 272 272 272 272 272 246 246 246 246 246 246 590 590 590 447 447 447 447 557 431 431 431 431 431 431 246 246 246 246 246 246 467 590 590 590 551 551 551 551 778 778 778 418 418 418 515 447 447 447 447 579 579 579 579 303 303 303 303 303 281 281 281 281 172 172 778 778 778 935 515 241 241 241 241 241 241 241 241 241 241 241 241 241 241 241 241 328 328 328 533 533 533 533 557 241 241 241 241 241 241 241 241 241 241 241 241 241 241 241 241 969 969 969 467 533 533 533 533 222 222 222 222 222 222 935 281 281 281 281 328 328 328 303 303 303 303 303 551 551 551 551 272 272 272 272 272 
0 1 2 3 4 5 6 7 8 9 10 11 12 13 14 15 16 17 4 5 6 18 19 20 21 22 23 24 25 26 27 28 29 30 21 31 32 33 34 35 7 8 9 10 11 22 23 24 25 26 0 1 31 32 36 37 38 39 40 41 42 43 44 45 46 47 48 49 50 51 52 53 54 12 13 14 15 16 17 41 42 43 44 45 46 55 47 48 49 56 57 58 59 60 61 62 33 34 35 63 50 51 52 53 27 28 29 30 64 65 66 67 68 69 70 71 72 2 3 60 61 62 73 63 74 75 76 77 78 79 80 81 82 83 84 85 86 87 88 89 90 91 92 93 94 95 96 54 74 75 76 77 78 79 80 81 82 83 84 85 86 87 88 89 18 19 20 55 93 94 95 96 97 98 99 97 98 99 73 69 70 71 72 90 91 92 64 65 66 67 68 56 57 58 59 36 37 38 39 40 
41899
27
2 2 3 5 4 3 4 3 3 3 6 4 5 1 5 4 3 1 1 5 6 3 4 2 1 1 16 
3 15 15 14 14 3 58 13 63 47 24 55 5 56 22 44 28 49 30 53 11 57 29 1 39 13 56 
56 22 49 21 53 12 61 59 64 56 36 65 15 64 70 69 40 56 58 68 33 66 51 21 60 14 58 
172 622 418 357 579 897 533 969 222 778 246 281 347 935 272 551 590 515 557 303 431 328 447 211 467 932 241 
23 23 0 0 5 5 5 12 12 12 12 12 20 20 20 20 20 20 5 5 5 7 7 7 25 3 3 3 3 3 4 4 4 4 25 1 1 2 2 2 12 12 12 12 12 3 3 3 3 3 23 23 1 1 14 14 14 14 14 10 10 10 10 10 10 16 16 16 22 22 22 22 18 20 20 20 20 20 20 10 10 10 10 10 10 24 16 16 16 15 15 15 15 9 9 9 2 2 2 17 22 22 22 22 4 4 4 4 19 19 19 19 19 11 11 11 11 0 0 9 9 9 13 17 26 26 26 26 26 26 26 26 26 26 26 26 26 26 26 26 21 21 21 6 6 6 6 18 26 26 26 26 26 26 26 26 26 26 26 26 26 26 26 26 7 7 7 24 6 6 6 6 8 8 8 8 8 8 13 11 11 11 11 21 21 21 19 19 19 19 19 15 15 15 15 14 14 14 14 14 