178
100
2
3 3 3 3 3 3 3 3 3 3 3 3 3 7 7 7 8 8 8 8 8 8 8 8 8 9 9 9 11 11 11 11 11 11 11 11 11 11 11 11 11 18 18 19 19 19 19 19 21 21 21 21 21 21 21 21 24 24 24 24 24 24 24 24 24 24 24 24 24 24 29 29 29 29 29 29 29 29 29 31 31 31 31 31 31 31 34 34 34 34 35 35 38 38 38 38 38 38 38 38 39 39 39 39 39 39 40 40 41 44 44 44 44 44 44 45 46 46 46 47 47 47 48 48 48 48 48 48 48 48 49 49 49 49 49 49 50 50 50 50 50 50 50 50 50 50 50 50 50 50 50 50 50 51 51 52 55 55 55 55 55 55 55 55 55 55 55 55 55 55 55 55 55 60 60 60 60 60 61 61 66 66 66 66 66 66 67 67 67 67 67 67 68 68 68 68 68 68 68 68 
43 44 45 46 47 71 72 73 74 75 76 77 78 25 26 27 119 120 121 56 57 58 59 60 61 13 14 15 79 80 81 82 83 84 85 98 99 86 87 88 89 90 91 0 1 2 3 4 122 123 124 125 126 127 128 129 19 20 21 22 23 24 192 193 194 195 196 197 198 199 115 5 6 7 8 9 10 11 12 28 29 30 31 32 33 34 37 38 39 40 41 42 109 110 111 112 113 114 35 36 130 131 132 133 134 135 173 174 155 92 93 94 95 96 97 70 175 176 177 16 17 18 48 49 50 51 52 53 54 55 100 101 102 103 104 105 156 157 158 159 160 161 162 163 164 165 166 167 168 169 170 171 172 178 179 108 136 137 138 139 140 141 142 143 144 145 146 147 148 149 150 151 152 106 107 116 117 118 153 154 186 187 188 189 190 191 180 181 182 183 184 185 62 63 64 65 66 67 68 69 
358 358 358 358 358 537 537 537 537 537 537 537 537 988 988 988 562 562 562 640 640 640 640 640 640 988 988 988 745 745 745 745 745 745 745 812 812 861 861 861 861 435 435 358 358 358 358 358 730 730 730 730 730 730 730 730 640 640 640 640 640 640 254 254 254 254 254 254 254 254 727 537 537 537 537 537 537 537 537 745 745 745 745 745 745 745 861 861 861 861 435 435 550 550 550 550 550 550 812 812 536 536 536 536 536 536 220 220 861 550 550 550 550 550 550 727 862 862 862 562 562 562 730 730 730 730 730 730 730 730 536 536 536 536 536 536 837 837 837 837 837 837 837 837 837 837 837 837 837 837 837 837 837 351 351 861 837 837 837 837 837 837 837 837 837 837 837 837 837 837 837 837 837 220 220 862 862 862 351 351 440 440 440 440 440 440 440 440 440 440 440 440 254 254 254 254 254 254 254 254 
0 1 2 3 4 5 6 7 8 9 10 11 12 13 14 15 16 17 18 19 20 21 22 23 24 13 14 15 25 26 27 28 29 30 31 32 33 34 35 36 37 38 39 0 1 2 3 4 40 41 42 43 44 45 46 47 19 20 21 22 23 24 48 49 50 51 52 53 54 55 56 5 6 7 8 9 10 11 12 25 26 27 28 29 30 31 34 35 36 37 38 39 57 58 59 60 61 62 32 33 63 64 65 66 67 68 69 70 71 57 58 59 60 61 62 56 72 73 74 16 17 18 40 41 42 43 44 45 46 47 63 64 65 66 67 68 75 76 77 78 79 80 81 82 83 84 85 86 87 88 89 90 91 92 93 71 75 76 77 78 79 80 81 82 83 84 85 86 87 88 89 90 91 69 70 72 73 74 92 93 94 95 96 97 98 99 94 95 96 97 98 99 48 49 50 51 52 53 54 55 
62302
20
6 6 7 3 6 2 2 1 5 4 2 3 8 2 6 8 8 1 3 17 
39 66 11 7 38 11 18 29 3 11 40 8 3 51 8 21 24 41 46 50 
49 67 31 9 44 38 35 45 19 34 60 47 29 61 24 48 68 52 60 55 
536 440 745 988 550 812 435 727 358 861 220 562 537 351 640 730 254 861 862 837 
8 8 8 8 8 12 12 12 12 12 12 12 12 3 3 3 11 11 11 14 14 14 14 14 14 3 3 3 2 2 2 2 2 2 2 5 5 9 9 9 9 6 6 8 8 8 8 8 15 15 15 15 15 15 15 15 14 14 14 14 14 14 16 16 16 16 16 16 16 16 7 12 12 12 12 12 12 12 12 2 2 2 2 2 2 2 9 9 9 9 6 6 4 4 4 4 4 4 5 5 0 0 0 0 0 0 10 10 17 4 4 4 4 4 4 7 18 18 18 11 11 11 15 15 15 15 15 15 15 15 0 0 0 0 0 0 19 19 19 19 19 19 19 19 19 19 19 19 19 19 19 19 19 13 13 17 19 19 19 19 19 19 19 19 19 19 19 19 19 19 19 19 19 10 10 18 18 18 13 13 1 1 1 1 1 1 1 1 1 1 1 1 16 16 16 16 16 16 16 16 