712
100
2
1 1 1 4 4 4 4 4 4 5 5 6 6 6 6 6 6 6 6 6 6 6 6 6 6 6 6 6 7 7 7 7 7 7 8 8 8 8 8 8 13 13 13 13 13 13 13 13 13 13 13 13 13 19 25 25 25 25 25 26 26 26 26 28 28 28 28 28 28 28 28 28 28 28 28 28 28 28 28 30 30 30 30 30 30 30 33 33 35 35 35 38 38 38 38 38 38 38 38 38 38 38 39 39 39 39 39 40 40 40 40 40 40 44 48 48 48 48 48 48 48 48 48 48 49 49 49 49 49 49 51 51 51 51 51 52 52 52 52 52 52 52 52 52 52 52 52 53 53 53 53 53 53 53 53 53 54 54 54 54 54 54 54 54 54 54 54 54 54 54 54 54 54 54 55 59 59 59 59 59 59 60 60 60 60 60 60 60 60 60 62 62 62 64 64 64 64 64 65 65 
181 182 183 16 17 18 19 20 21 198 199 54 55 56 57 58 3 4 5 6 7 8 107 108 109 110 111 112 86 87 63 64 65 66 184 185 186 187 188 189 174 67 68 69 70 71 72 73 74 75 76 77 78 113 11 12 13 14 15 91 92 93 94 30 31 32 33 41 42 43 44 45 46 47 48 49 50 51 52 167 168 169 170 171 172 173 28 29 190 191 192 59 60 61 62 117 118 119 120 121 122 123 156 157 158 159 160 22 23 24 25 26 27 53 153 154 155 95 96 97 98 99 100 101 141 142 143 144 145 146 193 194 195 196 197 175 176 177 178 179 180 124 125 126 127 128 129 161 162 163 164 165 166 114 115 116 102 103 104 105 106 147 148 149 150 151 152 79 80 81 82 83 84 85 40 135 136 137 138 139 140 0 1 2 34 35 36 37 38 39 88 89 90 130 131 132 133 134 9 10 
662 662 662 432 432 432 432 432 432 318 318 386 386 386 386 386 432 432 432 432 432 432 979 979 979 979 979 979 254 254 578 578 578 578 873 873 873 873 873 873 353 233 233 233 233 233 233 233 233 233 233 233 233 350 386 386 386 386 386 334 334 334 334 578 578 578 578 233 233 233 233 233 233 233 233 233 233 233 233 394 394 394 394 394 394 394 254 254 409 409 409 334 334 334 334 344 344 344 344 344 344 344 980 980 980 980 980 979 979 979 979 979 979 350 592 592 592 344 344 344 344 344 344 344 254 254 254 254 254 254 365 365 365 365 365 839 839 839 839 839 839 254 254 254 254 254 254 630 630 630 630 630 630 592 592 592 980 980 980 980 980 630 630 630 630 630 630 394 394 394 394 394 394 394 353 839 839 839 839 839 839 662 662 662 873 873 873 873 873 873 409 409 409 365 365 365 365 365 318 318 
0 1 2 3 4 5 6 7 8 9 10 11 12 13 14 15 3 4 5 6 7 8 16 17 18 19 20 21 22 23 24 25 26 27 28 29 30 31 32 33 34 35 36 37 38 39 40 41 42 43 44 45 46 47 11 12 13 14 15 48 49 50 51 24 25 26 27 35 36 37 38 39 40 41 42 43 44 45 46 52 53 54 55 56 57 58 22 23 59 60 61 48 49 50 51 62 63 64 65 66 67 68 69 70 71 72 73 16 17 18 19 20 21 47 74 75 76 62 63 64 65 66 67 68 77 78 79 80 81 82 83 84 85 86 87 88 89 90 91 92 93 77 78 79 80 81 82 94 95 96 97 98 99 74 75 76 69 70 71 72 73 94 95 96 97 98 99 52 53 54 55 56 57 58 34 88 89 90 91 92 93 0 1 2 28 29 30 31 32 33 59 60 61 83 84 85 86 87 9 10 
51143
21
5 6 6 3 5 6 3 1 3 7 6 1 4 6 2 7 2 6 4 5 12 
6 4 52 1 39 53 35 19 48 30 8 13 26 49 7 38 5 6 7 51 13 
25 6 59 60 54 54 62 44 53 54 60 55 38 52 33 48 65 40 28 64 28 
386 432 839 662 980 630 409 350 592 394 873 353 334 254 254 344 318 979 578 365 233 
3 3 3 1 1 1 1 1 1 16 16 0 0 0 0 0 1 1 1 1 1 1 17 17 17 17 17 17 14 14 18 18 18 18 10 10 10 10 10 10 11 20 20 20 20 20 20 20 20 20 20 20 20 7 0 0 0 0 0 12 12 12 12 18 18 18 18 20 20 20 20 20 20 20 20 20 20 20 20 9 9 9 9 9 9 9 14 14 6 6 6 12 12 12 12 15 15 15 15 15 15 15 4 4 4 4 4 17 17 17 17 17 17 7 8 8 8 15 15 15 15 15 15 15 13 13 13 13 13 13 19 19 19 19 19 2 2 2 2 2 2 13 13 13 13 13 13 5 5 5 5 5 5 8 8 8 4 4 4 4 4 5 5 5 5 5 5 9 9 9 9 9 9 9 11 2 2 2 2 2 2 3 3 3 10 10 10 10 10 10 6 6 6 19 19 19 19 19 16 16 