495
100
2
1 1 1 1 1 1 1 1 1 1 1 1 1 2 2 2 2 3 3 3 3 3 5 6 6 6 6 6 6 6 6 6 8 8 8 8 10 11 11 12 12 12 12 14 14 14 15 15 15 15 15 15 15 18 21 21 21 21 21 21 21 21 21 21 22 22 22 22 23 23 23 23 23 23 24 24 24 24 24 25 25 27 27 28 28 28 28 32 32 32 32 32 32 32 32 32 33 33 33 33 34 34 34 34 35 35 36 36 36 36 37 37 37 37 37 37 37 37 37 37 37 37 37 37 37 37 37 37 37 37 37 38 39 39 39 41 42 42 42 42 42 43 43 44 44 44 44 44 46 46 46 46 46 52 52 52 52 55 55 55 55 56 56 56 56 56 56 56 56 63 63 63 65 67 67 67 68 68 68 68 68 68 68 68 68 68 68 68 68 68 68 68 68 68 68 68 68 70 70 70 
148 149 150 151 152 71 72 73 143 144 145 146 147 49 50 51 52 59 60 61 62 63 42 96 97 98 99 136 137 138 139 140 83 84 85 86 131 141 142 197 198 199 22 169 170 171 87 88 89 13 14 15 16 54 53 81 82 135 94 17 18 19 20 21 157 158 159 160 173 174 175 5 6 7 161 162 163 164 165 104 105 55 56 32 33 34 35 46 47 48 153 154 155 156 58 172 23 24 25 26 106 107 108 109 79 80 100 101 102 103 176 177 178 179 180 181 182 183 184 185 186 187 188 189 190 191 192 193 194 195 196 36 166 167 168 57 27 28 29 30 31 37 38 8 9 10 11 12 0 1 2 3 4 90 91 92 93 64 65 66 67 74 75 76 77 78 132 133 134 43 44 45 95 68 69 70 110 111 112 113 114 115 116 117 118 119 120 121 122 123 124 125 126 127 128 129 130 39 40 41 
659 659 659 659 659 166 166 166 582 582 582 582 582 872 872 872 872 735 735 735 735 735 386 913 913 913 913 723 723 723 723 723 576 576 576 576 646 890 890 185 185 185 386 870 870 870 739 739 739 872 872 872 872 185 185 333 333 721 291 735 735 735 735 735 996 996 996 996 388 388 388 166 166 166 812 812 812 812 812 930 930 333 333 576 576 576 576 739 739 739 559 559 559 559 291 396 913 913 913 913 196 196 196 196 930 930 196 196 196 196 386 386 386 386 386 386 386 386 386 386 386 386 386 386 386 386 386 386 386 386 386 646 506 506 506 721 723 723 723 723 723 890 890 582 582 582 582 582 659 659 659 659 659 559 559 559 559 996 996 996 996 812 812 812 812 812 506 506 506 870 870 870 396 388 388 388 386 386 386 386 386 386 386 386 386 386 386 386 386 386 386 386 386 386 386 386 386 185 185 185 
0 1 2 3 4 5 6 7 8 9 10 11 12 13 14 15 16 17 18 19 20 21 22 23 24 25 26 27 28 29 30 31 32 33 34 35 36 37 38 39 40 41 22 42 43 44 45 46 47 13 14 15 16 48 48 49 50 51 52 17 18 19 20 21 53 54 55 56 57 58 59 5 6 7 60 61 62 63 64 65 66 49 50 32 33 34 35 45 46 47 67 68 69 70 52 71 23 24 25 26 72 73 74 75 65 66 72 73 74 75 76 77 78 79 80 81 82 83 84 85 86 87 88 89 90 91 92 93 94 95 96 36 97 98 99 51 27 28 29 30 31 37 38 8 9 10 11 12 0 1 2 3 4 67 68 69 70 53 54 55 56 60 61 62 63 64 97 98 99 42 43 44 71 57 58 59 76 77 78 79 80 81 82 83 84 85 86 87 88 89 90 91 92 93 94 95 96 39 40 41 
57602
27
3 3 3 1 4 2 4 4 1 5 3 3 5 5 2 2 1 4 5 1 5 3 4 1 1 4 21 
15 23 14 18 32 21 6 22 21 1 12 1 6 24 11 25 21 8 3 5 1 39 34 32 10 2 37 
32 67 63 21 52 27 33 55 41 46 70 23 42 56 43 35 32 28 21 12 44 56 36 65 38 15 68 
739 388 870 185 559 333 913 996 721 659 185 166 723 812 890 930 291 576 735 386 582 506 196 396 646 872 386 
9 9 9 9 9 11 11 11 20 20 20 20 20 25 25 25 25 18 18 18 18 18 19 6 6 6 6 12 12 12 12 12 17 17 17 17 24 14 14 10 10 10 19 2 2 2 0 0 0 25 25 25 25 3 3 5 5 8 16 18 18 18 18 18 7 7 7 7 1 1 1 11 11 11 13 13 13 13 13 15 15 5 5 17 17 17 17 0 0 0 4 4 4 4 16 23 6 6 6 6 22 22 22 22 15 15 22 22 22 22 26 26 26 26 26 26 26 26 26 26 26 26 26 26 26 26 26 26 26 26 26 24 21 21 21 8 12 12 12 12 12 14 14 20 20 20 20 20 9 9 9 9 9 4 4 4 4 7 7 7 7 13 13 13 13 13 21 21 21 2 2 2 23 1 1 1 26 26 26 26 26 26 26 26 26 26 26 26 26 26 26 26 26 26 26 26 26 10 10 10 