601
100
2
1 1 1 1 1 1 1 2 2 2 2 2 2 2 2 2 2 2 2 2 3 3 3 3 3 4 4 4 4 4 4 4 4 5 5 5 5 5 5 5 5 5 5 5 6 6 6 6 6 6 7 7 7 7 9 9 9 9 9 11 11 11 11 11 11 11 16 16 16 16 16 16 16 16 16 18 18 18 18 18 18 18 23 23 23 23 23 23 23 23 23 29 29 29 29 29 29 29 30 30 30 30 30 30 30 30 30 30 30 30 30 30 30 30 30 30 32 32 32 32 32 32 32 32 32 32 32 33 33 33 33 33 33 33 33 34 34 34 36 36 36 41 41 41 41 41 41 48 48 48 48 48 48 51 51 51 51 51 51 51 51 51 51 51 51 51 51 51 51 51 51 51 51 52 52 52 52 52 56 56 56 56 59 59 59 59 59 59 59 65 65 65 65 65 65 65 65 65 65 65 
13 14 15 16 17 18 19 147 148 149 150 151 152 0 1 2 3 4 5 6 54 55 56 57 58 189 190 191 192 193 132 133 134 116 117 118 119 120 121 122 123 124 125 126 141 142 143 144 145 146 178 179 180 181 20 21 22 23 24 159 160 161 162 163 164 165 107 108 109 110 111 112 113 114 115 182 183 184 185 186 187 188 98 99 100 101 102 103 104 105 106 166 167 168 169 170 171 172 82 83 84 85 86 87 88 89 90 66 67 68 69 70 71 72 73 74 33 34 35 36 37 38 39 40 41 42 43 173 174 175 176 177 30 31 32 138 139 140 135 136 137 44 45 46 47 48 49 7 8 9 10 11 12 194 195 196 197 198 199 59 60 61 62 63 64 65 91 92 93 94 95 96 97 127 128 129 130 131 50 51 52 53 75 76 77 78 79 80 81 25 26 27 28 29 153 154 155 156 157 158 
380 380 380 380 380 380 380 581 581 581 581 581 581 380 380 380 380 380 380 380 194 194 194 194 194 897 897 897 897 897 650 650 650 743 743 743 743 743 743 743 743 743 743 743 363 363 363 363 363 363 278 278 278 278 194 194 194 194 194 990 990 990 990 990 990 990 791 791 791 791 791 791 791 791 791 260 260 260 260 260 260 260 544 544 544 544 544 544 544 544 544 715 715 715 715 715 715 715 544 544 544 544 544 544 544 544 544 791 791 791 791 791 791 791 791 791 743 743 743 743 743 743 743 743 743 743 743 258 258 258 258 258 650 650 650 754 754 754 754 754 754 363 363 363 363 363 363 581 581 581 581 581 581 581 581 581 581 581 581 990 990 990 990 990 990 990 715 715 715 715 715 715 715 258 258 258 258 258 278 278 278 278 260 260 260 260 260 260 260 897 897 897 897 897 581 581 581 581 581 581 
0 1 2 3 4 5 6 7 8 9 10 11 12 0 1 2 3 4 5 6 13 14 15 16 17 18 19 20 21 22 23 24 25 26 27 28 29 30 31 32 33 34 35 36 37 38 39 40 41 42 43 44 45 46 13 14 15 16 17 47 48 49 50 51 52 53 54 55 56 57 58 59 60 61 62 63 64 65 66 67 68 69 70 71 72 73 74 75 76 77 78 79 80 81 82 83 84 85 70 71 72 73 74 75 76 77 78 54 55 56 57 58 59 60 61 62 26 27 28 29 30 31 32 33 34 35 36 86 87 88 89 90 23 24 25 91 92 93 91 92 93 37 38 39 40 41 42 7 8 9 10 11 12 94 95 96 97 98 99 47 48 49 50 51 52 53 79 80 81 82 83 84 85 86 87 88 89 90 43 44 45 46 63 64 65 66 67 68 69 18 19 20 21 22 94 95 96 97 98 99 
57822
16
6 5 6 7 6 5 5 3 4 7 9 3 7 9 7 11 
6 4 2 1 51 33 3 4 7 11 23 34 18 16 29 5 
41 65 48 2 65 52 9 33 56 51 30 36 59 30 51 32 
363 897 581 380 581 258 194 650 278 990 544 754 260 791 715 743 
3 3 3 3 3 3 3 2 2 2 2 2 2 3 3 3 3 3 3 3 6 6 6 6 6 1 1 1 1 1 7 7 7 15 15 15 15 15 15 15 15 15 15 15 0 0 0 0 0 0 8 8 8 8 6 6 6 6 6 9 9 9 9 9 9 9 13 13 13 13 13 13 13 13 13 12 12 12 12 12 12 12 10 10 10 10 10 10 10 10 10 14 14 14 14 14 14 14 10 10 10 10 10 10 10 10 10 13 13 13 13 13 13 13 13 13 15 15 15 15 15 15 15 15 15 15 15 5 5 5 5 5 7 7 7 11 11 11 11 11 11 0 0 0 0 0 0 2 2 2 2 2 2 4 4 4 4 4 4 9 9 9 9 9 9 9 14 14 14 14 14 14 14 5 5 5 5 5 8 8 8 8 12 12 12 12 12 12 12 1 1 1 1 1 4 4 4 4 4 4 