280
100
2
2 2 2 2 2 4 4 4 4 5 5 5 6 6 6 6 6 6 6 6 6 6 6 6 6 6 10 10 10 10 18 18 18 18 18 18 18 18 18 20 20 20 20 20 20 20 21 21 21 21 21 21 21 22 22 22 23 23 23 23 23 26 26 26 26 26 27 27 27 27 27 28 28 28 28 28 30 30 34 34 34 34 34 34 34 34 35 35 35 35 35 35 35 35 35 35 35 47 47 47 49 49 49 50 50 50 50 50 51 51 51 51 51 51 51 51 51 51 51 51 51 51 52 52 52 52 52 52 52 53 53 53 53 53 53 53 53 54 54 54 54 54 54 54 54 54 57 57 57 57 57 57 57 57 57 57 57 57 57 57 57 57 57 57 57 58 58 58 58 58 58 58 59 59 59 59 59 59 59 59 59 61 61 61 61 61 61 61 61 61 66 66 66 67 67 67 67 67 69 69 
56 57 58 59 60 26 27 28 29 134 135 136 129 130 131 132 133 137 138 139 140 141 142 143 144 145 5 6 7 8 108 109 110 111 112 113 114 115 116 46 47 48 49 50 51 52 39 40 41 42 43 44 45 97 98 99 0 1 2 3 4 193 194 195 196 197 117 118 119 120 121 103 104 105 106 107 198 199 146 147 148 149 150 151 152 153 154 155 156 157 158 159 160 161 162 163 164 53 54 55 190 191 192 71 72 73 74 75 30 31 32 33 34 35 36 37 38 66 67 68 69 70 165 166 167 168 169 170 171 12 13 14 15 16 9 10 11 17 18 19 20 21 22 23 24 25 78 79 80 81 82 83 84 85 86 87 88 89 90 91 92 93 94 95 96 122 123 124 125 126 127 128 181 182 183 184 185 186 187 188 189 172 173 174 175 176 177 178 179 180 100 101 102 61 62 63 64 65 76 77 
922 922 922 922 922 235 235 235 235 350 350 350 740 740 740 740 740 512 512 512 512 512 512 512 512 512 235 235 235 235 609 609 609 609 609 609 609 609 609 161 161 161 161 161 161 161 161 161 161 161 161 161 161 155 155 155 922 922 922 922 922 182 182 182 182 182 656 656 656 656 656 926 926 926 926 926 246 246 788 788 788 788 788 788 788 788 552 552 552 552 552 552 552 552 552 552 552 155 155 155 323 323 323 926 926 926 926 926 609 609 609 609 609 609 609 609 609 656 656 656 656 656 931 931 931 931 931 931 931 740 740 740 740 740 350 350 350 512 512 512 512 512 512 512 512 512 788 788 788 788 788 788 788 788 552 552 552 552 552 552 552 552 552 552 552 931 931 931 931 931 931 931 586 586 586 586 586 586 586 586 586 586 586 586 586 586 586 586 586 586 323 323 323 182 182 182 182 182 246 246 
0 1 2 3 4 5 6 7 8 9 10 11 12 13 14 15 16 17 18 19 20 21 22 23 24 25 5 6 7 8 26 27 28 29 30 31 32 33 34 35 36 37 38 39 40 41 35 36 37 38 39 40 41 42 43 44 0 1 2 3 4 45 46 47 48 49 50 51 52 53 54 55 56 57 58 59 60 61 62 63 64 65 66 67 68 69 70 71 72 73 74 75 76 77 78 79 80 42 43 44 81 82 83 55 56 57 58 59 26 27 28 29 30 31 32 33 34 50 51 52 53 54 84 85 86 87 88 89 90 12 13 14 15 16 9 10 11 17 18 19 20 21 22 23 24 25 62 63 64 65 66 67 68 69 70 71 72 73 74 75 76 77 78 79 80 84 85 86 87 88 89 90 91 92 93 94 95 96 97 98 99 91 92 93 94 95 96 97 98 99 81 82 83 45 46 47 48 49 60 61 
56429
17
2 4 7 5 9 8 9 5 5 9 3 3 5 3 7 5 11 
30 4 20 6 59 34 18 27 26 6 49 5 28 22 52 2 35 
69 10 21 53 61 57 51 51 67 54 66 53 50 47 58 23 57 
246 235 161 740 586 788 609 656 182 512 323 350 926 155 931 922 552 
15 15 15 15 15 1 1 1 1 11 11 11 3 3 3 3 3 9 9 9 9 9 9 9 9 9 1 1 1 1 6 6 6 6 6 6 6 6 6 2 2 2 2 2 2 2 2 2 2 2 2 2 2 13 13 13 15 15 15 15 15 8 8 8 8 8 7 7 7 7 7 12 12 12 12 12 0 0 5 5 5 5 5 5 5 5 16 16 16 16 16 16 16 16 16 16 16 13 13 13 10 10 10 12 12 12 12 12 6 6 6 6 6 6 6 6 6 7 7 7 7 7 14 14 14 14 14 14 14 3 3 3 3 3 11 11 11 9 9 9 9 9 9 9 9 9 5 5 5 5 5 5 5 5 16 16 16 16 16 16 16 16 16 16 16 14 14 14 14 14 14 14 4 4 4 4 4 4 4 4 4 4 4 4 4 4 4 4 4 4 10 10 10 8 8 8 8 8 0 0 