970
100
2
2 2 2 2 2 2 3 3 5 5 5 5 5 5 5 5 5 8 8 8 8 11 11 11 11 11 11 11 11 13 13 13 13 13 13 13 13 13 13 13 13 13 13 13 13 13 13 13 15 15 15 15 15 15 15 15 15 17 17 17 18 18 18 18 18 18 18 18 18 18 21 21 21 21 22 22 22 23 23 23 25 25 25 25 25 25 27 27 31 31 31 31 36 36 36 38 38 38 38 38 40 42 42 42 42 42 42 45 45 45 45 45 45 49 49 49 49 49 49 49 49 49 51 51 51 51 52 52 52 53 53 53 55 55 55 55 57 57 57 57 57 57 58 58 58 58 58 58 58 59 60 60 60 60 60 60 60 60 60 60 60 60 62 62 62 63 63 64 64 64 64 64 65 65 66 66 66 66 66 66 66 66 66 66 66 66 66 66 66 66 66 66 66 68 68 69 69 69 69 69 
150 151 152 153 55 56 198 199 107 108 109 105 106 122 123 124 125 60 61 62 63 154 155 156 157 158 159 165 166 174 175 176 177 178 179 180 181 182 183 184 185 186 187 188 189 190 191 192 142 143 144 145 146 147 148 4 5 162 163 164 17 18 19 20 80 81 82 83 84 85 132 133 134 135 77 78 79 74 75 76 64 65 66 67 68 69 193 194 101 102 103 104 129 130 131 167 168 169 170 171 149 88 89 90 91 11 12 8 9 10 126 127 128 195 196 197 136 137 138 139 140 141 13 14 15 16 110 111 112 92 93 94 70 71 72 73 116 117 118 119 120 121 48 49 50 51 52 53 54 100 0 1 2 3 21 22 23 24 25 26 172 173 57 58 59 27 28 95 96 97 98 99 160 161 29 30 31 32 33 34 35 36 37 38 39 40 41 42 43 44 45 46 47 86 87 113 114 115 6 7 
994 994 994 994 315 315 352 352 258 258 258 162 162 983 983 983 983 747 747 747 747 520 520 520 520 520 520 481 481 393 393 393 393 393 393 393 393 393 393 393 393 393 393 393 393 393 393 393 829 829 829 829 829 829 829 315 315 885 885 885 747 747 747 747 780 780 780 780 780 780 267 267 267 267 271 271 271 271 271 271 780 780 780 780 780 780 687 687 523 523 523 523 964 964 964 882 882 882 882 882 207 523 523 523 523 162 162 258 258 258 870 870 870 453 453 453 885 885 885 885 885 885 983 983 983 983 870 870 870 964 964 964 267 267 267 267 885 885 885 885 885 885 829 829 829 829 829 829 829 207 994 994 994 994 520 520 520 520 520 520 547 547 885 885 885 481 481 882 882 882 882 882 547 547 393 393 393 393 393 393 393 393 393 393 393 393 393 393 393 393 393 393 393 687 687 453 453 453 352 352 
0 1 2 3 4 5 6 7 8 9 10 11 12 13 14 15 16 17 18 19 20 21 22 23 24 25 26 27 28 29 30 31 32 33 34 35 36 37 38 39 40 41 42 43 44 45 46 47 48 49 50 51 52 53 54 4 5 55 56 57 17 18 19 20 58 59 60 61 62 63 64 65 66 67 68 69 70 68 69 70 58 59 60 61 62 63 71 72 73 74 75 76 77 78 79 80 81 82 83 84 85 73 74 75 76 11 12 8 9 10 86 87 88 89 90 91 92 93 94 95 96 97 13 14 15 16 86 87 88 77 78 79 64 65 66 67 92 93 94 95 96 97 48 49 50 51 52 53 54 85 0 1 2 3 21 22 23 24 25 26 98 99 55 56 57 27 28 80 81 82 83 84 98 99 29 30 31 32 33 34 35 36 37 38 39 40 41 42 43 44 45 46 47 71 72 89 90 91 6 7 
61244
24
3 4 3 4 4 3 3 1 7 6 2 3 6 4 5 2 2 2 6 4 2 2 3 19 
5 2 17 21 31 36 45 40 15 11 60 49 49 8 38 11 5 27 18 5 2 3 22 13 
45 60 62 55 42 53 52 59 58 60 65 69 57 18 64 63 42 68 25 51 15 69 23 66 
258 994 885 267 523 964 870 207 829 520 547 453 885 747 882 481 162 687 780 983 315 352 271 393 
1 1 1 1 20 20 21 21 0 0 0 16 16 19 19 19 19 13 13 13 13 9 9 9 9 9 9 15 15 23 23 23 23 23 23 23 23 23 23 23 23 23 23 23 23 23 23 23 8 8 8 8 8 8 8 20 20 2 2 2 13 13 13 13 18 18 18 18 18 18 3 3 3 3 22 22 22 22 22 22 18 18 18 18 18 18 17 17 4 4 4 4 5 5 5 14 14 14 14 14 7 4 4 4 4 16 16 0 0 0 6 6 6 11 11 11 12 12 12 12 12 12 19 19 19 19 6 6 6 5 5 5 3 3 3 3 12 12 12 12 12 12 8 8 8 8 8 8 8 7 1 1 1 1 9 9 9 9 9 9 10 10 2 2 2 15 15 14 14 14 14 14 10 10 23 23 23 23 23 23 23 23 23 23 23 23 23 23 23 23 23 23 23 17 17 11 11 11 21 21 