739
100
2
1 1 1 1 1 1 3 3 3 3 3 5 5 5 5 5 5 7 7 7 7 7 7 7 7 7 7 7 7 7 7 7 7 7 7 8 8 8 8 8 8 9 14 14 14 14 14 24 24 24 26 27 27 27 27 27 31 31 31 31 31 31 31 31 32 32 32 32 32 33 33 33 34 34 34 34 34 34 35 35 35 35 35 35 36 36 36 36 36 36 36 36 36 36 36 36 36 37 37 39 42 42 42 43 43 43 43 43 44 44 44 46 46 46 46 46 46 46 46 46 46 46 46 46 49 49 49 49 49 53 53 53 53 53 53 54 54 54 54 54 54 54 54 54 54 54 54 54 54 56 56 56 56 56 58 58 58 58 58 58 61 61 61 61 61 61 61 61 61 61 61 61 61 61 61 61 61 61 61 61 61 61 61 61 61 61 61 62 66 69 69 69 69 69 69 69 69 69 69 69 
135 136 137 138 159 50 84 85 86 87 88 72 73 74 75 76 77 169 170 171 172 173 174 175 176 177 178 179 180 181 182 183 184 185 186 64 65 66 67 62 63 99 144 145 146 147 148 94 95 96 5 69 70 71 127 128 189 190 191 192 193 194 39 40 35 36 37 38 108 51 52 53 11 12 13 14 15 16 160 161 162 163 164 165 6 7 8 9 10 195 196 197 198 199 47 48 49 149 150 41 124 125 126 111 112 113 114 115 68 122 123 103 104 105 106 107 129 130 131 132 133 134 109 110 100 101 102 54 55 116 117 118 119 120 121 0 1 2 3 154 155 156 157 158 42 43 44 45 46 97 98 166 167 168 139 140 141 142 143 4 78 79 80 81 82 83 151 152 153 17 18 19 20 21 22 23 24 25 26 27 28 29 30 31 32 33 34 188 187 56 57 58 59 60 61 89 90 91 92 93 
599 599 599 599 451 776 472 472 472 472 472 607 607 607 607 607 607 248 248 248 248 248 248 248 248 248 248 248 248 248 248 248 248 248 248 548 548 548 548 532 532 158 514 514 514 514 514 547 547 547 776 817 817 817 708 708 987 987 987 987 987 987 532 532 548 548 548 548 787 817 817 817 607 607 607 607 607 607 675 675 675 675 675 675 472 472 472 472 472 438 438 438 438 438 547 547 547 747 747 158 249 249 249 851 851 851 851 851 787 523 523 851 851 851 851 851 376 376 376 376 376 376 523 523 249 249 249 708 708 376 376 376 376 376 376 599 599 599 599 851 851 851 851 851 514 514 514 514 514 747 747 576 576 576 851 851 851 851 851 451 675 675 675 675 675 675 576 576 576 248 248 248 248 248 248 248 248 248 248 248 248 248 248 248 248 248 248 434 434 987 987 987 987 987 987 438 438 438 438 438 
0 1 2 3 4 5 6 7 8 9 10 11 12 13 14 15 16 17 18 19 20 21 22 23 24 25 26 27 28 29 30 31 32 33 34 35 36 37 38 39 40 41 42 43 44 45 46 47 48 49 5 50 51 52 53 54 55 56 57 58 59 60 39 40 35 36 37 38 61 50 51 52 11 12 13 14 15 16 62 63 64 65 66 67 6 7 8 9 10 68 69 70 71 72 47 48 49 73 74 41 75 76 77 78 79 80 81 82 61 83 84 78 79 80 81 82 85 86 87 88 89 90 83 84 75 76 77 53 54 85 86 87 88 89 90 0 1 2 3 91 92 93 94 95 42 43 44 45 46 73 74 96 97 98 91 92 93 94 95 4 62 63 64 65 66 67 96 97 98 17 18 19 20 21 22 23 24 25 26 27 28 29 30 31 32 33 34 99 99 55 56 57 58 59 60 68 69 70 71 72 
54745
25
4 3 5 5 6 3 6 4 2 5 5 2 1 1 3 1 2 3 6 1 1 2 6 5 18 
1 42 3 54 35 27 31 8 27 43 36 37 32 1 24 1 8 56 46 9 62 44 5 14 7 
54 49 36 58 61 33 69 32 49 46 69 56 44 58 36 26 31 61 53 39 66 46 34 54 61 
599 249 472 851 675 817 987 548 708 851 438 747 787 451 547 776 532 576 376 158 434 523 607 514 248 
0 0 0 0 13 15 2 2 2 2 2 22 22 22 22 22 22 24 24 24 24 24 24 24 24 24 24 24 24 24 24 24 24 24 24 7 7 7 7 16 16 19 23 23 23 23 23 14 14 14 15 5 5 5 8 8 6 6 6 6 6 6 16 16 7 7 7 7 12 5 5 5 22 22 22 22 22 22 4 4 4 4 4 4 2 2 2 2 2 10 10 10 10 10 14 14 14 11 11 19 1 1 1 9 9 9 9 9 12 21 21 9 9 9 9 9 18 18 18 18 18 18 21 21 1 1 1 8 8 18 18 18 18 18 18 0 0 0 0 3 3 3 3 3 23 23 23 23 23 11 11 17 17 17 3 3 3 3 3 13 4 4 4 4 4 4 17 17 17 24 24 24 24 24 24 24 24 24 24 24 24 24 24 24 24 24 24 20 20 6 6 6 6 6 6 10 10 10 10 10 