547
100
2
1 1 1 1 2 2 2 2 4 4 4 4 5 5 5 6 6 6 6 6 12 12 12 12 12 12 12 13 15 15 15 15 16 16 16 16 17 17 17 17 17 17 17 17 17 17 17 17 19 19 20 20 20 21 21 21 28 30 32 32 32 32 33 33 33 33 33 34 34 34 34 36 36 36 36 36 36 36 36 36 36 36 36 36 36 37 37 37 37 39 39 39 39 40 40 40 40 40 41 41 41 41 42 42 42 42 42 42 44 44 44 44 44 44 44 45 47 47 50 50 50 52 52 52 53 53 53 53 53 56 56 56 56 56 57 57 59 59 60 60 60 60 60 62 62 62 62 62 62 62 62 64 64 64 64 64 64 64 64 64 66 66 66 66 66 66 66 66 66 66 66 67 67 67 67 69 69 69 69 69 69 69 69 69 69 69 69 69 69 69 69 69 69 70 70 70 70 70 70 70 
139 140 141 142 104 105 106 107 28 29 30 31 193 194 195 165 166 167 168 169 129 130 131 132 133 102 103 115 8 9 10 11 151 152 153 154 37 36 39 38 41 40 43 42 45 44 136 137 198 199 121 122 123 134 135 138 57 56 175 176 177 178 124 125 126 127 128 143 144 145 146 179 180 181 182 183 184 185 186 187 188 189 190 191 192 98 99 100 101 118 119 116 117 160 161 162 163 164 85 86 87 88 25 26 4 5 6 7 196 197 155 156 157 158 159 27 91 92 89 90 170 50 51 52 62 63 64 65 66 20 21 22 23 24 53 54 46 47 55 0 1 2 3 67 68 69 70 171 172 173 174 32 33 34 35 110 111 112 113 114 93 94 95 96 97 15 16 17 18 19 120 147 148 149 150 58 59 60 61 71 72 73 74 75 76 77 78 79 80 81 82 83 84 12 13 14 108 109 48 49 
951 951 951 951 268 268 268 268 809 809 809 809 321 321 321 526 526 526 526 526 552 552 552 552 552 261 261 820 809 809 809 809 278 278 278 278 400 400 400 400 400 400 400 400 400 400 194 194 767 767 698 698 698 454 454 283 985 985 192 192 192 192 543 543 543 543 543 971 971 971 971 674 674 674 674 674 674 674 674 674 674 674 674 674 674 605 605 605 605 626 626 849 849 764 764 764 764 764 605 605 605 605 261 261 268 268 268 268 678 678 975 975 975 975 975 820 849 849 626 626 323 698 698 698 543 543 543 543 543 552 552 552 552 552 454 454 194 194 283 951 951 951 951 971 971 971 971 568 568 568 568 278 278 278 278 975 975 975 975 975 764 764 764 764 764 526 526 526 526 526 323 568 568 568 568 192 192 192 192 674 674 674 674 674 674 674 674 674 674 674 674 674 674 321 321 321 678 678 767 767 
0 1 2 3 4 5 6 7 8 9 10 11 12 13 14 15 16 17 18 19 20 21 22 23 24 25 26 27 8 9 10 11 28 29 30 31 32 32 33 33 34 34 35 35 36 36 37 38 39 40 41 42 43 44 45 46 47 47 48 49 50 51 52 53 54 55 56 57 58 59 60 61 62 63 64 65 66 67 68 69 70 71 72 73 74 75 76 77 78 79 80 81 82 83 84 85 86 87 75 76 77 78 25 26 4 5 6 7 88 89 90 91 92 93 94 27 81 82 79 80 95 41 42 43 52 53 54 55 56 20 21 22 23 24 44 45 37 38 46 0 1 2 3 57 58 59 60 96 97 98 99 28 29 30 31 90 91 92 93 94 83 84 85 86 87 15 16 17 18 19 95 96 97 98 99 48 49 50 51 61 62 63 64 65 66 67 68 69 70 71 72 73 74 12 13 14 88 89 39 40 
59930
28
4 5 4 3 5 2 1 5 2 4 4 4 2 1 5 5 2 4 1 2 3 2 5 2 4 4 1 14 
34 40 37 5 6 44 28 12 21 32 62 16 39 21 17 44 17 1 13 19 20 39 33 12 4 2 50 36 
62 66 41 70 66 70 30 56 57 69 67 64 50 60 17 64 59 60 45 70 52 47 53 42 15 42 66 69 
971 764 605 321 526 678 985 552 454 192 568 278 626 283 400 975 194 951 820 767 698 849 543 261 809 268 323 674 
17 17 17 17 25 25 25 25 24 24 24 24 3 3 3 4 4 4 4 4 7 7 7 7 7 23 23 18 24 24 24 24 11 11 11 11 14 14 14 14 14 14 14 14 14 14 16 16 19 19 20 20 20 8 8 13 6 6 9 9 9 9 22 22 22 22 22 0 0 0 0 27 27 27 27 27 27 27 27 27 27 27 27 27 27 2 2 2 2 12 12 21 21 1 1 1 1 1 2 2 2 2 23 23 25 25 25 25 5 5 15 15 15 15 15 18 21 21 12 12 26 20 20 20 22 22 22 22 22 7 7 7 7 7 8 8 16 16 13 17 17 17 17 0 0 0 0 10 10 10 10 11 11 11 11 15 15 15 15 15 1 1 1 1 1 4 4 4 4 4 26 10 10 10 10 9 9 9 9 27 27 27 27 27 27 27 27 27 27 27 27 27 27 3 3 3 5 5 19 19 