175
100
2
3 3 3 3 3 3 3 3 3 3 3 3 3 3 3 3 3 3 3 3 3 4 4 4 6 6 6 6 6 6 6 6 6 6 8 8 8 8 8 8 8 8 12 12 12 12 12 12 12 12 12 12 12 12 12 12 12 12 15 15 15 15 15 15 15 15 20 20 20 20 20 20 20 20 20 20 20 20 20 20 20 20 21 21 21 21 21 21 21 21 30 30 30 30 30 30 30 32 32 32 32 32 32 32 32 34 34 34 34 34 34 34 34 35 35 35 35 35 35 35 35 35 35 35 35 35 35 35 35 35 41 41 41 41 41 41 41 41 41 41 41 41 45 45 45 45 45 45 45 45 45 45 55 55 55 55 55 55 55 55 55 55 55 55 55 55 55 55 55 55 55 55 55 55 62 62 62 62 62 62 62 62 62 62 66 66 66 66 70 70 70 70 70 70 70 70 70 70 70 70 
152 153 154 155 156 157 158 159 160 161 162 163 121 122 123 124 125 126 127 128 129 90 91 92 164 165 166 167 168 169 170 171 172 173 58 59 60 61 62 63 64 65 66 67 68 69 70 71 72 73 74 75 76 77 78 79 80 81 34 35 36 37 38 39 40 41 42 43 44 45 46 47 48 49 50 51 52 53 54 55 56 57 97 98 99 100 101 102 103 104 21 22 23 184 185 186 187 82 83 84 85 86 87 88 89 113 114 115 116 117 118 119 120 105 106 107 108 109 110 111 112 12 13 14 15 16 17 18 19 20 188 189 190 191 192 193 194 195 196 197 198 199 174 175 176 177 178 179 180 181 182 183 0 1 2 3 4 5 6 7 8 9 10 11 24 25 26 27 28 29 30 31 32 33 142 143 144 145 146 147 148 149 150 151 93 94 95 96 130 131 132 133 134 135 136 137 138 139 140 141 
669 669 669 669 669 669 669 669 669 669 669 669 705 705 705 705 705 705 705 705 705 860 860 860 369 369 369 369 369 369 369 369 369 369 349 349 349 349 349 349 349 349 870 870 870 870 870 870 870 870 870 870 870 870 870 870 870 870 349 349 349 349 349 349 349 349 870 870 870 870 870 870 870 870 870 870 870 870 870 870 870 870 768 768 768 768 768 768 768 768 860 860 860 270 270 270 270 768 768 768 768 768 768 768 768 473 473 473 473 473 473 473 473 473 473 473 473 473 473 473 473 705 705 705 705 705 705 705 705 705 418 418 418 418 418 418 418 418 418 418 418 418 269 269 269 269 269 269 269 269 269 269 669 669 669 669 669 669 669 669 669 669 669 669 369 369 369 369 369 369 369 369 369 369 269 269 269 269 269 269 269 269 269 269 270 270 270 270 418 418 418 418 418 418 418 418 418 418 418 418 
0 1 2 3 4 5 6 7 8 9 10 11 12 13 14 15 16 17 18 19 20 21 22 23 24 25 26 27 28 29 30 31 32 33 34 35 36 37 38 39 40 41 42 43 44 45 46 47 48 49 50 51 52 53 54 55 56 57 34 35 36 37 38 39 40 41 42 43 44 45 46 47 48 49 50 51 52 53 54 55 56 57 58 59 60 61 62 63 64 65 21 22 23 66 67 68 69 58 59 60 61 62 63 64 65 70 71 72 73 74 75 76 77 70 71 72 73 74 75 76 77 12 13 14 15 16 17 18 19 20 78 79 80 81 82 83 84 85 86 87 88 89 90 91 92 93 94 95 96 97 98 99 0 1 2 3 4 5 6 7 8 9 10 11 24 25 26 27 28 29 30 31 32 33 90 91 92 93 94 95 96 97 98 99 66 67 68 69 78 79 80 81 82 83 84 85 86 87 88 89 
56069
11
12 3 12 8 8 16 8 10 4 9 10 
3 4 41 21 8 12 34 45 30 3 6 
55 30 70 32 15 20 35 62 66 35 55 
669 860 418 768 349 870 473 269 270 705 369 
0 0 0 0 0 0 0 0 0 0 0 0 9 9 9 9 9 9 9 9 9 1 1 1 10 10 10 10 10 10 10 10 10 10 4 4 4 4 4 4 4 4 5 5 5 5 5 5 5 5 5 5 5 5 5 5 5 5 4 4 4 4 4 4 4 4 5 5 5 5 5 5 5 5 5 5 5 5 5 5 5 5 3 3 3 3 3 3 3 3 1 1 1 8 8 8 8 3 3 3 3 3 3 3 3 6 6 6 6 6 6 6 6 6 6 6 6 6 6 6 6 9 9 9 9 9 9 9 9 9 2 2 2 2 2 2 2 2 2 2 2 2 7 7 7 7 7 7 7 7 7 7 0 0 0 0 0 0 0 0 0 0 0 0 10 10 10 10 10 10 10 10 10 10 7 7 7 7 7 7 7 7 7 7 8 8 8 8 2 2 2 2 2 2 2 2 2 2 2 2 