480
100
2
1 2 2 2 2 2 2 2 3 3 3 3 3 3 3 3 3 5 5 5 5 5 5 5 7 7 7 7 9 9 9 9 9 9 9 9 9 9 9 9 9 9 9 9 9 9 9 9 9 9 9 9 9 12 12 12 12 12 12 12 12 13 14 14 21 21 21 28 28 28 28 28 28 28 28 28 30 30 30 30 30 30 30 30 30 30 30 30 30 30 30 31 31 31 31 32 32 32 32 32 32 32 32 32 36 36 36 36 36 36 36 41 41 41 41 41 42 42 42 42 42 42 42 42 42 42 42 45 45 45 45 45 45 46 46 46 46 46 46 49 49 49 49 50 50 50 52 52 52 52 52 52 52 52 52 52 52 52 52 52 52 52 52 52 56 56 56 56 56 56 57 57 58 58 58 58 58 58 58 58 58 58 58 59 59 59 59 59 60 64 64 64 67 67 67 67 67 67 67 67 
188 104 105 106 107 108 109 110 133 134 135 136 137 138 189 190 191 176 177 178 179 180 181 182 91 92 93 94 53 54 55 56 57 58 59 146 147 148 149 150 151 152 153 154 155 156 157 158 159 160 161 162 163 28 29 30 31 32 33 34 61 60 74 75 143 144 145 95 96 97 98 99 100 101 62 63 116 117 118 119 120 139 140 141 142 194 195 196 197 198 199 24 25 26 27 67 68 69 70 71 72 73 192 193 1 2 3 4 5 6 7 183 184 185 186 187 76 77 78 79 80 127 128 129 130 131 132 121 122 123 124 125 126 8 9 10 11 12 13 81 82 83 84 64 65 66 35 36 37 38 39 40 41 42 43 44 45 46 47 48 49 50 51 52 172 173 174 175 170 171 168 169 164 165 166 167 17 18 19 20 21 22 23 111 112 113 114 115 0 14 15 16 102 103 85 86 87 88 89 90 
347 602 602 602 602 602 602 602 939 939 939 939 939 939 750 750 750 792 792 792 792 792 792 792 208 208 208 208 658 658 658 658 658 658 658 312 312 312 312 312 312 312 312 312 312 312 312 312 312 312 312 312 312 658 658 658 658 658 658 658 836 836 848 848 758 758 758 610 610 610 610 610 610 610 848 848 905 905 905 905 905 563 563 563 563 415 415 415 415 415 415 208 208 208 208 610 610 610 610 610 610 610 598 598 602 602 602 602 602 602 602 203 203 203 203 203 905 905 905 905 905 188 188 188 188 188 188 188 188 188 188 188 188 939 939 939 939 939 939 563 563 563 563 758 758 758 312 312 312 312 312 312 312 312 312 312 312 312 312 312 312 312 312 312 661 661 661 661 305 305 305 305 661 661 661 661 792 792 792 792 792 792 792 203 203 203 203 203 347 750 750 750 598 598 415 415 415 415 415 415 
0 1 2 3 4 5 6 7 8 9 10 11 12 13 14 15 16 17 18 19 20 21 22 23 24 25 26 27 28 29 30 31 32 33 34 35 36 37 38 39 40 41 42 43 44 45 46 47 48 49 50 51 52 28 29 30 31 32 33 34 53 53 54 55 56 57 58 59 60 61 62 63 64 65 54 55 66 67 68 69 70 71 72 73 74 75 76 77 78 79 80 24 25 26 27 59 60 61 62 63 64 65 81 82 1 2 3 4 5 6 7 83 84 85 86 87 66 67 68 69 70 88 89 90 91 92 93 88 89 90 91 92 93 8 9 10 11 12 13 71 72 73 74 56 57 58 35 36 37 38 39 40 41 42 43 44 45 46 47 48 49 50 51 52 94 95 96 97 98 99 98 99 94 95 96 97 17 18 19 20 21 22 23 83 84 85 86 87 0 14 15 16 81 82 75 76 77 78 79 80 
53979
20
6 3 5 4 7 7 2 2 7 1 5 3 4 6 4 2 6 7 1 18 
3 3 30 56 2 28 32 56 5 1 41 21 30 42 7 14 30 9 12 9 
46 64 42 58 36 32 67 57 58 60 59 50 49 45 31 28 67 12 13 52 
939 750 905 661 602 610 598 305 792 347 203 758 563 188 208 848 415 658 836 312 
9 4 4 4 4 4 4 4 0 0 0 0 0 0 1 1 1 8 8 8 8 8 8 8 14 14 14 14 17 17 17 17 17 17 17 19 19 19 19 19 19 19 19 19 19 19 19 19 19 19 19 19 19 17 17 17 17 17 17 17 18 18 15 15 11 11 11 5 5 5 5 5 5 5 15 15 2 2 2 2 2 12 12 12 12 16 16 16 16 16 16 14 14 14 14 5 5 5 5 5 5 5 6 6 4 4 4 4 4 4 4 10 10 10 10 10 2 2 2 2 2 13 13 13 13 13 13 13 13 13 13 13 13 0 0 0 0 0 0 12 12 12 12 11 11 11 19 19 19 19 19 19 19 19 19 19 19 19 19 19 19 19 19 19 3 3 3 3 7 7 7 7 3 3 3 3 8 8 8 8 8 8 8 10 10 10 10 10 9 1 1 1 6 6 16 16 16 16 16 16 