359
100
2
3 3 8 8 8 8 10 12 12 12 12 12 12 12 12 12 12 12 12 12 12 13 13 13 13 13 13 13 13 13 17 17 17 17 18 18 18 20 20 20 20 20 20 20 20 20 20 20 20 20 20 20 23 23 23 23 24 24 24 24 24 24 24 24 28 28 28 28 29 29 30 30 30 30 30 32 32 32 36 36 36 36 36 37 37 37 37 37 37 37 37 37 37 37 40 40 40 41 41 41 41 41 43 43 45 45 45 45 45 45 46 46 46 46 46 46 46 46 47 47 47 47 47 47 48 48 48 48 48 51 51 51 51 51 51 51 52 52 52 52 52 52 52 52 52 52 52 52 52 52 52 52 52 52 55 55 55 55 55 56 56 56 56 56 56 56 58 58 58 58 58 58 58 60 60 60 60 60 61 61 61 61 61 62 62 65 65 65 65 65 65 65 68 68 68 68 68 69 69 69 
19 20 7 8 9 6 5 2 3 4 136 137 138 68 69 52 53 54 55 0 1 178 179 180 181 182 102 103 183 184 64 65 66 67 121 122 123 139 140 141 142 143 144 145 146 147 148 149 150 151 152 153 15 16 17 18 173 174 175 176 177 94 95 96 30 31 32 33 13 14 154 155 156 157 158 118 119 120 124 125 126 127 128 192 193 194 195 196 104 105 106 107 108 109 61 62 63 113 114 115 116 117 26 27 88 89 90 91 92 93 197 198 199 97 98 99 100 101 75 76 77 34 35 36 78 79 80 81 82 185 186 187 188 189 190 191 10 11 12 37 38 39 40 41 42 43 44 45 46 47 48 49 50 51 70 71 72 73 74 166 167 168 169 170 171 172 159 160 161 162 163 164 165 56 57 58 59 60 21 22 23 24 25 28 29 129 130 131 132 133 134 135 83 84 85 86 87 110 111 112 
527 527 422 422 422 189 189 422 422 422 201 201 201 533 533 699 699 699 699 527 527 872 872 872 872 872 273 273 959 959 538 538 538 538 268 268 268 158 158 158 158 158 158 158 158 158 158 158 158 158 158 158 699 699 699 699 220 220 220 220 220 420 420 420 538 538 538 538 533 533 933 933 933 933 933 806 806 806 884 884 884 884 884 247 247 247 247 247 806 806 806 806 806 806 420 420 420 675 675 675 675 675 273 273 806 806 806 806 806 806 808 808 808 675 675 675 675 675 806 806 806 268 268 268 884 884 884 884 884 281 281 281 281 281 281 281 201 201 201 158 158 158 158 158 158 158 158 158 158 158 158 158 158 158 933 933 933 933 933 876 876 876 876 876 876 876 876 876 876 876 876 876 876 220 220 220 220 220 872 872 872 872 872 959 959 281 281 281 281 281 281 281 247 247 247 247 247 808 808 808 
0 1 2 3 4 5 5 2 3 4 6 7 8 9 10 11 12 13 14 0 1 15 16 17 18 19 20 21 22 23 24 25 26 27 28 29 30 31 32 33 34 35 36 37 38 39 40 41 42 43 44 45 11 12 13 14 46 47 48 49 50 51 52 53 24 25 26 27 9 10 54 55 56 57 58 59 60 61 62 63 64 65 66 67 68 69 70 71 72 73 74 75 76 77 51 52 53 78 79 80 81 82 20 21 72 73 74 75 76 77 83 84 85 78 79 80 81 82 59 60 61 28 29 30 62 63 64 65 66 86 87 88 89 90 91 92 6 7 8 31 32 33 34 35 36 37 38 39 40 41 42 43 44 45 54 55 56 57 58 93 94 95 96 97 98 99 93 94 95 96 97 98 99 46 47 48 49 50 15 16 17 18 19 22 23 86 87 88 89 90 91 92 67 68 69 70 71 83 84 85 
52956
23
7 3 5 3 3 3 7 2 5 4 3 5 3 6 4 1 5 2 2 5 5 2 15 
56 8 24 24 12 46 51 12 36 12 32 37 18 37 17 8 13 13 3 41 30 13 20 
58 12 60 40 52 69 65 29 48 23 47 68 47 45 28 10 61 43 12 46 55 62 52 
876 422 220 420 201 808 281 533 884 699 806 247 268 806 538 189 872 273 527 675 933 959 158 
18 18 1 1 1 15 15 1 1 1 4 4 4 7 7 9 9 9 9 18 18 16 16 16 16 16 17 17 21 21 14 14 14 14 12 12 12 22 22 22 22 22 22 22 22 22 22 22 22 22 22 22 9 9 9 9 2 2 2 2 2 3 3 3 14 14 14 14 7 7 20 20 20 20 20 10 10 10 8 8 8 8 8 11 11 11 11 11 13 13 13 13 13 13 3 3 3 19 19 19 19 19 17 17 13 13 13 13 13 13 5 5 5 19 19 19 19 19 10 10 10 12 12 12 8 8 8 8 8 6 6 6 6 6 6 6 4 4 4 22 22 22 22 22 22 22 22 22 22 22 22 22 22 22 20 20 20 20 20 0 0 0 0 0 0 0 0 0 0 0 0 0 0 2 2 2 2 2 16 16 16 16 16 21 21 6 6 6 6 6 6 6 11 11 11 11 11 5 5 5 