114
100
2
1 1 1 1 1 4 4 4 4 4 4 5 5 5 5 5 5 5 5 5 7 7 7 7 10 10 10 10 10 11 11 11 11 13 13 13 13 13 14 14 14 14 14 14 15 15 15 15 15 15 15 15 17 17 17 17 17 17 18 18 18 18 18 18 19 19 19 19 19 19 19 19 19 19 19 19 19 19 19 19 19 19 19 19 19 19 19 19 19 19 20 20 20 20 27 30 30 30 30 30 30 30 30 30 30 30 30 30 30 30 30 30 30 30 30 36 36 36 36 36 36 36 36 36 36 36 36 38 38 38 38 38 38 41 41 41 41 41 41 42 44 44 44 44 44 44 47 47 47 47 47 47 47 49 49 49 49 49 49 49 50 50 50 50 50 50 54 54 54 54 54 55 55 55 55 55 55 56 58 58 58 58 58 58 64 64 64 64 66 66 66 66 66 67 67 67 67 67 67 68 
24 25 26 27 28 178 179 180 181 182 183 90 91 92 93 161 162 163 164 165 139 70 71 72 0 1 2 3 4 193 95 96 97 188 189 190 191 192 127 128 129 130 131 132 171 172 64 65 66 67 68 69 58 59 60 61 62 63 52 53 54 55 56 57 46 47 48 49 50 51 21 22 23 98 99 100 101 102 103 104 105 106 107 108 109 110 111 112 113 114 11 12 13 14 160 30 31 32 73 74 75 76 77 78 79 80 81 82 83 84 85 86 87 88 89 133 134 135 136 137 138 140 141 142 143 144 145 38 39 40 41 42 43 115 116 117 118 119 120 20 121 122 123 124 125 126 153 154 155 156 157 158 159 146 147 148 149 150 151 152 94 15 16 17 18 19 194 195 196 197 198 44 45 184 185 186 187 199 5 6 7 8 9 10 173 174 175 176 33 34 35 36 37 29 166 167 168 169 170 177 
265 265 265 265 265 340 340 340 340 340 340 206 206 206 206 851 851 851 851 851 644 707 707 707 265 265 265 265 265 658 815 815 815 577 577 577 577 577 855 855 855 855 855 855 744 744 473 473 473 473 473 473 420 420 420 420 420 420 420 420 420 420 420 420 473 473 473 473 473 473 707 707 707 486 486 486 486 486 486 486 486 486 486 486 486 486 486 486 486 486 206 206 206 206 675 815 815 815 486 486 486 486 486 486 486 486 486 486 486 486 486 486 486 486 486 928 928 928 928 928 928 879 879 879 879 879 879 855 855 855 855 855 855 928 928 928 928 928 928 644 879 879 879 879 879 879 224 224 224 224 224 224 224 224 224 224 224 224 224 224 675 851 851 851 851 851 241 241 241 241 241 744 744 521 521 521 521 473 340 340 340 340 340 340 521 521 521 521 577 577 577 577 577 658 241 241 241 241 241 473 
0 1 2 3 4 5 6 7 8 9 10 11 12 13 14 15 16 17 18 19 20 21 22 23 0 1 2 3 4 24 25 26 27 28 29 30 31 32 33 34 35 36 37 38 39 40 41 42 43 44 45 46 47 48 49 50 51 52 47 48 49 50 51 52 41 42 43 44 45 46 21 22 23 53 54 55 56 57 58 59 60 61 62 63 64 65 66 67 68 69 11 12 13 14 70 25 26 27 53 54 55 56 57 58 59 60 61 62 63 64 65 66 67 68 69 71 72 73 74 75 76 77 78 79 80 81 82 33 34 35 36 37 38 71 72 73 74 75 76 20 77 78 79 80 81 82 83 84 85 86 87 88 89 83 84 85 86 87 88 89 70 15 16 17 18 19 90 91 92 93 94 39 40 95 96 97 98 99 5 6 7 8 9 10 95 96 97 98 28 29 30 31 32 24 90 91 92 93 94 99 
54282
21
5 6 6 2 1 1 6 6 4 5 1 1 5 6 6 5 7 4 3 3 17 
1 36 14 15 11 27 36 17 5 5 56 7 13 15 4 54 47 55 7 11 19 
10 41 38 55 67 50 44 18 20 50 68 42 66 19 58 67 49 64 19 30 30 
265 928 855 744 658 675 879 420 206 851 473 644 577 473 340 241 224 521 707 815 486 
0 0 0 0 0 14 14 14 14 14 14 8 8 8 8 9 9 9 9 9 11 18 18 18 0 0 0 0 0 4 19 19 19 12 12 12 12 12 2 2 2 2 2 2 3 3 13 13 13 13 13 13 7 7 7 7 7 7 7 7 7 7 7 7 13 13 13 13 13 13 18 18 18 20 20 20 20 20 20 20 20 20 20 20 20 20 20 20 20 20 8 8 8 8 5 19 19 19 20 20 20 20 20 20 20 20 20 20 20 20 20 20 20 20 20 1 1 1 1 1 1 6 6 6 6 6 6 2 2 2 2 2 2 1 1 1 1 1 1 11 6 6 6 6 6 6 16 16 16 16 16 16 16 16 16 16 16 16 16 16 5 9 9 9 9 9 15 15 15 15 15 3 3 17 17 17 17 10 14 14 14 14 14 14 17 17 17 17 12 12 12 12 12 4 15 15 15 15 15 10 