577
100
2
2 2 2 3 3 4 4 4 4 4 6 6 6 6 6 6 6 6 6 6 6 7 7 7 7 8 8 8 8 8 8 8 8 8 8 8 8 8 8 8 8 8 8 8 8 8 8 9 9 9 9 9 9 9 10 10 10 10 10 11 11 11 11 13 13 13 13 18 18 18 18 20 20 20 20 20 20 22 22 22 22 22 22 22 22 22 22 22 22 22 22 22 22 22 22 22 23 23 23 25 25 25 25 25 26 26 26 26 26 27 27 27 27 27 27 28 28 28 28 28 29 29 29 29 29 30 30 30 30 30 30 30 30 30 30 30 30 30 30 30 30 30 33 33 33 33 33 33 37 37 37 37 37 37 37 39 39 39 39 42 42 42 42 42 43 43 43 43 43 44 44 44 48 48 48 48 48 48 48 59 60 60 60 60 61 64 64 64 64 64 66 66 68 69 69 69 69 69 69 69 
169 170 171 146 147 185 186 187 188 189 148 149 150 151 152 153 154 63 64 65 66 115 116 117 118 159 160 161 162 163 125 126 127 128 129 130 131 132 133 134 135 136 137 138 139 140 141 77 78 79 80 81 82 83 104 105 106 107 108 67 68 69 70 17 18 19 20 59 60 61 62 109 110 111 112 113 114 47 48 49 50 51 52 53 85 84 87 86 89 88 91 90 93 92 95 94 197 198 199 120 121 122 123 124 54 55 56 57 58 71 72 73 74 75 76 21 22 23 24 179 99 100 101 102 103 30 31 32 33 34 35 36 37 38 39 40 41 42 43 44 45 46 193 194 195 196 3 4 10 11 12 13 14 15 16 180 181 182 183 25 26 27 28 29 174 175 176 177 178 0 1 2 190 191 164 165 166 167 168 119 155 156 157 158 192 5 6 7 8 9 172 173 184 142 143 144 145 96 97 98 
470 470 470 658 658 985 985 985 985 985 289 289 289 289 289 289 289 395 395 395 395 495 495 495 495 949 949 949 949 949 255 255 255 255 255 255 255 255 255 255 255 255 255 255 255 255 255 390 390 390 390 390 390 390 567 567 567 567 567 171 171 171 171 395 395 395 395 171 171 171 171 420 420 420 420 420 420 390 390 390 390 390 390 390 933 933 933 933 933 933 933 933 933 933 933 933 976 976 976 787 787 787 787 787 567 567 567 567 567 420 420 420 420 420 420 495 495 495 495 496 787 787 787 787 787 255 255 255 255 255 255 255 255 255 255 255 255 255 255 255 255 255 259 259 259 259 658 658 289 289 289 289 289 289 289 690 690 690 690 949 949 949 949 949 364 364 364 364 364 470 470 470 183 183 364 364 364 364 364 496 690 690 690 690 783 985 985 985 985 985 183 183 783 259 259 259 259 976 976 976 
0 1 2 3 4 5 6 7 8 9 10 11 12 13 14 15 16 17 18 19 20 21 22 23 24 25 26 27 28 29 30 31 32 33 34 35 36 37 38 39 40 41 42 43 44 45 46 47 48 49 50 51 52 53 54 55 56 57 58 59 60 61 62 17 18 19 20 59 60 61 62 63 64 65 66 67 68 47 48 49 50 51 52 53 69 69 70 70 71 71 72 72 73 73 74 74 75 76 77 78 79 80 81 82 54 55 56 57 58 63 64 65 66 67 68 21 22 23 24 83 78 79 80 81 82 30 31 32 33 34 35 36 37 38 39 40 41 42 43 44 45 46 84 85 86 87 3 4 10 11 12 13 14 15 16 88 89 90 91 25 26 27 28 29 92 93 94 95 96 0 1 2 97 98 92 93 94 95 96 83 88 89 90 91 99 5 6 7 8 9 97 98 99 84 85 86 87 75 76 77 
50805
21
4 2 6 7 4 1 4 1 5 5 5 7 3 4 6 4 2 3 5 5 17 
11 48 20 6 7 61 33 28 25 8 4 9 23 6 22 39 3 2 43 10 8 
18 66 27 37 28 68 69 59 29 42 64 22 69 13 22 60 33 44 48 26 30 
171 183 420 289 495 783 259 496 787 949 985 390 976 395 933 690 658 470 364 567 255 
17 17 17 16 16 10 10 10 10 10 3 3 3 3 3 3 3 13 13 13 13 4 4 4 4 9 9 9 9 9 20 20 20 20 20 20 20 20 20 20 20 20 20 20 20 20 20 11 11 11 11 11 11 11 19 19 19 19 19 0 0 0 0 13 13 13 13 0 0 0 0 2 2 2 2 2 2 11 11 11 11 11 11 11 14 14 14 14 14 14 14 14 14 14 14 14 12 12 12 8 8 8 8 8 19 19 19 19 19 2 2 2 2 2 2 4 4 4 4 7 8 8 8 8 8 20 20 20 20 20 20 20 20 20 20 20 20 20 20 20 20 20 6 6 6 6 16 16 3 3 3 3 3 3 3 15 15 15 15 9 9 9 9 9 18 18 18 18 18 17 17 17 1 1 18 18 18 18 18 7 15 15 15 15 5 10 10 10 10 10 1 1 5 6 6 6 6 12 12 12 