913
100
2
1 1 1 1 1 1 2 2 2 2 2 2 2 2 2 2 4 4 4 5 5 5 5 5 5 9 9 9 9 9 9 9 9 9 9 11 11 11 12 12 13 13 13 15 18 18 18 18 18 18 18 18 18 18 18 18 18 22 22 22 22 22 22 27 30 30 34 34 34 34 34 34 36 36 36 36 36 36 36 39 39 41 41 41 42 42 42 42 42 42 43 45 45 45 45 45 45 45 45 45 46 46 46 49 49 50 50 50 50 50 50 50 50 50 50 50 50 50 50 53 53 53 54 54 54 54 54 54 54 54 54 54 54 54 54 54 55 55 56 56 56 56 56 56 56 56 57 57 57 57 57 57 57 57 57 57 57 57 57 57 59 59 62 62 62 62 62 62 62 62 62 62 62 66 67 67 67 67 67 67 67 68 68 68 68 70 70 70 70 70 70 70 70 70 70 70 70 70 70 70 
10 11 12 13 14 15 138 139 140 141 0 1 2 3 4 5 100 101 102 66 67 68 69 70 71 110 111 112 113 114 76 77 78 103 104 122 123 124 120 121 152 153 154 90 187 188 189 190 191 192 193 194 195 196 197 198 199 167 168 169 170 171 172 137 179 180 19 20 21 22 23 24 181 182 183 184 30 31 32 160 161 129 130 131 146 147 148 149 150 151 43 132 133 134 135 155 156 157 158 159 16 17 18 33 34 174 175 176 177 178 25 26 27 28 29 142 143 144 145 166 38 39 35 36 37 162 163 164 165 81 82 83 91 92 93 94 185 63 6 7 8 9 115 116 117 118 84 85 86 87 88 89 40 41 42 95 96 97 98 99 79 80 125 126 127 128 119 57 58 59 60 61 62 186 105 106 107 108 109 64 65 72 73 74 75 136 173 44 45 46 47 48 49 50 51 52 53 54 55 56 
849 849 849 849 849 849 849 849 849 849 849 849 849 849 849 849 289 289 289 242 242 242 242 242 242 879 879 879 879 879 389 389 389 441 441 517 517 517 687 687 288 288 288 234 199 199 199 199 199 199 199 199 199 199 199 199 199 514 514 514 514 514 514 691 587 587 242 242 242 242 242 242 546 546 546 546 389 389 389 251 251 564 564 564 175 175 175 175 175 175 234 443 443 443 443 236 236 236 236 236 289 289 289 441 441 588 588 588 588 588 879 879 879 879 879 677 677 677 677 962 687 687 517 517 517 909 909 909 909 564 564 564 443 443 443 443 273 691 849 849 849 849 677 677 677 677 175 175 175 175 175 175 288 288 288 236 236 236 236 236 251 251 909 909 909 909 962 514 514 514 514 514 514 552 588 588 588 588 588 587 587 546 546 546 546 273 552 199 199 199 199 199 199 199 199 199 199 199 199 199 
0 1 2 3 4 5 6 7 8 9 0 1 2 3 4 5 10 11 12 13 14 15 16 17 18 19 20 21 22 23 24 25 26 27 28 29 30 31 32 33 34 35 36 37 38 39 40 41 42 43 44 45 46 47 48 49 50 51 52 53 54 55 56 57 58 59 13 14 15 16 17 18 60 61 62 63 24 25 26 64 65 66 67 68 69 70 71 72 73 74 37 75 76 77 78 79 80 81 82 83 10 11 12 27 28 84 85 86 87 88 19 20 21 22 23 89 90 91 92 93 32 33 29 30 31 94 95 96 97 66 67 68 75 76 77 78 98 57 6 7 8 9 89 90 91 92 69 70 71 72 73 74 34 35 36 79 80 81 82 83 64 65 94 95 96 97 93 51 52 53 54 55 56 99 84 85 86 87 88 58 59 60 61 62 63 98 99 38 39 40 41 42 43 44 45 46 47 48 49 50 
48263
27
5 3 4 4 5 6 3 3 4 1 1 6 1 6 4 3 2 1 6 5 2 1 2 3 2 4 13 
50 11 36 54 9 42 41 13 2 55 15 1 27 5 45 4 30 53 22 45 12 66 39 9 9 50 18 
67 54 68 62 50 57 54 57 56 70 43 2 55 34 54 46 67 62 62 57 53 70 59 36 49 56 70 
588 517 546 909 879 175 564 288 849 273 234 849 691 242 443 289 587 962 514 236 687 552 251 389 441 677 199 
11 11 11 11 11 11 8 8 8 8 11 11 11 11 11 11 15 15 15 13 13 13 13 13 13 4 4 4 4 4 23 23 23 24 24 1 1 1 20 20 7 7 7 10 26 26 26 26 26 26 26 26 26 26 26 26 26 18 18 18 18 18 18 12 16 16 13 13 13 13 13 13 2 2 2 2 23 23 23 22 22 6 6 6 5 5 5 5 5 5 10 14 14 14 14 19 19 19 19 19 15 15 15 24 24 0 0 0 0 0 4 4 4 4 4 25 25 25 25 17 20 20 1 1 1 3 3 3 3 6 6 6 14 14 14 14 9 12 8 8 8 8 25 25 25 25 5 5 5 5 5 5 7 7 7 19 19 19 19 19 22 22 3 3 3 3 17 18 18 18 18 18 18 21 0 0 0 0 0 16 16 2 2 2 2 9 21 26 26 26 26 26 26 26 26 26 26 26 26 26 