963
100
2
1 1 1 1 3 3 3 3 3 3 3 3 3 3 3 6 6 6 6 6 6 6 6 6 6 6 6 6 6 6 6 6 6 6 6 6 6 6 6 6 13 13 13 13 13 16 16 16 16 16 16 16 16 16 18 19 19 20 20 20 20 20 21 21 21 21 21 21 23 23 24 24 24 24 24 26 26 26 26 26 26 26 26 27 27 27 27 27 27 27 27 27 33 33 34 34 34 36 36 36 36 36 36 37 37 37 40 40 40 40 40 43 43 43 44 44 45 45 45 46 46 46 46 48 48 48 48 48 52 52 52 52 52 53 53 53 53 53 53 53 53 53 53 53 53 53 53 53 53 53 53 53 53 53 53 53 53 53 53 56 57 57 57 57 57 57 57 59 59 59 59 59 59 61 61 61 65 65 65 65 65 65 66 66 66 66 66 66 66 66 66 66 66 66 69 69 69 69 69 69 
119 120 121 122 123 124 125 126 127 97 98 99 100 101 102 133 134 135 136 137 138 140 141 142 143 144 145 146 147 148 149 150 151 152 153 154 155 156 157 158 70 71 72 73 74 111 112 113 176 177 178 179 180 181 76 90 91 162 163 164 165 166 167 168 169 170 171 172 160 161 40 41 42 43 44 173 54 194 195 196 197 198 199 182 183 184 185 186 187 188 55 56 189 190 103 104 105 9 10 11 12 13 14 94 95 96 128 129 130 131 132 45 46 47 174 175 191 192 193 0 1 2 3 4 5 6 7 8 106 107 108 109 110 15 16 17 18 19 20 159 21 22 23 24 25 26 27 28 29 30 31 32 33 34 35 36 37 38 39 139 68 69 57 58 59 60 61 62 63 64 65 66 67 75 114 115 48 49 50 51 52 53 83 84 85 86 87 88 89 92 93 116 117 118 77 78 79 80 81 82 
993 993 993 993 587 587 587 587 587 241 241 241 241 241 241 866 866 866 866 866 866 190 190 190 190 190 190 190 190 190 190 190 190 190 190 190 190 190 190 190 160 160 160 160 160 714 714 714 525 525 525 525 525 525 174 606 606 450 450 450 450 450 753 753 753 753 753 753 539 539 160 160 160 160 160 628 174 165 165 165 165 165 165 235 235 235 235 235 235 235 606 606 392 392 273 273 273 241 241 241 241 241 241 273 273 273 568 568 568 568 568 714 714 714 175 175 287 287 287 993 993 993 993 587 587 587 587 587 568 568 568 568 568 866 866 866 866 866 866 338 190 190 190 190 190 190 190 190 190 190 190 190 190 190 190 190 190 190 190 338 539 539 450 450 450 450 450 753 753 753 753 753 753 628 175 175 525 525 525 525 525 525 235 235 235 235 235 235 235 392 392 287 287 287 165 165 165 165 165 165 
0 1 2 3 4 5 6 7 8 9 10 11 12 13 14 15 16 17 18 19 20 21 22 23 24 25 26 27 28 29 30 31 32 33 34 35 36 37 38 39 40 41 42 43 44 45 46 47 48 49 50 51 52 53 54 55 56 57 58 59 60 61 62 63 64 65 66 67 68 69 40 41 42 43 44 70 54 71 72 73 74 75 76 77 78 79 80 81 82 83 55 56 84 85 86 87 88 9 10 11 12 13 14 86 87 88 89 90 91 92 93 45 46 47 94 95 96 97 98 0 1 2 3 4 5 6 7 8 89 90 91 92 93 15 16 17 18 19 20 99 21 22 23 24 25 26 27 28 29 30 31 32 33 34 35 36 37 38 39 99 68 69 57 58 59 60 61 62 63 64 65 66 67 70 94 95 48 49 50 51 52 53 77 78 79 80 81 82 83 84 85 96 97 98 71 72 73 74 75 76 
41738
22
1 5 2 3 5 5 7 4 2 6 2 5 2 6 1 3 3 6 6 1 6 19 
26 3 23 34 40 20 27 1 19 21 33 13 44 3 18 45 16 6 16 53 26 6 
61 48 57 37 52 57 66 46 27 59 66 24 61 36 26 66 43 53 65 56 69 53 
628 587 539 273 568 450 235 993 606 753 392 160 175 241 174 287 714 866 525 338 165 190 
7 7 7 7 1 1 1 1 1 13 13 13 13 13 13 17 17 17 17 17 17 21 21 21 21 21 21 21 21 21 21 21 21 21 21 21 21 21 21 21 11 11 11 11 11 16 16 16 18 18 18 18 18 18 14 8 8 5 5 5 5 5 9 9 9 9 9 9 2 2 11 11 11 11 11 0 14 20 20 20 20 20 20 6 6 6 6 6 6 6 8 8 10 10 3 3 3 13 13 13 13 13 13 3 3 3 4 4 4 4 4 16 16 16 12 12 15 15 15 7 7 7 7 1 1 1 1 1 4 4 4 4 4 17 17 17 17 17 17 19 21 21 21 21 21 21 21 21 21 21 21 21 21 21 21 21 21 21 21 19 2 2 5 5 5 5 5 9 9 9 9 9 9 0 12 12 18 18 18 18 18 18 6 6 6 6 6 6 6 10 10 15 15 15 20 20 20 20 20 20 