396
100
2
3 3 3 3 3 3 3 9 9 9 9 9 9 9 10 10 10 10 10 10 10 10 14 14 14 14 14 17 17 17 17 17 17 17 17 17 17 17 19 19 19 19 19 19 19 19 19 19 19 20 20 20 20 22 22 22 22 25 25 25 25 25 25 25 25 26 29 29 29 29 29 29 29 30 30 30 30 32 32 32 32 40 40 40 40 40 41 41 41 41 41 41 41 41 41 42 42 42 42 42 43 43 43 43 43 43 43 43 43 43 43 43 43 43 43 43 43 43 46 46 46 46 46 46 46 46 46 46 46 46 46 46 47 47 47 47 47 47 47 48 48 51 51 51 51 51 51 51 51 51 51 51 53 53 53 53 53 53 53 57 57 57 57 57 57 57 57 57 57 57 57 57 59 59 59 59 59 59 59 61 61 61 61 61 61 61 63 63 63 63 67 67 67 67 67 68 68 68 68 68 
139 140 81 82 83 84 85 141 142 143 144 145 146 147 57 58 59 60 61 62 63 64 86 87 88 89 90 38 39 40 41 42 43 44 45 46 47 48 27 28 29 30 31 32 33 34 35 36 37 53 54 55 56 49 50 51 52 14 15 16 17 18 19 20 21 171 107 108 109 110 111 112 113 91 92 93 94 114 115 116 117 2 3 4 5 6 22 23 24 25 26 73 74 75 76 195 196 197 198 199 159 160 161 162 163 164 165 66 67 68 69 70 71 72 77 78 79 80 179 180 181 182 183 184 185 152 153 154 155 156 157 158 172 173 174 175 176 177 178 0 1 7 8 9 10 11 12 13 186 187 188 189 125 126 127 128 129 130 131 100 101 102 103 104 105 106 190 191 192 193 194 65 132 133 134 135 136 137 138 118 119 120 121 122 123 124 148 149 150 151 166 167 168 169 170 95 96 97 98 99 
406 406 379 379 379 379 379 259 259 259 259 259 259 259 713 713 713 713 713 713 713 713 158 158 158 158 158 403 403 403 403 403 403 403 403 403 403 403 403 403 403 403 403 403 403 403 403 403 403 232 232 232 232 232 232 232 232 713 713 713 713 713 713 713 713 557 503 503 503 503 503 503 503 326 326 326 326 440 440 440 440 379 379 379 379 379 158 158 158 158 158 326 326 326 326 598 598 598 598 598 823 823 823 823 823 823 823 503 503 503 503 503 503 503 440 440 440 440 740 740 740 740 740 740 740 855 855 855 855 855 855 855 767 767 767 767 767 767 767 406 406 259 259 259 259 259 259 259 966 966 966 966 855 855 855 855 855 855 855 823 823 823 823 823 823 823 606 606 606 606 606 557 767 767 767 767 767 767 767 740 740 740 740 740 740 740 966 966 966 966 606 606 606 606 606 598 598 598 598 598 
0 1 2 3 4 5 6 7 8 9 10 11 12 13 14 15 16 17 18 19 20 21 22 23 24 25 26 27 28 29 30 31 32 33 34 35 36 37 27 28 29 30 31 32 33 34 35 36 37 38 39 40 41 38 39 40 41 14 15 16 17 18 19 20 21 42 43 44 45 46 47 48 49 50 51 52 53 54 55 56 57 2 3 4 5 6 22 23 24 25 26 50 51 52 53 58 59 60 61 62 63 64 65 66 67 68 69 43 44 45 46 47 48 49 54 55 56 57 70 71 72 73 74 75 76 77 78 79 80 81 82 83 84 85 86 87 88 89 90 0 1 7 8 9 10 11 12 13 91 92 93 94 77 78 79 80 81 82 83 63 64 65 66 67 68 69 95 96 97 98 99 42 84 85 86 87 88 89 90 70 71 72 73 74 75 76 91 92 93 94 95 96 97 98 99 58 59 60 61 62 
55696
18
2 5 7 7 7 7 5 7 5 4 4 5 8 7 1 4 4 11 
3 42 43 9 46 47 57 29 14 20 30 3 10 46 26 51 32 17 
48 68 57 51 61 59 67 43 41 22 41 40 25 53 57 63 43 19 
406 598 823 259 740 767 606 503 158 232 326 379 713 855 557 966 440 403 
0 0 11 11 11 11 11 3 3 3 3 3 3 3 12 12 12 12 12 12 12 12 8 8 8 8 8 17 17 17 17 17 17 17 17 17 17 17 17 17 17 17 17 17 17 17 17 17 17 9 9 9 9 9 9 9 9 12 12 12 12 12 12 12 12 14 7 7 7 7 7 7 7 10 10 10 10 16 16 16 16 11 11 11 11 11 8 8 8 8 8 10 10 10 10 1 1 1 1 1 2 2 2 2 2 2 2 7 7 7 7 7 7 7 16 16 16 16 4 4 4 4 4 4 4 13 13 13 13 13 13 13 5 5 5 5 5 5 5 0 0 3 3 3 3 3 3 3 15 15 15 15 13 13 13 13 13 13 13 2 2 2 2 2 2 2 6 6 6 6 6 14 5 5 5 5 5 5 5 4 4 4 4 4 4 4 15 15 15 15 6 6 6 6 6 1 1 1 1 1 