945
100
2
1 1 1 2 2 3 3 3 5 5 5 5 6 6 6 6 6 6 8 8 8 8 8 8 8 8 8 8 8 8 8 8 8 8 12 12 12 12 12 13 15 18 18 18 18 18 18 18 18 20 20 20 20 23 26 26 26 26 26 26 27 27 27 27 27 28 28 28 28 29 29 30 30 30 30 30 31 31 31 31 31 31 32 32 32 33 33 35 35 35 35 37 37 37 37 38 38 38 38 39 43 43 43 43 43 43 43 45 46 46 46 46 46 46 46 47 47 47 47 47 47 47 47 47 47 47 47 47 47 47 47 49 49 49 49 50 50 50 50 52 52 52 52 52 52 52 52 52 55 55 55 55 56 56 56 56 57 57 57 57 57 58 58 58 58 58 58 58 58 58 58 58 58 62 62 62 62 62 62 62 62 62 62 63 64 65 65 65 65 65 66 66 66 66 66 70 70 70 70 70 
104 105 106 85 86 54 55 56 95 96 97 98 167 168 169 170 171 172 115 116 117 118 119 120 121 122 123 124 125 126 127 128 129 130 195 196 197 198 199 183 107 42 41 44 43 46 45 48 47 135 136 137 138 147 5 6 7 82 83 84 190 191 192 193 194 76 112 113 114 165 166 156 157 158 159 160 65 185 186 187 188 189 57 58 59 3 4 91 92 93 94 87 88 89 90 8 9 10 11 184 131 132 133 134 0 1 2 40 139 140 141 142 66 67 68 18 19 20 21 22 23 24 25 26 27 28 29 30 31 32 33 100 101 102 103 49 50 51 52 108 109 110 111 161 162 163 164 53 152 153 154 155 148 149 150 151 71 72 73 74 75 143 144 145 146 69 70 12 13 14 15 16 17 174 173 176 175 178 177 180 179 182 181 39 99 77 78 79 80 81 60 61 62 63 64 34 35 36 37 38 
942 942 942 648 648 753 753 753 784 784 784 784 788 788 788 788 788 788 496 496 496 496 496 496 496 496 496 496 496 496 496 496 496 496 392 392 392 392 392 299 535 729 729 729 729 729 729 729 729 661 661 661 661 818 753 753 753 866 866 866 765 765 765 765 765 261 960 960 960 820 820 558 558 558 558 558 261 311 311 311 311 311 866 866 866 648 648 310 310 310 310 310 310 310 310 784 784 784 784 688 618 618 618 618 942 942 942 535 451 451 451 451 960 960 960 496 496 496 496 496 496 496 496 496 496 496 496 496 496 496 496 618 618 618 618 661 661 661 661 451 451 451 451 549 549 549 549 818 328 328 328 328 328 328 328 328 558 558 558 558 558 549 549 549 549 820 820 788 788 788 788 788 788 319 319 319 319 319 319 319 319 319 319 299 688 311 311 311 311 311 765 765 765 765 765 392 392 392 392 392 
0 1 2 3 4 5 6 7 8 9 10 11 12 13 14 15 16 17 18 19 20 21 22 23 24 25 26 27 28 29 30 31 32 33 34 35 36 37 38 39 40 41 41 42 42 43 43 44 44 45 46 47 48 49 5 6 7 50 51 52 53 54 55 56 57 58 59 60 61 62 63 64 65 66 67 68 58 69 70 71 72 73 50 51 52 3 4 74 75 76 77 74 75 76 77 8 9 10 11 78 79 80 81 82 0 1 2 40 83 84 85 86 59 60 61 18 19 20 21 22 23 24 25 26 27 28 29 30 31 32 33 79 80 81 82 45 46 47 48 83 84 85 86 87 88 89 90 49 91 92 93 94 91 92 93 94 64 65 66 67 68 87 88 89 90 62 63 12 13 14 15 16 17 95 95 96 96 97 97 98 98 99 99 39 78 69 70 71 72 73 53 54 55 56 57 34 35 36 37 38 
58209
26
2 5 1 4 4 1 4 3 4 5 1 3 2 4 3 4 1 5 5 5 3 4 1 4 6 16 
2 62 15 5 43 28 46 3 52 30 39 28 29 55 1 35 23 31 27 12 26 20 13 18 6 8 
33 62 45 38 49 31 52 26 58 57 64 46 58 56 43 37 52 65 66 70 32 50 63 18 58 47 
648 319 535 784 618 261 451 753 549 558 688 960 820 328 942 310 818 311 765 392 866 661 299 729 788 496 
14 14 14 0 0 7 7 7 3 3 3 3 24 24 24 24 24 24 25 25 25 25 25 25 25 25 25 25 25 25 25 25 25 25 19 19 19 19 19 22 2 23 23 23 23 23 23 23 23 21 21 21 21 16 7 7 7 20 20 20 18 18 18 18 18 5 11 11 11 12 12 9 9 9 9 9 5 17 17 17 17 17 20 20 20 0 0 15 15 15 15 15 15 15 15 3 3 3 3 10 4 4 4 4 14 14 14 2 6 6 6 6 11 11 11 25 25 25 25 25 25 25 25 25 25 25 25 25 25 25 25 4 4 4 4 21 21 21 21 6 6 6 6 8 8 8 8 16 13 13 13 13 13 13 13 13 9 9 9 9 9 8 8 8 8 12 12 24 24 24 24 24 24 1 1 1 1 1 1 1 1 1 1 22 10 17 17 17 17 17 18 18 18 18 18 19 19 19 19 19 