704
100
2
2 2 2 2 2 2 3 3 3 8 9 9 9 9 9 9 12 12 12 17 17 17 17 17 20 20 20 20 20 20 20 20 20 21 21 21 21 21 21 21 21 21 21 25 25 25 26 26 26 26 26 26 26 26 26 26 30 30 30 30 30 30 30 30 31 31 31 31 31 31 31 31 35 35 35 35 35 35 35 38 38 38 38 38 38 39 40 40 40 40 40 40 40 40 40 40 41 41 41 41 41 41 41 41 41 41 41 41 41 41 46 46 49 49 49 49 49 49 49 49 49 49 49 49 49 49 49 49 49 49 49 49 49 49 49 49 49 52 52 52 52 52 52 52 52 52 52 52 55 55 55 55 55 55 55 55 55 56 56 57 57 57 57 57 57 57 57 57 57 58 58 58 58 58 61 61 61 61 61 61 61 61 61 61 67 67 67 67 67 67 67 67 67 67 67 67 67 67 70 70 
79 80 81 82 83 84 19 20 21 85 104 105 106 107 108 109 43 44 45 6 7 8 157 158 148 149 150 151 152 153 154 155 156 159 160 161 162 163 164 165 166 167 168 16 17 18 174 175 176 177 178 179 180 181 182 183 64 65 66 67 68 69 70 71 56 57 58 59 60 61 62 63 94 95 169 170 171 172 173 0 1 2 3 4 5 9 96 97 98 99 100 101 102 103 72 73 86 87 88 89 90 91 92 93 10 11 12 13 14 15 198 199 137 138 139 140 141 142 143 144 145 146 147 184 185 186 187 188 189 190 191 192 193 194 195 196 197 112 113 114 115 116 117 118 119 120 121 122 24 25 26 27 28 29 30 31 32 22 23 33 34 35 36 37 38 39 40 41 42 74 75 76 77 78 46 47 48 49 50 51 52 53 54 55 123 124 125 126 127 128 129 130 131 132 133 134 135 136 110 111 
520 520 520 520 520 520 809 809 809 162 629 629 629 629 629 629 274 274 274 809 809 809 334 334 433 433 433 433 433 433 433 433 433 951 951 951 951 951 951 951 951 951 951 274 274 274 231 231 231 231 231 231 231 231 231 231 530 530 530 530 530 530 530 530 530 530 530 530 530 530 530 530 338 338 694 694 694 694 694 520 520 520 520 520 520 162 931 931 931 931 931 931 931 931 338 338 931 931 931 931 931 931 931 931 629 629 629 629 629 629 415 415 760 760 760 760 760 760 760 760 760 760 760 818 818 818 818 818 818 818 818 818 818 818 818 818 818 760 760 760 760 760 760 760 760 760 760 760 433 433 433 433 433 433 433 433 433 334 334 951 951 951 951 951 951 951 951 951 951 694 694 694 694 694 231 231 231 231 231 231 231 231 231 231 818 818 818 818 818 818 818 818 818 818 818 818 818 818 415 415 
0 1 2 3 4 5 6 7 8 9 10 11 12 13 14 15 16 17 18 6 7 8 19 20 21 22 23 24 25 26 27 28 29 30 31 32 33 34 35 36 37 38 39 16 17 18 40 41 42 43 44 45 46 47 48 49 50 51 52 53 54 55 56 57 50 51 52 53 54 55 56 57 58 59 60 61 62 63 64 0 1 2 3 4 5 9 65 66 67 68 69 70 71 72 58 59 65 66 67 68 69 70 71 72 10 11 12 13 14 15 73 74 75 76 77 78 79 80 81 82 83 84 85 86 87 88 89 90 91 92 93 94 95 96 97 98 99 75 76 77 78 79 80 81 82 83 84 85 21 22 23 24 25 26 27 28 29 19 20 30 31 32 33 34 35 36 37 38 39 60 61 62 63 64 40 41 42 43 44 45 46 47 48 49 86 87 88 89 90 91 92 93 94 95 96 97 98 99 73 74 
63166
16
3 6 2 10 8 3 2 2 10 1 9 8 6 5 11 14 
12 2 46 26 40 3 17 35 21 8 20 30 9 35 49 49 
25 38 70 61 41 17 56 40 57 39 55 31 41 58 52 67 
274 520 415 231 931 809 334 338 951 162 433 530 629 694 760 818 
1 1 1 1 1 1 5 5 5 9 12 12 12 12 12 12 0 0 0 5 5 5 6 6 10 10 10 10 10 10 10 10 10 8 8 8 8 8 8 8 8 8 8 0 0 0 3 3 3 3 3 3 3 3 3 3 11 11 11 11 11 11 11 11 11 11 11 11 11 11 11 11 7 7 13 13 13 13 13 1 1 1 1 1 1 9 4 4 4 4 4 4 4 4 7 7 4 4 4 4 4 4 4 4 12 12 12 12 12 12 2 2 14 14 14 14 14 14 14 14 14 14 14 15 15 15 15 15 15 15 15 15 15 15 15 15 15 14 14 14 14 14 14 14 14 14 14 14 10 10 10 10 10 10 10 10 10 6 6 8 8 8 8 8 8 8 8 8 8 13 13 13 13 13 3 3 3 3 3 3 3 3 3 3 15 15 15 15 15 15 15 15 15 15 15 15 15 15 2 2 