496
100
2
8 8 8 8 8 10 10 10 10 11 11 11 11 13 13 13 13 14 14 14 14 14 16 16 17 17 17 17 17 17 17 18 18 19 19 19 19 19 20 20 20 21 21 21 21 22 22 22 22 22 22 22 22 24 24 24 24 24 24 24 24 24 24 24 24 24 24 24 24 24 24 24 24 24 24 24 24 24 24 25 25 28 28 28 28 28 28 32 32 32 33 33 33 33 34 36 36 36 37 39 39 41 43 44 44 44 44 44 44 45 45 45 45 45 45 45 45 45 45 45 45 45 45 45 45 45 45 45 45 45 45 45 45 45 45 45 45 45 45 45 46 46 46 46 46 46 47 47 49 49 49 49 49 49 50 50 50 51 51 51 51 51 52 52 52 52 52 52 52 52 53 53 54 54 59 59 59 59 59 61 61 61 61 62 62 64 64 64 64 64 64 64 65 65 67 67 67 67 67 67 
90 91 92 93 81 148 149 150 151 41 42 43 44 38 167 168 169 174 175 176 177 178 26 27 183 184 22 23 197 198 199 192 193 117 118 119 120 121 13 144 145 9 10 11 12 190 191 164 165 166 87 88 89 185 186 187 188 189 159 160 161 122 123 124 125 126 127 128 129 130 131 132 133 134 135 136 137 138 139 170 171 4 112 113 114 115 116 50 51 52 0 1 2 3 102 194 195 196 101 172 173 98 94 109 110 111 154 155 156 103 104 105 82 83 84 85 86 33 34 35 36 37 61 62 63 64 65 66 67 68 69 70 71 72 73 74 75 76 77 78 179 180 181 182 39 40 162 163 5 6 7 8 157 158 106 107 108 152 153 58 59 60 146 147 47 48 49 14 15 16 79 80 99 100 17 18 19 20 21 140 141 142 143 24 25 53 54 55 56 57 45 46 31 32 95 96 97 28 29 30 
161 161 161 161 744 950 950 950 950 242 242 242 242 373 490 490 490 598 598 598 598 598 823 823 255 255 823 823 371 371 371 389 389 703 703 703 703 703 373 237 237 242 242 242 242 734 734 906 906 906 183 183 183 577 577 577 577 577 417 417 417 420 420 420 420 420 420 420 420 420 420 420 420 420 420 420 420 420 420 254 254 744 373 373 373 373 373 183 183 183 161 161 161 161 204 531 531 531 919 538 538 919 204 938 938 938 686 686 686 938 938 938 373 373 373 373 373 703 703 703 703 703 420 420 420 420 420 420 420 420 420 420 420 420 420 420 420 420 420 420 338 338 338 338 237 237 702 702 950 950 950 950 397 397 686 686 686 397 397 417 417 417 702 702 906 906 906 490 490 490 254 254 538 538 598 598 598 598 598 338 338 338 338 255 255 577 577 577 577 577 734 734 389 389 531 531 531 371 371 371 
0 1 2 3 4 5 6 7 8 9 10 11 12 13 14 15 16 17 18 19 20 21 22 23 24 25 22 23 26 27 28 29 30 31 32 33 34 35 13 36 37 9 10 11 12 38 39 40 41 42 43 44 45 46 47 48 49 50 51 52 53 54 55 56 57 58 59 60 61 62 63 64 65 66 67 68 69 70 71 72 73 4 74 75 76 77 78 43 44 45 0 1 2 3 79 80 81 82 83 84 85 83 79 86 87 88 89 90 91 86 87 88 74 75 76 77 78 31 32 33 34 35 54 55 56 57 58 59 60 61 62 63 64 65 66 67 68 69 70 71 92 93 94 95 36 37 96 97 5 6 7 8 98 99 89 90 91 98 99 51 52 53 96 97 40 41 42 14 15 16 72 73 84 85 17 18 19 20 21 92 93 94 95 24 25 46 47 48 49 50 38 39 29 30 80 81 82 26 27 28 
50043
30
5 1 2 2 4 2 3 1 4 5 3 1 2 3 4 1 3 4 3 2 2 5 5 3 2 2 2 3 3 18 
24 13 47 17 8 22 44 34 11 14 22 8 18 22 46 37 44 10 36 49 25 28 19 24 16 39 20 17 13 24 
64 20 52 62 33 64 45 43 21 59 52 28 65 32 61 41 50 49 67 51 53 45 45 51 17 54 46 67 52 45 
577 373 702 255 161 734 938 204 242 598 906 744 389 183 338 919 686 950 531 397 254 373 703 417 823 538 237 371 490 420 
4 4 4 4 11 17 17 17 17 8 8 8 8 1 28 28 28 9 9 9 9 9 24 24 3 3 24 24 27 27 27 12 12 22 22 22 22 22 1 26 26 8 8 8 8 5 5 10 10 10 13 13 13 0 0 0 0 0 23 23 23 29 29 29 29 29 29 29 29 29 29 29 29 29 29 29 29 29 29 20 20 11 21 21 21 21 21 13 13 13 4 4 4 4 7 18 18 18 15 25 25 15 7 6 6 6 16 16 16 6 6 6 21 21 21 21 21 22 22 22 22 22 29 29 29 29 29 29 29 29 29 29 29 29 29 29 29 29 29 29 14 14 14 14 26 26 2 2 17 17 17 17 19 19 16 16 16 19 19 23 23 23 2 2 10 10 10 28 28 28 20 20 25 25 9 9 9 9 9 14 14 14 14 3 3 0 0 0 0 0 5 5 12 12 18 18 18 27 27 27 