979
100
2
3 3 3 3 3 3 3 3 10 10 10 10 10 10 10 10 10 10 10 10 10 10 10 10 10 10 10 10 10 10 10 10 10 10 10 10 10 10 10 10 10 10 10 10 10 10 10 10 10 10 10 10 10 10 24 24 24 24 24 24 40 40 40 41 41 41 41 41 41 41 41 41 41 41 42 42 42 42 42 42 46 46 46 46 46 46 46 46 46 48 48 48 48 48 48 48 48 48 48 48 49 49 49 53 53 53 53 53 53 53 53 55 55 55 55 55 55 55 55 55 55 55 55 55 55 55 55 55 55 56 56 56 56 56 56 56 56 56 56 56 56 56 56 56 56 56 56 56 56 56 56 56 56 59 59 59 59 59 59 59 59 62 62 62 62 62 62 62 62 62 62 62 62 62 62 62 62 62 62 62 62 62 62 62 62 62 62 62 69 69 69 69 69 69 70 70 70 70 70 70 
153 154 155 156 157 158 159 160 80 81 82 83 84 85 86 87 88 161 162 163 164 165 166 167 168 169 170 171 172 173 119 120 121 122 123 124 125 126 127 128 174 175 176 177 178 179 180 181 182 183 184 185 186 187 188 189 190 191 192 193 100 101 102 89 90 91 92 93 94 95 96 97 98 99 194 195 196 197 198 199 8 9 10 11 12 13 14 15 16 63 64 65 66 67 68 69 70 71 72 73 60 61 62 111 112 113 114 115 116 117 118 103 104 105 106 107 108 109 110 30 31 32 33 34 35 36 37 38 39 130 129 132 131 134 133 136 135 138 137 140 139 142 141 144 143 146 145 148 147 150 149 152 151 0 1 2 3 4 5 6 7 17 18 19 20 21 22 23 24 25 26 27 28 29 40 41 42 43 44 45 46 47 48 49 50 51 52 53 54 55 56 57 58 59 74 75 76 77 78 79 
200 200 200 200 200 200 200 200 153 153 153 153 153 153 153 153 153 714 714 714 714 714 714 714 714 714 714 714 714 714 325 325 325 325 325 325 325 325 325 325 973 973 973 973 973 973 973 973 973 973 973 973 973 973 289 289 289 289 289 289 891 891 891 506 506 506 506 506 506 506 506 506 506 506 927 927 927 927 927 927 153 153 153 153 153 153 153 153 153 506 506 506 506 506 506 506 506 506 506 506 891 891 891 355 355 355 355 355 355 355 355 355 355 355 355 355 355 355 355 325 325 325 325 325 325 325 325 325 325 187 187 187 187 187 187 187 187 187 187 187 187 187 187 187 187 187 187 187 187 187 187 187 187 200 200 200 200 200 200 200 200 714 714 714 714 714 714 714 714 714 714 714 714 714 973 973 973 973 973 973 973 973 973 973 973 973 973 973 289 289 289 289 289 289 927 927 927 927 927 927 
0 1 2 3 4 5 6 7 8 9 10 11 12 13 14 15 16 17 18 19 20 21 22 23 24 25 26 27 28 29 30 31 32 33 34 35 36 37 38 39 40 41 42 43 44 45 46 47 48 49 50 51 52 53 54 55 56 57 58 59 60 61 62 63 64 65 66 67 68 69 70 71 72 73 74 75 76 77 78 79 8 9 10 11 12 13 14 15 16 63 64 65 66 67 68 69 70 71 72 73 60 61 62 80 81 82 83 84 85 86 87 80 81 82 83 84 85 86 87 30 31 32 33 34 35 36 37 38 39 88 88 89 89 90 90 91 91 92 92 93 93 94 94 95 95 96 96 97 97 98 98 99 99 0 1 2 3 4 5 6 7 17 18 19 20 21 22 23 24 25 26 27 28 29 40 41 42 43 44 45 46 47 48 49 50 51 52 53 54 55 56 57 58 59 74 75 76 77 78 79 
49750
11
8 8 3 9 13 6 10 12 6 14 11 
53 3 40 10 10 42 10 56 24 10 41 
55 59 49 46 62 70 55 56 69 62 48 
355 200 891 153 714 927 325 187 289 973 506 
1 1 1 1 1 1 1 1 3 3 3 3 3 3 3 3 3 4 4 4 4 4 4 4 4 4 4 4 4 4 6 6 6 6 6 6 6 6 6 6 9 9 9 9 9 9 9 9 9 9 9 9 9 9 8 8 8 8 8 8 2 2 2 10 10 10 10 10 10 10 10 10 10 10 5 5 5 5 5 5 3 3 3 3 3 3 3 3 3 10 10 10 10 10 10 10 10 10 10 10 2 2 2 0 0 0 0 0 0 0 0 0 0 0 0 0 0 0 0 6 6 6 6 6 6 6 6 6 6 7 7 7 7 7 7 7 7 7 7 7 7 7 7 7 7 7 7 7 7 7 7 7 7 1 1 1 1 1 1 1 1 4 4 4 4 4 4 4 4 4 4 4 4 4 9 9 9 9 9 9 9 9 9 9 9 9 9 9 8 8 8 8 8 8 5 5 5 5 5 5 