491
100
2
4 4 4 4 4 4 4 5 5 5 5 5 5 7 7 7 7 7 7 7 7 7 9 9 9 9 9 9 9 9 9 11 11 11 11 11 11 11 11 11 12 12 12 12 12 12 12 12 12 12 18 18 18 18 21 21 21 21 21 21 21 21 21 21 21 21 27 27 27 27 27 27 27 27 28 28 28 28 28 28 28 28 28 28 34 34 34 34 34 34 34 34 34 35 35 35 35 35 35 35 35 35 48 48 52 52 52 52 52 52 52 52 56 56 56 56 56 56 56 56 56 56 56 56 56 56 56 56 56 56 57 57 57 57 57 57 57 57 57 57 60 60 60 60 60 60 60 60 60 60 60 62 62 62 62 62 62 62 62 62 62 63 63 63 63 63 63 63 63 64 64 64 64 64 64 64 64 64 64 65 65 65 65 66 66 66 66 66 66 66 66 66 66 66 66 66 66 66 69 69 
169 170 171 172 54 55 56 173 174 175 176 177 178 93 94 95 96 97 98 99 100 101 31 32 33 34 35 36 37 38 39 22 23 24 25 26 27 28 29 30 130 131 132 133 134 135 136 137 138 139 179 180 181 182 4 5 6 84 85 86 87 88 89 90 91 92 104 105 106 107 108 109 110 111 151 152 153 154 155 156 157 158 159 160 57 58 59 60 61 62 63 64 65 13 14 15 16 17 18 19 20 21 198 199 66 67 68 69 70 71 72 73 183 184 185 186 187 188 189 140 141 142 143 144 145 146 147 148 149 150 40 41 42 43 44 45 46 47 48 49 119 120 121 122 123 124 125 126 127 128 129 74 75 76 77 78 79 80 81 82 83 190 191 192 193 194 195 196 197 0 1 2 3 7 8 9 10 11 12 50 51 52 53 112 113 114 115 116 117 118 161 162 163 164 165 166 167 168 102 103 
318 318 318 318 871 871 871 429 429 429 429 429 429 662 662 662 662 662 662 662 662 662 891 891 891 891 891 891 891 891 891 891 891 891 891 891 891 891 891 891 772 772 772 772 772 772 772 772 772 772 685 685 685 685 871 871 871 705 705 705 705 705 705 705 705 705 341 341 341 341 341 341 341 341 895 895 895 895 895 895 895 895 895 895 705 705 705 705 705 705 705 705 705 662 662 662 662 662 662 662 662 662 931 931 341 341 341 341 341 341 341 341 649 649 649 649 649 649 649 675 675 675 675 675 675 675 675 675 675 675 772 772 772 772 772 772 772 772 772 772 675 675 675 675 675 675 675 675 675 675 675 895 895 895 895 895 895 895 895 895 895 840 840 840 840 840 840 840 840 318 318 318 318 429 429 429 429 429 429 685 685 685 685 649 649 649 649 649 649 649 840 840 840 840 840 840 840 840 931 931 
0 1 2 3 4 5 6 7 8 9 10 11 12 13 14 15 16 17 18 19 20 21 22 23 24 25 26 27 28 29 30 22 23 24 25 26 27 28 29 30 31 32 33 34 35 36 37 38 39 40 41 42 43 44 4 5 6 45 46 47 48 49 50 51 52 53 54 55 56 57 58 59 60 61 62 63 64 65 66 67 68 69 70 71 45 46 47 48 49 50 51 52 53 13 14 15 16 17 18 19 20 21 72 73 54 55 56 57 58 59 60 61 74 75 76 77 78 79 80 81 82 83 84 85 86 87 88 89 90 91 31 32 33 34 35 36 37 38 39 40 81 82 83 84 85 86 87 88 89 90 91 62 63 64 65 66 67 68 69 70 71 92 93 94 95 96 97 98 99 0 1 2 3 7 8 9 10 11 12 41 42 43 44 74 75 76 77 78 79 80 92 93 94 95 96 97 98 99 72 73 
69469
14
4 4 7 9 3 9 2 8 9 10 6 8 10 11 
4 18 56 7 4 21 48 27 9 12 5 63 28 56 
64 65 66 35 21 34 69 52 11 57 64 66 62 60 
318 685 649 662 871 705 931 341 891 772 429 840 895 675 
0 0 0 0 4 4 4 10 10 10 10 10 10 3 3 3 3 3 3 3 3 3 8 8 8 8 8 8 8 8 8 8 8 8 8 8 8 8 8 8 9 9 9 9 9 9 9 9 9 9 1 1 1 1 4 4 4 5 5 5 5 5 5 5 5 5 7 7 7 7 7 7 7 7 12 12 12 12 12 12 12 12 12 12 5 5 5 5 5 5 5 5 5 3 3 3 3 3 3 3 3 3 6 6 7 7 7 7 7 7 7 7 2 2 2 2 2 2 2 13 13 13 13 13 13 13 13 13 13 13 9 9 9 9 9 9 9 9 9 9 13 13 13 13 13 13 13 13 13 13 13 12 12 12 12 12 12 12 12 12 12 11 11 11 11 11 11 11 11 0 0 0 0 10 10 10 10 10 10 1 1 1 1 2 2 2 2 2 2 2 11 11 11 11 11 11 11 11 6 6 