802
100
2
1 1 1 1 1 1 3 3 3 3 3 6 6 6 6 6 6 6 6 6 6 6 6 6 6 6 6 6 6 6 6 6 6 6 7 7 7 7 7 8 10 10 10 15 15 16 16 16 16 16 16 16 16 16 16 16 19 19 19 19 19 19 23 23 23 27 27 27 28 28 28 28 28 29 29 29 31 31 31 34 34 34 34 34 36 36 36 36 36 36 36 36 36 36 36 38 38 38 39 39 39 39 39 39 41 41 41 41 41 41 41 41 41 43 47 47 47 47 47 47 47 47 47 47 47 47 47 47 47 47 48 48 48 49 55 55 55 55 55 55 55 55 55 55 55 55 55 55 55 55 55 55 57 57 57 57 57 57 59 59 59 59 59 59 59 59 59 59 59 59 59 59 59 59 60 61 61 61 61 61 61 65 65 65 65 68 68 68 68 68 68 70 70 70 70 70 70 70 70 70 
11 12 13 14 15 16 191 192 193 194 195 0 1 2 3 4 5 196 197 198 199 140 141 142 143 144 145 146 98 99 100 101 102 103 147 148 149 150 151 113 73 74 75 189 190 76 77 78 65 66 67 68 69 70 71 72 175 176 177 178 179 180 130 131 132 48 49 50 51 52 53 54 55 40 41 42 45 46 47 90 91 92 93 94 107 108 109 110 111 112 79 80 81 82 83 104 105 106 28 29 30 31 32 33 95 96 97 84 85 86 87 88 89 39 158 159 160 161 162 163 164 165 166 167 168 169 170 171 172 173 62 63 64 174 152 153 154 155 156 157 21 22 23 24 25 26 27 34 35 36 37 38 134 135 136 137 138 139 114 115 116 117 118 119 120 121 122 123 124 125 126 127 128 129 133 56 57 58 59 60 61 185 186 187 188 181 182 183 184 43 44 6 7 8 9 10 17 18 19 20 
173 173 173 173 173 173 767 767 767 767 767 173 173 173 173 173 173 453 453 453 453 614 614 614 614 614 614 614 468 468 468 468 468 468 680 680 680 680 680 797 821 821 821 150 150 228 228 228 319 319 319 443 443 443 443 443 653 653 653 653 653 653 530 530 530 319 319 319 443 443 443 443 443 821 821 821 228 228 228 799 799 799 799 799 605 605 605 605 605 605 799 799 799 799 799 250 250 250 468 468 468 468 468 468 250 250 250 605 605 605 605 605 605 797 643 643 643 643 643 643 643 643 643 643 643 643 643 643 643 643 530 530 530 270 799 799 799 799 799 799 614 614 614 614 614 614 614 680 680 680 680 680 799 799 799 799 799 799 643 643 643 643 643 643 643 643 643 643 643 643 643 643 643 643 270 653 653 653 653 653 653 734 734 734 734 734 734 734 734 150 150 767 767 767 767 767 453 453 453 453 
0 1 2 3 4 5 6 7 8 9 10 0 1 2 3 4 5 11 12 13 14 15 16 17 18 19 20 21 22 23 24 25 26 27 28 29 30 31 32 33 34 35 36 37 38 39 40 41 42 43 44 45 46 47 48 49 50 51 52 53 54 55 56 57 58 42 43 44 45 46 47 48 49 34 35 36 39 40 41 59 60 61 62 63 64 65 66 67 68 69 59 60 61 62 63 70 71 72 22 23 24 25 26 27 70 71 72 64 65 66 67 68 69 33 73 74 75 76 77 78 79 80 81 82 83 84 85 86 87 88 56 57 58 89 90 91 92 93 94 95 15 16 17 18 19 20 21 28 29 30 31 32 90 91 92 93 94 95 73 74 75 76 77 78 79 80 81 82 83 84 85 86 87 88 89 50 51 52 53 54 55 96 97 98 99 96 97 98 99 37 38 6 7 8 9 10 11 12 13 14 
56778
21
3 6 1 5 4 3 3 3 3 4 6 6 7 5 6 5 5 6 2 1 16 
23 1 49 3 6 38 16 10 16 65 55 36 6 16 19 7 34 6 15 8 47 
48 6 60 70 70 41 31 29 27 68 57 41 55 28 61 55 36 39 68 43 59 
530 173 270 767 453 250 228 821 319 734 799 605 614 443 653 680 799 468 150 797 643 
1 1 1 1 1 1 3 3 3 3 3 1 1 1 1 1 1 4 4 4 4 12 12 12 12 12 12 12 17 17 17 17 17 17 15 15 15 15 15 19 7 7 7 18 18 6 6 6 8 8 8 13 13 13 13 13 14 14 14 14 14 14 0 0 0 8 8 8 13 13 13 13 13 7 7 7 6 6 6 16 16 16 16 16 11 11 11 11 11 11 16 16 16 16 16 5 5 5 17 17 17 17 17 17 5 5 5 11 11 11 11 11 11 19 20 20 20 20 20 20 20 20 20 20 20 20 20 20 20 20 0 0 0 2 10 10 10 10 10 10 12 12 12 12 12 12 12 15 15 15 15 15 10 10 10 10 10 10 20 20 20 20 20 20 20 20 20 20 20 20 20 20 20 20 2 14 14 14 14 14 14 9 9 9 9 9 9 9 9 18 18 3 3 3 3 3 4 4 4 4 