749
100
2
2 2 2 2 2 2 2 2 2 4 4 4 4 4 4 4 4 4 5 5 7 7 7 7 7 7 7 7 7 7 7 7 7 9 9 9 9 9 9 9 9 9 9 9 9 9 11 11 11 12 12 12 12 12 12 12 12 12 12 15 15 15 18 18 18 18 18 18 18 18 18 18 18 18 18 18 18 18 18 18 20 20 21 21 21 21 21 21 21 21 21 21 24 24 28 28 28 28 30 30 30 30 30 30 30 30 32 32 33 33 33 33 33 33 33 33 33 36 36 36 36 36 36 36 36 36 39 39 44 44 48 48 48 48 48 48 48 48 48 51 51 51 51 51 52 52 52 52 52 52 52 52 52 52 53 53 53 53 53 57 57 57 57 57 57 57 57 57 58 58 58 58 58 58 58 58 58 58 60 60 60 60 60 61 61 61 61 61 61 61 61 61 61 61 61 61 61 61 62 62 
108 109 110 111 112 113 114 115 116 71 72 73 74 75 76 77 78 79 80 81 98 99 100 101 102 103 104 105 178 179 180 181 182 185 186 187 188 189 190 191 192 193 194 195 196 197 59 60 61 144 145 146 147 148 149 150 151 152 153 46 47 48 159 160 161 162 163 164 165 166 167 9 10 11 12 13 14 15 16 17 18 19 168 169 170 171 172 173 174 175 176 177 198 199 183 184 126 127 20 21 22 23 24 25 26 27 128 129 0 1 2 3 4 5 6 7 8 130 131 132 133 134 135 136 137 138 96 97 106 107 117 118 119 120 121 122 123 124 125 154 155 156 157 158 49 50 51 52 53 54 55 56 57 58 139 140 141 142 143 62 63 64 65 66 67 68 69 70 82 83 84 85 86 87 88 89 90 91 28 29 30 31 32 94 95 33 34 35 36 37 38 39 40 41 42 43 44 45 92 93 
382 382 382 382 382 382 382 382 382 277 277 277 277 277 277 277 277 277 962 962 471 471 471 471 471 471 471 471 171 171 171 171 171 776 776 776 776 776 776 776 776 776 776 776 776 776 607 607 607 404 404 404 404 404 404 404 404 404 404 607 607 607 919 919 919 919 919 919 919 919 919 277 277 277 277 277 277 277 277 277 962 962 518 518 518 518 518 518 518 518 518 518 583 583 523 523 274 274 471 471 471 471 471 471 471 471 204 204 382 382 382 382 382 382 382 382 382 485 485 485 485 485 485 485 485 485 274 274 204 204 485 485 485 485 485 485 485 485 485 316 316 316 316 316 404 404 404 404 404 404 404 404 404 404 316 316 316 316 316 919 919 919 919 919 919 919 919 919 518 518 518 518 518 518 518 518 518 518 171 171 171 171 171 523 523 776 776 776 776 776 776 776 776 776 776 776 776 776 583 583 
0 1 2 3 4 5 6 7 8 9 10 11 12 13 14 15 16 17 18 19 20 21 22 23 24 25 26 27 28 29 30 31 32 33 34 35 36 37 38 39 40 41 42 43 44 45 46 47 48 49 50 51 52 53 54 55 56 57 58 46 47 48 59 60 61 62 63 64 65 66 67 9 10 11 12 13 14 15 16 17 18 19 68 69 70 71 72 73 74 75 76 77 78 79 80 81 82 83 20 21 22 23 24 25 26 27 84 85 0 1 2 3 4 5 6 7 8 86 87 88 89 90 91 92 93 94 82 83 84 85 86 87 88 89 90 91 92 93 94 95 96 97 98 99 49 50 51 52 53 54 55 56 57 58 95 96 97 98 99 59 60 61 62 63 64 65 66 67 68 69 70 71 72 73 74 75 76 77 28 29 30 31 32 80 81 33 34 35 36 37 38 39 40 41 42 43 44 45 78 79 
50991
16
10 10 2 2 2 5 2 8 5 9 9 2 3 9 9 13 
21 12 24 28 5 51 32 7 7 18 4 28 11 36 2 9 
58 52 62 61 20 53 44 30 60 57 18 39 15 48 33 61 
518 404 583 523 962 316 204 471 171 919 277 274 607 485 382 776 
14 14 14 14 14 14 14 14 14 10 10 10 10 10 10 10 10 10 4 4 7 7 7 7 7 7 7 7 8 8 8 8 8 15 15 15 15 15 15 15 15 15 15 15 15 15 12 12 12 1 1 1 1 1 1 1 1 1 1 12 12 12 9 9 9 9 9 9 9 9 9 10 10 10 10 10 10 10 10 10 4 4 0 0 0 0 0 0 0 0 0 0 2 2 3 3 11 11 7 7 7 7 7 7 7 7 6 6 14 14 14 14 14 14 14 14 14 13 13 13 13 13 13 13 13 13 11 11 6 6 13 13 13 13 13 13 13 13 13 5 5 5 5 5 1 1 1 1 1 1 1 1 1 1 5 5 5 5 5 9 9 9 9 9 9 9 9 9 0 0 0 0 0 0 0 0 0 0 8 8 8 8 8 3 3 15 15 15 15 15 15 15 15 15 15 15 15 15 2 2 