94
100
2
3 3 3 3 3 3 3 3 3 10 10 10 12 12 12 12 12 12 14 14 14 14 14 14 14 15 15 17 17 17 17 17 17 19 19 19 19 19 19 20 20 20 20 20 20 20 20 22 22 22 22 22 22 22 22 24 24 24 24 24 24 25 25 28 28 28 29 29 29 29 29 29 29 29 30 30 30 30 30 36 36 36 36 36 36 36 36 36 36 36 36 36 36 36 36 36 36 39 39 39 39 39 40 40 40 42 42 42 42 42 42 42 42 43 43 43 43 43 43 43 46 46 46 46 46 46 46 51 51 51 51 51 51 51 52 52 52 54 54 54 54 54 54 58 58 58 58 58 58 58 58 59 59 60 60 60 60 61 61 61 62 62 62 62 62 62 62 62 62 62 66 66 66 66 66 66 68 68 68 68 68 68 68 68 68 68 68 68 68 68 68 68 68 68 68 68 68 68 68 68 
127 128 129 130 131 153 154 155 156 39 151 152 170 171 172 173 174 175 40 41 42 43 44 45 46 61 62 33 34 35 36 37 38 27 28 29 30 31 32 9 18 19 20 21 22 23 24 143 144 145 146 147 148 149 150 132 133 123 124 125 126 25 26 157 158 159 105 106 107 108 109 110 111 112 97 98 99 100 101 182 183 184 185 186 187 188 189 190 191 192 193 194 195 196 197 198 199 74 75 76 77 78 134 135 136 66 67 68 69 70 71 72 73 160 161 162 163 164 165 166 167 168 169 57 58 59 60 0 1 2 3 4 55 56 102 103 104 176 177 178 179 180 181 47 48 49 50 51 52 53 54 10 11 5 6 7 8 63 64 65 113 114 115 116 117 118 119 120 121 122 12 13 14 15 16 17 137 138 139 140 141 142 79 80 81 82 83 84 85 86 87 88 89 90 91 92 93 94 95 96 
857 857 857 857 857 724 724 724 724 347 223 223 602 602 602 602 602 602 371 371 371 371 371 371 371 425 425 876 876 876 876 876 876 876 876 876 876 876 876 347 371 371 371 371 371 371 371 683 683 683 683 683 683 683 683 851 851 607 607 607 607 425 425 916 916 916 511 511 511 511 511 511 511 511 242 242 242 242 242 713 713 713 713 713 713 713 713 713 713 713 713 713 713 713 713 713 713 242 242 242 242 242 621 621 621 511 511 511 511 511 511 511 511 239 239 239 239 239 239 239 524 524 524 607 607 607 607 857 857 857 857 857 851 851 621 621 621 737 737 737 737 737 737 683 683 683 683 683 683 683 683 223 223 724 724 724 724 916 916 916 239 239 239 239 239 239 239 524 524 524 602 602 602 602 602 602 737 737 737 737 737 737 713 713 713 713 713 713 713 713 713 713 713 713 713 713 713 713 713 713 
0 1 2 3 4 5 6 7 8 9 10 11 12 13 14 15 16 17 18 19 20 21 22 23 24 25 26 27 28 29 30 31 32 27 28 29 30 31 32 9 18 19 20 21 22 23 24 33 34 35 36 37 38 39 40 41 42 43 44 45 46 25 26 47 48 49 50 51 52 53 54 55 56 57 58 59 60 61 62 63 64 65 66 67 68 69 70 71 72 73 74 75 76 77 78 79 80 58 59 60 61 62 81 82 83 50 51 52 53 54 55 56 57 84 85 86 87 88 89 90 91 92 93 43 44 45 46 0 1 2 3 4 41 42 81 82 83 94 95 96 97 98 99 33 34 35 36 37 38 39 40 10 11 5 6 7 8 47 48 49 84 85 86 87 88 89 90 91 92 93 12 13 14 15 16 17 94 95 96 97 98 99 63 64 65 66 67 68 69 70 71 72 73 74 75 76 77 78 79 80 
60293
19
1 8 2 7 6 2 5 6 3 7 8 5 4 3 3 2 6 4 18 
10 29 10 43 12 15 30 54 28 14 22 3 3 40 46 24 17 24 36 
20 42 59 62 66 25 39 68 61 20 58 51 60 52 62 51 19 46 68 
347 511 223 239 602 425 242 737 916 371 683 857 724 621 524 851 876 607 713 
11 11 11 11 11 12 12 12 12 0 2 2 4 4 4 4 4 4 9 9 9 9 9 9 9 5 5 16 16 16 16 16 16 16 16 16 16 16 16 0 9 9 9 9 9 9 9 10 10 10 10 10 10 10 10 15 15 17 17 17 17 5 5 8 8 8 1 1 1 1 1 1 1 1 6 6 6 6 6 18 18 18 18 18 18 18 18 18 18 18 18 18 18 18 18 18 18 6 6 6 6 6 13 13 13 1 1 1 1 1 1 1 1 3 3 3 3 3 3 3 14 14 14 17 17 17 17 11 11 11 11 11 15 15 13 13 13 7 7 7 7 7 7 10 10 10 10 10 10 10 10 2 2 12 12 12 12 8 8 8 3 3 3 3 3 3 3 14 14 14 4 4 4 4 4 4 7 7 7 7 7 7 18 18 18 18 18 18 18 18 18 18 18 18 18 18 18 18 18 18 