775
100
2
3 3 3 3 3 3 3 3 3 3 3 3 3 3 3 3 3 8 8 8 8 8 8 8 8 8 8 8 14 14 14 14 14 14 14 14 15 15 15 15 15 15 15 15 17 17 17 17 17 19 19 19 19 19 19 19 19 22 22 22 22 22 22 22 22 22 22 22 22 22 22 24 24 24 24 24 24 24 24 24 25 25 25 26 26 26 26 26 26 26 26 27 27 30 30 30 30 30 30 30 31 31 31 31 31 31 31 31 41 41 41 41 41 41 41 41 41 41 41 41 41 41 41 42 42 42 42 42 42 44 44 44 44 44 44 51 51 51 51 51 53 53 54 54 54 54 54 54 54 54 54 54 54 54 54 55 55 55 55 55 55 55 58 58 58 58 58 58 61 61 61 61 61 61 61 62 62 62 62 62 62 62 62 62 62 65 65 65 67 67 67 67 67 67 67 67 69 69 69 69 
113 114 115 57 58 59 60 61 62 63 64 65 66 67 68 69 70 135 136 137 138 139 74 75 76 77 78 79 36 37 38 39 40 41 42 43 28 29 30 31 32 33 34 35 180 181 182 183 184 188 189 190 191 192 193 194 195 3 4 5 6 7 8 9 10 11 12 13 14 15 16 185 186 187 22 23 24 25 26 27 116 117 118 100 101 102 103 104 105 106 107 140 141 142 143 144 145 146 147 148 83 84 85 86 87 88 89 90 175 176 177 178 179 0 1 2 80 81 82 196 197 198 199 149 150 151 152 153 154 162 163 164 165 166 167 17 18 19 20 21 91 92 93 94 95 96 97 98 99 123 124 125 126 127 128 168 169 170 171 172 173 174 129 130 131 132 133 134 155 156 157 158 159 160 161 108 109 110 111 112 44 45 46 47 48 71 72 73 49 50 51 52 53 54 55 56 119 120 121 122 
852 852 852 203 203 203 203 203 203 203 203 203 203 203 203 203 203 324 324 324 324 324 424 424 424 424 424 424 539 539 539 539 539 539 539 539 539 539 539 539 539 539 539 539 193 193 193 193 193 564 564 564 564 564 564 564 564 203 203 203 203 203 203 203 203 203 203 203 203 203 203 506 506 506 424 424 424 424 424 424 700 700 700 793 793 793 793 793 793 793 793 755 755 765 765 765 765 765 765 765 793 793 793 793 793 793 793 793 358 358 358 358 358 852 852 852 700 700 700 231 231 231 231 639 639 639 639 639 639 332 332 332 332 332 332 324 324 324 324 324 755 755 765 765 765 765 765 765 765 639 639 639 639 639 639 273 273 273 273 273 273 273 332 332 332 332 332 332 273 273 273 273 273 273 273 358 358 358 358 358 193 193 193 193 193 506 506 506 564 564 564 564 564 564 564 564 231 231 231 231 
0 1 2 3 4 5 6 7 8 9 10 11 12 13 14 15 16 17 18 19 20 21 22 23 24 25 26 27 28 29 30 31 32 33 34 35 28 29 30 31 32 33 34 35 36 37 38 39 40 41 42 43 44 45 46 47 48 3 4 5 6 7 8 9 10 11 12 13 14 15 16 49 50 51 22 23 24 25 26 27 52 53 54 55 56 57 58 59 60 61 62 63 64 65 66 67 68 69 70 71 55 56 57 58 59 60 61 62 72 73 74 75 76 0 1 2 52 53 54 77 78 79 80 81 82 83 84 85 86 87 88 89 90 91 92 17 18 19 20 21 63 64 65 66 67 68 69 70 71 81 82 83 84 85 86 93 94 95 96 97 98 99 87 88 89 90 91 92 93 94 95 96 97 98 99 72 73 74 75 76 36 37 38 39 40 49 50 51 41 42 43 44 45 46 47 48 77 78 79 80 
46629
17
5 2 3 3 3 8 7 8 5 7 8 6 4 5 6 6 14 
41 27 3 24 25 19 55 14 8 30 26 44 41 17 8 42 3 
62 53 41 65 41 67 61 15 51 54 31 58 69 62 24 54 22 
358 755 852 506 700 564 273 539 324 765 793 332 231 193 424 639 203 
2 2 2 16 16 16 16 16 16 16 16 16 16 16 16 16 16 8 8 8 8 8 14 14 14 14 14 14 7 7 7 7 7 7 7 7 7 7 7 7 7 7 7 7 13 13 13 13 13 5 5 5 5 5 5 5 5 16 16 16 16 16 16 16 16 16 16 16 16 16 16 3 3 3 14 14 14 14 14 14 4 4 4 10 10 10 10 10 10 10 10 1 1 9 9 9 9 9 9 9 10 10 10 10 10 10 10 10 0 0 0 0 0 2 2 2 4 4 4 12 12 12 12 15 15 15 15 15 15 11 11 11 11 11 11 8 8 8 8 8 1 1 9 9 9 9 9 9 9 15 15 15 15 15 15 6 6 6 6 6 6 6 11 11 11 11 11 11 6 6 6 6 6 6 6 0 0 0 0 0 13 13 13 13 13 3 3 3 5 5 5 5 5 5 5 5 12 12 12 12 