759
100
2
1 1 1 6 6 6 8 8 8 8 8 8 8 9 9 9 9 9 12 12 12 12 13 13 15 16 16 16 16 16 16 16 17 17 17 17 17 17 17 18 18 18 18 19 19 19 19 20 23 23 24 24 24 27 27 27 27 27 29 29 29 30 30 32 32 32 32 32 32 33 33 33 35 35 35 36 36 37 37 37 37 37 38 38 38 38 38 39 41 41 41 41 41 41 44 44 44 44 44 44 44 44 44 44 44 44 44 44 44 44 44 44 44 44 44 44 44 46 46 46 48 48 48 48 48 48 48 48 48 48 49 49 50 50 50 50 53 53 53 53 53 57 57 59 59 59 60 61 61 61 61 61 61 61 61 61 61 61 61 61 61 61 61 61 61 61 61 61 62 62 65 65 65 65 65 65 65 65 65 65 65 66 66 66 66 66 66 69 69 69 69 69 69 69 70 70 70 70 70 70 
82 83 84 143 144 145 181 182 123 124 125 126 127 53 54 55 56 57 43 44 45 46 75 76 146 88 89 90 91 197 198 199 141 142 77 78 79 80 81 40 39 42 41 18 19 20 21 87 63 64 72 73 74 13 14 15 16 17 194 195 196 168 169 48 49 183 184 185 186 117 118 119 50 51 52 22 23 34 35 36 37 38 0 1 2 175 176 47 25 26 27 28 130 131 187 188 189 190 191 150 151 152 153 154 155 156 157 158 159 160 161 162 163 164 165 166 167 69 70 71 147 148 149 8 9 10 11 12 192 193 92 93 177 178 179 180 170 171 172 173 174 32 33 3 4 5 24 120 121 122 99 100 101 102 103 104 105 106 107 108 109 110 111 112 113 114 115 116 61 62 136 137 138 139 140 85 86 132 133 134 135 6 7 65 66 67 68 94 95 96 97 98 128 129 58 59 60 29 30 31 
839 839 839 590 590 590 856 856 343 343 343 343 343 824 824 824 824 824 574 574 574 574 850 850 451 273 273 273 273 553 553 553 806 806 438 438 438 438 438 456 456 456 456 574 574 574 574 703 688 688 339 339 339 824 824 824 824 824 582 582 582 403 403 688 688 990 990 990 990 225 225 225 339 339 339 850 850 438 438 438 438 438 839 839 839 923 923 703 273 273 273 273 865 865 691 691 691 691 691 542 542 542 542 542 542 542 542 542 542 542 542 542 542 542 542 542 542 225 225 225 793 793 793 343 343 343 343 343 469 469 865 865 413 413 413 413 961 961 961 961 961 806 806 590 590 590 451 793 793 793 542 542 542 542 542 542 542 542 542 542 542 542 542 542 542 542 542 542 403 403 961 961 961 961 961 923 923 413 413 413 413 856 856 990 990 990 990 691 691 691 691 691 469 469 582 582 582 553 553 553 
0 1 2 3 4 5 6 7 8 9 10 11 12 13 14 15 16 17 18 19 20 21 22 23 24 25 26 27 28 29 30 31 32 33 34 35 36 37 38 39 39 40 40 18 19 20 21 41 42 43 44 45 46 13 14 15 16 17 47 48 49 50 51 42 43 52 53 54 55 56 57 58 44 45 46 22 23 34 35 36 37 38 0 1 2 59 60 41 25 26 27 28 61 62 63 64 65 66 67 68 69 70 71 72 73 74 75 76 77 78 79 80 81 82 83 84 85 56 57 58 86 87 88 8 9 10 11 12 89 90 61 62 91 92 93 94 95 96 97 98 99 32 33 3 4 5 24 86 87 88 68 69 70 71 72 73 74 75 76 77 78 79 80 81 82 83 84 85 50 51 95 96 97 98 99 59 60 91 92 93 94 6 7 52 53 54 55 63 64 65 66 67 89 90 47 48 49 29 30 31 
60590
28
2 3 3 2 2 2 2 5 3 5 5 5 2 4 1 3 4 3 2 1 4 3 2 5 2 3 4 18 
30 29 1 23 17 13 8 44 48 53 17 8 38 16 15 6 50 16 48 20 12 33 41 9 18 24 32 44 
62 70 38 32 57 36 66 69 61 65 37 48 65 41 60 59 65 70 69 39 19 46 49 27 18 35 66 61 
403 582 839 688 806 850 856 691 793 961 438 343 923 273 451 590 413 553 469 703 574 225 865 824 456 339 990 542 
2 2 2 15 15 15 6 6 11 11 11 11 11 23 23 23 23 23 20 20 20 20 5 5 14 13 13 13 13 17 17 17 4 4 10 10 10 10 10 24 24 24 24 20 20 20 20 19 3 3 25 25 25 23 23 23 23 23 1 1 1 0 0 3 3 26 26 26 26 21 21 21 25 25 25 5 5 10 10 10 10 10 2 2 2 12 12 19 13 13 13 13 22 22 7 7 7 7 7 27 27 27 27 27 27 27 27 27 27 27 27 27 27 27 27 27 27 21 21 21 8 8 8 11 11 11 11 11 18 18 22 22 16 16 16 16 9 9 9 9 9 4 4 15 15 15 14 8 8 8 27 27 27 27 27 27 27 27 27 27 27 27 27 27 27 27 27 27 0 0 9 9 9 9 9 12 12 16 16 16 16 6 6 26 26 26 26 7 7 7 7 7 18 18 1 1 1 17 17 17 