67
100
2
6 6 6 6 6 6 6 6 6 6 6 9 9 9 9 9 9 9 9 9 9 9 11 11 11 12 12 12 12 15 15 15 15 16 16 16 16 16 17 17 17 17 17 22 22 22 22 22 22 22 25 25 25 25 25 25 25 25 25 25 25 25 25 25 25 25 25 25 25 26 28 28 28 28 28 28 28 28 28 28 28 28 33 33 33 33 33 33 33 33 33 33 33 33 33 33 33 33 33 33 33 33 33 33 33 33 33 33 33 33 33 33 33 33 33 33 33 33 33 33 45 45 45 45 45 45 45 45 45 45 45 45 45 45 45 45 45 45 45 45 45 45 48 48 48 48 48 48 48 48 48 48 49 49 50 50 50 52 52 52 52 52 52 52 52 54 54 54 54 54 54 54 54 54 54 54 57 57 57 57 57 57 57 63 63 63 63 63 65 65 68 68 68 68 68 68 68 68 68 68 
120 121 122 123 124 125 126 127 128 129 130 142 143 144 145 146 147 148 149 150 151 69 157 158 159 50 51 52 53 46 47 48 49 183 184 185 186 187 77 78 79 80 81 154 155 156 29 30 31 32 25 26 27 28 160 161 162 163 164 190 191 192 193 194 195 196 197 198 199 21 176 177 178 179 180 181 182 38 39 40 41 42 83 82 85 84 87 86 89 88 91 90 93 92 95 94 97 96 99 98 101 100 103 102 105 104 107 106 109 108 111 110 113 112 115 114 117 116 119 118 0 1 2 3 4 5 6 7 8 9 10 165 166 167 168 169 170 171 172 173 174 175 11 12 13 14 15 16 17 18 19 20 188 189 43 44 45 22 23 24 54 55 56 57 58 131 132 133 134 135 136 137 138 139 140 141 70 71 72 73 74 75 76 33 34 35 36 37 152 153 59 60 61 62 63 64 65 66 67 68 
640 640 640 640 640 640 640 640 640 640 640 959 959 959 959 959 959 959 959 959 959 918 269 269 269 351 351 351 351 582 582 582 582 238 238 238 238 238 727 727 727 727 727 264 264 264 582 582 582 582 351 351 351 351 243 243 243 243 243 702 702 702 702 702 702 702 702 702 702 918 958 958 958 958 958 958 958 727 727 727 727 727 672 672 672 672 672 672 672 672 672 672 672 672 672 672 672 672 672 672 672 672 672 672 672 672 672 672 672 672 672 672 672 672 672 672 672 672 672 672 640 640 640 640 640 640 640 640 640 640 640 487 487 487 487 487 487 487 487 487 487 487 959 959 959 959 959 959 959 959 959 959 686 686 264 264 264 269 269 269 243 243 243 243 243 487 487 487 487 487 487 487 487 487 487 487 958 958 958 958 958 958 958 238 238 238 238 238 686 686 702 702 702 702 702 702 702 702 702 702 
0 1 2 3 4 5 6 7 8 9 10 11 12 13 14 15 16 17 18 19 20 21 22 23 24 25 26 27 28 29 30 31 32 33 34 35 36 37 38 39 40 41 42 43 44 45 29 30 31 32 25 26 27 28 46 47 48 49 50 51 52 53 54 55 56 57 58 59 60 21 61 62 63 64 65 66 67 38 39 40 41 42 68 68 69 69 70 70 71 71 72 72 73 73 74 74 75 75 76 76 77 77 78 78 79 79 80 80 81 81 82 82 83 83 84 84 85 85 86 86 0 1 2 3 4 5 6 7 8 9 10 87 88 89 90 91 92 93 94 95 96 97 11 12 13 14 15 16 17 18 19 20 98 99 43 44 45 22 23 24 46 47 48 49 50 87 88 89 90 91 92 93 94 95 96 97 61 62 63 64 65 66 67 33 34 35 36 37 98 99 51 52 53 54 55 56 57 58 59 60 
62142
15
3 3 4 5 5 7 11 2 5 10 11 4 10 1 19 
11 22 12 16 25 28 6 49 17 9 45 15 25 9 33 
52 50 25 63 52 57 45 65 28 48 54 22 68 26 33 
269 264 351 238 243 958 640 686 727 959 487 582 702 918 672 
6 6 6 6 6 6 6 6 6 6 6 9 9 9 9 9 9 9 9 9 9 13 0 0 0 2 2 2 2 11 11 11 11 3 3 3 3 3 8 8 8 8 8 1 1 1 11 11 11 11 2 2 2 2 4 4 4 4 4 12 12 12 12 12 12 12 12 12 12 13 5 5 5 5 5 5 5 8 8 8 8 8 14 14 14 14 14 14 14 14 14 14 14 14 14 14 14 14 14 14 14 14 14 14 14 14 14 14 14 14 14 14 14 14 14 14 14 14 14 14 6 6 6 6 6 6 6 6 6 6 6 10 10 10 10 10 10 10 10 10 10 10 9 9 9 9 9 9 9 9 9 9 7 7 1 1 1 0 0 0 4 4 4 4 4 10 10 10 10 10 10 10 10 10 10 10 5 5 5 5 5 5 5 3 3 3 3 3 7 7 12 12 12 12 12 12 12 12 12 12 