130
100
2
3 3 3 3 3 3 3 3 3 5 5 5 5 5 5 5 5 5 14 14 14 14 16 16 16 16 16 16 16 16 16 20 20 20 20 20 20 20 20 20 31 31 31 31 31 31 31 31 31 31 31 31 31 34 34 34 34 34 34 34 34 34 34 34 34 34 35 35 35 35 35 35 35 35 35 37 37 37 37 37 37 37 37 41 41 41 41 41 41 41 41 41 51 51 51 51 51 51 51 51 51 51 51 51 51 54 54 54 54 54 54 54 54 58 58 58 58 58 58 58 58 58 58 58 58 58 58 58 58 59 59 59 59 59 59 59 59 59 61 61 61 61 61 61 61 61 61 61 61 61 61 62 62 62 62 62 62 62 62 62 62 62 62 62 62 62 62 62 62 62 62 62 62 62 63 63 63 63 63 63 65 65 65 65 65 65 65 65 65 65 65 65 65 65 65 65 65 65 65 65 
22 23 24 25 26 27 28 29 30 165 166 167 168 169 170 171 172 173 113 114 115 116 0 1 2 3 4 5 6 7 8 129 130 131 132 133 134 135 136 137 53 54 55 56 57 58 59 60 61 62 63 64 65 40 41 42 43 44 45 46 47 48 49 50 51 52 83 84 85 86 87 88 89 90 91 151 152 153 154 155 156 157 158 66 67 68 69 70 71 72 73 74 138 139 140 141 142 143 144 145 146 147 148 149 150 180 181 182 183 184 185 186 187 18 19 20 21 188 189 190 191 192 193 194 195 196 197 198 199 31 32 33 34 35 36 37 38 39 92 93 94 95 96 97 98 99 100 101 102 103 104 75 76 77 78 79 80 81 82 174 175 176 177 178 179 9 10 11 12 13 14 15 16 17 159 160 161 162 163 164 105 106 107 108 109 110 111 112 117 118 119 120 121 122 123 124 125 126 127 128 
183 183 183 183 183 183 183 183 183 908 908 908 908 908 908 908 908 908 877 877 877 877 183 183 183 183 183 183 183 183 183 196 196 196 196 196 196 196 196 196 809 809 809 809 809 809 809 809 809 809 809 809 809 809 809 809 809 809 809 809 809 809 809 809 809 809 937 937 937 937 937 937 937 937 937 716 716 716 716 716 716 716 716 937 937 937 937 937 937 937 937 937 246 246 246 246 246 246 246 246 246 246 246 246 246 797 797 797 797 797 797 797 797 877 877 877 877 288 288 288 288 288 288 288 288 288 288 288 288 196 196 196 196 196 196 196 196 196 246 246 246 246 246 246 246 246 246 246 246 246 246 716 716 716 716 716 716 716 716 424 424 424 424 424 424 908 908 908 908 908 908 908 908 908 424 424 424 424 424 424 797 797 797 797 797 797 797 797 288 288 288 288 288 288 288 288 288 288 288 288 
0 1 2 3 4 5 6 7 8 9 10 11 12 13 14 15 16 17 18 19 20 21 0 1 2 3 4 5 6 7 8 22 23 24 25 26 27 28 29 30 31 32 33 34 35 36 37 38 39 40 41 42 43 31 32 33 34 35 36 37 38 39 40 41 42 43 44 45 46 47 48 49 50 51 52 53 54 55 56 57 58 59 60 44 45 46 47 48 49 50 51 52 61 62 63 64 65 66 67 68 69 70 71 72 73 74 75 76 77 78 79 80 81 18 19 20 21 82 83 84 85 86 87 88 89 90 91 92 93 22 23 24 25 26 27 28 29 30 61 62 63 64 65 66 67 68 69 70 71 72 73 53 54 55 56 57 58 59 60 94 95 96 97 98 99 9 10 11 12 13 14 15 16 17 94 95 96 97 98 99 74 75 76 77 78 79 80 81 82 83 84 85 86 87 88 89 90 91 92 93 
55343
11
13 8 8 4 13 9 6 12 9 9 9 
31 37 54 14 51 20 62 58 3 5 35 
34 62 65 58 61 59 63 65 16 62 41 
809 716 797 877 246 196 424 288 183 908 937 
8 8 8 8 8 8 8 8 8 9 9 9 9 9 9 9 9 9 3 3 3 3 8 8 8 8 8 8 8 8 8 5 5 5 5 5 5 5 5 5 0 0 0 0 0 0 0 0 0 0 0 0 0 0 0 0 0 0 0 0 0 0 0 0 0 0 10 10 10 10 10 10 10 10 10 1 1 1 1 1 1 1 1 10 10 10 10 10 10 10 10 10 4 4 4 4 4 4 4 4 4 4 4 4 4 2 2 2 2 2 2 2 2 3 3 3 3 7 7 7 7 7 7 7 7 7 7 7 7 5 5 5 5 5 5 5 5 5 4 4 4 4 4 4 4 4 4 4 4 4 4 1 1 1 1 1 1 1 1 6 6 6 6 6 6 9 9 9 9 9 9 9 9 9 6 6 6 6 6 6 2 2 2 2 2 2 2 2 7 7 7 7 7 7 7 7 7 7 7 7 