575
100
2
2 2 2 4 4 4 4 4 4 4 4 4 4 4 4 4 4 4 4 4 4 11 11 11 11 13 13 14 14 20 20 20 20 20 21 21 25 25 25 25 25 26 26 26 26 26 26 26 28 28 28 28 28 28 28 28 28 28 28 35 35 35 35 35 35 35 35 35 35 35 35 35 35 35 35 35 35 38 38 38 38 38 38 38 38 38 38 38 38 38 38 38 38 38 38 38 39 39 43 43 43 43 43 43 43 43 43 43 43 49 49 49 49 49 49 49 49 50 50 50 50 50 50 50 50 51 51 51 51 51 52 52 52 52 52 52 52 52 52 52 52 53 53 53 53 53 53 53 55 55 55 55 55 62 62 62 62 62 62 62 62 62 62 62 65 65 65 65 65 65 65 65 66 66 66 66 66 66 66 66 67 67 67 67 67 68 68 68 68 68 69 69 69 69 69 70 70 70 70 70 
153 154 155 59 60 61 62 63 64 65 66 67 68 69 70 71 72 73 74 75 76 25 26 34 35 21 22 96 97 180 181 182 183 184 23 24 125 126 127 128 129 141 142 143 144 145 146 147 98 99 100 101 102 103 104 105 106 107 108 3 4 5 6 7 8 9 10 11 12 13 14 15 16 17 18 19 20 130 131 132 133 134 135 136 137 138 139 140 156 157 158 159 160 161 162 163 27 28 48 49 50 51 52 53 54 55 56 57 58 117 118 119 120 121 122 123 124 109 110 111 112 113 114 115 116 36 37 38 39 40 77 78 79 80 81 82 83 84 85 86 87 41 42 43 44 45 46 47 190 191 192 193 194 0 1 2 88 89 90 91 92 93 94 95 172 173 174 175 176 177 178 179 164 165 166 167 168 169 170 171 29 30 31 32 33 195 196 197 198 199 148 149 150 151 152 185 186 187 188 189 
260 260 260 150 150 150 150 150 150 150 150 150 150 150 150 150 150 150 150 150 150 600 600 867 867 600 600 364 364 329 329 329 329 329 867 867 851 851 851 851 851 635 635 635 635 635 635 635 771 771 771 771 771 771 771 771 771 771 771 150 150 150 150 150 150 150 150 150 150 150 150 150 150 150 150 150 150 426 426 426 426 426 426 426 426 426 426 426 420 420 420 420 420 420 420 420 364 364 771 771 771 771 771 771 771 771 771 771 771 716 716 716 716 716 716 716 716 716 716 716 716 716 716 716 716 851 851 851 851 851 426 426 426 426 426 426 426 426 426 426 426 635 635 635 635 635 635 635 326 326 326 326 326 260 260 260 420 420 420 420 420 420 420 420 639 639 639 639 639 639 639 639 639 639 639 639 639 639 639 639 329 329 329 329 329 375 375 375 375 375 326 326 326 326 326 375 375 375 375 375 
0 1 2 3 4 5 6 7 8 9 10 11 12 13 14 15 16 17 18 19 20 21 22 23 24 21 22 25 26 27 28 29 30 31 23 24 32 33 34 35 36 37 38 39 40 41 42 43 44 45 46 47 48 49 50 51 52 53 54 3 4 5 6 7 8 9 10 11 12 13 14 15 16 17 18 19 20 55 56 57 58 59 60 61 62 63 64 65 66 67 68 69 70 71 72 73 25 26 44 45 46 47 48 49 50 51 52 53 54 74 75 76 77 78 79 80 81 74 75 76 77 78 79 80 81 32 33 34 35 36 55 56 57 58 59 60 61 62 63 64 65 37 38 39 40 41 42 43 82 83 84 85 86 0 1 2 66 67 68 69 70 71 72 73 87 88 89 90 91 92 93 94 87 88 89 90 91 92 93 94 27 28 29 30 31 95 96 97 98 99 82 83 84 85 86 95 96 97 98 99 
48359
15
11 3 5 5 5 11 8 2 2 8 8 7 5 2 18 
38 2 20 25 68 28 65 11 11 38 49 26 55 14 4 
52 62 67 51 70 43 66 13 21 62 50 53 69 39 35 
426 260 329 851 375 771 639 600 867 420 716 635 326 364 150 
1 1 1 14 14 14 14 14 14 14 14 14 14 14 14 14 14 14 14 14 14 7 7 8 8 7 7 13 13 2 2 2 2 2 8 8 3 3 3 3 3 11 11 11 11 11 11 11 5 5 5 5 5 5 5 5 5 5 5 14 14 14 14 14 14 14 14 14 14 14 14 14 14 14 14 14 14 0 0 0 0 0 0 0 0 0 0 0 9 9 9 9 9 9 9 9 13 13 5 5 5 5 5 5 5 5 5 5 5 10 10 10 10 10 10 10 10 10 10 10 10 10 10 10 10 3 3 3 3 3 0 0 0 0 0 0 0 0 0 0 0 11 11 11 11 11 11 11 12 12 12 12 12 1 1 1 9 9 9 9 9 9 9 9 6 6 6 6 6 6 6 6 6 6 6 6 6 6 6 6 2 2 2 2 2 4 4 4 4 4 12 12 12 12 12 4 4 4 4 4 