235
100
2
5 5 5 5 5 5 5 6 6 6 6 6 6 6 6 6 6 12 12 12 12 12 12 12 13 13 13 13 13 17 17 17 17 17 17 17 17 17 17 18 18 18 18 18 18 18 19 19 20 20 20 20 20 20 23 23 23 23 23 23 23 25 25 25 25 25 25 25 25 25 25 25 25 25 25 25 25 25 28 28 28 28 28 28 29 29 29 29 29 29 30 30 30 30 30 36 36 37 37 37 37 37 37 39 39 39 39 39 39 39 40 40 40 40 40 40 40 40 40 40 40 42 42 42 42 42 42 42 42 44 44 44 45 45 45 45 45 45 47 47 47 47 47 47 54 54 54 54 54 54 54 55 55 55 55 55 55 55 55 58 58 58 58 58 58 58 58 63 63 63 64 64 64 64 64 64 67 67 67 67 67 67 67 67 67 67 67 67 67 68 68 68 68 68 68 69 69 69 69 69 
54 55 56 57 58 59 60 151 152 153 144 145 146 147 148 149 150 29 30 31 32 33 95 96 90 91 92 93 94 17 18 19 20 21 195 196 197 198 199 103 104 105 106 107 108 109 187 188 176 177 178 179 180 181 0 1 2 3 4 5 6 78 79 80 81 82 83 110 111 112 113 114 115 116 117 118 119 120 61 62 63 64 65 66 170 171 172 173 174 175 24 25 26 27 28 22 23 132 133 134 135 136 137 39 40 41 42 43 44 45 67 68 69 70 71 72 73 74 75 76 77 159 160 161 162 163 164 165 166 167 168 169 97 98 99 100 101 102 189 190 191 192 193 194 10 11 12 13 14 15 16 7 8 9 182 183 184 185 186 121 122 123 124 125 126 127 128 129 130 131 84 85 86 87 88 89 48 49 50 51 52 53 154 155 156 157 158 46 47 138 139 140 141 142 143 34 35 36 37 38 
588 588 588 588 588 588 588 475 475 475 267 267 267 267 267 267 267 646 646 646 646 646 677 677 875 875 875 875 875 646 646 646 646 646 609 609 609 609 609 188 188 188 188 188 188 188 376 376 305 305 305 305 305 305 588 588 588 588 588 588 588 845 845 845 845 845 845 869 869 869 869 869 869 869 869 869 869 869 845 845 845 845 845 845 612 612 612 612 612 612 875 875 875 875 875 677 677 860 860 860 860 860 860 188 188 188 188 188 188 188 869 869 869 869 869 869 869 869 869 869 869 539 539 539 539 539 539 539 539 968 968 968 860 860 860 860 860 860 512 512 512 512 512 512 267 267 267 267 267 267 267 475 475 475 744 744 744 744 744 539 539 539 539 539 539 539 539 968 968 968 612 612 612 612 612 612 305 305 305 305 305 305 744 744 744 744 744 376 376 512 512 512 512 512 512 609 609 609 609 609 
0 1 2 3 4 5 6 7 8 9 10 11 12 13 14 15 16 17 18 19 20 21 22 23 24 25 26 27 28 17 18 19 20 21 29 30 31 32 33 34 35 36 37 38 39 40 41 42 43 44 45 46 47 48 0 1 2 3 4 5 6 49 50 51 52 53 54 55 56 57 58 59 60 61 62 63 64 65 49 50 51 52 53 54 66 67 68 69 70 71 24 25 26 27 28 22 23 72 73 74 75 76 77 34 35 36 37 38 39 40 55 56 57 58 59 60 61 62 63 64 65 78 79 80 81 82 83 84 85 86 87 88 72 73 74 75 76 77 89 90 91 92 93 94 10 11 12 13 14 15 16 7 8 9 95 96 97 98 99 78 79 80 81 82 83 84 85 86 87 88 66 67 68 69 70 71 43 44 45 46 47 48 95 96 97 98 99 41 42 89 90 91 92 93 94 29 30 31 32 33 
60781
18
3 6 5 3 5 5 8 6 7 2 2 6 6 6 7 5 7 11 
6 20 55 44 12 13 42 29 5 19 12 25 37 47 18 17 6 25 
55 67 67 63 17 30 58 64 23 67 36 28 45 68 39 69 54 40 
475 305 744 968 646 875 539 612 588 376 677 845 860 512 188 609 267 869 
8 8 8 8 8 8 8 0 0 0 16 16 16 16 16 16 16 4 4 4 4 4 10 10 5 5 5 5 5 4 4 4 4 4 15 15 15 15 15 14 14 14 14 14 14 14 9 9 1 1 1 1 1 1 8 8 8 8 8 8 8 11 11 11 11 11 11 17 17 17 17 17 17 17 17 17 17 17 11 11 11 11 11 11 7 7 7 7 7 7 5 5 5 5 5 10 10 12 12 12 12 12 12 14 14 14 14 14 14 14 17 17 17 17 17 17 17 17 17 17 17 6 6 6 6 6 6 6 6 3 3 3 12 12 12 12 12 12 13 13 13 13 13 13 16 16 16 16 16 16 16 0 0 0 2 2 2 2 2 6 6 6 6 6 6 6 6 3 3 3 7 7 7 7 7 7 1 1 1 1 1 1 2 2 2 2 2 9 9 13 13 13 13 13 13 15 15 15 15 15 