880
100
2
3 3 3 3 3 3 4 4 4 4 4 4 4 4 4 4 4 6 6 6 6 8 8 8 9 9 9 11 11 13 15 15 15 15 15 15 15 17 17 18 18 18 18 18 18 19 19 19 20 20 20 20 20 20 20 20 21 21 21 21 21 25 25 25 25 25 32 34 34 34 35 35 36 36 36 36 36 36 39 39 39 39 39 39 39 39 39 39 40 40 40 40 40 40 40 40 40 40 40 41 41 41 41 42 42 42 42 42 42 42 42 42 45 45 45 45 45 45 46 46 46 46 46 46 46 46 46 46 47 47 47 47 47 47 47 47 49 49 49 50 50 50 50 52 52 52 52 52 52 52 52 52 52 52 52 52 52 52 52 52 52 62 62 62 65 65 66 66 66 66 66 68 68 70 70 70 70 70 70 70 70 70 70 70 70 70 70 70 70 70 70 70 70 70 70 70 70 70 70 70 
99 100 101 102 70 71 48 49 50 51 52 53 107 108 109 110 111 103 104 105 106 30 31 32 161 162 163 37 38 96 21 22 23 78 79 80 81 27 28 82 83 84 85 86 87 136 137 138 6 7 8 9 10 11 97 98 166 167 168 169 170 66 139 140 141 142 61 179 180 181 4 5 90 91 92 93 94 95 33 34 35 36 39 40 41 42 43 44 118 119 72 73 74 75 76 77 29 54 55 0 1 2 3 17 18 19 20 12 13 14 15 16 173 174 175 176 177 178 88 89 128 129 130 131 132 133 164 165 120 121 122 123 124 125 171 172 45 46 47 62 63 64 65 182 183 184 185 186 187 188 189 190 191 192 193 194 195 196 197 198 199 24 25 26 126 127 56 57 58 59 60 134 135 112 113 114 115 116 117 67 68 69 143 144 145 146 147 148 149 150 151 152 153 154 155 156 157 158 159 160 
174 174 174 174 264 264 488 488 488 488 488 488 621 621 621 621 621 674 674 674 674 696 696 696 712 712 712 595 595 715 696 696 696 348 348 348 348 595 595 834 834 834 834 834 834 350 350 350 488 488 488 488 488 488 574 574 481 481 481 481 481 545 421 421 421 421 545 400 400 400 264 264 293 293 293 293 293 293 348 348 348 348 834 834 834 834 834 834 795 795 293 293 293 293 293 293 715 574 574 174 174 174 174 674 674 674 674 621 621 621 621 621 517 517 517 517 517 517 795 795 482 482 482 482 482 482 337 337 482 482 482 482 482 482 347 347 350 350 350 421 421 421 421 882 882 882 882 882 882 882 882 882 882 882 882 882 882 882 882 882 882 712 712 712 337 337 481 481 481 481 481 347 347 517 517 517 517 517 517 400 400 400 882 882 882 882 882 882 882 882 882 882 882 882 882 882 882 882 882 882 
0 1 2 3 4 5 6 7 8 9 10 11 12 13 14 15 16 17 18 19 20 21 22 23 24 25 26 27 28 29 21 22 23 30 31 32 33 27 28 34 35 36 37 38 39 40 41 42 6 7 8 9 10 11 43 44 45 46 47 48 49 50 51 52 53 54 50 55 56 57 4 5 58 59 60 61 62 63 30 31 32 33 34 35 36 37 38 39 64 65 58 59 60 61 62 63 29 43 44 0 1 2 3 17 18 19 20 12 13 14 15 16 66 67 68 69 70 71 64 65 72 73 74 75 76 77 78 79 72 73 74 75 76 77 80 81 40 41 42 51 52 53 54 82 83 84 85 86 87 88 89 90 91 92 93 94 95 96 97 98 99 24 25 26 78 79 45 46 47 48 49 80 81 66 67 68 69 70 71 55 56 57 82 83 84 85 86 87 88 89 90 91 92 93 94 95 96 97 98 99 
57096
24
6 3 3 2 6 6 3 5 6 2 1 4 3 4 1 4 4 2 2 2 5 6 2 18 
45 9 19 40 46 36 34 21 4 11 13 3 8 15 25 25 6 3 47 20 4 18 46 52 
70 62 49 46 47 40 70 66 20 17 40 41 15 39 32 50 42 35 68 40 42 39 65 70 
517 712 350 795 482 293 400 481 488 595 715 174 696 348 545 421 674 264 347 574 621 834 337 882 
11 11 11 11 17 17 8 8 8 8 8 8 20 20 20 20 20 16 16 16 16 12 12 12 1 1 1 9 9 10 12 12 12 13 13 13 13 9 9 21 21 21 21 21 21 2 2 2 8 8 8 8 8 8 19 19 7 7 7 7 7 14 15 15 15 15 14 6 6 6 17 17 5 5 5 5 5 5 13 13 13 13 21 21 21 21 21 21 3 3 5 5 5 5 5 5 10 19 19 11 11 11 11 16 16 16 16 20 20 20 20 20 0 0 0 0 0 0 3 3 4 4 4 4 4 4 22 22 4 4 4 4 4 4 18 18 2 2 2 15 15 15 15 23 23 23 23 23 23 23 23 23 23 23 23 23 23 23 23 23 23 1 1 1 22 22 7 7 7 7 7 18 18 0 0 0 0 0 0 6 6 6 23 23 23 23 23 23 23 23 23 23 23 23 23 23 23 23 23 23 