734
100
2
1 1 1 1 2 2 2 2 2 2 2 2 2 3 3 4 4 4 4 4 4 7 7 7 7 7 7 7 9 9 10 14 14 14 14 14 15 15 15 15 15 17 17 17 17 17 18 18 18 18 22 22 22 22 23 23 23 23 23 24 24 24 24 24 25 25 25 25 25 25 25 25 25 25 27 27 27 30 30 30 30 30 30 30 30 31 31 31 34 34 34 34 34 34 37 38 40 41 41 41 41 41 41 42 42 45 45 46 46 47 47 47 47 47 47 47 47 48 48 48 48 48 48 48 48 49 49 49 49 49 49 49 49 50 50 50 50 50 50 50 50 50 50 50 50 50 50 50 50 50 50 50 51 51 51 54 54 54 54 54 55 55 55 55 57 60 60 60 60 60 60 60 60 60 64 64 64 64 64 65 65 65 65 65 65 65 65 65 65 65 65 65 65 65 66 66 66 66 68 68 
81 82 83 84 69 121 122 123 124 50 51 52 53 167 168 46 47 48 49 92 93 103 128 129 130 131 132 96 105 106 104 41 42 43 44 45 64 65 66 67 68 31 32 33 34 35 15 16 17 18 9 10 11 12 165 166 74 75 76 109 110 111 112 113 36 37 38 39 40 4 170 171 172 173 56 57 58 133 134 135 136 0 1 2 3 114 115 116 160 161 162 163 19 20 95 94 27 125 126 127 152 153 154 21 30 28 29 198 199 59 60 61 62 63 85 86 87 194 195 196 197 5 6 7 8 97 98 99 22 23 24 25 26 77 78 79 80 179 180 181 182 183 184 185 186 187 188 189 190 191 192 193 100 101 102 174 175 176 177 178 88 89 90 91 169 54 55 13 14 164 70 71 72 73 155 156 157 158 159 137 138 139 140 141 142 143 144 145 146 147 148 149 150 151 117 118 119 120 107 108 
862 862 862 862 622 767 767 767 767 861 861 861 861 400 400 897 897 897 897 993 993 761 555 555 555 555 555 242 765 765 408 916 916 916 916 916 931 931 931 931 931 916 916 916 916 916 897 897 897 897 861 861 861 861 515 515 376 376 376 369 369 369 369 369 931 931 931 931 931 622 938 938 938 938 376 376 376 674 674 674 674 862 862 862 862 890 890 890 720 720 720 720 993 993 914 914 242 849 849 849 628 628 628 761 408 765 765 614 614 369 369 369 369 369 890 890 890 359 359 359 359 767 767 767 767 849 849 849 555 555 555 555 555 674 674 674 674 794 794 794 794 794 794 794 794 794 794 794 794 794 794 794 628 628 628 939 939 939 939 195 720 720 720 720 902 515 515 400 400 902 938 938 938 938 939 939 939 939 195 794 794 794 794 794 794 794 794 794 794 794 794 794 794 794 359 359 359 359 614 614 
0 1 2 3 4 5 6 7 8 9 10 11 12 13 14 15 16 17 18 19 20 21 22 23 24 25 26 27 28 29 30 31 32 33 34 35 36 37 38 39 40 31 32 33 34 35 15 16 17 18 9 10 11 12 41 42 43 44 45 46 47 48 49 50 36 37 38 39 40 4 51 52 53 54 43 44 45 55 56 57 58 0 1 2 3 59 60 61 62 63 64 65 19 20 66 66 27 67 68 69 70 71 72 21 30 28 29 73 74 46 47 48 49 50 59 60 61 75 76 77 78 5 6 7 8 67 68 69 22 23 24 25 26 55 56 57 58 79 80 81 82 83 84 85 86 87 88 89 90 91 92 93 70 71 72 94 95 96 97 98 62 63 64 65 99 41 42 13 14 99 51 52 53 54 94 95 96 97 98 79 80 81 82 83 84 85 86 87 88 89 90 91 92 93 75 76 77 78 73 74 
72680
30
5 4 1 2 2 5 2 1 1 4 4 4 3 4 4 5 3 1 2 2 4 5 4 3 4 1 1 1 3 15 
14 30 37 23 9 15 3 57 2 54 48 2 41 4 34 24 41 7 4 46 1 7 2 23 25 7 54 10 31 50 
17 50 38 60 45 25 60 60 25 64 66 48 49 18 55 47 51 42 34 68 30 49 22 27 60 40 64 42 47 65 
916 674 914 515 765 931 400 902 622 939 359 767 849 897 720 369 628 761 993 614 862 555 861 376 938 242 195 408 890 794 
20 20 20 20 8 11 11 11 11 22 22 22 22 6 6 13 13 13 13 18 18 17 21 21 21 21 21 25 4 4 27 0 0 0 0 0 5 5 5 5 5 0 0 0 0 0 13 13 13 13 22 22 22 22 3 3 23 23 23 15 15 15 15 15 5 5 5 5 5 8 24 24 24 24 23 23 23 1 1 1 1 20 20 20 20 28 28 28 14 14 14 14 18 18 2 2 25 12 12 12 16 16 16 17 27 4 4 19 19 15 15 15 15 15 28 28 28 10 10 10 10 11 11 11 11 12 12 12 21 21 21 21 21 1 1 1 1 29 29 29 29 29 29 29 29 29 29 29 29 29 29 29 16 16 16 9 9 9 9 26 14 14 14 14 7 3 3 6 6 7 24 24 24 24 9 9 9 9 26 29 29 29 29 29 29 29 29 29 29 29 29 29 29 29 10 10 10 10 19 19 