497
100
2
1 1 1 1 1 1 1 1 1 1 1 2 2 2 2 2 2 2 2 3 3 3 3 3 3 3 3 3 3 3 6 6 6 6 6 6 6 6 6 6 6 12 12 12 12 12 12 12 12 12 12 12 12 12 12 12 12 12 12 12 12 12 12 12 12 12 12 12 13 13 13 13 13 13 13 13 13 17 17 17 17 17 17 17 17 17 17 17 17 18 18 18 18 18 18 18 18 18 18 18 25 25 25 25 25 25 25 25 25 25 25 25 25 25 25 25 25 25 26 26 26 26 36 36 36 36 36 36 36 36 36 41 41 41 41 41 41 41 41 41 42 42 42 42 42 42 42 42 44 44 44 44 44 44 44 44 44 44 44 44 44 44 44 44 46 46 46 46 46 46 48 48 48 48 48 48 48 50 50 50 50 50 50 52 52 52 52 52 52 52 52 57 57 57 57 57 57 57 69 69 
19 20 21 22 23 24 25 26 27 28 29 140 141 142 143 144 145 146 147 0 1 2 3 4 5 6 7 8 9 10 198 199 68 69 70 71 72 73 74 75 76 89 90 91 92 93 94 95 96 97 98 99 148 149 150 151 152 153 154 155 156 157 158 159 160 161 162 163 32 33 34 35 36 37 38 39 40 118 119 120 121 183 184 185 186 187 188 189 190 41 42 43 44 45 46 47 48 49 50 51 101 100 103 102 105 104 107 106 109 108 111 110 113 112 115 114 117 116 77 78 79 80 131 132 133 134 135 136 137 138 139 122 123 124 125 126 127 128 129 130 11 12 13 14 15 16 17 18 52 53 54 55 56 57 58 59 60 61 62 63 64 65 66 67 177 178 179 180 181 182 191 192 193 194 195 196 197 164 165 166 167 168 169 81 82 83 84 85 86 87 88 170 171 172 173 174 175 176 30 31 
801 801 801 801 801 801 801 801 801 801 801 195 195 195 195 195 195 195 195 801 801 801 801 801 801 801 801 801 801 801 908 908 368 368 368 368 368 368 368 368 368 937 937 937 937 937 937 937 937 937 937 937 984 984 984 984 984 984 984 984 984 984 984 984 984 984 984 984 368 368 368 368 368 368 368 368 368 651 651 651 651 336 336 336 336 336 336 336 336 937 937 937 937 937 937 937 937 937 937 937 726 726 726 726 726 726 726 726 726 726 726 726 726 726 726 726 726 726 651 651 651 651 939 939 939 939 939 939 939 939 939 939 939 939 939 939 939 939 939 939 195 195 195 195 195 195 195 195 984 984 984 984 984 984 984 984 984 984 984 984 984 984 984 984 783 783 783 783 783 783 410 410 410 410 410 410 410 783 783 783 783 783 783 336 336 336 336 336 336 336 336 410 410 410 410 410 410 410 908 908 
0 1 2 3 4 5 6 7 8 9 10 11 12 13 14 15 16 17 18 0 1 2 3 4 5 6 7 8 9 10 19 20 21 22 23 24 25 26 27 28 29 30 31 32 33 34 35 36 37 38 39 40 41 42 43 44 45 46 47 48 49 50 51 52 53 54 55 56 21 22 23 24 25 26 27 28 29 57 58 59 60 61 62 63 64 65 66 67 68 30 31 32 33 34 35 36 37 38 39 40 69 69 70 70 71 71 72 72 73 73 74 74 75 75 76 76 77 77 57 58 59 60 78 79 80 81 82 83 84 85 86 78 79 80 81 82 83 84 85 86 11 12 13 14 15 16 17 18 41 42 43 44 45 46 47 48 49 50 51 52 53 54 55 56 87 88 89 90 91 92 93 94 95 96 97 98 99 87 88 89 90 91 92 61 62 63 64 65 66 67 68 93 94 95 96 97 98 99 19 20 
69395
12
4 8 2 9 11 6 8 9 9 11 7 16 
17 2 6 36 12 46 17 25 6 1 48 12 
26 42 69 41 18 50 52 25 13 3 57 44 
651 195 908 939 937 783 336 726 368 801 410 984 
9 9 9 9 9 9 9 9 9 9 9 1 1 1 1 1 1 1 1 9 9 9 9 9 9 9 9 9 9 9 2 2 8 8 8 8 8 8 8 8 8 4 4 4 4 4 4 4 4 4 4 4 11 11 11 11 11 11 11 11 11 11 11 11 11 11 11 11 8 8 8 8 8 8 8 8 8 0 0 0 0 6 6 6 6 6 6 6 6 4 4 4 4 4 4 4 4 4 4 4 7 7 7 7 7 7 7 7 7 7 7 7 7 7 7 7 7 7 0 0 0 0 3 3 3 3 3 3 3 3 3 3 3 3 3 3 3 3 3 3 1 1 1 1 1 1 1 1 11 11 11 11 11 11 11 11 11 11 11 11 11 11 11 11 5 5 5 5 5 5 10 10 10 10 10 10 10 5 5 5 5 5 5 6 6 6 6 6 6 6 6 10 10 10 10 10 10 10 2 2 