399
100
2
2 2 2 2 2 4 4 4 4 4 4 5 5 5 5 5 5 5 5 5 5 5 5 5 5 5 5 5 5 5 5 5 5 5 6 6 6 6 6 6 6 6 6 6 6 6 6 6 6 6 6 6 6 6 6 6 6 6 6 6 6 7 7 7 7 8 8 8 8 8 9 9 9 11 11 11 14 14 14 14 14 16 16 16 16 16 17 17 17 17 17 17 17 19 19 19 19 19 19 19 19 19 19 22 22 22 22 24 24 24 24 26 26 28 28 28 30 30 31 31 31 31 31 31 34 38 39 39 39 41 41 41 41 41 42 42 46 46 46 46 46 48 48 48 48 48 48 50 50 50 50 50 50 50 50 52 52 56 56 56 56 56 56 56 59 59 59 60 60 60 60 61 61 61 61 65 65 65 65 65 66 66 66 66 66 68 68 68 68 68 69 69 69 69 69 70 70 70 70 70 
180 181 182 183 184 155 156 186 187 188 189 157 158 40 41 42 43 44 45 46 47 48 49 50 51 52 53 54 55 56 57 58 59 60 82 96 97 98 99 191 13 14 15 16 17 18 19 20 21 22 23 24 25 26 27 28 29 30 31 32 33 143 144 145 146 175 176 177 178 179 171 172 173 121 122 123 150 151 152 153 154 125 34 90 91 92 103 104 105 106 83 84 85 164 165 166 35 36 37 38 118 119 120 86 87 88 89 167 168 169 170 116 117 131 132 133 111 112 100 101 102 73 74 75 185 81 192 193 194 141 142 113 114 115 136 137 134 135 147 148 149 129 130 61 62 63 64 138 139 140 76 77 78 79 80 5 6 11 12 195 196 197 198 199 93 94 95 107 108 109 110 70 71 72 190 65 66 67 68 69 0 1 2 3 4 124 7 8 9 10 174 39 126 127 128 159 160 161 162 163 
930 930 930 930 930 925 925 345 345 345 345 203 203 792 792 792 792 792 792 792 792 792 792 792 792 792 792 792 792 792 792 792 792 792 595 335 335 335 335 389 792 792 792 792 792 792 792 792 792 792 792 792 792 792 792 792 792 792 792 792 792 158 158 158 158 803 803 803 803 803 181 181 181 906 906 906 528 528 528 528 528 160 595 257 257 257 246 246 246 246 257 257 257 499 499 499 335 335 335 335 310 310 310 246 246 246 246 188 188 188 188 220 220 986 986 986 220 220 310 310 310 906 906 906 749 160 258 258 258 402 402 986 986 986 705 705 705 705 901 901 901 402 402 158 158 158 158 901 901 901 528 528 528 528 528 925 925 203 203 782 782 782 782 782 499 499 499 188 188 188 188 181 181 181 528 803 803 803 803 803 930 930 930 930 930 749 345 345 345 345 528 389 258 258 258 782 782 782 782 782 
0 1 2 3 4 5 6 7 8 9 10 11 12 13 14 15 16 17 18 19 20 21 22 23 24 25 26 27 28 29 30 31 32 33 34 35 36 37 38 39 13 14 15 16 17 18 19 20 21 22 23 24 25 26 27 28 29 30 31 32 33 40 41 42 43 44 45 46 47 48 49 50 51 52 53 54 55 56 57 58 59 60 34 61 62 63 64 65 66 67 61 62 63 68 69 70 35 36 37 38 71 72 73 64 65 66 67 74 75 76 77 78 79 80 81 82 78 79 71 72 73 52 53 54 83 60 84 85 86 87 88 80 81 82 89 90 89 90 91 92 93 87 88 40 41 42 43 91 92 93 55 56 57 58 59 5 6 11 12 94 95 96 97 98 68 69 70 74 75 76 77 49 50 51 99 44 45 46 47 48 0 1 2 3 4 83 7 8 9 10 99 39 84 85 86 94 95 96 97 98 
57160
28
1 2 1 5 2 1 2 3 1 3 3 4 3 5 4 5 1 3 5 4 3 3 2 3 4 2 4 21 
16 42 6 2 5 34 41 9 61 19 46 17 28 14 6 56 6 19 8 7 11 39 4 16 24 26 4 5 
38 46 16 66 56 68 48 61 69 59 50 22 41 50 19 70 69 31 65 48 31 69 52 17 60 30 68 6 
160 705 595 930 203 749 402 181 528 499 901 246 986 528 335 782 389 310 803 158 906 258 925 257 188 220 345 792 
3 3 3 3 3 22 22 26 26 26 26 4 4 27 27 27 27 27 27 27 27 27 27 27 27 27 27 27 27 27 27 27 27 27 2 14 14 14 14 16 27 27 27 27 27 27 27 27 27 27 27 27 27 27 27 27 27 27 27 27 27 19 19 19 19 18 18 18 18 18 7 7 7 20 20 20 13 13 13 13 13 0 2 23 23 23 11 11 11 11 23 23 23 9 9 9 14 14 14 14 17 17 17 11 11 11 11 24 24 24 24 25 25 12 12 12 25 25 17 17 17 20 20 20 5 0 21 21 21 6 6 12 12 12 1 1 1 1 10 10 10 6 6 19 19 19 19 10 10 10 13 13 13 13 13 22 22 4 4 15 15 15 15 15 9 9 9 24 24 24 24 7 7 7 8 18 18 18 18 18 3 3 3 3 3 5 26 26 26 26 8 16 21 21 21 15 15 15 15 15 