19
100
2
1 1 1 1 1 1 2 2 2 2 2 4 4 4 4 9 9 9 9 9 9 9 9 9 9 9 9 10 10 10 10 10 10 10 11 11 11 11 11 11 11 11 11 12 13 14 14 15 19 19 19 19 19 22 22 22 24 26 26 27 28 28 28 28 28 28 28 28 28 28 28 28 28 28 28 28 28 31 31 31 31 34 34 34 34 34 34 34 34 34 34 35 35 35 35 37 37 37 37 37 37 38 38 38 38 39 39 39 39 39 39 44 44 44 44 46 46 46 47 47 47 47 48 48 48 48 48 48 48 51 52 52 52 52 52 52 52 52 53 56 56 56 56 56 56 56 56 56 56 56 57 57 58 59 60 60 60 60 60 60 60 60 60 60 60 60 60 60 60 64 64 64 64 64 64 64 64 64 64 65 65 65 65 65 65 67 67 67 67 68 68 69 69 69 69 69 69 69 69 69 
15 16 17 18 19 20 139 140 141 142 143 181 182 183 184 0 1 2 3 4 5 194 195 196 197 198 199 144 145 146 147 148 149 47 189 190 122 123 124 125 126 127 128 56 59 150 151 33 57 58 191 192 193 119 120 121 43 48 49 44 179 180 154 155 156 157 158 159 160 161 162 163 164 165 166 167 168 130 131 132 133 95 96 97 98 99 100 134 135 136 137 115 116 117 152 81 82 83 84 85 86 175 176 177 178 169 170 171 172 173 174 185 186 187 188 91 92 93 138 53 54 55 36 37 38 39 40 41 42 153 77 78 79 80 87 88 89 90 118 6 7 8 9 10 27 28 29 30 31 32 45 46 94 129 62 63 64 65 66 67 68 69 70 71 72 73 74 75 76 105 106 107 108 109 110 101 102 103 104 60 61 11 12 13 14 111 112 113 114 34 35 50 51 52 21 22 23 24 25 26 
847 847 847 847 847 847 218 218 218 218 218 439 439 439 439 847 847 847 847 847 847 620 620 620 620 620 620 538 538 538 538 538 538 460 210 210 334 334 334 334 334 334 334 408 983 452 452 460 644 644 534 534 534 425 425 425 408 644 644 983 730 730 582 582 582 582 582 582 582 582 582 582 582 582 582 582 582 708 708 708 708 973 973 973 973 973 973 976 976 976 976 265 265 265 833 973 973 973 973 973 973 445 445 445 445 889 889 889 889 889 889 998 998 998 998 265 265 265 153 425 425 425 334 334 334 334 334 334 334 908 708 708 708 708 976 976 976 976 153 218 218 218 218 218 538 538 538 538 538 538 452 452 833 908 582 582 582 582 582 582 582 582 582 582 582 582 582 582 582 889 889 889 889 889 889 445 445 445 445 730 730 439 439 439 439 998 998 998 998 210 210 534 534 534 620 620 620 620 620 620 
0 1 2 3 4 5 6 7 8 9 10 11 12 13 14 0 1 2 3 4 5 15 16 17 18 19 20 21 22 23 24 25 26 27 28 29 30 31 32 33 34 35 36 37 38 39 40 27 41 42 43 44 45 46 47 48 37 41 42 38 49 50 51 52 53 54 55 56 57 58 59 60 61 62 63 64 65 66 67 68 69 70 71 72 73 74 75 76 77 78 79 80 81 82 83 70 71 72 73 74 75 84 85 86 87 88 89 90 91 92 93 94 95 96 97 80 81 82 98 46 47 48 30 31 32 33 34 35 36 99 66 67 68 69 76 77 78 79 98 6 7 8 9 10 21 22 23 24 25 26 39 40 83 99 51 52 53 54 55 56 57 58 59 60 61 62 63 64 65 88 89 90 91 92 93 84 85 86 87 49 50 11 12 13 14 94 95 96 97 28 29 43 44 45 15 16 17 18 19 20 
61113
26
4 1 1 2 5 1 2 6 3 1 6 6 4 4 4 6 4 2 1 2 7 3 6 1 3 15 
44 13 51 14 2 12 28 34 35 47 10 39 38 31 34 1 4 19 10 11 11 19 9 35 22 28 
67 27 59 57 56 24 65 37 46 53 56 64 64 52 52 9 65 26 15 68 48 69 69 58 47 60 
998 983 908 452 218 408 730 973 265 153 538 889 445 708 976 847 439 644 460 210 334 534 620 833 425 582 
15 15 15 15 15 15 4 4 4 4 4 16 16 16 16 15 15 15 15 15 15 22 22 22 22 22 22 10 10 10 10 10 10 18 19 19 20 20 20 20 20 20 20 5 1 3 3 18 17 17 21 21 21 24 24 24 5 17 17 1 6 6 25 25 25 25 25 25 25 25 25 25 25 25 25 25 25 13 13 13 13 7 7 7 7 7 7 14 14 14 14 8 8 8 23 7 7 7 7 7 7 12 12 12 12 11 11 11 11 11 11 0 0 0 0 8 8 8 9 24 24 24 20 20 20 20 20 20 20 2 13 13 13 13 14 14 14 14 9 4 4 4 4 4 10 10 10 10 10 10 3 3 23 2 25 25 25 25 25 25 25 25 25 25 25 25 25 25 25 11 11 11 11 11 11 12 12 12 12 6 6 16 16 16 16 0 0 0 0 19 19 21 21 21 22 22 22 22 22 22 