467
100
2
4 4 4 4 4 4 4 4 4 4 4 7 7 7 7 7 7 7 7 7 7 7 7 7 7 7 7 7 7 7 7 14 14 14 14 14 16 16 16 16 16 16 17 17 17 17 17 17 20 20 20 20 22 22 22 22 22 22 24 24 24 24 24 25 25 27 27 27 30 30 30 30 30 31 31 31 31 31 31 31 31 31 31 31 33 33 33 33 38 38 38 43 43 43 44 47 47 47 47 47 47 48 48 48 48 48 50 50 50 50 51 51 51 51 51 51 52 52 52 53 53 53 53 54 54 54 54 54 54 54 54 54 54 54 55 55 55 55 57 57 60 60 60 60 60 60 62 62 62 62 62 62 62 62 62 64 64 64 64 64 64 68 68 68 69 69 69 69 69 69 69 69 69 69 69 69 69 69 69 69 69 69 69 70 70 70 70 70 70 70 70 70 70 70 70 70 70 70 70 70 
91 92 93 73 74 75 76 77 78 79 80 161 162 163 183 184 185 186 187 188 189 190 191 192 193 194 195 196 197 198 199 101 102 103 104 105 155 156 157 158 159 160 164 165 166 167 168 169 119 120 121 122 123 124 125 126 127 94 68 69 70 71 72 138 139 116 117 118 58 59 60 61 62 3 4 5 6 7 8 9 10 88 89 90 170 171 172 173 81 82 83 0 1 2 57 140 141 142 143 144 145 31 32 33 34 35 134 135 136 137 128 129 130 131 132 133 65 66 67 48 49 50 51 52 53 54 55 56 110 111 112 113 114 115 106 107 108 109 63 64 95 96 97 98 99 100 174 175 176 177 178 179 180 181 182 36 37 38 39 40 41 11 12 13 42 43 44 45 46 47 84 85 86 87 146 147 148 149 150 151 152 153 154 14 15 16 17 18 19 20 21 22 23 24 25 26 27 28 29 30 
924 924 924 229 229 229 229 229 229 229 229 281 281 281 734 734 734 734 734 734 734 734 734 734 734 734 734 734 734 734 734 628 628 628 628 628 254 254 254 254 254 254 160 160 160 160 160 160 743 743 743 743 953 953 953 953 953 556 452 452 452 452 452 175 175 772 772 772 452 452 452 452 452 229 229 229 229 229 229 229 229 849 849 849 797 797 797 797 849 849 849 924 924 924 556 218 218 218 218 218 218 628 628 628 628 628 956 956 956 956 352 352 352 352 352 352 772 772 772 743 743 743 743 953 953 953 953 953 352 352 352 352 352 352 956 956 956 956 175 175 218 218 218 218 218 218 530 530 530 530 530 530 530 530 530 254 254 254 254 254 254 281 281 281 160 160 160 160 160 160 797 797 797 797 530 530 530 530 530 530 530 530 530 734 734 734 734 734 734 734 734 734 734 734 734 734 734 734 734 734 
0 1 2 3 4 5 6 7 8 9 10 11 12 13 14 15 16 17 18 19 20 21 22 23 24 25 26 27 28 29 30 31 32 33 34 35 36 37 38 39 40 41 42 43 44 45 46 47 48 49 50 51 52 53 54 55 56 57 58 59 60 61 62 63 64 65 66 67 58 59 60 61 62 3 4 5 6 7 8 9 10 68 69 70 71 72 73 74 68 69 70 0 1 2 57 75 76 77 78 79 80 31 32 33 34 35 81 82 83 84 85 86 87 88 89 90 65 66 67 48 49 50 51 52 53 54 55 56 85 86 87 88 89 90 81 82 83 84 63 64 75 76 77 78 79 80 91 92 93 94 95 96 97 98 99 36 37 38 39 40 41 11 12 13 42 43 44 45 46 47 71 72 73 74 91 92 93 94 95 96 97 98 99 14 15 16 17 18 19 20 21 22 23 24 25 26 27 28 29 30 
54517
19
5 3 1 3 4 6 3 6 4 2 5 6 8 9 6 5 4 3 17 
22 4 22 27 20 47 7 17 33 25 14 16 4 62 51 24 50 31 7 
54 43 44 52 53 60 68 69 69 57 48 64 31 69 54 30 55 38 70 
953 924 556 772 743 218 281 160 797 175 628 254 229 530 352 452 956 849 734 
1 1 1 12 12 12 12 12 12 12 12 6 6 6 18 18 18 18 18 18 18 18 18 18 18 18 18 18 18 18 18 10 10 10 10 10 11 11 11 11 11 11 7 7 7 7 7 7 4 4 4 4 0 0 0 0 0 2 15 15 15 15 15 9 9 3 3 3 15 15 15 15 15 12 12 12 12 12 12 12 12 17 17 17 8 8 8 8 17 17 17 1 1 1 2 5 5 5 5 5 5 10 10 10 10 10 16 16 16 16 14 14 14 14 14 14 3 3 3 4 4 4 4 0 0 0 0 0 14 14 14 14 14 14 16 16 16 16 9 9 5 5 5 5 5 5 13 13 13 13 13 13 13 13 13 11 11 11 11 11 11 6 6 6 7 7 7 7 7 7 8 8 8 8 13 13 13 13 13 13 13 13 13 18 18 18 18 18 18 18 18 18 18 18 18 18 18 18 18 18 