419
100
2
1 1 1 1 2 2 2 2 4 4 4 4 4 5 5 5 5 5 5 5 5 5 5 5 5 5 5 5 5 5 5 5 5 5 6 6 6 6 10 10 10 11 11 12 12 12 14 14 14 15 15 15 15 15 15 15 15 15 15 15 15 15 15 15 15 16 16 16 21 21 21 21 21 21 21 21 22 22 23 23 24 24 24 26 26 26 26 27 27 27 27 29 29 38 38 38 38 40 40 40 42 42 44 44 44 44 44 44 44 47 47 47 47 47 47 48 50 53 53 54 54 54 54 54 54 54 54 55 55 56 56 56 57 57 57 57 58 58 59 60 60 60 60 60 60 60 60 61 61 61 61 61 61 61 62 62 63 63 63 63 64 64 64 64 64 65 65 65 65 65 65 65 67 67 67 67 67 67 68 68 68 68 68 68 68 68 68 68 68 68 68 68 68 69 69 70 70 70 70 70 
72 73 74 75 115 46 47 48 65 66 67 117 118 195 196 197 198 199 49 50 51 52 53 54 55 56 57 58 59 60 61 62 63 64 139 140 141 142 97 98 99 160 161 166 167 168 5 6 7 18 19 20 21 22 23 24 25 26 27 28 29 30 31 32 33 8 9 10 185 186 187 188 0 1 2 3 180 181 154 155 129 130 131 103 104 105 106 156 157 158 159 193 194 189 190 191 192 38 39 40 178 179 109 83 84 85 86 136 137 102 122 123 124 125 126 4 153 11 12 169 170 171 110 111 112 113 114 128 127 80 81 82 143 144 145 146 107 108 165 34 35 36 37 132 133 134 135 172 173 174 175 176 177 116 78 79 87 88 89 90 41 42 182 183 184 138 43 44 45 119 120 121 147 148 149 150 151 152 100 101 76 77 162 163 164 68 69 70 71 93 94 95 96 91 92 13 14 15 16 17 
574 574 574 574 649 524 524 524 312 312 312 759 759 556 556 556 556 556 335 335 335 335 335 335 335 335 335 335 335 335 335 335 335 335 753 753 753 753 275 275 275 600 600 972 972 972 524 524 524 335 335 335 335 335 335 335 335 335 335 335 335 335 335 335 335 312 312 312 178 178 178 178 574 574 574 574 391 391 161 161 816 816 816 275 275 275 275 953 953 953 953 1000 1000 990 990 990 990 275 275 275 995 995 822 275 275 275 275 568 568 822 448 448 448 448 448 649 388 759 759 515 515 515 448 448 448 448 448 384 384 816 816 816 400 400 400 400 568 568 306 753 753 753 753 400 400 400 400 456 456 456 456 456 456 388 161 161 953 953 953 953 600 600 814 814 814 306 972 972 972 515 515 515 456 456 456 456 456 456 995 995 391 391 814 814 814 178 178 178 178 990 990 990 990 1000 1000 556 556 556 556 556 
0 1 2 3 4 5 6 7 8 9 10 11 12 13 14 15 16 17 18 19 20 21 22 23 24 25 26 27 28 29 30 31 32 33 34 35 36 37 38 39 40 41 42 43 44 45 5 6 7 18 19 20 21 22 23 24 25 26 27 28 29 30 31 32 33 8 9 10 46 47 48 49 0 1 2 3 50 51 52 53 54 55 56 57 58 59 60 61 62 63 64 65 66 67 68 69 70 38 39 40 71 72 73 57 58 59 60 74 75 73 76 77 78 79 80 4 81 11 12 82 83 84 76 77 78 79 80 85 85 54 55 56 86 87 88 89 74 75 90 34 35 36 37 86 87 88 89 91 92 93 94 95 96 81 52 53 61 62 63 64 41 42 97 98 99 90 43 44 45 82 83 84 91 92 93 94 95 96 71 72 50 51 97 98 99 46 47 48 49 67 68 69 70 65 66 13 14 15 16 17 
53789
30
4 1 5 1 4 1 4 3 2 2 3 1 4 3 2 2 3 3 2 4 6 4 3 2 3 2 5 1 4 16 
6 55 5 59 57 44 26 4 42 11 12 2 27 10 22 23 24 64 44 21 61 1 54 4 2 29 47 50 38 5 
60 55 70 65 60 47 44 16 68 64 65 48 63 40 68 62 56 68 58 68 67 21 65 53 14 69 54 61 68 15 
753 384 556 306 400 822 275 312 995 600 972 649 953 275 391 161 816 814 568 178 456 574 515 759 524 1000 448 388 990 335 
21 21 21 21 11 24 24 24 7 7 7 23 23 2 2 2 2 2 29 29 29 29 29 29 29 29 29 29 29 29 29 29 29 29 0 0 0 0 13 13 13 9 9 10 10 10 24 24 24 29 29 29 29 29 29 29 29 29 29 29 29 29 29 29 29 7 7 7 19 19 19 19 21 21 21 21 14 14 15 15 16 16 16 6 6 6 6 12 12 12 12 25 25 28 28 28 28 13 13 13 8 8 5 6 6 6 6 18 18 5 26 26 26 26 26 11 27 23 23 22 22 22 26 26 26 26 26 1 1 16 16 16 4 4 4 4 18 18 3 0 0 0 0 4 4 4 4 20 20 20 20 20 20 27 15 15 12 12 12 12 9 9 17 17 17 3 10 10 10 22 22 22 20 20 20 20 20 20 8 8 14 14 17 17 17 19 19 19 19 28 28 28 28 25 25 2 2 2 2 2 