118
100
2
2 2 2 2 2 2 2 2 2 2 2 2 2 3 3 3 3 3 3 3 3 3 3 3 3 3 3 3 5 5 5 5 5 5 5 5 5 5 5 14 14 14 14 14 14 14 14 14 14 14 16 16 16 16 16 16 16 18 18 18 18 18 18 18 18 19 19 19 19 19 19 19 19 27 27 27 27 27 27 27 27 27 30 30 30 30 30 30 30 30 30 30 36 36 36 36 36 36 36 36 36 36 36 38 38 38 38 38 38 40 40 40 40 40 40 45 45 45 45 45 45 45 45 52 52 52 52 52 52 52 52 52 52 52 52 52 52 52 52 52 52 52 52 52 52 52 52 52 52 52 55 55 57 57 57 57 57 57 57 57 57 58 58 63 63 63 63 63 63 63 63 63 63 65 65 65 65 65 65 65 65 65 65 65 65 65 65 68 68 68 68 68 68 69 69 69 69 69 69 69 
137 138 139 140 141 142 143 144 145 146 147 148 149 187 188 189 190 191 192 128 129 130 131 132 133 134 135 136 123 124 125 126 127 103 104 105 106 107 108 92 93 94 95 96 97 98 99 100 101 102 193 194 195 196 197 198 199 115 116 117 118 119 120 121 122 179 180 181 182 183 184 185 186 152 153 154 155 156 157 158 159 160 163 164 165 166 167 168 169 170 171 172 39 40 41 42 43 44 45 46 47 48 49 33 34 35 36 37 38 173 174 175 176 177 178 57 58 59 60 61 62 63 64 28 29 30 31 32 19 20 21 22 23 24 25 26 27 0 1 2 3 4 5 6 7 8 9 10 11 12 161 162 73 74 75 76 77 78 79 80 81 150 151 82 83 84 85 86 87 88 89 90 91 109 110 111 112 113 114 65 66 67 68 69 70 71 72 13 14 15 16 17 18 50 51 52 53 54 55 56 
915 915 915 915 915 915 915 915 915 915 915 915 915 991 991 991 991 991 991 341 341 341 341 341 341 341 341 341 374 374 374 374 374 252 252 252 252 252 252 355 355 355 355 355 355 355 355 355 355 355 295 295 295 295 295 295 295 255 255 255 255 255 255 255 255 744 744 744 744 744 744 744 744 243 243 243 243 243 243 243 243 243 658 658 658 658 658 658 658 658 658 658 355 355 355 355 355 355 355 355 355 355 355 252 252 252 252 252 252 887 887 887 887 887 887 255 255 255 255 255 255 255 255 374 374 374 374 374 341 341 341 341 341 341 341 341 341 915 915 915 915 915 915 915 915 915 915 915 915 915 583 583 243 243 243 243 243 243 243 243 243 583 583 658 658 658 658 658 658 658 658 658 658 887 887 887 887 887 887 744 744 744 744 744 744 744 744 991 991 991 991 991 991 295 295 295 295 295 295 295 
0 1 2 3 4 5 6 7 8 9 10 11 12 13 14 15 16 17 18 19 20 21 22 23 24 25 26 27 28 29 30 31 32 33 34 35 36 37 38 39 40 41 42 43 44 45 46 47 48 49 50 51 52 53 54 55 56 57 58 59 60 61 62 63 64 65 66 67 68 69 70 71 72 73 74 75 76 77 78 79 80 81 82 83 84 85 86 87 88 89 90 91 39 40 41 42 43 44 45 46 47 48 49 33 34 35 36 37 38 92 93 94 95 96 97 57 58 59 60 61 62 63 64 28 29 30 31 32 19 20 21 22 23 24 25 26 27 0 1 2 3 4 5 6 7 8 9 10 11 12 98 99 73 74 75 76 77 78 79 80 81 98 99 82 83 84 85 86 87 88 89 90 91 92 93 94 95 96 97 65 66 67 68 69 70 71 72 13 14 15 16 17 18 50 51 52 53 54 55 56 
53509
13
10 11 8 5 6 6 6 9 9 7 2 8 13 
30 14 18 5 40 5 3 27 3 16 55 19 2 
63 36 45 52 65 38 68 57 52 69 58 65 52 
658 355 255 374 887 252 991 243 341 295 583 744 915 
12 12 12 12 12 12 12 12 12 12 12 12 12 6 6 6 6 6 6 8 8 8 8 8 8 8 8 8 3 3 3 3 3 5 5 5 5 5 5 1 1 1 1 1 1 1 1 1 1 1 9 9 9 9 9 9 9 2 2 2 2 2 2 2 2 11 11 11 11 11 11 11 11 7 7 7 7 7 7 7 7 7 0 0 0 0 0 0 0 0 0 0 1 1 1 1 1 1 1 1 1 1 1 5 5 5 5 5 5 4 4 4 4 4 4 2 2 2 2 2 2 2 2 3 3 3 3 3 8 8 8 8 8 8 8 8 8 12 12 12 12 12 12 12 12 12 12 12 12 12 10 10 7 7 7 7 7 7 7 7 7 10 10 0 0 0 0 0 0 0 0 0 0 4 4 4 4 4 4 11 11 11 11 11 11 11 11 6 6 6 6 6 6 9 9 9 9 9 9 9 