285
100
2
4 4 4 4 4 4 4 4 4 4 4 4 4 4 4 4 5 5 5 5 5 5 5 7 7 7 7 7 7 7 7 7 7 7 7 7 8 8 8 8 8 9 9 9 9 9 9 9 9 9 10 10 10 10 10 10 10 10 10 10 10 10 10 10 10 10 10 10 10 10 11 11 11 11 17 17 17 17 17 17 17 25 25 25 25 25 25 25 25 25 25 25 25 25 25 25 25 28 28 28 28 28 28 28 28 28 28 28 28 28 28 28 28 28 28 28 28 28 28 28 28 30 30 30 30 30 30 30 36 36 36 36 36 36 39 39 39 39 39 39 39 39 39 39 39 40 40 40 40 40 40 40 45 45 49 49 49 49 49 51 51 51 51 51 51 51 51 51 51 54 54 54 54 54 55 55 55 55 55 55 55 55 55 55 69 69 69 69 69 69 69 70 70 70 70 70 70 70 70 70 
81 82 83 84 85 86 87 88 89 90 91 92 93 94 95 96 184 185 186 187 188 189 190 152 153 104 105 106 107 108 109 110 111 112 113 114 41 42 43 44 45 36 37 38 39 40 70 71 72 73 191 192 193 194 195 196 197 198 199 134 135 136 137 138 139 140 141 142 143 144 46 47 48 49 145 146 147 148 149 150 151 0 1 2 3 4 5 6 7 8 9 10 11 12 13 14 15 121 122 123 124 125 126 127 25 26 27 28 29 30 31 32 33 34 35 128 129 130 131 132 133 97 98 99 100 101 102 103 115 116 117 118 119 120 59 60 61 62 63 64 65 66 67 68 69 74 75 76 77 78 79 80 23 24 169 170 171 172 173 174 175 176 177 178 179 180 181 182 183 154 155 156 157 158 159 160 161 162 163 164 165 166 167 168 16 17 18 19 20 21 22 50 51 52 53 54 55 56 57 58 
459 459 459 459 459 459 459 459 459 459 459 459 459 459 459 459 770 770 770 770 770 770 770 219 219 606 606 606 606 606 606 606 606 606 606 606 936 936 936 936 936 936 936 936 936 936 849 849 849 849 259 259 259 259 259 259 259 259 259 689 689 689 689 689 689 689 689 689 689 689 849 849 849 849 245 245 245 245 245 245 245 459 459 459 459 459 459 459 459 459 459 459 459 459 459 459 459 880 880 880 880 880 880 880 606 606 606 606 606 606 606 606 606 606 606 574 574 574 574 574 574 880 880 880 880 880 880 880 574 574 574 574 574 574 689 689 689 689 689 689 689 689 689 689 689 245 245 245 245 245 245 245 219 219 764 764 764 764 764 925 925 925 925 925 925 925 925 925 925 764 764 764 764 764 925 925 925 925 925 925 925 925 925 925 770 770 770 770 770 770 770 259 259 259 259 259 259 259 259 259 
0 1 2 3 4 5 6 7 8 9 10 11 12 13 14 15 16 17 18 19 20 21 22 23 24 25 26 27 28 29 30 31 32 33 34 35 36 37 38 39 40 36 37 38 39 40 41 42 43 44 45 46 47 48 49 50 51 52 53 54 55 56 57 58 59 60 61 62 63 64 41 42 43 44 65 66 67 68 69 70 71 0 1 2 3 4 5 6 7 8 9 10 11 12 13 14 15 72 73 74 75 76 77 78 25 26 27 28 29 30 31 32 33 34 35 79 80 81 82 83 84 72 73 74 75 76 77 78 79 80 81 82 83 84 54 55 56 57 58 59 60 61 62 63 64 65 66 67 68 69 70 71 23 24 85 86 87 88 89 90 91 92 93 94 95 96 97 98 99 85 86 87 88 89 90 91 92 93 94 95 96 97 98 99 16 17 18 19 20 21 22 45 46 47 48 49 50 51 52 53 
62213
13
9 2 5 11 7 5 7 11 6 10 4 7 16 
10 7 49 10 17 8 28 7 28 51 9 5 4 
70 45 54 39 40 9 30 28 36 55 11 69 25 
259 219 764 689 245 936 880 606 574 925 849 770 459 
12 12 12 12 12 12 12 12 12 12 12 12 12 12 12 12 11 11 11 11 11 11 11 1 1 7 7 7 7 7 7 7 7 7 7 7 5 5 5 5 5 5 5 5 5 5 10 10 10 10 0 0 0 0 0 0 0 0 0 3 3 3 3 3 3 3 3 3 3 3 10 10 10 10 4 4 4 4 4 4 4 12 12 12 12 12 12 12 12 12 12 12 12 12 12 12 12 6 6 6 6 6 6 6 7 7 7 7 7 7 7 7 7 7 7 8 8 8 8 8 8 6 6 6 6 6 6 6 8 8 8 8 8 8 3 3 3 3 3 3 3 3 3 3 3 4 4 4 4 4 4 4 1 1 2 2 2 2 2 9 9 9 9 9 9 9 9 9 9 2 2 2 2 2 9 9 9 9 9 9 9 9 9 9 11 11 11 11 11 11 11 0 0 0 0 0 0 0 0 0 