163
100
2
3 3 3 3 7 7 7 7 7 7 7 7 7 7 7 7 7 7 7 7 7 7 9 9 9 9 9 9 9 11 11 11 11 11 11 11 11 11 11 19 19 19 19 19 19 19 19 19 19 20 20 20 20 29 29 29 29 29 29 29 29 31 31 31 31 31 31 31 32 32 32 32 32 32 32 32 32 32 32 32 32 32 32 32 32 32 35 35 35 35 35 35 35 38 38 38 38 38 38 39 39 39 39 39 39 39 39 39 39 43 43 43 43 43 43 43 43 43 46 46 46 46 46 46 46 48 48 48 48 48 48 53 53 53 53 53 53 53 53 53 53 53 53 53 53 53 53 53 53 53 53 53 53 53 53 53 53 53 61 61 61 61 61 61 61 61 61 61 61 62 62 62 62 62 62 65 65 65 67 67 67 67 67 67 67 67 67 67 67 67 68 68 68 68 68 68 68 68 68 68 
49 50 51 52 53 54 55 56 57 58 59 60 22 23 24 25 26 27 28 175 176 177 12 13 14 15 16 17 18 99 100 101 102 103 104 105 106 107 108 190 191 192 193 194 195 196 197 198 199 0 1 2 3 4 5 6 7 8 9 10 11 140 141 142 143 144 145 146 178 179 180 181 182 183 184 185 186 187 188 189 169 170 171 172 173 174 118 119 120 121 122 123 124 125 126 127 128 129 130 29 30 31 32 33 34 35 36 37 38 131 132 133 134 135 136 137 138 139 86 87 88 89 90 91 92 93 94 95 96 97 98 109 110 111 112 113 114 115 116 117 61 62 63 64 65 66 67 158 159 160 161 162 163 164 165 166 167 168 147 148 149 150 151 152 153 154 155 156 157 80 81 82 83 84 85 19 20 21 68 69 70 71 72 73 74 75 76 77 78 79 39 40 41 42 43 44 45 46 47 48 
588 588 588 588 963 963 963 963 963 963 963 963 964 964 964 964 964 964 964 489 489 489 964 964 964 964 964 964 964 283 283 283 283 283 283 283 283 283 283 559 559 559 559 559 559 559 559 559 559 588 588 588 588 963 963 963 963 963 963 963 963 177 177 177 177 177 177 177 328 328 328 328 328 328 328 328 328 328 328 328 895 895 895 895 895 895 796 796 796 796 796 796 796 499 499 499 499 499 499 283 283 283 283 283 283 283 283 283 283 157 157 157 157 157 157 157 157 157 796 796 796 796 796 796 796 499 499 499 499 499 499 157 157 157 157 157 157 157 157 157 177 177 177 177 177 177 177 660 660 660 660 660 660 660 660 660 660 660 660 660 660 660 660 660 660 660 660 660 660 895 895 895 895 895 895 489 489 489 328 328 328 328 328 328 328 328 328 328 328 328 559 559 559 559 559 559 559 559 559 559 
0 1 2 3 4 5 6 7 8 9 10 11 12 13 14 15 16 17 18 19 20 21 12 13 14 15 16 17 18 22 23 24 25 26 27 28 29 30 31 32 33 34 35 36 37 38 39 40 41 0 1 2 3 4 5 6 7 8 9 10 11 42 43 44 45 46 47 48 49 50 51 52 53 54 55 56 57 58 59 60 61 62 63 64 65 66 67 68 69 70 71 72 73 74 75 76 77 78 79 22 23 24 25 26 27 28 29 30 31 80 81 82 83 84 85 86 87 88 67 68 69 70 71 72 73 74 75 76 77 78 79 80 81 82 83 84 85 86 87 88 42 43 44 45 46 47 48 89 90 91 92 93 94 95 96 97 98 99 89 90 91 92 93 94 95 96 97 98 99 61 62 63 64 65 66 19 20 21 49 50 51 52 53 54 55 56 57 58 59 60 32 33 34 35 36 37 38 39 40 41 
54475
13
9 7 10 8 12 10 6 7 6 7 3 4 11 
43 31 19 7 32 11 38 7 32 35 7 3 53 
53 53 68 29 67 39 48 9 62 46 65 20 61 
157 177 559 963 328 283 499 964 895 796 489 588 660 
11 11 11 11 3 3 3 3 3 3 3 3 7 7 7 7 7 7 7 10 10 10 7 7 7 7 7 7 7 5 5 5 5 5 5 5 5 5 5 2 2 2 2 2 2 2 2 2 2 11 11 11 11 3 3 3 3 3 3 3 3 1 1 1 1 1 1 1 4 4 4 4 4 4 4 4 4 4 4 4 8 8 8 8 8 8 9 9 9 9 9 9 9 6 6 6 6 6 6 5 5 5 5 5 5 5 5 5 5 0 0 0 0 0 0 0 0 0 9 9 9 9 9 9 9 6 6 6 6 6 6 0 0 0 0 0 0 0 0 0 1 1 1 1 1 1 1 12 12 12 12 12 12 12 12 12 12 12 12 12 12 12 12 12 12 12 12 12 12 8 8 8 8 8 8 10 10 10 4 4 4 4 4 4 4 4 4 4 4 4 2 2 2 2 2 2 2 2 2 2 