147
100
2
1 1 1 1 1 2 2 2 2 2 2 2 2 2 2 2 2 2 2 2 2 6 6 6 6 6 6 6 6 7 11 11 11 11 11 11 11 11 11 11 11 13 13 13 13 13 14 14 14 14 14 14 14 14 14 14 14 15 15 15 16 16 16 16 16 16 16 16 16 16 16 16 16 16 17 17 18 18 18 18 18 18 20 20 25 25 25 25 25 25 25 26 26 26 26 26 26 26 26 26 26 26 26 26 28 28 28 29 29 29 29 29 29 29 29 29 29 29 29 29 29 30 39 39 39 39 40 40 40 40 42 42 42 42 42 42 42 42 42 42 42 42 42 42 44 46 46 52 52 52 52 52 53 53 53 53 53 53 53 53 56 57 57 57 57 58 58 58 58 58 58 58 59 59 59 59 59 59 59 60 64 65 65 65 67 67 67 67 68 68 68 68 68 68 68 69 69 69 70 70 
91 92 93 44 45 76 77 78 79 80 81 26 27 28 30 31 32 33 34 35 36 147 148 149 150 151 11 12 13 179 14 15 16 17 18 19 20 53 54 55 56 94 95 96 3 4 97 98 99 100 101 102 103 37 38 39 40 181 182 183 107 108 109 110 111 112 113 114 115 116 117 118 119 120 145 146 5 6 7 8 9 10 198 199 184 185 186 187 195 196 197 0 1 2 41 42 43 46 47 48 49 50 51 52 188 189 190 60 61 62 63 64 65 66 67 68 69 70 71 72 73 144 161 162 163 164 152 153 154 155 165 166 167 168 169 170 171 172 173 174 175 176 177 178 121 74 75 21 22 23 24 25 126 127 128 129 191 192 193 194 180 122 123 124 125 130 131 132 133 134 135 136 137 138 139 140 141 142 143 29 160 57 58 59 84 85 86 87 104 105 106 156 157 158 159 88 89 90 82 83 
720 720 720 627 627 731 731 731 731 731 731 610 610 610 847 847 847 847 847 847 847 246 246 246 246 246 610 610 610 489 847 847 847 847 847 847 847 346 346 346 346 221 221 221 627 627 579 579 579 579 579 579 579 346 346 346 346 735 735 735 427 427 427 427 427 427 427 427 427 427 427 427 427 427 614 614 731 731 731 731 731 731 683 683 728 728 728 728 637 637 637 720 720 720 221 221 221 579 579 579 579 579 579 579 788 788 788 427 427 427 427 427 427 427 427 427 427 427 427 427 427 293 408 408 408 408 765 765 765 765 251 251 251 251 251 251 251 195 195 195 195 195 195 195 293 614 614 246 246 246 246 246 765 765 765 765 987 987 987 987 202 408 408 408 408 251 251 251 251 251 251 251 195 195 195 195 195 195 195 489 202 735 735 735 728 728 728 728 788 788 788 987 987 987 987 637 637 637 683 683 
0 1 2 3 4 5 6 7 8 9 10 11 12 13 14 15 16 17 18 19 20 21 22 23 24 25 11 12 13 26 14 15 16 17 18 19 20 27 28 29 30 31 32 33 3 4 34 35 36 37 38 39 40 27 28 29 30 41 42 43 44 45 46 47 48 49 50 51 52 53 54 55 56 57 58 59 5 6 7 8 9 10 60 61 62 63 64 65 66 67 68 0 1 2 31 32 33 34 35 36 37 38 39 40 69 70 71 44 45 46 47 48 49 50 51 52 53 54 55 56 57 72 73 74 75 76 77 78 79 80 81 82 83 84 85 86 87 88 89 90 91 92 93 94 72 58 59 21 22 23 24 25 77 78 79 80 95 96 97 98 99 73 74 75 76 81 82 83 84 85 86 87 88 89 90 91 92 93 94 26 99 41 42 43 62 63 64 65 69 70 71 95 96 97 98 66 67 68 60 61 
53599
24
4 6 1 4 7 2 7 3 3 4 1 3 2 2 3 5 4 3 7 7 4 1 3 14 
40 2 7 39 42 17 42 1 13 25 56 25 1 20 28 6 53 2 14 2 11 30 15 16 
53 18 60 57 58 46 59 26 26 67 64 69 13 70 68 52 68 6 26 11 14 44 65 29 
765 731 489 408 251 614 195 720 221 728 202 637 627 683 788 246 987 610 579 847 346 293 735 427 
7 7 7 12 12 1 1 1 1 1 1 17 17 17 19 19 19 19 19 19 19 15 15 15 15 15 17 17 17 2 19 19 19 19 19 19 19 20 20 20 20 8 8 8 12 12 18 18 18 18 18 18 18 20 20 20 20 22 22 22 23 23 23 23 23 23 23 23 23 23 23 23 23 23 5 5 1 1 1 1 1 1 13 13 9 9 9 9 11 11 11 7 7 7 8 8 8 18 18 18 18 18 18 18 14 14 14 23 23 23 23 23 23 23 23 23 23 23 23 23 23 21 3 3 3 3 0 0 0 0 4 4 4 4 4 4 4 6 6 6 6 6 6 6 21 5 5 15 15 15 15 15 0 0 0 0 16 16 16 16 10 3 3 3 3 4 4 4 4 4 4 4 6 6 6 6 6 6 6 2 10 22 22 22 9 9 9 9 14 14 14 16 16 16 16 11 11 11 13 13 