310
100
2
3 3 3 3 3 3 3 3 3 3 3 3 3 3 3 3 3 3 3 3 3 3 4 4 4 4 4 4 4 4 4 4 4 6 6 6 6 6 6 6 6 16 16 16 16 16 16 16 16 17 17 17 17 17 17 17 17 17 17 17 17 25 25 25 25 25 25 25 25 25 25 28 28 28 28 28 28 28 28 28 28 28 28 36 36 36 36 36 36 36 36 36 36 36 38 38 38 38 38 38 38 38 38 38 38 38 38 38 38 38 38 38 38 38 38 38 38 38 38 38 38 38 38 38 44 44 44 44 44 44 44 44 46 46 46 46 46 46 46 46 46 46 46 46 46 48 48 48 48 48 48 48 48 48 49 49 49 49 49 49 49 49 49 49 49 49 55 55 55 55 55 65 65 65 65 65 65 65 65 65 65 66 66 66 66 66 66 66 66 66 66 68 68 68 68 68 68 68 68 68 
71 72 73 74 75 76 77 78 79 80 81 82 181 182 183 184 185 186 187 188 189 190 83 84 85 86 87 88 89 90 91 92 93 41 42 43 44 45 46 47 48 33 34 35 36 37 38 39 40 154 155 156 157 158 159 160 161 162 163 164 165 171 172 173 174 175 176 177 178 179 180 0 1 2 3 4 5 6 7 8 9 10 11 22 23 24 25 26 27 28 29 30 31 32 95 94 97 96 99 98 101 100 103 102 105 104 107 106 109 108 111 110 113 112 115 114 117 116 119 118 121 120 123 122 137 138 139 140 141 142 143 144 166 167 168 169 170 124 125 126 127 128 129 130 131 191 192 193 194 195 196 197 198 199 49 50 51 52 53 54 55 56 57 58 59 60 132 133 134 135 136 61 62 63 64 65 66 67 68 69 70 12 13 14 15 16 17 18 19 20 21 145 146 147 148 149 150 151 152 153 
964 964 964 964 964 964 964 964 964 964 964 964 269 269 269 269 269 269 269 269 269 269 489 489 489 489 489 489 489 489 489 489 489 548 548 548 548 548 548 548 548 548 548 548 548 548 548 548 548 369 369 369 369 369 369 369 369 369 369 369 369 213 213 213 213 213 213 213 213 213 213 964 964 964 964 964 964 964 964 964 964 964 964 489 489 489 489 489 489 489 489 489 489 489 265 265 265 265 265 265 265 265 265 265 265 265 265 265 265 265 265 265 265 265 265 265 265 265 265 265 265 265 265 265 698 698 698 698 698 698 698 698 811 811 811 811 811 698 698 698 698 698 698 698 698 881 881 881 881 881 881 881 881 881 369 369 369 369 369 369 369 369 369 369 369 369 811 811 811 811 811 213 213 213 213 213 213 213 213 213 213 269 269 269 269 269 269 269 269 269 269 881 881 881 881 881 881 881 881 881 
0 1 2 3 4 5 6 7 8 9 10 11 12 13 14 15 16 17 18 19 20 21 22 23 24 25 26 27 28 29 30 31 32 33 34 35 36 37 38 39 40 33 34 35 36 37 38 39 40 41 42 43 44 45 46 47 48 49 50 51 52 53 54 55 56 57 58 59 60 61 62 0 1 2 3 4 5 6 7 8 9 10 11 22 23 24 25 26 27 28 29 30 31 32 63 63 64 64 65 65 66 66 67 67 68 68 69 69 70 70 71 71 72 72 73 73 74 74 75 75 76 76 77 77 78 79 80 81 82 83 84 85 86 87 88 89 90 78 79 80 81 82 83 84 85 91 92 93 94 95 96 97 98 99 41 42 43 44 45 46 47 48 49 50 51 52 86 87 88 89 90 53 54 55 56 57 58 59 60 61 62 12 13 14 15 16 17 18 19 20 21 91 92 93 94 95 96 97 98 99 
52122
10
12 9 10 12 8 10 5 8 11 15 
3 48 25 17 6 3 46 44 4 38 
28 68 65 49 16 66 55 46 36 38 
964 881 213 369 548 269 811 698 489 265 
0 0 0 0 0 0 0 0 0 0 0 0 5 5 5 5 5 5 5 5 5 5 8 8 8 8 8 8 8 8 8 8 8 4 4 4 4 4 4 4 4 4 4 4 4 4 4 4 4 3 3 3 3 3 3 3 3 3 3 3 3 2 2 2 2 2 2 2 2 2 2 0 0 0 0 0 0 0 0 0 0 0 0 8 8 8 8 8 8 8 8 8 8 8 9 9 9 9 9 9 9 9 9 9 9 9 9 9 9 9 9 9 9 9 9 9 9 9 9 9 9 9 9 9 7 7 7 7 7 7 7 7 6 6 6 6 6 7 7 7 7 7 7 7 7 1 1 1 1 1 1 1 1 1 3 3 3 3 3 3 3 3 3 3 3 3 6 6 6 6 6 2 2 2 2 2 2 2 2 2 2 5 5 5 5 5 5 5 5 5 5 1 1 1 1 1 1 1 1 1 