150
100
2
2 2 2 2 2 2 2 2 4 4 4 4 4 4 4 4 4 4 4 4 5 5 5 5 5 5 5 9 9 9 9 9 9 9 16 16 25 25 25 25 25 25 25 25 25 25 25 25 25 25 25 25 25 25 25 25 25 25 25 26 26 26 26 26 26 26 29 29 29 29 29 29 29 29 29 29 29 29 29 29 33 33 33 33 33 33 33 34 34 34 34 34 37 37 37 37 40 40 40 40 40 47 47 47 47 47 47 47 50 50 50 50 50 50 50 50 50 50 50 50 50 50 50 50 50 50 51 51 51 51 51 51 51 51 51 51 51 51 51 51 51 51 51 51 52 52 52 52 52 52 55 55 55 55 55 55 57 57 57 57 57 57 57 59 59 61 61 61 61 61 61 62 62 62 62 62 62 62 62 62 62 62 62 62 62 62 62 62 62 65 65 65 65 66 66 66 66 66 66 66 
72 73 74 75 76 77 78 79 36 37 38 39 40 41 42 43 44 45 46 47 101 102 103 104 105 106 107 126 127 128 129 130 131 132 163 164 8 9 10 11 12 13 14 15 16 17 18 19 133 134 135 136 137 138 139 140 141 142 143 80 81 82 83 84 85 86 165 166 167 168 169 170 0 1 2 3 4 5 6 7 59 60 61 62 63 64 65 96 97 98 99 100 189 190 191 192 87 88 89 90 91 20 21 22 23 24 25 26 171 172 173 174 175 176 177 178 179 180 181 182 183 184 185 186 187 188 27 28 29 30 31 32 33 48 49 50 51 52 53 54 55 56 57 58 150 151 152 153 154 155 144 145 146 147 148 149 193 194 195 196 197 198 199 34 35 66 67 68 69 70 71 108 109 110 111 112 113 114 115 116 117 118 119 120 121 122 123 124 125 92 93 94 95 156 157 158 159 160 161 162 
235 235 235 235 235 235 235 235 565 565 565 565 565 565 565 565 565 565 565 565 844 844 844 844 844 844 844 615 615 615 615 615 615 615 279 279 565 565 565 565 565 565 565 565 565 565 565 565 183 183 183 183 183 183 183 183 183 183 183 479 479 479 479 479 479 479 331 331 331 331 331 331 235 235 235 235 235 235 235 235 479 479 479 479 479 479 479 640 640 640 640 640 272 272 272 272 640 640 640 640 640 844 844 844 844 844 844 844 374 374 374 374 374 374 374 374 374 374 374 374 374 374 374 374 374 374 615 615 615 615 615 615 615 183 183 183 183 183 183 183 183 183 183 183 387 387 387 387 387 387 387 387 387 387 387 387 273 273 273 273 273 273 273 279 279 331 331 331 331 331 331 374 374 374 374 374 374 374 374 374 374 374 374 374 374 374 374 374 374 272 272 272 272 273 273 273 273 273 273 273 
0 1 2 3 4 5 6 7 8 9 10 11 12 13 14 15 16 17 18 19 20 21 22 23 24 25 26 27 28 29 30 31 32 33 34 35 8 9 10 11 12 13 14 15 16 17 18 19 36 37 38 39 40 41 42 43 44 45 46 47 48 49 50 51 52 53 54 55 56 57 58 59 0 1 2 3 4 5 6 7 47 48 49 50 51 52 53 60 61 62 63 64 65 66 67 68 60 61 62 63 64 20 21 22 23 24 25 26 69 70 71 72 73 74 75 76 77 78 79 80 81 82 83 84 85 86 27 28 29 30 31 32 33 36 37 38 39 40 41 42 43 44 45 46 87 88 89 90 91 92 87 88 89 90 91 92 93 94 95 96 97 98 99 34 35 54 55 56 57 58 59 69 70 71 72 73 74 75 76 77 78 79 80 81 82 83 84 85 86 65 66 67 68 93 94 95 96 97 98 99 
42036
13
7 6 4 7 5 7 8 12 11 7 2 6 18 
26 29 37 9 34 5 2 4 25 57 16 52 50 
33 61 65 51 40 47 29 25 51 66 59 55 62 
479 331 272 615 640 844 235 565 183 273 279 387 374 
6 6 6 6 6 6 6 6 7 7 7 7 7 7 7 7 7 7 7 7 5 5 5 5 5 5 5 3 3 3 3 3 3 3 10 10 7 7 7 7 7 7 7 7 7 7 7 7 8 8 8 8 8 8 8 8 8 8 8 0 0 0 0 0 0 0 1 1 1 1 1 1 6 6 6 6 6 6 6 6 0 0 0 0 0 0 0 4 4 4 4 4 2 2 2 2 4 4 4 4 4 5 5 5 5 5 5 5 12 12 12 12 12 12 12 12 12 12 12 12 12 12 12 12 12 12 3 3 3 3 3 3 3 8 8 8 8 8 8 8 8 8 8 8 11 11 11 11 11 11 11 11 11 11 11 11 9 9 9 9 9 9 9 10 10 1 1 1 1 1 1 12 12 12 12 12 12 12 12 12 12 12 12 12 12 12 12 12 12 2 2 2 2 9 9 9 9 9 9 9 