242
100
2
3 3 3 3 3 3 3 3 3 3 3 3 5 5 5 7 7 7 7 7 7 7 7 7 7 7 7 8 8 8 10 10 10 10 10 15 15 16 16 16 16 16 16 17 17 17 17 17 17 17 17 19 19 19 19 19 19 19 19 19 19 19 19 25 25 25 25 25 25 25 25 27 27 27 27 29 29 29 29 29 29 29 29 31 31 31 31 34 34 34 34 34 34 34 34 34 34 34 34 35 35 35 35 35 35 36 36 36 36 40 40 40 40 40 40 40 40 40 40 40 40 42 42 42 42 44 44 44 44 44 44 44 44 44 45 45 45 45 45 45 45 45 45 45 45 45 51 51 51 52 52 52 52 52 52 56 56 56 56 56 58 58 60 60 60 61 61 61 61 61 61 61 61 61 61 61 61 64 64 64 64 64 64 65 65 65 65 67 67 67 67 67 69 69 69 69 69 69 69 69 
57 58 59 60 61 62 21 22 23 24 25 26 146 147 148 51 52 53 54 55 56 6 7 8 9 10 11 40 41 42 187 188 189 190 191 160 161 165 166 167 27 28 29 192 193 194 195 196 197 198 199 15 16 17 18 19 20 0 1 2 3 4 5 75 76 77 78 79 80 81 82 121 122 123 124 63 64 65 66 67 68 69 70 183 184 185 186 134 135 136 137 138 139 140 141 142 143 144 145 149 150 151 152 153 154 173 174 175 176 110 109 112 111 114 113 116 115 118 117 120 119 71 72 73 74 177 178 179 180 181 182 162 163 164 87 88 89 90 91 92 93 94 95 96 97 98 12 13 14 99 100 101 102 103 104 168 169 170 171 172 35 36 131 132 133 37 38 39 155 156 157 158 159 105 106 107 108 125 126 127 128 129 130 83 84 85 86 30 31 32 33 34 43 44 45 46 47 48 49 50 
414 414 414 414 414 414 353 353 353 353 353 353 209 209 209 274 274 274 274 274 274 353 353 353 353 353 353 417 417 417 620 620 620 620 620 954 954 203 203 203 417 417 417 787 787 787 787 787 787 787 787 274 274 274 274 274 274 414 414 414 414 414 414 632 632 632 632 632 632 632 632 914 914 914 914 632 632 632 632 632 632 632 632 661 661 661 661 906 906 906 906 906 906 906 906 906 906 906 906 673 673 673 673 673 673 492 492 492 492 987 987 987 987 987 987 987 987 987 987 987 987 914 914 914 914 513 513 513 513 513 513 436 436 436 906 906 906 906 906 906 906 906 906 906 906 906 209 209 209 673 673 673 673 673 673 288 288 288 288 288 954 954 436 436 436 203 203 203 288 288 288 288 288 492 492 492 492 513 513 513 513 513 513 661 661 661 661 620 620 620 620 620 787 787 787 787 787 787 787 787 
0 1 2 3 4 5 6 7 8 9 10 11 12 13 14 15 16 17 18 19 20 6 7 8 9 10 11 21 22 23 24 25 26 27 28 29 30 31 32 33 21 22 23 34 35 36 37 38 39 40 41 15 16 17 18 19 20 0 1 2 3 4 5 42 43 44 45 46 47 48 49 50 51 52 53 42 43 44 45 46 47 48 49 54 55 56 57 58 59 60 61 62 63 64 65 66 67 68 69 70 71 72 73 74 75 76 77 78 79 80 80 81 81 82 82 83 83 84 84 85 85 50 51 52 53 86 87 88 89 90 91 92 93 94 58 59 60 61 62 63 64 65 66 67 68 69 12 13 14 70 71 72 73 74 75 95 96 97 98 99 29 30 92 93 94 31 32 33 95 96 97 98 99 76 77 78 79 86 87 88 89 90 91 54 55 56 57 24 25 26 27 28 34 35 36 37 38 39 40 41 
60019
19
6 6 8 5 4 3 4 3 6 2 3 6 3 5 6 4 8 6 12 
7 44 17 10 31 44 27 5 3 15 16 3 8 56 40 36 25 35 34 
19 64 69 67 65 60 42 51 19 58 61 7 16 61 40 61 29 52 45 
274 513 787 620 661 436 914 209 414 954 203 353 417 288 987 492 632 673 906 
8 8 8 8 8 8 11 11 11 11 11 11 7 7 7 0 0 0 0 0 0 11 11 11 11 11 11 12 12 12 3 3 3 3 3 9 9 10 10 10 12 12 12 2 2 2 2 2 2 2 2 0 0 0 0 0 0 8 8 8 8 8 8 16 16 16 16 16 16 16 16 6 6 6 6 16 16 16 16 16 16 16 16 4 4 4 4 18 18 18 18 18 18 18 18 18 18 18 18 17 17 17 17 17 17 15 15 15 15 14 14 14 14 14 14 14 14 14 14 14 14 6 6 6 6 1 1 1 1 1 1 5 5 5 18 18 18 18 18 18 18 18 18 18 18 18 7 7 7 17 17 17 17 17 17 13 13 13 13 13 9 9 5 5 5 10 10 10 13 13 13 13 13 15 15 15 15 1 1 1 1 1 1 4 4 4 4 3 3 3 3 3 2 2 2 2 2 2 2 2 