991
100
2
1 1 1 1 1 1 1 1 1 1 1 1 1 1 1 1 1 1 3 3 6 6 6 7 8 9 9 9 9 9 13 13 13 13 13 13 13 13 13 13 13 13 13 13 13 13 13 13 13 14 14 14 14 14 15 15 15 15 18 18 18 19 19 19 19 19 22 22 22 22 23 23 23 24 24 24 26 26 26 26 28 28 29 29 29 29 31 31 33 33 33 35 35 37 37 37 37 38 38 38 38 38 38 38 38 38 38 38 38 39 39 39 39 39 39 39 39 39 39 41 41 41 41 43 43 46 46 46 46 46 47 47 47 47 47 47 47 47 48 48 48 48 50 50 50 50 50 52 52 52 52 52 52 53 53 53 53 54 54 54 54 54 54 54 54 54 54 54 54 55 55 57 57 57 57 57 58 58 58 58 59 59 59 59 59 59 59 61 61 61 61 61 62 63 63 63 63 63 68 68 
31 32 33 34 35 36 37 38 39 40 41 42 43 44 45 46 47 48 147 148 25 26 27 124 199 20 21 22 149 150 176 0 1 2 3 4 5 6 7 8 9 10 11 12 13 14 15 16 17 161 162 163 164 165 82 83 84 85 166 167 168 119 120 121 122 90 88 89 86 87 73 74 75 70 71 72 114 115 116 117 169 170 54 55 56 57 68 69 66 67 65 151 152 97 98 99 100 93 94 95 96 171 172 173 174 175 184 185 186 125 126 127 128 129 76 77 78 79 123 61 62 63 64 118 23 109 110 111 112 113 177 178 179 142 143 144 145 146 180 181 182 183 133 134 135 136 137 18 19 28 29 91 92 157 158 159 160 153 154 155 156 49 50 51 52 53 58 59 60 80 81 101 102 103 104 105 30 130 131 132 138 139 140 141 106 107 108 193 194 195 196 197 198 187 188 189 190 191 192 24 
737 737 737 737 737 737 737 737 737 737 737 737 737 737 737 737 737 737 423 423 256 256 256 651 471 256 256 256 487 487 749 737 737 737 737 737 737 737 737 737 737 737 737 737 737 737 737 737 737 710 710 710 710 710 581 581 581 581 409 409 409 230 230 230 230 788 253 253 287 287 441 441 441 441 441 441 533 533 533 533 699 699 581 581 581 581 287 287 253 253 788 884 884 891 891 891 891 891 891 891 891 672 672 672 672 672 812 812 812 893 893 893 893 893 533 533 533 533 961 230 230 230 230 961 651 893 893 893 893 893 756 756 756 479 479 479 479 479 306 306 306 306 479 479 479 479 479 423 423 487 487 884 884 343 343 343 343 343 343 343 343 710 710 710 710 710 409 409 409 699 699 672 672 672 672 672 749 756 756 756 306 306 306 306 812 812 812 255 255 255 255 255 667 255 255 255 255 255 667 471 
0 1 2 3 4 5 6 7 8 9 10 11 12 13 14 15 16 17 18 19 20 21 22 23 24 20 21 22 25 26 27 0 1 2 3 4 5 6 7 8 9 10 11 12 13 14 15 16 17 28 29 30 31 32 33 34 35 36 37 38 39 40 41 42 43 44 45 46 47 48 49 50 51 49 50 51 52 53 54 55 56 57 33 34 35 36 47 48 45 46 44 58 59 60 61 62 63 60 61 62 63 64 65 66 67 68 69 70 71 72 73 74 75 76 52 53 54 55 77 40 41 42 43 77 23 72 73 74 75 76 78 79 80 81 82 83 84 85 86 87 88 89 81 82 83 84 85 18 19 25 26 58 59 90 91 92 93 90 91 92 93 28 29 30 31 32 37 38 39 56 57 64 65 66 67 68 27 78 79 80 86 87 88 89 69 70 71 94 95 96 97 98 99 94 95 96 97 98 99 24 
58222
29
2 5 4 1 1 2 3 4 5 4 1 3 2 4 4 2 1 3 5 5 1 4 5 1 3 2 2 3 18 
22 39 53 13 62 22 6 26 61 15 8 47 3 37 19 28 39 23 14 38 19 48 47 7 18 9 35 38 1 
33 46 54 58 68 31 9 39 63 29 68 58 52 38 41 55 43 24 54 57 33 59 50 43 54 52 52 59 13 
253 893 343 749 667 287 256 533 255 581 471 756 423 891 230 699 961 441 710 672 788 306 479 651 409 487 884 812 737 
28 28 28 28 28 28 28 28 28 28 28 28 28 28 28 28 28 28 12 12 6 6 6 23 10 6 6 6 25 25 3 28 28 28 28 28 28 28 28 28 28 28 28 28 28 28 28 28 28 18 18 18 18 18 9 9 9 9 24 24 24 14 14 14 14 20 0 0 5 5 17 17 17 17 17 17 7 7 7 7 15 15 9 9 9 9 5 5 0 0 20 26 26 13 13 13 13 13 13 13 13 19 19 19 19 19 27 27 27 1 1 1 1 1 7 7 7 7 16 14 14 14 14 16 23 1 1 1 1 1 11 11 11 22 22 22 22 22 21 21 21 21 22 22 22 22 22 12 12 25 25 26 26 2 2 2 2 2 2 2 2 18 18 18 18 18 24 24 24 15 15 19 19 19 19 19 3 11 11 11 21 21 21 21 27 27 27 8 8 8 8 8 4 8 8 8 8 8 4 10 