688
100
2
5 5 8 8 8 8 10 10 10 10 10 10 10 10 10 10 10 10 10 11 11 11 11 12 12 12 12 12 13 13 13 14 14 14 14 14 14 14 16 16 16 19 19 19 19 19 19 19 20 20 20 20 20 20 20 21 21 21 21 22 22 22 22 23 23 23 23 23 27 27 29 29 29 29 29 30 30 30 34 34 34 34 34 34 35 35 35 35 35 35 35 35 35 35 35 35 35 35 35 35 35 35 37 37 38 38 41 41 41 42 42 42 43 46 46 46 47 47 47 47 47 47 47 47 47 47 47 47 47 47 47 47 47 47 47 48 48 48 49 49 50 50 50 50 50 51 51 51 51 51 55 55 55 55 55 56 56 56 56 56 56 56 56 57 57 57 57 60 60 60 60 60 60 60 60 61 61 61 61 61 63 65 65 65 65 65 67 67 67 67 67 67 67 67 67 68 68 68 68 68 
46 47 19 20 21 22 172 173 174 10 9 12 11 14 13 16 15 18 17 2 3 4 5 31 32 33 34 35 73 74 83 23 24 25 26 27 37 36 70 71 72 181 182 183 184 185 0 1 78 79 80 81 82 153 154 159 160 161 162 191 192 193 194 106 107 108 104 105 102 103 38 39 40 28 29 116 138 139 48 49 50 51 52 30 117 118 119 120 121 122 123 124 125 126 127 128 129 130 131 132 133 134 68 69 66 67 63 64 65 135 136 137 180 150 151 152 75 84 85 86 87 88 89 90 91 92 93 94 95 96 97 98 99 100 101 109 110 111 76 77 195 196 197 198 199 175 176 177 178 179 113 114 115 53 54 163 164 165 166 55 56 57 58 155 156 157 158 186 187 188 189 190 6 7 8 145 146 147 148 149 112 41 42 43 44 45 167 168 169 170 171 59 60 61 62 140 141 142 143 144 
977 977 175 175 175 175 252 252 252 932 932 932 932 932 932 932 932 932 932 175 175 175 175 592 592 592 592 592 291 291 190 592 592 592 592 592 202 202 972 972 972 185 185 185 185 185 977 977 309 309 309 309 309 786 786 281 281 281 281 381 381 381 381 302 302 302 532 532 158 158 972 972 972 291 291 479 319 319 309 309 309 309 309 190 376 376 376 376 376 376 376 376 376 376 376 376 376 376 376 376 376 376 158 158 532 532 302 302 302 182 182 182 808 732 732 732 479 376 376 376 376 376 376 376 376 376 376 376 376 376 376 376 376 376 376 182 182 182 319 319 801 801 801 801 801 489 489 489 489 489 732 732 732 786 786 889 889 889 889 281 281 281 281 889 889 889 889 503 503 503 503 503 252 252 252 489 489 489 489 489 808 185 185 185 185 185 503 503 503 503 503 381 381 381 381 801 801 801 801 801 
0 1 2 3 4 5 6 7 8 9 9 10 10 11 11 12 12 13 13 2 3 4 5 14 15 16 17 18 19 20 21 14 15 16 17 18 22 22 23 24 25 26 27 28 29 30 0 1 31 32 33 34 35 36 37 38 39 40 41 42 43 44 45 46 47 48 49 50 51 52 23 24 25 19 20 53 54 55 31 32 33 34 35 21 56 57 58 59 60 61 62 63 64 65 66 67 68 69 70 71 72 73 51 52 49 50 46 47 48 74 75 76 77 78 79 80 53 56 57 58 59 60 61 62 63 64 65 66 67 68 69 70 71 72 73 74 75 76 54 55 81 82 83 84 85 86 87 88 89 90 78 79 80 36 37 91 92 93 94 38 39 40 41 91 92 93 94 95 96 97 98 99 6 7 8 86 87 88 89 90 77 26 27 28 29 30 95 96 97 98 99 42 43 44 45 81 82 83 84 85 
47852
27
5 4 2 5 5 4 3 5 5 1 4 5 3 3 3 2 4 3 2 2 1 5 1 1 2 2 18 
20 56 27 12 51 21 42 60 19 30 8 50 16 10 23 13 22 46 5 20 13 10 14 43 23 30 35 
34 57 37 14 61 56 48 67 65 47 11 68 29 60 41 29 67 55 19 55 34 10 14 63 38 49 47 
309 889 158 592 489 281 182 503 185 479 175 801 972 252 302 291 381 732 977 786 190 932 202 808 532 319 376 
18 18 10 10 10 10 13 13 13 21 21 21 21 21 21 21 21 21 21 10 10 10 10 3 3 3 3 3 15 15 20 3 3 3 3 3 22 22 12 12 12 8 8 8 8 8 18 18 0 0 0 0 0 19 19 5 5 5 5 16 16 16 16 14 14 14 24 24 2 2 12 12 12 15 15 9 25 25 0 0 0 0 0 20 26 26 26 26 26 26 26 26 26 26 26 26 26 26 26 26 26 26 2 2 24 24 14 14 14 6 6 6 23 17 17 17 9 26 26 26 26 26 26 26 26 26 26 26 26 26 26 26 26 26 26 6 6 6 25 25 11 11 11 11 11 4 4 4 4 4 17 17 17 19 19 1 1 1 1 5 5 5 5 1 1 1 1 7 7 7 7 7 13 13 13 4 4 4 4 4 23 8 8 8 8 8 7 7 7 7 7 16 16 16 16 11 11 11 11 11 