605
100
2
2 2 5 5 7 7 7 7 7 7 9 9 10 10 10 10 11 11 11 11 13 13 13 13 13 14 14 14 16 16 16 16 17 17 17 17 17 17 18 18 18 18 18 18 18 18 18 18 18 22 22 23 23 23 23 23 23 23 23 23 23 23 23 23 23 23 23 23 25 25 26 26 27 27 28 28 28 28 30 30 30 35 35 35 35 35 35 35 35 35 36 36 37 37 37 37 38 38 38 38 39 39 39 39 39 43 43 43 43 43 43 43 43 43 43 43 43 43 43 43 43 43 44 44 46 46 46 46 48 48 48 48 48 50 50 50 50 50 50 51 51 51 51 51 51 51 51 51 53 53 53 54 54 54 54 55 55 55 55 56 56 56 56 56 57 57 57 57 58 58 58 58 58 59 59 59 59 59 59 59 59 59 62 62 62 62 63 63 63 63 63 63 63 64 68 68 69 69 69 69 
122 123 25 26 43 44 45 46 10 11 8 9 92 93 94 95 86 87 88 89 90 91 170 171 172 2 3 132 148 149 150 147 182 183 184 185 79 80 100 101 102 103 104 4 5 6 7 162 163 72 73 105 106 107 108 109 110 111 112 113 114 115 116 117 118 119 120 121 70 71 68 69 49 50 139 140 141 142 193 36 37 177 178 179 180 181 16 17 18 19 20 21 12 13 14 15 124 125 126 127 38 39 40 41 42 51 52 53 54 55 56 57 58 59 60 61 62 63 64 65 66 67 0 1 96 97 98 99 196 197 198 199 27 159 160 161 190 191 192 74 75 76 77 155 156 157 158 31 28 29 30 173 174 175 176 143 144 145 146 133 134 135 47 48 186 187 188 189 194 195 22 23 24 151 152 153 154 81 82 83 84 85 32 33 34 35 164 165 166 167 136 137 138 78 168 169 128 129 130 131 
335 335 983 983 186 186 186 186 275 275 275 275 453 453 453 453 262 262 262 262 613 613 928 928 928 983 983 823 285 285 285 230 228 228 228 228 479 479 427 427 427 427 427 186 186 186 186 524 524 878 878 264 264 264 264 264 264 264 264 264 264 264 264 264 264 264 264 264 661 661 661 661 878 878 230 230 230 230 966 479 479 412 412 412 412 412 262 262 262 262 613 613 453 453 453 453 520 520 520 520 427 427 427 427 427 264 264 264 264 264 264 264 264 264 264 264 264 264 264 264 264 264 335 335 520 520 520 520 549 549 549 549 823 593 593 593 309 309 309 230 230 230 230 458 458 458 458 230 285 285 285 459 459 459 459 458 458 458 458 593 593 593 524 524 388 388 388 388 549 549 928 928 928 459 459 459 459 412 412 412 412 412 228 228 228 228 388 388 388 388 309 309 309 966 549 549 549 549 549 549 
0 1 2 3 4 5 6 7 8 9 8 9 10 11 12 13 14 15 16 17 18 19 20 21 22 2 3 23 24 25 26 27 28 29 30 31 32 33 34 35 36 37 38 4 5 6 7 39 40 41 42 43 44 45 46 47 48 49 50 51 52 53 54 55 56 57 58 59 60 61 60 61 41 42 62 63 64 65 66 32 33 67 68 69 70 71 14 15 16 17 18 19 10 11 12 13 72 73 74 75 34 35 36 37 38 43 44 45 46 47 48 49 50 51 52 53 54 55 56 57 58 59 0 1 72 73 74 75 76 77 78 79 23 80 81 82 83 84 85 62 63 64 65 86 87 88 89 27 24 25 26 90 91 92 93 86 87 88 89 80 81 82 39 40 94 95 96 97 98 99 20 21 22 90 91 92 93 67 68 69 70 71 28 29 30 31 94 95 96 97 83 84 85 66 98 99 76 77 78 79 
42573
29
4 3 2 4 4 4 5 1 2 2 3 4 3 2 3 2 5 4 4 2 4 4 2 1 1 2 2 4 17 
28 50 13 54 57 17 35 30 2 58 50 51 13 22 16 5 18 48 38 25 7 10 17 16 14 18 7 11 23 
51 56 36 59 63 62 59 64 44 68 63 55 58 27 53 14 39 69 46 26 18 37 30 51 48 56 9 35 43 
230 593 613 459 388 228 412 966 335 549 309 458 928 878 285 983 427 549 520 661 186 453 479 230 823 524 275 262 264 
8 8 15 15 20 20 20 20 26 26 26 26 21 21 21 21 27 27 27 27 2 2 12 12 12 15 15 24 14 14 14 23 5 5 5 5 22 22 16 16 16 16 16 20 20 20 20 25 25 13 13 28 28 28 28 28 28 28 28 28 28 28 28 28 28 28 28 28 19 19 19 19 13 13 0 0 0 0 7 22 22 6 6 6 6 6 27 27 27 27 2 2 21 21 21 21 18 18 18 18 16 16 16 16 16 28 28 28 28 28 28 28 28 28 28 28 28 28 28 28 28 28 8 8 18 18 18 18 17 17 17 17 24 1 1 1 10 10 10 0 0 0 0 11 11 11 11 23 14 14 14 3 3 3 3 11 11 11 11 1 1 1 25 25 4 4 4 4 9 9 12 12 12 3 3 3 3 6 6 6 6 6 5 5 5 5 4 4 4 4 10 10 10 7 9 9 17 17 17 17 