544
100
2
2 2 2 2 4 4 4 4 4 4 4 4 4 4 5 5 5 5 5 5 5 12 12 12 12 12 15 15 15 16 16 16 16 16 16 16 16 16 16 16 17 17 17 17 17 17 17 17 17 17 17 20 20 20 20 20 21 21 21 21 24 24 24 24 24 24 24 25 25 25 25 25 26 26 26 26 30 30 30 30 30 30 30 30 30 33 33 33 33 34 34 34 34 34 35 35 35 35 35 35 37 37 37 37 37 37 37 40 40 40 40 40 40 40 40 40 40 40 40 40 40 40 40 41 41 41 41 41 41 43 43 43 43 43 43 45 45 45 45 45 51 51 51 51 51 51 52 52 52 52 52 52 53 53 53 53 60 60 60 60 62 62 62 62 62 62 64 64 64 64 64 64 65 69 69 69 69 70 70 70 70 70 70 70 70 70 70 70 70 70 70 70 70 70 70 70 70 70 70 70 
156 157 158 159 123 124 125 126 127 128 81 82 83 84 44 45 46 47 48 49 50 177 178 26 27 28 23 24 25 146 147 148 149 150 151 89 90 91 92 93 72 73 74 75 14 15 16 17 18 19 20 67 68 69 70 71 152 153 154 155 100 101 102 103 104 105 106 51 52 53 54 55 40 41 42 43 179 180 181 182 183 10 11 12 13 173 174 175 176 35 36 37 38 39 129 130 131 132 133 134 60 61 62 63 64 65 66 184 185 186 187 188 189 190 191 192 193 194 195 196 197 198 199 4 5 6 7 8 9 94 95 96 97 98 99 166 167 168 169 170 160 161 162 163 164 165 29 30 31 32 33 34 56 57 58 59 0 1 2 3 140 141 142 143 144 145 135 136 137 138 139 172 171 85 86 87 88 21 22 76 77 78 79 80 107 108 109 110 111 112 113 114 115 116 117 118 119 120 121 122 
772 772 772 772 513 513 513 513 513 513 538 538 538 538 399 399 399 399 399 399 399 482 482 966 966 966 966 966 966 854 854 854 854 854 854 683 683 683 683 683 209 209 209 209 399 399 399 399 399 399 399 228 228 228 228 228 256 256 256 256 840 840 840 840 840 840 840 228 228 228 228 228 209 209 209 209 602 602 602 602 602 538 538 538 538 543 543 543 543 683 683 683 683 683 346 346 346 346 346 346 840 840 840 840 840 840 840 370 370 370 370 370 370 370 370 370 370 370 370 370 370 370 370 513 513 513 513 513 513 346 346 346 346 346 346 345 345 345 345 345 664 664 664 664 664 664 854 854 854 854 854 854 256 256 256 256 772 772 772 772 664 664 664 664 664 664 345 345 345 345 345 253 253 543 543 543 543 482 482 602 602 602 602 602 370 370 370 370 370 370 370 370 370 370 370 370 370 370 370 370 
0 1 2 3 4 5 6 7 8 9 10 11 12 13 14 15 16 17 18 19 20 21 22 23 24 25 23 24 25 26 27 28 29 30 31 32 33 34 35 36 37 38 39 40 14 15 16 17 18 19 20 41 42 43 44 45 46 47 48 49 50 51 52 53 54 55 56 41 42 43 44 45 37 38 39 40 57 58 59 60 61 10 11 12 13 62 63 64 65 32 33 34 35 36 66 67 68 69 70 71 50 51 52 53 54 55 56 72 73 74 75 76 77 78 79 80 81 82 83 84 85 86 87 4 5 6 7 8 9 66 67 68 69 70 71 88 89 90 91 92 93 94 95 96 97 98 26 27 28 29 30 31 46 47 48 49 0 1 2 3 93 94 95 96 97 98 88 89 90 91 92 99 99 62 63 64 65 21 22 57 58 59 60 61 72 73 74 75 76 77 78 79 80 81 82 83 84 85 86 87 
51532
19
6 2 5 4 5 7 4 4 7 6 5 5 6 1 3 4 6 4 16 
16 12 30 33 45 24 21 17 5 4 16 20 35 64 12 2 51 4 40 
52 70 70 69 64 37 53 26 17 41 34 25 43 65 15 60 62 30 70 
854 482 602 543 345 840 256 209 399 513 683 228 346 253 966 772 664 538 370 
15 15 15 15 9 9 9 9 9 9 17 17 17 17 8 8 8 8 8 8 8 1 1 14 14 14 14 14 14 0 0 0 0 0 0 10 10 10 10 10 7 7 7 7 8 8 8 8 8 8 8 11 11 11 11 11 6 6 6 6 5 5 5 5 5 5 5 11 11 11 11 11 7 7 7 7 2 2 2 2 2 17 17 17 17 3 3 3 3 10 10 10 10 10 12 12 12 12 12 12 5 5 5 5 5 5 5 18 18 18 18 18 18 18 18 18 18 18 18 18 18 18 18 9 9 9 9 9 9 12 12 12 12 12 12 4 4 4 4 4 16 16 16 16 16 16 0 0 0 0 0 0 6 6 6 6 15 15 15 15 16 16 16 16 16 16 4 4 4 4 4 13 13 3 3 3 3 1 1 2 2 2 2 2 18 18 18 18 18 18 18 18 18 18 18 18 18 18 18 18 