246
100
2
1 1 1 1 1 1 1 1 1 1 1 6 6 6 6 6 6 6 6 6 6 7 7 7 10 10 10 10 10 10 10 10 10 10 10 10 10 10 10 10 10 10 10 10 10 10 10 10 12 12 12 12 12 12 12 12 12 12 12 12 16 16 16 16 16 16 16 16 16 16 22 22 22 26 26 26 26 26 26 26 26 26 26 26 26 26 35 35 35 35 35 35 35 35 35 35 42 42 42 42 42 42 42 42 42 42 42 43 43 47 47 47 47 47 47 47 47 47 47 47 49 49 49 49 49 49 49 49 49 49 49 49 49 53 53 53 53 53 57 57 57 57 57 57 57 57 57 57 60 60 60 60 60 60 60 60 60 60 60 63 63 63 63 63 64 64 64 64 64 64 64 64 64 64 64 64 64 64 64 64 64 64 64 64 64 64 66 66 69 69 69 69 69 69 69 69 69 69 69 69 
175 176 177 178 179 180 181 182 183 184 185 138 139 140 141 142 143 144 145 146 147 70 71 72 25 24 27 26 29 28 31 30 33 32 35 34 37 36 39 38 41 40 43 42 45 44 47 46 188 189 190 191 192 193 194 195 196 197 198 199 86 87 88 89 90 91 92 93 94 95 21 22 23 120 121 122 123 124 125 126 127 128 129 130 131 132 60 61 62 63 64 65 66 67 68 69 164 165 166 167 168 169 170 171 172 173 174 186 187 148 149 150 151 152 153 154 155 156 157 158 73 74 75 76 77 78 79 80 81 82 83 84 85 159 160 161 162 163 11 12 13 14 15 16 17 18 19 20 109 110 111 112 113 114 115 116 117 118 119 133 134 135 136 137 96 97 98 99 100 101 102 103 104 105 106 0 1 2 3 4 5 6 7 8 9 10 107 108 48 49 50 51 52 53 54 55 56 57 58 59 
229 229 229 229 229 229 229 229 229 229 229 788 788 788 788 788 788 788 788 788 788 723 723 723 822 822 822 822 822 822 822 822 822 822 822 822 822 822 822 822 822 822 822 822 822 822 822 822 253 253 253 253 253 253 253 253 253 253 253 253 882 882 882 882 882 882 882 882 882 882 723 723 723 895 895 895 895 895 895 895 895 895 895 895 895 895 882 882 882 882 882 882 882 882 882 882 884 884 884 884 884 884 884 884 884 884 884 579 579 476 476 476 476 476 476 476 476 476 476 476 895 895 895 895 895 895 895 895 895 895 895 895 895 285 285 285 285 285 788 788 788 788 788 788 788 788 788 788 476 476 476 476 476 476 476 476 476 476 476 285 285 285 285 285 884 884 884 884 884 884 884 884 884 884 884 229 229 229 229 229 229 229 229 229 229 229 579 579 253 253 253 253 253 253 253 253 253 253 253 253 
0 1 2 3 4 5 6 7 8 9 10 11 12 13 14 15 16 17 18 19 20 21 22 23 24 24 25 25 26 26 27 27 28 28 29 29 30 30 31 31 32 32 33 33 34 34 35 35 36 37 38 39 40 41 42 43 44 45 46 47 48 49 50 51 52 53 54 55 56 57 21 22 23 58 59 60 61 62 63 64 65 66 67 68 69 70 48 49 50 51 52 53 54 55 56 57 71 72 73 74 75 76 77 78 79 80 81 82 83 84 85 86 87 88 89 90 91 92 93 94 58 59 60 61 62 63 64 65 66 67 68 69 70 95 96 97 98 99 11 12 13 14 15 16 17 18 19 20 84 85 86 87 88 89 90 91 92 93 94 95 96 97 98 99 71 72 73 74 75 76 77 78 79 80 81 0 1 2 3 4 5 6 7 8 9 10 82 83 36 37 38 39 40 41 42 43 44 45 46 47 
63466
11
13 11 11 11 12 10 2 5 12 3 10 
26 42 1 47 10 16 43 53 12 7 6 
49 64 64 60 10 35 66 63 69 22 57 
895 884 229 476 822 882 579 285 253 723 788 
2 2 2 2 2 2 2 2 2 2 2 10 10 10 10 10 10 10 10 10 10 9 9 9 4 4 4 4 4 4 4 4 4 4 4 4 4 4 4 4 4 4 4 4 4 4 4 4 8 8 8 8 8 8 8 8 8 8 8 8 5 5 5 5 5 5 5 5 5 5 9 9 9 0 0 0 0 0 0 0 0 0 0 0 0 0 5 5 5 5 5 5 5 5 5 5 1 1 1 1 1 1 1 1 1 1 1 6 6 3 3 3 3 3 3 3 3 3 3 3 0 0 0 0 0 0 0 0 0 0 0 0 0 7 7 7 7 7 10 10 10 10 10 10 10 10 10 10 3 3 3 3 3 3 3 3 3 3 3 7 7 7 7 7 1 1 1 1 1 1 1 1 1 1 1 2 2 2 2 2 2 2 2 2 2 2 6 6 8 8 8 8 8 8 8 8 8 8 8 8 