100
100
2
1 1 1 1 1 1 1 3 3 4 4 4 4 4 4 4 4 12 12 12 12 12 12 12 12 12 12 20 20 20 23 23 23 23 23 23 23 23 23 23 24 24 24 24 24 24 27 27 27 27 27 27 27 28 28 28 28 28 28 28 28 28 28 28 28 28 28 31 31 31 32 32 32 32 32 32 32 32 32 32 32 32 32 33 33 33 33 33 33 33 33 33 33 33 33 33 33 33 33 33 33 35 35 35 35 35 35 35 35 37 37 38 38 38 38 41 41 41 41 41 41 44 44 44 44 44 44 46 46 46 46 46 49 49 49 49 56 56 58 58 58 58 58 58 58 58 58 58 60 60 60 60 60 60 60 60 60 60 61 61 61 62 62 62 62 62 66 66 66 66 66 66 66 66 66 66 66 66 66 66 67 67 67 67 67 67 67 67 67 67 67 67 67 67 67 67 67 67 67 67 
46 47 48 49 50 51 52 136 137 138 139 140 141 142 143 144 145 109 110 70 71 72 73 74 75 76 77 78 79 80 148 149 150 151 152 153 154 155 156 157 59 60 61 62 63 64 0 1 2 3 4 5 6 180 181 182 183 184 185 40 41 42 43 44 45 125 126 158 159 160 19 20 21 22 23 24 25 26 27 28 29 146 147 132 133 134 135 186 187 188 189 190 191 192 193 194 195 196 197 198 199 166 167 168 169 170 171 172 173 17 18 121 122 123 124 174 175 176 177 178 179 111 112 113 114 65 66 161 162 163 164 165 83 84 85 86 7 8 9 10 11 12 13 14 15 16 81 82 30 31 32 33 34 35 36 37 38 39 67 68 69 127 128 129 130 131 101 102 103 104 105 106 107 108 115 116 117 118 119 120 53 54 55 56 57 58 87 88 89 90 91 92 93 94 95 96 97 98 99 100 
462 462 462 462 462 462 462 262 262 390 390 390 390 390 390 390 390 463 463 970 970 970 970 970 970 970 970 734 734 734 381 381 381 381 381 381 381 381 381 381 957 957 957 957 957 957 462 462 462 462 462 462 462 496 496 496 496 496 496 957 957 957 957 957 957 613 613 941 941 941 970 970 970 970 970 970 970 970 734 734 734 437 437 273 273 273 273 358 358 358 358 358 358 358 358 358 358 358 358 358 358 571 571 571 571 571 571 571 571 463 463 733 733 733 733 897 897 897 897 897 897 733 733 733 733 613 613 329 329 329 329 329 273 273 273 273 262 262 390 390 390 390 390 390 390 390 437 437 381 381 381 381 381 381 381 381 381 381 941 941 941 329 329 329 329 329 571 571 571 571 571 571 571 571 897 897 897 897 897 897 496 496 496 496 496 496 358 358 358 358 358 358 358 358 358 358 358 358 358 358 
0 1 2 3 4 5 6 7 8 9 10 11 12 13 14 15 16 17 18 19 20 21 22 23 24 25 26 27 28 29 30 31 32 33 34 35 36 37 38 39 40 41 42 43 44 45 0 1 2 3 4 5 6 46 47 48 49 50 51 40 41 42 43 44 45 52 53 54 55 56 19 20 21 22 23 24 25 26 27 28 29 57 58 59 60 61 62 63 64 65 66 67 68 69 70 71 72 73 74 75 76 77 78 79 80 81 82 83 84 17 18 85 86 87 88 89 90 91 92 93 94 85 86 87 88 52 53 95 96 97 98 99 59 60 61 62 7 8 9 10 11 12 13 14 15 16 57 58 30 31 32 33 34 35 36 37 38 39 54 55 56 95 96 97 98 99 77 78 79 80 81 82 83 84 89 90 91 92 93 94 46 47 48 49 50 51 63 64 65 66 67 68 69 70 71 72 73 74 75 76 
55848
18
2 3 6 8 4 8 2 7 3 8 10 6 6 4 5 2 2 14 
12 31 28 12 33 4 3 1 20 35 23 24 41 38 46 32 28 33 
37 61 67 32 49 58 56 27 32 66 60 28 66 44 62 58 44 67 
463 941 496 970 273 390 262 462 734 571 381 957 897 733 329 437 613 358 
7 7 7 7 7 7 7 6 6 5 5 5 5 5 5 5 5 0 0 3 3 3 3 3 3 3 3 8 8 8 10 10 10 10 10 10 10 10 10 10 11 11 11 11 11 11 7 7 7 7 7 7 7 2 2 2 2 2 2 11 11 11 11 11 11 16 16 1 1 1 3 3 3 3 3 3 3 3 8 8 8 15 15 4 4 4 4 17 17 17 17 17 17 17 17 17 17 17 17 17 17 9 9 9 9 9 9 9 9 0 0 13 13 13 13 12 12 12 12 12 12 13 13 13 13 16 16 14 14 14 14 14 4 4 4 4 6 6 5 5 5 5 5 5 5 5 15 15 10 10 10 10 10 10 10 10 10 10 1 1 1 14 14 14 14 14 9 9 9 9 9 9 9 9 12 12 12 12 12 12 2 2 2 2 2 2 17 17 17 17 17 17 17 17 17 17 17 17 17 17 