537
100
2
2 2 2 2 2 2 3 3 3 3 4 4 4 4 4 5 7 7 7 7 7 7 7 7 12 12 12 12 12 12 14 14 14 14 16 16 16 16 16 16 16 16 17 17 17 17 17 17 17 17 17 17 17 17 17 17 17 17 18 18 18 18 18 18 18 18 18 19 19 19 22 22 22 22 22 22 22 22 22 22 22 22 22 22 22 22 22 22 22 26 26 26 30 30 30 30 30 32 32 32 32 32 32 34 34 34 34 34 35 35 35 35 39 39 39 39 41 41 41 42 42 42 42 42 42 43 43 43 44 44 44 44 52 52 52 52 52 52 52 52 52 52 52 52 52 52 52 52 56 56 56 58 58 58 58 58 58 58 58 58 60 60 60 60 60 60 60 60 60 60 60 60 60 60 60 60 61 61 61 61 61 62 62 62 62 62 62 62 64 64 64 64 64 64 64 67 67 67 67 67 
119 120 121 122 123 124 196 197 198 199 176 177 178 179 180 195 73 74 75 76 77 78 79 80 97 98 99 100 101 102 108 109 110 111 81 82 83 84 85 86 87 88 160 161 162 163 164 165 166 167 168 169 170 171 172 173 174 175 151 152 153 154 155 156 157 158 159 148 149 150 116 117 118 16 17 18 19 20 21 22 23 34 35 36 37 38 39 40 41 125 126 127 103 104 105 106 107 24 25 26 27 28 29 92 93 94 95 96 30 31 32 33 128 129 130 131 70 71 72 0 1 2 3 4 5 89 90 91 112 113 114 115 133 132 135 134 137 136 139 138 141 140 143 142 145 144 147 146 67 68 69 58 59 60 61 62 63 64 65 66 42 43 44 45 46 47 48 49 50 51 52 53 54 55 56 57 10 11 12 13 14 188 189 190 191 192 193 194 181 182 183 184 185 186 187 15 6 7 8 9 
774 774 774 774 774 774 523 523 523 523 368 368 368 368 368 321 879 879 879 879 879 879 879 879 773 773 773 773 773 773 226 226 226 226 981 981 981 981 981 981 981 981 196 196 196 196 196 196 196 196 196 196 196 196 196 196 196 196 171 171 171 171 171 171 171 171 171 372 372 372 438 438 438 879 879 879 879 879 879 879 879 981 981 981 981 981 981 981 981 327 327 327 747 747 747 747 747 773 773 773 773 773 773 747 747 747 747 747 226 226 226 226 659 659 659 659 438 438 438 774 774 774 774 774 774 327 327 327 659 659 659 659 266 266 266 266 266 266 266 266 266 266 266 266 266 266 266 266 372 372 372 171 171 171 171 171 171 171 171 171 196 196 196 196 196 196 196 196 196 196 196 196 196 196 196 196 368 368 368 368 368 639 639 639 639 639 639 639 639 639 639 639 639 639 639 321 523 523 523 523 
0 1 2 3 4 5 6 7 8 9 10 11 12 13 14 15 16 17 18 19 20 21 22 23 24 25 26 27 28 29 30 31 32 33 34 35 36 37 38 39 40 41 42 43 44 45 46 47 48 49 50 51 52 53 54 55 56 57 58 59 60 61 62 63 64 65 66 67 68 69 70 71 72 16 17 18 19 20 21 22 23 34 35 36 37 38 39 40 41 73 74 75 76 77 78 79 80 24 25 26 27 28 29 76 77 78 79 80 30 31 32 33 81 82 83 84 70 71 72 0 1 2 3 4 5 73 74 75 81 82 83 84 85 85 86 86 87 87 88 88 89 89 90 90 91 91 92 92 67 68 69 58 59 60 61 62 63 64 65 66 42 43 44 45 46 47 48 49 50 51 52 53 54 55 56 57 10 11 12 13 14 93 94 95 96 97 98 99 93 94 95 96 97 98 99 15 6 7 8 9 
50377
17
4 5 5 4 7 3 1 9 3 8 6 8 3 4 6 8 16 
39 30 4 14 62 22 5 18 26 52 2 7 19 3 12 16 17 
44 34 61 35 64 41 67 58 43 52 42 22 56 67 32 22 60 
659 747 368 226 639 438 321 171 327 266 774 879 372 523 773 981 196 
10 10 10 10 10 10 13 13 13 13 2 2 2 2 2 6 11 11 11 11 11 11 11 11 14 14 14 14 14 14 3 3 3 3 15 15 15 15 15 15 15 15 16 16 16 16 16 16 16 16 16 16 16 16 16 16 16 16 7 7 7 7 7 7 7 7 7 12 12 12 5 5 5 11 11 11 11 11 11 11 11 15 15 15 15 15 15 15 15 8 8 8 1 1 1 1 1 14 14 14 14 14 14 1 1 1 1 1 3 3 3 3 0 0 0 0 5 5 5 10 10 10 10 10 10 8 8 8 0 0 0 0 9 9 9 9 9 9 9 9 9 9 9 9 9 9 9 9 12 12 12 7 7 7 7 7 7 7 7 7 16 16 16 16 16 16 16 16 16 16 16 16 16 16 16 16 2 2 2 2 2 4 4 4 4 4 4 4 4 4 4 4 4 4 4 6 13 13 13 13 