623
100
2
2 2 2 3 3 3 3 3 3 3 3 10 10 13 13 13 16 16 16 16 16 16 16 16 16 16 16 16 16 16 16 16 16 16 16 16 17 17 17 18 19 19 19 19 19 21 21 22 22 22 22 22 22 22 23 23 23 23 23 23 23 28 28 28 28 28 30 30 30 30 30 30 30 30 30 30 31 32 32 32 32 32 32 32 32 32 32 32 32 32 32 32 32 32 32 32 33 33 33 36 36 36 42 47 47 47 47 47 47 47 47 47 48 48 48 48 48 52 52 52 52 52 53 53 53 53 53 53 53 53 53 53 53 53 53 53 54 54 54 54 54 54 54 54 54 54 54 54 54 55 55 55 55 55 55 55 56 56 56 56 58 58 58 58 58 59 59 59 59 59 59 59 59 59 59 59 59 59 59 61 61 61 61 61 62 62 66 66 67 67 67 67 67 67 67 68 68 70 70 70 
197 198 199 112 113 114 115 116 176 177 178 134 135 99 100 101 129 130 131 132 133 195 196 136 137 138 139 140 141 142 143 144 145 146 147 148 109 110 111 76 165 166 167 168 169 52 53 160 161 162 163 164 45 46 83 84 85 86 87 88 89 173 174 175 184 185 156 157 158 159 90 91 92 93 94 95 39 103 104 105 106 107 108 54 55 56 57 58 59 60 70 71 72 73 74 75 102 193 194 13 14 15 96 77 78 79 80 81 82 36 37 38 3 4 5 6 7 188 189 190 191 192 149 150 151 152 153 154 155 16 17 18 19 20 11 12 23 24 25 26 27 28 29 30 31 32 33 34 35 122 123 124 125 126 127 128 66 67 68 69 47 48 49 50 51 40 41 42 43 44 179 180 181 61 62 63 8 9 10 170 171 172 186 187 64 65 182 183 117 118 119 120 121 97 98 21 22 0 1 2 
311 311 311 507 507 507 507 507 920 920 920 603 603 755 755 755 708 708 708 708 708 265 265 740 740 740 740 740 740 740 740 740 740 740 740 740 335 335 335 275 210 210 210 210 210 688 688 551 551 551 551 551 688 688 338 338 338 338 338 338 338 459 459 459 680 680 473 473 473 473 272 272 272 272 272 272 275 642 642 642 642 642 642 338 338 338 338 338 338 338 272 272 272 272 272 272 226 559 559 755 755 755 226 642 642 642 642 642 642 335 335 335 507 507 507 507 507 389 389 389 389 389 330 330 330 330 330 330 330 708 708 708 708 708 603 603 740 740 740 740 740 740 740 740 740 740 740 740 740 330 330 330 330 330 330 330 473 473 473 473 551 551 551 551 551 210 210 210 210 210 880 880 880 459 459 459 920 920 920 880 880 880 703 703 680 680 703 703 389 389 389 389 389 559 559 265 265 311 311 311 
0 1 2 3 4 5 6 7 8 9 10 11 12 13 14 15 16 17 18 19 20 21 22 23 24 25 26 27 28 29 30 31 32 33 34 35 36 37 38 39 40 41 42 43 44 45 46 47 48 49 50 51 45 46 52 53 54 55 56 57 58 59 60 61 62 63 64 65 66 67 68 69 70 71 72 73 39 74 75 76 77 78 79 52 53 54 55 56 57 58 68 69 70 71 72 73 80 81 82 13 14 15 80 74 75 76 77 78 79 36 37 38 3 4 5 6 7 83 84 85 86 87 88 89 90 91 92 93 94 16 17 18 19 20 11 12 23 24 25 26 27 28 29 30 31 32 33 34 35 88 89 90 91 92 93 94 64 65 66 67 47 48 49 50 51 40 41 42 43 44 95 96 97 59 60 61 8 9 10 95 96 97 98 99 62 63 98 99 83 84 85 86 87 81 82 21 22 0 1 2 
51974
25
5 3 5 3 1 4 3 3 1 3 6 7 5 5 2 2 2 7 6 5 3 2 2 2 13 
19 59 3 2 18 30 13 28 33 3 32 53 22 16 21 61 16 23 30 52 17 33 28 10 16 
59 61 48 70 31 56 36 59 42 59 47 55 58 53 22 66 68 32 32 67 47 67 62 53 54 
210 880 507 311 275 473 755 459 226 920 642 330 551 708 688 703 265 338 272 389 335 559 680 603 740 
3 3 3 2 2 2 2 2 9 9 9 23 23 6 6 6 13 13 13 13 13 16 16 24 24 24 24 24 24 24 24 24 24 24 24 24 20 20 20 4 0 0 0 0 0 14 14 12 12 12 12 12 14 14 17 17 17 17 17 17 17 7 7 7 22 22 5 5 5 5 18 18 18 18 18 18 4 10 10 10 10 10 10 17 17 17 17 17 17 17 18 18 18 18 18 18 8 21 21 6 6 6 8 10 10 10 10 10 10 20 20 20 2 2 2 2 2 19 19 19 19 19 11 11 11 11 11 11 11 13 13 13 13 13 23 23 24 24 24 24 24 24 24 24 24 24 24 24 24 11 11 11 11 11 11 11 5 5 5 5 12 12 12 12 12 0 0 0 0 0 1 1 1 7 7 7 9 9 9 1 1 1 15 15 22 22 15 15 19 19 19 19 19 21 21 16 16 3 3 3 