529
100
2
2 2 2 2 2 2 2 2 2 2 2 2 2 2 2 2 2 2 2 2 2 2 2 2 2 2 2 2 2 3 3 3 3 3 3 3 3 3 3 3 3 3 5 5 5 5 5 5 5 7 7 7 7 7 7 7 7 7 7 7 7 7 16 16 16 16 16 16 16 16 16 17 17 17 17 17 17 17 19 19 19 19 19 19 19 25 25 25 25 25 25 25 25 25 27 27 27 27 27 27 27 27 27 31 31 31 31 31 31 31 32 32 32 32 32 32 32 32 32 35 35 41 41 41 41 41 41 41 42 42 42 42 42 42 42 42 42 42 50 50 54 54 54 54 54 54 54 54 55 55 55 55 55 55 55 56 56 56 56 56 56 56 56 56 58 58 58 58 58 58 58 58 58 59 59 59 59 59 59 59 59 59 59 60 60 60 60 60 60 60 60 60 60 60 60 60 60 60 60 60 
85 86 87 88 89 90 91 92 93 128 129 130 131 132 133 134 135 136 137 173 174 175 176 177 178 179 180 181 182 49 50 51 52 53 54 55 56 57 58 59 60 61 103 104 105 106 107 108 109 29 30 31 32 33 34 35 36 37 38 39 40 41 183 184 185 186 187 188 189 190 191 121 122 123 124 125 126 127 148 149 150 151 152 153 154 0 1 2 3 4 5 6 7 8 155 156 157 158 159 160 161 162 163 42 43 44 45 46 47 48 164 165 166 167 168 169 170 171 172 138 139 71 72 73 74 75 76 77 9 10 11 12 13 14 15 16 17 18 119 120 192 193 194 195 196 197 198 199 78 79 80 81 82 83 84 94 95 96 97 98 99 100 101 102 110 111 112 113 114 115 116 117 118 19 20 21 22 23 24 25 26 27 28 62 63 64 65 66 67 68 69 70 140 141 142 143 144 145 146 147 
888 888 888 888 888 888 888 888 888 974 974 974 974 974 974 974 974 974 974 840 840 840 840 840 840 840 840 840 840 396 396 396 396 396 396 396 396 396 396 396 396 396 787 787 787 787 787 787 787 396 396 396 396 396 396 396 396 396 396 396 396 396 744 744 744 744 744 744 744 744 744 523 523 523 523 523 523 523 212 212 212 212 212 212 212 888 888 888 888 888 888 888 888 888 972 972 972 972 972 972 972 972 972 787 787 787 787 787 787 787 967 967 967 967 967 967 967 967 967 901 901 523 523 523 523 523 523 523 974 974 974 974 974 974 974 974 974 974 901 901 278 278 278 278 278 278 278 278 212 212 212 212 212 212 212 972 972 972 972 972 972 972 972 972 967 967 967 967 967 967 967 967 967 840 840 840 840 840 840 840 840 840 840 744 744 744 744 744 744 744 744 744 278 278 278 278 278 278 278 278 
0 1 2 3 4 5 6 7 8 9 10 11 12 13 14 15 16 17 18 19 20 21 22 23 24 25 26 27 28 29 30 31 32 33 34 35 36 37 38 39 40 41 42 43 44 45 46 47 48 29 30 31 32 33 34 35 36 37 38 39 40 41 49 50 51 52 53 54 55 56 57 58 59 60 61 62 63 64 65 66 67 68 69 70 71 0 1 2 3 4 5 6 7 8 72 73 74 75 76 77 78 79 80 42 43 44 45 46 47 48 81 82 83 84 85 86 87 88 89 90 91 58 59 60 61 62 63 64 9 10 11 12 13 14 15 16 17 18 90 91 92 93 94 95 96 97 98 99 65 66 67 68 69 70 71 72 73 74 75 76 77 78 79 80 81 82 83 84 85 86 87 88 89 19 20 21 22 23 24 25 26 27 28 49 50 51 52 53 54 55 56 57 92 93 94 95 96 97 98 99 
70107
12
9 2 7 9 9 7 9 10 8 10 7 13 
32 35 17 27 2 19 16 2 54 2 5 3 
58 50 41 56 25 55 60 42 60 59 31 7 
967 901 523 972 888 212 744 974 278 840 787 396 
4 4 4 4 4 4 4 4 4 7 7 7 7 7 7 7 7 7 7 9 9 9 9 9 9 9 9 9 9 11 11 11 11 11 11 11 11 11 11 11 11 11 10 10 10 10 10 10 10 11 11 11 11 11 11 11 11 11 11 11 11 11 6 6 6 6 6 6 6 6 6 2 2 2 2 2 2 2 5 5 5 5 5 5 5 4 4 4 4 4 4 4 4 4 3 3 3 3 3 3 3 3 3 10 10 10 10 10 10 10 0 0 0 0 0 0 0 0 0 1 1 2 2 2 2 2 2 2 7 7 7 7 7 7 7 7 7 7 1 1 8 8 8 8 8 8 8 8 5 5 5 5 5 5 5 3 3 3 3 3 3 3 3 3 0 0 0 0 0 0 0 0 0 9 9 9 9 9 9 9 9 9 9 6 6 6 6 6 6 6 6 6 8 8 8 8 8 8 8 8 