326
100
2
2 2 2 2 2 2 3 3 3 3 3 3 3 4 4 4 4 4 4 4 4 4 6 6 6 6 6 6 13 13 13 15 15 15 19 19 19 19 19 19 19 20 20 20 20 20 20 20 20 20 20 20 20 20 21 21 21 22 22 23 23 23 24 24 24 26 26 30 30 31 31 31 31 31 31 32 32 32 32 36 36 36 36 36 36 36 37 37 37 37 37 37 37 37 41 41 41 41 41 41 41 41 43 43 44 44 44 44 44 44 44 44 44 44 44 44 44 44 44 44 44 44 44 45 45 45 45 45 45 46 46 46 46 46 46 46 46 48 48 48 48 53 53 53 53 54 55 55 55 55 56 56 56 56 56 59 59 59 64 64 64 64 65 65 65 65 65 65 65 65 66 66 66 66 66 66 66 66 66 66 66 66 66 66 66 66 66 66 66 66 66 66 66 66 66 66 66 66 66 66 
86 87 88 89 90 91 79 80 81 82 83 84 85 34 35 36 37 38 39 40 174 175 67 68 41 42 43 44 54 55 56 155 156 157 13 14 15 16 17 18 19 24 25 26 27 150 151 152 153 154 75 76 77 78 28 29 30 102 103 129 130 131 141 142 143 92 93 22 23 123 124 125 126 127 128 50 51 52 53 6 7 8 9 10 11 12 0 1 2 3 4 5 65 66 162 163 164 165 166 167 168 169 57 58 181 182 183 184 185 186 187 188 189 190 191 192 193 194 195 196 197 198 199 69 70 71 72 73 74 59 60 61 176 177 178 179 180 146 147 148 149 62 63 64 145 144 137 138 139 140 45 46 47 48 49 31 32 33 170 171 172 173 94 95 96 97 98 99 100 101 158 159 160 161 20 21 132 133 134 135 136 104 105 106 107 108 109 110 111 112 113 114 115 116 117 118 119 120 121 122 
959 959 959 959 959 959 978 978 978 978 978 978 978 941 941 941 941 941 941 941 246 246 585 585 847 847 847 847 675 675 675 977 977 977 941 941 941 941 941 941 941 847 847 847 847 456 456 456 456 456 266 266 266 266 675 675 675 643 643 792 792 792 705 705 705 483 483 585 585 353 353 353 353 353 353 266 266 266 266 978 978 978 978 978 978 978 959 959 959 959 959 959 483 483 608 608 608 608 608 608 608 608 643 643 600 600 600 600 600 600 600 600 600 600 600 600 600 600 600 600 600 600 600 353 353 353 353 353 353 792 792 792 354 354 354 354 354 827 827 827 827 705 705 705 181 181 827 827 827 827 456 456 456 456 456 977 977 977 701 701 701 701 608 608 608 608 608 608 608 608 701 701 701 701 246 246 354 354 354 354 354 600 600 600 600 600 600 600 600 600 600 600 600 600 600 600 600 600 600 600 
0 1 2 3 4 5 6 7 8 9 10 11 12 13 14 15 16 17 18 19 20 21 22 23 24 25 26 27 28 29 30 31 32 33 13 14 15 16 17 18 19 24 25 26 27 34 35 36 37 38 39 40 41 42 28 29 30 43 44 45 46 47 48 49 50 51 52 22 23 53 54 55 56 57 58 39 40 41 42 6 7 8 9 10 11 12 0 1 2 3 4 5 51 52 59 60 61 62 63 64 65 66 43 44 67 68 69 70 71 72 73 74 75 76 77 78 79 80 81 82 83 84 85 53 54 55 56 57 58 45 46 47 86 87 88 89 90 91 92 93 94 48 49 50 95 95 91 92 93 94 34 35 36 37 38 31 32 33 96 97 98 99 59 60 61 62 63 64 65 66 96 97 98 99 20 21 86 87 88 89 90 67 68 69 70 71 72 73 74 75 76 77 78 79 80 81 82 83 84 85 
65725
21
2 3 4 7 4 2 7 5 6 6 3 3 5 4 8 1 2 3 4 2 19 
6 23 6 4 64 4 3 20 31 2 13 24 46 20 41 53 22 15 48 26 44 
30 46 20 19 66 66 36 56 45 37 21 53 66 32 65 54 43 59 55 37 66 
585 792 847 941 701 246 978 456 353 959 675 705 354 266 608 181 643 977 827 483 600 
9 9 9 9 9 9 6 6 6 6 6 6 6 3 3 3 3 3 3 3 5 5 0 0 2 2 2 2 10 10 10 17 17 17 3 3 3 3 3 3 3 2 2 2 2 7 7 7 7 7 13 13 13 13 10 10 10 16 16 1 1 1 11 11 11 19 19 0 0 8 8 8 8 8 8 13 13 13 13 6 6 6 6 6 6 6 9 9 9 9 9 9 19 19 14 14 14 14 14 14 14 14 16 16 20 20 20 20 20 20 20 20 20 20 20 20 20 20 20 20 20 20 20 8 8 8 8 8 8 1 1 1 12 12 12 12 12 18 18 18 18 11 11 11 15 15 18 18 18 18 7 7 7 7 7 17 17 17 4 4 4 4 14 14 14 14 14 14 14 14 4 4 4 4 5 5 12 12 12 12 12 20 20 20 20 20 20 20 20 20 20 20 20 20 20 20 20 20 20 20 