520
100
2
1 3 3 3 3 5 5 6 6 6 6 7 7 7 9 9 9 9 9 9 9 9 9 9 9 9 9 10 10 10 10 11 11 11 11 14 14 14 14 19 19 19 19 21 21 21 21 21 21 21 21 22 22 22 22 22 22 23 23 23 23 23 24 24 24 24 24 25 25 25 25 27 27 27 27 27 31 31 31 31 31 31 31 31 31 31 31 33 33 33 35 35 35 35 35 35 36 36 38 38 38 38 38 38 38 38 38 38 39 39 40 40 40 40 40 40 40 40 40 41 41 41 41 41 41 41 46 46 46 46 46 47 48 48 48 48 48 51 56 56 56 58 58 58 58 58 58 60 60 60 60 60 63 63 63 63 63 63 63 63 63 63 63 63 63 63 63 63 63 63 63 63 64 64 64 64 64 65 65 65 65 65 66 66 66 66 66 68 68 68 68 68 68 69 69 69 69 69 69 69 
57 39 40 41 42 96 97 58 59 60 61 110 111 112 159 160 161 162 163 164 165 166 167 168 169 170 171 35 36 37 38 43 44 45 46 27 28 29 30 1 2 3 4 31 32 33 34 92 93 94 95 119 120 121 122 123 124 0 7 8 9 10 98 99 100 101 102 126 127 128 129 132 133 134 135 136 187 188 189 190 191 192 195 196 197 198 199 138 139 140 193 194 47 48 49 50 5 6 62 63 64 65 66 154 155 156 157 158 152 153 11 12 13 141 142 143 144 145 146 51 52 53 54 55 56 137 67 68 69 70 131 130 71 72 73 74 75 125 87 88 89 113 114 115 116 117 118 177 178 179 180 181 108 109 103 104 105 106 107 14 15 16 17 18 19 20 21 22 23 24 25 26 182 183 184 185 186 147 148 149 150 151 172 173 174 175 176 76 77 78 79 80 81 90 91 82 83 84 85 86 
865 967 967 967 967 757 757 902 902 902 902 408 408 408 725 725 725 725 725 725 725 725 725 725 725 725 725 564 564 564 564 740 740 740 740 564 564 564 564 967 967 967 967 740 740 740 740 789 789 789 789 344 344 344 344 344 344 865 902 902 902 902 893 893 893 893 893 174 174 174 174 637 637 637 637 637 350 350 350 350 350 350 457 457 457 457 457 231 231 231 293 293 789 789 789 789 757 757 893 893 893 893 893 319 319 319 319 319 597 597 408 408 408 638 638 638 638 638 638 344 344 344 344 344 344 179 174 174 174 174 695 695 637 637 637 637 637 179 231 231 231 638 638 638 638 638 638 278 278 278 278 278 597 597 319 319 319 319 319 725 725 725 725 725 725 725 725 725 725 725 725 725 199 199 199 199 199 278 278 278 278 278 199 199 199 199 199 350 350 350 350 350 350 293 293 457 457 457 457 457 
0 1 2 3 4 5 6 7 8 9 10 11 12 13 14 15 16 17 18 19 20 21 22 23 24 25 26 27 28 29 30 31 32 33 34 27 28 29 30 1 2 3 4 31 32 33 34 35 36 37 38 39 40 41 42 43 44 0 7 8 9 10 45 46 47 48 49 50 51 52 53 54 55 56 57 58 59 60 61 62 63 64 65 66 67 68 69 70 71 72 73 74 35 36 37 38 5 6 45 46 47 48 49 75 76 77 78 79 80 81 11 12 13 82 83 84 85 86 87 39 40 41 42 43 44 88 50 51 52 53 89 89 54 55 56 57 58 88 70 71 72 82 83 84 85 86 87 90 91 92 93 94 80 81 75 76 77 78 79 14 15 16 17 18 19 20 21 22 23 24 25 26 95 96 97 98 99 90 91 92 93 94 95 96 97 98 99 59 60 61 62 63 64 73 74 65 66 67 68 69 
54826
24
5 1 6 6 4 4 3 2 3 5 4 2 4 5 4 5 2 1 5 5 4 6 1 13 
60 1 31 22 11 25 33 35 7 24 3 5 21 31 6 64 39 46 38 27 10 40 41 9 
65 23 68 41 21 46 56 69 40 38 19 36 35 69 23 66 63 47 63 48 14 58 51 63 
278 865 350 344 740 174 231 293 408 893 967 757 789 457 902 199 597 695 319 637 564 638 179 725 
1 10 10 10 10 11 11 14 14 14 14 8 8 8 23 23 23 23 23 23 23 23 23 23 23 23 23 20 20 20 20 4 4 4 4 20 20 20 20 10 10 10 10 4 4 4 4 12 12 12 12 3 3 3 3 3 3 1 14 14 14 14 9 9 9 9 9 5 5 5 5 19 19 19 19 19 2 2 2 2 2 2 13 13 13 13 13 6 6 6 7 7 12 12 12 12 11 11 9 9 9 9 9 18 18 18 18 18 16 16 8 8 8 21 21 21 21 21 21 3 3 3 3 3 3 22 5 5 5 5 17 17 19 19 19 19 19 22 6 6 6 21 21 21 21 21 21 0 0 0 0 0 16 16 18 18 18 18 18 23 23 23 23 23 23 23 23 23 23 23 23 23 15 15 15 15 15 0 0 0 0 0 15 15 15 15 15 2 2 2 2 2 2 7 7 13 13 13 13 13 