312
100
2
2 2 2 2 2 2 2 5 5 5 5 5 5 6 6 6 6 9 9 9 9 9 10 10 10 10 10 10 10 10 10 10 12 12 12 18 18 18 18 18 18 18 18 18 18 18 18 18 18 18 19 19 19 19 19 22 22 22 22 22 22 22 22 24 24 24 24 24 24 24 24 24 25 25 25 25 25 28 28 28 28 28 28 28 28 28 28 28 28 28 28 28 28 28 28 30 30 30 30 30 30 30 31 31 31 31 31 32 32 32 32 32 32 32 32 33 33 33 33 33 33 33 35 35 38 38 38 38 38 38 38 38 43 43 43 43 43 43 43 43 45 45 45 45 45 45 45 45 45 45 45 45 45 45 45 45 45 45 45 45 45 45 45 45 45 45 46 46 46 46 46 46 47 47 47 47 47 51 51 51 51 51 51 51 51 56 56 66 66 66 66 66 66 67 67 67 67 67 67 67 
140 141 142 143 144 145 146 66 67 68 69 70 71 118 119 120 121 72 73 74 75 76 172 173 174 175 176 102 103 104 105 106 112 113 114 95 96 97 98 99 100 101 177 178 179 180 181 182 183 184 107 108 109 110 111 132 133 134 135 136 137 138 139 115 116 117 7 8 9 10 11 12 17 18 19 20 21 193 194 195 196 197 198 199 155 156 157 158 159 160 161 162 163 164 165 35 36 37 38 39 40 41 27 28 29 30 31 50 51 52 53 54 32 33 34 63 64 65 13 14 15 16 185 186 147 148 149 150 151 152 153 154 55 56 57 58 59 60 61 62 0 1 2 3 4 5 6 124 125 126 127 128 129 130 131 84 85 86 87 88 89 90 91 92 93 94 187 188 189 190 191 192 22 23 24 25 26 42 43 44 45 46 47 48 49 122 123 166 167 168 169 170 171 77 78 79 80 81 82 83 
690 690 690 690 690 690 690 452 452 452 452 452 452 183 183 183 183 388 388 388 388 388 255 255 255 255 255 880 880 880 880 880 482 482 482 432 432 432 432 432 432 432 535 535 535 535 535 535 535 535 764 764 764 764 764 969 969 969 969 969 969 969 969 715 715 715 452 452 452 452 452 452 388 388 388 388 388 822 822 822 822 822 822 822 393 393 393 393 393 393 393 393 393 393 393 432 432 432 432 432 432 432 880 880 880 880 880 764 764 764 764 764 482 482 482 715 715 715 183 183 183 183 748 748 615 615 615 615 615 615 615 615 969 969 969 969 969 969 969 969 690 690 690 690 690 690 690 615 615 615 615 615 615 615 615 393 393 393 393 393 393 393 393 393 393 393 839 839 839 839 839 839 255 255 255 255 255 535 535 535 535 535 535 535 535 748 748 839 839 839 839 839 839 822 822 822 822 822 822 822 
0 1 2 3 4 5 6 7 8 9 10 11 12 13 14 15 16 17 18 19 20 21 22 23 24 25 26 27 28 29 30 31 32 33 34 35 36 37 38 39 40 41 42 43 44 45 46 47 48 49 50 51 52 53 54 55 56 57 58 59 60 61 62 63 64 65 7 8 9 10 11 12 17 18 19 20 21 66 67 68 69 70 71 72 73 74 75 76 77 78 79 80 81 82 83 35 36 37 38 39 40 41 27 28 29 30 31 50 51 52 53 54 32 33 34 63 64 65 13 14 15 16 84 85 86 87 88 89 90 91 92 93 55 56 57 58 59 60 61 62 0 1 2 3 4 5 6 86 87 88 89 90 91 92 93 73 74 75 76 77 78 79 80 81 82 83 94 95 96 97 98 99 22 23 24 25 26 42 43 44 45 46 47 48 49 84 85 94 95 96 97 98 99 66 67 68 69 70 71 72 
59883
17
6 7 3 5 7 8 2 5 4 7 3 8 5 8 5 6 11 
46 18 24 10 28 18 35 19 6 2 12 38 10 22 9 5 28 
66 30 33 47 67 51 56 32 33 45 32 45 31 43 25 24 45 
839 432 715 255 822 535 748 764 183 690 482 615 880 969 388 452 393 
9 9 9 9 9 9 9 15 15 15 15 15 15 8 8 8 8 14 14 14 14 14 3 3 3 3 3 12 12 12 12 12 10 10 10 1 1 1 1 1 1 1 5 5 5 5 5 5 5 5 7 7 7 7 7 13 13 13 13 13 13 13 13 2 2 2 15 15 15 15 15 15 14 14 14 14 14 4 4 4 4 4 4 4 16 16 16 16 16 16 16 16 16 16 16 1 1 1 1 1 1 1 12 12 12 12 12 7 7 7 7 7 10 10 10 2 2 2 8 8 8 8 6 6 11 11 11 11 11 11 11 11 13 13 13 13 13 13 13 13 9 9 9 9 9 9 9 11 11 11 11 11 11 11 11 16 16 16 16 16 16 16 16 16 16 16 0 0 0 0 0 0 3 3 3 3 3 5 5 5 5 5 5 5 5 6 6 0 0 0 0 0 0 4 4 4 4 4 4 4 