838
100
2
5 5 5 5 5 5 5 5 5 5 5 13 13 13 13 13 13 13 13 13 14 14 14 14 14 14 14 17 17 17 17 17 17 17 17 17 17 17 17 17 18 18 18 18 18 18 20 20 20 20 20 20 20 20 20 21 21 21 21 21 21 24 24 24 24 24 24 24 24 24 24 24 24 26 26 26 27 27 27 27 27 27 27 27 27 27 27 29 29 35 35 35 35 35 35 35 35 35 38 38 38 41 41 41 41 41 41 41 41 41 41 49 49 49 52 52 52 52 52 52 52 52 52 52 52 52 53 53 53 57 57 57 57 57 57 57 57 58 58 58 58 58 58 58 58 58 58 58 58 60 60 60 60 60 60 60 60 60 60 60 60 60 61 61 61 61 61 61 61 61 61 61 61 61 61 61 61 61 62 62 62 62 62 62 62 62 62 62 62 62 66 66 66 66 66 66 66 66 66 66 
76 77 78 79 80 81 82 83 84 85 86 89 90 91 92 93 94 95 96 97 46 47 48 49 50 51 52 149 150 151 152 153 154 155 156 157 158 159 160 161 55 56 57 58 59 60 20 21 22 23 24 25 26 87 88 40 41 42 43 44 45 114 115 116 117 118 119 120 121 122 123 124 125 98 99 100 0 1 2 3 4 5 6 7 8 9 10 53 54 11 12 13 14 15 16 17 18 19 73 74 75 190 191 192 193 194 195 196 197 198 199 126 127 128 61 62 63 64 65 66 67 68 69 70 71 72 111 112 113 178 179 180 181 182 183 184 185 162 163 164 165 166 167 168 169 170 171 172 173 27 28 29 30 31 32 33 34 35 36 37 38 39 137 138 139 140 141 142 143 144 145 146 147 148 186 187 188 189 129 130 131 132 133 134 135 136 174 175 176 177 101 102 103 104 105 106 107 108 109 110 
906 906 906 906 906 906 906 906 906 906 906 310 310 310 310 310 310 310 310 310 894 894 894 894 894 894 894 355 355 355 355 355 355 355 355 355 355 355 355 355 219 219 219 219 219 219 894 894 894 894 894 894 894 923 923 219 219 219 219 219 219 234 234 234 234 234 234 234 234 234 234 234 234 321 321 321 906 906 906 906 906 906 906 906 906 906 906 923 923 310 310 310 310 310 310 310 310 310 321 321 321 706 706 706 706 706 706 706 706 706 706 323 323 323 234 234 234 234 234 234 234 234 234 234 234 234 323 323 323 465 465 465 465 465 465 465 465 740 740 740 740 740 740 740 740 740 740 740 740 355 355 355 355 355 355 355 355 355 355 355 355 355 740 740 740 740 740 740 740 740 740 740 740 740 802 802 802 802 465 465 465 465 465 465 465 465 802 802 802 802 706 706 706 706 706 706 706 706 706 706 
0 1 2 3 4 5 6 7 8 9 10 11 12 13 14 15 16 17 18 19 20 21 22 23 24 25 26 27 28 29 30 31 32 33 34 35 36 37 38 39 40 41 42 43 44 45 20 21 22 23 24 25 26 46 47 40 41 42 43 44 45 48 49 50 51 52 53 54 55 56 57 58 59 60 61 62 0 1 2 3 4 5 6 7 8 9 10 46 47 11 12 13 14 15 16 17 18 19 60 61 62 63 64 65 66 67 68 69 70 71 72 73 74 75 48 49 50 51 52 53 54 55 56 57 58 59 73 74 75 76 77 78 79 80 81 82 83 84 85 86 87 88 89 90 91 92 93 94 95 27 28 29 30 31 32 33 34 35 36 37 38 39 84 85 86 87 88 89 90 91 92 93 94 95 96 97 98 99 76 77 78 79 80 81 82 83 96 97 98 99 63 64 65 66 67 68 69 70 71 72 
54397
13
3 8 7 2 11 12 3 9 10 6 13 4 12 
26 57 14 20 5 58 49 13 41 18 17 61 24 
38 62 20 29 27 61 53 35 66 21 60 62 52 
321 465 894 923 906 740 323 310 706 219 355 802 234 
4 4 4 4 4 4 4 4 4 4 4 7 7 7 7 7 7 7 7 7 2 2 2 2 2 2 2 10 10 10 10 10 10 10 10 10 10 10 10 10 9 9 9 9 9 9 2 2 2 2 2 2 2 3 3 9 9 9 9 9 9 12 12 12 12 12 12 12 12 12 12 12 12 0 0 0 4 4 4 4 4 4 4 4 4 4 4 3 3 7 7 7 7 7 7 7 7 7 0 0 0 8 8 8 8 8 8 8 8 8 8 6 6 6 12 12 12 12 12 12 12 12 12 12 12 12 6 6 6 1 1 1 1 1 1 1 1 5 5 5 5 5 5 5 5 5 5 5 5 10 10 10 10 10 10 10 10 10 10 10 10 10 5 5 5 5 5 5 5 5 5 5 5 5 11 11 11 11 1 1 1 1 1 1 1 1 11 11 11 11 8 8 8 8 8 8 8 8 8 8 