81
100
2
1 1 3 3 3 3 3 3 3 8 8 8 8 12 12 12 12 14 14 14 14 14 14 14 15 15 17 17 17 17 17 17 19 19 19 19 19 19 21 21 21 21 21 21 21 21 21 21 21 21 21 23 25 25 25 27 27 27 27 32 32 32 32 32 32 34 34 34 34 38 38 38 38 38 38 38 40 40 40 40 44 44 44 44 44 44 45 45 45 45 45 46 46 46 46 46 47 47 47 47 47 47 47 47 47 47 47 47 47 47 47 47 47 47 47 51 51 51 51 51 51 55 55 55 55 55 55 55 55 55 55 55 56 56 56 56 56 56 57 57 57 57 57 57 57 57 57 57 57 57 59 59 59 59 59 59 63 64 64 64 64 65 65 65 65 65 65 65 65 66 66 66 66 66 66 67 67 67 67 67 67 67 68 68 68 68 68 68 68 68 68 68 68 68 68 68 68 68 68 68 
24 25 175 176 177 178 179 180 181 157 158 159 160 76 77 78 79 69 70 71 72 73 74 75 0 1 182 183 184 185 186 187 59 60 61 62 63 64 169 170 171 172 173 174 108 109 110 111 112 113 114 156 80 81 82 65 66 67 68 32 33 34 35 36 37 55 56 57 58 17 18 19 20 21 22 23 13 14 15 16 52 53 54 161 162 163 91 92 93 94 95 86 87 88 89 90 115 116 117 118 119 120 121 122 123 124 125 126 44 45 46 47 48 49 50 96 97 98 99 100 101 102 103 104 105 106 107 164 165 166 167 168 150 151 152 153 154 155 188 189 190 191 192 193 194 195 196 197 198 199 132 133 134 135 136 137 51 9 10 11 12 83 84 85 127 128 129 130 131 38 39 40 41 42 43 2 3 4 5 6 7 8 26 27 28 29 30 31 138 139 140 141 142 143 144 145 146 147 148 149 
214 214 397 397 397 397 397 397 397 249 249 249 249 535 535 535 535 876 876 876 876 876 876 876 214 214 445 445 445 445 445 445 811 811 811 811 811 811 584 584 584 584 584 584 832 832 832 832 832 832 832 338 794 794 794 756 756 756 756 811 811 811 811 811 811 756 756 756 756 876 876 876 876 876 876 876 535 535 535 535 794 794 794 543 543 543 706 706 706 706 706 706 706 706 706 706 370 370 370 370 370 370 170 170 170 170 170 170 832 832 832 832 832 832 832 370 370 370 370 370 370 170 170 170 170 170 170 903 903 903 903 903 911 911 911 911 911 911 930 930 930 930 930 930 930 930 930 930 930 930 911 911 911 911 911 911 338 249 249 249 249 543 543 543 903 903 903 903 903 584 584 584 584 584 584 397 397 397 397 397 397 397 445 445 445 445 445 445 930 930 930 930 930 930 930 930 930 930 930 930 
0 1 2 3 4 5 6 7 8 9 10 11 12 13 14 15 16 17 18 19 20 21 22 23 0 1 24 25 26 27 28 29 30 31 32 33 34 35 36 37 38 39 40 41 42 43 44 45 46 47 48 49 50 51 52 53 54 55 56 30 31 32 33 34 35 53 54 55 56 17 18 19 20 21 22 23 13 14 15 16 50 51 52 57 58 59 60 61 62 63 64 60 61 62 63 64 65 66 67 68 69 70 71 72 73 74 75 76 42 43 44 45 46 47 48 65 66 67 68 69 70 71 72 73 74 75 76 77 78 79 80 81 82 83 84 85 86 87 88 89 90 91 92 93 94 95 96 97 98 99 82 83 84 85 86 87 49 9 10 11 12 57 58 59 77 78 79 80 81 36 37 38 39 40 41 2 3 4 5 6 7 8 24 25 26 27 28 29 88 89 90 91 92 93 94 95 96 97 98 99 
64623
19
6 6 4 6 1 7 6 2 5 6 7 6 7 4 3 4 3 5 12 
56 21 12 47 23 14 19 1 45 47 3 17 21 8 25 27 44 55 57 
59 66 40 51 63 38 32 15 46 55 67 68 47 64 44 34 65 65 68 
911 584 535 370 338 876 811 214 706 170 397 445 832 249 794 756 543 903 930 
7 7 10 10 10 10 10 10 10 13 13 13 13 2 2 2 2 5 5 5 5 5 5 5 7 7 11 11 11 11 11 11 6 6 6 6 6 6 1 1 1 1 1 1 12 12 12 12 12 12 12 4 14 14 14 15 15 15 15 6 6 6 6 6 6 15 15 15 15 5 5 5 5 5 5 5 2 2 2 2 14 14 14 16 16 16 8 8 8 8 8 8 8 8 8 8 3 3 3 3 3 3 9 9 9 9 9 9 12 12 12 12 12 12 12 3 3 3 3 3 3 9 9 9 9 9 9 17 17 17 17 17 0 0 0 0 0 0 18 18 18 18 18 18 18 18 18 18 18 18 0 0 0 0 0 0 4 13 13 13 13 16 16 16 17 17 17 17 17 1 1 1 1 1 1 10 10 10 10 10 10 10 11 11 11 11 11 11 18 18 18 18 18 18 18 18 18 18 18 18 