993
100
2
1 1 1 1 7 7 7 7 7 7 7 7 7 7 7 7 7 7 7 7 8 8 8 8 8 8 8 9 9 9 9 9 9 9 11 11 11 11 11 11 11 11 11 11 13 13 13 13 13 14 14 14 15 15 15 15 15 15 17 17 17 17 17 17 17 17 17 17 17 17 17 17 17 17 18 18 18 18 23 23 23 23 23 23 23 23 23 23 23 23 27 27 27 27 27 27 27 27 27 27 28 28 28 28 28 28 28 28 29 29 29 29 31 31 31 31 31 31 31 34 36 36 36 36 36 38 38 38 41 41 41 41 41 41 41 41 41 41 44 44 44 44 44 46 46 46 46 46 46 46 46 47 47 47 47 47 47 47 47 52 52 52 52 52 52 52 52 52 53 53 53 53 53 53 53 53 58 58 58 58 61 61 61 61 61 61 61 61 61 61 63 63 63 69 69 69 69 69 69 69 
74 75 76 77 58 59 60 61 62 63 64 65 66 67 68 69 70 71 72 73 112 113 114 115 116 117 118 193 194 195 196 197 198 199 180 181 182 183 184 185 186 187 188 189 120 121 122 123 124 190 191 192 119 138 139 140 141 142 4 5 6 7 8 9 10 11 12 13 14 15 16 17 18 19 0 1 2 3 159 160 161 162 163 164 165 166 167 125 126 127 128 129 130 131 132 133 134 135 136 137 168 169 170 171 172 173 174 175 176 177 178 179 20 21 22 23 24 25 26 52 44 45 46 47 48 87 88 89 90 91 92 93 94 95 96 97 98 99 53 54 55 56 57 151 152 153 154 155 156 157 158 143 144 145 146 147 148 149 150 78 79 80 81 82 83 84 85 86 100 101 102 103 104 105 106 107 108 109 110 111 34 35 36 37 38 39 40 41 42 43 49 50 51 27 28 29 30 31 32 33 
735 735 735 735 199 199 199 199 199 199 199 199 199 199 199 199 199 199 199 199 899 899 899 899 899 899 899 766 766 766 766 766 766 766 777 777 777 777 777 777 777 777 777 777 454 454 454 454 454 797 797 797 248 646 646 646 646 646 199 199 199 199 199 199 199 199 199 199 199 199 199 199 199 199 735 735 735 735 450 450 450 450 450 450 450 450 450 409 409 409 940 940 940 940 940 940 940 940 940 940 261 261 261 261 261 261 261 261 584 584 584 584 899 899 899 899 899 899 899 248 454 454 454 454 454 409 409 409 940 940 940 940 940 940 940 940 940 940 646 646 646 646 646 474 474 474 474 474 474 474 474 474 474 474 474 474 474 474 474 450 450 450 450 450 450 450 450 450 261 261 261 261 261 261 261 261 584 584 584 584 777 777 777 777 777 777 777 777 777 777 797 797 797 766 766 766 766 766 766 766 
0 1 2 3 4 5 6 7 8 9 10 11 12 13 14 15 16 17 18 19 20 21 22 23 24 25 26 27 28 29 30 31 32 33 34 35 36 37 38 39 40 41 42 43 44 45 46 47 48 49 50 51 52 53 54 55 56 57 4 5 6 7 8 9 10 11 12 13 14 15 16 17 18 19 0 1 2 3 58 59 60 61 62 63 64 65 66 67 68 69 70 71 72 73 74 75 76 77 78 79 80 81 82 83 84 85 86 87 88 89 90 91 20 21 22 23 24 25 26 52 44 45 46 47 48 67 68 69 70 71 72 73 74 75 76 77 78 79 53 54 55 56 57 92 93 94 95 96 97 98 99 92 93 94 95 96 97 98 99 58 59 60 61 62 63 64 65 66 80 81 82 83 84 85 86 87 88 89 90 91 34 35 36 37 38 39 40 41 42 43 49 50 51 27 28 29 30 31 32 33 
56581
15
10 1 4 9 5 7 4 8 7 8 3 10 5 3 16 
27 15 29 23 15 8 1 46 9 28 14 11 13 23 7 
41 34 58 52 44 31 18 47 69 53 63 61 36 38 17 
940 248 584 450 646 899 735 474 766 261 797 777 454 409 199 
6 6 6 6 14 14 14 14 14 14 14 14 14 14 14 14 14 14 14 14 5 5 5 5 5 5 5 8 8 8 8 8 8 8 11 11 11 11 11 11 11 11 11 11 12 12 12 12 12 10 10 10 1 4 4 4 4 4 14 14 14 14 14 14 14 14 14 14 14 14 14 14 14 14 6 6 6 6 3 3 3 3 3 3 3 3 3 13 13 13 0 0 0 0 0 0 0 0 0 0 9 9 9 9 9 9 9 9 2 2 2 2 5 5 5 5 5 5 5 1 12 12 12 12 12 13 13 13 0 0 0 0 0 0 0 0 0 0 4 4 4 4 4 7 7 7 7 7 7 7 7 7 7 7 7 7 7 7 7 3 3 3 3 3 3 3 3 3 9 9 9 9 9 9 9 9 2 2 2 2 11 11 11 11 11 11 11 11 11 11 10 10 10 8 8 8 8 8 8 8 