743
100
2
1 1 3 3 5 5 5 5 5 5 5 5 5 5 6 6 6 6 6 6 7 7 7 7 7 10 10 10 10 10 10 10 10 10 10 10 10 10 10 10 10 10 10 10 10 15 15 15 15 15 15 15 16 16 16 16 16 16 17 17 17 17 17 17 18 19 19 27 27 27 27 27 27 27 27 28 28 28 28 28 28 28 28 28 28 28 34 34 34 34 34 34 34 36 36 36 36 36 36 36 40 40 40 40 41 41 41 41 41 41 41 41 41 41 41 41 42 42 42 42 42 42 42 42 42 42 42 42 42 42 42 42 42 42 42 42 42 42 42 49 49 49 49 49 49 49 49 49 49 49 49 49 51 51 51 51 51 51 51 51 51 51 51 51 51 51 51 51 51 58 58 58 58 58 58 58 58 63 63 63 63 63 63 63 64 64 64 64 64 64 64 64 66 66 70 70 70 70 70 70 
65 66 192 193 104 105 106 107 108 109 25 26 27 28 58 59 60 61 62 63 81 82 83 84 85 10 11 12 13 123 124 125 126 127 128 129 130 131 132 133 134 135 136 137 138 93 94 95 96 97 98 99 110 111 112 113 114 115 14 15 16 17 18 19 176 0 1 184 185 186 187 188 189 190 191 194 195 196 197 198 199 20 21 22 23 24 177 178 179 180 181 182 183 45 46 47 48 49 50 51 165 166 167 168 4 5 6 7 8 9 52 53 54 55 56 57 139 140 141 142 143 144 145 29 30 31 32 33 34 35 36 37 38 39 40 41 42 43 44 116 117 118 119 120 121 122 159 160 161 162 163 164 169 170 171 172 173 174 175 146 147 148 149 150 151 100 101 102 103 152 153 154 155 156 157 158 64 86 87 88 89 90 91 92 67 68 69 70 71 72 73 74 2 3 75 76 77 78 79 80 
991 991 277 277 558 558 558 558 558 558 894 894 894 894 985 985 985 985 985 985 745 745 745 745 745 894 894 894 894 783 783 783 783 783 783 783 783 783 783 783 783 783 783 783 783 213 213 213 213 213 213 213 852 852 852 852 852 852 985 985 985 985 985 985 918 991 991 616 616 616 616 616 616 616 616 719 719 719 719 719 719 745 745 745 745 745 157 157 157 157 157 157 157 213 213 213 213 213 213 213 258 258 258 258 558 558 558 558 558 558 852 852 852 852 852 852 230 230 230 230 230 230 230 783 783 783 783 783 783 783 783 783 783 783 783 783 783 783 783 230 230 230 230 230 230 230 966 966 966 966 966 966 816 816 816 816 816 816 816 966 966 966 966 966 966 258 258 258 258 816 816 816 816 816 816 816 918 157 157 157 157 157 157 157 616 616 616 616 616 616 616 616 277 277 719 719 719 719 719 719 
0 1 2 3 4 5 6 7 8 9 10 11 12 13 14 15 16 17 18 19 20 21 22 23 24 10 11 12 13 25 26 27 28 29 30 31 32 33 34 35 36 37 38 39 40 41 42 43 44 45 46 47 48 49 50 51 52 53 14 15 16 17 18 19 54 0 1 55 56 57 58 59 60 61 62 63 64 65 66 67 68 20 21 22 23 24 69 70 71 72 73 74 75 41 42 43 44 45 46 47 76 77 78 79 4 5 6 7 8 9 48 49 50 51 52 53 80 81 82 83 84 85 86 25 26 27 28 29 30 31 32 33 34 35 36 37 38 39 40 80 81 82 83 84 85 86 87 88 89 90 91 92 93 94 95 96 97 98 99 87 88 89 90 91 92 76 77 78 79 93 94 95 96 97 98 99 54 69 70 71 72 73 74 75 55 56 57 58 59 60 61 62 2 3 63 64 65 66 67 68 
63635
17
8 6 6 2 4 7 6 6 5 7 7 1 2 7 6 4 16 
27 5 28 1 5 51 6 16 7 34 15 18 3 42 49 40 10 
64 41 70 19 10 58 17 41 28 63 36 58 66 49 51 51 42 
616 558 719 991 894 816 985 852 745 157 213 918 277 230 966 258 783 
3 3 12 12 1 1 1 1 1 1 4 4 4 4 6 6 6 6 6 6 8 8 8 8 8 4 4 4 4 16 16 16 16 16 16 16 16 16 16 16 16 16 16 16 16 10 10 10 10 10 10 10 7 7 7 7 7 7 6 6 6 6 6 6 11 3 3 0 0 0 0 0 0 0 0 2 2 2 2 2 2 8 8 8 8 8 9 9 9 9 9 9 9 10 10 10 10 10 10 10 15 15 15 15 1 1 1 1 1 1 7 7 7 7 7 7 13 13 13 13 13 13 13 16 16 16 16 16 16 16 16 16 16 16 16 16 16 16 16 13 13 13 13 13 13 13 14 14 14 14 14 14 5 5 5 5 5 5 5 14 14 14 14 14 14 15 15 15 15 5 5 5 5 5 5 5 11 9 9 9 9 9 9 9 0 0 0 0 0 0 0 0 12 12 2 2 2 2 2 2 