756
100
2
1 1 1 1 1 1 1 1 3 3 3 3 3 3 3 3 3 3 3 5 5 5 5 5 5 5 5 6 6 7 7 7 11 11 11 11 11 11 11 12 12 12 12 12 12 13 13 13 13 13 13 14 14 14 14 15 15 15 15 17 17 17 17 17 17 17 20 20 20 20 20 20 23 23 23 27 27 27 27 27 27 27 34 34 34 34 34 34 34 34 36 36 36 36 36 38 38 38 38 38 38 38 40 40 40 40 40 40 40 40 40 40 40 42 42 42 43 43 43 43 43 43 43 43 44 44 44 44 44 44 44 45 45 45 45 45 45 45 45 46 46 46 46 48 48 48 54 54 54 54 54 54 54 55 55 55 55 55 57 57 57 57 57 57 57 57 59 59 59 59 59 59 59 59 59 59 59 59 59 59 60 60 60 60 60 60 60 65 65 65 65 65 65 65 67 67 67 70 70 70 
19 20 21 22 23 24 25 26 102 103 104 105 106 107 108 109 110 111 112 0 1 2 3 4 5 6 7 156 157 194 195 196 95 96 97 98 99 100 101 66 67 68 69 70 71 142 90 91 92 93 94 55 56 57 58 51 52 53 54 166 167 168 169 170 171 172 39 40 41 42 43 44 153 154 155 180 181 182 183 184 185 186 116 117 118 119 120 121 122 123 46 47 48 49 50 32 33 34 35 36 37 38 8 9 10 11 12 13 14 15 16 17 18 143 144 145 82 83 84 85 86 87 88 89 173 174 175 176 177 178 179 158 159 160 161 162 163 164 165 197 198 199 45 113 114 115 187 188 189 190 191 192 193 72 73 74 27 28 131 132 133 134 135 136 137 138 59 60 61 62 63 64 65 124 125 126 127 128 129 130 75 76 77 78 79 80 81 146 147 148 149 150 151 152 29 30 31 139 140 141 
858 858 858 858 858 858 858 858 204 204 204 204 204 204 204 204 204 204 204 858 858 858 858 858 858 858 858 758 758 431 431 431 892 892 892 892 892 892 892 271 271 271 271 271 271 788 885 885 885 885 885 348 348 348 348 348 348 348 348 322 322 322 322 322 322 322 271 271 271 271 271 271 622 622 622 932 932 932 932 932 932 932 319 319 319 319 319 319 319 319 885 885 885 885 885 892 892 892 892 892 892 892 204 204 204 204 204 204 204 204 204 204 204 211 211 211 319 319 319 319 319 319 319 319 420 420 420 420 420 420 420 934 934 934 934 934 934 934 934 957 957 957 788 211 211 211 407 407 407 407 407 407 407 622 622 622 758 758 934 934 934 934 934 934 934 934 322 322 322 322 322 322 322 420 420 420 420 420 420 420 932 932 932 932 932 932 932 407 407 407 407 407 407 407 431 431 431 957 957 957 
0 1 2 3 4 5 6 7 8 9 10 11 12 13 14 15 16 17 18 0 1 2 3 4 5 6 7 19 20 21 22 23 24 25 26 27 28 29 30 31 32 33 34 35 36 37 38 39 40 41 42 43 44 45 46 43 44 45 46 47 48 49 50 51 52 53 31 32 33 34 35 36 54 55 56 57 58 59 60 61 62 63 64 65 66 67 68 69 70 71 38 39 40 41 42 24 25 26 27 28 29 30 8 9 10 11 12 13 14 15 16 17 18 72 73 74 64 65 66 67 68 69 70 71 75 76 77 78 79 80 81 82 83 84 85 86 87 88 89 90 91 92 37 72 73 74 93 94 95 96 97 98 99 54 55 56 19 20 82 83 84 85 86 87 88 89 47 48 49 50 51 52 53 75 76 77 78 79 80 81 57 58 59 60 61 62 63 93 94 95 96 97 98 99 21 22 23 90 91 92 
56353
18
3 7 3 3 8 1 4 3 2 7 7 7 7 6 5 8 8 11 
7 17 42 46 34 13 14 23 6 44 54 27 11 12 13 1 45 3 
67 59 48 70 43 46 15 55 55 59 65 60 38 20 36 5 57 40 
431 322 211 957 319 788 348 622 758 420 407 932 892 271 885 858 934 204 
15 15 15 15 15 15 15 15 17 17 17 17 17 17 17 17 17 17 17 15 15 15 15 15 15 15 15 8 8 0 0 0 12 12 12 12 12 12 12 13 13 13 13 13 13 5 14 14 14 14 14 6 6 6 6 6 6 6 6 1 1 1 1 1 1 1 13 13 13 13 13 13 7 7 7 11 11 11 11 11 11 11 4 4 4 4 4 4 4 4 14 14 14 14 14 12 12 12 12 12 12 12 17 17 17 17 17 17 17 17 17 17 17 2 2 2 4 4 4 4 4 4 4 4 9 9 9 9 9 9 9 16 16 16 16 16 16 16 16 3 3 3 5 2 2 2 10 10 10 10 10 10 10 7 7 7 8 8 16 16 16 16 16 16 16 16 1 1 1 1 1 1 1 9 9 9 9 9 9 9 11 11 11 11 11 11 11 10 10 10 10 10 10 10 0 0 0 3 3 3 