790
100
2
3 3 3 4 4 4 4 4 4 4 4 4 4 4 4 4 4 4 4 5 5 5 5 5 7 7 8 8 8 8 8 8 9 9 9 9 9 9 11 11 11 11 11 11 12 12 12 12 12 12 12 14 14 14 14 14 14 14 14 14 14 14 14 14 14 14 14 16 16 16 16 16 19 19 19 19 19 21 21 21 22 22 22 22 25 25 25 25 25 25 25 25 25 28 28 29 29 29 29 29 29 31 31 31 31 32 32 32 32 32 32 32 32 32 32 34 34 34 34 34 34 34 34 36 36 36 36 41 41 41 41 41 41 41 41 41 43 43 46 46 46 46 46 46 48 48 48 48 48 51 51 51 51 51 52 52 52 52 52 52 52 52 53 53 53 53 53 53 53 53 59 59 59 59 59 59 59 63 63 63 64 64 64 64 64 65 65 68 68 68 68 69 69 69 69 69 69 69 69 69 
162 163 164 51 52 53 54 55 56 57 58 59 60 61 62 63 64 65 66 149 150 151 152 153 192 193 185 186 132 133 134 135 84 85 86 87 88 89 109 110 111 112 113 114 136 137 118 119 120 121 122 3 4 5 6 7 8 9 10 11 12 13 14 15 16 17 18 115 116 117 125 126 144 145 146 147 148 154 155 156 105 106 107 108 32 33 34 35 36 37 177 178 179 123 124 171 172 173 174 175 176 166 167 168 169 80 81 82 83 38 39 40 41 42 43 67 68 69 46 47 48 49 50 93 94 70 71 191 187 188 189 190 28 29 30 31 44 45 194 195 196 197 198 199 72 73 74 75 76 19 20 21 22 23 77 78 79 180 181 182 183 184 0 1 2 170 101 102 103 104 165 95 96 97 98 99 100 90 91 92 157 158 159 160 161 26 27 128 129 130 131 127 24 25 138 139 140 141 142 143 
775 775 775 950 950 950 950 950 950 950 950 950 950 950 950 950 950 950 950 164 164 164 164 164 497 497 430 430 465 465 465 465 893 893 893 893 893 893 883 883 883 883 883 883 904 904 745 745 745 745 745 950 950 950 950 950 950 950 950 950 950 950 950 950 950 950 950 360 360 360 692 692 791 791 791 791 791 754 754 754 669 669 669 669 893 893 893 893 893 893 209 209 209 245 245 506 506 506 506 506 506 801 801 801 801 669 669 669 669 883 883 883 883 883 883 360 360 360 745 745 745 745 745 245 245 692 692 334 766 766 766 766 465 465 465 465 904 904 403 403 403 403 403 403 791 791 791 791 791 164 164 164 164 164 754 754 754 999 999 999 999 999 775 775 775 441 801 801 801 801 441 506 506 506 506 506 506 209 209 209 999 999 999 999 999 430 430 766 766 766 766 334 497 497 403 403 403 403 403 403 
0 1 2 3 4 5 6 7 8 9 10 11 12 13 14 15 16 17 18 19 20 21 22 23 24 25 26 27 28 29 30 31 32 33 34 35 36 37 38 39 40 41 42 43 44 45 46 47 48 49 50 3 4 5 6 7 8 9 10 11 12 13 14 15 16 17 18 51 52 53 54 55 56 57 58 59 60 61 62 63 64 65 66 67 32 33 34 35 36 37 68 69 70 71 72 73 74 75 76 77 78 79 80 81 82 64 65 66 67 38 39 40 41 42 43 51 52 53 46 47 48 49 50 71 72 54 55 83 84 85 86 87 28 29 30 31 44 45 88 89 90 91 92 93 56 57 58 59 60 19 20 21 22 23 61 62 63 94 95 96 97 98 0 1 2 99 79 80 81 82 99 73 74 75 76 77 78 68 69 70 94 95 96 97 98 26 27 84 85 86 87 83 24 25 88 89 90 91 92 93 
68214
24
3 2 2 6 1 2 3 3 5 4 6 5 6 4 3 5 1 2 4 5 2 4 6 16 
3 8 28 9 53 12 16 21 52 22 11 12 29 31 25 19 41 16 41 5 7 8 46 4 
53 65 36 25 59 43 34 52 64 32 32 34 59 53 63 48 69 36 68 51 69 41 69 14 
775 430 245 893 441 904 360 754 999 669 883 745 506 801 209 791 334 692 766 164 497 465 403 950 
0 0 0 23 23 23 23 23 23 23 23 23 23 23 23 23 23 23 23 19 19 19 19 19 20 20 1 1 21 21 21 21 3 3 3 3 3 3 10 10 10 10 10 10 5 5 11 11 11 11 11 23 23 23 23 23 23 23 23 23 23 23 23 23 23 23 23 6 6 6 17 17 15 15 15 15 15 7 7 7 9 9 9 9 3 3 3 3 3 3 14 14 14 2 2 12 12 12 12 12 12 13 13 13 13 9 9 9 9 10 10 10 10 10 10 6 6 6 11 11 11 11 11 2 2 17 17 16 18 18 18 18 21 21 21 21 5 5 22 22 22 22 22 22 15 15 15 15 15 19 19 19 19 19 7 7 7 8 8 8 8 8 0 0 0 4 13 13 13 13 4 12 12 12 12 12 12 14 14 14 8 8 8 8 8 1 1 18 18 18 18 16 20 20 22 22 22 22 22 22 