758
100
2
3 3 4 4 4 4 4 4 6 6 6 6 7 7 7 7 7 7 8 8 8 8 8 8 8 8 8 8 8 15 15 15 15 15 18 19 19 19 19 19 19 20 20 23 23 23 23 23 23 24 24 24 24 24 24 24 24 24 24 24 24 24 24 24 24 24 24 24 24 27 27 27 27 27 28 28 28 28 28 29 29 29 29 29 29 29 29 29 30 30 30 30 30 30 30 30 30 30 30 30 30 30 30 31 31 31 32 32 32 32 32 32 32 35 35 35 35 35 35 36 36 36 36 36 37 38 38 38 38 38 38 38 38 40 40 40 40 40 42 42 44 44 44 46 46 46 46 46 47 48 49 49 49 50 50 50 50 50 51 51 51 51 51 51 52 54 54 54 54 54 55 55 55 55 55 56 56 56 56 56 59 59 59 59 63 63 63 63 63 63 70 70 70 70 70 70 70 70 70 70 
8 9 43 44 45 46 47 48 0 1 138 139 113 114 115 116 117 118 49 50 51 52 53 35 36 37 38 39 40 153 154 155 156 157 124 23 24 25 26 27 28 88 89 2 3 4 5 6 7 18 19 20 21 22 190 191 90 91 92 93 94 95 96 97 98 99 100 101 102 133 134 135 136 137 79 80 81 82 83 74 75 76 77 78 196 197 198 199 41 42 56 57 58 59 60 61 62 63 64 65 66 67 68 150 151 152 140 141 175 176 177 178 179 12 13 14 15 16 17 165 166 167 168 169 34 192 193 194 195 180 181 182 183 69 70 71 72 73 10 11 106 107 149 170 171 172 173 174 164 142 103 104 105 29 30 31 32 33 184 185 186 187 188 189 148 119 120 121 122 123 143 144 145 146 147 108 109 110 111 112 129 130 131 132 158 159 160 161 162 163 54 55 125 126 127 128 84 85 86 87 
531 531 151 151 151 151 151 151 531 531 834 834 856 856 856 856 856 856 645 645 645 645 645 917 917 917 917 917 917 869 869 869 869 869 787 917 917 917 917 917 917 491 491 151 151 151 151 151 151 645 645 645 645 645 247 247 907 907 907 907 907 907 907 907 907 907 907 907 907 394 394 394 394 394 689 689 689 689 689 689 689 689 689 689 261 261 261 261 491 491 907 907 907 907 907 907 907 907 907 907 907 907 907 566 566 566 865 865 663 663 663 663 663 856 856 856 856 856 856 291 291 291 291 291 787 941 941 941 941 913 913 913 913 394 394 394 394 394 834 834 865 865 557 740 740 740 740 740 596 557 566 566 566 869 869 869 869 869 479 479 479 479 479 479 596 291 291 291 291 291 740 740 740 740 740 663 663 663 663 663 913 913 913 913 479 479 479 479 479 479 247 247 941 941 941 941 261 261 261 261 
0 1 2 3 4 5 6 7 0 1 8 9 10 11 12 13 14 15 16 17 18 19 20 21 22 23 24 25 26 27 28 29 30 31 32 21 22 23 24 25 26 33 34 2 3 4 5 6 7 16 17 18 19 20 35 36 37 38 39 40 41 42 43 44 45 46 47 48 49 50 51 52 53 54 55 56 57 58 59 55 56 57 58 59 60 61 62 63 33 34 37 38 39 40 41 42 43 44 45 46 47 48 49 64 65 66 67 68 69 70 71 72 73 10 11 12 13 14 15 74 75 76 77 78 32 79 80 81 82 83 84 85 86 50 51 52 53 54 8 9 67 68 87 88 89 90 91 92 93 87 64 65 66 27 28 29 30 31 94 95 96 97 98 99 93 74 75 76 77 78 88 89 90 91 92 69 70 71 72 73 83 84 85 86 94 95 96 97 98 99 35 36 79 80 81 82 60 61 62 63 
65698
24
5 6 5 5 2 2 2 2 5 5 6 2 5 6 4 4 1 3 4 5 1 6 1 13 
27 4 28 8 3 32 6 20 36 46 8 24 32 51 38 38 44 31 29 15 47 7 18 24 
40 23 29 24 6 44 42 30 54 55 19 70 56 63 70 59 48 49 70 50 52 35 37 30 
394 151 689 645 531 865 834 491 291 740 917 247 663 479 941 913 557 566 261 869 596 856 787 907 
4 4 1 1 1 1 1 1 4 4 6 6 21 21 21 21 21 21 3 3 3 3 3 10 10 10 10 10 10 19 19 19 19 19 22 10 10 10 10 10 10 7 7 1 1 1 1 1 1 3 3 3 3 3 11 11 23 23 23 23 23 23 23 23 23 23 23 23 23 0 0 0 0 0 2 2 2 2 2 2 2 2 2 2 18 18 18 18 7 7 23 23 23 23 23 23 23 23 23 23 23 23 23 17 17 17 5 5 12 12 12 12 12 21 21 21 21 21 21 8 8 8 8 8 22 14 14 14 14 15 15 15 15 0 0 0 0 0 6 6 5 5 16 9 9 9 9 9 20 16 17 17 17 19 19 19 19 19 13 13 13 13 13 13 20 8 8 8 8 8 9 9 9 9 9 12 12 12 12 12 15 15 15 15 13 13 13 13 13 13 11 11 14 14 14 14 18 18 18 18 