570
100
2
1 1 1 1 1 1 1 1 1 1 1 1 1 1 3 3 3 3 7 7 7 7 7 8 8 8 8 8 8 8 8 8 8 8 8 9 9 9 9 9 9 9 9 9 10 10 10 13 13 13 13 13 13 13 19 19 19 19 19 19 20 21 21 21 21 21 23 23 23 23 23 24 24 24 24 24 24 24 25 25 25 25 25 25 25 25 26 26 26 26 26 28 28 28 28 28 28 28 28 28 28 28 28 28 28 28 31 31 31 31 31 32 32 32 32 32 32 32 32 33 33 33 33 33 34 34 34 34 34 34 35 35 35 39 39 39 39 39 39 39 42 42 42 42 44 44 44 44 44 44 44 46 46 46 46 46 52 52 52 52 52 52 56 56 57 57 57 57 57 59 59 59 59 59 61 61 61 61 66 66 66 66 66 68 68 68 68 68 68 69 69 69 69 69 69 70 70 70 70 70 
92 93 94 95 96 97 98 99 100 101 102 103 104 105 140 141 142 143 195 196 197 198 199 71 72 73 74 75 76 77 183 184 185 186 187 138 139 144 145 146 147 148 149 150 162 163 188 174 175 176 177 130 131 132 189 190 191 192 193 194 91 151 152 153 154 155 119 120 121 122 123 23 24 25 26 27 28 29 111 112 113 114 115 116 117 118 178 179 180 181 182 60 0 1 2 3 4 5 6 7 8 9 10 11 12 13 169 170 171 172 173 78 79 80 81 82 83 84 85 66 67 68 69 70 156 157 158 159 160 161 51 52 53 164 165 166 167 168 35 36 14 15 16 17 37 38 39 40 41 42 43 61 62 63 64 65 124 125 126 127 128 129 44 45 133 134 135 136 137 106 107 108 109 110 47 48 49 50 86 87 88 89 90 30 31 32 33 34 46 54 55 56 57 58 59 18 19 20 21 22 
806 806 806 806 806 806 806 806 806 806 806 806 806 806 955 955 955 955 806 806 806 806 806 721 721 721 721 721 721 721 599 599 599 599 599 555 555 577 577 577 577 577 577 577 300 300 508 354 354 354 354 833 833 833 760 760 760 760 760 760 192 393 393 393 393 393 553 553 553 553 553 721 721 721 721 721 721 721 880 880 880 880 880 880 880 880 450 450 450 450 450 192 806 806 806 806 806 806 806 806 806 806 806 806 806 806 563 563 563 563 563 880 880 880 880 880 880 880 880 553 553 553 553 553 516 516 516 516 516 516 833 833 833 550 550 550 550 550 555 555 955 955 955 955 577 577 577 577 577 577 577 393 393 393 393 393 516 516 516 516 516 516 300 300 550 550 550 550 550 563 563 563 563 563 354 354 354 354 450 450 450 450 450 599 599 599 599 599 508 760 760 760 760 760 760 806 806 806 806 806 
0 1 2 3 4 5 6 7 8 9 10 11 12 13 14 15 16 17 18 19 20 21 22 23 24 25 26 27 28 29 30 31 32 33 34 35 36 37 38 39 40 41 42 43 44 45 46 47 48 49 50 51 52 53 54 55 56 57 58 59 60 61 62 63 64 65 66 67 68 69 70 23 24 25 26 27 28 29 71 72 73 74 75 76 77 78 79 80 81 82 83 60 0 1 2 3 4 5 6 7 8 9 10 11 12 13 84 85 86 87 88 71 72 73 74 75 76 77 78 66 67 68 69 70 89 90 91 92 93 94 51 52 53 95 96 97 98 99 35 36 14 15 16 17 37 38 39 40 41 42 43 61 62 63 64 65 89 90 91 92 93 94 44 45 95 96 97 98 99 84 85 86 87 88 47 48 49 50 79 80 81 82 83 30 31 32 33 34 46 54 55 56 57 58 59 18 19 20 21 22 
64781
20
2 4 5 6 5 4 1 5 8 5 5 2 7 5 1 6 3 7 5 14 
10 3 23 19 31 13 20 26 25 39 21 9 8 8 10 34 13 9 7 1 
56 42 33 69 59 61 28 66 32 57 46 39 24 68 68 52 35 44 70 28 
300 955 553 760 563 354 192 450 880 550 393 555 721 599 508 516 833 577 806 806 
19 19 19 19 19 19 19 19 19 19 19 19 19 19 1 1 1 1 18 18 18 18 18 12 12 12 12 12 12 12 13 13 13 13 13 11 11 17 17 17 17 17 17 17 0 0 14 5 5 5 5 16 16 16 3 3 3 3 3 3 6 10 10 10 10 10 2 2 2 2 2 12 12 12 12 12 12 12 8 8 8 8 8 8 8 8 7 7 7 7 7 6 19 19 19 19 19 19 19 19 19 19 19 19 19 19 4 4 4 4 4 8 8 8 8 8 8 8 8 2 2 2 2 2 15 15 15 15 15 15 16 16 16 9 9 9 9 9 11 11 1 1 1 1 17 17 17 17 17 17 17 10 10 10 10 10 15 15 15 15 15 15 0 0 9 9 9 9 9 4 4 4 4 4 5 5 5 5 7 7 7 7 7 13 13 13 13 13 14 3 3 3 3 3 3 18 18 18 18 18 