645
100
2
2 2 2 2 2 2 2 2 2 2 2 2 4 4 4 4 4 6 6 6 6 6 6 6 6 6 6 6 6 7 7 7 7 7 16 16 16 16 16 16 21 21 21 21 21 23 23 23 23 23 23 23 23 23 23 26 26 26 26 26 26 26 26 26 26 26 26 26 26 26 27 27 27 27 27 27 27 27 27 27 27 32 32 32 32 32 32 32 32 32 32 32 32 32 32 32 32 32 32 32 32 32 32 32 32 32 32 32 32 32 32 32 39 39 39 39 39 39 39 45 45 45 45 45 45 45 45 45 47 47 47 47 47 48 48 48 48 48 48 48 48 48 48 48 48 48 48 48 48 48 48 48 48 58 58 58 58 58 59 59 59 59 59 59 59 59 59 59 61 61 61 61 61 62 62 62 62 62 62 62 62 62 62 62 62 62 62 63 63 63 63 63 63 70 70 70 70 70 70 70 
17 18 19 20 21 22 23 24 25 26 27 28 182 183 184 185 186 0 1 2 3 4 5 6 7 8 9 10 11 40 41 42 43 44 187 188 189 190 191 192 29 30 31 32 33 143 144 145 146 147 148 149 150 151 152 97 98 99 100 101 102 103 104 105 106 107 108 109 110 111 81 82 83 84 85 86 87 88 89 90 91 70 71 72 73 74 75 76 77 78 79 80 153 154 155 156 157 55 56 57 58 59 60 61 62 63 64 65 66 67 68 69 193 194 195 196 197 198 199 173 174 175 176 177 178 179 180 181 168 169 170 171 172 158 159 160 161 162 163 164 165 166 167 45 46 47 48 49 50 51 52 53 54 92 93 94 95 96 133 134 135 136 137 138 139 140 141 142 128 129 130 131 132 119 120 121 122 123 124 125 126 127 12 13 14 15 16 34 35 36 37 38 39 112 113 114 115 116 117 118 
540 540 540 540 540 540 540 540 540 540 540 540 822 822 822 822 822 540 540 540 540 540 540 540 540 540 540 540 540 909 909 909 909 909 570 570 570 570 570 570 909 909 909 909 909 973 973 973 973 973 973 973 973 973 973 174 174 174 174 174 174 174 174 174 174 174 174 174 174 174 572 572 572 572 572 572 572 572 572 572 572 572 572 572 572 572 572 572 572 572 572 572 342 342 342 342 342 174 174 174 174 174 174 174 174 174 174 174 174 174 174 174 638 638 638 638 638 638 638 461 461 461 461 461 461 461 461 461 274 274 274 274 274 880 880 880 880 880 880 880 880 880 880 973 973 973 973 973 973 973 973 973 973 342 342 342 342 342 880 880 880 880 880 880 880 880 880 880 274 274 274 274 274 461 461 461 461 461 461 461 461 461 822 822 822 822 822 570 570 570 570 570 570 638 638 638 638 638 638 638 
0 1 2 3 4 5 6 7 8 9 10 11 12 13 14 15 16 0 1 2 3 4 5 6 7 8 9 10 11 17 18 19 20 21 22 23 24 25 26 27 17 18 19 20 21 28 29 30 31 32 33 34 35 36 37 38 39 40 41 42 43 44 45 46 47 48 49 50 51 52 53 54 55 56 57 58 59 60 61 62 63 53 54 55 56 57 58 59 60 61 62 63 64 65 66 67 68 38 39 40 41 42 43 44 45 46 47 48 49 50 51 52 69 70 71 72 73 74 75 76 77 78 79 80 81 82 83 84 85 86 87 88 89 90 91 92 93 94 95 96 97 98 99 28 29 30 31 32 33 34 35 36 37 64 65 66 67 68 90 91 92 93 94 95 96 97 98 99 85 86 87 88 89 76 77 78 79 80 81 82 83 84 12 13 14 15 16 22 23 24 25 26 27 69 70 71 72 73 74 75 
57682
12
11 5 10 5 9 7 6 5 12 5 10 15 
27 7 48 32 45 39 16 47 2 4 23 26 
32 21 59 58 62 70 63 61 6 62 48 32 
572 909 880 342 461 638 570 274 540 822 973 174 
8 8 8 8 8 8 8 8 8 8 8 8 9 9 9 9 9 8 8 8 8 8 8 8 8 8 8 8 8 1 1 1 1 1 6 6 6 6 6 6 1 1 1 1 1 10 10 10 10 10 10 10 10 10 10 11 11 11 11 11 11 11 11 11 11 11 11 11 11 11 0 0 0 0 0 0 0 0 0 0 0 0 0 0 0 0 0 0 0 0 0 0 3 3 3 3 3 11 11 11 11 11 11 11 11 11 11 11 11 11 11 11 5 5 5 5 5 5 5 4 4 4 4 4 4 4 4 4 7 7 7 7 7 2 2 2 2 2 2 2 2 2 2 10 10 10 10 10 10 10 10 10 10 3 3 3 3 3 2 2 2 2 2 2 2 2 2 2 7 7 7 7 7 4 4 4 4 4 4 4 4 4 9 9 9 9 9 6 6 6 6 6 6 5 5 5 5 5 5 5 