638
100
2
8 8 8 8 8 8 8 8 9 9 9 9 9 9 9 9 9 9 9 10 10 10 10 10 10 10 12 12 12 12 12 12 12 12 16 16 16 16 16 16 16 16 16 16 16 21 21 21 21 21 22 22 22 24 24 24 24 24 24 24 24 24 24 24 24 24 24 24 24 24 24 24 24 24 30 30 30 30 30 34 34 34 34 34 34 34 34 34 34 34 34 37 37 37 37 37 37 37 37 37 38 38 38 38 38 38 38 38 38 38 38 38 38 38 38 38 38 38 38 38 38 38 38 54 54 54 55 55 55 55 55 55 55 55 55 55 55 55 55 56 56 56 56 56 56 56 56 56 56 56 56 56 57 57 57 57 57 57 57 57 57 57 57 57 57 57 57 57 64 64 64 64 64 64 64 64 64 64 64 66 66 66 66 66 66 66 66 66 69 69 69 69 69 69 69 69 69 69 69 69 
26 27 28 29 30 31 32 33 112 113 114 115 116 117 118 119 120 121 122 188 189 190 191 192 193 194 0 1 2 3 4 5 6 7 168 169 170 171 172 173 174 175 176 177 178 74 75 76 77 78 123 124 125 195 196 197 198 199 152 153 154 155 156 157 158 159 160 161 162 163 164 165 166 167 45 46 47 48 49 100 101 102 103 104 105 106 107 108 109 110 111 179 180 181 182 183 184 185 186 187 79 80 81 82 83 84 85 86 87 88 89 90 8 9 10 11 12 13 14 15 16 17 18 50 51 52 139 140 141 142 143 144 145 146 147 148 149 150 151 126 127 128 129 130 131 132 133 134 135 136 137 138 58 59 60 61 62 63 64 65 66 67 68 69 70 71 72 73 34 35 36 37 38 39 40 41 42 43 44 91 92 93 94 95 96 97 98 99 19 20 21 22 23 24 25 53 54 55 56 57 
534 534 534 534 534 534 534 534 297 297 297 297 297 297 297 297 297 297 297 996 996 996 996 996 996 996 534 534 534 534 534 534 534 534 485 485 485 485 485 485 485 485 485 485 485 646 646 646 646 646 239 239 239 480 480 480 480 480 511 511 511 511 511 511 511 511 511 511 511 511 511 511 511 511 646 646 646 646 646 270 270 270 270 270 270 270 270 270 270 270 270 788 788 788 788 788 788 788 788 788 270 270 270 270 270 270 270 270 270 270 270 270 297 297 297 297 297 297 297 297 297 297 297 239 239 239 351 351 351 351 351 351 351 351 351 351 351 351 351 351 351 351 351 351 351 351 351 351 351 351 351 351 511 511 511 511 511 511 511 511 511 511 511 511 511 511 511 511 485 485 485 485 485 485 485 485 485 485 485 788 788 788 788 788 788 788 788 788 996 996 996 996 996 996 996 480 480 480 480 480 
0 1 2 3 4 5 6 7 8 9 10 11 12 13 14 15 16 17 18 19 20 21 22 23 24 25 0 1 2 3 4 5 6 7 26 27 28 29 30 31 32 33 34 35 36 37 38 39 40 41 42 43 44 45 46 47 48 49 50 51 52 53 54 55 56 57 58 59 60 61 62 63 64 65 37 38 39 40 41 66 67 68 69 70 71 72 73 74 75 76 77 78 79 80 81 82 83 84 85 86 66 67 68 69 70 71 72 73 74 75 76 77 8 9 10 11 12 13 14 15 16 17 18 42 43 44 87 88 89 90 91 92 93 94 95 96 97 98 99 87 88 89 90 91 92 93 94 95 96 97 98 99 50 51 52 53 54 55 56 57 58 59 60 61 62 63 64 65 26 27 28 29 30 31 32 33 34 35 36 78 79 80 81 82 83 84 85 86 19 20 21 22 23 24 25 45 46 47 48 49 
49264
11
8 7 9 3 11 12 13 11 5 5 16 
8 10 37 22 16 34 55 9 21 24 24 
12 69 66 54 64 38 56 38 30 69 57 
534 996 788 239 485 270 351 297 646 480 511 
0 0 0 0 0 0 0 0 7 7 7 7 7 7 7 7 7 7 7 1 1 1 1 1 1 1 0 0 0 0 0 0 0 0 4 4 4 4 4 4 4 4 4 4 4 8 8 8 8 8 3 3 3 9 9 9 9 9 10 10 10 10 10 10 10 10 10 10 10 10 10 10 10 10 8 8 8 8 8 5 5 5 5 5 5 5 5 5 5 5 5 2 2 2 2 2 2 2 2 2 5 5 5 5 5 5 5 5 5 5 5 5 7 7 7 7 7 7 7 7 7 7 7 3 3 3 6 6 6 6 6 6 6 6 6 6 6 6 6 6 6 6 6 6 6 6 6 6 6 6 6 6 10 10 10 10 10 10 10 10 10 10 10 10 10 10 10 10 4 4 4 4 4 4 4 4 4 4 4 2 2 2 2 2 2 2 2 2 1 1 1 1 1 1 1 9 9 9 9 9 