421
100
2
6 6 6 6 6 7 7 7 11 11 11 11 11 11 11 11 11 11 11 11 11 15 15 15 15 15 15 15 15 15 15 15 21 21 21 21 21 26 26 26 26 26 26 26 26 28 28 28 28 28 28 28 28 37 37 37 37 37 37 37 37 37 37 43 43 43 45 45 45 46 46 46 46 46 46 46 46 46 46 46 46 46 46 46 46 46 46 46 46 46 46 46 46 46 46 47 47 47 50 50 50 50 50 51 51 51 51 51 51 51 51 51 51 51 51 51 51 51 51 51 53 53 53 53 53 53 53 53 53 53 54 54 54 56 56 56 56 56 56 56 56 56 56 56 56 56 56 56 56 56 56 56 56 56 56 61 61 61 61 61 61 67 67 67 67 67 68 68 68 68 68 68 68 68 69 69 69 69 69 69 69 69 69 69 69 69 69 69 69 69 69 69 69 69 69 69 70 70 70 70 
161 162 163 164 165 152 153 154 133 134 135 136 137 138 139 140 141 196 197 198 199 73 74 75 76 77 155 156 157 158 159 160 98 99 100 101 102 181 182 183 184 185 186 187 188 166 167 168 169 170 171 172 173 142 143 144 145 146 147 148 149 150 151 95 96 97 178 179 180 174 175 176 177 21 22 23 24 25 103 104 105 106 107 108 109 110 111 112 113 114 115 116 117 118 119 63 64 65 32 33 34 35 36 78 79 80 81 82 83 84 85 86 87 88 89 90 91 92 93 94 130 131 132 189 190 191 192 193 194 195 120 121 122 8 9 10 11 12 13 14 15 16 53 54 55 56 57 58 59 60 61 62 5 6 7 26 27 28 29 30 31 0 1 2 3 4 45 46 47 48 49 50 51 52 69 70 71 72 66 67 68 37 38 39 40 41 42 43 44 123 124 125 126 127 128 129 17 18 19 20 
282 282 282 282 282 946 946 946 459 459 459 459 459 459 459 459 459 514 514 514 514 317 317 317 317 317 924 924 924 924 924 924 556 556 556 556 556 482 482 482 482 482 482 482 482 349 349 349 349 349 349 349 349 828 828 828 828 828 828 828 828 828 828 760 760 760 952 952 952 654 654 654 654 317 317 317 317 317 905 905 905 905 905 905 905 905 905 905 905 905 905 905 905 905 905 760 760 760 556 556 556 556 556 905 905 905 905 905 905 905 905 905 905 905 905 905 905 905 905 905 955 955 955 767 767 767 767 767 767 767 955 955 955 459 459 459 459 459 459 459 459 459 828 828 828 828 828 828 828 828 828 828 946 946 946 924 924 924 924 924 924 282 282 282 282 282 349 349 349 349 349 349 349 349 654 654 654 654 952 952 952 482 482 482 482 482 482 482 482 767 767 767 767 767 767 767 514 514 514 514 
0 1 2 3 4 5 6 7 8 9 10 11 12 13 14 15 16 17 18 19 20 21 22 23 24 25 26 27 28 29 30 31 32 33 34 35 36 37 38 39 40 41 42 43 44 45 46 47 48 49 50 51 52 53 54 55 56 57 58 59 60 61 62 63 64 65 66 67 68 69 70 71 72 21 22 23 24 25 73 74 75 76 77 78 79 80 81 82 83 84 85 86 87 88 89 63 64 65 32 33 34 35 36 73 74 75 76 77 78 79 80 81 82 83 84 85 86 87 88 89 90 91 92 93 94 95 96 97 98 99 90 91 92 8 9 10 11 12 13 14 15 16 53 54 55 56 57 58 59 60 61 62 5 6 7 26 27 28 29 30 31 0 1 2 3 4 45 46 47 48 49 50 51 52 69 70 71 72 66 67 68 37 38 39 40 41 42 43 44 93 94 95 96 97 98 99 17 18 19 20 
66643
16
4 3 3 8 9 3 5 5 10 4 5 6 7 8 3 17 
46 45 43 26 11 53 6 21 37 11 15 15 53 28 7 46 
69 69 47 69 56 54 67 50 56 70 46 61 69 68 56 51 
654 952 760 482 459 955 282 556 828 514 317 924 767 349 946 905 
6 6 6 6 6 14 14 14 4 4 4 4 4 4 4 4 4 9 9 9 9 10 10 10 10 10 11 11 11 11 11 11 7 7 7 7 7 3 3 3 3 3 3 3 3 13 13 13 13 13 13 13 13 8 8 8 8 8 8 8 8 8 8 2 2 2 1 1 1 0 0 0 0 10 10 10 10 10 15 15 15 15 15 15 15 15 15 15 15 15 15 15 15 15 15 2 2 2 7 7 7 7 7 15 15 15 15 15 15 15 15 15 15 15 15 15 15 15 15 15 5 5 5 12 12 12 12 12 12 12 5 5 5 4 4 4 4 4 4 4 4 4 8 8 8 8 8 8 8 8 8 8 14 14 14 11 11 11 11 11 11 6 6 6 6 6 13 13 13 13 13 13 13 13 0 0 0 0 1 1 1 3 3 3 3 3 3 3 3 12 12 12 12 12 12 12 9 9 9 9 