813
100
2
3 3 3 3 3 3 3 3 3 3 6 6 6 6 7 7 7 7 7 7 7 7 7 8 8 8 8 8 8 9 9 9 9 9 14 14 14 15 15 15 15 15 15 16 16 16 16 16 16 16 16 16 17 17 18 18 18 18 18 18 18 18 18 19 19 19 19 19 19 19 19 28 28 28 28 28 30 30 30 30 30 30 30 30 30 30 30 30 30 30 30 31 31 31 32 32 32 32 41 41 41 41 41 41 44 44 44 44 44 44 44 44 44 44 44 44 44 44 44 44 44 44 44 44 44 44 49 49 49 50 50 50 50 50 50 51 51 51 51 51 51 51 51 52 52 52 52 52 52 53 53 55 55 55 55 62 62 62 62 62 62 62 62 62 62 62 62 62 62 62 63 63 63 63 63 63 68 68 68 68 69 69 69 69 69 69 69 69 69 69 69 69 69 69 69 69 69 69 69 69 
180 181 182 183 184 185 186 187 188 189 94 95 96 97 104 105 106 107 108 109 110 111 112 37 38 39 40 41 42 71 72 73 74 75 123 124 125 23 24 25 26 27 28 54 55 56 57 58 59 60 61 62 149 150 43 44 45 46 47 48 49 50 51 135 136 137 138 139 140 141 142 29 30 31 32 33 155 156 157 158 159 160 161 162 163 164 165 166 167 168 169 126 127 128 10 11 12 13 143 144 145 146 147 148 14 15 16 17 18 19 20 21 22 190 191 192 193 194 195 196 197 198 199 34 35 36 91 92 93 170 171 172 173 174 175 63 64 65 66 67 68 69 70 98 99 100 101 102 103 52 53 176 177 178 179 76 77 78 79 80 81 82 83 84 85 86 87 88 89 90 129 130 131 132 133 134 151 152 153 154 0 1 2 3 4 5 6 7 8 9 113 114 115 116 117 118 119 120 121 122 
392 392 392 392 392 392 392 392 392 392 940 940 940 940 792 792 792 792 792 792 792 792 792 603 603 603 603 603 603 707 707 707 707 707 745 745 745 603 603 603 603 603 603 661 661 661 661 661 661 661 661 661 726 726 661 661 661 661 661 661 661 661 661 512 512 512 512 512 512 512 512 707 707 707 707 707 491 491 491 491 491 491 491 491 491 491 491 491 491 491 491 546 546 546 940 940 940 940 258 258 258 258 258 258 792 792 792 792 792 792 792 792 792 914 914 914 914 914 914 914 914 914 914 745 745 745 546 546 546 602 602 602 602 602 602 512 512 512 512 512 512 512 512 258 258 258 258 258 258 726 726 948 948 948 948 491 491 491 491 491 491 491 491 491 491 491 491 491 491 491 602 602 602 602 602 602 948 948 948 948 392 392 392 392 392 392 392 392 392 392 914 914 914 914 914 914 914 914 914 914 
0 1 2 3 4 5 6 7 8 9 10 11 12 13 14 15 16 17 18 19 20 21 22 23 24 25 26 27 28 29 30 31 32 33 34 35 36 23 24 25 26 27 28 37 38 39 40 41 42 43 44 45 46 47 37 38 39 40 41 42 43 44 45 48 49 50 51 52 53 54 55 29 30 31 32 33 56 57 58 59 60 61 62 63 64 65 66 67 68 69 70 71 72 73 10 11 12 13 74 75 76 77 78 79 14 15 16 17 18 19 20 21 22 80 81 82 83 84 85 86 87 88 89 34 35 36 71 72 73 90 91 92 93 94 95 48 49 50 51 52 53 54 55 74 75 76 77 78 79 46 47 96 97 98 99 56 57 58 59 60 61 62 63 64 65 66 67 68 69 70 90 91 92 93 94 95 96 97 98 99 0 1 2 3 4 5 6 7 8 9 80 81 82 83 84 85 86 87 88 89 
62788
15
9 9 2 3 8 6 4 10 5 6 10 4 6 3 15 
7 16 17 31 19 41 6 3 9 50 44 55 8 14 30 
44 18 53 49 51 52 32 69 28 63 69 68 15 44 62 
792 661 726 546 512 258 940 392 707 602 914 948 603 745 491 
7 7 7 7 7 7 7 7 7 7 6 6 6 6 0 0 0 0 0 0 0 0 0 12 12 12 12 12 12 8 8 8 8 8 13 13 13 12 12 12 12 12 12 1 1 1 1 1 1 1 1 1 2 2 1 1 1 1 1 1 1 1 1 4 4 4 4 4 4 4 4 8 8 8 8 8 14 14 14 14 14 14 14 14 14 14 14 14 14 14 14 3 3 3 6 6 6 6 5 5 5 5 5 5 0 0 0 0 0 0 0 0 0 10 10 10 10 10 10 10 10 10 10 13 13 13 3 3 3 9 9 9 9 9 9 4 4 4 4 4 4 4 4 5 5 5 5 5 5 2 2 11 11 11 11 14 14 14 14 14 14 14 14 14 14 14 14 14 14 14 9 9 9 9 9 9 11 11 11 11 7 7 7 7 7 7 7 7 7 7 10 10 10 10 10 10 10 10 10 10 