874
100
2
1 1 1 1 1 1 4 5 5 5 5 5 5 7 7 7 7 7 7 7 7 7 7 7 7 7 7 7 7 7 7 8 8 8 8 8 8 8 8 8 10 10 10 10 11 11 11 11 11 11 12 12 12 12 12 12 12 16 16 16 16 16 16 17 17 17 17 20 21 21 21 21 21 21 21 21 21 21 21 21 22 22 22 22 22 22 22 22 22 22 25 25 25 25 25 25 25 28 33 33 33 33 33 33 34 34 35 35 35 35 35 35 35 35 35 35 36 36 36 36 36 36 36 36 36 37 37 37 37 37 37 37 37 37 37 37 37 38 38 39 39 39 39 39 39 39 39 39 39 39 40 40 49 49 50 52 52 52 53 53 54 54 54 54 54 55 55 55 55 55 55 55 55 55 55 55 56 59 59 59 59 59 59 60 60 60 60 60 60 63 63 64 64 65 65 65 65 65 65 69 
125 126 127 128 129 130 158 177 178 179 180 181 182 104 105 192 40 41 42 43 165 166 167 168 169 170 171 172 173 174 175 155 156 157 44 45 46 47 48 49 16 17 18 19 34 35 36 37 38 39 122 123 124 63 64 65 66 68 69 70 71 72 73 53 54 55 56 191 57 58 59 60 61 62 193 194 195 196 197 198 106 107 108 109 183 184 185 186 187 188 110 111 112 113 114 115 97 96 144 145 146 147 148 149 13 14 80 81 82 83 90 91 92 93 94 95 131 132 133 134 135 136 50 51 52 0 1 2 3 4 5 116 117 118 119 120 121 150 151 160 161 162 163 164 98 99 100 101 102 103 137 138 189 190 176 31 32 33 6 199 139 140 141 142 143 20 21 22 23 24 25 26 27 28 29 30 154 7 8 9 10 11 12 84 85 86 87 88 89 152 153 67 15 74 75 76 77 78 79 159 
204 204 204 204 204 204 340 595 595 595 595 595 595 618 618 238 287 287 287 287 935 935 935 935 935 935 935 935 935 935 935 238 238 238 640 640 640 640 640 640 287 287 287 287 640 640 640 640 640 640 463 463 463 893 893 893 893 706 706 706 706 706 706 893 893 893 893 215 706 706 706 706 706 706 306 306 306 306 306 306 428 428 428 428 399 399 399 399 399 399 957 957 957 957 957 957 222 222 793 793 793 793 793 793 618 618 428 428 428 428 957 957 957 957 957 957 266 266 266 266 266 266 463 463 463 204 204 204 204 204 204 266 266 266 266 266 266 364 364 931 931 931 931 931 793 793 793 793 793 793 364 364 511 511 555 238 238 238 340 244 931 931 931 931 931 935 935 935 935 935 935 935 935 935 935 935 555 595 595 595 595 595 595 399 399 399 399 399 399 511 511 215 238 306 306 306 306 306 306 244 
0 1 2 3 4 5 6 7 8 9 10 11 12 13 14 15 16 17 18 19 20 21 22 23 24 25 26 27 28 29 30 31 32 33 34 35 36 37 38 39 16 17 18 19 34 35 36 37 38 39 40 41 42 43 44 45 46 47 48 49 50 51 52 43 44 45 46 53 47 48 49 50 51 52 54 55 56 57 58 59 60 61 62 63 64 65 66 67 68 69 70 71 72 73 74 75 76 76 77 78 79 80 81 82 13 14 60 61 62 63 70 71 72 73 74 75 83 84 85 86 87 88 40 41 42 0 1 2 3 4 5 83 84 85 86 87 88 89 90 91 92 93 94 95 77 78 79 80 81 82 89 90 96 97 98 31 32 33 6 99 91 92 93 94 95 20 21 22 23 24 25 26 27 28 29 30 98 7 8 9 10 11 12 64 65 66 67 68 69 96 97 53 15 54 55 56 57 58 59 99 
57471
25
6 1 6 3 1 2 6 5 6 2 1 4 3 4 6 4 2 6 6 1 6 1 6 1 11 
1 4 36 12 20 7 16 39 33 38 7 12 8 22 22 7 49 8 21 53 25 50 5 25 7 
37 53 37 36 64 34 21 54 39 40 64 17 52 35 60 10 63 11 65 69 35 56 59 28 55 
204 340 266 463 215 618 706 931 793 364 238 893 238 428 399 287 511 640 306 244 957 555 595 222 935 
0 0 0 0 0 0 1 22 22 22 22 22 22 5 5 10 15 15 15 15 24 24 24 24 24 24 24 24 24 24 24 12 12 12 17 17 17 17 17 17 15 15 15 15 17 17 17 17 17 17 3 3 3 11 11 11 11 6 6 6 6 6 6 11 11 11 11 4 6 6 6 6 6 6 18 18 18 18 18 18 13 13 13 13 14 14 14 14 14 14 20 20 20 20 20 20 23 23 8 8 8 8 8 8 5 5 13 13 13 13 20 20 20 20 20 20 2 2 2 2 2 2 3 3 3 0 0 0 0 0 0 2 2 2 2 2 2 9 9 7 7 7 7 7 8 8 8 8 8 8 9 9 16 16 21 12 12 12 1 19 7 7 7 7 7 24 24 24 24 24 24 24 24 24 24 24 21 22 22 22 22 22 22 14 14 14 14 14 14 16 16 4 10 18 18 18 18 18 18 19 