104
100
2
6 6 6 6 6 6 6 6 6 6 6 6 6 9 9 9 11 11 11 11 11 11 11 11 11 11 11 11 11 11 11 11 11 11 11 11 11 11 11 11 12 12 12 12 12 12 12 12 12 17 17 17 17 17 17 17 17 17 17 20 20 20 20 20 20 20 20 20 20 20 20 20 20 20 26 26 26 26 26 26 26 26 27 27 27 27 27 27 27 27 27 29 29 29 29 29 29 29 29 29 29 29 29 29 33 33 33 33 33 33 33 33 33 33 33 33 33 33 33 33 33 33 33 33 33 33 33 33 33 33 33 33 33 33 35 35 35 35 35 35 35 35 37 37 37 37 37 37 37 37 37 37 37 37 37 43 43 43 43 43 43 43 43 51 51 51 54 54 54 54 54 54 54 54 54 55 55 55 55 55 55 55 55 55 55 55 55 55 55 55 55 55 62 62 62 62 62 62 62 62 
104 105 106 107 108 109 110 111 112 113 114 115 116 163 164 165 59 60 61 62 63 64 65 66 67 68 69 70 71 72 73 166 167 168 169 170 171 172 173 174 82 83 84 85 86 87 88 89 90 50 49 52 51 54 53 56 55 58 57 16 17 18 19 20 21 22 23 24 25 26 27 28 29 30 192 193 194 195 196 197 198 199 40 41 42 43 44 45 46 47 48 142 143 144 145 146 147 148 149 150 151 152 153 154 0 1 2 3 4 5 6 7 8 9 10 11 12 175 176 177 178 179 180 181 182 183 184 185 186 187 188 189 190 191 155 156 157 158 159 160 161 162 91 92 93 94 95 96 97 98 99 100 101 102 103 134 135 136 137 138 139 140 141 13 14 15 31 32 33 34 35 36 37 38 39 117 118 119 120 121 122 123 124 125 126 127 128 129 130 131 132 133 74 75 76 77 78 79 80 81 
952 952 952 952 952 952 952 952 952 952 952 952 952 271 271 271 451 451 451 451 451 451 451 451 451 451 451 451 451 451 451 208 208 208 208 208 208 208 208 208 391 391 391 391 391 391 391 391 391 567 567 567 567 567 567 567 567 567 567 451 451 451 451 451 451 451 451 451 451 451 451 451 451 451 293 293 293 293 293 293 293 293 391 391 391 391 391 391 391 391 391 447 447 447 447 447 447 447 447 447 447 447 447 447 952 952 952 952 952 952 952 952 952 952 952 952 952 458 458 458 458 458 458 458 458 458 458 458 458 458 458 458 458 458 972 972 972 972 972 972 972 972 447 447 447 447 447 447 447 447 447 447 447 447 447 972 972 972 972 972 972 972 972 271 271 271 208 208 208 208 208 208 208 208 208 458 458 458 458 458 458 458 458 458 458 458 458 458 458 458 458 458 293 293 293 293 293 293 293 293 
0 1 2 3 4 5 6 7 8 9 10 11 12 13 14 15 16 17 18 19 20 21 22 23 24 25 26 27 28 29 30 31 32 33 34 35 36 37 38 39 40 41 42 43 44 45 46 47 48 49 49 50 50 51 51 52 52 53 53 16 17 18 19 20 21 22 23 24 25 26 27 28 29 30 54 55 56 57 58 59 60 61 40 41 42 43 44 45 46 47 48 62 63 64 65 66 67 68 69 70 71 72 73 74 0 1 2 3 4 5 6 7 8 9 10 11 12 75 76 77 78 79 80 81 82 83 84 85 86 87 88 89 90 91 92 93 94 95 96 97 98 99 62 63 64 65 66 67 68 69 70 71 72 73 74 92 93 94 95 96 97 98 99 13 14 15 31 32 33 34 35 36 37 38 39 75 76 77 78 79 80 81 82 83 84 85 86 87 88 89 90 91 54 55 56 57 58 59 60 61 
51897
10
8 8 9 3 15 5 13 13 9 17 
26 35 12 9 11 17 6 29 11 33 
62 43 27 51 20 17 33 37 54 55 
293 972 391 271 451 567 952 447 208 458 
6 6 6 6 6 6 6 6 6 6 6 6 6 3 3 3 4 4 4 4 4 4 4 4 4 4 4 4 4 4 4 8 8 8 8 8 8 8 8 8 2 2 2 2 2 2 2 2 2 5 5 5 5 5 5 5 5 5 5 4 4 4 4 4 4 4 4 4 4 4 4 4 4 4 0 0 0 0 0 0 0 0 2 2 2 2 2 2 2 2 2 7 7 7 7 7 7 7 7 7 7 7 7 7 6 6 6 6 6 6 6 6 6 6 6 6 6 9 9 9 9 9 9 9 9 9 9 9 9 9 9 9 9 9 1 1 1 1 1 1 1 1 7 7 7 7 7 7 7 7 7 7 7 7 7 1 1 1 1 1 1 1 1 3 3 3 8 8 8 8 8 8 8 8 8 9 9 9 9 9 9 9 9 9 9 9 9 9 9 9 9 9 0 0 0 0 0 0 0 0 