507
100
2
1 1 1 1 1 1 1 1 1 2 2 2 3 3 3 3 3 4 4 4 4 4 4 4 4 5 6 6 6 6 6 6 6 6 6 6 6 6 6 6 6 9 10 10 10 10 10 10 11 11 11 11 11 20 20 20 20 20 20 20 20 20 20 20 20 20 20 20 23 23 23 23 28 28 28 28 28 31 31 31 31 31 31 34 34 34 34 34 34 34 34 36 36 36 36 36 36 37 37 38 38 38 38 39 39 39 39 39 39 39 39 39 39 39 39 39 40 40 40 42 42 42 42 45 45 45 46 46 46 46 46 46 46 46 46 46 46 46 47 47 48 48 48 48 48 48 48 48 48 48 50 50 50 50 50 53 53 53 53 53 55 55 55 55 55 55 57 57 57 57 57 57 60 60 61 61 61 62 62 62 62 64 64 65 65 65 66 70 70 70 70 70 70 70 70 70 70 70 70 70 
166 167 168 169 170 171 135 136 137 123 124 125 86 87 88 89 90 160 161 162 163 164 165 181 182 187 53 54 55 56 57 58 59 60 61 62 63 64 65 66 67 186 77 78 79 80 81 82 130 131 132 133 134 26 27 28 29 30 31 32 33 34 35 36 37 38 39 40 150 151 152 153 116 117 118 97 98 42 43 44 45 46 47 183 184 185 12 13 14 15 16 189 190 191 192 193 194 75 76 126 127 128 129 140 141 142 143 144 145 146 147 148 149 174 175 176 72 73 74 177 178 179 180 9 10 11 99 100 101 102 48 49 50 51 52 6 7 8 172 173 103 104 105 106 107 108 109 110 111 112 68 69 70 71 188 195 196 197 198 199 17 18 19 20 21 22 0 1 2 3 4 5 138 139 113 114 115 119 120 121 122 23 24 83 84 85 41 25 154 91 92 93 94 95 96 155 156 157 158 159 
634 634 634 634 634 634 403 403 403 607 607 607 794 794 794 794 794 430 430 430 430 430 430 363 363 844 162 162 162 162 162 162 162 162 162 162 162 162 162 162 162 578 488 488 488 488 488 488 430 430 430 430 430 162 162 162 162 162 162 162 162 162 162 162 162 162 162 162 381 381 381 381 734 734 734 898 898 488 488 488 488 488 488 489 489 489 794 794 794 794 794 575 575 575 575 575 575 898 898 152 152 152 152 478 478 478 478 478 731 731 731 731 731 179 179 179 734 734 734 475 475 475 475 607 607 607 152 152 152 152 430 430 430 430 430 403 403 403 893 893 478 478 478 478 478 731 731 731 731 731 381 381 381 381 533 432 432 432 432 432 430 430 430 430 430 430 634 634 634 634 634 634 893 893 179 179 179 475 475 475 475 363 363 489 489 489 578 844 533 575 575 575 575 575 575 432 432 432 432 432 
0 1 2 3 4 5 6 7 8 9 10 11 12 13 14 15 16 17 18 19 20 21 22 23 24 25 26 27 28 29 30 31 32 33 34 35 36 37 38 39 40 41 42 43 44 45 46 47 48 49 50 51 52 26 27 28 29 30 31 32 33 34 35 36 37 38 39 40 53 54 55 56 57 58 59 60 61 42 43 44 45 46 47 62 63 64 12 13 14 15 16 65 66 67 68 69 70 60 61 71 72 73 74 75 76 77 78 79 80 81 82 83 84 85 86 87 57 58 59 88 89 90 91 9 10 11 71 72 73 74 48 49 50 51 52 6 7 8 92 93 75 76 77 78 79 80 81 82 83 84 53 54 55 56 94 95 96 97 98 99 17 18 19 20 21 22 0 1 2 3 4 5 92 93 85 86 87 88 89 90 91 23 24 62 63 64 41 25 94 65 66 67 68 69 70 95 96 97 98 99 
47048
24
4 1 3 5 1 3 5 5 5 6 4 4 1 6 5 2 6 3 3 2 3 6 2 15 
38 9 34 11 5 28 3 39 39 4 23 42 50 36 53 28 1 39 2 4 1 10 47 6 
46 66 65 46 70 40 34 48 48 55 50 62 70 70 70 37 57 61 45 64 46 31 60 20 
152 578 489 430 844 734 794 478 731 430 381 475 533 575 432 898 634 179 607 363 403 488 893 162 
16 16 16 16 16 16 20 20 20 18 18 18 6 6 6 6 6 9 9 9 9 9 9 19 19 4 23 23 23 23 23 23 23 23 23 23 23 23 23 23 23 1 21 21 21 21 21 21 3 3 3 3 3 23 23 23 23 23 23 23 23 23 23 23 23 23 23 23 10 10 10 10 5 5 5 15 15 21 21 21 21 21 21 2 2 2 6 6 6 6 6 13 13 13 13 13 13 15 15 0 0 0 0 7 7 7 7 7 8 8 8 8 8 17 17 17 5 5 5 11 11 11 11 18 18 18 0 0 0 0 3 3 3 3 3 20 20 20 22 22 7 7 7 7 7 8 8 8 8 8 10 10 10 10 12 14 14 14 14 14 9 9 9 9 9 9 16 16 16 16 16 16 22 22 17 17 17 11 11 11 11 19 19 2 2 2 1 4 12 13 13 13 13 13 13 14 14 14 14 14 