708
100
2
2 2 2 2 2 3 3 3 3 3 3 3 4 4 4 4 5 5 7 8 8 8 8 8 8 8 8 8 8 10 10 10 10 10 10 10 11 14 14 14 14 14 14 17 17 19 19 21 21 21 21 21 21 21 21 21 21 21 21 21 21 21 21 21 21 21 21 21 21 21 21 21 21 21 22 22 23 23 23 23 24 24 24 24 24 25 25 25 25 25 25 26 27 27 27 28 28 28 28 33 33 33 38 38 38 38 38 38 38 38 38 38 38 38 38 38 38 38 38 38 38 39 39 39 39 39 41 41 41 42 42 42 42 42 42 43 43 43 43 43 46 46 46 46 48 48 48 48 49 50 50 53 53 54 55 56 56 56 58 58 58 58 58 58 59 59 59 59 59 59 60 60 60 60 60 60 60 61 62 62 64 65 65 65 66 66 66 66 66 66 66 66 66 66 69 69 69 69 69 69 
195 196 197 198 199 16 158 159 160 161 162 163 92 93 94 47 5 179 178 164 165 166 167 168 169 48 49 50 51 184 185 126 127 128 43 44 177 129 130 131 132 133 134 34 35 138 139 15 25 26 27 28 155 156 157 102 103 104 105 106 107 108 109 110 111 112 113 114 115 116 117 118 119 120 149 150 140 141 142 143 121 122 123 124 125 170 171 172 173 151 152 153 12 13 14 144 145 146 147 135 136 137 55 56 57 58 59 60 61 62 63 64 65 66 67 68 69 70 71 72 73 80 81 82 83 84 31 32 33 37 38 39 40 41 42 99 100 101 45 46 76 77 78 79 95 96 97 98 194 74 75 89 90 91 180 52 53 54 6 7 8 9 10 11 19 20 21 22 23 24 85 86 87 88 181 182 183 36 18 17 154 174 175 176 29 30 187 186 189 188 191 190 193 192 148 0 1 2 3 4 
405 405 405 405 405 498 277 277 277 277 277 277 994 994 994 338 498 604 584 402 402 402 402 402 402 871 871 871 871 807 807 371 371 371 198 198 804 305 305 305 305 305 305 198 198 652 652 338 871 871 871 871 211 211 211 212 212 212 212 212 212 212 212 212 212 212 212 212 212 212 212 212 212 212 427 427 425 425 425 425 625 625 625 625 625 357 357 357 357 605 605 677 994 994 994 264 264 264 264 810 810 810 212 212 212 212 212 212 212 212 212 212 212 212 212 212 212 212 212 212 212 625 625 625 625 625 371 371 371 305 305 305 305 305 305 810 810 810 652 652 425 425 425 425 264 264 264 264 345 427 427 605 605 677 407 211 211 211 277 277 277 277 277 277 402 402 402 402 402 402 357 357 357 357 308 308 308 804 584 604 407 308 308 308 807 807 772 772 772 772 772 772 772 772 345 405 405 405 405 405 
0 1 2 3 4 5 6 7 8 9 10 11 12 13 14 15 5 16 17 18 19 20 21 22 23 24 25 26 27 28 29 30 31 32 33 34 35 36 37 38 39 40 41 33 34 42 43 15 24 25 26 27 44 45 46 47 48 49 50 51 52 53 54 55 56 57 58 59 60 61 62 63 64 65 66 67 68 69 70 71 72 73 74 75 76 77 78 79 80 81 82 83 12 13 14 84 85 86 87 88 89 90 47 48 49 50 51 52 53 54 55 56 57 58 59 60 61 62 63 64 65 72 73 74 75 76 30 31 32 36 37 38 39 40 41 88 89 90 42 43 68 69 70 71 84 85 86 87 91 66 67 81 82 83 92 44 45 46 6 7 8 9 10 11 18 19 20 21 22 23 77 78 79 80 93 94 95 35 17 16 92 93 94 95 28 29 96 96 97 97 98 98 99 99 91 0 1 2 3 4 
43555
29
3 4 6 1 2 3 4 1 1 6 5 3 3 1 1 4 5 4 4 2 3 1 2 1 6 2 1 2 19 
4 25 14 7 10 33 66 49 3 8 2 60 10 26 4 8 24 23 28 19 21 55 22 11 3 25 5 10 21 
27 60 42 62 66 43 66 69 5 59 69 65 41 54 21 21 39 46 48 43 56 64 50 61 58 53 62 17 38 
994 357 305 584 807 810 772 345 498 402 405 308 371 677 338 871 625 425 264 652 211 407 427 804 277 605 604 198 212 
10 10 10 10 10 8 24 24 24 24 24 24 0 0 0 14 8 26 3 9 9 9 9 9 9 15 15 15 15 4 4 12 12 12 27 27 23 2 2 2 2 2 2 27 27 19 19 14 15 15 15 15 20 20 20 28 28 28 28 28 28 28 28 28 28 28 28 28 28 28 28 28 28 28 22 22 17 17 17 17 16 16 16 16 16 1 1 1 1 25 25 13 0 0 0 18 18 18 18 5 5 5 28 28 28 28 28 28 28 28 28 28 28 28 28 28 28 28 28 28 28 16 16 16 16 16 12 12 12 2 2 2 2 2 2 5 5 5 19 19 17 17 17 17 18 18 18 18 7 22 22 25 25 13 21 20 20 20 24 24 24 24 24 24 9 9 9 9 9 9 1 1 1 1 11 11 11 23 3 26 21 11 11 11 4 4 6 6 6 6 6 6 6 6 7 10 10 10 10 10 