982
100
2
4 4 4 4 4 4 4 5 5 5 5 5 8 8 8 8 8 8 8 8 8 8 8 8 8 8 8 8 8 8 8 8 15 15 15 15 16 16 21 21 21 21 21 21 24 24 24 24 24 24 24 26 28 28 28 28 28 28 28 29 29 29 29 29 29 29 29 29 29 31 31 31 31 31 34 34 34 34 34 34 34 36 36 36 38 39 39 39 39 39 39 39 39 39 39 39 39 39 39 39 39 39 39 39 39 39 44 44 45 45 46 46 46 46 46 46 46 47 47 47 47 47 49 49 49 49 49 49 49 53 53 54 54 54 54 54 54 54 54 54 54 57 57 57 57 57 57 57 57 59 59 59 59 59 59 59 59 59 59 59 59 59 59 59 59 59 59 59 59 59 59 59 59 59 59 59 60 60 60 62 62 62 62 62 62 64 64 66 66 66 66 67 67 67 67 69 69 69 69 69 
195 12 13 14 15 16 17 144 145 146 147 148 1 2 3 4 5 6 149 150 151 152 153 154 155 110 111 112 113 114 115 116 44 45 46 47 106 107 185 186 196 197 198 199 32 33 34 35 141 142 143 84 122 123 124 125 126 127 128 176 177 178 74 75 76 77 78 79 80 117 118 119 120 121 62 63 64 65 66 67 68 131 132 133 51 134 156 157 158 159 160 161 162 163 164 165 166 167 168 169 170 171 172 173 174 175 36 37 129 130 25 26 27 28 29 30 31 69 70 71 72 73 52 53 54 55 56 57 58 108 109 81 82 83 85 179 180 181 182 183 184 48 49 50 7 8 9 10 11 18 19 20 21 22 23 24 86 87 88 89 90 91 92 93 94 95 96 97 98 99 100 101 102 103 104 105 59 60 61 135 136 137 138 139 140 38 39 191 192 193 194 187 188 189 190 0 40 41 42 43 
507 985 985 985 985 985 985 822 822 822 822 822 985 985 985 985 985 985 923 923 923 923 923 923 923 717 717 717 717 717 717 717 331 331 331 331 649 649 480 480 269 269 269 269 331 331 331 331 287 287 287 678 489 489 489 489 489 489 489 557 557 557 743 743 743 743 743 743 743 202 202 202 202 202 743 743 743 743 743 743 743 387 387 387 678 599 191 191 191 191 191 191 191 191 191 191 191 191 191 191 191 191 191 191 191 191 649 649 404 404 717 717 717 717 717 717 717 202 202 202 202 202 489 489 489 489 489 489 489 404 404 387 387 387 599 811 811 811 811 811 811 287 287 287 822 822 822 822 822 923 923 923 923 923 923 923 191 191 191 191 191 191 191 191 191 191 191 191 191 191 191 191 191 191 191 191 557 557 557 811 811 811 811 811 811 480 480 575 575 575 575 575 575 575 575 507 269 269 269 269 
0 1 2 3 4 5 6 7 8 9 10 11 1 2 3 4 5 6 12 13 14 15 16 17 18 19 20 21 22 23 24 25 26 27 28 29 30 31 32 33 34 35 36 37 26 27 28 29 38 39 40 41 42 43 44 45 46 47 48 49 50 51 52 53 54 55 56 57 58 59 60 61 62 63 52 53 54 55 56 57 58 64 65 66 41 67 68 69 70 71 72 73 74 75 76 77 78 79 80 81 82 83 84 85 86 87 30 31 88 89 19 20 21 22 23 24 25 59 60 61 62 63 42 43 44 45 46 47 48 88 89 64 65 66 67 90 91 92 93 94 95 38 39 40 7 8 9 10 11 12 13 14 15 16 17 18 68 69 70 71 72 73 74 75 76 77 78 79 80 81 82 83 84 85 86 87 49 50 51 90 91 92 93 94 95 32 33 96 97 98 99 96 97 98 99 0 34 35 36 37 
53063
21
3 1 2 3 1 4 3 2 5 6 2 4 7 5 1 7 7 7 4 6 20 
36 4 45 29 26 15 24 21 31 4 16 21 29 5 39 8 28 8 66 54 39 
54 69 53 60 38 24 57 64 47 8 44 69 34 57 54 59 49 46 67 62 59 
387 507 404 557 678 331 287 480 202 985 649 269 743 822 599 923 489 717 575 811 191 
1 9 9 9 9 9 9 13 13 13 13 13 9 9 9 9 9 9 15 15 15 15 15 15 15 17 17 17 17 17 17 17 5 5 5 5 10 10 7 7 11 11 11 11 5 5 5 5 6 6 6 4 16 16 16 16 16 16 16 3 3 3 12 12 12 12 12 12 12 8 8 8 8 8 12 12 12 12 12 12 12 0 0 0 4 14 20 20 20 20 20 20 20 20 20 20 20 20 20 20 20 20 20 20 20 20 10 10 2 2 17 17 17 17 17 17 17 8 8 8 8 8 16 16 16 16 16 16 16 2 2 0 0 0 14 19 19 19 19 19 19 6 6 6 13 13 13 13 13 15 15 15 15 15 15 15 20 20 20 20 20 20 20 20 20 20 20 20 20 20 20 20 20 20 20 20 3 3 3 19 19 19 19 19 19 7 7 18 18 18 18 18 18 18 18 1 11 11 11 11 