373
100
2
5 5 5 5 5 7 7 7 7 7 7 7 8 8 8 8 9 9 9 9 9 9 9 9 9 9 9 10 16 16 16 16 16 24 24 24 24 25 25 25 25 25 25 26 26 27 29 29 29 29 29 29 31 31 31 31 31 31 31 31 31 32 32 32 32 32 32 32 32 32 32 32 32 32 32 32 32 32 33 33 33 33 33 36 36 36 36 38 38 38 38 38 38 38 38 38 38 38 38 38 38 38 38 38 38 38 38 38 38 38 39 39 39 41 41 41 42 42 42 43 43 43 43 43 43 44 44 44 44 46 46 46 46 46 46 46 46 46 46 47 47 47 51 51 51 51 51 51 51 51 51 54 54 54 54 54 54 54 56 56 56 56 56 56 56 56 56 56 57 60 60 60 60 60 60 62 62 62 62 62 62 62 62 62 62 62 62 62 63 63 63 67 67 67 67 68 68 68 68 68 
191 192 193 194 27 28 29 30 31 32 59 60 164 165 166 167 151 152 153 159 160 161 162 163 172 173 174 4 5 6 7 8 9 83 84 85 86 46 47 48 49 50 51 87 88 158 37 38 39 40 41 42 175 176 177 178 179 89 90 10 11 168 94 95 96 97 98 99 100 101 102 103 104 105 106 107 108 109 129 130 131 132 133 33 34 35 36 43 44 57 58 113 114 115 62 63 64 65 66 67 68 69 70 71 72 73 74 75 76 77 119 120 121 91 92 93 188 189 190 110 111 112 169 170 171 142 143 144 145 78 79 80 81 82 146 147 148 149 150 180 181 182 125 126 127 128 134 135 136 137 138 16 17 18 155 154 157 156 45 19 20 21 22 23 12 13 14 15 61 122 123 124 24 25 26 52 53 54 55 56 139 140 141 195 196 197 198 199 116 117 118 0 1 2 3 183 184 185 186 187 
923 923 923 923 605 531 531 531 531 531 179 179 222 222 222 222 177 177 177 445 445 445 445 445 792 792 792 605 531 531 531 531 531 462 462 462 462 768 768 768 768 258 258 378 378 700 768 768 768 768 258 258 720 720 720 720 720 356 356 179 179 563 283 283 283 283 283 283 283 283 283 283 283 283 283 283 283 283 727 727 727 727 727 462 462 462 462 378 378 356 356 335 335 335 283 283 283 283 283 283 283 283 283 283 283 283 283 283 283 283 431 431 431 335 335 335 814 814 814 431 431 431 172 172 172 234 234 234 234 727 727 727 727 727 919 919 919 919 919 956 956 956 234 234 234 234 919 919 919 919 919 177 177 177 854 854 854 854 700 445 445 445 445 445 222 222 222 222 563 172 172 172 792 792 792 720 720 720 720 720 956 956 956 915 915 915 915 915 814 814 814 923 923 923 923 915 915 915 915 915 
0 1 2 3 4 5 6 7 8 9 10 11 12 13 14 15 16 17 18 19 20 21 22 23 24 25 26 4 5 6 7 8 9 27 28 29 30 31 32 33 34 35 36 37 38 39 31 32 33 34 35 36 40 41 42 43 44 45 46 10 11 47 48 49 50 51 52 53 54 55 56 57 58 59 60 61 62 63 64 65 66 67 68 27 28 29 30 37 38 45 46 69 70 71 48 49 50 51 52 53 54 55 56 57 58 59 60 61 62 63 72 73 74 69 70 71 75 76 77 72 73 74 78 79 80 81 82 83 84 64 65 66 67 68 85 86 87 88 89 90 91 92 81 82 83 84 85 86 87 88 89 16 17 18 93 93 94 94 39 19 20 21 22 23 12 13 14 15 47 78 79 80 24 25 26 40 41 42 43 44 90 91 92 95 96 97 98 99 75 76 77 0 1 2 3 95 96 97 98 99 
53198
27
3 5 5 4 1 4 4 2 5 3 2 1 2 2 5 3 3 5 2 3 1 3 4 4 5 3 16 
9 33 31 44 27 25 5 26 9 39 25 32 54 31 7 42 43 46 7 9 5 47 8 24 62 38 32 
54 46 62 51 56 29 67 38 56 43 29 57 54 38 16 63 60 51 31 60 10 62 56 36 68 41 38 
177 727 720 234 700 768 923 378 445 431 258 563 854 356 531 814 172 919 179 792 605 956 222 462 915 335 283 
6 6 6 6 20 14 14 14 14 14 18 18 22 22 22 22 0 0 0 8 8 8 8 8 19 19 19 20 14 14 14 14 14 23 23 23 23 5 5 5 5 10 10 7 7 4 5 5 5 5 10 10 2 2 2 2 2 13 13 18 18 11 26 26 26 26 26 26 26 26 26 26 26 26 26 26 26 26 1 1 1 1 1 23 23 23 23 7 7 13 13 25 25 25 26 26 26 26 26 26 26 26 26 26 26 26 26 26 26 26 9 9 9 25 25 25 15 15 15 9 9 9 16 16 16 3 3 3 3 1 1 1 1 1 17 17 17 17 17 21 21 21 3 3 3 3 17 17 17 17 17 0 0 0 12 12 12 12 4 8 8 8 8 8 22 22 22 22 11 16 16 16 19 19 19 2 2 2 2 2 21 21 21 24 24 24 24 24 15 15 15 6 6 6 6 24 24 24 24 24 