286
100
2
2 2 2 2 3 3 3 3 3 3 3 3 3 3 3 3 3 3 3 3 4 4 4 4 4 4 4 4 4 4 4 4 4 5 5 5 5 15 15 15 15 15 15 15 15 15 15 15 15 15 15 15 22 22 24 24 24 24 24 24 24 24 24 24 24 24 25 25 25 25 25 25 29 29 29 29 29 29 30 30 30 30 30 30 30 30 30 30 30 30 30 32 32 32 32 32 32 34 34 34 34 34 34 34 34 34 34 34 41 41 41 41 41 43 43 43 43 43 43 43 43 43 45 45 45 46 46 46 46 46 46 46 46 46 46 46 46 46 51 51 51 51 51 51 51 52 52 52 52 52 52 52 52 52 52 52 52 52 55 55 59 59 59 59 59 59 59 59 59 59 59 62 62 62 62 62 62 63 63 63 63 65 65 65 65 65 65 69 69 69 69 69 69 69 69 69 69 69 69 69 
48 49 50 51 171 172 173 174 175 176 128 129 130 131 132 133 134 135 136 137 78 79 80 81 82 83 84 85 86 87 88 89 90 118 119 120 121 160 161 162 163 164 165 166 167 168 169 170 0 1 2 3 158 159 192 193 194 195 196 197 198 199 177 178 179 180 181 182 183 184 185 186 152 153 154 155 156 157 20 21 22 23 24 25 26 27 28 29 30 31 32 97 98 99 100 101 102 91 92 93 94 95 96 108 109 110 111 112 103 104 105 106 107 187 188 189 190 191 33 34 35 36 125 126 127 122 123 124 10 11 12 13 14 15 16 17 18 19 145 146 147 148 149 150 151 138 139 140 141 142 143 144 72 73 74 75 76 77 52 53 37 38 39 40 41 42 43 44 45 46 47 4 5 6 7 8 9 62 63 64 65 66 67 68 69 70 71 113 114 115 116 117 54 55 56 57 58 59 60 61 
839 839 839 839 402 402 402 402 402 402 799 799 799 799 799 799 799 799 799 799 603 603 603 603 603 603 603 603 603 603 603 603 603 176 176 176 176 374 374 374 374 374 374 374 374 374 374 374 839 839 839 839 766 766 367 367 367 367 367 367 367 367 784 784 784 784 595 595 595 595 595 595 309 309 309 309 309 309 603 603 603 603 603 603 603 603 603 603 603 603 603 671 671 671 671 671 671 671 671 671 671 671 671 549 549 549 549 549 549 549 549 549 549 877 877 877 877 877 176 176 176 176 685 685 685 685 685 685 799 799 799 799 799 799 799 799 799 799 461 461 461 461 461 461 461 461 461 461 461 461 461 461 309 309 309 309 309 309 766 766 374 374 374 374 374 374 374 374 374 374 374 402 402 402 402 402 402 784 784 784 784 595 595 595 595 595 595 877 877 877 877 877 367 367 367 367 367 367 367 367 
0 1 2 3 4 5 6 7 8 9 10 11 12 13 14 15 16 17 18 19 20 21 22 23 24 25 26 27 28 29 30 31 32 33 34 35 36 37 38 39 40 41 42 43 44 45 46 47 0 1 2 3 48 49 50 51 52 53 54 55 56 57 58 59 60 61 62 63 64 65 66 67 68 69 70 71 72 73 20 21 22 23 24 25 26 27 28 29 30 31 32 74 75 76 77 78 79 74 75 76 77 78 79 80 81 82 83 84 80 81 82 83 84 85 86 87 88 89 33 34 35 36 90 91 92 90 91 92 10 11 12 13 14 15 16 17 18 19 93 94 95 96 97 98 99 93 94 95 96 97 98 99 68 69 70 71 72 73 48 49 37 38 39 40 41 42 43 44 45 46 47 4 5 6 7 8 9 58 59 60 61 62 63 64 65 66 67 85 86 87 88 89 50 51 52 53 54 55 56 57 
55881
16
2 7 3 5 8 6 6 6 4 11 4 4 6 5 10 13 
22 51 45 43 24 29 32 25 5 15 24 2 3 34 3 4 
55 52 46 69 69 52 34 65 43 59 63 15 62 41 46 30 
766 461 685 877 367 309 671 595 176 374 784 839 402 549 799 603 
11 11 11 11 12 12 12 12 12 12 14 14 14 14 14 14 14 14 14 14 15 15 15 15 15 15 15 15 15 15 15 15 15 8 8 8 8 9 9 9 9 9 9 9 9 9 9 9 11 11 11 11 0 0 4 4 4 4 4 4 4 4 10 10 10 10 7 7 7 7 7 7 5 5 5 5 5 5 15 15 15 15 15 15 15 15 15 15 15 15 15 6 6 6 6 6 6 6 6 6 6 6 6 13 13 13 13 13 13 13 13 13 13 3 3 3 3 3 8 8 8 8 2 2 2 2 2 2 14 14 14 14 14 14 14 14 14 14 1 1 1 1 1 1 1 1 1 1 1 1 1 1 5 5 5 5 5 5 0 0 9 9 9 9 9 9 9 9 9 9 9 12 12 12 12 12 12 10 10 10 10 7 7 7 7 7 7 3 3 3 3 3 4 4 4 4 4 4 4 4 