873
100
2
2 2 5 5 5 5 5 5 5 5 5 5 5 5 5 7 7 7 7 7 7 7 11 11 11 11 11 11 11 11 11 11 11 11 11 11 11 11 11 11 11 11 11 11 11 11 12 12 12 12 13 13 13 13 13 13 13 13 13 13 14 14 14 14 14 15 15 15 15 15 15 15 19 19 19 19 19 19 27 27 27 27 27 27 27 27 27 27 27 27 27 27 27 27 27 27 30 30 32 32 32 33 33 33 33 33 33 33 33 33 33 33 33 33 33 33 33 33 33 34 34 34 35 35 35 38 41 41 41 41 41 41 41 41 41 41 43 43 43 43 43 43 44 44 44 44 44 44 49 49 49 50 50 50 50 51 51 51 51 51 51 51 52 52 52 52 52 52 55 55 55 55 55 55 55 55 55 56 56 56 56 56 56 58 58 58 58 58 58 58 59 59 61 61 62 62 66 66 67 67 
155 156 60 61 62 63 64 196 197 142 143 144 145 146 147 22 23 24 25 26 27 28 15 16 17 18 19 20 21 66 67 68 69 70 71 172 173 174 175 176 162 163 164 165 166 167 151 152 153 154 168 169 170 171 177 178 179 180 181 182 2 3 4 5 6 122 29 30 31 32 33 34 136 137 138 139 140 141 101 102 103 104 105 106 107 108 109 110 111 112 113 114 115 116 117 118 157 158 119 120 121 78 79 80 81 82 83 84 85 86 87 88 89 90 91 92 93 94 95 98 99 100 65 148 149 150 183 184 185 186 187 188 189 159 160 161 72 73 74 75 76 77 9 10 11 12 13 14 123 124 125 46 47 48 49 0 1 96 97 133 134 135 40 41 42 43 44 45 50 51 52 53 35 36 37 38 39 54 55 56 57 58 59 126 127 128 129 130 131 132 194 195 198 199 190 191 7 8 192 193 
330 330 666 666 666 666 666 199 199 806 806 806 806 806 806 827 827 827 827 827 827 827 827 827 827 827 827 827 827 932 932 932 932 932 932 900 900 900 900 900 596 596 596 596 596 596 423 423 423 423 722 722 722 722 748 748 748 748 748 748 666 666 666 666 666 837 932 932 932 932 932 932 1000 1000 1000 1000 1000 1000 692 692 692 692 692 692 692 692 692 692 692 692 692 692 692 692 692 692 917 917 248 248 248 692 692 692 692 692 692 692 692 692 692 692 692 692 692 692 692 692 692 248 248 248 837 413 413 856 936 936 936 936 936 936 936 620 620 620 1000 1000 1000 1000 1000 1000 806 806 806 806 806 806 413 413 856 423 423 423 423 330 330 917 917 620 620 620 596 596 596 596 596 596 722 722 722 722 900 900 900 900 900 748 748 748 748 748 748 936 936 936 936 936 936 936 478 478 193 193 478 478 199 199 193 193 
0 1 2 3 4 5 6 7 8 9 10 11 12 13 14 15 16 17 18 19 20 21 15 16 17 18 19 20 21 22 23 24 25 26 27 28 29 30 31 32 33 34 35 36 37 38 39 40 41 42 43 44 45 46 47 48 49 50 51 52 2 3 4 5 6 53 22 23 24 25 26 27 54 55 56 57 58 59 60 61 62 63 64 65 66 67 68 69 70 71 72 73 74 75 76 77 78 79 80 81 82 60 61 62 63 64 65 66 67 68 69 70 71 72 73 74 75 76 77 80 81 82 53 83 84 85 86 87 88 89 90 91 92 93 94 95 54 55 56 57 58 59 9 10 11 12 13 14 83 84 85 39 40 41 42 0 1 78 79 93 94 95 33 34 35 36 37 38 43 44 45 46 28 29 30 31 32 47 48 49 50 51 52 86 87 88 89 90 91 92 96 97 98 99 96 97 7 8 98 99 
71056
22
4 4 2 1 7 2 7 2 2 2 1 6 6 6 3 5 5 6 2 6 3 18 
13 12 59 15 7 61 41 2 30 35 38 19 11 13 41 5 11 11 5 5 32 27 
55 50 62 35 11 67 58 51 51 49 49 43 15 56 51 14 55 52 66 44 34 33 
722 423 478 837 827 193 936 330 917 413 856 1000 932 748 620 666 900 596 199 806 248 692 
7 7 15 15 15 15 15 18 18 19 19 19 19 19 19 4 4 4 4 4 4 4 4 4 4 4 4 4 4 12 12 12 12 12 12 16 16 16 16 16 17 17 17 17 17 17 1 1 1 1 0 0 0 0 13 13 13 13 13 13 15 15 15 15 15 3 12 12 12 12 12 12 11 11 11 11 11 11 21 21 21 21 21 21 21 21 21 21 21 21 21 21 21 21 21 21 8 8 20 20 20 21 21 21 21 21 21 21 21 21 21 21 21 21 21 21 21 21 21 20 20 20 3 9 9 10 6 6 6 6 6 6 6 14 14 14 11 11 11 11 11 11 19 19 19 19 19 19 9 9 10 1 1 1 1 7 7 8 8 14 14 14 17 17 17 17 17 17 0 0 0 0 16 16 16 16 16 13 13 13 13 13 13 6 6 6 6 6 6 6 2 2 5 5 2 2 18 18 5 5 