54
100
2
1 1 1 1 1 1 1 1 1 1 3 3 3 3 3 5 5 5 5 5 5 5 5 7 7 7 7 14 14 14 14 14 14 14 14 14 17 17 17 17 17 17 17 17 17 17 17 18 18 18 18 18 18 18 18 18 27 27 27 27 27 27 27 27 28 28 28 28 28 36 36 36 36 36 36 36 36 36 46 46 46 46 46 46 46 46 46 46 46 46 50 50 50 51 51 51 51 51 51 51 52 52 52 52 52 52 52 52 52 52 52 52 52 52 52 52 52 52 52 52 52 52 52 53 53 53 53 54 54 54 54 54 54 56 56 56 56 56 56 56 56 56 56 58 58 58 58 58 58 58 58 58 58 58 58 58 58 58 58 58 61 61 64 64 64 64 64 64 64 64 64 64 64 64 64 64 64 64 64 64 65 65 65 65 65 65 65 65 65 65 65 68 68 68 68 68 68 68 68 68 
166 167 168 169 170 171 172 173 174 175 64 65 66 67 68 56 57 58 59 60 61 62 63 162 163 164 165 90 91 92 127 128 129 130 131 132 180 181 182 183 184 185 186 187 188 189 190 69 70 71 72 73 74 75 76 77 15 16 17 18 19 20 21 22 10 11 12 13 14 47 48 49 50 51 52 53 54 55 111 112 113 114 115 116 117 118 119 120 121 122 27 28 29 143 144 145 146 147 148 149 160 161 191 192 193 194 195 196 197 198 199 78 79 80 81 82 83 84 85 86 87 88 89 176 177 178 179 30 31 32 33 34 35 150 151 152 153 154 155 156 157 158 159 93 94 95 96 97 98 99 133 134 135 136 137 138 139 140 141 142 100 101 23 24 25 26 0 1 2 3 4 5 6 7 8 9 123 124 125 126 36 37 38 39 40 41 42 43 44 45 46 102 103 104 105 106 107 108 109 110 
766 766 766 766 766 766 766 766 766 766 883 883 883 883 883 565 565 565 565 565 565 565 565 474 474 474 474 937 937 937 414 414 414 414 414 414 483 483 483 483 483 483 483 483 483 483 483 486 486 486 486 486 486 486 486 486 565 565 565 565 565 565 565 565 883 883 883 883 883 486 486 486 486 486 486 486 486 486 783 783 783 783 783 783 783 783 783 783 783 783 937 937 937 712 712 712 712 712 712 712 504 504 388 388 388 388 388 388 388 388 388 783 783 783 783 783 783 783 783 783 783 783 783 408 408 408 408 414 414 414 414 414 414 929 929 929 929 929 929 929 929 929 929 712 712 712 712 712 712 712 929 929 929 929 929 929 929 929 929 929 504 504 474 474 474 474 766 766 766 766 766 766 766 766 766 766 408 408 408 408 483 483 483 483 483 483 483 483 483 483 483 388 388 388 388 388 388 388 388 388 
0 1 2 3 4 5 6 7 8 9 10 11 12 13 14 15 16 17 18 19 20 21 22 23 24 25 26 27 28 29 30 31 32 33 34 35 36 37 38 39 40 41 42 43 44 45 46 47 48 49 50 51 52 53 54 55 15 16 17 18 19 20 21 22 10 11 12 13 14 47 48 49 50 51 52 53 54 55 56 57 58 59 60 61 62 63 64 65 66 67 27 28 29 68 69 70 71 72 73 74 75 76 77 78 79 80 81 82 83 84 85 56 57 58 59 60 61 62 63 64 65 66 67 86 87 88 89 30 31 32 33 34 35 90 91 92 93 94 95 96 97 98 99 68 69 70 71 72 73 74 90 91 92 93 94 95 96 97 98 99 75 76 23 24 25 26 0 1 2 3 4 5 6 7 8 9 86 87 88 89 36 37 38 39 40 41 42 43 44 45 46 77 78 79 80 81 82 83 84 85 
63275
14
11 2 8 4 9 5 3 7 9 10 10 6 4 12 
17 52 5 7 52 3 14 51 18 1 56 14 53 46 
65 61 27 64 68 28 50 58 36 64 58 54 64 52 
483 504 565 474 388 883 937 712 486 766 929 414 408 783 
9 9 9 9 9 9 9 9 9 9 5 5 5 5 5 2 2 2 2 2 2 2 2 3 3 3 3 6 6 6 11 11 11 11 11 11 0 0 0 0 0 0 0 0 0 0 0 8 8 8 8 8 8 8 8 8 2 2 2 2 2 2 2 2 5 5 5 5 5 8 8 8 8 8 8 8 8 8 13 13 13 13 13 13 13 13 13 13 13 13 6 6 6 7 7 7 7 7 7 7 1 1 4 4 4 4 4 4 4 4 4 13 13 13 13 13 13 13 13 13 13 13 13 12 12 12 12 11 11 11 11 11 11 10 10 10 10 10 10 10 10 10 10 7 7 7 7 7 7 7 10 10 10 10 10 10 10 10 10 10 1 1 3 3 3 3 9 9 9 9 9 9 9 9 9 9 12 12 12 12 0 0 0 0 0 0 0 0 0 0 0 4 4 4 4 4 4 4 4 4 