376
100
2
1 1 1 1 1 1 1 2 2 4 4 4 4 4 4 7 7 7 7 9 9 9 9 9 9 9 9 9 9 10 10 10 10 10 10 10 10 10 11 11 11 11 11 11 11 11 11 11 12 12 12 12 13 13 18 18 18 19 19 19 19 19 19 19 21 21 21 21 21 21 21 21 21 21 21 21 21 21 21 22 22 22 22 22 22 22 22 22 22 23 23 23 27 27 27 27 27 27 27 28 28 28 28 28 28 28 28 28 28 30 30 30 30 30 31 31 31 31 35 35 35 35 35 35 35 35 35 36 36 36 36 36 48 48 48 48 48 48 48 48 52 52 52 52 52 53 53 53 53 53 53 53 53 53 53 53 53 53 53 53 60 60 60 60 60 61 61 61 61 61 61 61 61 62 62 62 62 62 66 66 66 66 66 66 66 68 68 68 68 68 68 68 68 68 70 70 70 70 70 70 
57 58 59 60 61 62 63 52 53 194 195 196 197 198 199 118 119 120 121 173 174 175 176 177 140 141 142 143 144 185 186 187 188 189 190 191 192 193 99 100 101 102 103 104 105 106 107 108 114 115 116 117 7 8 89 90 91 0 1 2 3 4 5 6 145 146 147 148 149 150 151 152 153 154 155 156 157 158 159 109 110 111 112 113 122 123 124 125 126 54 55 56 178 179 180 181 182 183 184 38 39 40 41 42 43 44 45 46 47 79 80 81 82 83 48 49 50 51 15 16 17 18 84 85 86 87 88 160 161 162 163 164 165 166 167 168 169 170 171 172 24 25 26 27 28 64 65 66 67 68 69 70 71 72 73 74 75 76 77 78 127 128 129 130 131 132 133 134 135 136 137 138 139 19 20 21 22 23 92 93 94 95 96 97 98 29 30 31 32 33 34 35 36 37 9 10 11 12 13 14 
648 648 648 648 648 648 648 329 329 832 832 832 832 832 832 980 980 980 980 412 412 412 412 412 187 187 187 187 187 359 359 359 359 359 359 359 359 359 176 176 176 176 176 176 176 176 176 176 472 472 472 472 329 329 170 170 170 648 648 648 648 648 648 648 948 948 948 948 948 948 948 948 948 948 948 948 948 948 948 428 428 428 428 428 894 894 894 894 894 170 170 170 190 190 190 190 190 190 190 176 176 176 176 176 176 176 176 176 176 428 428 428 428 428 472 472 472 472 980 980 980 980 894 894 894 894 894 327 327 327 327 327 853 853 853 853 853 853 853 853 187 187 187 187 187 948 948 948 948 948 948 948 948 948 948 948 948 948 948 948 327 327 327 327 327 853 853 853 853 853 853 853 853 412 412 412 412 412 190 190 190 190 190 190 190 359 359 359 359 359 359 359 359 359 832 832 832 832 832 832 
0 1 2 3 4 5 6 7 8 9 10 11 12 13 14 15 16 17 18 19 20 21 22 23 24 25 26 27 28 29 30 31 32 33 34 35 36 37 38 39 40 41 42 43 44 45 46 47 48 49 50 51 7 8 52 53 54 0 1 2 3 4 5 6 55 56 57 58 59 60 61 62 63 64 65 66 67 68 69 70 71 72 73 74 75 76 77 78 79 52 53 54 80 81 82 83 84 85 86 38 39 40 41 42 43 44 45 46 47 70 71 72 73 74 48 49 50 51 15 16 17 18 75 76 77 78 79 87 88 89 90 91 92 93 94 95 96 97 98 99 24 25 26 27 28 55 56 57 58 59 60 61 62 63 64 65 66 67 68 69 87 88 89 90 91 92 93 94 95 96 97 98 99 19 20 21 22 23 80 81 82 83 84 85 86 29 30 31 32 33 34 35 36 37 9 10 11 12 13 14 
55109
16
6 7 3 7 5 10 5 8 5 5 4 2 9 4 5 15 
4 1 18 27 22 11 9 48 36 9 12 2 10 7 22 21 
70 19 23 66 30 28 62 61 60 52 31 13 68 35 35 53 
832 648 170 190 428 176 412 853 327 187 472 329 359 980 894 948 
1 1 1 1 1 1 1 11 11 0 0 0 0 0 0 13 13 13 13 6 6 6 6 6 9 9 9 9 9 12 12 12 12 12 12 12 12 12 5 5 5 5 5 5 5 5 5 5 10 10 10 10 11 11 2 2 2 1 1 1 1 1 1 1 15 15 15 15 15 15 15 15 15 15 15 15 15 15 15 4 4 4 4 4 14 14 14 14 14 2 2 2 3 3 3 3 3 3 3 5 5 5 5 5 5 5 5 5 5 4 4 4 4 4 10 10 10 10 13 13 13 13 14 14 14 14 14 8 8 8 8 8 7 7 7 7 7 7 7 7 9 9 9 9 9 15 15 15 15 15 15 15 15 15 15 15 15 15 15 15 8 8 8 8 8 7 7 7 7 7 7 7 7 6 6 6 6 6 3 3 3 3 3 3 3 12 12 12 12 12 12 12 12 12 0 0 0 0 0 0 