926
100
2
3 3 3 3 3 4 4 4 4 4 4 5 5 5 6 7 7 8 8 8 10 10 10 10 10 10 10 10 12 12 12 13 13 13 15 15 15 15 15 15 15 15 15 15 15 15 15 15 15 15 15 15 15 15 19 19 19 21 21 21 21 21 21 21 21 21 21 21 21 21 21 21 21 21 21 21 21 21 21 21 21 21 22 23 23 23 23 23 23 24 24 24 24 26 26 26 26 26 26 26 26 27 29 29 29 29 29 29 29 31 31 31 33 33 34 34 34 34 34 34 35 35 35 35 35 35 39 39 39 39 39 39 39 40 40 41 41 42 42 44 44 44 44 44 45 46 46 46 46 46 48 48 54 54 54 57 57 57 57 57 57 57 58 58 58 58 58 58 58 61 61 61 61 61 63 63 63 64 64 64 64 64 64 64 64 64 64 65 66 66 66 66 66 66 68 68 69 69 69 69 
169 170 171 172 173 93 94 95 96 97 98 17 18 19 162 34 35 11 12 13 152 153 154 163 164 165 166 82 135 136 187 54 55 56 15 16 64 65 66 67 68 69 70 71 72 73 74 75 76 77 78 79 80 81 31 32 33 157 158 159 160 161 167 168 36 37 38 39 40 41 42 43 44 45 46 47 48 49 50 51 52 53 27 114 115 116 117 118 119 177 178 179 180 5 6 7 8 9 10 133 134 144 109 110 111 196 197 198 199 102 103 104 155 156 83 84 85 86 87 88 127 128 129 130 131 132 174 120 121 122 123 124 125 99 100 28 29 175 176 145 146 147 148 149 101 139 140 141 142 143 194 195 20 21 22 112 113 57 58 59 60 61 14 23 24 25 26 62 63 0 1 2 3 4 126 137 138 89 90 91 92 188 189 190 191 192 193 30 181 182 183 184 185 186 150 151 105 106 107 108 
805 805 805 805 805 386 386 386 386 386 386 252 252 252 516 358 358 252 252 252 377 377 377 994 994 994 994 251 462 462 434 595 595 595 358 358 931 931 931 931 931 931 931 931 931 931 931 931 931 931 931 931 931 931 595 595 595 291 291 291 291 291 398 398 931 931 931 931 931 931 931 931 931 931 931 931 931 931 931 931 931 931 251 876 876 876 876 876 876 254 254 254 254 386 386 386 386 386 386 965 965 814 407 407 407 491 491 491 491 407 407 407 463 463 876 876 876 876 876 876 859 859 859 859 859 859 459 859 859 859 859 859 859 965 965 462 462 379 379 674 674 674 674 674 814 674 674 674 674 674 750 750 377 377 377 463 463 291 291 291 291 291 516 994 994 994 994 398 398 805 805 805 805 805 459 379 379 254 254 254 254 689 689 689 689 689 689 434 689 689 689 689 689 689 750 750 491 491 491 491 
0 1 2 3 4 5 6 7 8 9 10 11 12 13 14 15 16 11 12 13 17 18 19 20 21 22 23 24 25 26 27 28 29 30 15 16 31 32 33 34 35 36 37 38 39 40 41 42 43 44 45 46 47 48 28 29 30 49 50 51 52 53 54 55 31 32 33 34 35 36 37 38 39 40 41 42 43 44 45 46 47 48 24 56 57 58 59 60 61 62 63 64 65 5 6 7 8 9 10 66 67 68 69 70 71 72 73 74 75 69 70 71 76 77 56 57 58 59 60 61 78 79 80 81 82 83 84 78 79 80 81 82 83 66 67 25 26 85 86 87 88 89 90 91 68 87 88 89 90 91 92 93 17 18 19 76 77 49 50 51 52 53 14 20 21 22 23 54 55 0 1 2 3 4 84 85 86 62 63 64 65 94 95 96 97 98 99 27 94 95 96 97 98 99 92 93 72 73 74 75 
64341
27
6 3 1 5 2 2 2 6 2 6 1 4 4 5 3 1 3 5 2 2 3 6 1 2 4 1 18 
23 10 39 3 48 33 42 4 12 35 6 24 10 21 13 10 5 44 7 21 29 64 27 26 29 12 15 
34 54 63 61 68 57 63 26 41 39 58 64 58 57 19 22 8 46 15 58 31 66 45 40 69 65 21 
876 377 459 805 750 463 379 386 462 859 516 254 994 291 595 251 252 674 358 398 407 689 814 965 491 434 931 
3 3 3 3 3 7 7 7 7 7 7 16 16 16 10 18 18 16 16 16 1 1 1 12 12 12 12 15 8 8 25 14 14 14 18 18 26 26 26 26 26 26 26 26 26 26 26 26 26 26 26 26 26 26 14 14 14 13 13 13 13 13 19 19 26 26 26 26 26 26 26 26 26 26 26 26 26 26 26 26 26 26 15 0 0 0 0 0 0 11 11 11 11 7 7 7 7 7 7 23 23 22 20 20 20 24 24 24 24 20 20 20 5 5 0 0 0 0 0 0 9 9 9 9 9 9 2 9 9 9 9 9 9 23 23 8 8 6 6 17 17 17 17 17 22 17 17 17 17 17 4 4 1 1 1 5 5 13 13 13 13 13 10 12 12 12 12 19 19 3 3 3 3 3 2 6 6 11 11 11 11 21 21 21 21 21 21 25 21 21 21 21 21 21 4 4 24 24 24 24 