93
100
2
1 1 1 1 1 1 1 1 3 3 3 3 3 3 3 3 3 6 6 6 6 6 7 7 7 7 13 13 13 13 13 13 13 14 14 14 14 14 14 14 14 14 15 15 15 15 15 15 15 15 19 19 19 19 19 19 19 21 21 21 21 21 21 21 23 23 23 23 23 23 23 23 23 23 23 23 24 24 24 24 24 24 24 24 24 24 24 24 25 25 25 25 25 25 26 26 26 26 26 26 26 26 26 27 27 27 27 27 27 32 32 32 32 32 32 32 32 34 34 34 34 34 34 34 34 34 34 34 34 36 36 36 36 36 39 39 39 39 39 39 39 39 39 39 39 39 42 42 42 48 48 48 48 48 48 48 50 50 50 50 50 50 50 50 50 50 50 50 50 50 50 50 59 59 59 59 59 59 59 60 60 60 60 60 60 60 60 61 61 62 62 62 62 62 65 65 69 69 69 69 
129 130 131 132 133 146 147 148 94 95 96 97 98 99 100 101 102 124 125 126 127 128 42 43 44 45 57 58 59 60 61 62 63 156 157 158 159 160 161 162 163 164 22 23 24 25 196 197 198 199 172 173 174 175 176 177 178 26 27 28 29 30 31 32 76 77 78 79 80 81 82 83 84 85 86 87 64 65 66 67 68 69 70 71 72 73 74 75 103 104 105 106 107 108 8 9 10 11 12 13 14 15 16 88 89 90 91 92 93 179 180 181 182 183 184 185 186 149 150 151 152 153 154 155 17 18 19 20 21 0 1 2 3 4 189 190 191 192 193 165 166 167 168 169 170 171 5 6 7 117 118 119 120 121 122 123 33 34 35 36 37 38 39 40 41 139 140 141 142 143 144 145 50 51 52 53 54 55 56 109 110 111 112 113 114 115 116 194 195 134 135 136 137 138 187 188 46 47 48 49 
377 377 377 377 377 220 220 220 356 356 356 356 356 356 356 356 356 634 634 634 634 634 650 650 650 650 539 539 539 539 539 539 539 498 498 498 498 498 498 498 498 498 650 650 650 650 515 515 515 515 360 360 360 360 360 360 360 539 539 539 539 539 539 539 183 183 183 183 183 183 183 183 183 183 183 183 183 183 183 183 183 183 183 183 183 183 183 183 635 635 635 635 635 635 356 356 356 356 356 356 356 356 356 635 635 635 635 635 635 724 724 724 724 724 724 724 724 360 360 360 360 360 360 360 634 634 634 634 634 377 377 377 377 377 442 442 442 442 442 659 659 659 659 659 659 659 220 220 220 360 360 360 360 360 360 360 498 498 498 498 498 498 498 498 498 659 659 659 659 659 659 659 360 360 360 360 360 360 360 724 724 724 724 724 724 724 724 322 322 442 442 442 442 442 322 322 515 515 515 515 
0 1 2 3 4 5 6 7 8 9 10 11 12 13 14 15 16 17 18 19 20 21 22 23 24 25 26 27 28 29 30 31 32 33 34 35 36 37 38 39 40 41 22 23 24 25 42 43 44 45 46 47 48 49 50 51 52 26 27 28 29 30 31 32 53 54 55 56 57 58 59 60 61 62 63 64 53 54 55 56 57 58 59 60 61 62 63 64 65 66 67 68 69 70 8 9 10 11 12 13 14 15 16 65 66 67 68 69 70 71 72 73 74 75 76 77 78 79 80 81 82 83 84 85 17 18 19 20 21 0 1 2 3 4 86 87 88 89 90 91 92 93 94 95 96 97 5 6 7 79 80 81 82 83 84 85 33 34 35 36 37 38 39 40 41 91 92 93 94 95 96 97 46 47 48 49 50 51 52 71 72 73 74 75 76 77 78 98 99 86 87 88 89 90 98 99 42 43 44 45 
46139
16
7 4 4 5 5 2 7 3 5 7 9 8 9 6 7 12 
34 7 15 39 1 61 19 1 6 13 3 32 14 25 39 23 
48 15 69 62 36 65 59 42 34 21 26 60 50 27 50 24 
360 650 515 442 377 322 360 220 634 539 356 724 498 635 659 183 
4 4 4 4 4 7 7 7 10 10 10 10 10 10 10 10 10 8 8 8 8 8 1 1 1 1 9 9 9 9 9 9 9 12 12 12 12 12 12 12 12 12 1 1 1 1 2 2 2 2 6 6 6 6 6 6 6 9 9 9 9 9 9 9 15 15 15 15 15 15 15 15 15 15 15 15 15 15 15 15 15 15 15 15 15 15 15 15 13 13 13 13 13 13 10 10 10 10 10 10 10 10 10 13 13 13 13 13 13 11 11 11 11 11 11 11 11 0 0 0 0 0 0 0 8 8 8 8 8 4 4 4 4 4 3 3 3 3 3 14 14 14 14 14 14 14 7 7 7 0 0 0 0 0 0 0 12 12 12 12 12 12 12 12 12 14 14 14 14 14 14 14 6 6 6 6 6 6 6 11 11 11 11 11 11 11 11 5 5 3 3 3 3 3 5 5 2 2 2 2 