241
100
2
2 2 2 2 2 2 2 2 2 2 2 8 8 8 8 10 10 10 16 16 17 17 17 17 17 18 18 18 18 18 18 18 18 18 18 18 18 18 18 18 18 18 18 18 18 18 18 18 18 18 18 18 18 18 18 18 19 19 19 19 26 26 26 26 26 26 26 26 26 26 26 27 27 27 27 27 29 29 29 29 40 40 40 40 40 40 40 40 40 40 40 43 43 43 43 43 43 43 43 43 43 43 43 43 43 45 45 45 45 45 45 45 45 45 45 49 49 49 55 55 55 55 55 55 55 55 55 55 55 55 55 55 55 55 60 60 60 60 60 60 60 60 60 60 62 62 63 63 63 63 63 63 63 63 63 63 63 64 64 64 66 66 66 66 66 66 66 66 66 66 66 66 67 67 67 68 68 68 68 68 68 68 68 68 68 70 70 70 70 70 70 70 70 70 70 70 70 70 70 70 
18 19 32 33 34 35 36 37 38 39 40 138 139 140 141 157 158 159 0 1 71 72 73 74 75 118 119 120 121 122 123 124 2 3 4 5 6 7 8 9 10 185 186 187 188 189 190 191 192 193 194 195 196 197 198 199 134 135 136 137 146 147 148 149 150 151 152 153 154 155 156 20 21 22 23 24 77 76 79 78 94 95 96 97 98 99 100 101 102 103 104 160 161 162 80 81 82 83 84 85 86 87 88 89 90 175 176 177 178 179 180 181 182 183 184 172 173 174 25 26 27 28 29 30 31 163 164 165 166 167 168 169 170 171 56 57 58 59 11 12 13 14 144 145 142 143 60 61 62 63 64 65 66 67 68 69 70 15 16 17 91 92 93 125 126 127 128 129 130 131 132 133 115 116 117 105 106 107 108 109 110 111 112 113 114 41 42 43 44 45 46 47 48 49 50 51 52 53 54 55 
577 577 845 845 845 845 845 845 845 845 845 940 940 940 940 381 381 381 577 577 944 944 944 944 944 371 371 371 371 371 371 371 845 845 845 845 845 845 845 845 845 646 646 646 646 646 646 646 646 646 646 646 646 646 646 646 337 337 337 337 244 244 244 244 244 244 244 244 244 244 244 944 944 944 944 944 517 517 517 517 329 329 329 329 329 329 329 329 329 329 329 585 585 585 329 329 329 329 329 329 329 329 329 329 329 892 892 892 892 892 892 892 892 892 892 468 468 468 371 371 371 371 371 371 371 527 527 527 527 527 527 527 527 527 337 337 337 337 940 940 940 940 326 326 326 326 244 244 244 244 244 244 244 244 244 244 244 381 381 381 585 585 585 527 527 527 527 527 527 527 527 527 468 468 468 892 892 892 892 892 892 892 892 892 892 646 646 646 646 646 646 646 646 646 646 646 646 646 646 646 
0 1 2 3 4 5 6 7 8 9 10 11 12 13 14 15 16 17 0 1 18 19 20 21 22 23 24 25 26 27 28 29 2 3 4 5 6 7 8 9 10 30 31 32 33 34 35 36 37 38 39 40 41 42 43 44 45 46 47 48 49 50 51 52 53 54 55 56 57 58 59 18 19 20 21 22 60 60 61 61 62 63 64 65 66 67 68 69 70 71 72 73 74 75 62 63 64 65 66 67 68 69 70 71 72 76 77 78 79 80 81 82 83 84 85 86 87 88 23 24 25 26 27 28 29 89 90 91 92 93 94 95 96 97 45 46 47 48 11 12 13 14 98 99 98 99 49 50 51 52 53 54 55 56 57 58 59 15 16 17 73 74 75 89 90 91 92 93 94 95 96 97 86 87 88 76 77 78 79 80 81 82 83 84 85 30 31 32 33 34 35 36 37 38 39 40 41 42 43 44 
56828
16
5 2 2 3 4 3 7 10 9 3 4 11 9 11 2 15 
17 2 29 43 19 10 18 45 55 49 8 26 2 40 60 18 
27 16 29 66 60 64 55 68 66 67 60 63 18 43 62 70 
944 577 517 585 337 381 371 892 527 468 940 244 845 329 326 646 
1 1 12 12 12 12 12 12 12 12 12 10 10 10 10 5 5 5 1 1 0 0 0 0 0 6 6 6 6 6 6 6 12 12 12 12 12 12 12 12 12 15 15 15 15 15 15 15 15 15 15 15 15 15 15 15 4 4 4 4 11 11 11 11 11 11 11 11 11 11 11 0 0 0 0 0 2 2 2 2 13 13 13 13 13 13 13 13 13 13 13 3 3 3 13 13 13 13 13 13 13 13 13 13 13 7 7 7 7 7 7 7 7 7 7 9 9 9 6 6 6 6 6 6 6 8 8 8 8 8 8 8 8 8 4 4 4 4 10 10 10 10 14 14 14 14 11 11 11 11 11 11 11 11 11 11 11 5 5 5 3 3 3 8 8 8 8 8 8 8 8 8 9 9 9 7 7 7 7 7 7 7 7 7 7 15 15 15 15 15 15 15 15 15 15 15 15 15 15 15 