315
100
2
2 2 2 3 3 3 3 3 3 3 3 3 9 9 9 9 11 11 11 11 11 13 13 14 14 14 14 14 14 14 14 14 16 16 17 17 17 17 19 19 21 21 21 21 21 21 21 21 21 21 21 21 24 24 24 24 24 24 29 29 29 29 30 30 30 30 30 32 32 32 32 33 33 33 33 33 34 34 34 34 34 34 34 34 34 34 34 34 34 34 34 34 34 34 34 34 34 34 34 34 34 34 34 35 35 35 36 37 37 37 37 37 37 41 41 42 42 42 42 42 42 42 42 42 42 42 42 42 42 42 42 42 42 42 42 42 42 42 47 47 47 47 47 51 51 51 52 52 52 52 52 54 54 54 54 54 55 55 55 55 55 56 57 57 57 57 57 57 58 58 58 58 58 59 59 59 61 61 61 61 61 61 62 62 62 62 62 62 62 62 62 62 62 68 68 69 69 69 69 69 
73 74 75 58 59 60 61 47 48 49 50 51 67 68 69 70 156 157 158 159 160 193 194 177 178 179 180 181 43 44 45 46 161 76 174 175 162 163 106 82 107 108 109 28 29 30 31 7 8 9 10 11 187 188 189 190 191 192 3 4 5 6 168 169 170 171 172 12 13 14 15 113 114 0 1 2 33 115 116 117 118 119 39 111 112 120 121 122 123 124 125 126 127 128 129 130 131 132 133 134 135 136 137 143 144 145 38 40 41 42 195 83 84 71 72 77 78 79 80 81 85 86 87 88 89 90 91 92 93 94 95 96 97 98 99 100 101 102 151 152 153 154 155 103 104 105 182 183 184 185 186 138 139 140 141 142 16 17 18 19 20 32 36 37 196 197 198 199 62 63 64 65 66 176 34 35 173 23 24 25 26 27 146 147 148 149 150 52 53 54 55 56 57 21 22 110 164 165 166 167 
644 644 644 336 336 336 336 561 561 561 561 561 562 562 562 562 990 990 990 990 990 477 477 609 609 609 609 609 995 995 995 995 674 746 998 998 801 801 779 681 604 604 604 995 995 995 995 561 561 561 561 561 216 216 216 216 216 216 336 336 336 336 296 296 296 296 296 562 562 562 562 178 178 644 644 644 746 639 639 639 639 639 681 333 333 697 697 697 697 697 697 697 697 697 697 697 697 697 697 697 697 697 697 954 954 954 779 604 604 604 777 333 333 178 178 639 639 639 639 639 697 697 697 697 697 697 697 697 697 697 697 697 697 697 697 697 697 697 695 695 695 695 695 954 954 954 450 450 450 450 450 695 695 695 695 695 990 990 990 990 990 674 801 801 761 761 761 761 296 296 296 296 296 499 998 998 499 609 609 609 609 609 450 450 450 450 450 216 216 216 216 216 216 477 477 777 761 761 761 761 
0 1 2 3 4 5 6 7 8 9 10 11 12 13 14 15 16 17 18 19 20 21 22 23 24 25 26 27 28 29 30 31 32 33 34 35 36 37 38 39 40 41 42 28 29 30 31 7 8 9 10 11 43 44 45 46 47 48 3 4 5 6 49 50 51 52 53 12 13 14 15 54 55 0 1 2 33 56 57 58 59 60 39 61 62 63 64 65 66 67 68 69 70 71 72 73 74 75 76 77 78 79 80 81 82 83 38 40 41 42 84 61 62 54 55 56 57 58 59 60 63 64 65 66 67 68 69 70 71 72 73 74 75 76 77 78 79 80 85 86 87 88 89 81 82 83 90 91 92 93 94 85 86 87 88 89 16 17 18 19 20 32 36 37 95 96 97 98 49 50 51 52 53 99 34 35 99 23 24 25 26 27 90 91 92 93 94 43 44 45 46 47 48 21 22 84 95 96 97 98 
61994
27
3 2 3 3 1 1 5 1 5 4 2 5 1 5 1 1 5 4 4 2 5 6 2 5 2 4 18 
21 33 2 35 59 16 14 16 52 14 13 34 37 11 19 19 30 9 3 17 47 24 34 3 17 57 34 
37 41 33 51 61 56 61 34 62 21 68 42 69 55 36 34 58 32 29 59 54 62 37 21 57 69 42 
604 178 644 954 499 674 609 746 450 995 477 639 777 990 779 681 296 562 336 998 695 216 333 561 801 761 697 
2 2 2 18 18 18 18 23 23 23 23 23 17 17 17 17 13 13 13 13 13 10 10 6 6 6 6 6 9 9 9 9 5 7 19 19 24 24 14 15 0 0 0 9 9 9 9 23 23 23 23 23 21 21 21 21 21 21 18 18 18 18 16 16 16 16 16 17 17 17 17 1 1 2 2 2 7 11 11 11 11 11 15 22 22 26 26 26 26 26 26 26 26 26 26 26 26 26 26 26 26 26 26 3 3 3 14 0 0 0 12 22 22 1 1 11 11 11 11 11 26 26 26 26 26 26 26 26 26 26 26 26 26 26 26 26 26 26 20 20 20 20 20 3 3 3 8 8 8 8 8 20 20 20 20 20 13 13 13 13 13 5 24 24 25 25 25 25 16 16 16 16 16 4 19 19 4 6 6 6 6 6 8 8 8 8 8 21 21 21 21 21 21 10 10 12 25 25 25 25 