717
100
2
1 1 1 1 1 1 1 1 2 2 2 2 2 2 2 2 3 3 3 3 3 3 3 3 3 3 3 3 3 3 3 3 3 3 3 3 8 8 8 8 8 8 8 8 8 8 8 14 14 14 14 14 14 14 14 18 18 18 18 18 18 20 20 20 21 21 21 21 21 21 21 21 21 21 22 22 22 22 22 22 22 22 22 22 22 22 22 22 22 22 27 27 27 27 27 27 27 27 27 27 27 27 28 28 28 28 28 28 28 34 34 34 34 34 34 35 35 35 35 35 36 36 36 36 36 36 36 36 36 43 43 49 49 49 49 50 50 50 50 50 50 50 50 50 50 53 53 53 53 53 53 53 53 54 54 54 54 54 54 54 54 54 54 54 54 54 54 57 57 61 61 61 61 61 61 61 62 62 62 62 62 64 64 64 64 64 64 64 64 67 67 67 67 67 67 67 67 67 67 67 
47 48 49 50 51 52 53 54 94 95 96 97 98 99 100 101 131 132 133 134 74 75 76 77 78 79 80 81 82 83 84 85 86 87 88 89 90 91 92 93 102 103 104 105 106 107 108 0 1 2 3 4 5 6 7 109 110 111 112 113 114 159 160 161 153 154 155 156 157 158 169 170 171 172 20 21 22 23 24 25 26 27 28 29 30 31 32 33 34 35 36 37 38 39 8 9 10 11 12 13 14 15 40 41 42 43 44 45 46 55 56 57 58 59 60 176 177 178 179 180 189 190 191 192 193 194 195 196 197 162 163 16 17 18 19 136 135 138 137 140 139 142 141 144 143 181 182 183 184 185 186 187 188 64 65 66 67 68 69 61 62 63 129 130 173 174 175 198 199 70 71 72 73 164 165 166 115 116 117 118 119 145 146 147 148 149 150 151 152 120 121 122 123 124 125 126 127 128 167 168 
863 863 863 863 863 863 863 863 743 743 743 743 743 743 743 743 427 427 427 427 805 805 805 805 805 805 805 805 805 805 805 805 805 805 805 805 609 609 609 609 749 749 749 749 749 749 749 863 863 863 863 863 863 863 863 632 632 632 632 632 632 837 837 837 349 349 349 349 349 349 781 781 781 781 805 805 805 805 805 805 805 805 805 805 805 805 805 805 805 805 609 609 609 609 743 743 743 743 743 743 743 743 749 749 749 749 749 749 749 632 632 632 632 632 632 740 740 740 740 740 373 373 373 373 373 373 373 373 373 818 818 427 427 427 427 408 408 408 408 408 408 408 408 408 408 238 238 238 238 238 238 238 238 349 349 349 349 349 349 837 837 837 818 818 418 418 418 720 720 781 781 781 781 418 418 418 740 740 740 740 740 238 238 238 238 238 238 238 238 373 373 373 373 373 373 373 373 373 720 720 
0 1 2 3 4 5 6 7 8 9 10 11 12 13 14 15 16 17 18 19 20 21 22 23 24 25 26 27 28 29 30 31 32 33 34 35 36 37 38 39 40 41 42 43 44 45 46 0 1 2 3 4 5 6 7 47 48 49 50 51 52 53 54 55 56 57 58 59 60 61 62 63 64 65 20 21 22 23 24 25 26 27 28 29 30 31 32 33 34 35 36 37 38 39 8 9 10 11 12 13 14 15 40 41 42 43 44 45 46 47 48 49 50 51 52 66 67 68 69 70 71 72 73 74 75 76 77 78 79 80 81 16 17 18 19 82 82 83 83 84 84 85 85 86 86 87 88 89 90 91 92 93 94 56 57 58 59 60 61 53 54 55 80 81 95 96 97 98 99 62 63 64 65 95 96 97 66 67 68 69 70 87 88 89 90 91 92 93 94 71 72 73 74 75 76 77 78 79 98 99 
61967
17
4 5 6 9 3 4 8 6 4 8 7 5 2 3 8 2 16 
3 35 21 36 20 21 53 18 8 1 8 50 43 54 2 57 3 
49 62 54 67 54 61 64 34 27 14 28 50 54 61 27 67 22 
427 740 349 373 837 781 238 632 609 863 749 408 818 418 743 720 805 
9 9 9 9 9 9 9 9 14 14 14 14 14 14 14 14 0 0 0 0 16 16 16 16 16 16 16 16 16 16 16 16 16 16 16 16 8 8 8 8 10 10 10 10 10 10 10 9 9 9 9 9 9 9 9 7 7 7 7 7 7 4 4 4 2 2 2 2 2 2 5 5 5 5 16 16 16 16 16 16 16 16 16 16 16 16 16 16 16 16 8 8 8 8 14 14 14 14 14 14 14 14 10 10 10 10 10 10 10 7 7 7 7 7 7 1 1 1 1 1 3 3 3 3 3 3 3 3 3 12 12 0 0 0 0 11 11 11 11 11 11 11 11 11 11 6 6 6 6 6 6 6 6 2 2 2 2 2 2 4 4 4 12 12 13 13 13 15 15 5 5 5 5 13 13 13 1 1 1 1 1 6 6 6 6 6 6 6 6 3 3 3 3 3 3 3 3 3 15 15 