238
100
2
1 1 1 1 1 1 1 1 1 1 1 1 1 1 1 1 1 1 1 2 2 2 2 4 4 5 5 5 5 5 5 5 5 7 7 9 9 9 9 9 10 13 13 14 14 14 14 14 14 14 16 16 17 17 17 17 17 17 17 17 17 17 17 17 17 17 17 17 17 17 17 17 17 17 17 17 18 21 21 21 23 23 24 24 24 26 26 26 26 26 26 26 26 27 27 27 27 28 28 28 28 28 29 29 29 29 30 30 30 30 30 30 30 30 30 33 33 33 33 33 35 35 35 35 35 40 40 40 40 40 43 43 46 46 46 46 46 46 46 46 46 46 47 47 47 47 49 49 49 49 50 50 50 52 52 52 52 52 52 55 55 55 55 55 55 57 57 57 57 59 59 61 61 61 61 61 62 62 62 63 63 63 63 63 63 63 63 63 64 64 64 64 65 65 65 65 65 69 69 69 
124 58 59 60 61 62 63 64 65 66 67 68 69 70 71 72 73 74 75 54 55 56 57 169 170 106 107 108 109 110 77 78 79 130 131 194 195 196 118 119 76 157 158 50 51 179 180 181 182 183 43 44 192 193 19 20 21 22 1 2 3 4 5 6 7 8 9 10 11 12 13 14 15 16 17 18 40 30 31 32 159 160 90 91 92 171 172 173 174 175 82 83 84 188 189 190 191 137 138 139 140 141 142 143 144 145 25 26 27 28 29 146 147 148 149 150 151 152 38 39 153 154 155 156 0 132 133 134 135 136 33 34 125 126 127 128 129 97 98 99 100 101 102 103 104 105 111 112 113 114 115 116 117 120 121 122 123 41 42 80 81 184 185 186 187 166 165 168 167 23 24 85 86 87 88 89 197 198 199 45 46 47 48 49 161 162 163 164 93 94 95 96 52 53 35 36 37 176 177 178 
898 730 730 730 730 730 730 730 730 730 730 730 730 730 730 730 730 730 730 810 810 810 810 809 809 235 235 235 235 235 270 270 270 682 682 476 476 476 292 292 304 557 557 503 503 705 705 705 705 705 503 503 479 479 810 810 810 810 730 730 730 730 730 730 730 730 730 730 730 730 730 730 730 730 730 730 304 270 270 270 610 610 871 871 871 550 550 550 550 550 871 871 871 535 535 535 535 703 703 703 703 703 418 418 418 418 235 235 235 235 235 373 373 373 373 185 185 185 292 292 267 267 267 267 898 492 492 492 492 492 682 682 492 492 492 492 492 703 703 703 703 703 418 418 418 418 373 373 373 373 185 185 185 267 267 267 267 557 557 610 610 883 883 883 883 200 200 200 200 809 809 550 550 550 550 550 354 354 354 705 705 705 705 705 883 883 883 883 535 535 535 535 479 479 476 476 476 354 354 354 
0 1 2 3 4 5 6 7 8 9 10 11 12 13 14 15 16 17 18 19 20 21 22 23 24 25 26 27 28 29 30 31 32 33 34 35 36 37 38 39 40 41 42 43 44 45 46 47 48 49 43 44 50 51 19 20 21 22 1 2 3 4 5 6 7 8 9 10 11 12 13 14 15 16 17 18 40 30 31 32 52 53 54 55 56 57 58 59 60 61 54 55 56 62 63 64 65 66 67 68 69 70 71 72 73 74 25 26 27 28 29 75 76 77 78 79 80 81 38 39 82 83 84 85 0 86 87 88 89 90 33 34 86 87 88 89 90 66 67 68 69 70 71 72 73 74 75 76 77 78 79 80 81 82 83 84 85 41 42 52 53 91 92 93 94 95 95 96 96 23 24 57 58 59 60 61 97 98 99 45 46 47 48 49 91 92 93 94 62 63 64 65 50 51 35 36 37 97 98 99 
55643
27
2 3 5 2 5 5 4 2 2 1 2 5 2 5 3 1 4 3 2 3 3 4 4 4 2 4 18 
23 62 5 4 26 40 35 14 13 1 17 14 7 28 24 10 2 5 57 33 9 29 27 30 9 55 1 
55 69 30 59 61 46 52 16 52 35 65 63 43 46 26 18 17 21 57 50 65 47 64 49 33 63 17 
610 354 235 809 550 492 267 503 557 898 479 705 682 703 871 304 810 270 200 185 476 418 535 373 292 883 730 
9 26 26 26 26 26 26 26 26 26 26 26 26 26 26 26 26 26 26 16 16 16 16 3 3 2 2 2 2 2 17 17 17 12 12 20 20 20 24 24 15 8 8 7 7 11 11 11 11 11 7 7 10 10 16 16 16 16 26 26 26 26 26 26 26 26 26 26 26 26 26 26 26 26 26 26 15 17 17 17 0 0 14 14 14 4 4 4 4 4 14 14 14 22 22 22 22 13 13 13 13 13 21 21 21 21 2 2 2 2 2 23 23 23 23 19 19 19 24 24 6 6 6 6 9 5 5 5 5 5 12 12 5 5 5 5 5 13 13 13 13 13 21 21 21 21 23 23 23 23 19 19 19 6 6 6 6 8 8 0 0 25 25 25 25 18 18 18 18 3 3 4 4 4 4 4 1 1 1 11 11 11 11 11 25 25 25 25 22 22 22 22 10 10 20 20 20 1 1 1 