30
100
2
9 9 10 10 10 10 10 10 10 10 10 12 12 12 15 15 15 17 19 19 19 19 19 19 19 19 19 19 21 21 21 21 21 21 21 21 21 21 21 21 21 21 21 22 22 22 22 22 22 22 22 22 22 24 24 24 24 29 29 29 29 29 29 29 29 30 30 30 30 30 30 30 30 34 34 34 36 36 36 36 37 37 37 37 37 37 37 39 40 40 43 43 44 45 45 45 46 46 46 46 49 49 53 53 53 54 54 54 54 54 54 54 55 55 55 55 55 55 57 57 57 57 57 57 59 59 59 59 59 59 59 59 59 59 59 59 59 59 59 59 59 59 59 59 61 61 61 61 61 61 61 61 63 63 63 63 63 63 63 63 63 63 63 63 65 65 65 65 65 65 65 65 66 66 66 66 66 66 66 67 67 67 67 67 67 67 67 67 67 67 67 67 67 68 68 68 68 68 68 68 
26 27 155 156 157 158 159 160 161 162 163 152 153 154 73 74 75 92 45 46 47 48 49 50 51 52 0 1 87 130 131 132 133 134 135 136 137 138 139 140 141 142 143 90 91 18 19 20 21 22 23 24 25 96 97 98 99 65 66 67 68 69 70 71 72 57 58 59 60 61 62 63 64 14 15 16 114 115 116 117 172 173 174 175 176 177 178 28 100 101 43 44 17 102 103 104 53 54 55 56 88 89 93 94 95 193 194 195 196 197 198 199 150 151 76 77 78 79 187 188 189 190 191 192 144 145 146 147 148 149 29 30 31 32 33 34 35 36 37 38 39 40 41 42 124 125 126 127 128 129 112 113 11 12 13 2 3 4 5 6 7 8 9 10 179 180 181 182 183 184 185 186 80 81 82 83 84 85 86 164 165 166 167 168 169 170 171 118 119 120 121 122 123 105 106 107 108 109 110 111 
182 182 564 564 564 564 564 564 564 564 564 921 921 921 512 512 512 162 806 806 806 806 806 806 806 806 182 182 615 392 392 392 392 392 392 392 392 392 392 392 392 392 392 964 964 806 806 806 806 806 806 806 806 446 446 446 446 690 690 690 690 690 690 690 690 690 690 690 690 690 690 690 690 512 512 512 851 851 851 851 391 391 391 391 391 391 391 615 310 310 964 964 162 368 368 368 446 446 446 446 310 310 368 368 368 208 208 208 208 208 208 208 604 604 851 851 851 851 878 878 878 878 878 878 175 175 175 175 175 175 392 392 392 392 392 392 392 392 392 392 392 392 392 392 175 175 175 175 175 175 604 604 921 921 921 564 564 564 564 564 564 564 564 564 527 527 527 527 527 527 527 527 391 391 391 391 391 391 391 527 527 527 527 527 527 527 527 878 878 878 878 878 878 208 208 208 208 208 208 208 
0 1 2 3 4 5 6 7 8 9 10 11 12 13 14 15 16 17 18 19 20 21 22 23 24 25 0 1 26 27 28 29 30 31 32 33 34 35 36 37 38 39 40 41 42 18 19 20 21 22 23 24 25 43 44 45 46 47 48 49 50 51 52 53 54 47 48 49 50 51 52 53 54 14 15 16 55 56 57 58 59 60 61 62 63 64 65 26 66 67 41 42 17 68 69 70 43 44 45 46 66 67 68 69 70 71 72 73 74 75 76 77 78 79 55 56 57 58 80 81 82 83 84 85 86 87 88 89 90 91 27 28 29 30 31 32 33 34 35 36 37 38 39 40 86 87 88 89 90 91 78 79 11 12 13 2 3 4 5 6 7 8 9 10 92 93 94 95 96 97 98 99 59 60 61 62 63 64 65 92 93 94 95 96 97 98 99 80 81 82 83 84 85 71 72 73 74 75 76 77 
52747
20
2 1 2 6 8 2 3 4 3 1 8 3 2 8 4 7 6 7 9 14 
40 17 22 59 19 9 15 24 45 21 65 12 55 29 36 37 57 54 10 21 
49 44 43 61 22 19 34 46 53 39 67 63 61 30 55 66 67 68 63 59 
310 162 964 175 806 182 512 446 368 615 527 921 604 690 851 391 878 208 564 392 
5 5 18 18 18 18 18 18 18 18 18 11 11 11 6 6 6 1 4 4 4 4 4 4 4 4 5 5 9 19 19 19 19 19 19 19 19 19 19 19 19 19 19 2 2 4 4 4 4 4 4 4 4 7 7 7 7 13 13 13 13 13 13 13 13 13 13 13 13 13 13 13 13 6 6 6 14 14 14 14 15 15 15 15 15 15 15 9 0 0 2 2 1 8 8 8 7 7 7 7 0 0 8 8 8 17 17 17 17 17 17 17 12 12 14 14 14 14 16 16 16 16 16 16 3 3 3 3 3 3 19 19 19 19 19 19 19 19 19 19 19 19 19 19 3 3 3 3 3 3 12 12 11 11 11 18 18 18 18 18 18 18 18 18 10 10 10 10 10 10 10 10 15 15 15 15 15 15 15 10 10 10 10 10 10 10 10 16 16 16 16 16 16 17 17 17 17 17 17 17 