461
100
2
4 4 4 6 6 6 6 6 6 6 6 6 6 9 9 9 9 11 11 11 11 11 11 11 11 11 12 12 12 12 12 12 12 16 16 16 16 16 16 16 16 16 16 16 16 16 16 16 16 16 17 17 17 17 18 18 18 18 18 22 22 22 22 22 23 23 23 23 23 23 23 24 25 25 25 25 27 27 27 27 27 27 27 27 27 27 27 27 27 27 27 27 27 28 28 28 28 29 29 29 29 29 29 30 30 30 31 31 31 31 31 31 35 37 37 37 37 38 38 38 38 38 38 38 38 38 38 41 41 41 41 41 43 43 43 43 49 50 50 50 50 51 52 52 52 52 52 52 52 52 52 53 53 53 53 53 53 54 54 54 54 54 54 59 59 59 63 63 63 63 64 64 64 64 64 64 64 64 64 65 66 66 66 66 66 66 67 67 69 69 69 69 69 69 70 70 70 70 70 70 
103 104 105 166 167 168 169 188 189 190 191 192 193 50 51 52 53 127 128 129 130 131 113 114 115 116 64 65 66 67 68 69 70 76 77 78 79 80 81 82 83 84 85 86 87 88 89 90 91 92 13 14 15 16 59 60 61 62 63 54 55 56 57 58 26 27 28 29 30 31 32 136 93 94 95 96 33 34 35 36 37 38 39 40 41 42 43 44 45 46 47 48 49 72 73 74 75 151 152 153 154 155 156 0 1 2 180 181 182 183 184 185 179 22 23 24 25 142 143 144 145 146 174 175 176 177 178 17 18 19 20 21 170 171 172 173 71 147 148 149 150 163 117 118 119 120 121 137 138 139 140 97 98 99 100 101 102 194 195 196 197 198 199 141 186 187 3 4 5 6 132 133 134 135 122 123 124 125 126 112 106 107 108 109 110 111 164 165 7 8 9 10 11 12 157 158 159 160 161 162 
463 463 463 579 579 579 579 563 563 563 563 563 563 563 563 563 563 310 310 310 310 310 190 190 190 190 190 190 190 190 190 190 190 579 579 579 579 579 579 579 579 579 579 579 579 579 579 579 579 579 563 563 563 563 765 765 765 765 765 765 765 765 765 765 190 190 190 190 190 190 190 404 237 237 237 237 579 579 579 579 579 579 579 579 579 579 579 579 579 579 579 579 579 237 237 237 237 205 205 205 205 205 205 463 463 463 277 277 277 277 277 277 303 190 190 190 190 414 414 414 414 414 686 686 686 686 686 310 310 310 310 310 371 371 371 371 404 780 780 780 780 943 414 414 414 414 414 780 780 780 780 205 205 205 205 205 205 975 975 975 975 975 975 943 281 281 579 579 579 579 371 371 371 371 686 686 686 686 686 303 277 277 277 277 277 277 281 281 563 563 563 563 563 563 975 975 975 975 975 975 
0 1 2 3 4 5 6 7 8 9 10 11 12 13 14 15 16 17 18 19 20 21 22 23 24 25 26 27 28 29 30 31 32 33 34 35 36 37 38 39 40 41 42 43 44 45 46 47 48 49 13 14 15 16 50 51 52 53 54 50 51 52 53 54 26 27 28 29 30 31 32 55 56 57 58 59 33 34 35 36 37 38 39 40 41 42 43 44 45 46 47 48 49 56 57 58 59 60 61 62 63 64 65 0 1 2 66 67 68 69 70 71 72 22 23 24 25 73 74 75 76 77 78 79 80 81 82 17 18 19 20 21 83 84 85 86 55 87 88 89 90 91 73 74 75 76 77 87 88 89 90 60 61 62 63 64 65 92 93 94 95 96 97 91 98 99 3 4 5 6 83 84 85 86 78 79 80 81 82 72 66 67 68 69 70 71 98 99 7 8 9 10 11 12 92 93 94 95 96 97 
48649
21
4 7 5 3 5 1 6 5 4 1 4 4 6 6 4 5 1 6 4 2 17 
43 12 38 4 18 51 31 11 6 24 9 25 6 54 50 38 35 29 11 59 16 
64 23 52 30 22 59 66 41 63 49 17 28 69 70 52 64 65 53 37 67 27 
371 190 414 463 765 943 277 310 579 404 563 237 563 975 780 686 303 205 190 281 579 
3 3 3 8 8 8 8 12 12 12 12 12 12 10 10 10 10 7 7 7 7 7 18 18 18 18 1 1 1 1 1 1 1 20 20 20 20 20 20 20 20 20 20 20 20 20 20 20 20 20 10 10 10 10 4 4 4 4 4 4 4 4 4 4 1 1 1 1 1 1 1 9 11 11 11 11 20 20 20 20 20 20 20 20 20 20 20 20 20 20 20 20 20 11 11 11 11 17 17 17 17 17 17 3 3 3 6 6 6 6 6 6 16 18 18 18 18 2 2 2 2 2 15 15 15 15 15 7 7 7 7 7 0 0 0 0 9 14 14 14 14 5 2 2 2 2 2 14 14 14 14 17 17 17 17 17 17 13 13 13 13 13 13 5 19 19 8 8 8 8 0 0 0 0 15 15 15 15 15 16 6 6 6 6 6 6 19 19 12 12 12 12 12 12 13 13 13 13 13 13 