951
100
2
2 2 2 4 4 4 4 4 4 4 4 4 4 4 4 4 4 4 4 4 4 4 4 7 7 7 7 9 9 9 9 9 10 11 11 11 12 12 12 12 16 16 19 19 19 19 19 20 20 23 23 25 25 25 25 25 25 25 31 31 31 31 31 33 33 33 33 34 34 34 34 34 34 35 35 35 36 36 41 41 41 41 42 42 42 42 42 42 45 45 45 45 45 46 46 46 46 46 46 46 46 46 46 46 46 46 46 46 46 46 46 46 46 47 47 47 47 47 48 48 48 49 49 52 52 56 56 56 56 58 58 58 58 61 61 61 61 61 61 61 61 61 61 61 62 62 62 62 62 65 65 65 65 65 66 66 66 66 66 66 67 67 67 67 67 67 67 67 69 69 69 69 69 69 69 69 69 69 69 69 69 69 70 70 70 70 70 70 70 70 70 70 70 70 70 70 70 70 70 70 
197 198 199 93 94 95 96 97 98 99 100 101 102 103 104 105 106 107 108 109 110 111 112 133 134 135 136 160 161 162 88 89 168 90 91 92 169 170 171 172 76 77 113 114 115 116 117 63 64 121 122 78 79 80 81 141 142 143 163 164 165 166 167 47 48 123 124 154 155 156 157 158 159 182 147 148 40 41 51 52 53 54 191 192 193 194 195 196 30 31 33 34 35 3 4 5 6 7 8 9 10 11 12 13 14 15 16 17 18 19 20 21 22 42 43 44 45 46 144 145 146 49 50 65 66 183 184 185 186 187 188 189 190 23 24 25 26 178 179 180 181 55 56 57 118 119 120 74 75 173 174 175 176 177 67 68 69 70 71 72 27 28 29 58 59 60 61 62 32 36 37 38 39 149 150 151 152 153 137 138 139 140 73 125 126 127 128 129 130 131 132 82 83 84 85 86 87 0 1 2 
405 405 405 811 811 811 811 811 811 811 811 811 811 811 811 811 811 811 811 811 811 811 811 246 246 246 246 190 190 190 398 398 532 820 820 820 617 617 617 617 422 422 234 234 234 234 234 356 356 250 250 577 577 577 577 834 834 834 537 537 537 537 537 356 356 365 365 659 659 659 659 659 659 309 370 370 422 422 577 577 577 577 339 339 339 339 339 339 398 398 820 820 820 811 811 811 811 811 811 811 811 811 811 811 811 811 811 811 811 811 811 811 811 234 234 234 234 234 289 289 289 250 250 365 365 419 419 419 419 427 427 427 427 246 246 246 246 397 397 397 397 834 834 834 289 289 289 370 370 748 748 748 748 748 659 659 659 659 659 659 190 190 190 537 537 537 537 537 532 617 617 617 617 748 748 748 748 748 397 397 397 397 309 419 419 419 419 427 427 427 427 339 339 339 339 339 339 405 405 405 
0 1 2 3 4 5 6 7 8 9 10 11 12 13 14 15 16 17 18 19 20 21 22 23 24 25 26 27 28 29 30 31 32 33 34 35 36 37 38 39 40 41 42 43 44 45 46 47 48 49 50 51 52 53 54 55 56 57 58 59 60 61 62 47 48 63 64 65 66 67 68 69 70 71 72 73 40 41 51 52 53 54 74 75 76 77 78 79 30 31 33 34 35 3 4 5 6 7 8 9 10 11 12 13 14 15 16 17 18 19 20 21 22 42 43 44 45 46 80 81 82 49 50 63 64 83 84 85 86 87 88 89 90 23 24 25 26 91 92 93 94 55 56 57 80 81 82 72 73 95 96 97 98 99 65 66 67 68 69 70 27 28 29 58 59 60 61 62 32 36 37 38 39 95 96 97 98 99 91 92 93 94 71 83 84 85 86 87 88 89 90 74 75 76 77 78 79 0 1 2 
53312
25
2 1 3 5 3 4 1 4 4 6 2 4 2 5 5 4 4 2 2 6 2 3 3 3 20 
23 10 48 19 9 7 35 56 58 42 20 12 16 65 31 61 25 33 9 34 35 11 25 2 4 
49 69 62 47 67 61 70 70 70 70 33 69 36 69 67 69 41 52 45 66 62 45 61 70 46 
250 532 289 234 190 246 309 419 427 339 356 617 422 748 537 397 577 365 398 659 370 820 834 405 811 
23 23 23 24 24 24 24 24 24 24 24 24 24 24 24 24 24 24 24 24 24 24 24 5 5 5 5 4 4 4 18 18 1 21 21 21 11 11 11 11 12 12 3 3 3 3 3 10 10 0 0 16 16 16 16 22 22 22 14 14 14 14 14 10 10 17 17 19 19 19 19 19 19 6 20 20 12 12 16 16 16 16 9 9 9 9 9 9 18 18 21 21 21 24 24 24 24 24 24 24 24 24 24 24 24 24 24 24 24 24 24 24 24 3 3 3 3 3 2 2 2 0 0 17 17 7 7 7 7 8 8 8 8 5 5 5 5 15 15 15 15 22 22 22 2 2 2 20 20 13 13 13 13 13 19 19 19 19 19 19 4 4 4 14 14 14 14 14 1 11 11 11 11 13 13 13 13 13 15 15 15 15 6 7 7 7 7 8 8 8 8 9 9 9 9 9 9 23 23 23 