473
100
2
1 1 1 1 1 1 1 1 1 1 1 2 6 6 6 6 6 11 11 11 11 12 12 12 12 12 12 12 12 12 12 12 12 12 12 12 12 15 15 19 19 19 19 21 21 21 21 21 21 21 21 21 21 21 21 21 21 21 21 21 21 21 21 21 23 23 23 23 23 23 23 23 23 23 24 24 24 25 25 25 25 25 27 27 27 27 27 27 27 27 27 27 27 27 27 27 29 29 29 29 29 29 29 29 30 30 30 30 33 33 33 33 33 33 33 35 35 35 35 35 39 41 41 41 41 41 41 41 41 41 41 41 41 42 42 42 42 42 42 42 42 42 44 44 44 44 44 44 44 50 50 50 50 50 50 50 50 50 50 50 53 53 53 53 53 53 53 54 54 54 54 54 54 54 56 56 56 56 56 56 56 56 56 58 58 58 58 58 58 58 58 63 63 63 63 63 67 67 67 69 
104 105 106 107 82 83 84 85 86 87 88 121 191 192 193 194 195 39 40 41 42 48 49 50 51 52 53 54 55 56 57 58 59 60 61 62 63 77 78 17 18 19 20 115 116 117 118 119 21 22 23 24 25 26 27 28 29 30 31 32 33 34 35 36 196 197 198 160 161 162 163 164 165 166 79 80 81 37 38 74 75 76 4 5 6 7 8 9 10 167 168 169 170 171 172 173 183 184 185 186 187 188 189 190 0 1 2 3 142 143 144 145 146 147 148 43 44 45 46 47 199 11 149 150 151 152 153 154 155 156 157 158 159 174 175 176 177 178 179 180 181 182 108 109 110 111 112 113 114 122 123 124 125 126 127 128 129 130 131 132 67 68 69 70 71 72 73 89 90 91 92 93 94 95 133 134 135 136 137 138 139 140 141 96 97 98 99 100 101 102 103 12 13 14 15 16 64 65 66 120 
876 876 876 876 452 452 452 452 452 452 452 564 703 703 703 703 703 211 211 211 211 311 311 311 311 311 311 311 311 311 311 311 311 311 311 311 311 254 254 211 211 211 211 439 439 439 439 439 311 311 311 311 311 311 311 311 311 311 311 311 311 311 311 311 325 325 325 727 727 727 727 727 727 727 770 770 770 254 254 770 770 770 452 452 452 452 452 452 452 491 491 491 491 491 491 491 810 810 810 810 810 810 810 810 876 876 876 876 751 751 751 751 751 751 751 439 439 439 439 439 574 564 990 990 990 990 990 271 271 271 271 271 271 852 852 852 852 852 852 852 852 852 751 751 751 751 751 751 751 990 990 990 990 990 271 271 271 271 271 271 727 727 727 727 727 727 727 491 491 491 491 491 491 491 852 852 852 852 852 852 852 852 852 810 810 810 810 810 810 810 810 703 703 703 703 703 325 325 325 574 
0 1 2 3 4 5 6 7 8 9 10 11 12 13 14 15 16 17 18 19 20 21 22 23 24 25 26 27 28 29 30 31 32 33 34 35 36 37 38 17 18 19 20 39 40 41 42 43 21 22 23 24 25 26 27 28 29 30 31 32 33 34 35 36 44 45 46 47 48 49 50 51 52 53 54 55 56 37 38 54 55 56 4 5 6 7 8 9 10 57 58 59 60 61 62 63 64 65 66 67 68 69 70 71 0 1 2 3 72 73 74 75 76 77 78 39 40 41 42 43 79 11 80 81 82 83 84 85 86 87 88 89 90 91 92 93 94 95 96 97 98 99 72 73 74 75 76 77 78 80 81 82 83 84 85 86 87 88 89 90 47 48 49 50 51 52 53 57 58 59 60 61 62 63 91 92 93 94 95 96 97 98 99 64 65 66 67 68 69 70 71 12 13 14 15 16 44 45 46 79 
57636
18
4 5 5 2 1 3 7 7 3 1 5 6 8 9 7 4 7 16 
1 6 21 15 2 23 33 1 24 39 41 41 29 42 27 11 23 12 
30 63 35 25 41 67 44 27 25 69 50 50 58 56 54 19 53 21 
876 703 439 254 564 325 751 452 770 574 990 271 810 852 491 211 727 311 
0 0 0 0 7 7 7 7 7 7 7 4 1 1 1 1 1 15 15 15 15 17 17 17 17 17 17 17 17 17 17 17 17 17 17 17 17 3 3 15 15 15 15 2 2 2 2 2 17 17 17 17 17 17 17 17 17 17 17 17 17 17 17 17 5 5 5 16 16 16 16 16 16 16 8 8 8 3 3 8 8 8 7 7 7 7 7 7 7 14 14 14 14 14 14 14 12 12 12 12 12 12 12 12 0 0 0 0 6 6 6 6 6 6 6 2 2 2 2 2 9 4 10 10 10 10 10 11 11 11 11 11 11 13 13 13 13 13 13 13 13 13 6 6 6 6 6 6 6 10 10 10 10 10 11 11 11 11 11 11 16 16 16 16 16 16 16 14 14 14 14 14 14 14 13 13 13 13 13 13 13 13 13 12 12 12 12 12 12 12 12 1 1 1 1 1 5 5 5 9 