400
100
2
1 1 1 1 1 1 2 2 2 2 2 2 2 2 2 2 2 2 2 2 2 2 2 2 2 2 2 7 7 7 7 7 7 11 11 11 11 11 11 11 11 11 11 11 11 11 11 11 17 17 17 17 17 24 24 24 24 24 24 24 24 24 25 25 25 25 25 25 25 25 25 25 25 25 35 35 35 35 35 35 35 35 35 35 35 35 35 35 35 35 35 35 35 35 39 39 39 39 39 39 39 39 39 39 39 39 39 39 42 42 42 42 42 42 42 42 42 42 42 42 42 42 42 48 48 48 48 48 48 53 53 53 53 53 53 55 55 55 55 55 55 55 55 55 55 55 55 55 55 55 55 55 55 55 55 55 55 55 55 55 55 57 57 57 57 57 57 61 61 61 61 61 61 61 61 61 61 61 61 64 64 64 64 64 64 67 67 67 67 67 67 67 67 67 67 67 67 67 67 67 
161 162 163 164 165 166 53 54 55 56 57 58 59 60 61 135 136 137 138 139 140 141 142 143 144 145 146 129 130 131 132 133 134 108 109 110 111 112 113 114 115 116 117 118 119 120 121 122 74 75 76 77 78 6 7 8 9 10 11 12 13 14 167 168 169 170 171 172 173 174 175 176 177 178 48 49 50 51 52 185 186 187 188 189 190 191 192 193 194 195 196 197 198 199 147 148 149 150 151 152 153 154 155 156 157 158 159 160 33 34 35 36 37 38 39 40 41 42 43 44 45 46 47 179 180 181 182 183 184 27 28 29 30 31 32 15 16 17 18 19 20 21 22 23 24 25 26 94 95 96 97 98 99 100 101 102 103 104 105 106 107 0 1 2 3 4 5 62 63 64 65 66 67 68 69 70 71 72 73 123 124 125 126 127 128 79 80 81 82 83 84 85 86 87 88 89 90 91 92 93 
854 854 854 854 854 854 255 255 255 255 255 255 255 255 255 732 732 732 732 732 732 732 732 732 732 732 732 442 442 442 442 442 442 230 230 230 230 230 230 230 230 230 230 230 230 230 230 230 556 556 556 556 556 255 255 255 255 255 255 255 255 255 952 952 952 952 952 952 952 952 952 952 952 952 556 556 556 556 556 565 565 565 565 565 565 565 565 565 565 565 565 565 565 565 709 709 709 709 709 709 709 709 709 709 709 709 709 709 230 230 230 230 230 230 230 230 230 230 230 230 230 230 230 454 454 454 454 454 454 442 442 442 442 442 442 732 732 732 732 732 732 732 732 732 732 732 732 709 709 709 709 709 709 709 709 709 709 709 709 709 709 854 854 854 854 854 854 952 952 952 952 952 952 952 952 952 952 952 952 454 454 454 454 454 454 565 565 565 565 565 565 565 565 565 565 565 565 565 565 565 
0 1 2 3 4 5 6 7 8 9 10 11 12 13 14 15 16 17 18 19 20 21 22 23 24 25 26 27 28 29 30 31 32 33 34 35 36 37 38 39 40 41 42 43 44 45 46 47 48 49 50 51 52 6 7 8 9 10 11 12 13 14 53 54 55 56 57 58 59 60 61 62 63 64 48 49 50 51 52 65 66 67 68 69 70 71 72 73 74 75 76 77 78 79 80 81 82 83 84 85 86 87 88 89 90 91 92 93 33 34 35 36 37 38 39 40 41 42 43 44 45 46 47 94 95 96 97 98 99 27 28 29 30 31 32 15 16 17 18 19 20 21 22 23 24 25 26 80 81 82 83 84 85 86 87 88 89 90 91 92 93 0 1 2 3 4 5 53 54 55 56 57 58 59 60 61 62 63 64 94 95 96 97 98 99 65 66 67 68 69 70 71 72 73 74 75 76 77 78 79 
57634
10
9 12 14 5 6 6 6 15 15 12 
2 2 39 17 48 1 7 35 11 25 
24 55 55 35 64 57 53 67 42 61 
255 732 709 556 454 854 442 565 230 952 
5 5 5 5 5 5 0 0 0 0 0 0 0 0 0 1 1 1 1 1 1 1 1 1 1 1 1 6 6 6 6 6 6 8 8 8 8 8 8 8 8 8 8 8 8 8 8 8 3 3 3 3 3 0 0 0 0 0 0 0 0 0 9 9 9 9 9 9 9 9 9 9 9 9 3 3 3 3 3 7 7 7 7 7 7 7 7 7 7 7 7 7 7 7 2 2 2 2 2 2 2 2 2 2 2 2 2 2 8 8 8 8 8 8 8 8 8 8 8 8 8 8 8 4 4 4 4 4 4 6 6 6 6 6 6 1 1 1 1 1 1 1 1 1 1 1 1 2 2 2 2 2 2 2 2 2 2 2 2 2 2 5 5 5 5 5 5 9 9 9 9 9 9 9 9 9 9 9 9 4 4 4 4 4 4 7 7 7 7 7 7 7 7 7 7 7 7 7 7 7 