478
100
2
1 1 1 1 1 1 1 1 1 1 1 1 3 3 3 3 3 3 3 3 3 3 3 3 3 3 9 9 9 9 9 9 9 9 9 9 9 9 9 9 10 10 10 10 11 11 11 11 11 12 12 12 14 14 14 14 14 14 14 14 14 14 14 17 17 17 17 17 17 17 17 17 17 17 17 17 17 17 17 28 28 28 28 28 28 28 28 28 28 28 28 28 28 28 29 29 29 29 29 29 30 30 30 30 30 32 32 32 41 41 41 41 41 41 41 41 41 41 41 41 41 41 41 50 50 50 50 50 51 51 51 51 51 51 51 51 51 51 56 56 56 56 56 56 56 56 56 56 56 56 58 58 58 58 58 58 58 58 58 61 61 61 61 61 61 65 65 66 66 66 66 66 66 66 66 66 66 66 68 68 68 68 68 68 68 68 68 68 68 70 70 70 70 70 70 70 70 70 70 70 
138 139 140 141 142 143 144 145 146 147 148 149 128 129 130 131 132 150 151 152 153 154 155 156 157 158 65 66 67 68 69 70 71 72 73 74 75 76 77 78 165 166 63 64 100 101 102 103 104 105 106 107 167 168 169 170 171 172 173 174 175 176 177 42 43 26 27 28 29 30 31 32 33 34 35 36 37 38 39 108 109 110 111 112 113 114 115 116 117 118 119 120 121 122 159 160 161 162 163 164 44 45 46 47 48 49 50 51 79 80 81 82 83 84 85 86 87 88 89 90 91 92 93 133 134 135 136 137 12 13 14 15 16 123 124 125 126 127 0 1 2 3 4 5 6 7 8 9 10 11 17 18 19 20 21 22 23 24 25 94 95 96 97 98 99 40 41 52 53 54 55 56 57 58 59 60 61 62 189 190 191 192 193 194 195 196 197 198 199 178 179 180 181 182 183 184 185 186 187 188 
859 859 859 859 859 859 859 859 859 859 859 859 625 625 625 625 625 254 254 254 254 254 254 254 254 254 575 575 575 575 575 575 575 575 575 575 575 575 575 575 489 489 467 467 949 949 949 949 949 574 574 574 496 496 496 496 496 496 496 496 496 496 496 467 467 575 575 575 575 575 575 575 575 575 575 575 575 575 575 347 347 347 347 347 347 347 347 347 347 347 347 347 347 347 868 868 868 868 868 868 949 949 949 949 949 574 574 574 347 347 347 347 347 347 347 347 347 347 347 347 347 347 347 917 917 917 917 917 625 625 625 625 625 917 917 917 917 917 859 859 859 859 859 859 859 859 859 859 859 859 254 254 254 254 254 254 254 254 254 868 868 868 868 868 868 489 489 496 496 496 496 496 496 496 496 496 496 496 681 681 681 681 681 681 681 681 681 681 681 681 681 681 681 681 681 681 681 681 681 681 
0 1 2 3 4 5 6 7 8 9 10 11 12 13 14 15 16 17 18 19 20 21 22 23 24 25 26 27 28 29 30 31 32 33 34 35 36 37 38 39 40 41 42 43 44 45 46 47 48 49 50 51 52 53 54 55 56 57 58 59 60 61 62 42 43 26 27 28 29 30 31 32 33 34 35 36 37 38 39 63 64 65 66 67 68 69 70 71 72 73 74 75 76 77 78 79 80 81 82 83 44 45 46 47 48 49 50 51 63 64 65 66 67 68 69 70 71 72 73 74 75 76 77 84 85 86 87 88 12 13 14 15 16 84 85 86 87 88 0 1 2 3 4 5 6 7 8 9 10 11 17 18 19 20 21 22 23 24 25 78 79 80 81 82 83 40 41 52 53 54 55 56 57 58 59 60 61 62 89 90 91 92 93 94 95 96 97 98 99 89 90 91 92 93 94 95 96 97 98 99 
60093
13
2 5 3 12 11 11 6 5 5 2 9 15 14 
10 3 12 1 68 14 29 50 11 10 3 28 9 
65 51 32 56 70 66 61 51 30 17 58 41 17 
489 625 574 859 681 496 868 917 949 467 254 347 575 
3 3 3 3 3 3 3 3 3 3 3 3 1 1 1 1 1 10 10 10 10 10 10 10 10 10 12 12 12 12 12 12 12 12 12 12 12 12 12 12 0 0 9 9 8 8 8 8 8 2 2 2 5 5 5 5 5 5 5 5 5 5 5 9 9 12 12 12 12 12 12 12 12 12 12 12 12 12 12 11 11 11 11 11 11 11 11 11 11 11 11 11 11 11 6 6 6 6 6 6 8 8 8 8 8 2 2 2 11 11 11 11 11 11 11 11 11 11 11 11 11 11 11 7 7 7 7 7 1 1 1 1 1 7 7 7 7 7 3 3 3 3 3 3 3 3 3 3 3 3 10 10 10 10 10 10 10 10 10 6 6 6 6 6 6 0 0 5 5 5 5 5 5 5 5 5 5 5 4 4 4 4 4 4 4 4 4 4 4 4 4 4 4 4 4 4 4 4 4 4 