600
100
2
3 3 3 3 3 3 3 3 3 3 3 4 4 4 4 4 4 4 4 4 4 4 4 4 4 4 4 4 4 6 6 6 6 6 6 6 6 12 12 12 13 13 13 13 13 13 13 13 13 13 13 13 13 13 13 13 13 13 13 15 15 15 15 15 15 15 15 21 21 21 21 21 21 21 26 26 26 26 26 26 26 26 26 26 26 26 26 26 26 26 26 26 32 32 32 32 33 33 33 33 35 35 35 35 35 35 35 35 35 35 35 36 36 36 36 36 36 36 36 36 36 36 36 36 36 36 36 38 38 38 42 42 42 42 42 42 42 42 42 42 42 42 42 42 42 43 43 43 43 43 43 45 45 45 45 45 45 45 45 45 45 45 45 45 45 45 51 51 51 51 51 51 51 67 67 67 67 67 67 67 67 67 67 67 68 68 68 68 68 68 68 68 68 68 68 70 70 70 70 70 
116 117 118 119 120 121 122 123 124 125 126 52 53 54 55 56 57 58 173 174 175 176 177 178 179 180 181 182 183 59 60 61 62 63 64 65 66 127 128 129 74 75 76 77 78 79 80 81 82 83 84 85 11 12 13 14 15 16 17 29 30 31 32 33 34 35 36 166 167 168 169 170 171 172 40 41 42 43 44 45 46 47 48 49 50 51 145 146 147 148 149 150 96 97 98 99 92 93 94 95 184 185 186 187 188 189 190 191 192 193 194 195 196 197 198 199 0 1 2 3 4 5 6 7 8 9 10 37 38 39 151 152 153 154 155 156 157 158 159 160 161 162 163 164 165 86 87 88 89 90 91 130 131 132 133 134 135 136 137 138 139 140 141 142 143 144 67 68 69 70 71 72 73 18 19 20 21 22 23 24 25 26 27 28 100 101 102 103 104 105 106 107 108 109 110 111 112 113 114 115 
963 963 963 963 963 963 963 963 963 963 963 304 304 304 304 304 304 304 738 738 738 738 738 738 738 738 738 738 738 912 912 912 912 912 912 912 912 833 833 833 661 661 661 661 661 661 661 661 661 661 661 661 304 304 304 304 304 304 304 912 912 912 912 912 912 912 912 302 302 302 302 302 302 302 661 661 661 661 661 661 661 661 661 661 661 661 805 805 805 805 805 805 700 700 700 700 700 700 700 700 876 876 876 876 876 876 876 876 876 876 876 923 923 923 923 923 963 963 963 963 963 963 963 963 963 963 963 833 833 833 526 526 526 526 526 526 526 526 526 526 526 526 526 526 526 805 805 805 805 805 805 526 526 526 526 526 526 526 526 526 526 526 526 526 526 526 302 302 302 302 302 302 302 738 738 738 738 738 738 738 738 738 738 738 876 876 876 876 876 876 876 876 876 876 876 923 923 923 923 923 
0 1 2 3 4 5 6 7 8 9 10 11 12 13 14 15 16 17 18 19 20 21 22 23 24 25 26 27 28 29 30 31 32 33 34 35 36 37 38 39 40 41 42 43 44 45 46 47 48 49 50 51 11 12 13 14 15 16 17 29 30 31 32 33 34 35 36 52 53 54 55 56 57 58 40 41 42 43 44 45 46 47 48 49 50 51 59 60 61 62 63 64 65 66 67 68 65 66 67 68 69 70 71 72 73 74 75 76 77 78 79 80 81 82 83 84 0 1 2 3 4 5 6 7 8 9 10 37 38 39 85 86 87 88 89 90 91 92 93 94 95 96 97 98 99 59 60 61 62 63 64 85 86 87 88 89 90 91 92 93 94 95 96 97 98 99 52 53 54 55 56 57 58 18 19 20 21 22 23 24 25 26 27 28 69 70 71 72 73 74 75 76 77 78 79 80 81 82 83 84 
70451
12
3 12 11 4 6 5 7 11 7 8 11 15 
12 13 35 32 26 36 21 3 4 6 4 42 
38 26 68 33 43 70 51 36 13 15 67 45 
833 661 876 700 805 923 302 963 304 912 738 526 
7 7 7 7 7 7 7 7 7 7 7 8 8 8 8 8 8 8 10 10 10 10 10 10 10 10 10 10 10 9 9 9 9 9 9 9 9 0 0 0 1 1 1 1 1 1 1 1 1 1 1 1 8 8 8 8 8 8 8 9 9 9 9 9 9 9 9 6 6 6 6 6 6 6 1 1 1 1 1 1 1 1 1 1 1 1 4 4 4 4 4 4 3 3 3 3 3 3 3 3 2 2 2 2 2 2 2 2 2 2 2 5 5 5 5 5 7 7 7 7 7 7 7 7 7 7 7 0 0 0 11 11 11 11 11 11 11 11 11 11 11 11 11 11 11 4 4 4 4 4 4 11 11 11 11 11 11 11 11 11 11 11 11 11 11 11 6 6 6 6 6 6 6 10 10 10 10 10 10 10 10 10 10 10 2 2 2 2 2 2 2 2 2 2 2 5 5 5 5 5 