61
100
2
4 4 4 4 4 4 4 4 4 4 5 5 5 5 5 5 5 5 11 11 11 11 11 11 11 11 11 12 12 12 12 12 12 12 12 13 13 13 13 13 13 13 13 13 17 17 17 17 17 17 17 17 19 19 19 19 19 19 19 19 19 19 19 21 21 21 21 21 23 23 24 24 24 24 24 24 24 24 26 26 26 26 26 29 29 35 35 35 35 35 35 35 35 35 35 35 35 40 40 40 40 40 40 40 50 50 50 52 52 52 52 52 52 52 52 52 52 52 53 53 53 53 53 53 53 53 54 54 54 54 54 54 54 54 55 55 55 56 56 56 56 56 56 56 56 57 57 57 57 57 57 57 57 57 57 57 60 60 60 60 60 60 60 60 60 63 63 63 63 63 64 64 64 64 64 64 64 64 64 64 64 64 64 64 64 64 65 65 65 65 65 65 65 68 68 68 68 68 69 69 
70 71 72 73 74 75 76 77 83 84 148 149 150 151 152 153 154 155 156 157 158 159 160 161 162 163 164 118 119 120 121 122 123 124 125 177 178 179 180 181 182 183 184 185 137 138 139 140 141 142 143 144 107 108 109 110 111 112 113 114 115 116 117 92 93 94 95 96 198 199 0 1 2 3 4 5 6 7 126 127 128 129 130 8 9 170 171 172 173 174 175 176 63 64 65 66 67 186 187 188 189 190 191 192 131 132 133 52 53 54 55 56 57 58 59 60 61 62 27 28 29 30 31 32 33 34 78 79 80 81 82 104 105 106 145 146 147 44 45 46 47 48 49 50 51 134 135 136 10 11 12 13 14 15 16 17 18 19 20 21 22 23 24 25 26 193 194 195 196 197 85 86 87 88 89 90 91 35 36 37 38 39 40 41 42 43 97 98 99 100 101 102 103 165 166 167 168 169 68 69 
274 274 274 274 274 274 274 274 228 228 633 633 633 633 633 633 633 633 738 738 738 738 738 738 738 738 738 502 502 502 502 502 502 502 502 713 713 713 713 713 713 713 713 713 843 843 843 843 843 843 843 843 387 387 387 387 387 387 387 387 387 387 387 889 889 889 889 889 799 799 274 274 274 274 274 274 274 274 655 655 655 655 655 228 228 215 215 215 215 215 215 215 889 889 889 889 889 558 558 558 558 558 558 558 414 414 414 387 387 387 387 387 387 387 387 387 387 387 502 502 502 502 502 502 502 502 655 655 655 655 655 414 414 414 384 384 384 843 843 843 843 843 843 843 843 384 384 384 633 633 633 633 633 633 633 633 738 738 738 738 738 738 738 738 738 688 688 688 688 688 215 215 215 215 215 215 215 713 713 713 713 713 713 713 713 713 558 558 558 558 558 558 558 688 688 688 688 688 799 799 
0 1 2 3 4 5 6 7 8 9 10 11 12 13 14 15 16 17 18 19 20 21 22 23 24 25 26 27 28 29 30 31 32 33 34 35 36 37 38 39 40 41 42 43 44 45 46 47 48 49 50 51 52 53 54 55 56 57 58 59 60 61 62 63 64 65 66 67 68 69 0 1 2 3 4 5 6 7 70 71 72 73 74 8 9 75 76 77 78 79 80 81 63 64 65 66 67 82 83 84 85 86 87 88 89 90 91 52 53 54 55 56 57 58 59 60 61 62 27 28 29 30 31 32 33 34 70 71 72 73 74 89 90 91 92 93 94 44 45 46 47 48 49 50 51 92 93 94 10 11 12 13 14 15 16 17 18 19 20 21 22 23 24 25 26 95 96 97 98 99 75 76 77 78 79 80 81 35 36 37 38 39 40 41 42 43 82 83 84 85 86 87 88 95 96 97 98 99 68 69 
56351
16
3 8 8 5 7 2 5 2 5 8 9 3 8 9 7 11 
55 5 4 63 35 4 21 23 26 17 13 50 12 11 40 19 
57 57 24 68 64 29 35 69 54 56 64 54 53 60 65 52 
384 633 274 688 215 228 889 799 655 843 713 414 502 738 558 387 
2 2 2 2 2 2 2 2 5 5 1 1 1 1 1 1 1 1 13 13 13 13 13 13 13 13 13 12 12 12 12 12 12 12 12 10 10 10 10 10 10 10 10 10 9 9 9 9 9 9 9 9 15 15 15 15 15 15 15 15 15 15 15 6 6 6 6 6 7 7 2 2 2 2 2 2 2 2 8 8 8 8 8 5 5 4 4 4 4 4 4 4 6 6 6 6 6 14 14 14 14 14 14 14 11 11 11 15 15 15 15 15 15 15 15 15 15 15 12 12 12 12 12 12 12 12 8 8 8 8 8 11 11 11 0 0 0 9 9 9 9 9 9 9 9 0 0 0 1 1 1 1 1 1 1 1 13 13 13 13 13 13 13 13 13 3 3 3 3 3 4 4 4 4 4 4 4 10 10 10 10 10 10 10 10 10 14 14 14 14 14 14 14 3 3 3 3 3 7 7 