590
100
2
2 2 2 2 2 2 2 2 2 2 2 2 4 4 4 4 5 7 7 7 7 7 7 7 7 8 10 10 10 11 11 11 11 11 11 11 11 11 11 11 11 11 11 12 13 13 15 15 17 17 17 18 18 18 18 18 18 20 20 20 20 20 20 21 21 21 21 21 21 21 21 21 21 21 21 21 21 21 23 23 23 23 23 23 23 23 23 27 27 28 30 30 32 32 32 32 33 33 33 33 33 41 41 41 41 41 41 43 43 44 44 44 44 44 44 44 46 46 46 47 47 47 47 47 47 47 47 47 51 51 51 51 51 51 51 51 53 53 53 53 53 53 54 54 54 54 54 54 56 56 56 58 58 58 59 59 59 59 59 59 59 60 60 60 60 60 60 60 61 61 61 63 63 63 63 63 63 64 64 64 64 64 65 65 65 65 65 65 65 65 65 65 65 65 65 66 66 66 66 66 
66 67 68 69 70 71 72 73 74 75 76 77 92 93 94 95 43 128 129 130 131 132 133 134 135 48 168 169 170 182 183 184 185 186 187 188 189 161 162 163 164 165 166 16 90 91 87 88 25 107 108 122 123 124 125 126 127 136 137 138 139 140 141 116 117 118 0 1 2 3 4 5 6 7 8 9 10 11 119 120 121 142 143 144 145 146 147 46 47 167 44 45 12 13 14 15 190 191 192 193 194 171 172 173 174 175 176 49 50 154 155 156 157 158 159 160 63 64 65 78 79 80 51 52 53 54 55 56 17 18 19 20 21 22 23 24 57 58 59 60 61 62 81 82 83 84 85 86 151 152 153 148 149 150 109 110 111 112 113 114 115 37 38 39 40 41 42 89 26 27 28 101 102 103 104 105 106 195 196 197 198 199 29 30 31 32 33 34 35 36 96 97 98 99 100 177 178 179 180 181 
831 831 831 831 831 831 831 831 831 831 831 831 857 857 857 857 424 267 267 267 267 267 267 267 267 775 411 411 411 984 984 984 984 984 984 984 984 655 655 655 655 655 655 424 207 207 414 414 775 655 655 572 572 572 572 572 572 565 565 565 565 565 565 801 801 801 831 831 831 831 831 831 831 831 831 831 831 831 675 675 675 577 577 577 577 577 577 414 414 330 207 207 857 857 857 857 808 808 808 808 808 682 682 682 682 682 682 655 655 216 216 216 216 216 216 216 801 801 801 675 675 675 572 572 572 572 572 572 267 267 267 267 267 267 267 267 565 565 565 565 565 565 577 577 577 577 577 577 391 391 391 391 391 391 216 216 216 216 216 216 216 655 655 655 655 655 655 330 411 411 411 682 682 682 682 682 682 473 473 473 473 473 984 984 984 984 984 984 984 984 808 808 808 808 808 473 473 473 473 473 
0 1 2 3 4 5 6 7 8 9 10 11 12 13 14 15 16 17 18 19 20 21 22 23 24 25 26 27 28 29 30 31 32 33 34 35 36 37 38 39 40 41 42 16 43 44 45 46 25 47 48 49 50 51 52 53 54 55 56 57 58 59 60 61 62 63 0 1 2 3 4 5 6 7 8 9 10 11 64 65 66 67 68 69 70 71 72 45 46 73 43 44 12 13 14 15 74 75 76 77 78 79 80 81 82 83 84 47 48 85 86 87 88 89 90 91 61 62 63 64 65 66 49 50 51 52 53 54 17 18 19 20 21 22 23 24 55 56 57 58 59 60 67 68 69 70 71 72 92 93 94 92 93 94 85 86 87 88 89 90 91 37 38 39 40 41 42 73 26 27 28 79 80 81 82 83 84 95 96 97 98 99 29 30 31 32 33 34 35 36 74 75 76 77 78 95 96 97 98 99 
60546
22
7 3 4 8 1 3 3 6 3 5 6 6 8 2 6 2 5 1 1 2 6 12 
44 23 4 11 8 10 56 41 21 33 20 11 7 15 18 13 64 5 28 17 23 2 
59 47 32 65 17 61 58 63 46 65 53 60 51 27 47 30 66 12 60 43 54 21 
216 675 857 984 775 411 391 682 801 808 565 655 267 414 572 207 473 424 330 655 577 831 
21 21 21 21 21 21 21 21 21 21 21 21 2 2 2 2 17 12 12 12 12 12 12 12 12 4 5 5 5 3 3 3 3 3 3 3 3 11 11 11 11 11 11 17 15 15 13 13 4 19 19 14 14 14 14 14 14 10 10 10 10 10 10 8 8 8 21 21 21 21 21 21 21 21 21 21 21 21 1 1 1 20 20 20 20 20 20 13 13 18 15 15 2 2 2 2 9 9 9 9 9 7 7 7 7 7 7 19 19 0 0 0 0 0 0 0 8 8 8 1 1 1 14 14 14 14 14 14 12 12 12 12 12 12 12 12 10 10 10 10 10 10 20 20 20 20 20 20 6 6 6 6 6 6 0 0 0 0 0 0 0 11 11 11 11 11 11 18 5 5 5 7 7 7 7 7 7 16 16 16 16 16 3 3 3 3 3 3 3 3 9 9 9 9 9 16 16 16 16 16 