760
100
2
2 2 2 2 2 2 2 2 2 2 2 2 2 2 2 2 2 2 11 11 11 11 11 11 11 11 11 11 15 15 15 15 15 15 15 15 15 15 15 15 15 15 15 15 15 15 15 20 20 20 20 20 20 20 20 20 20 20 20 20 20 20 20 20 20 20 21 21 21 21 21 21 21 23 23 23 23 23 23 23 27 27 27 27 27 27 27 27 28 28 28 28 28 37 37 37 37 37 37 37 37 37 39 39 39 39 39 39 39 39 39 39 39 43 43 43 43 43 43 43 43 45 45 45 45 45 45 45 45 45 45 45 45 45 45 45 45 45 45 45 45 45 45 45 45 45 45 45 45 45 45 45 45 45 53 53 53 53 61 61 61 61 61 61 61 61 61 61 61 61 61 61 61 61 61 61 61 62 62 62 62 62 67 67 67 67 67 67 67 67 67 68 68 68 68 68 68 68 68 68 
132 133 134 135 136 137 138 139 140 141 142 143 144 145 146 147 148 149 28 29 30 31 32 33 34 35 36 37 18 19 20 21 22 23 24 25 26 27 191 192 193 194 195 196 197 198 199 158 159 160 161 162 163 164 165 166 167 168 169 170 171 172 173 174 175 176 73 74 75 76 77 78 79 66 67 68 69 70 71 72 113 114 115 116 117 118 119 120 177 178 179 180 181 182 183 184 185 186 187 188 189 190 121 122 123 124 125 126 127 128 129 130 131 80 81 82 83 84 85 86 87 102 103 104 105 106 107 108 109 110 111 112 0 1 2 3 4 5 6 7 8 9 10 11 12 13 14 15 16 17 154 155 156 157 150 151 152 153 47 48 49 50 51 52 53 54 55 56 57 58 59 60 61 62 63 64 65 88 89 90 91 92 93 94 95 96 97 98 99 100 101 38 39 40 41 42 43 44 45 46 
563 563 563 563 563 563 563 563 563 563 563 563 563 563 563 563 563 563 876 876 876 876 876 876 876 876 876 876 876 876 876 876 876 876 876 876 876 876 649 649 649 649 649 649 649 649 649 709 709 709 709 709 709 709 709 709 709 709 709 709 709 709 709 709 709 709 441 441 441 441 441 441 441 441 441 441 441 441 441 441 904 904 904 904 904 904 904 904 549 549 549 549 549 518 518 518 518 518 518 518 518 518 816 816 816 816 816 816 816 816 816 816 816 904 904 904 904 904 904 904 904 816 816 816 816 816 816 816 816 816 816 816 563 563 563 563 563 563 563 563 563 563 563 563 563 563 563 563 563 563 686 686 686 686 686 686 686 686 709 709 709 709 709 709 709 709 709 709 709 709 709 709 709 709 709 709 709 549 549 549 549 549 518 518 518 518 518 518 518 518 518 649 649 649 649 649 649 649 649 649 
0 1 2 3 4 5 6 7 8 9 10 11 12 13 14 15 16 17 18 19 20 21 22 23 24 25 26 27 18 19 20 21 22 23 24 25 26 27 28 29 30 31 32 33 34 35 36 37 38 39 40 41 42 43 44 45 46 47 48 49 50 51 52 53 54 55 56 57 58 59 60 61 62 56 57 58 59 60 61 62 63 64 65 66 67 68 69 70 71 72 73 74 75 76 77 78 79 80 81 82 83 84 85 86 87 88 89 90 91 92 93 94 95 63 64 65 66 67 68 69 70 85 86 87 88 89 90 91 92 93 94 95 0 1 2 3 4 5 6 7 8 9 10 11 12 13 14 15 16 17 96 97 98 99 96 97 98 99 37 38 39 40 41 42 43 44 45 46 47 48 49 50 51 52 53 54 55 71 72 73 74 75 76 77 78 79 80 81 82 83 84 28 29 30 31 32 33 34 35 36 
67652
10
11 18 5 10 9 9 4 7 8 19 
39 2 28 11 37 15 45 21 27 20 
45 45 62 15 67 68 53 23 43 61 
816 563 549 876 518 649 686 441 904 709 
1 1 1 1 1 1 1 1 1 1 1 1 1 1 1 1 1 1 3 3 3 3 3 3 3 3 3 3 3 3 3 3 3 3 3 3 3 3 5 5 5 5 5 5 5 5 5 9 9 9 9 9 9 9 9 9 9 9 9 9 9 9 9 9 9 9 7 7 7 7 7 7 7 7 7 7 7 7 7 7 8 8 8 8 8 8 8 8 2 2 2 2 2 4 4 4 4 4 4 4 4 4 0 0 0 0 0 0 0 0 0 0 0 8 8 8 8 8 8 8 8 0 0 0 0 0 0 0 0 0 0 0 1 1 1 1 1 1 1 1 1 1 1 1 1 1 1 1 1 1 6 6 6 6 6 6 6 6 9 9 9 9 9 9 9 9 9 9 9 9 9 9 9 9 9 9 9 2 2 2 2 2 4 4 4 4 4 4 4 4 4 5 5 5 5 5 5 5 5 5 