946
100
2
1 2 3 3 3 3 3 3 5 5 6 6 6 6 6 6 7 8 8 8 11 11 14 14 14 14 14 14 14 14 15 16 16 16 16 17 17 17 17 17 17 18 18 18 18 18 19 19 19 19 19 19 19 21 21 21 22 23 23 25 25 25 27 27 27 27 27 29 29 29 29 29 30 30 30 30 30 34 34 34 34 34 34 34 35 39 39 39 39 39 39 40 40 40 42 42 42 42 42 42 42 42 42 42 42 44 44 47 47 48 48 48 48 48 48 48 48 48 49 49 49 49 51 51 51 51 52 52 52 52 52 52 53 53 53 53 54 54 54 54 54 54 55 55 55 55 55 55 55 55 55 55 55 55 55 55 55 55 55 56 56 56 56 56 56 56 56 56 56 56 56 56 56 56 56 57 57 57 57 60 61 61 61 61 61 61 62 62 62 62 62 65 66 66 66 68 70 70 70 70 
97 98 195 127 128 129 130 131 82 83 85 86 87 88 89 90 126 46 47 48 105 106 136 137 138 139 140 141 92 93 56 114 115 116 117 99 100 101 102 103 104 109 110 111 112 113 17 18 19 118 119 120 121 84 107 108 30 65 66 94 95 96 192 193 194 57 58 77 78 79 80 81 186 187 188 189 190 67 68 69 70 71 8 9 53 10 11 12 13 14 15 179 28 29 59 60 61 0 1 35 36 37 38 39 40 20 21 54 55 41 42 43 44 45 31 32 33 34 49 50 51 52 132 133 134 135 16 3 4 5 6 7 122 123 124 125 22 23 24 25 26 27 191 159 160 161 162 163 164 165 166 167 168 169 170 171 172 173 174 143 144 145 146 147 148 149 150 151 152 153 154 155 156 157 158 196 197 198 199 91 181 180 183 182 185 184 72 73 74 75 76 142 62 63 64 2 175 176 177 178 
648 910 960 853 853 853 853 853 773 773 758 758 758 758 758 758 515 356 356 356 343 343 502 502 502 502 502 502 239 239 638 852 852 852 852 618 618 618 618 618 618 383 383 383 383 383 356 356 356 378 378 378 378 458 892 892 638 396 396 370 370 370 913 913 913 396 396 714 714 714 714 714 257 257 257 257 257 714 714 714 714 714 773 773 458 758 758 758 758 758 758 952 239 239 370 370 370 648 910 618 618 618 618 618 618 343 343 892 892 383 383 383 383 383 852 852 852 852 378 378 378 378 204 204 204 204 515 853 853 853 853 853 204 204 204 204 502 502 502 502 502 502 476 805 805 805 805 805 805 805 805 805 805 805 805 805 805 805 805 805 805 805 805 805 805 805 805 805 805 805 805 805 805 805 805 578 578 578 578 952 289 289 289 289 289 289 257 257 257 257 257 476 913 913 913 960 578 578 578 578 
0 1 2 3 4 5 6 7 8 9 10 11 12 13 14 15 16 17 18 19 20 21 22 23 24 25 26 27 28 29 30 31 32 33 34 35 36 37 38 39 40 41 42 43 44 45 17 18 19 46 47 48 49 50 51 52 30 53 54 55 56 57 58 59 60 53 54 61 62 63 64 65 66 67 68 69 70 61 62 63 64 65 8 9 50 10 11 12 13 14 15 71 28 29 55 56 57 0 1 35 36 37 38 39 40 20 21 51 52 41 42 43 44 45 31 32 33 34 46 47 48 49 72 73 74 75 16 3 4 5 6 7 72 73 74 75 22 23 24 25 26 27 76 77 78 79 80 81 82 83 84 85 86 87 88 89 90 91 92 77 78 79 80 81 82 83 84 85 86 87 88 89 90 91 92 93 94 95 96 71 97 97 98 98 99 99 66 67 68 69 70 76 58 59 60 2 93 94 95 96 
59858
29
4 3 5 1 5 1 3 1 3 6 1 2 4 2 1 3 5 6 4 2 6 1 2 1 2 1 4 5 16 
51 27 30 40 18 21 25 1 8 14 55 23 19 21 2 61 29 17 16 14 6 15 5 7 11 3 57 3 55 
53 66 62 60 48 35 42 42 19 54 65 27 49 47 42 61 34 42 48 40 39 22 34 52 44 68 70 52 56 
204 913 257 952 383 458 370 648 356 502 476 396 378 892 910 289 714 618 852 239 758 638 773 515 343 960 578 853 805 
7 14 25 27 27 27 27 27 22 22 20 20 20 20 20 20 23 8 8 8 24 24 9 9 9 9 9 9 19 19 21 18 18 18 18 17 17 17 17 17 17 4 4 4 4 4 8 8 8 12 12 12 12 5 13 13 21 11 11 6 6 6 1 1 1 11 11 16 16 16 16 16 2 2 2 2 2 16 16 16 16 16 22 22 5 20 20 20 20 20 20 3 19 19 6 6 6 7 14 17 17 17 17 17 17 24 24 13 13 4 4 4 4 4 18 18 18 18 12 12 12 12 0 0 0 0 23 27 27 27 27 27 0 0 0 0 9 9 9 9 9 9 10 28 28 28 28 28 28 28 28 28 28 28 28 28 28 28 28 28 28 28 28 28 28 28 28 28 28 28 28 28 28 28 28 26 26 26 26 3 15 15 15 15 15 15 2 2 2 2 2 10 1 1 1 25 26 26 26 26 