924
100
2
1 1 1 1 1 1 1 1 1 1 1 1 7 11 11 11 11 12 12 12 12 12 12 12 12 14 14 14 14 15 16 17 17 17 17 17 17 17 19 19 19 19 19 19 19 19 19 19 20 20 20 20 20 21 21 21 21 21 21 21 21 21 21 21 21 22 22 24 24 26 26 26 26 26 26 27 27 27 27 28 28 31 31 32 32 32 32 32 37 37 37 37 37 37 37 37 37 37 37 37 37 37 37 37 39 39 39 40 40 40 40 41 41 41 41 41 42 42 42 42 44 44 44 44 48 48 48 48 48 52 52 52 52 52 54 54 54 54 54 54 54 55 55 55 55 55 55 55 55 55 55 55 55 55 55 55 55 57 57 57 57 57 57 60 60 63 63 63 63 63 63 65 65 65 65 65 65 65 65 65 65 69 69 69 69 69 69 69 69 69 69 69 69 70 70 70 70 70 70 70 
31 32 33 34 35 193 194 195 196 197 198 199 29 120 121 122 123 57 58 59 60 61 62 63 64 185 186 187 188 12 133 0 1 2 3 4 65 66 129 130 131 132 157 158 159 160 161 162 124 125 126 127 128 75 76 77 78 17 18 19 20 21 22 23 24 36 37 163 164 165 166 167 168 169 170 53 54 55 56 81 82 79 80 111 112 113 114 115 141 142 143 144 145 146 147 148 149 150 151 152 153 154 155 156 171 172 173 189 190 191 192 83 84 85 86 87 181 182 183 184 13 14 15 16 48 49 50 51 52 38 39 40 41 30 174 175 176 177 178 179 180 88 89 90 91 92 93 94 95 96 97 98 99 100 101 102 103 42 43 44 45 46 47 67 68 69 70 71 72 73 74 104 105 106 134 135 136 137 138 139 140 116 117 118 119 25 26 27 28 107 108 109 110 5 6 7 8 9 10 11 
309 309 309 309 309 584 584 584 584 584 584 584 201 277 277 277 277 386 386 386 386 386 386 386 386 522 522 522 522 201 502 309 309 309 309 309 224 224 296 296 296 296 831 831 831 831 831 831 454 454 454 454 454 507 507 507 507 386 386 386 386 386 386 386 386 224 224 859 859 962 962 962 962 962 962 507 507 507 507 603 603 603 603 284 284 284 284 284 348 348 348 348 348 348 348 348 348 348 348 348 348 348 348 348 834 834 834 307 307 307 307 284 284 284 284 284 476 476 476 476 277 277 277 277 454 454 454 454 454 296 296 296 296 502 698 698 698 698 698 698 698 348 348 348 348 348 348 348 348 348 348 348 348 348 348 348 348 831 831 831 831 831 831 859 859 962 962 962 962 962 962 834 834 834 698 698 698 698 698 698 698 476 476 476 476 522 522 522 522 307 307 307 307 584 584 584 584 584 584 584 
0 1 2 3 4 5 6 7 8 9 10 11 12 13 14 15 16 17 18 19 20 21 22 23 24 25 26 27 28 12 29 0 1 2 3 4 30 31 32 33 34 35 36 37 38 39 40 41 42 43 44 45 46 47 48 49 50 17 18 19 20 21 22 23 24 30 31 51 52 53 54 55 56 57 58 47 48 49 50 59 60 59 60 61 62 63 64 65 66 67 68 69 70 71 72 73 74 75 76 77 78 79 80 81 82 83 84 85 86 87 88 61 62 63 64 65 89 90 91 92 13 14 15 16 42 43 44 45 46 32 33 34 35 29 93 94 95 96 97 98 99 66 67 68 69 70 71 72 73 74 75 76 77 78 79 80 81 36 37 38 39 40 41 51 52 53 54 55 56 57 58 82 83 84 93 94 95 96 97 98 99 89 90 91 92 25 26 27 28 85 86 87 88 5 6 7 8 9 10 11 
49740
21
4 4 6 2 2 1 4 8 5 1 2 3 6 4 4 5 4 7 7 5 16 
11 19 19 24 28 7 21 12 1 16 17 39 26 42 14 32 40 1 54 20 37 
44 52 57 60 31 15 27 21 17 52 22 65 63 69 69 41 69 70 65 48 55 
277 296 831 859 603 201 507 386 309 502 224 834 962 476 522 284 307 584 698 454 348 
8 8 8 8 8 17 17 17 17 17 17 17 5 0 0 0 0 7 7 7 7 7 7 7 7 14 14 14 14 5 9 8 8 8 8 8 10 10 1 1 1 1 2 2 2 2 2 2 19 19 19 19 19 6 6 6 6 7 7 7 7 7 7 7 7 10 10 3 3 12 12 12 12 12 12 6 6 6 6 4 4 4 4 15 15 15 15 15 20 20 20 20 20 20 20 20 20 20 20 20 20 20 20 20 11 11 11 16 16 16 16 15 15 15 15 15 13 13 13 13 0 0 0 0 19 19 19 19 19 1 1 1 1 9 18 18 18 18 18 18 18 20 20 20 20 20 20 20 20 20 20 20 20 20 20 20 20 2 2 2 2 2 2 3 3 12 12 12 12 12 12 11 11 11 18 18 18 18 18 18 18 13 13 13 13 14 14 14 14 16 16 16 16 17 17 17 17 17 17 17 