783
100
2
1 1 1 1 1 1 1 1 1 1 1 1 1 1 1 1 4 4 4 4 4 4 4 4 4 4 7 7 7 7 7 7 7 7 7 7 7 7 7 7 7 7 7 7 7 7 7 13 13 13 13 13 13 13 13 22 22 22 22 22 22 22 24 25 25 26 26 26 26 26 28 28 28 28 31 31 31 31 31 31 31 31 31 31 31 31 31 31 31 31 31 31 31 31 32 32 35 35 35 35 35 35 35 35 38 38 38 38 38 38 38 38 38 38 38 38 39 41 43 43 43 43 43 43 43 44 44 44 44 44 44 44 44 44 44 44 44 44 45 45 45 45 47 47 47 47 48 48 48 48 49 51 51 51 51 51 51 51 51 51 56 56 56 56 56 56 57 57 57 57 57 57 57 57 57 57 57 60 60 60 60 60 60 60 60 60 60 60 60 60 60 60 60 61 62 64 64 64 64 64 
177 178 179 180 181 182 183 184 185 186 187 188 189 190 191 192 131 132 133 134 135 195 196 197 198 199 55 56 57 58 59 60 61 153 154 155 156 157 158 159 109 110 111 112 113 114 115 96 117 171 172 173 174 175 176 26 27 28 29 30 31 32 150 65 194 63 90 91 92 93 138 139 140 141 97 98 99 100 101 102 103 118 119 120 121 122 123 124 136 137 66 67 68 69 151 152 47 74 75 76 77 78 79 80 166 167 168 169 170 40 41 42 43 44 45 46 193 48 81 82 83 84 85 86 87 160 161 162 163 164 165 16 17 18 19 20 88 89 70 71 72 73 146 147 148 149 142 143 144 145 62 94 95 33 34 35 36 37 38 39 125 126 127 128 129 130 104 105 106 107 108 49 50 51 52 53 54 0 1 2 3 4 5 6 7 8 9 10 11 12 13 14 15 116 64 21 22 23 24 25 
343 343 343 343 343 343 343 343 343 343 343 343 343 343 343 343 357 357 357 357 357 724 724 724 724 724 403 403 403 403 403 403 403 747 747 747 747 747 747 747 332 332 332 332 332 332 332 385 378 636 636 636 636 636 636 403 403 403 403 403 403 403 656 364 990 364 852 852 852 852 260 260 260 260 517 517 517 517 517 517 517 470 470 470 470 470 470 470 624 624 852 852 852 852 657 657 385 517 517 517 517 517 517 517 924 924 924 924 924 332 332 332 332 332 332 332 417 378 470 470 470 470 470 470 470 971 971 971 971 971 971 357 357 357 357 357 624 624 260 260 260 260 407 407 407 407 407 407 407 407 656 657 657 747 747 747 747 747 747 747 971 971 971 971 971 971 924 924 924 924 924 636 636 636 636 636 636 343 343 343 343 343 343 343 343 343 343 343 343 343 343 343 343 417 990 724 724 724 724 724 
0 1 2 3 4 5 6 7 8 9 10 11 12 13 14 15 16 17 18 19 20 21 22 23 24 25 26 27 28 29 30 31 32 33 34 35 36 37 38 39 40 41 42 43 44 45 46 47 48 49 50 51 52 53 54 26 27 28 29 30 31 32 55 56 57 56 58 59 60 61 62 63 64 65 66 67 68 69 70 71 72 73 74 75 76 77 78 79 80 81 58 59 60 61 82 83 47 66 67 68 69 70 71 72 84 85 86 87 88 40 41 42 43 44 45 46 89 48 73 74 75 76 77 78 79 90 91 92 93 94 95 16 17 18 19 20 80 81 62 63 64 65 96 97 98 99 96 97 98 99 55 82 83 33 34 35 36 37 38 39 90 91 92 93 94 95 84 85 86 87 88 49 50 51 52 53 54 0 1 2 3 4 5 6 7 8 9 10 11 12 13 14 15 89 57 21 22 23 24 25 
54266
22
1 4 1 6 2 5 1 7 1 5 7 1 4 7 6 2 1 7 5 4 7 16 
13 28 39 44 32 4 25 31 13 38 31 25 47 7 13 31 24 7 4 26 7 1 
35 45 61 56 51 44 26 35 41 57 43 62 48 22 57 44 49 51 64 31 38 60 
385 260 417 971 657 357 364 517 378 924 470 990 407 403 636 624 656 747 724 852 332 343 
21 21 21 21 21 21 21 21 21 21 21 21 21 21 21 21 5 5 5 5 5 18 18 18 18 18 13 13 13 13 13 13 13 17 17 17 17 17 17 17 20 20 20 20 20 20 20 0 8 14 14 14 14 14 14 13 13 13 13 13 13 13 16 6 11 6 19 19 19 19 1 1 1 1 7 7 7 7 7 7 7 10 10 10 10 10 10 10 15 15 19 19 19 19 4 4 0 7 7 7 7 7 7 7 9 9 9 9 9 20 20 20 20 20 20 20 2 8 10 10 10 10 10 10 10 3 3 3 3 3 3 5 5 5 5 5 15 15 1 1 1 1 12 12 12 12 12 12 12 12 16 4 4 17 17 17 17 17 17 17 3 3 3 3 3 3 9 9 9 9 9 14 14 14 14 14 14 21 21 21 21 21 21 21 21 21 21 21 21 21 21 21 21 2 11 18 18 18 18 18 