148
100
2
1 1 1 3 4 4 4 4 4 6 6 6 6 6 7 7 8 8 9 9 9 10 11 11 11 11 11 14 14 14 14 15 15 15 15 15 15 15 15 15 15 15 15 15 15 15 15 15 15 15 15 15 15 15 15 15 15 16 16 16 18 18 18 18 18 19 19 19 19 19 19 19 20 20 20 22 22 22 22 22 22 22 22 22 22 25 25 25 25 25 26 26 26 26 28 28 29 31 31 31 32 32 32 32 32 33 33 33 35 35 35 35 35 35 35 35 36 36 36 36 36 36 42 42 43 43 43 45 48 48 48 48 48 48 48 49 49 50 50 50 50 50 50 50 50 50 50 50 50 50 50 50 50 50 54 54 54 54 54 55 55 55 55 55 56 56 56 56 57 59 59 59 59 59 61 61 61 61 61 61 61 61 63 63 63 63 63 63 63 63 63 63 65 65 65 65 65 65 65 66 
179 180 181 60 128 129 130 131 132 174 175 176 177 178 109 110 135 136 61 62 63 168 187 188 189 190 191 164 165 166 167 72 73 74 75 76 77 78 79 64 137 138 139 140 141 142 143 144 145 146 147 148 149 150 151 152 153 124 125 126 3 18 19 20 39 199 116 117 118 119 120 121 31 32 33 34 35 36 37 38 90 91 92 93 127 154 155 156 157 158 80 81 82 83 192 193 108 105 106 107 111 112 113 114 115 97 98 99 96 14 15 100 101 102 103 104 66 67 68 69 70 71 133 134 57 58 59 84 4 5 6 7 8 122 123 16 17 40 41 42 43 44 45 46 47 48 49 50 51 52 53 54 55 56 85 86 87 88 89 194 195 196 197 198 27 28 29 30 21 182 183 184 185 186 9 10 11 12 13 0 1 2 169 170 171 172 173 22 23 24 25 26 94 95 159 160 161 162 163 65 
484 484 484 632 593 593 593 593 593 540 540 540 540 540 491 491 248 248 395 395 395 310 768 768 768 768 768 283 283 283 283 215 215 215 366 366 366 366 366 387 460 460 460 460 460 460 460 460 460 460 460 460 460 460 460 460 460 881 881 881 632 395 395 395 387 199 585 585 585 585 585 585 215 215 215 366 366 366 366 366 641 641 641 641 828 328 328 328 328 328 641 641 641 641 873 873 515 173 173 173 958 958 958 958 958 173 173 173 515 491 491 958 958 958 958 958 585 585 585 585 585 585 689 689 881 881 881 828 593 593 593 593 593 689 689 248 248 460 460 460 460 460 460 460 460 460 460 460 460 460 460 460 460 460 328 328 328 328 328 390 390 390 390 390 283 283 283 283 310 332 332 332 332 332 540 540 540 540 540 484 484 484 332 332 332 332 332 768 768 768 768 768 873 873 390 390 390 390 390 199 
0 1 2 3 4 5 6 7 8 9 10 11 12 13 14 15 16 17 18 19 20 21 22 23 24 25 26 27 28 29 30 31 32 33 34 35 36 37 38 39 40 41 42 43 44 45 46 47 48 49 50 51 52 53 54 55 56 57 58 59 3 18 19 20 39 60 61 62 63 64 65 66 31 32 33 34 35 36 37 38 67 68 69 70 71 72 73 74 75 76 67 68 69 70 77 78 79 80 81 82 83 84 85 86 87 80 81 82 79 14 15 83 84 85 86 87 61 62 63 64 65 66 88 89 57 58 59 71 4 5 6 7 8 88 89 16 17 40 41 42 43 44 45 46 47 48 49 50 51 52 53 54 55 56 72 73 74 75 76 90 91 92 93 94 27 28 29 30 21 95 96 97 98 99 9 10 11 12 13 0 1 2 95 96 97 98 99 22 23 24 25 26 77 78 90 91 92 93 94 60 
50318
27
5 2 5 5 1 2 5 5 1 3 1 1 4 5 5 3 1 2 4 2 5 3 3 3 6 1 17 
25 8 59 11 10 28 6 4 3 15 19 29 14 15 55 9 15 42 22 7 32 1 31 16 19 22 15 
54 49 63 63 57 65 61 48 18 20 66 35 56 22 65 18 18 48 26 35 35 61 33 43 36 45 50 
328 248 332 768 310 873 540 593 632 215 199 515 283 366 390 395 387 689 641 491 958 484 173 881 585 828 460 
21 21 21 8 7 7 7 7 7 6 6 6 6 6 19 19 1 1 15 15 15 4 3 3 3 3 3 12 12 12 12 9 9 9 13 13 13 13 13 16 26 26 26 26 26 26 26 26 26 26 26 26 26 26 26 26 26 23 23 23 8 15 15 15 16 10 24 24 24 24 24 24 9 9 9 13 13 13 13 13 18 18 18 18 25 0 0 0 0 0 18 18 18 18 5 5 11 22 22 22 20 20 20 20 20 22 22 22 11 19 19 20 20 20 20 20 24 24 24 24 24 24 17 17 23 23 23 25 7 7 7 7 7 17 17 1 1 26 26 26 26 26 26 26 26 26 26 26 26 26 26 26 26 26 0 0 0 0 0 14 14 14 14 14 12 12 12 12 4 2 2 2 2 2 6 6 6 6 6 21 21 21 2 2 2 2 2 3 3 3 3 3 5 5 14 14 14 14 14 10 