62
100
2
3 3 3 3 3 4 4 4 4 4 6 6 6 12 12 12 12 12 16 16 16 16 16 20 20 20 20 20 20 20 20 20 20 25 25 25 25 25 25 28 28 28 29 29 29 29 29 29 29 30 30 30 30 30 31 31 31 31 31 31 31 33 33 33 33 33 33 33 33 33 33 33 33 33 33 35 35 35 35 35 35 35 36 36 36 36 36 36 36 38 38 38 38 38 38 38 39 39 39 39 42 42 42 42 42 42 42 44 44 44 44 44 44 44 44 44 44 46 47 47 48 48 48 48 48 48 48 48 48 48 48 48 50 50 50 50 50 50 50 50 50 50 50 56 56 56 56 56 57 57 57 57 57 57 57 57 58 58 58 58 59 59 59 60 60 60 60 60 60 60 60 60 60 60 60 63 63 63 63 63 65 65 66 66 66 66 66 66 66 66 66 66 66 66 69 69 69 69 69 69 
143 144 145 146 147 13 14 15 16 17 39 40 41 5 6 7 8 9 120 121 122 123 124 65 66 67 68 69 70 71 72 73 74 194 195 196 197 198 199 10 11 12 82 83 84 85 86 87 88 138 139 140 141 142 132 133 134 135 136 137 117 156 157 158 159 23 24 25 26 27 28 29 30 31 32 125 126 127 128 129 130 131 42 43 44 45 46 47 48 96 97 98 99 160 161 162 89 90 91 92 182 183 184 185 186 187 188 148 149 150 168 169 170 171 172 173 174 60 180 181 18 19 20 21 22 75 76 77 78 79 80 81 54 55 56 57 58 59 49 50 51 52 53 0 1 2 3 4 107 108 109 189 190 191 192 193 61 62 63 64 93 94 95 175 176 177 178 179 110 111 112 113 114 115 116 163 164 165 166 167 118 119 100 101 102 103 104 105 106 151 152 153 154 155 33 34 35 36 37 38 
215 215 215 215 215 876 876 876 876 876 567 567 567 876 876 876 876 876 479 479 479 479 479 936 936 936 936 936 936 936 936 936 936 832 832 832 832 832 832 567 567 567 344 344 344 344 344 344 344 245 245 245 245 245 554 554 554 554 554 554 232 620 620 620 620 936 936 936 936 936 936 936 936 936 936 206 206 206 206 206 206 206 344 344 344 344 344 344 344 716 716 716 716 381 381 381 716 716 716 716 454 454 454 454 454 454 454 976 976 976 371 371 371 371 371 371 371 232 742 742 479 479 479 479 479 206 206 206 206 206 206 206 554 554 554 554 554 554 245 245 245 245 245 215 215 215 215 215 976 976 976 999 999 999 999 999 620 620 620 620 381 381 381 507 507 507 507 507 371 371 371 371 371 371 371 507 507 507 507 507 742 742 454 454 454 454 454 454 454 999 999 999 999 999 832 832 832 832 832 832 
0 1 2 3 4 5 6 7 8 9 10 11 12 5 6 7 8 9 13 14 15 16 17 18 19 20 21 22 23 24 25 26 27 28 29 30 31 32 33 10 11 12 34 35 36 37 38 39 40 41 42 43 44 45 46 47 48 49 50 51 52 53 54 55 56 18 19 20 21 22 23 24 25 26 27 57 58 59 60 61 62 63 34 35 36 37 38 39 40 64 65 66 67 68 69 70 64 65 66 67 71 72 73 74 75 76 77 78 79 80 81 82 83 84 85 86 87 52 88 89 13 14 15 16 17 57 58 59 60 61 62 63 46 47 48 49 50 51 41 42 43 44 45 0 1 2 3 4 78 79 80 90 91 92 93 94 53 54 55 56 68 69 70 95 96 97 98 99 81 82 83 84 85 86 87 95 96 97 98 99 88 89 71 72 73 74 75 76 77 90 91 92 93 94 28 29 30 31 32 33 
56738
20
5 4 5 6 6 2 4 5 3 7 7 7 3 5 3 1 5 5 7 10 
60 38 16 25 31 47 33 4 44 29 44 42 6 57 38 31 3 30 35 20 
63 39 48 69 50 65 58 12 57 36 60 66 28 66 59 46 56 50 48 33 
507 716 479 832 554 742 620 876 976 344 371 454 567 999 381 232 215 245 206 936 
16 16 16 16 16 7 7 7 7 7 12 12 12 7 7 7 7 7 2 2 2 2 2 19 19 19 19 19 19 19 19 19 19 3 3 3 3 3 3 12 12 12 9 9 9 9 9 9 9 17 17 17 17 17 4 4 4 4 4 4 15 6 6 6 6 19 19 19 19 19 19 19 19 19 19 18 18 18 18 18 18 18 9 9 9 9 9 9 9 1 1 1 1 14 14 14 1 1 1 1 11 11 11 11 11 11 11 8 8 8 10 10 10 10 10 10 10 15 5 5 2 2 2 2 2 18 18 18 18 18 18 18 4 4 4 4 4 4 17 17 17 17 17 16 16 16 16 16 8 8 8 13 13 13 13 13 6 6 6 6 14 14 14 0 0 0 0 0 10 10 10 10 10 10 10 0 0 0 0 0 5 5 11 11 11 11 11 11 11 13 13 13 13 13 3 3 3 3 3 3 