63
100
2
1 3 3 3 3 3 3 3 3 3 3 4 4 4 4 5 5 5 5 5 6 6 6 6 6 11 11 11 11 11 11 11 11 11 11 12 12 12 12 12 12 15 15 15 15 15 16 16 16 16 16 16 16 16 16 23 23 23 23 23 24 24 24 26 27 27 27 27 27 27 27 27 27 27 27 27 29 29 29 29 29 29 29 29 31 31 31 31 31 31 31 31 31 31 31 31 32 32 34 34 34 34 34 34 35 35 35 35 35 35 35 35 35 35 35 35 35 35 40 40 40 40 40 41 41 41 41 41 41 41 41 41 41 41 41 41 41 41 41 41 41 41 41 44 44 47 47 47 47 49 49 49 49 49 51 54 54 54 54 54 55 55 57 57 57 57 57 57 57 57 57 57 64 64 64 64 64 65 65 65 65 65 65 65 66 66 66 66 66 66 66 66 66 69 69 69 70 70 70 70 
154 64 65 66 67 68 69 164 165 166 167 180 181 182 183 41 42 43 44 45 55 56 57 58 59 26 25 28 27 30 29 32 31 34 33 76 77 78 79 80 81 15 16 17 18 19 177 178 179 90 91 92 93 94 95 20 21 22 23 24 193 194 195 70 1 2 3 4 5 6 63 149 150 151 152 153 35 36 37 38 39 40 96 97 123 124 125 126 127 128 49 50 51 52 53 54 82 83 185 186 187 188 189 190 129 130 131 132 133 134 135 136 137 138 139 140 141 142 172 173 174 175 176 84 85 86 87 88 89 104 105 106 107 108 109 110 111 112 113 114 115 116 117 160 161 168 169 170 171 71 72 73 74 75 0 184 196 197 198 199 143 144 191 192 7 8 9 10 145 146 147 148 118 119 120 121 122 46 47 48 11 12 13 14 155 98 99 100 101 102 103 162 163 60 61 62 156 157 158 159 
932 215 215 215 215 215 215 528 528 528 528 803 803 803 803 516 516 516 516 516 488 488 488 488 488 458 458 458 458 458 458 458 458 458 458 749 749 749 749 749 749 516 516 516 516 516 296 296 296 253 253 253 253 253 253 488 488 488 488 488 569 569 569 982 215 215 215 215 215 215 982 594 594 594 594 594 749 749 749 749 749 749 808 808 861 861 861 861 861 861 253 253 253 253 253 253 808 808 470 470 470 470 470 470 468 468 468 468 468 468 468 468 468 468 468 468 468 468 282 282 282 282 282 861 861 861 861 861 861 468 468 468 468 468 468 468 468 468 468 468 468 468 468 533 533 964 964 964 964 594 594 594 594 594 932 391 429 429 429 429 533 533 846 846 528 528 528 528 964 964 964 964 282 282 282 282 282 296 296 296 803 803 803 803 391 470 470 470 470 470 470 846 846 569 569 569 429 429 429 429 
0 1 2 3 4 5 6 7 8 9 10 11 12 13 14 15 16 17 18 19 20 21 22 23 24 25 25 26 26 27 27 28 28 29 29 30 31 32 33 34 35 15 16 17 18 19 36 37 38 39 40 41 42 43 44 20 21 22 23 24 45 46 47 48 1 2 3 4 5 6 48 49 50 51 52 53 30 31 32 33 34 35 54 55 56 57 58 59 60 61 39 40 41 42 43 44 54 55 62 63 64 65 66 67 68 69 70 71 72 73 74 75 76 77 78 79 80 81 82 83 84 85 86 56 57 58 59 60 61 68 69 70 71 72 73 74 75 76 77 78 79 80 81 87 88 89 90 91 92 49 50 51 52 53 0 93 94 95 96 97 87 88 98 99 7 8 9 10 89 90 91 92 82 83 84 85 86 36 37 38 11 12 13 14 93 62 63 64 65 66 67 98 99 45 46 47 94 95 96 97 
53700
23
6 6 3 1 6 2 3 1 1 6 6 4 5 2 5 5 2 4 5 4 5 4 14 
12 31 16 1 3 44 24 26 54 34 16 4 5 29 40 27 57 3 6 54 11 47 35 
29 41 65 51 27 55 69 27 66 66 31 65 15 32 64 49 66 57 23 70 11 57 41 
749 861 296 932 215 533 569 982 391 470 253 803 516 808 282 594 846 528 488 429 458 964 468 
3 4 4 4 4 4 4 17 17 17 17 11 11 11 11 12 12 12 12 12 18 18 18 18 18 20 20 20 20 20 20 20 20 20 20 0 0 0 0 0 0 12 12 12 12 12 2 2 2 10 10 10 10 10 10 18 18 18 18 18 6 6 6 7 4 4 4 4 4 4 7 15 15 15 15 15 0 0 0 0 0 0 13 13 1 1 1 1 1 1 10 10 10 10 10 10 13 13 9 9 9 9 9 9 22 22 22 22 22 22 22 22 22 22 22 22 22 22 14 14 14 14 14 1 1 1 1 1 1 22 22 22 22 22 22 22 22 22 22 22 22 22 22 5 5 21 21 21 21 15 15 15 15 15 3 8 19 19 19 19 5 5 16 16 17 17 17 17 21 21 21 21 14 14 14 14 14 2 2 2 11 11 11 11 8 9 9 9 9 9 9 16 16 6 6 6 19 19 19 19 