508
100
2
5 5 5 5 6 6 6 8 8 9 9 9 9 9 9 9 9 9 10 10 10 10 10 10 10 10 10 12 13 13 13 13 13 13 13 13 13 13 13 13 13 13 13 13 13 13 15 15 15 15 15 16 16 16 16 16 17 18 18 18 19 21 21 21 21 21 22 22 22 22 22 22 22 22 22 22 22 22 22 22 22 22 22 23 23 23 23 23 23 23 23 23 23 25 25 25 25 26 26 26 26 26 26 27 27 28 28 28 28 29 29 29 29 29 29 31 31 31 31 31 32 32 32 32 33 33 33 36 36 38 38 39 39 39 39 39 39 39 40 40 40 40 40 40 40 40 40 40 40 40 40 40 40 40 40 40 40 40 41 41 41 41 41 43 43 43 43 43 47 47 47 47 49 49 50 50 50 50 50 56 56 56 58 60 60 60 60 61 61 64 64 64 64 64 64 64 66 66 66 66 
183 184 185 186 138 139 140 172 173 66 67 168 169 170 171 57 58 59 63 64 65 83 84 85 86 87 88 119 60 141 142 143 144 145 146 147 148 149 150 151 152 153 154 155 156 157 163 164 165 166 167 158 159 160 161 162 182 15 16 17 28 174 175 18 19 20 9 10 89 90 91 92 97 98 99 100 101 102 176 177 178 103 104 21 22 23 24 25 26 68 69 70 71 134 135 136 137 72 73 74 75 76 77 81 82 111 112 113 114 127 128 105 106 107 108 196 197 198 199 27 189 190 191 192 179 180 181 109 110 187 188 193 194 195 93 94 95 96 4 5 6 29 30 31 32 33 34 35 36 37 38 39 40 41 42 43 44 45 51 52 53 54 55 46 47 48 49 50 11 12 13 14 7 8 61 62 78 79 80 124 125 126 56 0 1 2 3 129 130 120 121 122 123 131 132 133 115 116 117 118 
334 334 334 334 807 807 807 191 191 422 422 861 861 861 861 717 717 717 622 622 622 733 733 733 733 733 733 893 578 688 688 688 688 688 688 688 688 688 688 688 688 688 688 688 688 688 394 394 394 394 394 175 175 175 175 175 784 717 717 717 578 429 429 622 622 622 422 422 760 760 760 760 551 551 551 551 551 551 266 266 266 208 208 733 733 733 733 733 733 760 760 760 760 548 548 548 548 551 551 551 551 551 551 208 208 728 728 728 728 510 510 728 728 728 728 249 249 249 249 893 467 467 467 467 642 642 642 510 510 673 673 175 175 175 548 548 548 548 807 807 807 688 688 688 688 688 688 688 688 688 688 688 688 688 688 688 688 688 175 175 175 175 175 394 394 394 394 394 861 861 861 861 191 191 429 429 266 266 266 642 642 642 784 334 334 334 334 673 673 467 467 467 467 175 175 175 249 249 249 249 
0 1 2 3 4 5 6 7 8 9 10 11 12 13 14 15 16 17 18 19 20 21 22 23 24 25 26 27 28 29 30 31 32 33 34 35 36 37 38 39 40 41 42 43 44 45 46 47 48 49 50 51 52 53 54 55 56 15 16 17 28 57 58 18 19 20 9 10 59 60 61 62 63 64 65 66 67 68 69 70 71 72 73 21 22 23 24 25 26 59 60 61 62 74 75 76 77 63 64 65 66 67 68 72 73 78 79 80 81 82 83 78 79 80 81 84 85 86 87 27 88 89 90 91 92 93 94 82 83 95 96 97 98 99 74 75 76 77 4 5 6 29 30 31 32 33 34 35 36 37 38 39 40 41 42 43 44 45 51 52 53 54 55 46 47 48 49 50 11 12 13 14 7 8 57 58 69 70 71 92 93 94 56 0 1 2 3 95 96 88 89 90 91 97 98 99 84 85 86 87 
54841
27
5 4 1 2 2 3 4 2 4 5 4 2 3 4 2 1 3 3 1 4 6 3 4 6 3 2 17 
16 31 17 29 21 10 28 38 5 15 32 9 39 9 8 12 6 9 13 25 10 33 22 22 22 22 13 
41 66 58 36 50 21 29 61 60 43 64 22 64 47 49 31 40 18 19 39 23 56 23 26 50 27 40 
175 249 784 510 429 622 728 673 334 394 467 422 175 861 191 893 807 717 578 548 733 642 760 551 266 208 688 
8 8 8 8 16 16 16 14 14 11 11 13 13 13 13 17 17 17 5 5 5 20 20 20 20 20 20 15 18 26 26 26 26 26 26 26 26 26 26 26 26 26 26 26 26 26 9 9 9 9 9 0 0 0 0 0 2 17 17 17 18 4 4 5 5 5 11 11 22 22 22 22 23 23 23 23 23 23 24 24 24 25 25 20 20 20 20 20 20 22 22 22 22 19 19 19 19 23 23 23 23 23 23 25 25 6 6 6 6 3 3 6 6 6 6 1 1 1 1 15 10 10 10 10 21 21 21 3 3 7 7 12 12 12 19 19 19 19 16 16 16 26 26 26 26 26 26 26 26 26 26 26 26 26 26 26 26 26 0 0 0 0 0 9 9 9 9 9 13 13 13 13 14 14 4 4 24 24 24 21 21 21 2 8 8 8 8 7 7 10 10 10 10 12 12 12 1 1 1 1 