420
100
2
1 1 1 1 1 1 1 1 1 1 1 1 1 1 1 1 1 1 1 1 1 1 1 1 1 1 12 12 12 12 12 12 12 12 20 20 20 20 21 21 21 21 21 21 21 21 21 21 21 21 21 21 21 21 24 24 24 24 24 24 24 24 27 27 27 27 27 27 27 27 27 27 27 27 28 28 28 28 28 28 28 28 31 31 31 31 31 31 31 31 32 32 32 32 34 34 34 34 34 34 34 34 36 36 36 36 36 36 36 36 36 36 36 36 36 36 36 40 40 40 40 40 40 40 40 40 40 40 40 40 40 41 41 41 41 41 41 41 44 44 44 44 44 44 44 51 51 51 51 51 51 51 51 51 51 51 51 51 51 56 56 61 61 61 61 61 61 61 61 61 61 61 61 61 61 61 61 61 61 61 61 61 61 62 62 62 62 62 62 62 62 62 62 64 64 64 64 64 64 64 
94 95 96 97 98 99 100 101 117 118 119 120 121 122 123 124 125 126 54 55 56 57 58 59 60 61 74 75 76 77 78 79 80 81 127 128 129 130 90 91 92 93 62 63 64 65 66 67 68 69 70 71 72 73 18 19 20 21 22 23 24 25 42 43 44 45 46 47 48 49 50 51 52 53 26 27 28 29 30 31 32 33 161 162 163 164 165 166 167 168 38 39 40 41 0 1 2 3 4 5 6 7 183 184 185 186 187 188 189 190 191 192 140 141 142 143 144 8 9 10 11 12 13 14 15 16 17 34 35 36 37 193 194 195 196 197 198 199 159 160 112 113 114 115 116 169 170 171 172 173 174 175 176 177 178 179 180 181 182 138 139 82 83 84 85 86 87 88 89 145 146 147 148 149 150 151 152 153 154 155 156 157 158 102 103 104 105 106 107 108 109 110 111 131 132 133 134 135 136 137 
405 405 405 405 405 405 405 405 701 701 701 701 701 701 701 701 701 701 544 544 544 544 544 544 544 544 343 343 343 343 343 343 343 343 176 176 176 176 534 534 534 534 303 303 303 303 303 303 303 303 303 303 303 303 544 544 544 544 544 544 544 544 303 303 303 303 303 303 303 303 303 303 303 303 343 343 343 343 343 343 343 343 675 675 675 675 675 675 675 675 534 534 534 534 405 405 405 405 405 405 405 405 536 536 536 536 536 536 536 536 536 536 295 295 295 295 295 701 701 701 701 701 701 701 701 701 701 176 176 176 176 567 567 567 567 567 567 567 460 460 295 295 295 295 295 647 647 647 647 647 647 647 647 647 647 647 647 647 647 460 460 675 675 675 675 675 675 675 675 647 647 647 647 647 647 647 647 647 647 647 647 647 647 536 536 536 536 536 536 536 536 536 536 567 567 567 567 567 567 567 
0 1 2 3 4 5 6 7 8 9 10 11 12 13 14 15 16 17 18 19 20 21 22 23 24 25 26 27 28 29 30 31 32 33 34 35 36 37 38 39 40 41 42 43 44 45 46 47 48 49 50 51 52 53 18 19 20 21 22 23 24 25 42 43 44 45 46 47 48 49 50 51 52 53 26 27 28 29 30 31 32 33 54 55 56 57 58 59 60 61 38 39 40 41 0 1 2 3 4 5 6 7 62 63 64 65 66 67 68 69 70 71 72 73 74 75 76 8 9 10 11 12 13 14 15 16 17 34 35 36 37 77 78 79 80 81 82 83 84 85 72 73 74 75 76 86 87 88 89 90 91 92 93 94 95 96 97 98 99 84 85 54 55 56 57 58 59 60 61 86 87 88 89 90 91 92 93 94 95 96 97 98 99 62 63 64 65 66 67 68 69 70 71 77 78 79 80 81 82 83 
50004
13
2 10 8 8 10 4 8 14 4 5 7 12 8 
44 36 1 12 1 20 31 51 21 36 41 21 1 
56 62 34 28 40 40 61 61 32 44 64 27 24 
460 536 405 343 701 176 675 647 534 295 567 303 544 
2 2 2 2 2 2 2 2 4 4 4 4 4 4 4 4 4 4 12 12 12 12 12 12 12 12 3 3 3 3 3 3 3 3 5 5 5 5 8 8 8 8 11 11 11 11 11 11 11 11 11 11 11 11 12 12 12 12 12 12 12 12 11 11 11 11 11 11 11 11 11 11 11 11 3 3 3 3 3 3 3 3 6 6 6 6 6 6 6 6 8 8 8 8 2 2 2 2 2 2 2 2 1 1 1 1 1 1 1 1 1 1 9 9 9 9 9 4 4 4 4 4 4 4 4 4 4 5 5 5 5 10 10 10 10 10 10 10 0 0 9 9 9 9 9 7 7 7 7 7 7 7 7 7 7 7 7 7 7 0 0 6 6 6 6 6 6 6 6 7 7 7 7 7 7 7 7 7 7 7 7 7 7 1 1 1 1 1 1 1 1 1 1 10 10 10 10 10 10 10 