124
100
2
1 1 1 1 1 1 1 1 1 1 1 1 1 1 1 1 1 1 1 1 1 1 1 1 1 1 1 1 5 5 5 5 5 11 11 11 11 11 11 11 11 11 11 29 29 29 29 29 29 29 29 29 29 29 29 29 29 29 29 29 32 32 32 32 32 32 32 32 32 32 32 32 34 34 34 34 34 35 35 35 35 37 37 37 37 37 37 37 37 37 37 37 37 37 39 39 39 39 39 39 40 40 40 40 40 40 40 40 40 40 40 40 40 42 42 42 42 42 42 42 42 42 42 43 43 44 44 44 44 44 44 44 44 44 44 44 44 44 48 48 48 48 48 48 48 48 48 48 48 48 48 48 48 48 48 48 58 58 58 58 61 61 61 61 61 61 61 61 61 61 61 61 61 61 61 61 61 61 63 63 63 63 63 63 63 63 63 63 63 63 63 63 63 64 64 64 64 64 65 65 
33 34 35 36 37 38 39 40 41 42 138 139 140 141 142 143 144 145 146 147 148 149 150 151 152 153 154 155 193 194 195 196 197 0 1 2 3 4 5 6 7 8 9 72 73 74 75 76 178 179 113 114 115 116 117 118 119 120 121 122 166 167 168 169 170 171 172 173 174 175 176 177 43 44 45 46 47 156 157 158 159 180 181 182 183 184 185 186 187 188 189 190 191 192 160 161 162 163 164 165 125 126 127 128 129 130 131 132 133 134 135 136 137 50 51 52 53 54 55 56 57 58 59 198 199 100 101 102 103 104 105 106 107 108 109 110 111 112 10 11 12 13 14 15 16 17 18 19 20 21 22 23 24 25 26 27 77 78 79 80 94 95 96 97 98 99 60 61 62 63 64 65 66 67 68 69 70 71 48 49 81 82 83 84 85 86 87 88 89 90 91 92 93 28 29 30 31 32 123 124 
812 812 812 812 812 812 812 812 812 812 981 981 981 981 981 981 981 981 981 981 981 981 981 981 981 981 981 981 994 994 994 994 994 812 812 812 812 812 812 812 812 812 812 780 780 780 780 780 649 649 300 300 300 300 300 300 300 300 300 300 361 361 361 361 361 361 361 361 361 361 361 361 780 780 780 780 780 494 494 494 494 476 476 476 476 476 476 476 476 476 476 476 476 476 755 755 755 755 755 755 753 753 753 753 753 753 753 753 753 753 753 753 753 300 300 300 300 300 300 300 300 300 300 804 804 753 753 753 753 753 753 753 753 753 753 753 753 753 981 981 981 981 981 981 981 981 981 981 981 981 981 981 981 981 981 981 494 494 494 494 755 755 755 755 755 755 361 361 361 361 361 361 361 361 361 361 361 361 649 649 476 476 476 476 476 476 476 476 476 476 476 476 476 994 994 994 994 994 804 804 
0 1 2 3 4 5 6 7 8 9 10 11 12 13 14 15 16 17 18 19 20 21 22 23 24 25 26 27 28 29 30 31 32 0 1 2 3 4 5 6 7 8 9 33 34 35 36 37 38 39 40 41 42 43 44 45 46 47 48 49 50 51 52 53 54 55 56 57 58 59 60 61 33 34 35 36 37 62 63 64 65 66 67 68 69 70 71 72 73 74 75 76 77 78 79 80 81 82 83 84 85 86 87 88 89 90 91 92 93 94 95 96 97 40 41 42 43 44 45 46 47 48 49 98 99 85 86 87 88 89 90 91 92 93 94 95 96 97 10 11 12 13 14 15 16 17 18 19 20 21 22 23 24 25 26 27 62 63 64 65 79 80 81 82 83 84 50 51 52 53 54 55 56 57 58 59 60 61 38 39 66 67 68 69 70 71 72 73 74 75 76 77 78 28 29 30 31 32 98 99 
67369
12
13 5 4 6 5 2 13 12 10 10 2 18 
40 29 35 39 5 29 37 32 29 1 43 1 
44 34 58 61 64 63 63 61 42 11 65 48 
753 780 494 755 994 649 476 361 300 812 804 981 
9 9 9 9 9 9 9 9 9 9 11 11 11 11 11 11 11 11 11 11 11 11 11 11 11 11 11 11 4 4 4 4 4 9 9 9 9 9 9 9 9 9 9 1 1 1 1 1 5 5 8 8 8 8 8 8 8 8 8 8 7 7 7 7 7 7 7 7 7 7 7 7 1 1 1 1 1 2 2 2 2 6 6 6 6 6 6 6 6 6 6 6 6 6 3 3 3 3 3 3 0 0 0 0 0 0 0 0 0 0 0 0 0 8 8 8 8 8 8 8 8 8 8 10 10 0 0 0 0 0 0 0 0 0 0 0 0 0 11 11 11 11 11 11 11 11 11 11 11 11 11 11 11 11 11 11 2 2 2 2 3 3 3 3 3 3 7 7 7 7 7 7 7 7 7 7 7 7 5 5 6 6 6 6 6 6 6 6 6 6 6 6 6 4 4 4 4 4 10 10 