243
100
2
2 2 2 2 2 2 2 2 2 2 2 2 4 4 4 4 5 5 5 5 5 5 5 5 6 7 7 7 7 7 7 9 9 9 12 12 12 12 12 12 12 12 12 12 12 12 12 12 12 12 12 12 12 12 17 17 19 19 19 19 19 19 21 21 21 21 22 22 22 22 22 22 22 24 24 24 25 25 25 25 25 25 31 31 31 34 34 34 37 37 37 37 37 37 37 39 39 39 39 39 39 39 39 41 41 41 41 41 41 41 41 41 41 41 41 41 41 41 41 41 41 41 41 42 42 45 45 45 45 45 45 45 45 45 46 46 46 47 51 51 51 51 52 52 52 52 52 52 52 52 52 52 52 52 52 52 52 53 53 53 53 53 53 53 53 61 61 62 62 62 62 62 62 65 65 66 66 67 67 67 67 67 67 67 67 68 68 68 68 68 68 69 69 69 69 69 70 70 70 70 
82 83 84 138 139 140 141 98 99 100 101 102 191 192 193 194 167 168 169 170 171 172 123 124 75 185 186 187 188 189 190 183 184 137 103 104 105 106 107 108 109 110 111 112 113 114 115 116 117 118 119 120 121 122 73 74 142 143 144 145 146 147 196 197 198 199 88 89 90 91 92 93 94 54 55 24 85 86 87 134 135 136 0 1 2 76 77 78 66 67 68 69 70 71 72 125 126 127 7 8 9 10 11 34 35 36 37 38 39 40 41 42 43 44 45 46 47 48 49 50 51 52 53 22 23 95 96 97 177 178 179 180 181 182 79 80 81 33 3 4 5 6 56 57 58 59 60 61 165 166 158 159 160 161 162 163 164 195 150 151 152 153 154 155 156 148 149 16 17 18 19 20 21 175 176 173 174 128 129 130 131 132 133 31 32 25 26 27 28 29 30 12 13 14 15 157 62 63 64 65 
367 367 367 255 255 255 255 889 889 889 889 889 983 983 983 983 485 485 485 485 485 485 579 579 850 739 739 739 739 739 739 547 547 573 170 170 170 170 170 170 170 170 170 170 170 170 170 170 170 170 170 170 170 170 157 157 854 854 854 854 854 854 915 915 915 915 730 730 730 730 730 730 730 157 157 850 430 430 430 990 990 990 367 367 367 430 430 430 730 730 730 730 730 730 730 994 994 994 889 889 889 889 889 170 170 170 170 170 170 170 170 170 170 170 170 170 170 170 170 170 170 170 170 579 579 994 994 994 299 299 299 299 299 299 990 990 990 573 255 255 255 255 854 854 854 854 854 854 277 277 626 626 626 626 626 626 626 891 626 626 626 626 626 626 626 277 277 485 485 485 485 485 485 698 698 698 698 299 299 299 299 299 299 547 547 739 739 739 739 739 739 983 983 983 983 891 915 915 915 915 
0 1 2 3 4 5 6 7 8 9 10 11 12 13 14 15 16 17 18 19 20 21 22 23 24 25 26 27 28 29 30 31 32 33 34 35 36 37 38 39 40 41 42 43 44 45 46 47 48 49 50 51 52 53 54 55 56 57 58 59 60 61 62 63 64 65 66 67 68 69 70 71 72 54 55 24 73 74 75 76 77 78 0 1 2 73 74 75 66 67 68 69 70 71 72 79 80 81 7 8 9 10 11 34 35 36 37 38 39 40 41 42 43 44 45 46 47 48 49 50 51 52 53 22 23 79 80 81 82 83 84 85 86 87 76 77 78 33 3 4 5 6 56 57 58 59 60 61 88 89 90 91 92 93 94 95 96 97 90 91 92 93 94 95 96 88 89 16 17 18 19 20 21 98 99 98 99 82 83 84 85 86 87 31 32 25 26 27 28 29 30 12 13 14 15 97 62 63 64 65 
55384
23
7 2 4 6 4 3 3 6 3 1 2 2 6 2 1 2 4 5 7 3 6 1 20 
22 17 21 19 4 39 25 45 2 6 65 52 5 9 53 5 2 2 52 25 7 9 12 
37 24 70 52 69 45 34 67 31 24 66 61 62 67 69 42 51 39 53 46 68 47 41 
730 157 915 854 983 994 430 299 367 850 698 277 485 547 891 579 255 889 626 990 739 573 170 
8 8 8 16 16 16 16 17 17 17 17 17 4 4 4 4 12 12 12 12 12 12 15 15 9 20 20 20 20 20 20 13 13 21 22 22 22 22 22 22 22 22 22 22 22 22 22 22 22 22 22 22 22 22 1 1 3 3 3 3 3 3 2 2 2 2 0 0 0 0 0 0 0 1 1 9 6 6 6 19 19 19 8 8 8 6 6 6 0 0 0 0 0 0 0 5 5 5 17 17 17 17 17 22 22 22 22 22 22 22 22 22 22 22 22 22 22 22 22 22 22 22 22 15 15 5 5 5 7 7 7 7 7 7 19 19 19 21 16 16 16 16 3 3 3 3 3 3 11 11 18 18 18 18 18 18 18 14 18 18 18 18 18 18 18 11 11 12 12 12 12 12 12 10 10 10 10 7 7 7 7 7 7 13 13 20 20 20 20 20 20 4 4 4 4 14 2 2 2 2 