174
100
2
1 1 1 1 1 1 1 1 3 3 3 3 3 4 4 5 5 5 5 5 5 5 5 5 5 5 5 5 5 5 5 5 5 5 5 5 6 6 6 6 6 7 8 8 8 8 8 8 9 9 9 9 9 10 10 10 10 10 10 10 10 10 10 10 10 10 10 10 10 13 13 13 13 15 15 15 15 15 16 16 16 16 16 22 22 22 23 23 23 23 24 24 24 24 30 30 30 30 30 30 30 30 30 30 30 30 30 30 30 33 33 33 33 34 34 34 34 35 35 36 36 36 38 38 38 38 39 39 39 39 39 40 40 40 40 40 40 40 40 40 42 42 42 43 43 44 46 46 46 46 46 48 48 48 49 49 51 51 51 51 52 52 53 53 53 53 53 54 54 54 54 54 56 56 56 56 56 56 57 57 57 58 58 58 58 58 58 58 67 67 67 68 68 68 68 68 69 69 69 70 
131 132 133 134 135 162 163 81 136 137 138 139 82 154 155 36 37 38 39 40 53 54 55 56 57 58 59 60 61 62 63 64 65 66 67 68 15 16 17 18 19 199 143 144 69 70 71 72 78 79 80 160 161 20 21 22 23 24 25 26 27 28 29 30 31 32 33 34 35 44 45 46 47 183 184 185 186 187 48 49 50 7 12 178 179 180 113 114 115 116 146 188 189 190 172 173 174 175 176 177 191 192 193 194 195 147 148 149 150 156 157 158 159 86 87 88 89 181 182 122 123 124 119 120 121 145 167 168 169 170 171 0 1 2 3 4 8 9 10 11 196 197 198 42 43 125 90 105 106 107 108 164 165 166 13 14 109 110 111 112 51 52 5 6 151 152 153 126 127 128 129 130 94 95 96 97 98 99 83 84 85 117 118 73 74 75 76 77 91 92 93 100 101 102 103 104 140 141 142 41 
174 174 174 174 174 850 850 808 159 159 159 159 567 557 557 383 383 383 383 383 680 680 680 680 680 680 680 680 680 680 680 680 680 680 680 680 383 383 383 383 383 273 858 858 450 450 450 450 624 624 624 206 206 680 680 680 680 680 680 680 680 680 680 680 680 680 680 680 680 450 450 450 450 848 848 848 848 848 624 624 624 808 567 330 330 330 954 954 954 954 282 204 204 204 606 606 606 606 606 606 981 981 981 981 981 472 472 472 472 429 429 429 429 954 954 954 954 682 682 688 688 688 688 688 688 659 797 797 797 797 797 174 174 174 174 174 159 159 159 159 801 801 801 858 858 659 282 472 472 472 472 699 699 699 557 557 429 429 429 429 206 206 850 850 699 699 699 797 797 797 797 797 606 606 606 606 606 606 330 330 330 682 682 848 848 848 848 848 204 204 204 981 981 981 981 981 801 801 801 273 
0 1 2 3 4 5 6 7 8 9 10 11 12 13 14 15 16 17 18 19 20 21 22 23 24 25 26 27 28 29 30 31 32 33 34 35 15 16 17 18 19 36 37 38 39 40 41 42 43 44 45 46 47 20 21 22 23 24 25 26 27 28 29 30 31 32 33 34 35 39 40 41 42 48 49 50 51 52 43 44 45 7 12 53 54 55 56 57 58 59 60 61 62 63 64 65 66 67 68 69 70 71 72 73 74 75 76 77 78 79 80 81 82 56 57 58 59 83 84 85 86 87 85 86 87 88 89 90 91 92 93 0 1 2 3 4 8 9 10 11 94 95 96 37 38 88 60 75 76 77 78 97 98 99 13 14 79 80 81 82 46 47 5 6 97 98 99 89 90 91 92 93 64 65 66 67 68 69 53 54 55 83 84 48 49 50 51 52 61 62 63 70 71 72 73 74 94 95 96 36 
59220
28
2 3 5 1 2 5 3 6 2 3 1 4 5 3 4 4 4 5 3 2 2 3 1 1 5 1 4 16 
8 9 5 24 35 39 22 30 9 36 38 8 1 24 3 23 33 15 42 4 1 48 7 1 30 3 30 5 
43 16 6 46 58 54 57 56 52 38 44 13 40 67 40 34 51 58 69 49 53 53 70 16 68 16 46 10 
858 624 383 282 682 797 330 606 206 688 659 450 174 204 159 954 429 848 801 557 850 699 273 808 981 567 472 680 
12 12 12 12 12 20 20 23 14 14 14 14 25 19 19 2 2 2 2 2 27 27 27 27 27 27 27 27 27 27 27 27 27 27 27 27 2 2 2 2 2 22 0 0 11 11 11 11 1 1 1 8 8 27 27 27 27 27 27 27 27 27 27 27 27 27 27 27 27 11 11 11 11 17 17 17 17 17 1 1 1 23 25 6 6 6 15 15 15 15 3 13 13 13 7 7 7 7 7 7 24 24 24 24 24 26 26 26 26 16 16 16 16 15 15 15 15 4 4 9 9 9 9 9 9 10 5 5 5 5 5 12 12 12 12 12 14 14 14 14 18 18 18 0 0 10 3 26 26 26 26 21 21 21 19 19 16 16 16 16 8 8 20 20 21 21 21 5 5 5 5 5 7 7 7 7 7 7 6 6 6 4 4 17 17 17 17 17 13 13 13 24 24 24 24 24 18 18 18 22 