374
100
2
2 2 2 2 2 3 3 3 3 3 3 3 3 6 6 6 6 6 6 6 6 6 6 6 6 6 6 8 8 8 8 9 9 10 10 12 12 12 12 12 12 12 12 12 12 12 12 12 13 14 14 14 14 14 14 14 14 14 14 16 16 17 17 17 17 18 18 18 20 20 20 20 23 23 23 23 25 25 25 25 26 26 26 26 27 27 27 29 29 31 32 32 32 32 35 35 35 35 37 37 37 40 40 40 40 41 41 41 41 41 41 44 44 44 48 48 48 48 48 48 48 49 51 51 51 51 51 52 52 52 52 52 52 52 52 52 52 52 52 52 52 52 52 52 52 52 54 55 55 56 56 56 56 57 57 57 57 58 58 58 59 59 59 59 60 60 60 61 61 61 61 61 61 63 63 63 63 64 64 65 65 65 65 66 66 66 66 66 67 67 67 67 67 67 67 68 68 68 69 69 
54 55 56 57 58 35 36 37 38 167 168 169 170 132 133 134 135 136 137 138 139 140 141 142 143 144 145 160 161 162 163 198 199 188 121 5 6 7 8 183 184 185 186 187 72 73 74 75 60 122 123 124 125 126 0 1 2 3 4 89 48 189 190 191 192 84 85 86 179 180 181 182 44 45 46 47 164 165 166 159 94 95 96 97 65 66 67 130 131 59 101 102 103 104 80 81 82 83 108 109 110 90 91 92 93 146 147 148 98 99 100 118 119 120 149 150 151 152 111 112 113 34 49 50 51 52 53 195 196 197 87 88 13 14 15 16 17 18 19 20 21 22 23 24 25 26 105 106 107 114 115 116 117 173 174 175 176 171 172 79 27 28 29 30 76 77 78 9 10 11 12 157 158 153 154 155 156 193 194 68 69 70 71 39 40 41 42 43 33 61 62 63 64 177 178 127 128 129 31 32 
936 936 936 936 936 321 321 321 321 349 349 349 349 209 209 209 209 209 209 209 209 209 209 209 209 209 209 444 444 444 444 452 452 600 865 321 321 321 321 396 396 396 396 396 769 769 769 769 849 394 394 394 394 394 936 936 936 936 936 595 849 419 419 419 419 250 250 250 245 245 245 245 769 769 769 769 320 320 320 398 486 486 486 486 250 250 250 222 222 595 785 785 785 785 486 486 486 486 941 941 941 785 785 785 785 265 707 707 941 941 941 704 704 704 875 875 875 875 704 704 704 865 394 394 394 394 394 222 222 222 222 222 209 209 209 209 209 209 209 209 209 209 209 209 209 209 265 707 707 875 875 875 875 744 744 744 744 800 800 398 444 444 444 444 320 320 320 349 349 349 349 800 800 744 744 744 744 201 201 245 245 245 245 396 396 396 396 396 600 419 419 419 419 201 201 222 222 222 452 452 
0 1 2 3 4 5 6 7 8 9 10 11 12 13 14 15 16 17 18 19 20 21 22 23 24 25 26 27 28 29 30 31 32 33 34 5 6 7 8 35 36 37 38 39 40 41 42 43 44 45 46 47 48 49 0 1 2 3 4 50 44 51 52 53 54 55 56 57 58 59 60 61 40 41 42 43 62 63 64 65 66 67 68 69 55 56 57 70 71 50 72 73 74 75 66 67 68 69 76 77 78 72 73 74 75 79 80 81 76 77 78 82 83 84 85 86 87 88 82 83 84 34 45 46 47 48 49 89 90 91 70 71 13 14 15 16 17 18 19 20 21 22 23 24 25 26 79 80 81 85 86 87 88 92 93 94 95 96 97 65 27 28 29 30 62 63 64 9 10 11 12 96 97 92 93 94 95 98 99 58 59 60 61 35 36 37 38 39 33 51 52 53 54 98 99 89 90 91 31 32 
48951
30
4 3 4 5 1 4 3 4 4 3 2 4 4 4 2 2 1 5 5 4 3 1 4 1 2 1 1 2 3 14 
26 52 3 12 16 57 25 3 8 18 9 48 32 20 29 58 10 14 2 17 44 25 12 41 41 10 13 64 37 6 
35 68 12 66 31 63 60 61 59 27 69 56 40 65 52 61 67 51 14 67 48 58 23 54 55 49 16 67 41 52 
486 222 321 396 595 744 320 349 444 250 452 875 785 245 222 800 600 394 936 419 704 398 769 265 707 865 849 201 941 209 
18 18 18 18 18 2 2 2 2 7 7 7 7 29 29 29 29 29 29 29 29 29 29 29 29 29 29 8 8 8 8 10 10 16 25 2 2 2 2 3 3 3 3 3 22 22 22 22 26 17 17 17 17 17 18 18 18 18 18 4 26 19 19 19 19 9 9 9 13 13 13 13 22 22 22 22 6 6 6 21 0 0 0 0 9 9 9 14 14 4 12 12 12 12 0 0 0 0 28 28 28 12 12 12 12 23 24 24 28 28 28 20 20 20 11 11 11 11 20 20 20 25 17 17 17 17 17 1 1 1 14 14 29 29 29 29 29 29 29 29 29 29 29 29 29 29 23 24 24 11 11 11 11 5 5 5 5 15 15 21 8 8 8 8 6 6 6 7 7 7 7 15 15 5 5 5 5 27 27 13 13 13 13 3 3 3 3 3 16 19 19 19 19 27 27 1 1 1 10 10 