139
100
2
4 4 4 4 4 7 8 9 9 10 10 10 10 10 10 10 10 10 11 11 12 12 12 12 12 12 23 23 28 28 28 28 28 28 29 29 29 29 29 31 31 31 31 31 31 31 31 33 33 33 33 33 33 33 33 33 35 35 35 35 35 35 35 35 35 35 35 35 35 35 35 35 35 35 35 35 35 35 36 36 36 36 36 36 36 38 38 38 38 40 42 44 45 45 45 45 45 45 45 45 45 46 46 46 46 46 47 47 47 47 47 47 47 47 47 50 50 50 53 53 53 53 53 53 53 53 53 53 53 53 53 54 54 54 54 54 54 54 54 54 54 54 54 54 54 54 54 59 59 61 62 62 63 63 63 63 63 63 63 63 66 66 66 66 66 66 66 66 66 66 66 66 68 68 68 68 68 68 68 68 68 68 68 68 68 68 68 68 68 68 68 68 70 70 70 70 70 70 70 70 
34 35 36 37 38 90 91 150 151 47 48 49 50 51 52 53 54 55 147 148 28 29 30 31 32 33 149 89 20 21 22 23 24 25 0 1 2 3 4 56 57 58 59 60 61 62 63 9 10 11 12 13 14 15 16 17 39 40 41 42 43 44 45 46 178 179 180 181 182 183 184 185 186 187 188 189 190 191 124 125 126 127 128 129 130 165 166 167 168 27 5 6 106 107 108 109 110 111 112 113 114 160 161 162 163 164 92 93 94 95 96 97 98 99 100 169 170 171 172 173 174 175 176 177 78 79 80 81 82 83 84 192 193 194 195 196 197 198 199 152 153 154 155 156 157 158 159 18 19 26 7 8 139 140 141 142 143 144 145 146 101 102 103 104 105 85 86 87 88 115 116 117 118 119 120 121 122 123 64 65 66 67 68 69 70 71 72 73 74 75 76 77 131 132 133 134 135 136 137 138 
295 295 295 295 295 269 843 515 515 257 257 257 257 257 257 257 257 257 428 428 796 796 796 796 796 796 961 482 796 796 796 796 796 796 295 295 295 295 295 725 725 725 725 725 725 725 725 257 257 257 257 257 257 257 257 257 725 725 725 725 725 725 725 725 423 423 423 423 423 423 423 423 423 423 423 423 423 423 243 243 243 243 243 243 243 386 386 386 386 482 269 843 835 835 835 835 835 835 835 835 835 679 679 679 679 679 835 835 835 835 835 835 835 835 835 944 944 944 215 215 215 215 215 215 243 243 243 243 243 243 243 651 651 651 651 651 651 651 651 822 822 822 822 822 822 822 822 428 428 961 515 515 822 822 822 822 822 822 822 822 679 679 679 679 679 386 386 386 386 944 944 944 215 215 215 215 215 215 423 423 423 423 423 423 423 423 423 423 423 423 423 423 651 651 651 651 651 651 651 651 
0 1 2 3 4 5 6 7 8 9 10 11 12 13 14 15 16 17 18 19 20 21 22 23 24 25 26 27 20 21 22 23 24 25 0 1 2 3 4 28 29 30 31 32 33 34 35 9 10 11 12 13 14 15 16 17 28 29 30 31 32 33 34 35 36 37 38 39 40 41 42 43 44 45 46 47 48 49 50 51 52 53 54 55 56 57 58 59 60 27 5 6 61 62 63 64 65 66 67 68 69 70 71 72 73 74 61 62 63 64 65 66 67 68 69 75 76 77 78 79 80 81 82 83 50 51 52 53 54 55 56 84 85 86 87 88 89 90 91 92 93 94 95 96 97 98 99 18 19 26 7 8 92 93 94 95 96 97 98 99 70 71 72 73 74 57 58 59 60 75 76 77 78 79 80 81 82 83 36 37 38 39 40 41 42 43 44 45 46 47 48 49 84 85 86 87 88 89 90 91 
54788
19
8 5 2 1 1 5 6 4 8 6 2 9 3 7 1 1 9 8 14 
54 46 9 7 23 4 12 38 54 53 11 45 50 36 23 8 10 31 35 
70 66 62 42 61 29 28 66 63 68 59 47 66 53 40 44 33 35 68 
651 679 515 269 961 295 796 386 822 215 428 835 944 243 482 843 257 725 423 
5 5 5 5 5 3 15 2 2 16 16 16 16 16 16 16 16 16 10 10 6 6 6 6 6 6 4 14 6 6 6 6 6 6 5 5 5 5 5 17 17 17 17 17 17 17 17 16 16 16 16 16 16 16 16 16 17 17 17 17 17 17 17 17 18 18 18 18 18 18 18 18 18 18 18 18 18 18 13 13 13 13 13 13 13 7 7 7 7 14 3 15 11 11 11 11 11 11 11 11 11 1 1 1 1 1 11 11 11 11 11 11 11 11 11 12 12 12 9 9 9 9 9 9 13 13 13 13 13 13 13 0 0 0 0 0 0 0 0 8 8 8 8 8 8 8 8 10 10 4 2 2 8 8 8 8 8 8 8 8 1 1 1 1 1 7 7 7 7 12 12 12 9 9 9 9 9 9 18 18 18 18 18 18 18 18 18 18 18 18 18 18 0 0 0 0 0 0 0 0 