347
100
2
1 1 1 1 1 1 5 5 5 5 5 5 8 9 9 9 9 9 10 10 10 11 11 11 11 16 16 16 16 16 16 16 16 16 16 16 16 16 16 16 16 16 16 16 16 16 16 16 16 16 17 17 17 18 21 21 21 21 24 26 28 28 28 30 30 31 31 31 31 31 32 32 32 32 32 32 32 32 32 32 32 32 32 32 32 32 32 32 33 33 34 34 34 36 37 37 37 37 37 38 38 38 38 40 40 40 41 41 41 41 41 43 43 43 43 43 43 44 44 44 45 45 47 47 47 47 47 47 48 48 48 48 48 50 50 50 50 50 50 50 51 51 51 51 51 51 51 51 51 53 53 53 53 53 53 55 55 57 57 57 57 57 57 57 58 58 58 58 58 58 61 61 61 63 63 63 63 63 63 64 64 64 64 64 66 66 68 68 68 68 68 68 68 68 69 69 69 69 70 70 
149 150 151 152 153 154 173 174 175 176 177 178 139 68 69 58 145 146 170 171 172 190 191 192 193 26 25 28 27 30 29 32 31 71 72 73 74 75 76 77 78 79 80 81 82 83 84 85 86 87 90 91 92 93 99 100 101 102 15 70 65 66 67 120 121 60 61 62 13 14 59 33 34 35 36 37 38 39 40 41 42 43 44 45 46 47 48 49 162 163 50 51 52 53 157 158 159 160 161 54 55 56 57 117 118 119 140 141 142 143 144 122 123 124 125 126 127 103 104 105 63 64 111 112 113 114 115 116 179 180 181 182 183 164 165 166 167 168 169 12 106 107 108 109 110 16 17 155 156 0 1 2 3 4 5 147 148 94 95 96 97 98 88 89 133 134 135 136 137 138 18 19 20 6 7 8 9 10 11 128 129 130 131 132 198 199 194 195 196 197 21 22 23 24 186 187 188 189 184 185 
788 788 788 788 788 788 888 888 888 888 888 888 609 774 774 758 488 488 949 949 949 291 291 291 291 659 659 659 659 659 659 659 659 350 350 350 350 350 350 350 350 350 350 350 350 350 350 350 350 350 943 943 943 409 719 719 719 719 758 926 577 577 577 971 971 577 577 577 774 774 926 350 350 350 350 350 350 350 350 350 350 350 350 350 350 350 350 350 797 797 943 943 943 409 292 292 292 292 292 719 719 719 719 376 376 376 995 995 995 995 995 248 248 248 248 248 248 376 376 376 971 971 248 248 248 248 248 248 758 758 758 758 758 180 180 180 180 180 180 609 995 995 995 995 995 488 488 171 171 788 788 788 788 788 788 171 171 292 292 292 292 292 797 797 180 180 180 180 180 180 949 949 949 888 888 888 888 888 888 758 758 758 758 758 823 823 384 384 384 384 291 291 291 291 384 384 384 384 823 823 
0 1 2 3 4 5 6 7 8 9 10 11 12 13 14 15 16 17 18 19 20 21 22 23 24 25 25 26 26 27 27 28 28 29 30 31 32 33 34 35 36 37 38 39 40 41 42 43 44 45 46 47 48 49 50 51 52 53 15 54 55 56 57 58 59 55 56 57 13 14 54 29 30 31 32 33 34 35 36 37 38 39 40 41 42 43 44 45 60 61 46 47 48 49 62 63 64 65 66 50 51 52 53 67 68 69 70 71 72 73 74 75 76 77 78 79 80 67 68 69 58 59 75 76 77 78 79 80 81 82 83 84 85 86 87 88 89 90 91 12 70 71 72 73 74 16 17 92 93 0 1 2 3 4 5 92 93 62 63 64 65 66 60 61 86 87 88 89 90 91 18 19 20 6 7 8 9 10 11 81 82 83 84 85 94 95 96 97 98 99 21 22 23 24 96 97 98 99 94 95 
56296
26
1 5 5 3 6 2 6 2 5 4 2 3 2 4 1 2 6 3 4 3 6 4 1 2 1 17 
26 37 41 28 50 30 5 9 48 16 33 10 66 68 9 9 43 40 21 17 1 11 8 51 18 16 
32 57 51 31 58 45 63 31 64 16 57 61 70 69 24 51 47 44 38 34 53 68 50 55 36 32 
926 292 995 577 180 971 888 774 758 659 797 949 823 384 758 488 248 376 719 943 788 291 609 171 409 350 
20 20 20 20 20 20 6 6 6 6 6 6 22 7 7 14 15 15 11 11 11 21 21 21 21 9 9 9 9 9 9 9 9 25 25 25 25 25 25 25 25 25 25 25 25 25 25 25 25 25 19 19 19 24 18 18 18 18 14 0 3 3 3 5 5 3 3 3 7 7 0 25 25 25 25 25 25 25 25 25 25 25 25 25 25 25 25 25 10 10 19 19 19 24 1 1 1 1 1 18 18 18 18 17 17 17 2 2 2 2 2 16 16 16 16 16 16 17 17 17 5 5 16 16 16 16 16 16 8 8 8 8 8 4 4 4 4 4 4 22 2 2 2 2 2 15 15 23 23 20 20 20 20 20 20 23 23 1 1 1 1 1 10 10 4 4 4 4 4 4 11 11 11 6 6 6 6 6 6 8 8 8 8 8 12 12 13 13 13 13 21 21 21 21 13 13 13 13 12 12 