972
100
2
1 3 3 3 3 3 3 3 3 3 3 4 6 6 6 6 7 8 8 8 8 8 8 8 8 12 13 13 13 13 13 14 14 14 14 15 15 15 15 15 15 15 15 16 16 16 17 17 17 17 17 17 17 17 17 17 17 17 18 18 18 18 18 18 18 18 19 19 19 22 22 22 22 30 30 30 30 30 31 31 31 32 32 32 32 33 35 35 35 36 38 38 38 38 39 41 41 42 42 43 43 43 43 43 43 43 43 43 43 43 43 43 43 43 43 43 44 44 44 44 44 44 45 45 45 45 45 46 46 46 46 46 47 47 47 47 47 47 47 47 47 47 47 47 47 47 47 47 48 48 48 48 48 49 49 49 49 50 50 50 50 50 50 55 55 55 55 55 55 55 55 56 57 57 58 58 58 58 62 62 62 62 63 64 64 64 64 64 64 64 66 66 66 66 66 66 66 66 70 70 
16 120 121 31 32 33 34 21 22 23 24 84 194 195 196 197 0 174 175 176 177 7 8 9 10 148 127 128 129 130 131 3 4 5 6 69 70 71 72 186 187 188 189 95 96 171 81 82 83 190 191 192 193 122 123 124 125 126 59 58 61 60 63 62 65 64 86 87 88 35 36 37 38 172 173 183 184 185 89 157 158 46 47 48 11 99 66 67 68 78 167 168 169 170 182 43 44 198 199 85 132 133 134 135 136 137 138 139 140 141 142 143 144 145 146 147 153 154 155 156 1 2 53 54 55 56 57 26 27 28 29 30 100 101 102 103 104 105 106 107 108 109 110 111 112 113 114 115 25 159 160 161 162 116 117 118 119 79 80 149 150 151 152 178 179 180 181 90 91 92 93 45 73 74 17 18 19 20 163 164 165 166 94 75 76 77 39 40 41 42 49 50 51 52 12 13 14 15 97 98 
328 993 993 756 756 756 756 865 865 865 865 713 368 368 368 368 328 241 241 241 241 865 865 865 865 404 339 339 339 339 339 756 756 756 756 706 706 706 706 680 680 680 680 832 832 619 975 975 975 947 947 947 947 367 367 367 367 367 888 888 888 888 888 888 888 888 278 278 278 706 706 706 706 355 355 573 573 573 663 570 570 975 975 975 713 623 278 278 278 663 584 584 584 584 315 832 832 174 174 623 318 318 318 318 318 318 318 318 318 318 318 318 318 318 318 318 428 428 428 428 993 993 367 367 367 367 367 339 339 339 339 339 318 318 318 318 318 318 318 318 318 318 318 318 318 318 318 318 404 859 859 859 859 428 428 428 428 570 570 859 859 859 859 167 167 167 167 584 584 584 584 619 355 355 241 241 241 241 167 167 167 167 315 573 573 573 680 680 680 680 947 947 947 947 368 368 368 368 174 174 
0 1 2 3 4 5 6 7 8 9 10 11 12 13 14 15 0 16 17 18 19 7 8 9 10 20 21 22 23 24 25 3 4 5 6 26 27 28 29 30 31 32 33 34 35 36 37 38 39 40 41 42 43 44 45 46 47 48 49 49 50 50 51 51 52 52 53 54 55 26 27 28 29 56 57 58 59 60 61 62 63 37 38 39 11 64 53 54 55 61 65 66 67 68 69 34 35 70 71 64 72 73 74 75 76 77 78 79 80 81 82 83 84 85 86 87 88 89 90 91 1 2 44 45 46 47 48 21 22 23 24 25 72 73 74 75 76 77 78 79 80 81 82 83 84 85 86 87 20 92 93 94 95 88 89 90 91 62 63 92 93 94 95 96 97 98 99 65 66 67 68 36 56 57 16 17 18 19 96 97 98 99 69 58 59 60 30 31 32 33 40 41 42 43 12 13 14 15 70 71 
53565
30
1 3 4 2 4 3 1 1 3 4 1 4 4 5 4 4 2 2 2 2 1 1 4 4 1 5 4 4 4 16 
12 17 15 30 17 19 4 1 30 44 31 6 18 13 15 8 31 3 42 16 16 39 55 3 33 17 38 3 48 43 
48 32 22 57 66 35 32 7 64 49 36 66 18 46 64 58 50 44 70 41 56 63 62 14 43 45 55 8 50 47 
404 975 706 355 947 278 713 328 573 428 663 368 888 339 680 241 570 993 174 832 619 315 167 756 623 367 584 865 859 318 
7 17 17 23 23 23 23 27 27 27 27 6 11 11 11 11 7 15 15 15 15 27 27 27 27 0 13 13 13 13 13 23 23 23 23 2 2 2 2 14 14 14 14 19 19 20 1 1 1 4 4 4 4 25 25 25 25 25 12 12 12 12 12 12 12 12 5 5 5 2 2 2 2 3 3 8 8 8 10 16 16 1 1 1 6 24 5 5 5 10 26 26 26 26 21 19 19 18 18 24 29 29 29 29 29 29 29 29 29 29 29 29 29 29 29 29 9 9 9 9 17 17 25 25 25 25 25 13 13 13 13 13 29 29 29 29 29 29 29 29 29 29 29 29 29 29 29 29 0 28 28 28 28 9 9 9 9 16 16 28 28 28 28 22 22 22 22 26 26 26 26 20 3 3 15 15 15 15 22 22 22 22 21 8 8 8 14 14 14 14 4 4 4 4 11 11 11 11 18 18 