201
100
2
4 4 4 4 4 4 4 5 5 5 5 5 5 5 5 5 5 5 5 5 5 5 5 7 7 7 7 7 7 7 7 7 7 8 8 8 8 8 8 13 13 13 13 18 18 18 18 18 18 18 18 18 18 18 18 18 18 18 18 18 18 18 18 18 19 19 19 19 19 19 19 19 19 22 22 22 22 22 22 24 24 24 25 25 25 25 25 25 25 25 25 25 25 26 26 26 26 26 26 26 26 26 26 26 26 26 26 26 26 26 26 26 26 26 27 27 27 27 28 28 28 28 28 28 33 33 33 33 33 33 33 33 33 33 33 33 42 42 42 42 42 42 42 42 42 47 47 47 47 47 47 47 47 47 47 47 47 52 52 52 52 52 52 52 52 52 52 52 53 53 53 53 53 53 53 53 53 60 60 60 60 60 60 60 60 60 60 69 69 69 69 69 69 69 70 70 70 70 70 70 
187 188 189 190 191 192 193 8 7 10 9 12 11 14 13 16 15 67 68 69 70 71 72 177 178 179 180 181 182 183 184 185 186 118 119 120 121 122 123 114 115 116 117 93 94 95 96 97 98 99 100 101 102 103 104 105 106 107 108 109 110 111 112 113 79 80 81 17 18 19 20 21 22 194 195 196 197 198 199 64 65 66 157 158 159 160 161 162 163 164 165 166 167 43 44 45 46 47 48 49 50 51 52 53 54 55 56 57 58 59 60 61 62 63 39 40 41 42 33 34 35 36 37 38 145 146 147 148 149 150 151 152 153 154 155 156 168 169 170 171 172 173 174 175 176 124 125 126 127 128 129 130 131 132 133 134 135 82 83 84 85 86 87 88 89 90 91 92 136 137 138 139 140 141 142 143 144 23 24 25 26 27 28 29 30 31 32 0 1 2 3 4 5 6 73 74 75 76 77 78 
644 644 644 644 644 644 644 387 387 387 387 387 387 387 387 387 387 446 446 446 446 446 446 430 430 430 430 430 430 430 430 430 430 760 760 760 760 760 760 564 564 564 564 893 893 893 893 893 893 893 893 893 893 893 893 893 893 893 893 893 893 893 893 893 721 721 721 446 446 446 446 446 446 461 461 461 461 461 461 721 721 721 771 771 771 771 771 771 771 771 771 771 771 893 893 893 893 893 893 893 893 893 893 893 893 893 893 893 893 893 893 893 893 893 564 564 564 564 760 760 760 760 760 760 964 964 964 964 964 964 964 964 964 964 964 964 180 180 180 180 180 180 180 180 180 964 964 964 964 964 964 964 964 964 964 964 964 771 771 771 771 771 771 771 771 771 771 771 180 180 180 180 180 180 180 180 180 430 430 430 430 430 430 430 430 430 430 644 644 644 644 644 644 644 461 461 461 461 461 461 
0 1 2 3 4 5 6 7 7 8 8 9 9 10 10 11 11 12 13 14 15 16 17 18 19 20 21 22 23 24 25 26 27 28 29 30 31 32 33 34 35 36 37 38 39 40 41 42 43 44 45 46 47 48 49 50 51 52 53 54 55 56 57 58 59 60 61 12 13 14 15 16 17 62 63 64 65 66 67 59 60 61 68 69 70 71 72 73 74 75 76 77 78 38 39 40 41 42 43 44 45 46 47 48 49 50 51 52 53 54 55 56 57 58 34 35 36 37 28 29 30 31 32 33 79 80 81 82 83 84 85 86 87 88 89 90 91 92 93 94 95 96 97 98 99 79 80 81 82 83 84 85 86 87 88 89 90 68 69 70 71 72 73 74 75 76 77 78 91 92 93 94 95 96 97 98 99 18 19 20 21 22 23 24 25 26 27 0 1 2 3 4 5 6 62 63 64 65 66 67 
65586
12
5 6 12 10 9 7 3 11 6 6 4 21 
5 22 33 7 42 4 19 25 5 8 13 18 
5 70 47 60 53 69 24 52 19 28 27 26 
387 461 964 430 180 644 721 771 446 760 564 893 
5 5 5 5 5 5 5 0 0 0 0 0 0 0 0 0 0 8 8 8 8 8 8 3 3 3 3 3 3 3 3 3 3 9 9 9 9 9 9 10 10 10 10 11 11 11 11 11 11 11 11 11 11 11 11 11 11 11 11 11 11 11 11 11 6 6 6 8 8 8 8 8 8 1 1 1 1 1 1 6 6 6 7 7 7 7 7 7 7 7 7 7 7 11 11 11 11 11 11 11 11 11 11 11 11 11 11 11 11 11 11 11 11 11 10 10 10 10 9 9 9 9 9 9 2 2 2 2 2 2 2 2 2 2 2 2 4 4 4 4 4 4 4 4 4 2 2 2 2 2 2 2 2 2 2 2 2 7 7 7 7 7 7 7 7 7 7 7 4 4 4 4 4 4 4 4 4 3 3 3 3 3 3 3 3 3 3 5 5 5 5 5 5 5 1 1 1 1 1 1 