595
100
2
3 3 3 3 6 6 6 6 6 6 7 7 7 7 7 7 7 7 9 9 9 9 9 9 9 9 9 9 9 9 9 11 11 11 11 11 11 12 12 12 12 12 12 12 12 12 12 12 12 13 13 13 13 13 13 13 13 13 13 13 13 13 13 13 13 13 14 14 15 15 16 16 16 16 18 18 18 18 23 23 23 23 23 24 24 25 25 25 25 25 25 25 25 28 28 28 28 29 29 29 29 29 29 29 29 29 30 30 30 30 30 30 30 31 31 31 31 31 31 31 35 35 35 35 35 35 38 38 38 39 39 39 39 39 39 39 39 39 43 43 43 43 43 48 48 48 48 49 49 49 49 49 49 49 49 57 57 57 57 57 57 57 57 59 59 59 59 59 59 59 59 59 59 68 68 68 68 68 68 69 69 69 69 69 69 69 69 69 69 69 69 69 69 69 69 69 69 69 69 69 
14 15 16 17 31 32 33 34 35 36 70 71 72 73 0 1 2 3 187 188 189 190 191 192 193 194 195 196 197 198 199 4 5 6 7 8 9 138 139 140 141 142 113 114 115 116 117 118 119 163 164 165 166 167 168 169 170 171 172 106 107 108 109 110 111 112 83 84 81 82 10 11 12 13 93 94 95 96 126 127 128 68 69 66 67 147 148 149 150 151 152 153 154 74 75 76 77 129 130 131 132 133 134 135 136 137 59 60 61 62 63 64 65 42 43 44 45 46 47 48 173 174 175 176 177 178 78 79 80 97 98 99 100 101 102 103 104 105 37 38 39 40 41 144 143 146 145 85 86 87 88 89 90 91 92 179 180 181 182 183 184 185 186 49 50 51 52 53 54 55 56 57 58 120 121 122 123 124 125 155 156 157 158 159 160 161 162 18 19 20 21 22 23 24 25 26 27 28 29 30 
470 470 470 470 216 216 216 216 216 216 463 463 463 463 470 470 470 470 445 445 445 445 445 445 445 445 445 445 445 445 445 216 216 216 216 216 216 590 590 590 590 590 359 359 359 359 359 359 359 356 356 356 356 356 356 356 356 356 356 297 297 297 297 297 297 297 331 331 803 803 463 463 463 463 454 454 454 454 929 929 929 803 803 331 331 817 817 817 817 817 817 817 817 454 454 454 454 221 221 221 221 221 221 221 221 221 297 297 297 297 297 297 297 359 359 359 359 359 359 359 167 167 167 167 167 167 929 929 929 221 221 221 221 221 221 221 221 221 590 590 590 590 590 871 871 871 871 817 817 817 817 817 817 817 817 932 932 932 932 932 932 932 932 356 356 356 356 356 356 356 356 356 356 167 167 167 167 167 167 932 932 932 932 932 932 932 932 445 445 445 445 445 445 445 445 445 445 445 445 445 
0 1 2 3 4 5 6 7 8 9 10 11 12 13 0 1 2 3 14 15 16 17 18 19 20 21 22 23 24 25 26 4 5 6 7 8 9 27 28 29 30 31 32 33 34 35 36 37 38 39 40 41 42 43 44 45 46 47 48 49 50 51 52 53 54 55 56 57 58 59 10 11 12 13 60 61 62 63 64 65 66 58 59 56 57 67 68 69 70 71 72 73 74 60 61 62 63 75 76 77 78 79 80 81 82 83 49 50 51 52 53 54 55 32 33 34 35 36 37 38 84 85 86 87 88 89 64 65 66 75 76 77 78 79 80 81 82 83 27 28 29 30 31 90 90 91 91 67 68 69 70 71 72 73 74 92 93 94 95 96 97 98 99 39 40 41 42 43 44 45 46 47 48 84 85 86 87 88 89 92 93 94 95 96 97 98 99 14 15 16 17 18 19 20 21 22 23 24 25 26 
47511
17
5 2 2 7 8 9 10 3 4 6 8 2 6 7 4 4 13 
12 14 48 12 57 29 13 23 7 35 25 15 6 13 18 3 9 
43 24 48 31 69 39 59 38 16 68 49 23 11 30 28 7 69 
590 331 871 359 932 221 356 929 463 167 817 803 216 297 454 470 445 
15 15 15 15 12 12 12 12 12 12 8 8 8 8 15 15 15 15 16 16 16 16 16 16 16 16 16 16 16 16 16 12 12 12 12 12 12 0 0 0 0 0 3 3 3 3 3 3 3 6 6 6 6 6 6 6 6 6 6 13 13 13 13 13 13 13 1 1 11 11 8 8 8 8 14 14 14 14 7 7 7 11 11 1 1 10 10 10 10 10 10 10 10 14 14 14 14 5 5 5 5 5 5 5 5 5 13 13 13 13 13 13 13 3 3 3 3 3 3 3 9 9 9 9 9 9 7 7 7 5 5 5 5 5 5 5 5 5 0 0 0 0 0 2 2 2 2 10 10 10 10 10 10 10 10 4 4 4 4 4 4 4 4 6 6 6 6 6 6 6 6 6 6 9 9 9 9 9 9 4 4 4 4 4 4 4 4 16 16 16 16 16 16 16 16 16 16 16 16 16 