677
100
2
4 4 4 4 4 4 4 4 4 4 4 8 8 8 8 8 8 8 8 14 14 14 14 14 14 14 14 14 14 14 15 15 15 15 15 15 15 15 21 21 21 21 21 21 21 21 22 22 22 22 22 22 22 22 22 22 22 24 24 24 24 24 31 31 31 31 31 31 31 31 31 31 31 31 31 37 37 37 37 37 37 37 42 42 42 42 42 42 42 42 42 42 42 42 44 44 44 44 44 44 44 44 44 47 47 47 47 47 47 49 49 49 49 49 49 51 51 51 51 51 51 51 51 51 51 51 52 52 52 52 52 52 52 52 52 52 52 52 52 54 54 54 54 54 54 55 55 55 55 55 55 55 55 55 55 55 58 58 58 58 58 58 58 58 58 58 58 58 58 59 59 59 59 59 59 59 59 59 59 59 59 59 60 60 60 60 60 60 64 64 64 64 64 64 64 66 66 66 66 66 
38 39 40 41 42 43 44 45 91 92 93 30 31 32 33 34 35 36 37 145 146 147 148 149 150 151 152 153 154 155 11 12 13 14 15 16 17 18 0 1 2 3 4 5 6 7 115 116 117 118 119 120 121 122 123 124 125 195 196 197 198 199 169 170 171 172 173 174 175 176 177 178 179 180 181 188 189 190 191 192 193 194 94 95 96 97 98 99 100 101 102 8 9 10 82 83 84 85 86 87 88 89 90 182 183 184 185 186 187 139 140 141 142 143 144 46 47 48 49 50 51 52 53 54 55 56 156 157 158 159 160 161 162 163 164 165 166 167 168 109 110 111 112 113 114 19 20 21 22 23 24 25 26 27 28 29 126 127 128 129 130 131 132 133 134 135 136 137 138 62 63 64 65 66 67 68 69 70 71 72 73 74 103 104 105 106 107 108 75 76 77 78 79 80 81 57 58 59 60 61 
842 842 842 842 842 842 842 842 861 861 861 977 977 977 977 977 977 977 977 343 343 343 343 343 343 343 343 343 343 343 977 977 977 977 977 977 977 977 842 842 842 842 842 842 842 842 499 499 499 499 499 499 499 499 499 499 499 495 495 495 495 495 437 437 437 437 437 437 437 437 437 437 437 437 437 522 522 522 522 522 522 522 917 917 917 917 917 917 917 917 917 861 861 861 917 917 917 917 917 917 917 917 917 888 888 888 888 888 888 375 375 375 375 375 375 499 499 499 499 499 499 499 499 499 499 499 450 450 450 450 450 450 450 450 450 450 450 450 450 375 375 375 375 375 375 343 343 343 343 343 343 343 343 343 343 343 450 450 450 450 450 450 450 450 450 450 450 450 450 437 437 437 437 437 437 437 437 437 437 437 437 437 888 888 888 888 888 888 522 522 522 522 522 522 522 495 495 495 495 495 
0 1 2 3 4 5 6 7 8 9 10 11 12 13 14 15 16 17 18 19 20 21 22 23 24 25 26 27 28 29 11 12 13 14 15 16 17 18 0 1 2 3 4 5 6 7 30 31 32 33 34 35 36 37 38 39 40 41 42 43 44 45 46 47 48 49 50 51 52 53 54 55 56 57 58 59 60 61 62 63 64 65 66 67 68 69 70 71 72 73 74 8 9 10 66 67 68 69 70 71 72 73 74 75 76 77 78 79 80 81 82 83 84 85 86 30 31 32 33 34 35 36 37 38 39 40 87 88 89 90 91 92 93 94 95 96 97 98 99 81 82 83 84 85 86 19 20 21 22 23 24 25 26 27 28 29 87 88 89 90 91 92 93 94 95 96 97 98 99 46 47 48 49 50 51 52 53 54 55 56 57 58 75 76 77 78 79 80 59 60 61 62 63 64 65 41 42 43 44 45 
59888
12
6 11 5 6 8 9 8 7 13 3 11 13 
47 14 24 49 4 42 8 37 52 4 22 31 
60 55 66 54 21 44 15 64 58 42 51 59 
888 343 495 375 842 917 977 522 450 861 499 437 
4 4 4 4 4 4 4 4 9 9 9 6 6 6 6 6 6 6 6 1 1 1 1 1 1 1 1 1 1 1 6 6 6 6 6 6 6 6 4 4 4 4 4 4 4 4 10 10 10 10 10 10 10 10 10 10 10 2 2 2 2 2 11 11 11 11 11 11 11 11 11 11 11 11 11 7 7 7 7 7 7 7 5 5 5 5 5 5 5 5 5 9 9 9 5 5 5 5 5 5 5 5 5 0 0 0 0 0 0 3 3 3 3 3 3 10 10 10 10 10 10 10 10 10 10 10 8 8 8 8 8 8 8 8 8 8 8 8 8 3 3 3 3 3 3 1 1 1 1 1 1 1 1 1 1 1 8 8 8 8 8 8 8 8 8 8 8 8 8 11 11 11 11 11 11 11 11 11 11 11 11 11 0 0 0 0 0 0 7 7 7 7 7 7 7 2 2 2 2 2 