779
100
2
1 1 1 1 2 2 2 2 2 2 2 4 10 10 10 10 11 11 11 11 11 11 11 11 12 12 12 12 12 12 12 14 14 14 14 15 15 15 15 15 16 16 16 16 18 18 18 18 19 19 20 20 20 27 27 27 27 27 27 27 27 27 27 27 27 27 27 27 27 27 27 27 28 29 29 29 30 34 34 34 35 35 35 35 40 40 40 40 40 40 40 40 41 44 44 44 48 48 48 48 48 48 48 49 49 49 51 51 51 51 52 52 52 52 52 52 52 52 52 52 52 52 52 52 52 52 52 52 52 52 52 53 53 53 53 53 53 53 53 54 54 54 54 54 54 57 57 57 57 57 57 57 58 58 58 58 58 58 60 60 60 60 60 60 60 61 61 61 61 61 61 61 61 61 63 63 63 63 64 64 64 64 64 65 65 65 65 65 65 65 66 66 69 69 69 69 69 69 70 70 
174 175 176 177 131 132 133 134 41 42 43 192 139 140 178 179 135 136 137 138 88 89 90 91 44 45 46 47 171 172 173 161 162 163 164 193 194 195 196 197 92 8 9 10 24 25 26 27 190 191 77 78 79 112 113 114 115 116 117 118 119 120 121 122 123 124 125 126 127 128 129 130 76 100 101 102 72 50 51 52 186 187 188 189 141 142 143 144 20 21 22 23 40 180 181 182 152 153 154 155 73 74 75 149 150 151 167 168 169 170 147 148 53 54 55 56 57 58 59 60 61 62 63 64 65 66 67 68 69 70 71 4 5 6 7 16 17 18 19 12 13 84 85 86 87 165 166 110 111 103 104 105 96 97 98 99 198 199 183 184 185 31 32 33 34 145 146 106 107 108 109 28 29 30 0 1 2 3 14 15 93 94 95 158 159 160 80 81 82 83 48 49 11 35 36 37 38 39 156 157 
323 323 323 323 1000 1000 1000 1000 889 889 889 159 835 835 540 540 865 865 865 865 225 225 225 225 581 581 581 581 310 310 310 440 440 440 440 326 326 326 326 326 927 889 889 889 581 581 581 581 377 377 625 625 625 920 920 920 920 920 920 920 920 920 920 920 920 920 920 920 920 920 920 920 299 868 868 868 299 625 625 625 165 165 165 165 844 844 844 844 225 225 225 225 927 607 607 607 333 333 333 333 868 868 868 508 508 508 879 879 879 879 167 167 920 920 920 920 920 920 920 920 920 920 920 920 920 920 920 920 920 920 920 1000 1000 1000 1000 865 865 865 865 835 835 844 844 844 844 355 355 167 167 508 508 508 333 333 333 333 425 425 751 751 751 440 440 440 440 355 355 879 879 879 879 310 310 310 323 323 323 323 540 540 607 607 607 751 751 751 165 165 165 165 377 377 159 326 326 326 326 326 425 425 
0 1 2 3 4 5 6 7 8 9 10 11 12 13 14 15 16 17 18 19 20 21 22 23 24 25 26 27 28 29 30 31 32 33 34 35 36 37 38 39 40 8 9 10 24 25 26 27 41 42 43 44 45 46 47 48 49 50 51 52 53 54 55 56 57 58 59 60 61 62 63 64 65 66 67 68 65 43 44 45 69 70 71 72 73 74 75 76 20 21 22 23 40 77 78 79 80 81 82 83 66 67 68 84 85 86 87 88 89 90 91 92 46 47 48 49 50 51 52 53 54 55 56 57 58 59 60 61 62 63 64 4 5 6 7 16 17 18 19 12 13 73 74 75 76 93 94 91 92 84 85 86 80 81 82 83 95 96 97 98 99 31 32 33 34 93 94 87 88 89 90 28 29 30 0 1 2 3 14 15 77 78 79 97 98 99 69 70 71 72 41 42 11 35 36 37 38 39 95 96 
62187
30
4 2 1 2 4 1 2 4 4 3 4 2 2 1 3 4 4 3 3 0 0 3 3 4 5 2 4 4 3 19 
48 10 28 58 2 4 57 11 1 29 51 10 52 16 2 12 40 60 20 48 15 12 44 14 15 19 11 35 49 27 
58 54 30 70 53 69 61 53 63 48 61 64 57 41 16 18 54 65 34 69 54 61 64 60 69 66 40 65 57 52 
333 835 299 425 1000 159 355 865 323 868 879 540 167 927 889 581 844 751 625 373 614 310 607 440 326 377 225 165 508 920 
8 8 8 8 4 4 4 4 14 14 14 5 1 1 11 11 7 7 7 7 26 26 26 26 15 15 15 15 21 21 21 23 23 23 23 24 24 24 24 24 13 14 14 14 15 15 15 15 25 25 18 18 18 29 29 29 29 29 29 29 29 29 29 29 29 29 29 29 29 29 29 29 2 9 9 9 2 18 18 18 27 27 27 27 16 16 16 16 26 26 26 26 13 22 22 22 0 0 0 0 9 9 9 28 28 28 10 10 10 10 12 12 29 29 29 29 29 29 29 29 29 29 29 29 29 29 29 29 29 29 29 4 4 4 4 7 7 7 7 1 1 16 16 16 16 6 6 12 12 28 28 28 0 0 0 0 3 3 17 17 17 23 23 23 23 6 6 10 10 10 10 21 21 21 8 8 8 8 11 11 22 22 22 17 17 17 27 27 27 27 25 25 5 24 24 24 24 24 3 3 