635
100
2
2 2 2 2 5 5 5 6 6 6 6 6 6 6 6 12 13 13 13 13 13 13 13 13 13 13 13 13 13 13 13 13 13 13 20 20 20 20 20 20 20 21 21 21 21 21 21 21 21 21 21 21 23 23 23 26 26 26 26 26 26 27 27 27 27 27 27 27 27 27 27 28 28 28 28 28 28 30 30 30 30 30 30 30 30 30 30 30 30 30 30 31 31 31 31 31 33 33 33 33 35 35 35 35 35 35 35 35 35 35 37 37 37 39 39 39 39 39 39 40 40 40 40 40 40 40 41 41 41 41 43 43 43 43 43 43 43 43 43 43 45 45 45 45 45 45 45 45 45 47 47 47 47 49 49 49 49 49 49 51 54 54 54 54 54 55 55 55 60 60 62 62 62 65 65 66 66 66 67 67 67 67 67 67 67 67 67 67 67 67 67 67 68 68 68 68 70 70 70 70 
149 150 151 152 52 53 54 100 101 153 154 155 156 157 158 159 192 193 194 195 110 111 112 144 145 146 147 148 130 131 132 133 134 135 119 120 121 122 123 124 125 61 62 63 64 65 71 72 73 74 75 76 4 5 6 113 114 115 116 117 118 41 42 43 44 45 105 106 107 108 109 46 47 48 49 50 51 178 179 180 181 182 183 184 185 186 187 188 189 190 191 160 161 162 163 164 136 137 138 139 7 8 170 171 172 66 67 68 69 70 20 21 22 55 56 57 58 59 60 34 35 36 37 38 39 40 196 197 198 199 28 29 30 31 32 33 96 97 98 99 141 140 143 142 23 24 25 26 27 0 1 2 3 9 10 11 12 13 14 15 91 92 93 94 95 175 176 177 173 174 102 103 104 168 169 165 166 167 77 78 79 80 81 82 83 84 85 86 87 88 89 90 16 17 18 19 126 127 128 129 
565 565 565 565 646 646 646 892 892 632 632 632 632 632 632 446 384 384 384 384 887 887 887 371 371 371 371 371 590 590 590 590 590 590 745 745 745 745 745 745 745 974 974 974 974 974 438 438 438 438 438 438 646 646 646 546 546 546 546 546 546 974 974 974 974 974 740 740 740 740 740 438 438 438 438 438 438 155 155 155 155 155 155 155 155 155 155 155 155 155 155 645 645 645 645 645 985 985 985 985 892 892 553 553 553 740 740 740 740 740 887 887 887 546 546 546 546 546 546 745 745 745 745 745 745 745 965 965 965 965 590 590 590 590 590 590 985 985 985 985 912 912 912 912 371 371 371 371 371 565 565 565 565 632 632 632 632 632 632 446 645 645 645 645 645 919 919 919 588 588 553 553 553 588 588 919 919 919 155 155 155 155 155 155 155 155 155 155 155 155 155 155 384 384 384 384 965 965 965 965 
0 1 2 3 4 5 6 7 8 9 10 11 12 13 14 15 16 17 18 19 20 21 22 23 24 25 26 27 28 29 30 31 32 33 34 35 36 37 38 39 40 41 42 43 44 45 46 47 48 49 50 51 4 5 6 52 53 54 55 56 57 41 42 43 44 45 58 59 60 61 62 46 47 48 49 50 51 63 64 65 66 67 68 69 70 71 72 73 74 75 76 77 78 79 80 81 82 83 84 85 7 8 86 87 88 58 59 60 61 62 20 21 22 52 53 54 55 56 57 34 35 36 37 38 39 40 89 90 91 92 28 29 30 31 32 33 82 83 84 85 93 93 94 94 23 24 25 26 27 0 1 2 3 9 10 11 12 13 14 15 77 78 79 80 81 95 96 97 98 99 86 87 88 98 99 95 96 97 63 64 65 66 67 68 69 70 71 72 73 74 75 76 16 17 18 19 89 90 91 92 
60112
22
4 6 3 2 3 4 2 2 5 3 5 1 5 5 4 6 6 4 3 6 7 14 
13 26 13 45 5 41 6 60 31 35 21 12 27 13 2 21 13 33 55 6 20 30 
68 39 37 45 23 70 35 65 54 62 27 51 35 45 47 28 43 43 66 49 40 67 
384 546 887 912 646 965 892 588 645 553 974 446 740 371 565 438 590 985 919 632 745 155 
14 14 14 14 4 4 4 6 6 19 19 19 19 19 19 11 0 0 0 0 2 2 2 13 13 13 13 13 16 16 16 16 16 16 20 20 20 20 20 20 20 10 10 10 10 10 15 15 15 15 15 15 4 4 4 1 1 1 1 1 1 10 10 10 10 10 12 12 12 12 12 15 15 15 15 15 15 21 21 21 21 21 21 21 21 21 21 21 21 21 21 8 8 8 8 8 17 17 17 17 6 6 9 9 9 12 12 12 12 12 2 2 2 1 1 1 1 1 1 20 20 20 20 20 20 20 5 5 5 5 16 16 16 16 16 16 17 17 17 17 3 3 3 3 13 13 13 13 13 14 14 14 14 19 19 19 19 19 19 11 8 8 8 8 8 18 18 18 7 7 9 9 9 7 7 18 18 18 21 21 21 21 21 21 21 21 21 21 21 21 21 21 0 0 0 0 5 5 5 5 