156
100
2
7 7 7 7 7 7 7 7 7 7 7 7 7 7 7 7 7 7 7 7 7 7 7 7 7 7 7 7 7 7 7 8 8 8 10 10 10 10 10 10 10 10 10 18 18 18 23 23 23 23 23 23 23 23 23 23 23 27 27 27 27 27 27 27 27 27 27 27 27 27 27 27 27 27 27 27 27 27 27 27 34 34 34 34 34 34 34 34 34 34 34 34 34 34 34 35 35 35 37 37 37 37 37 37 37 37 37 37 37 37 37 37 37 39 39 39 39 39 39 39 39 39 39 39 39 39 39 39 39 39 39 40 40 40 42 42 42 48 48 48 48 48 48 48 48 48 48 48 48 48 48 48 52 52 52 52 52 52 52 53 53 53 53 53 53 53 53 53 53 54 54 54 54 54 54 54 54 54 54 54 54 54 54 55 55 55 55 55 55 55 55 59 59 59 59 59 59 59 59 59 
183 184 185 186 187 188 189 190 57 58 59 60 61 62 63 64 65 66 67 68 69 70 71 72 73 74 75 76 77 78 79 131 132 133 191 192 193 194 195 196 197 198 199 113 114 115 169 170 171 172 173 174 175 176 177 178 179 8 9 10 11 12 13 14 15 16 17 18 19 20 21 22 23 24 25 26 27 28 29 30 116 117 118 119 120 121 122 123 124 125 126 127 128 129 130 134 135 136 137 138 139 140 141 142 143 144 145 146 147 148 149 150 151 43 44 45 80 81 82 83 84 85 86 87 88 89 90 91 92 93 94 31 32 33 95 96 97 98 99 100 101 102 103 104 105 106 107 108 109 110 111 112 159 160 161 162 163 164 165 152 153 154 155 156 157 158 180 181 182 46 47 48 49 50 51 52 53 54 55 56 166 167 168 0 1 2 3 4 5 6 7 34 35 36 37 38 39 40 41 42 
218 218 218 218 218 218 218 218 214 214 214 214 214 214 214 214 214 214 214 214 210 210 210 210 210 210 210 210 210 210 210 329 329 329 851 851 851 851 851 851 851 851 851 524 524 524 960 960 960 960 960 960 960 960 960 960 960 214 214 214 214 214 214 214 214 214 214 214 214 210 210 210 210 210 210 210 210 210 210 210 393 393 393 393 393 393 393 393 393 393 393 393 393 393 393 928 928 928 609 609 609 609 609 609 609 609 609 609 609 609 609 609 609 524 524 524 393 393 393 393 393 393 393 393 393 393 393 393 393 393 393 329 329 329 928 928 928 609 609 609 609 609 609 609 609 609 609 609 609 609 609 609 358 358 358 358 358 358 358 358 358 358 358 358 358 358 453 453 453 960 960 960 960 960 960 960 960 960 960 960 453 453 453 218 218 218 218 218 218 218 218 851 851 851 851 851 851 851 851 851 
0 1 2 3 4 5 6 7 8 9 10 11 12 13 14 15 16 17 18 19 20 21 22 23 24 25 26 27 28 29 30 31 32 33 34 35 36 37 38 39 40 41 42 43 44 45 46 47 48 49 50 51 52 53 54 55 56 8 9 10 11 12 13 14 15 16 17 18 19 20 21 22 23 24 25 26 27 28 29 30 57 58 59 60 61 62 63 64 65 66 67 68 69 70 71 72 73 74 75 76 77 78 79 80 81 82 83 84 85 86 87 88 89 43 44 45 57 58 59 60 61 62 63 64 65 66 67 68 69 70 71 31 32 33 72 73 74 75 76 77 78 79 80 81 82 83 84 85 86 87 88 89 90 91 92 93 94 95 96 90 91 92 93 94 95 96 97 98 99 46 47 48 49 50 51 52 53 54 55 56 97 98 99 0 1 2 3 4 5 6 7 34 35 36 37 38 39 40 41 42 
49079
12
8 12 11 7 3 3 3 15 11 9 3 15 
7 7 23 52 18 35 53 37 7 10 8 34 
55 27 54 53 39 42 54 48 27 59 40 39 
218 214 960 358 524 928 453 609 210 851 329 393 
0 0 0 0 0 0 0 0 1 1 1 1 1 1 1 1 1 1 1 1 8 8 8 8 8 8 8 8 8 8 8 10 10 10 9 9 9 9 9 9 9 9 9 4 4 4 2 2 2 2 2 2 2 2 2 2 2 1 1 1 1 1 1 1 1 1 1 1 1 8 8 8 8 8 8 8 8 8 8 8 11 11 11 11 11 11 11 11 11 11 11 11 11 11 11 5 5 5 7 7 7 7 7 7 7 7 7 7 7 7 7 7 7 4 4 4 11 11 11 11 11 11 11 11 11 11 11 11 11 11 11 10 10 10 5 5 5 7 7 7 7 7 7 7 7 7 7 7 7 7 7 7 3 3 3 3 3 3 3 3 3 3 3 3 3 3 6 6 6 2 2 2 2 2 2 2 2 2 2 2 6 6 6 0 0 0 0 0 0 0 0 9 9 9 9 9 9 9 9 9 