460
100
2
2 2 2 2 2 2 2 2 2 2 2 2 2 2 3 3 8 8 8 8 9 9 9 9 9 9 9 9 11 11 11 11 11 11 11 11 13 13 13 13 13 13 13 13 13 15 15 15 15 15 15 15 15 15 15 15 15 15 15 15 15 15 15 20 20 24 24 24 24 24 24 26 26 26 26 26 26 27 27 27 27 27 28 28 28 28 28 28 28 28 28 28 28 28 28 35 35 35 35 35 38 38 38 38 38 38 38 38 38 38 38 39 39 39 39 39 40 40 40 40 40 40 40 40 40 40 40 40 40 40 40 40 40 40 40 40 40 42 42 42 42 42 42 42 42 42 45 45 45 45 45 45 45 45 45 45 45 45 45 45 47 47 47 47 47 47 47 47 47 49 49 53 53 53 53 53 53 53 66 66 66 66 66 66 66 69 69 70 70 70 70 70 70 70 70 70 70 70 70 70 
100 101 102 103 104 105 106 107 108 77 78 79 80 81 109 110 59 60 61 62 111 112 113 114 115 97 98 99 116 117 118 119 120 121 122 123 160 161 162 163 164 165 166 167 168 146 147 148 149 150 86 87 88 89 90 91 92 93 94 16 17 18 19 95 96 71 72 73 74 75 76 65 66 67 68 69 70 9 10 11 12 13 169 170 185 186 50 51 52 53 54 55 56 57 58 63 64 25 26 27 0 1 2 3 4 5 6 7 8 14 15 20 21 22 23 24 28 29 30 31 32 33 34 35 187 188 189 190 191 192 193 194 195 196 197 198 199 151 152 153 154 155 156 157 158 159 45 46 47 48 49 137 138 139 140 141 142 143 144 145 36 37 38 39 40 41 42 43 44 82 83 178 179 180 181 182 183 184 171 172 173 174 175 176 177 84 85 124 125 126 127 128 129 130 131 132 133 134 135 136 
280 280 280 280 280 280 280 280 280 728 728 728 728 728 680 680 520 520 520 520 229 229 229 229 229 902 902 902 729 729 729 729 729 729 729 729 563 563 563 563 563 563 563 563 563 784 784 784 784 784 526 526 526 526 526 526 526 526 526 520 520 520 520 266 266 464 464 464 464 464 464 464 464 464 464 464 464 728 728 728 728 728 444 444 887 887 526 526 526 526 526 526 526 526 526 266 266 902 902 902 280 280 280 280 280 280 280 280 280 680 680 229 229 229 229 229 729 729 729 729 729 729 729 729 731 731 731 731 731 731 731 731 731 731 731 731 731 900 900 900 900 900 900 900 900 900 784 784 784 784 784 900 900 900 900 900 900 900 900 900 563 563 563 563 563 563 563 563 563 444 444 240 240 240 240 240 240 240 240 240 240 240 240 240 240 887 887 731 731 731 731 731 731 731 731 731 731 731 731 731 
0 1 2 3 4 5 6 7 8 9 10 11 12 13 14 15 16 17 18 19 20 21 22 23 24 25 26 27 28 29 30 31 32 33 34 35 36 37 38 39 40 41 42 43 44 45 46 47 48 49 50 51 52 53 54 55 56 57 58 16 17 18 19 59 60 61 62 63 64 65 66 61 62 63 64 65 66 9 10 11 12 13 67 68 69 70 50 51 52 53 54 55 56 57 58 59 60 25 26 27 0 1 2 3 4 5 6 7 8 14 15 20 21 22 23 24 28 29 30 31 32 33 34 35 71 72 73 74 75 76 77 78 79 80 81 82 83 84 85 86 87 88 89 90 91 92 45 46 47 48 49 84 85 86 87 88 89 90 91 92 36 37 38 39 40 41 42 43 44 67 68 93 94 95 96 97 98 99 93 94 95 96 97 98 99 69 70 71 72 73 74 75 76 77 78 79 80 81 82 83 
58265
17
2 5 9 2 5 9 9 2 6 2 5 8 4 3 9 7 13 
28 9 13 28 15 2 15 20 24 3 2 11 8 9 42 53 40 
49 39 47 69 45 38 28 35 26 38 27 40 15 35 45 66 70 
444 229 563 887 784 280 526 266 464 680 728 729 520 902 900 240 731 
5 5 5 5 5 5 5 5 5 10 10 10 10 10 9 9 12 12 12 12 1 1 1 1 1 13 13 13 11 11 11 11 11 11 11 11 2 2 2 2 2 2 2 2 2 4 4 4 4 4 6 6 6 6 6 6 6 6 6 12 12 12 12 7 7 8 8 8 8 8 8 8 8 8 8 8 8 10 10 10 10 10 0 0 3 3 6 6 6 6 6 6 6 6 6 7 7 13 13 13 5 5 5 5 5 5 5 5 5 9 9 1 1 1 1 1 11 11 11 11 11 11 11 11 16 16 16 16 16 16 16 16 16 16 16 16 16 14 14 14 14 14 14 14 14 14 4 4 4 4 4 14 14 14 14 14 14 14 14 14 2 2 2 2 2 2 2 2 2 0 0 15 15 15 15 15 15 15 15 15 15 15 15 15 15 3 3 16 16 16 16 16 16 16 16 16 16 16 16 16 