941
100
2
1 1 1 1 1 1 1 1 1 1 1 2 2 2 2 2 2 13 13 13 14 14 14 14 14 14 14 14 14 14 14 14 16 16 16 16 16 16 17 17 17 17 17 17 17 22 22 22 22 22 22 22 22 22 22 22 22 22 22 22 22 22 22 22 22 22 22 22 22 22 22 22 22 22 22 22 27 27 27 27 27 27 27 27 27 27 27 27 28 28 28 28 28 28 28 28 30 30 30 35 35 35 35 35 35 35 35 35 35 35 35 35 35 35 35 35 35 35 36 36 36 47 47 47 47 47 47 47 47 47 47 47 47 47 47 47 47 47 47 47 49 49 49 49 49 49 49 49 49 50 50 50 50 50 50 50 54 54 54 54 54 54 54 54 54 54 54 54 60 60 60 60 60 60 60 60 60 60 61 61 61 61 61 61 61 63 63 63 63 63 63 68 68 68 68 68 68 68 68 68 
121 122 123 124 125 126 127 128 129 130 131 185 186 187 188 189 190 156 157 158 45 46 47 48 49 50 51 52 53 54 55 56 96 97 98 118 119 120 99 100 101 102 103 104 105 20 21 22 23 24 25 26 27 28 29 30 31 168 169 170 171 172 173 174 175 176 177 159 160 161 162 163 164 165 166 167 106 107 108 109 110 111 112 113 114 115 116 117 132 133 134 135 136 137 138 139 32 33 34 38 39 40 41 42 43 44 76 77 78 79 80 81 82 83 84 85 86 87 35 36 37 0 1 2 3 4 5 6 7 8 9 10 88 89 90 91 92 93 94 95 191 192 193 194 195 196 197 198 199 178 179 180 181 182 183 184 17 18 19 67 68 69 70 71 72 73 74 75 57 58 59 60 61 62 63 64 65 66 149 150 151 152 153 154 155 11 12 13 14 15 16 140 141 142 143 144 145 146 147 148 
701 701 701 701 701 701 701 701 701 701 701 395 395 395 395 395 395 517 517 517 875 875 875 875 875 875 875 875 875 875 875 875 327 327 327 377 377 377 757 757 757 757 757 757 757 875 875 875 875 875 875 875 875 875 875 875 875 691 691 691 691 691 691 691 691 691 691 861 861 861 861 861 861 861 861 861 892 892 892 892 892 892 892 892 892 892 892 892 240 240 240 240 240 240 240 240 327 327 327 757 757 757 757 757 757 757 892 892 892 892 892 892 892 892 892 892 892 892 377 377 377 701 701 701 701 701 701 701 701 701 701 701 240 240 240 240 240 240 240 240 376 376 376 376 376 376 376 376 376 450 450 450 450 450 450 450 517 517 517 861 861 861 861 861 861 861 861 861 691 691 691 691 691 691 691 691 691 691 450 450 450 450 450 450 450 395 395 395 395 395 395 376 376 376 376 376 376 376 376 376 
0 1 2 3 4 5 6 7 8 9 10 11 12 13 14 15 16 17 18 19 20 21 22 23 24 25 26 27 28 29 30 31 32 33 34 35 36 37 38 39 40 41 42 43 44 20 21 22 23 24 25 26 27 28 29 30 31 45 46 47 48 49 50 51 52 53 54 55 56 57 58 59 60 61 62 63 64 65 66 67 68 69 70 71 72 73 74 75 76 77 78 79 80 81 82 83 32 33 34 38 39 40 41 42 43 44 64 65 66 67 68 69 70 71 72 73 74 75 35 36 37 0 1 2 3 4 5 6 7 8 9 10 76 77 78 79 80 81 82 83 84 85 86 87 88 89 90 91 92 93 94 95 96 97 98 99 17 18 19 55 56 57 58 59 60 61 62 63 45 46 47 48 49 50 51 52 53 54 93 94 95 96 97 98 99 11 12 13 14 15 16 84 85 86 87 88 89 90 91 92 
63360
13
11 9 3 7 3 8 12 7 6 12 3 10 9 
1 49 13 17 16 28 14 50 2 27 16 22 22 
47 68 54 35 30 47 22 61 63 35 36 60 54 
701 376 517 757 327 240 875 450 395 892 377 691 861 
0 0 0 0 0 0 0 0 0 0 0 8 8 8 8 8 8 2 2 2 6 6 6 6 6 6 6 6 6 6 6 6 4 4 4 10 10 10 3 3 3 3 3 3 3 6 6 6 6 6 6 6 6 6 6 6 6 11 11 11 11 11 11 11 11 11 11 12 12 12 12 12 12 12 12 12 9 9 9 9 9 9 9 9 9 9 9 9 5 5 5 5 5 5 5 5 4 4 4 3 3 3 3 3 3 3 9 9 9 9 9 9 9 9 9 9 9 9 10 10 10 0 0 0 0 0 0 0 0 0 0 0 5 5 5 5 5 5 5 5 1 1 1 1 1 1 1 1 1 7 7 7 7 7 7 7 2 2 2 12 12 12 12 12 12 12 12 12 11 11 11 11 11 11 11 11 11 11 7 7 7 7 7 7 7 8 8 8 8 8 8 1 1 1 1 1 1 1 1 1 