997
100
2
1 1 1 1 1 1 3 3 5 5 5 5 5 5 5 5 5 5 5 5 5 5 5 5 5 5 8 8 8 8 8 8 8 8 8 8 8 8 8 8 9 9 11 11 11 14 14 14 14 14 14 14 14 14 14 14 15 15 15 15 15 16 16 16 16 16 16 16 17 17 17 17 17 20 21 21 21 23 23 23 23 23 23 25 25 25 25 25 27 28 28 28 28 28 30 30 30 30 30 31 31 32 32 32 34 34 34 34 34 34 34 35 35 35 35 35 35 35 35 35 35 35 35 35 35 39 39 39 39 39 40 40 40 41 41 45 45 45 45 45 45 45 50 50 50 50 50 50 50 50 50 51 51 52 52 52 52 57 58 58 58 58 59 59 59 59 59 60 60 60 60 60 63 63 63 63 63 64 64 64 64 64 64 64 64 64 64 64 64 65 65 65 65 65 67 67 67 67 68 68 
135 136 137 138 170 171 102 103 189 190 191 192 193 167 168 169 17 16 19 18 21 20 23 22 25 24 111 112 113 114 115 116 117 118 119 120 121 122 123 124 99 100 74 75 76 177 178 179 180 68 69 70 71 72 109 110 83 84 85 86 87 153 154 155 156 164 165 166 49 50 51 52 53 194 42 43 44 157 125 126 127 128 129 56 57 58 59 60 130 142 143 144 145 146 181 182 183 184 185 40 41 139 6 7 172 173 174 175 176 54 55 26 27 28 29 30 31 32 33 34 35 36 37 38 39 78 79 80 81 82 88 162 163 151 152 0 1 2 3 101 198 199 89 90 91 92 93 158 159 160 161 133 134 61 62 63 64 77 147 148 149 150 131 132 65 66 67 13 14 15 4 5 104 105 106 107 108 45 46 47 48 94 95 96 97 98 195 196 197 8 9 10 11 12 73 186 187 188 140 141 
665 665 665 665 823 823 575 575 676 676 676 676 676 543 543 543 431 431 431 431 431 431 431 431 431 431 898 898 898 898 898 898 898 898 898 898 898 898 898 898 414 414 388 388 388 726 726 726 726 389 389 389 389 389 921 921 592 592 592 592 592 720 720 720 720 548 548 548 389 389 389 389 389 630 388 388 388 766 849 849 849 849 849 592 592 592 592 592 507 277 277 277 277 277 390 390 390 390 390 414 414 331 575 575 501 501 501 501 501 921 921 898 898 898 898 898 898 898 898 898 898 898 898 898 898 849 849 849 849 849 507 169 169 846 846 665 665 665 665 331 201 201 277 277 277 277 277 552 552 552 552 846 846 720 720 720 720 766 552 552 552 552 169 169 548 548 548 543 543 543 823 823 501 501 501 501 501 726 726 726 726 390 390 390 390 390 934 934 934 676 676 676 676 676 630 934 934 934 201 201 
0 1 2 3 4 5 6 7 8 9 10 11 12 13 14 15 16 16 17 17 18 18 19 19 20 20 21 22 23 24 25 26 27 28 29 30 31 32 33 34 35 36 37 38 39 40 41 42 43 44 45 46 47 48 49 50 51 52 53 54 55 56 57 58 59 60 61 62 44 45 46 47 48 63 37 38 39 64 65 66 67 68 69 51 52 53 54 55 70 71 72 73 74 75 76 77 78 79 80 35 36 81 6 7 82 83 84 85 86 49 50 21 22 23 24 25 26 27 28 29 30 31 32 33 34 65 66 67 68 69 70 87 88 89 90 0 1 2 3 81 91 92 71 72 73 74 75 93 94 95 96 89 90 56 57 58 59 64 93 94 95 96 87 88 60 61 62 13 14 15 4 5 82 83 84 85 86 40 41 42 43 76 77 78 79 80 97 98 99 8 9 10 11 12 63 97 98 99 91 92 
61120
28
2 1 2 1 5 5 5 4 5 4 1 4 3 5 1 2 3 4 2 5 5 3 2 5 3 2 2 14 
41 27 40 23 23 15 28 50 5 1 20 16 16 34 32 45 5 14 1 14 30 11 3 5 64 9 14 8 
51 40 59 57 39 25 50 58 65 45 67 52 59 63 45 68 60 64 60 17 64 21 32 5 67 31 34 35 
846 507 169 766 849 592 277 552 676 665 630 720 548 501 331 201 543 726 823 389 390 388 575 431 934 414 921 898 
9 9 9 9 18 18 22 22 8 8 8 8 8 16 16 16 23 23 23 23 23 23 23 23 23 23 27 27 27 27 27 27 27 27 27 27 27 27 27 27 25 25 21 21 21 17 17 17 17 19 19 19 19 19 26 26 5 5 5 5 5 11 11 11 11 12 12 12 19 19 19 19 19 10 21 21 21 3 4 4 4 4 4 5 5 5 5 5 1 6 6 6 6 6 20 20 20 20 20 25 25 14 22 22 13 13 13 13 13 26 26 27 27 27 27 27 27 27 27 27 27 27 27 27 27 4 4 4 4 4 1 2 2 0 0 9 9 9 9 14 15 15 6 6 6 6 6 7 7 7 7 0 0 11 11 11 11 3 7 7 7 7 2 2 12 12 12 16 16 16 18 18 13 13 13 13 13 17 17 17 17 20 20 20 20 20 24 24 24 8 8 8 8 8 10 24 24 24 15 15 