72
100
2
2 2 2 2 2 2 2 2 2 2 2 2 12 12 12 12 12 12 12 12 12 12 12 12 12 12 12 12 16 16 16 16 16 16 17 17 17 17 17 17 17 17 17 17 17 17 18 18 18 18 18 18 18 18 18 18 18 20 20 20 20 20 20 20 20 20 20 20 20 23 23 23 27 27 27 27 27 27 27 27 27 27 27 27 33 33 33 33 33 33 33 33 33 33 33 33 34 34 34 34 34 34 34 34 34 34 34 34 34 34 34 34 34 34 34 34 34 34 34 34 34 34 40 40 40 40 40 40 40 40 40 40 40 40 41 41 41 46 46 46 46 46 46 46 46 46 46 46 46 46 46 46 46 46 46 46 46 46 46 46 46 53 53 53 53 53 53 53 53 53 53 53 67 67 67 67 67 67 67 67 67 67 67 67 67 67 67 67 67 67 67 67 67 67 67 67 67 67 67 67 
122 123 124 125 126 127 128 129 130 131 132 133 145 146 147 148 149 150 151 152 153 154 155 156 157 158 159 160 116 117 118 119 120 121 57 58 59 60 61 62 63 64 65 66 67 68 161 162 163 164 165 166 167 168 169 170 171 34 35 36 37 38 39 40 41 42 43 44 45 134 135 136 96 97 98 99 100 101 102 103 104 105 106 107 172 173 174 175 176 177 178 179 180 181 182 183 72 73 74 75 76 77 78 79 80 81 82 83 184 185 186 187 188 189 190 191 28 29 30 31 32 33 0 1 2 3 4 5 6 7 8 9 10 11 69 70 71 192 193 194 195 196 197 198 199 12 13 14 15 16 17 18 19 20 21 22 23 24 25 26 27 46 47 48 49 50 51 52 53 54 55 56 84 85 86 87 88 89 90 91 92 93 94 95 108 109 110 111 112 113 114 115 137 138 139 140 141 142 143 144 
721 721 721 721 721 721 721 721 721 721 721 721 186 186 186 186 186 186 186 186 186 186 186 186 186 186 186 186 307 307 307 307 307 307 210 210 210 210 210 210 210 210 210 210 210 210 204 204 204 204 204 204 204 204 204 204 204 210 210 210 210 210 210 210 210 210 210 210 210 813 813 813 415 415 415 415 415 415 415 415 415 415 415 415 254 254 254 254 254 254 254 254 254 254 254 254 415 415 415 415 415 415 415 415 415 415 415 415 790 790 790 790 790 790 790 790 307 307 307 307 307 307 721 721 721 721 721 721 721 721 721 721 721 721 813 813 813 352 352 352 352 352 352 352 352 186 186 186 186 186 186 186 186 186 186 186 186 186 186 186 186 204 204 204 204 204 204 204 204 204 204 204 254 254 254 254 254 254 254 254 254 254 254 254 790 790 790 790 790 790 790 790 352 352 352 352 352 352 352 352 
0 1 2 3 4 5 6 7 8 9 10 11 12 13 14 15 16 17 18 19 20 21 22 23 24 25 26 27 28 29 30 31 32 33 34 35 36 37 38 39 40 41 42 43 44 45 46 47 48 49 50 51 52 53 54 55 56 34 35 36 37 38 39 40 41 42 43 44 45 57 58 59 60 61 62 63 64 65 66 67 68 69 70 71 72 73 74 75 76 77 78 79 80 81 82 83 60 61 62 63 64 65 66 67 68 69 70 71 84 85 86 87 88 89 90 91 28 29 30 31 32 33 0 1 2 3 4 5 6 7 8 9 10 11 57 58 59 92 93 94 95 96 97 98 99 12 13 14 15 16 17 18 19 20 21 22 23 24 25 26 27 46 47 48 49 50 51 52 53 54 55 56 72 73 74 75 76 77 78 79 80 81 82 83 84 85 86 87 88 89 90 91 92 93 94 95 96 97 98 99 
37837
10
11 12 12 12 12 3 8 8 6 16 
18 2 27 33 17 23 34 46 16 12 
53 40 34 67 20 41 67 67 34 46 
204 721 415 254 210 813 790 352 307 186 
1 1 1 1 1 1 1 1 1 1 1 1 9 9 9 9 9 9 9 9 9 9 9 9 9 9 9 9 8 8 8 8 8 8 4 4 4 4 4 4 4 4 4 4 4 4 0 0 0 0 0 0 0 0 0 0 0 4 4 4 4 4 4 4 4 4 4 4 4 5 5 5 2 2 2 2 2 2 2 2 2 2 2 2 3 3 3 3 3 3 3 3 3 3 3 3 2 2 2 2 2 2 2 2 2 2 2 2 6 6 6 6 6 6 6 6 8 8 8 8 8 8 1 1 1 1 1 1 1 1 1 1 1 1 5 5 5 7 7 7 7 7 7 7 7 9 9 9 9 9 9 9 9 9 9 9 9 9 9 9 9 0 0 0 0 0 0 0 0 0 0 0 3 3 3 3 3 3 3 3 3 3 3 3 6 6 6 6 6 6 6 6 7 7 7 7 7 7 7 7 