479
100
2
3 3 5 5 5 5 5 5 5 5 6 6 6 7 7 7 7 7 7 7 8 8 8 8 8 8 8 8 9 11 11 11 11 11 11 11 11 14 14 14 14 14 15 15 15 15 15 15 15 15 15 18 18 18 18 18 18 18 18 20 20 21 21 21 21 21 21 21 21 21 24 24 27 27 27 27 27 27 27 27 27 29 29 29 29 29 29 32 32 32 32 32 32 32 32 32 35 35 35 35 35 35 35 35 35 35 35 37 37 38 38 38 38 38 38 38 38 38 38 38 38 42 42 42 42 42 42 42 42 42 42 44 44 44 44 44 44 44 44 44 44 44 44 44 44 44 44 51 51 51 51 51 51 51 51 53 53 53 53 53 53 53 53 53 53 53 53 54 54 57 57 57 58 58 58 58 58 59 59 59 59 59 59 59 59 62 62 62 62 62 62 62 62 69 69 69 69 69 69 69 
107 108 29 30 31 32 33 34 35 36 169 170 171 193 194 195 196 197 198 199 177 178 179 180 181 182 183 184 104 2 3 4 5 6 7 8 9 172 173 174 175 176 61 62 63 64 65 66 67 68 69 96 97 98 99 100 101 102 103 70 71 42 43 44 45 46 47 48 49 50 59 60 87 88 89 90 91 92 93 94 95 131 132 133 134 135 136 72 73 74 75 76 77 78 79 80 51 52 53 54 55 56 57 58 28 167 168 0 1 155 156 157 158 159 160 161 162 163 164 165 166 137 138 139 140 141 142 143 144 145 146 81 82 83 84 85 86 121 122 123 124 125 126 127 128 129 130 185 186 187 188 189 190 191 192 109 110 111 112 113 114 115 116 117 118 119 120 105 106 10 11 12 37 38 39 40 41 20 21 22 23 24 25 26 27 147 148 149 150 151 152 153 154 13 14 15 16 17 18 19 
1000 1000 358 358 358 358 358 358 358 358 552 552 552 955 955 955 955 955 955 955 971 971 971 971 971 971 971 971 630 358 358 358 358 358 358 358 358 743 743 743 743 743 855 855 855 855 855 855 855 855 855 692 692 692 692 692 692 692 692 462 462 855 855 855 855 855 855 855 855 855 462 462 728 728 728 728 728 728 728 728 728 361 361 361 361 361 361 728 728 728 728 728 728 728 728 728 692 692 692 692 692 692 692 692 630 883 883 1000 1000 172 172 172 172 172 172 172 172 172 172 172 172 939 939 939 939 939 939 939 939 939 939 361 361 361 361 361 361 939 939 939 939 939 939 939 939 939 939 727 727 727 727 727 727 727 727 172 172 172 172 172 172 172 172 172 172 172 172 883 883 552 552 552 743 743 743 743 743 971 971 971 971 971 971 971 971 727 727 727 727 727 727 727 727 955 955 955 955 955 955 955 
0 1 2 3 4 5 6 7 8 9 10 11 12 13 14 15 16 17 18 19 20 21 22 23 24 25 26 27 28 2 3 4 5 6 7 8 9 29 30 31 32 33 34 35 36 37 38 39 40 41 42 43 44 45 46 47 48 49 50 51 52 34 35 36 37 38 39 40 41 42 51 52 53 54 55 56 57 58 59 60 61 62 63 64 65 66 67 53 54 55 56 57 58 59 60 61 43 44 45 46 47 48 49 50 28 68 69 0 1 70 71 72 73 74 75 76 77 78 79 80 81 82 83 84 85 86 87 88 89 90 91 62 63 64 65 66 67 82 83 84 85 86 87 88 89 90 91 92 93 94 95 96 97 98 99 70 71 72 73 74 75 76 77 78 79 80 81 68 69 10 11 12 29 30 31 32 33 20 21 22 23 24 25 26 27 92 93 94 95 96 97 98 99 13 14 15 16 17 18 19 
67227
16
5 8 9 2 8 8 3 8 2 1 6 7 9 2 10 12 
14 18 15 20 5 51 6 8 3 9 29 7 27 35 42 38 
58 35 21 24 11 62 57 59 37 35 44 69 32 54 44 53 
743 692 855 462 358 727 552 971 1000 630 361 955 728 883 939 172 
8 8 4 4 4 4 4 4 4 4 6 6 6 11 11 11 11 11 11 11 7 7 7 7 7 7 7 7 9 4 4 4 4 4 4 4 4 0 0 0 0 0 2 2 2 2 2 2 2 2 2 1 1 1 1 1 1 1 1 3 3 2 2 2 2 2 2 2 2 2 3 3 12 12 12 12 12 12 12 12 12 10 10 10 10 10 10 12 12 12 12 12 12 12 12 12 1 1 1 1 1 1 1 1 9 13 13 8 8 15 15 15 15 15 15 15 15 15 15 15 15 14 14 14 14 14 14 14 14 14 14 10 10 10 10 10 10 14 14 14 14 14 14 14 14 14 14 5 5 5 5 5 5 5 5 15 15 15 15 15 15 15 15 15 15 15 15 13 13 6 6 6 0 0 0 0 0 7 7 7 7 7 7 7 7 5 5 5 5 5 5 5 5 11 11 11 11 11 11 11 