898
100
2
2 2 4 4 4 4 5 5 5 5 5 5 7 7 7 7 7 7 8 8 8 8 8 8 8 8 8 8 8 9 9 9 9 13 14 14 14 14 14 14 14 14 14 14 14 14 14 14 14 14 16 16 16 16 16 18 18 18 18 18 19 19 20 20 20 20 20 20 22 22 22 22 22 22 22 22 22 22 22 22 22 23 23 23 23 23 23 23 24 24 24 24 24 24 24 24 24 24 24 24 24 24 24 24 24 24 24 24 29 29 29 29 29 29 29 30 30 31 31 31 31 35 35 35 35 35 35 35 37 37 41 41 41 41 41 41 41 41 41 42 42 42 42 42 42 44 44 44 45 45 46 46 46 46 46 46 46 46 46 46 46 46 46 46 46 46 47 47 47 47 47 47 50 50 54 54 54 54 54 58 58 58 58 58 58 59 59 59 68 68 68 68 68 68 70 70 70 70 70 70 
192 193 188 189 190 191 88 89 90 91 92 93 68 69 70 71 72 73 174 175 176 177 178 139 140 141 142 143 144 94 95 96 97 80 150 151 152 153 154 155 156 157 158 159 160 161 162 163 164 165 55 56 57 58 59 50 51 52 53 54 148 149 102 103 104 105 106 107 12 13 14 15 16 17 166 167 168 169 170 171 33 130 131 132 133 134 135 136 6 7 8 9 10 11 29 30 31 32 117 118 119 120 62 63 64 65 66 67 121 122 123 124 125 126 127 128 129 98 99 100 101 108 109 110 111 112 113 114 115 116 81 82 83 84 85 86 87 172 173 23 24 25 26 27 28 185 186 187 60 61 34 35 36 37 38 39 40 41 42 43 44 45 46 47 48 49 74 75 76 77 78 79 137 138 18 19 20 21 22 194 195 196 197 198 199 145 146 147 2 3 4 5 0 1 179 180 181 182 183 184 
613 613 481 481 481 481 940 940 940 940 940 940 575 575 575 575 575 575 479 479 479 479 479 211 211 211 211 211 211 187 187 187 187 466 960 960 960 960 960 960 960 960 960 960 960 960 960 960 960 960 465 465 465 465 465 465 465 465 465 465 363 363 659 659 659 659 659 659 575 575 575 575 575 575 163 163 163 163 163 163 466 651 651 651 651 651 651 651 940 940 940 940 940 940 187 187 187 187 558 558 558 558 659 659 659 659 659 659 920 920 920 920 920 920 920 772 772 558 558 558 558 920 920 920 920 920 920 920 772 772 651 651 651 651 651 651 651 194 194 211 211 211 211 211 211 640 640 640 363 363 960 960 960 960 960 960 960 960 960 960 960 960 960 960 960 960 163 163 163 163 163 163 194 194 479 479 479 479 479 615 615 615 615 615 615 640 640 640 481 481 481 481 613 613 615 615 615 615 615 615 
0 1 2 3 4 5 6 7 8 9 10 11 12 13 14 15 16 17 18 19 20 21 22 23 24 25 26 27 28 29 30 31 32 33 34 35 36 37 38 39 40 41 42 43 44 45 46 47 48 49 50 51 52 53 54 50 51 52 53 54 55 56 57 58 59 60 61 62 12 13 14 15 16 17 63 64 65 66 67 68 33 69 70 71 72 73 74 75 6 7 8 9 10 11 29 30 31 32 76 77 78 79 57 58 59 60 61 62 80 81 82 83 84 85 86 87 88 76 77 78 79 80 81 82 83 84 85 86 87 88 69 70 71 72 73 74 75 89 90 23 24 25 26 27 28 91 92 93 55 56 34 35 36 37 38 39 40 41 42 43 44 45 46 47 48 49 63 64 65 66 67 68 89 90 18 19 20 21 22 94 95 96 97 98 99 91 92 93 2 3 4 5 0 1 94 95 96 97 98 99 
61229
20
6 2 4 7 7 5 6 6 4 2 1 6 4 6 5 2 6 3 2 16 
5 19 4 29 23 8 7 22 9 30 13 8 24 20 16 2 58 44 41 14 
24 45 68 35 41 54 22 47 24 37 22 42 31 24 18 68 70 59 50 46 
940 363 481 920 651 479 575 163 187 772 466 211 558 659 465 613 615 640 194 960 
15 15 2 2 2 2 0 0 0 0 0 0 6 6 6 6 6 6 5 5 5 5 5 11 11 11 11 11 11 8 8 8 8 10 19 19 19 19 19 19 19 19 19 19 19 19 19 19 19 19 14 14 14 14 14 14 14 14 14 14 1 1 13 13 13 13 13 13 6 6 6 6 6 6 7 7 7 7 7 7 10 4 4 4 4 4 4 4 0 0 0 0 0 0 8 8 8 8 12 12 12 12 13 13 13 13 13 13 3 3 3 3 3 3 3 9 9 12 12 12 12 3 3 3 3 3 3 3 9 9 4 4 4 4 4 4 4 18 18 11 11 11 11 11 11 17 17 17 1 1 19 19 19 19 19 19 19 19 19 19 19 19 19 19 19 19 7 7 7 7 7 7 18 18 5 5 5 5 5 16 16 16 16 16 16 17 17 17 2 2 2 2 15 15 16 16 16 16 16 16 