188
100
2
2 2 2 2 2 2 2 2 6 6 6 6 6 6 6 6 6 6 7 7 7 7 7 7 7 7 7 7 7 7 7 12 12 12 12 12 12 12 12 12 12 12 12 12 14 14 14 14 14 14 14 14 14 14 18 18 18 18 18 21 21 21 21 21 25 25 25 25 25 25 25 25 25 25 31 31 31 31 31 31 31 31 31 31 31 31 31 31 31 31 31 33 33 33 33 33 36 36 36 36 36 36 36 36 36 36 36 36 36 36 36 36 36 36 36 36 36 36 36 36 36 36 36 36 36 36 36 36 36 36 42 42 42 42 42 42 42 42 46 46 46 46 46 47 47 47 47 47 49 49 49 49 49 49 55 55 55 55 56 56 56 56 56 56 56 56 56 56 57 57 57 57 59 59 59 59 59 60 60 60 60 60 60 69 69 69 69 69 69 69 69 69 69 69 69 69 69 69 69 69 
130 131 132 133 134 135 136 137 158 159 160 161 162 163 164 165 166 167 31 32 33 34 35 36 37 38 39 40 41 42 43 18 19 20 21 22 23 24 25 26 27 28 29 30 64 65 66 67 68 69 70 71 72 73 143 144 145 146 147 138 139 140 141 142 44 45 46 47 48 49 50 51 52 53 113 114 115 116 117 118 119 120 121 122 123 124 125 126 127 128 129 172 173 174 175 176 183 184 185 186 187 188 189 190 191 192 193 194 195 196 197 198 199 74 75 76 77 78 79 80 81 82 83 84 85 86 87 88 89 90 0 1 2 3 4 5 6 7 59 60 61 62 63 54 55 56 57 58 177 178 179 180 181 182 168 169 170 171 8 9 10 11 12 13 14 15 16 17 154 155 156 157 91 92 93 94 95 148 149 150 151 152 153 96 97 98 99 100 101 102 103 104 105 106 107 108 109 110 111 112 
815 815 815 815 815 815 815 815 461 461 461 461 461 461 461 461 461 461 218 218 218 218 218 218 218 218 218 218 218 218 218 218 218 218 218 218 218 218 218 218 218 218 218 218 222 222 222 222 222 222 222 222 222 222 328 328 328 328 328 800 800 800 800 800 222 222 222 222 222 222 222 222 222 222 319 319 319 319 319 319 319 319 319 319 319 319 319 319 319 319 319 298 298 298 298 298 642 642 642 642 642 642 642 642 642 642 642 642 642 642 642 642 642 319 319 319 319 319 319 319 319 319 319 319 319 319 319 319 319 319 815 815 815 815 815 815 815 815 800 800 800 800 800 328 328 328 328 328 717 717 717 717 717 717 922 922 922 922 461 461 461 461 461 461 461 461 461 461 922 922 922 922 298 298 298 298 298 717 717 717 717 717 717 642 642 642 642 642 642 642 642 642 642 642 642 642 642 642 642 642 
0 1 2 3 4 5 6 7 8 9 10 11 12 13 14 15 16 17 18 19 20 21 22 23 24 25 26 27 28 29 30 18 19 20 21 22 23 24 25 26 27 28 29 30 31 32 33 34 35 36 37 38 39 40 41 42 43 44 45 46 47 48 49 50 31 32 33 34 35 36 37 38 39 40 51 52 53 54 55 56 57 58 59 60 61 62 63 64 65 66 67 68 69 70 71 72 73 74 75 76 77 78 79 80 81 82 83 84 85 86 87 88 89 51 52 53 54 55 56 57 58 59 60 61 62 63 64 65 66 67 0 1 2 3 4 5 6 7 46 47 48 49 50 41 42 43 44 45 90 91 92 93 94 95 96 97 98 99 8 9 10 11 12 13 14 15 16 17 96 97 98 99 68 69 70 71 72 90 91 92 93 94 95 73 74 75 76 77 78 79 80 81 82 83 84 85 86 87 88 89 
47641
11
17 5 5 10 17 5 6 4 13 8 10 
36 21 33 6 31 18 49 55 7 2 14 
69 46 59 56 36 47 60 57 12 42 25 
642 800 298 461 319 328 717 922 218 815 222 
9 9 9 9 9 9 9 9 3 3 3 3 3 3 3 3 3 3 8 8 8 8 8 8 8 8 8 8 8 8 8 8 8 8 8 8 8 8 8 8 8 8 8 8 10 10 10 10 10 10 10 10 10 10 5 5 5 5 5 1 1 1 1 1 10 10 10 10 10 10 10 10 10 10 4 4 4 4 4 4 4 4 4 4 4 4 4 4 4 4 4 2 2 2 2 2 0 0 0 0 0 0 0 0 0 0 0 0 0 0 0 0 0 4 4 4 4 4 4 4 4 4 4 4 4 4 4 4 4 4 9 9 9 9 9 9 9 9 1 1 1 1 1 5 5 5 5 5 6 6 6 6 6 6 7 7 7 7 3 3 3 3 3 3 3 3 3 3 7 7 7 7 2 2 2 2 2 6 6 6 6 6 6 0 0 0 0 0 0 0 0 0 0 0 0 0 0 0 0 0 