131
100
2
4 4 4 4 6 6 6 16 16 16 16 16 16 16 17 17 17 17 17 17 19 19 19 19 19 19 19 19 19 19 21 21 21 21 24 24 24 24 24 24 24 24 24 24 24 24 24 24 24 27 27 27 27 27 27 27 34 34 34 34 34 34 34 34 34 34 34 34 37 37 37 37 37 37 37 37 38 38 38 38 38 38 38 38 38 38 40 40 40 40 40 41 41 41 41 41 41 41 42 42 42 42 42 42 42 42 42 45 45 45 45 45 45 45 45 45 45 45 45 46 46 46 49 49 49 49 49 49 50 50 50 51 51 51 51 51 51 51 52 52 52 52 52 52 52 52 52 52 52 52 53 53 53 53 53 53 53 53 53 53 55 55 55 55 55 55 55 55 55 55 56 56 56 56 56 56 56 56 56 56 56 56 56 56 56 69 69 69 69 69 69 70 70 70 70 70 70 70 70 70 
30 31 32 33 128 129 130 131 132 133 134 135 136 137 191 192 193 194 195 196 160 161 162 163 164 165 166 167 168 169 0 1 2 3 170 171 172 173 174 175 176 177 178 179 180 181 182 183 184 91 92 93 94 95 96 97 98 99 100 101 102 103 104 105 106 119 120 121 86 87 88 89 90 197 198 199 150 151 152 153 154 155 156 157 158 159 68 69 70 71 72 49 50 51 52 53 54 55 56 57 58 59 60 61 62 63 64 138 139 140 141 142 143 144 145 146 147 148 149 65 66 67 185 186 187 188 189 190 4 5 6 7 8 9 10 11 12 13 107 108 109 110 111 112 113 114 115 116 117 118 76 77 78 79 80 81 82 83 84 85 20 21 22 23 24 25 26 27 28 29 34 35 36 37 38 39 40 41 42 43 44 45 46 47 48 122 123 124 125 126 127 14 15 16 17 18 19 73 74 75 
557 557 557 557 719 719 719 821 821 821 821 821 821 821 666 666 666 666 666 666 629 629 629 629 629 629 629 629 629 629 557 557 557 557 215 215 215 215 215 215 215 215 215 215 215 215 215 215 215 507 507 507 507 507 507 507 701 701 701 701 701 701 701 701 701 578 578 578 840 840 840 840 840 515 515 515 459 459 459 459 459 459 459 459 459 459 840 840 840 840 840 507 507 507 507 507 507 507 701 701 701 701 701 701 701 701 701 739 739 739 739 739 739 739 739 739 739 739 739 578 578 578 232 232 232 232 232 232 719 719 719 821 821 821 821 821 821 821 739 739 739 739 739 739 739 739 739 739 739 739 459 459 459 459 459 459 459 459 459 459 629 629 629 629 629 629 629 629 629 629 215 215 215 215 215 215 215 215 215 215 215 215 215 215 215 232 232 232 232 232 232 666 666 666 666 666 666 515 515 515 
0 1 2 3 4 5 6 7 8 9 10 11 12 13 14 15 16 17 18 19 20 21 22 23 24 25 26 27 28 29 0 1 2 3 30 31 32 33 34 35 36 37 38 39 40 41 42 43 44 45 46 47 48 49 50 51 52 53 54 55 56 57 58 59 60 61 62 63 64 65 66 67 68 69 70 71 72 73 74 75 76 77 78 79 80 81 64 65 66 67 68 45 46 47 48 49 50 51 52 53 54 55 56 57 58 59 60 82 83 84 85 86 87 88 89 90 91 92 93 61 62 63 94 95 96 97 98 99 4 5 6 7 8 9 10 11 12 13 82 83 84 85 86 87 88 89 90 91 92 93 72 73 74 75 76 77 78 79 80 81 20 21 22 23 24 25 26 27 28 29 30 31 32 33 34 35 36 37 38 39 40 41 42 43 44 94 95 96 97 98 99 14 15 16 17 18 19 69 70 71 
55830
14
5 3 6 9 3 12 6 7 7 10 3 10 4 15 
37 6 49 34 34 45 17 27 16 19 37 38 4 24 
40 50 69 42 46 52 70 41 51 55 70 53 21 56 
840 719 232 701 578 739 666 507 821 629 515 459 557 215 
12 12 12 12 1 1 1 8 8 8 8 8 8 8 6 6 6 6 6 6 9 9 9 9 9 9 9 9 9 9 12 12 12 12 13 13 13 13 13 13 13 13 13 13 13 13 13 13 13 7 7 7 7 7 7 7 3 3 3 3 3 3 3 3 3 4 4 4 0 0 0 0 0 10 10 10 11 11 11 11 11 11 11 11 11 11 0 0 0 0 0 7 7 7 7 7 7 7 3 3 3 3 3 3 3 3 3 5 5 5 5 5 5 5 5 5 5 5 5 4 4 4 2 2 2 2 2 2 1 1 1 8 8 8 8 8 8 8 5 5 5 5 5 5 5 5 5 5 5 5 11 11 11 11 11 11 11 11 11 11 9 9 9 9 9 9 9 9 9 9 13 13 13 13 13 13 13 13 13 13 13 13 13 13 13 2 2 2 2 2 2 6 6 6 6 6 6 10 10 10 