532
100
2
1 1 1 1 1 1 1 1 1 1 1 1 1 1 1 3 3 3 3 3 4 4 4 4 4 5 5 5 5 5 5 5 5 5 5 5 8 8 8 12 12 12 12 12 13 13 13 13 13 13 13 13 13 13 13 13 13 13 13 13 13 13 13 13 13 13 13 13 13 15 15 15 15 16 19 21 21 21 21 21 21 22 22 22 24 24 24 24 24 26 26 26 27 27 27 27 27 27 27 27 27 27 27 27 27 27 30 30 30 30 30 30 31 31 31 33 33 33 33 33 33 34 34 34 34 34 34 34 34 34 34 34 34 34 36 36 36 36 36 37 37 37 37 37 37 37 37 37 37 37 40 40 40 40 40 40 40 42 47 47 47 49 49 49 49 50 50 50 50 50 50 54 54 54 56 56 56 56 56 62 62 62 62 62 62 66 66 66 66 66 68 68 68 68 68 68 70 70 70 70 
39 40 41 42 43 44 45 46 47 48 25 26 27 28 29 121 122 123 124 125 129 130 131 132 133 10 11 12 13 14 144 145 146 147 148 149 158 159 160 0 1 2 3 4 5 6 7 8 9 165 166 167 168 169 170 92 93 94 95 96 97 98 99 100 101 102 103 104 105 153 154 155 156 74 73 179 180 181 182 183 184 126 127 128 116 117 118 119 120 112 113 114 55 56 57 58 59 60 61 62 63 64 65 66 67 68 190 191 192 193 194 195 89 90 91 157 84 85 86 87 88 15 16 17 18 19 81 82 83 20 21 22 23 24 139 140 141 142 143 134 135 136 137 138 30 31 32 33 34 35 171 172 173 69 70 71 72 115 36 37 38 196 197 198 199 49 50 51 52 53 54 150 151 152 185 186 187 188 189 75 76 77 78 79 80 174 175 176 177 178 106 107 108 109 110 111 161 162 163 164 
950 950 950 950 950 527 527 527 527 527 548 548 548 548 548 872 872 872 872 872 730 730 730 730 730 548 548 548 548 548 350 350 350 350 350 350 153 153 153 950 950 950 950 950 527 527 527 527 527 628 628 628 628 628 628 265 265 265 265 265 265 265 265 265 265 265 265 265 265 626 626 626 626 755 755 726 726 726 726 726 726 349 349 349 564 564 564 564 564 689 689 689 265 265 265 265 265 265 265 265 265 265 265 265 265 265 309 309 309 309 309 309 689 689 689 288 564 564 564 564 564 872 872 872 872 872 349 349 349 730 730 730 730 730 522 522 522 522 522 522 522 522 522 522 350 350 350 350 350 350 261 261 261 626 626 626 626 288 153 153 153 171 171 171 171 628 628 628 628 628 628 261 261 261 704 704 704 704 704 726 726 726 726 726 726 704 704 704 704 704 309 309 309 309 309 309 171 171 171 171 
0 1 2 3 4 5 6 7 8 9 10 11 12 13 14 15 16 17 18 19 20 21 22 23 24 10 11 12 13 14 25 26 27 28 29 30 31 32 33 0 1 2 3 4 5 6 7 8 9 34 35 36 37 38 39 40 41 42 43 44 45 46 47 48 49 50 51 52 53 54 55 56 57 58 58 59 60 61 62 63 64 65 66 67 68 69 70 71 72 73 74 75 40 41 42 43 44 45 46 47 48 49 50 51 52 53 76 77 78 79 80 81 73 74 75 82 68 69 70 71 72 15 16 17 18 19 65 66 67 20 21 22 23 24 83 84 85 86 87 83 84 85 86 87 25 26 27 28 29 30 88 89 90 54 55 56 57 82 31 32 33 91 92 93 94 34 35 36 37 38 39 88 89 90 95 96 97 98 99 59 60 61 62 63 64 95 96 97 98 99 76 77 78 79 80 81 91 92 93 94 
51460
21
5 5 5 5 1 5 3 3 1 5 4 3 4 6 6 5 6 5 3 6 14 
1 1 56 3 16 1 22 40 33 24 49 26 15 21 30 36 13 4 8 5 13 
12 13 66 34 19 5 34 54 42 33 70 31 40 62 68 37 50 34 47 37 27 
950 527 704 872 755 548 349 261 288 564 171 689 626 726 309 522 628 730 153 350 265 
0 0 0 0 0 1 1 1 1 1 5 5 5 5 5 3 3 3 3 3 17 17 17 17 17 5 5 5 5 5 19 19 19 19 19 19 18 18 18 0 0 0 0 0 1 1 1 1 1 16 16 16 16 16 16 20 20 20 20 20 20 20 20 20 20 20 20 20 20 12 12 12 12 4 4 13 13 13 13 13 13 6 6 6 9 9 9 9 9 11 11 11 20 20 20 20 20 20 20 20 20 20 20 20 20 20 14 14 14 14 14 14 11 11 11 8 9 9 9 9 9 3 3 3 3 3 6 6 6 17 17 17 17 17 15 15 15 15 15 15 15 15 15 15 19 19 19 19 19 19 7 7 7 12 12 12 12 8 18 18 18 10 10 10 10 16 16 16 16 16 16 7 7 7 2 2 2 2 2 13 13 13 13 13 13 2 2 2 2 2 14 14 14 14 14 14 10 10 10 10 