940
100
2
1 1 1 1 1 1 1 1 1 1 1 1 1 1 1 1 1 1 1 1 1 1 1 1 1 1 1 1 1 3 3 3 4 4 4 4 4 4 4 4 4 4 4 4 4 4 4 4 4 4 4 4 4 4 4 8 8 8 8 8 16 16 16 16 16 16 16 16 16 16 16 16 20 20 20 20 20 20 20 20 20 20 20 20 20 20 20 20 20 20 24 24 24 24 24 24 24 24 24 24 24 24 31 31 31 31 34 34 34 34 34 34 34 34 34 37 37 37 40 40 40 43 43 43 43 43 43 43 43 43 43 43 43 43 43 43 43 43 43 43 43 43 43 43 43 43 43 43 43 45 45 45 45 49 49 49 49 49 49 49 49 49 49 49 49 55 55 55 55 55 55 55 55 55 55 55 55 58 58 58 58 58 58 58 58 58 62 62 62 69 69 69 69 69 69 69 69 69 69 69 
189 190 191 192 193 194 195 196 197 198 199 72 73 74 75 76 77 78 79 80 81 82 83 84 85 86 87 88 89 186 187 188 126 127 128 129 130 131 132 133 134 135 136 137 138 139 140 141 142 143 144 145 146 147 148 121 122 123 124 125 153 154 155 156 157 158 159 160 161 162 163 164 11 12 13 14 15 16 17 18 19 20 21 22 23 24 25 26 27 28 165 166 167 168 169 170 171 172 173 174 175 176 149 150 151 152 177 178 179 180 181 182 183 184 185 118 119 120 115 116 117 55 56 57 58 59 32 33 34 35 36 37 38 39 40 41 42 43 44 45 46 47 48 49 50 51 52 53 54 102 103 104 105 60 61 62 63 64 65 66 67 68 69 70 71 90 91 92 93 94 95 96 97 98 99 100 101 106 107 108 109 110 111 112 113 114 29 30 31 0 1 2 3 4 5 6 7 8 9 10 
976 976 976 976 976 976 976 976 976 976 976 165 165 165 165 165 165 165 165 165 165 165 165 165 165 165 165 165 165 761 761 761 373 373 373 373 373 373 373 373 373 373 373 373 373 373 373 373 373 373 373 373 373 373 373 821 821 821 821 821 670 670 670 670 670 670 670 670 670 670 670 670 165 165 165 165 165 165 165 165 165 165 165 165 165 165 165 165 165 165 815 815 815 815 815 815 815 815 815 815 815 815 694 694 694 694 259 259 259 259 259 259 259 259 259 808 808 808 808 808 808 821 821 821 821 821 373 373 373 373 373 373 373 373 373 373 373 373 373 373 373 373 373 373 373 373 373 373 373 694 694 694 694 670 670 670 670 670 670 670 670 670 670 670 670 815 815 815 815 815 815 815 815 815 815 815 815 259 259 259 259 259 259 259 259 259 761 761 761 976 976 976 976 976 976 976 976 976 976 976 
0 1 2 3 4 5 6 7 8 9 10 11 12 13 14 15 16 17 18 19 20 21 22 23 24 25 26 27 28 29 30 31 32 33 34 35 36 37 38 39 40 41 42 43 44 45 46 47 48 49 50 51 52 53 54 55 56 57 58 59 60 61 62 63 64 65 66 67 68 69 70 71 11 12 13 14 15 16 17 18 19 20 21 22 23 24 25 26 27 28 72 73 74 75 76 77 78 79 80 81 82 83 84 85 86 87 88 89 90 91 92 93 94 95 96 97 98 99 97 98 99 55 56 57 58 59 32 33 34 35 36 37 38 39 40 41 42 43 44 45 46 47 48 49 50 51 52 53 54 84 85 86 87 60 61 62 63 64 65 66 67 68 69 70 71 72 73 74 75 76 77 78 79 80 81 82 83 88 89 90 91 92 93 94 95 96 29 30 31 0 1 2 3 4 5 6 7 8 9 10 
54024
10
12 4 9 5 3 11 3 18 12 23 
16 31 34 8 3 1 37 1 24 4 
49 45 58 43 62 69 40 20 55 43 
670 694 259 821 761 976 808 165 815 373 
5 5 5 5 5 5 5 5 5 5 5 7 7 7 7 7 7 7 7 7 7 7 7 7 7 7 7 7 7 4 4 4 9 9 9 9 9 9 9 9 9 9 9 9 9 9 9 9 9 9 9 9 9 9 9 3 3 3 3 3 0 0 0 0 0 0 0 0 0 0 0 0 7 7 7 7 7 7 7 7 7 7 7 7 7 7 7 7 7 7 8 8 8 8 8 8 8 8 8 8 8 8 1 1 1 1 2 2 2 2 2 2 2 2 2 6 6 6 6 6 6 3 3 3 3 3 9 9 9 9 9 9 9 9 9 9 9 9 9 9 9 9 9 9 9 9 9 9 9 1 1 1 1 0 0 0 0 0 0 0 0 0 0 0 0 8 8 8 8 8 8 8 8 8 8 8 8 2 2 2 2 2 2 2 2 2 4 4 4 5 5 5 5 5 5 5 5 5 5 5 