192
100
2
1 1 1 1 1 7 7 7 7 7 7 7 7 7 7 7 7 9 9 9 9 9 10 10 10 10 10 10 10 10 10 10 10 12 12 12 12 12 13 13 13 13 13 14 14 14 14 14 14 14 15 15 15 15 15 15 15 15 15 15 15 15 16 16 18 18 18 18 18 20 20 20 20 22 22 22 24 24 24 24 24 27 27 27 27 27 27 28 28 29 29 29 29 29 29 30 30 30 31 31 32 32 32 37 37 37 37 37 37 37 37 37 37 37 40 41 41 41 42 43 43 44 44 44 44 45 45 45 45 45 46 48 48 48 48 48 50 50 50 51 51 51 51 51 52 52 52 52 52 52 52 52 58 61 61 61 61 63 63 63 64 64 64 64 68 68 68 68 69 69 69 69 69 69 70 70 70 70 70 70 70 70 70 70 70 70 70 70 70 70 70 70 70 70 70 70 70 70 70 70 
131 132 133 134 135 50 51 52 53 54 55 108 109 110 111 112 113 147 148 149 150 151 152 56 57 58 59 60 61 164 165 166 167 76 77 78 79 80 103 104 105 106 107 168 169 170 171 172 173 99 5 6 7 8 9 10 23 24 25 26 27 28 87 88 119 120 73 74 75 153 154 155 156 66 67 68 33 34 35 36 37 89 90 91 92 93 94 62 63 81 82 83 84 85 86 157 158 159 118 49 136 137 138 38 39 40 41 42 11 12 13 14 15 16 130 144 145 146 98 64 65 160 161 162 163 139 140 141 142 143 114 0 1 2 3 4 100 101 102 125 126 127 128 129 115 116 117 17 18 19 20 21 22 69 70 71 72 95 96 97 121 122 123 124 29 30 31 32 43 44 45 46 47 48 175 174 177 176 179 178 181 180 183 182 185 184 187 186 189 188 191 190 193 192 195 194 197 196 199 198 
408 408 408 408 408 430 430 430 430 430 430 821 821 821 821 821 821 988 988 988 988 988 368 606 606 606 606 606 606 903 903 903 903 457 457 457 457 457 727 727 727 727 727 296 296 296 296 296 296 957 430 430 430 430 430 430 606 606 606 606 606 606 795 795 421 421 690 690 690 416 416 416 416 690 690 690 457 457 457 457 457 917 917 917 917 917 917 795 795 917 917 917 917 917 917 276 276 276 327 957 486 486 486 727 727 727 727 727 821 821 821 821 821 821 754 446 446 446 327 421 421 945 945 945 945 570 570 570 570 570 754 408 408 408 408 408 486 486 486 570 570 570 570 570 446 446 446 988 988 988 988 988 368 416 416 416 416 276 276 276 945 945 945 945 903 903 903 903 296 296 296 296 296 296 182 182 182 182 182 182 182 182 182 182 182 182 182 182 182 182 182 182 182 182 182 182 182 182 182 182 
0 1 2 3 4 5 6 7 8 9 10 11 12 13 14 15 16 17 18 19 20 21 22 23 24 25 26 27 28 29 30 31 32 33 34 35 36 37 38 39 40 41 42 43 44 45 46 47 48 49 5 6 7 8 9 10 23 24 25 26 27 28 50 51 52 53 54 55 56 57 58 59 60 54 55 56 33 34 35 36 37 61 62 63 64 65 66 50 51 61 62 63 64 65 66 67 68 69 70 49 71 72 73 38 39 40 41 42 11 12 13 14 15 16 74 75 76 77 70 52 53 78 79 80 81 82 83 84 85 86 74 0 1 2 3 4 71 72 73 82 83 84 85 86 75 76 77 17 18 19 20 21 22 57 58 59 60 67 68 69 78 79 80 81 29 30 31 32 43 44 45 46 47 48 87 87 88 88 89 89 90 90 91 91 92 92 93 93 94 94 95 95 96 96 97 97 98 98 99 99 
56124
24
2 3 1 5 3 4 6 1 6 3 1 5 6 5 1 3 5 6 2 4 5 4 6 13 
18 41 31 45 32 44 7 10 10 18 40 9 14 12 14 30 13 7 16 20 1 10 27 70 
43 52 42 51 50 64 15 58 15 22 46 52 69 24 31 63 37 37 28 61 48 68 29 70 
421 446 327 570 486 945 430 368 606 690 754 988 296 457 957 276 727 821 795 416 408 903 917 182 
20 20 20 20 20 6 6 6 6 6 6 17 17 17 17 17 17 11 11 11 11 11 7 8 8 8 8 8 8 21 21 21 21 13 13 13 13 13 16 16 16 16 16 12 12 12 12 12 12 14 6 6 6 6 6 6 8 8 8 8 8 8 18 18 0 0 9 9 9 19 19 19 19 9 9 9 13 13 13 13 13 22 22 22 22 22 22 18 18 22 22 22 22 22 22 15 15 15 2 14 4 4 4 16 16 16 16 16 17 17 17 17 17 17 10 1 1 1 2 0 0 5 5 5 5 3 3 3 3 3 10 20 20 20 20 20 4 4 4 3 3 3 3 3 1 1 1 11 11 11 11 11 7 19 19 19 19 15 15 15 5 5 5 5 21 21 21 21 12 12 12 12 12 12 23 23 23 23 23 23 23 23 23 23 23 23 23 23 23 23 23 23 23 23 23 23 23 23 23 23 