534
100
2
6 6 6 6 6 6 9 9 9 9 11 11 11 11 11 11 11 11 15 15 16 17 17 17 17 21 21 21 21 21 21 21 23 25 25 25 25 25 25 25 26 26 26 26 26 26 27 27 27 29 29 29 29 30 30 30 30 30 30 30 35 35 35 35 35 35 35 35 35 35 35 35 35 36 36 36 36 36 37 37 37 37 37 37 37 37 37 37 37 38 38 38 38 38 38 40 40 40 42 42 43 43 43 43 45 47 47 47 47 47 47 47 49 49 49 49 49 51 51 51 52 52 52 52 52 53 53 53 53 53 53 54 54 55 55 56 56 56 56 56 56 57 57 57 57 57 57 57 57 57 57 57 57 57 57 57 57 57 57 58 58 58 58 58 58 60 60 60 60 60 60 60 64 64 64 64 64 66 67 67 67 67 67 67 67 67 69 69 69 69 69 69 69 69 69 69 69 70 70 70 
55 56 57 58 59 20 133 134 98 99 49 50 51 52 21 22 23 24 189 190 5 14 15 16 17 81 82 83 74 75 76 77 97 167 168 169 170 171 110 111 112 113 114 115 95 96 197 198 199 10 11 12 13 165 166 0 1 2 3 4 146 147 148 149 150 151 152 153 154 155 156 157 158 116 28 29 30 31 186 187 188 25 26 27 172 173 174 175 176 191 192 193 194 195 196 44 45 32 8 9 161 162 163 164 177 178 179 180 181 182 38 39 40 41 42 43 73 183 184 185 141 142 143 144 145 135 136 137 138 139 140 159 160 6 7 125 126 127 128 129 130 120 121 122 123 124 60 61 62 63 64 65 66 67 68 69 70 71 72 131 132 100 101 102 103 53 54 33 34 35 36 37 84 85 86 87 88 104 105 106 107 108 109 117 118 119 78 79 80 18 19 89 90 91 92 93 94 46 47 48 
299 299 299 299 299 686 785 785 517 517 197 197 197 197 524 524 524 524 380 380 686 524 524 524 524 266 266 266 682 682 682 682 453 467 467 467 467 467 246 246 962 962 962 962 341 341 251 251 251 197 197 197 197 206 206 299 299 299 299 299 860 860 860 860 860 860 860 860 860 860 860 860 860 275 682 682 682 682 855 855 855 266 266 266 548 548 548 548 548 239 239 239 239 239 239 341 341 453 517 517 265 265 265 265 634 500 500 500 500 500 246 246 962 962 962 962 275 891 891 891 893 893 893 893 893 468 468 468 468 468 468 398 398 785 785 468 468 468 468 468 468 893 893 893 893 893 860 860 860 860 860 860 860 860 860 860 860 860 860 398 398 265 265 265 265 206 206 467 467 467 467 467 548 548 548 548 548 634 500 500 500 500 500 891 891 891 855 855 855 380 380 239 239 239 239 239 239 251 251 251 
0 1 2 3 4 5 6 7 8 9 10 11 12 13 14 15 16 17 18 19 5 14 15 16 17 20 21 22 23 24 25 26 27 28 29 30 31 32 33 34 35 36 37 38 39 40 41 42 43 10 11 12 13 44 45 0 1 2 3 4 46 47 48 49 50 51 52 53 54 55 56 57 58 59 23 24 25 26 60 61 62 20 21 22 63 64 65 66 67 68 69 70 71 72 73 39 40 27 8 9 74 75 76 77 78 79 80 81 82 83 33 34 35 36 37 38 59 84 85 86 87 88 89 90 91 92 93 94 95 96 97 98 99 6 7 92 93 94 95 96 97 87 88 89 90 91 46 47 48 49 50 51 52 53 54 55 56 57 58 98 99 74 75 76 77 44 45 28 29 30 31 32 63 64 65 66 67 78 79 80 81 82 83 84 85 86 60 61 62 18 19 68 69 70 71 72 73 41 42 43 
54060
28
3 5 2 3 3 6 2 3 5 5 4 5 4 2 1 2 1 6 5 4 2 2 1 4 2 1 4 13 
27 47 30 51 37 53 9 21 52 6 11 37 26 15 36 26 23 38 25 21 9 25 45 11 54 6 43 35 
70 67 60 67 69 56 55 37 57 30 29 64 49 69 49 40 40 69 60 36 42 47 66 17 58 16 58 57 
251 500 206 891 855 468 785 266 893 299 197 548 962 380 275 341 453 239 467 682 517 246 634 524 398 686 265 860 
9 9 9 9 9 25 6 6 20 20 10 10 10 10 23 23 23 23 13 13 25 23 23 23 23 7 7 7 19 19 19 19 16 18 18 18 18 18 21 21 12 12 12 12 15 15 0 0 0 10 10 10 10 2 2 9 9 9 9 9 27 27 27 27 27 27 27 27 27 27 27 27 27 14 19 19 19 19 4 4 4 7 7 7 11 11 11 11 11 17 17 17 17 17 17 15 15 16 20 20 26 26 26 26 22 1 1 1 1 1 21 21 12 12 12 12 14 3 3 3 8 8 8 8 8 5 5 5 5 5 5 24 24 6 6 5 5 5 5 5 5 8 8 8 8 8 27 27 27 27 27 27 27 27 27 27 27 27 27 24 24 26 26 26 26 2 2 18 18 18 18 18 11 11 11 11 11 22 1 1 1 1 1 3 3 3 4 4 4 13 13 17 17 17 17 17 17 0 0 0 