824
100
2
2 4 4 4 4 4 7 7 8 8 11 11 11 11 11 13 13 13 13 13 13 13 13 13 13 13 14 14 14 14 16 16 17 20 22 23 23 23 23 23 23 23 23 23 26 26 29 29 29 30 30 30 31 34 34 34 34 34 35 35 35 35 36 36 36 36 36 36 36 36 37 37 37 37 40 40 40 40 40 40 40 41 41 41 41 41 45 45 45 45 45 45 45 45 45 45 45 46 46 46 46 46 50 50 50 50 50 50 50 50 50 50 50 50 50 50 50 50 50 50 50 50 50 50 50 50 51 51 51 51 53 53 53 53 53 54 54 54 54 54 55 55 55 55 55 56 56 56 56 56 56 56 56 56 56 56 60 61 61 61 61 61 61 61 61 61 61 61 61 61 61 61 61 61 61 61 61 61 61 61 65 65 65 65 65 65 65 65 65 67 67 67 67 67 68 68 68 68 70 70 
7 86 87 88 89 90 101 0 95 96 140 97 98 99 100 49 50 51 78 79 80 39 40 41 42 43 102 103 104 105 47 48 69 45 44 65 66 67 68 21 22 23 24 25 34 33 156 30 31 15 16 17 57 185 186 187 188 52 149 150 151 152 135 136 137 35 36 37 38 32 126 127 128 129 145 146 147 148 18 19 20 198 199 153 154 155 1 2 3 4 5 92 91 94 93 8 9 11 12 13 14 6 26 27 28 29 160 161 162 163 164 165 166 167 168 169 170 171 172 173 174 175 176 177 178 179 70 71 72 73 157 158 159 138 139 62 63 64 133 134 10 194 195 196 197 74 75 76 77 58 59 60 61 83 84 85 46 130 131 132 106 107 108 109 110 111 112 113 114 115 116 117 118 119 120 121 122 123 124 125 189 190 191 192 193 53 54 55 56 180 181 182 183 184 141 142 143 144 81 82 
687 548 548 548 548 548 320 687 675 675 335 792 792 792 792 170 170 170 367 367 367 934 934 934 934 934 556 556 556 556 367 367 353 384 955 983 983 983 983 934 934 934 934 934 955 384 210 367 367 170 170 170 994 314 314 314 314 994 957 957 957 957 828 828 828 983 983 983 983 353 352 352 352 352 335 335 335 335 367 367 367 740 740 208 208 208 548 548 548 548 548 916 916 916 916 675 675 792 792 792 792 320 556 556 556 556 195 195 195 195 195 195 195 195 195 195 195 195 195 195 195 195 195 195 195 195 352 352 352 352 658 658 658 454 454 828 828 828 454 454 335 512 512 512 512 335 335 335 335 957 957 957 957 208 208 208 210 658 658 658 195 195 195 195 195 195 195 195 195 195 195 195 195 195 195 195 195 195 195 195 997 997 997 997 997 314 314 314 314 997 997 997 997 997 512 512 512 512 740 740 
0 1 2 3 4 5 6 0 7 8 9 10 11 12 13 14 15 16 17 18 19 20 21 22 23 24 25 26 27 28 29 30 31 32 33 34 35 36 37 20 21 22 23 24 33 32 38 29 30 14 15 16 39 40 41 42 43 39 44 45 46 47 48 49 50 34 35 36 37 31 51 52 53 54 55 56 57 58 17 18 19 59 60 61 62 63 1 2 3 4 5 64 64 65 65 7 8 10 11 12 13 6 25 26 27 28 66 67 68 69 70 71 72 73 74 75 76 77 78 79 80 81 82 83 84 85 51 52 53 54 86 87 88 89 90 48 49 50 89 90 9 91 92 93 94 55 56 57 58 44 45 46 47 61 62 63 38 86 87 88 66 67 68 69 70 71 72 73 74 75 76 77 78 79 80 81 82 83 84 85 95 96 97 98 99 40 41 42 43 95 96 97 98 99 91 92 93 94 59 60 
52734
30
3 5 1 4 1 3 2 3 2 3 5 4 1 4 3 4 1 1 1 4 2 2 1 5 1 4 2 4 4 20 
13 65 22 40 20 53 41 36 53 13 4 34 11 35 41 11 29 7 2 23 16 45 17 13 31 55 8 37 14 50 
30 67 26 56 26 61 70 54 54 40 45 65 55 56 56 46 60 46 7 36 29 45 36 23 34 68 45 51 50 61 
170 997 955 335 384 658 740 828 454 367 548 314 335 957 208 792 210 320 687 983 367 916 353 934 994 512 675 352 556 195 
18 10 10 10 10 10 17 18 26 26 12 15 15 15 15 0 0 0 9 9 9 23 23 23 23 23 28 28 28 28 20 20 22 4 2 19 19 19 19 23 23 23 23 23 2 4 16 20 20 0 0 0 24 11 11 11 11 24 13 13 13 13 7 7 7 19 19 19 19 22 27 27 27 27 3 3 3 3 9 9 9 6 6 14 14 14 10 10 10 10 10 21 21 21 21 26 26 15 15 15 15 17 28 28 28 28 29 29 29 29 29 29 29 29 29 29 29 29 29 29 29 29 29 29 29 29 27 27 27 27 5 5 5 8 8 7 7 7 8 8 12 25 25 25 25 3 3 3 3 13 13 13 13 14 14 14 16 5 5 5 29 29 29 29 29 29 29 29 29 29 29 29 29 29 29 29 29 29 29 29 1 1 1 1 1 11 11 11 11 1 1 1 1 1 25 25 25 25 6 6 