784
100
2
1 1 3 3 6 7 7 7 7 7 7 7 7 7 7 7 7 7 7 7 7 7 9 9 9 9 9 10 10 10 10 15 15 15 15 15 15 20 20 20 20 20 20 20 20 20 26 26 26 26 26 26 26 26 26 26 26 26 26 26 28 28 28 29 29 29 29 29 30 33 33 33 33 36 36 36 36 36 37 37 37 37 37 37 37 37 38 38 38 38 40 40 40 40 41 41 41 41 41 41 41 41 41 41 41 41 41 41 41 41 42 42 45 45 45 45 45 46 46 46 46 46 46 46 46 46 46 46 46 47 47 47 47 47 48 48 48 48 48 49 49 49 49 50 50 50 50 50 51 51 51 52 52 52 52 52 52 55 55 55 62 62 62 62 62 62 62 62 62 63 63 63 63 63 66 66 67 67 67 67 67 67 67 67 67 68 68 68 68 68 70 70 70 70 70 70 70 70 70 70 
155 156 117 118 68 112 94 95 96 97 98 99 100 101 102 103 104 105 106 107 108 109 143 144 145 146 147 86 87 88 89 78 79 80 81 151 152 82 83 84 85 176 177 178 179 180 190 191 192 193 194 181 182 183 184 124 125 126 127 128 171 172 173 160 161 162 163 164 4 70 69 72 71 129 130 131 132 133 31 32 33 34 37 38 39 40 27 28 29 30 139 140 141 142 6 7 8 9 10 11 12 13 14 15 16 17 18 19 20 21 153 154 5 165 166 167 168 2 3 134 135 136 137 138 55 56 57 58 59 73 74 75 76 77 119 120 121 122 123 90 91 92 93 22 23 24 25 26 157 158 159 35 36 110 111 0 1 148 149 150 63 64 65 66 67 113 114 115 116 174 175 60 61 62 169 170 41 42 43 44 45 51 52 53 54 195 196 197 198 199 46 47 48 49 50 185 186 187 188 189 
608 608 892 892 279 722 901 901 901 901 901 901 901 901 901 901 901 901 901 901 901 901 894 894 894 894 894 467 467 467 467 830 830 830 830 357 357 829 829 829 829 314 314 314 314 314 658 658 658 658 658 327 327 327 327 960 960 960 960 960 603 603 603 744 744 744 744 744 279 378 378 378 378 453 453 453 453 453 830 830 830 830 829 829 829 829 467 467 467 467 799 799 799 799 901 901 901 901 901 901 901 901 901 901 901 901 901 901 901 901 352 352 722 241 241 241 241 892 892 473 473 473 473 473 960 960 960 960 960 453 453 453 453 453 473 473 473 473 473 799 799 799 799 894 894 894 894 894 444 444 444 357 357 352 352 608 608 444 444 444 744 744 744 744 744 241 241 241 241 392 392 603 603 603 392 392 314 314 314 314 314 327 327 327 327 560 560 560 560 560 658 658 658 658 658 560 560 560 560 560 
0 1 2 3 4 5 6 7 8 9 10 11 12 13 14 15 16 17 18 19 20 21 22 23 24 25 26 27 28 29 30 31 32 33 34 35 36 37 38 39 40 41 42 43 44 45 46 47 48 49 50 51 52 53 54 55 56 57 58 59 60 61 62 63 64 65 66 67 4 68 68 69 69 70 71 72 73 74 31 32 33 34 37 38 39 40 27 28 29 30 75 76 77 78 6 7 8 9 10 11 12 13 14 15 16 17 18 19 20 21 79 80 5 81 82 83 84 2 3 85 86 87 88 89 55 56 57 58 59 70 71 72 73 74 85 86 87 88 89 75 76 77 78 22 23 24 25 26 90 91 92 35 36 79 80 0 1 90 91 92 63 64 65 66 67 81 82 83 84 93 94 60 61 62 93 94 41 42 43 44 45 51 52 53 54 95 96 97 98 99 46 47 48 49 50 95 96 97 98 99 
63768
25
2 1 4 1 2 4 5 2 5 4 5 4 5 3 2 5 4 5 2 4 2 5 3 5 16 
3 6 15 7 33 10 9 63 36 20 26 40 29 51 15 46 45 20 42 26 1 26 28 68 7 
46 30 37 45 33 38 50 66 47 37 70 49 62 55 52 48 62 67 52 67 52 46 63 70 41 
892 279 830 722 378 467 894 392 453 829 658 799 744 444 357 473 241 314 352 327 608 960 603 560 901 
20 20 0 0 1 3 24 24 24 24 24 24 24 24 24 24 24 24 24 24 24 24 6 6 6 6 6 5 5 5 5 2 2 2 2 14 14 9 9 9 9 17 17 17 17 17 10 10 10 10 10 19 19 19 19 21 21 21 21 21 22 22 22 12 12 12 12 12 1 4 4 4 4 8 8 8 8 8 2 2 2 2 9 9 9 9 5 5 5 5 11 11 11 11 24 24 24 24 24 24 24 24 24 24 24 24 24 24 24 24 18 18 3 16 16 16 16 0 0 15 15 15 15 15 21 21 21 21 21 8 8 8 8 8 15 15 15 15 15 11 11 11 11 6 6 6 6 6 13 13 13 14 14 18 18 20 20 13 13 13 12 12 12 12 12 16 16 16 16 7 7 22 22 22 7 7 17 17 17 17 17 19 19 19 19 23 23 23 23 23 10 10 10 10 10 23 23 23 23 23 