826
100
2
1 1 1 1 1 1 1 1 1 1 1 4 4 4 4 4 4 4 4 4 4 4 7 7 7 7 7 7 7 7 7 7 7 7 7 7 7 7 7 7 7 7 7 8 8 8 8 8 8 8 8 8 8 8 11 11 11 11 11 14 14 14 14 14 14 14 15 15 15 15 15 15 15 15 15 15 15 15 15 15 15 15 15 15 15 15 17 17 17 17 17 17 17 17 17 17 17 21 21 21 21 21 21 21 21 21 21 21 23 23 23 24 24 28 28 28 36 36 36 36 36 36 36 36 36 36 36 36 36 36 40 40 40 40 40 40 40 40 40 40 40 41 41 41 41 41 41 47 47 47 50 50 50 50 50 50 50 50 50 50 50 50 50 50 53 53 53 53 53 53 59 59 59 60 60 60 62 62 62 62 62 62 62 62 62 62 62 62 62 62 62 62 62 62 62 62 68 68 68 68 
173 174 175 43 44 45 46 47 48 49 50 150 151 152 153 154 155 156 157 158 159 160 54 55 56 57 58 66 67 68 69 70 71 72 73 74 59 60 61 62 63 64 65 3 4 5 6 7 8 9 10 113 114 115 22 23 24 25 26 36 37 38 39 40 41 42 27 28 29 30 31 32 33 34 35 86 87 88 89 90 91 92 93 94 95 96 75 76 77 78 79 80 81 82 83 84 85 130 131 132 133 134 135 136 137 138 139 140 170 171 172 168 169 51 52 53 182 183 184 185 186 187 188 189 190 191 192 193 194 195 97 98 99 100 101 102 103 104 105 106 107 176 177 178 179 180 181 161 162 163 11 12 13 14 15 16 17 18 19 20 21 147 148 149 196 197 198 199 111 112 108 109 110 0 1 2 141 142 143 144 145 146 116 117 118 119 120 121 122 123 124 125 126 127 128 129 164 165 166 167 
334 334 334 765 765 765 765 765 765 765 765 200 200 200 200 200 200 200 200 200 200 200 799 799 799 799 799 970 970 970 970 970 970 970 970 970 287 287 287 287 287 287 287 765 765 765 765 765 765 765 765 854 854 854 799 799 799 799 799 287 287 287 287 287 287 287 970 970 970 970 970 970 970 970 970 577 577 577 577 577 577 577 577 577 577 577 577 577 577 577 577 577 577 577 577 577 577 729 729 729 729 729 729 729 729 729 729 729 625 625 625 479 479 854 854 854 773 773 773 773 773 773 773 773 773 773 773 773 773 773 729 729 729 729 729 729 729 729 729 729 729 460 460 460 460 460 460 636 636 636 200 200 200 200 200 200 200 200 200 200 200 636 636 636 672 672 672 672 479 479 625 625 625 334 334 334 460 460 460 460 460 460 773 773 773 773 773 773 773 773 773 773 773 773 773 773 672 672 672 672 
0 1 2 3 4 5 6 7 8 9 10 11 12 13 14 15 16 17 18 19 20 21 22 23 24 25 26 27 28 29 30 31 32 33 34 35 36 37 38 39 40 41 42 3 4 5 6 7 8 9 10 43 44 45 22 23 24 25 26 36 37 38 39 40 41 42 27 28 29 30 31 32 33 34 35 46 47 48 49 50 51 52 53 54 55 56 46 47 48 49 50 51 52 53 54 55 56 57 58 59 60 61 62 63 64 65 66 67 68 69 70 71 72 43 44 45 73 74 75 76 77 78 79 80 81 82 83 84 85 86 57 58 59 60 61 62 63 64 65 66 67 87 88 89 90 91 92 93 94 95 11 12 13 14 15 16 17 18 19 20 21 93 94 95 96 97 98 99 71 72 68 69 70 0 1 2 87 88 89 90 91 92 73 74 75 76 77 78 79 80 81 82 83 84 85 86 96 97 98 99 
61995
15
3 11 8 4 5 9 3 7 11 6 11 3 3 2 14 
1 4 1 53 7 7 8 7 15 41 21 23 47 24 36 
60 50 8 68 11 15 28 14 17 62 40 59 50 53 62 
334 200 765 672 799 970 854 287 577 460 729 625 636 479 773 
0 0 0 2 2 2 2 2 2 2 2 1 1 1 1 1 1 1 1 1 1 1 4 4 4 4 4 5 5 5 5 5 5 5 5 5 7 7 7 7 7 7 7 2 2 2 2 2 2 2 2 6 6 6 4 4 4 4 4 7 7 7 7 7 7 7 5 5 5 5 5 5 5 5 5 8 8 8 8 8 8 8 8 8 8 8 8 8 8 8 8 8 8 8 8 8 8 10 10 10 10 10 10 10 10 10 10 10 11 11 11 13 13 6 6 6 14 14 14 14 14 14 14 14 14 14 14 14 14 14 10 10 10 10 10 10 10 10 10 10 10 9 9 9 9 9 9 12 12 12 1 1 1 1 1 1 1 1 1 1 1 12 12 12 3 3 3 3 13 13 11 11 11 0 0 0 9 9 9 9 9 9 14 14 14 14 14 14 14 14 14 14 14 14 14 14 3 3 3 3 