675
100
2
1 1 1 1 7 7 7 7 7 7 7 7 7 8 8 8 8 12 12 13 14 14 14 14 14 14 14 14 14 14 14 16 16 16 16 16 16 16 16 16 16 18 18 18 18 18 20 20 23 23 23 23 23 23 23 23 24 24 24 24 24 25 25 25 25 25 26 26 26 28 28 28 28 30 30 30 30 31 31 31 31 31 31 36 36 36 36 42 42 42 42 42 42 42 42 42 42 42 42 42 42 42 42 42 42 43 43 43 43 43 43 43 43 43 43 43 43 43 43 43 43 43 43 43 43 43 43 45 45 46 46 46 46 46 47 47 47 47 47 48 48 48 48 49 49 49 49 50 50 50 52 52 52 52 52 52 52 52 52 53 53 54 54 54 54 57 57 57 57 57 57 59 59 59 59 60 60 60 60 62 62 62 62 66 66 66 66 66 66 66 68 68 68 68 68 68 69 69 69 69 
52 53 54 55 31 32 33 34 35 73 74 75 76 183 184 185 186 67 68 66 83 84 85 86 46 47 41 42 43 44 45 4 5 6 7 8 129 130 131 132 133 26 27 28 29 30 24 25 134 135 136 137 0 1 2 3 61 62 63 64 65 56 57 58 59 60 19 17 18 156 157 158 189 9 10 11 12 105 106 107 108 147 148 20 21 22 23 109 110 111 112 113 114 115 116 117 118 119 120 121 122 123 124 125 126 77 78 79 80 87 88 89 90 91 92 93 94 95 96 97 98 99 100 101 102 103 104 150 151 36 37 38 39 40 48 49 50 51 149 167 168 169 170 190 191 192 193 81 82 138 127 128 196 197 198 199 69 70 71 194 195 171 172 173 174 187 188 139 140 141 142 161 162 163 164 179 180 181 182 175 176 177 178 13 14 15 16 165 166 72 143 144 145 146 159 160 152 153 154 155 
551 551 551 551 781 781 781 781 781 396 396 396 396 853 853 853 853 597 597 580 480 480 480 480 486 486 392 392 392 392 392 781 781 781 781 781 899 899 899 899 899 392 392 392 392 392 486 486 452 452 452 452 551 551 551 551 390 390 390 390 390 390 390 390 390 390 580 597 597 996 996 996 558 396 396 396 396 231 231 231 231 831 831 480 480 480 480 968 968 968 968 968 968 968 968 968 968 968 968 968 968 968 968 968 968 231 231 231 231 968 968 968 968 968 968 968 968 968 968 968 968 968 968 968 968 968 968 563 563 899 899 899 899 899 452 452 452 452 315 204 204 204 204 272 272 272 272 831 831 315 563 563 625 625 625 625 996 996 996 781 781 540 540 540 540 684 684 204 204 204 204 540 540 540 540 529 529 529 529 529 529 529 529 853 853 853 853 684 684 558 272 272 272 272 781 781 625 625 625 625 
0 1 2 3 4 5 6 7 8 9 10 11 12 13 14 15 16 17 18 19 20 21 22 23 24 25 26 27 28 29 30 4 5 6 7 8 31 32 33 34 35 26 27 28 29 30 24 25 36 37 38 39 0 1 2 3 40 41 42 43 44 40 41 42 43 44 19 17 18 45 46 47 48 9 10 11 12 49 50 51 52 53 54 20 21 22 23 55 56 57 58 59 60 61 62 63 64 65 66 67 68 69 70 71 72 49 50 51 52 55 56 57 58 59 60 61 62 63 64 65 66 67 68 69 70 71 72 73 74 31 32 33 34 35 36 37 38 39 75 76 77 78 79 80 81 82 83 53 54 75 73 74 84 85 86 87 45 46 47 88 89 90 91 92 93 94 95 76 77 78 79 90 91 92 93 96 97 98 99 96 97 98 99 13 14 15 16 94 95 48 80 81 82 83 88 89 84 85 86 87 
62591
26
4 4 4 4 2 2 4 3 2 1 4 1 5 4 4 4 2 4 1 4 5 5 2 2 5 18 
8 23 31 49 45 57 52 28 31 47 48 13 7 14 54 1 14 60 28 7 24 16 12 53 14 42 
66 47 43 68 52 66 69 52 50 50 57 26 16 36 59 23 20 62 66 30 25 46 26 68 18 43 
853 452 231 272 563 684 625 996 831 315 204 580 781 480 540 551 486 529 558 396 390 899 597 781 392 968 
15 15 15 15 12 12 12 12 12 19 19 19 19 0 0 0 0 22 22 11 13 13 13 13 16 16 24 24 24 24 24 12 12 12 12 12 21 21 21 21 21 24 24 24 24 24 16 16 1 1 1 1 15 15 15 15 20 20 20 20 20 20 20 20 20 20 11 22 22 7 7 7 18 19 19 19 19 2 2 2 2 8 8 13 13 13 13 25 25 25 25 25 25 25 25 25 25 25 25 25 25 25 25 25 25 2 2 2 2 25 25 25 25 25 25 25 25 25 25 25 25 25 25 25 25 25 25 4 4 21 21 21 21 21 1 1 1 1 9 10 10 10 10 3 3 3 3 8 8 9 4 4 6 6 6 6 7 7 7 23 23 14 14 14 14 5 5 10 10 10 10 14 14 14 14 17 17 17 17 17 17 17 17 0 0 0 0 5 5 18 3 3 3 3 23 23 6 6 6 6 