746
100
2
3 3 4 4 4 4 4 5 5 5 5 5 5 5 5 6 6 6 6 6 8 8 8 8 8 9 9 9 9 9 9 10 10 10 12 12 12 12 12 12 14 14 14 14 15 15 17 17 20 20 20 20 20 20 20 20 21 21 22 22 22 22 22 22 22 23 23 24 24 25 25 25 25 25 25 25 25 25 25 26 26 26 26 26 26 26 26 26 26 26 26 26 27 27 27 27 27 27 27 27 27 27 28 28 28 28 29 30 30 30 30 30 30 33 33 33 33 34 34 34 36 36 36 38 38 38 38 38 38 38 38 38 38 38 41 41 41 44 44 44 44 44 48 48 48 48 48 48 49 49 49 49 49 51 51 51 51 51 51 51 51 51 51 51 51 51 53 53 54 54 55 55 55 56 56 56 56 56 56 56 56 56 56 56 56 63 63 63 65 66 68 68 68 68 68 70 70 70 70 70 
56 57 51 52 53 54 55 188 185 186 187 134 135 136 189 175 176 177 178 179 180 181 182 183 184 128 129 130 131 132 133 117 118 119 59 60 61 62 63 64 113 114 115 116 45 44 67 68 58 166 167 2 3 4 5 6 0 1 48 34 35 36 37 38 39 146 147 46 47 92 93 94 95 96 195 196 197 198 199 153 154 155 156 157 158 159 160 161 162 163 164 165 69 70 71 72 73 137 138 139 140 141 142 143 144 145 112 123 124 125 126 127 106 40 41 42 43 31 32 33 170 171 172 107 108 109 110 111 25 26 27 28 29 30 11 12 13 97 98 99 100 101 102 103 104 105 65 66 190 191 192 193 194 79 80 81 82 83 84 85 86 87 88 89 90 91 49 50 173 174 120 121 122 168 169 15 16 17 18 19 20 21 22 23 24 8 9 10 7 14 148 149 150 151 152 74 75 76 77 78 
905 905 423 423 423 423 423 726 580 580 580 950 950 950 709 344 344 344 344 344 470 470 470 470 470 744 744 744 744 744 744 399 399 399 611 611 611 611 611 611 198 198 198 198 389 389 257 257 723 986 986 423 423 423 423 423 905 905 723 611 611 611 611 611 611 926 926 257 257 234 234 234 234 234 660 660 660 660 660 392 392 392 392 392 392 392 392 392 392 392 392 392 234 234 234 234 234 808 808 808 808 808 690 690 690 690 374 312 312 312 312 312 374 198 198 198 198 399 399 399 520 520 520 312 312 312 312 312 744 744 744 744 744 744 950 950 950 808 808 808 808 808 690 690 690 690 926 926 646 646 646 646 646 392 392 392 392 392 392 392 392 392 392 392 392 392 986 986 587 587 520 520 520 587 587 344 344 344 344 344 470 470 470 470 470 580 580 580 726 709 646 646 646 646 646 660 660 660 660 660 
0 1 2 3 4 5 6 7 8 9 10 11 12 13 14 15 16 17 18 19 20 21 22 23 24 25 26 27 28 29 30 31 32 33 34 35 36 37 38 39 40 41 42 43 44 44 45 46 47 48 49 2 3 4 5 6 0 1 47 34 35 36 37 38 39 50 51 45 46 52 53 54 55 56 57 58 59 60 61 62 63 64 65 66 67 68 69 70 71 72 73 74 52 53 54 55 56 75 76 77 78 79 80 81 82 83 84 85 86 87 88 89 84 40 41 42 43 31 32 33 90 91 92 85 86 87 88 89 25 26 27 28 29 30 11 12 13 75 76 77 78 79 80 81 82 83 50 51 93 94 95 96 97 62 63 64 65 66 67 68 69 70 71 72 73 74 48 49 98 99 90 91 92 98 99 15 16 17 18 19 20 21 22 23 24 8 9 10 7 14 93 94 95 96 97 57 58 59 60 61 
53853
27
5 2 5 1 4 1 2 2 6 5 5 1 4 5 2 5 2 5 1 3 3 3 3 1 5 6 13 
30 54 25 20 28 29 23 20 12 6 27 5 14 8 3 4 17 25 15 5 5 10 36 5 49 9 26 
38 56 27 22 48 30 48 53 22 56 44 65 33 56 21 20 24 70 15 63 41 34 55 66 68 38 51 
312 587 234 723 690 374 926 986 611 344 808 726 198 470 905 423 257 660 389 580 950 399 520 709 646 744 392 
14 14 15 15 15 15 15 11 19 19 19 20 20 20 23 9 9 9 9 9 13 13 13 13 13 25 25 25 25 25 25 21 21 21 8 8 8 8 8 8 12 12 12 12 18 18 16 16 3 7 7 15 15 15 15 15 14 14 3 8 8 8 8 8 8 6 6 16 16 2 2 2 2 2 17 17 17 17 17 26 26 26 26 26 26 26 26 26 26 26 26 26 2 2 2 2 2 10 10 10 10 10 4 4 4 4 5 0 0 0 0 0 5 12 12 12 12 21 21 21 22 22 22 0 0 0 0 0 25 25 25 25 25 25 20 20 20 10 10 10 10 10 4 4 4 4 6 6 24 24 24 24 24 26 26 26 26 26 26 26 26 26 26 26 26 26 7 7 1 1 22 22 22 1 1 9 9 9 9 9 13 13 13 13 13 19 19 19 11 23 24 24 24 24 24 17 17 17 17 17 