171
100
2
2 2 2 2 2 2 4 4 4 4 4 4 4 4 4 4 4 7 7 7 7 7 7 7 7 7 7 7 7 7 8 8 11 11 11 12 12 12 12 12 12 12 16 16 16 16 16 16 18 18 18 20 20 20 20 20 22 22 22 22 22 22 22 23 23 23 23 23 23 23 26 26 26 26 26 26 26 26 26 26 26 26 27 27 27 27 27 27 27 27 27 27 27 27 27 27 27 27 27 27 31 31 31 31 34 34 34 34 34 34 34 34 35 35 35 35 37 37 37 37 37 37 37 38 38 38 38 38 38 41 41 41 46 46 46 46 47 47 47 47 49 49 55 55 55 55 55 55 59 59 59 59 59 59 60 60 60 60 60 60 60 60 60 60 60 61 61 61 61 61 61 61 61 61 61 61 65 65 65 65 65 65 66 66 66 66 66 66 66 67 67 67 67 69 69 69 69 69 69 69 
129 130 131 32 33 34 48 49 50 104 105 106 107 108 109 110 111 142 143 144 145 146 147 152 153 51 52 53 54 55 140 141 3 4 5 182 183 184 185 186 187 188 94 95 96 97 98 99 6 7 8 25 26 27 28 29 63 64 65 66 67 68 69 56 57 58 59 60 61 62 132 133 134 135 86 87 88 89 90 91 92 93 136 137 138 139 74 75 76 77 78 79 80 81 42 43 44 45 46 47 112 113 114 115 9 10 11 12 13 14 15 16 100 101 102 103 193 194 195 196 197 198 199 176 177 178 179 180 181 0 1 2 70 71 72 73 82 83 84 85 30 31 17 18 19 20 21 22 189 190 191 192 23 24 165 166 167 168 169 170 171 172 173 174 175 154 155 156 157 158 159 160 161 162 163 164 123 124 125 126 127 128 35 36 37 38 39 40 41 148 149 150 151 116 117 118 119 120 121 122 
842 842 842 740 740 740 669 669 669 708 708 708 708 708 708 708 708 217 217 217 217 217 217 738 738 831 831 831 831 831 431 431 740 740 740 518 518 518 518 518 518 518 718 718 718 718 718 718 669 669 669 831 831 831 831 831 625 625 625 625 625 625 625 625 625 625 625 625 625 625 365 365 365 365 584 584 584 584 584 584 584 584 344 344 344 344 584 584 584 584 584 584 584 584 718 718 718 718 718 718 709 709 709 709 708 708 708 708 708 708 708 708 709 709 709 709 920 920 920 920 920 920 920 269 269 269 269 269 269 842 842 842 365 365 365 365 344 344 344 344 431 431 217 217 217 217 217 217 196 196 196 196 738 738 349 349 349 349 349 349 349 349 349 349 349 349 349 349 349 349 349 349 349 349 349 349 269 269 269 269 269 269 518 518 518 518 518 518 518 196 196 196 196 920 920 920 920 920 920 920 
0 1 2 3 4 5 6 7 8 9 10 11 12 13 14 15 16 17 18 19 20 21 22 23 24 25 26 27 28 29 30 31 3 4 5 32 33 34 35 36 37 38 39 40 41 42 43 44 6 7 8 25 26 27 28 29 45 46 47 48 49 50 51 45 46 47 48 49 50 51 52 53 54 55 56 57 58 59 60 61 62 63 64 65 66 67 56 57 58 59 60 61 62 63 39 40 41 42 43 44 68 69 70 71 9 10 11 12 13 14 15 16 68 69 70 71 72 73 74 75 76 77 78 79 80 81 82 83 84 0 1 2 52 53 54 55 64 65 66 67 30 31 17 18 19 20 21 22 85 86 87 88 23 24 89 90 91 92 93 94 95 96 97 98 99 89 90 91 92 93 94 95 96 97 98 99 79 80 81 82 83 84 32 33 34 35 36 37 38 85 86 87 88 72 73 74 75 76 77 78 
55542
19
3 7 6 2 7 4 6 4 7 4 2 5 3 4 8 3 8 6 11 
4 37 38 8 22 59 7 26 12 31 7 7 2 27 4 2 26 16 60 
18 69 65 49 23 67 55 46 66 35 59 20 41 47 34 11 27 27 61 
669 920 269 431 625 196 217 365 518 709 738 831 842 344 708 740 584 718 349 
12 12 12 15 15 15 0 0 0 14 14 14 14 14 14 14 14 6 6 6 6 6 6 10 10 11 11 11 11 11 3 3 15 15 15 8 8 8 8 8 8 8 17 17 17 17 17 17 0 0 0 11 11 11 11 11 4 4 4 4 4 4 4 4 4 4 4 4 4 4 7 7 7 7 16 16 16 16 16 16 16 16 13 13 13 13 16 16 16 16 16 16 16 16 17 17 17 17 17 17 9 9 9 9 14 14 14 14 14 14 14 14 9 9 9 9 1 1 1 1 1 1 1 2 2 2 2 2 2 12 12 12 7 7 7 7 13 13 13 13 3 3 6 6 6 6 6 6 5 5 5 5 10 10 18 18 18 18 18 18 18 18 18 18 18 18 18 18 18 18 18 18 18 18 18 18 2 2 2 2 2 2 8 8 8 8 8 8 8 5 5 5 5 1 1 1 1 1 1 1 