501
100
2
5 5 5 5 5 5 6 6 6 7 7 7 7 7 7 11 11 11 11 11 11 11 11 11 11 11 11 11 11 11 11 11 11 11 13 13 13 13 13 13 13 19 19 21 21 21 21 21 21 21 21 21 21 21 21 21 21 21 21 21 21 21 21 21 21 22 22 22 22 22 22 22 22 23 23 23 23 25 25 25 25 25 26 26 26 26 26 27 27 27 27 27 27 27 27 27 27 33 33 37 37 37 37 37 39 39 39 44 44 44 44 44 44 45 46 46 46 46 48 48 48 48 48 48 49 49 49 49 49 52 52 52 52 52 52 52 54 54 54 54 54 54 56 56 56 56 56 58 58 58 58 58 59 59 59 59 59 63 63 63 64 64 64 64 64 64 65 65 65 65 65 65 65 65 65 65 66 66 66 66 66 66 69 69 70 70 70 70 70 70 70 70 70 70 70 70 70 70 70 70 
166 167 168 169 170 171 136 137 138 36 37 38 39 40 41 114 115 116 117 34 35 52 53 54 55 56 57 58 59 60 61 62 63 64 19 20 9 10 11 12 13 14 156 184 185 186 187 188 172 173 174 175 21 22 23 24 25 26 27 28 29 30 31 32 33 142 143 144 145 146 104 105 106 152 153 154 155 90 91 92 93 94 99 100 101 102 103 107 108 109 77 78 79 80 81 182 183 139 140 82 83 84 85 86 70 71 72 87 88 89 157 158 159 129 15 16 17 18 176 177 178 179 180 181 147 148 149 150 151 113 141 195 196 197 198 199 6 7 8 97 98 130 65 66 67 68 69 124 125 126 127 128 73 74 75 76 42 110 111 112 189 190 191 192 193 194 0 1 2 3 4 5 48 49 50 51 118 119 120 121 122 123 95 96 43 44 45 46 47 160 161 162 163 164 165 131 132 133 134 135 
977 977 977 977 977 977 985 985 985 848 848 848 848 848 225 292 292 292 292 395 395 211 211 211 211 211 211 211 211 211 211 211 211 211 395 395 848 848 848 848 848 225 445 227 227 227 227 227 327 327 327 327 211 211 211 211 211 211 211 211 211 211 211 211 211 826 826 826 826 826 920 920 920 319 319 319 319 968 968 968 968 968 774 774 774 774 774 597 597 597 968 968 968 968 968 707 707 466 466 774 774 774 774 774 920 920 920 597 597 597 734 734 734 445 292 292 292 292 670 670 670 670 670 670 276 276 276 276 276 445 202 373 373 373 373 373 985 985 985 466 466 202 826 826 826 826 826 276 276 276 276 276 319 319 319 319 445 734 734 734 831 831 831 831 831 831 977 977 977 977 977 977 327 327 327 327 670 670 670 670 670 670 707 707 227 227 227 227 227 831 831 831 831 831 831 373 373 373 373 373 
0 1 2 3 4 5 6 7 8 9 10 11 12 13 14 15 16 17 18 19 20 21 22 23 24 25 26 27 28 29 30 31 32 33 19 20 9 10 11 12 13 14 34 35 36 37 38 39 40 41 42 43 21 22 23 24 25 26 27 28 29 30 31 32 33 44 45 46 47 48 49 50 51 52 53 54 55 56 57 58 59 60 61 62 63 64 65 66 67 68 56 57 58 59 60 69 70 71 72 61 62 63 64 65 49 50 51 66 67 68 73 74 75 76 15 16 17 18 77 78 79 80 81 82 83 84 85 86 87 76 88 89 90 91 92 93 6 7 8 71 72 88 44 45 46 47 48 83 84 85 86 87 52 53 54 55 34 73 74 75 94 95 96 97 98 99 0 1 2 3 4 5 40 41 42 43 77 78 79 80 81 82 69 70 35 36 37 38 39 94 95 96 97 98 99 89 90 91 92 93 
56984
25
4 5 6 6 3 5 2 5 5 5 3 3 6 5 4 2 3 1 1 1 4 2 1 5 13 
11 21 5 48 27 26 11 49 7 25 44 6 64 22 23 33 22 45 52 7 21 27 19 52 11 
46 70 65 66 44 37 13 58 13 27 63 54 70 56 59 54 39 52 54 19 65 69 59 70 21 
292 227 977 670 597 774 395 276 848 968 734 985 831 826 319 466 920 445 202 225 327 707 445 373 211 
2 2 2 2 2 2 11 11 11 8 8 8 8 8 19 0 0 0 0 6 6 24 24 24 24 24 24 24 24 24 24 24 24 24 6 6 8 8 8 8 8 19 22 1 1 1 1 1 20 20 20 20 24 24 24 24 24 24 24 24 24 24 24 24 24 13 13 13 13 13 16 16 16 14 14 14 14 9 9 9 9 9 5 5 5 5 5 4 4 4 9 9 9 9 9 21 21 15 15 5 5 5 5 5 16 16 16 4 4 4 10 10 10 17 0 0 0 0 3 3 3 3 3 3 7 7 7 7 7 17 18 23 23 23 23 23 11 11 11 15 15 18 13 13 13 13 13 7 7 7 7 7 14 14 14 14 22 10 10 10 12 12 12 12 12 12 2 2 2 2 2 2 20 20 20 20 3 3 3 3 3 3 21 21 1 1 1 1 1 12 12 12 12 12 12 23 23 23 23 23 