769
100
2
2 2 2 2 2 2 2 2 3 3 3 3 3 3 3 5 5 5 5 5 5 5 5 5 5 5 5 5 5 5 5 5 5 5 5 6 6 6 6 6 6 8 8 8 8 8 11 11 11 16 16 16 16 16 16 18 18 18 18 21 21 21 21 21 21 21 23 23 23 23 23 23 23 23 24 24 24 24 24 24 24 24 24 30 30 30 30 30 30 30 30 30 30 30 30 30 34 34 34 34 34 34 34 36 36 36 36 36 38 38 38 38 38 38 41 41 41 42 42 42 42 42 42 42 42 42 42 42 42 42 42 42 42 42 42 44 44 44 44 44 44 44 44 44 44 44 44 44 44 44 44 44 44 44 47 47 47 47 47 47 47 56 56 56 56 56 56 56 56 58 58 58 58 62 62 62 62 64 64 64 64 64 64 64 66 66 66 66 66 66 66 66 66 66 66 69 69 69 69 69 
173 174 175 176 150 151 152 153 154 155 156 157 158 159 160 177 178 179 180 181 182 183 46 47 48 125 126 127 128 129 130 131 132 133 134 108 109 110 111 112 113 195 196 197 198 199 22 23 24 189 190 191 192 193 194 169 170 171 172 143 144 145 146 147 148 149 161 162 163 164 165 166 167 168 114 115 116 90 91 92 93 94 95 96 97 98 99 100 101 102 77 78 79 80 81 82 83 84 85 86 87 88 89 184 185 186 187 188 35 36 37 38 39 40 74 75 76 135 136 137 138 139 140 141 142 25 26 27 28 29 30 31 32 33 34 117 118 119 120 121 122 123 124 59 60 61 62 63 64 65 4 5 6 7 8 9 10 11 12 13 14 66 67 68 69 70 71 72 73 55 56 57 58 0 1 2 3 15 16 17 18 19 20 21 103 104 105 106 107 49 50 51 52 53 54 41 42 43 44 45 
393 393 393 393 553 553 553 553 235 235 235 235 235 235 235 767 767 767 767 767 767 767 983 983 983 777 777 777 777 777 777 777 777 777 777 616 616 616 616 616 616 601 601 601 601 601 983 983 983 544 544 544 544 544 544 626 626 626 626 493 493 493 493 493 493 493 935 935 935 935 935 935 935 935 281 281 281 310 310 310 310 310 310 674 674 674 290 290 290 290 310 310 310 310 310 310 674 674 674 290 290 290 290 820 820 820 820 820 616 616 616 616 616 616 281 281 281 361 361 361 361 361 361 361 361 777 777 777 777 777 777 777 777 777 777 361 361 361 361 361 361 361 361 493 493 493 493 493 493 493 553 553 553 553 235 235 235 235 235 235 235 935 935 935 935 935 935 935 935 626 626 626 626 393 393 393 393 767 767 767 767 767 767 767 820 820 820 820 820 544 544 544 544 544 544 601 601 601 601 601 
0 1 2 3 4 5 6 7 8 9 10 11 12 13 14 15 16 17 18 19 20 21 22 23 24 25 26 27 28 29 30 31 32 33 34 35 36 37 38 39 40 41 42 43 44 45 22 23 24 46 47 48 49 50 51 52 53 54 55 56 57 58 59 60 61 62 63 64 65 66 67 68 69 70 71 72 73 74 75 76 77 78 79 80 81 82 83 84 85 86 74 75 76 77 78 79 80 81 82 83 84 85 86 87 88 89 90 91 35 36 37 38 39 40 71 72 73 92 93 94 95 96 97 98 99 25 26 27 28 29 30 31 32 33 34 92 93 94 95 96 97 98 99 56 57 58 59 60 61 62 4 5 6 7 8 9 10 11 12 13 14 63 64 65 66 67 68 69 70 52 53 54 55 0 1 2 3 15 16 17 18 19 20 21 87 88 89 90 91 46 47 48 49 50 51 41 42 43 44 45 
57790
18
5 8 7 4 5 3 3 7 6 7 8 6 4 4 4 6 3 10 
36 42 5 2 8 24 30 21 6 3 23 16 18 2 30 24 5 5 
66 44 64 62 69 41 34 44 38 47 56 66 58 44 34 30 11 42 
820 361 767 393 601 281 674 493 616 235 935 544 626 553 290 310 983 777 
3 3 3 3 13 13 13 13 9 9 9 9 9 9 9 2 2 2 2 2 2 2 16 16 16 17 17 17 17 17 17 17 17 17 17 8 8 8 8 8 8 4 4 4 4 4 16 16 16 11 11 11 11 11 11 12 12 12 12 7 7 7 7 7 7 7 10 10 10 10 10 10 10 10 5 5 5 15 15 15 15 15 15 6 6 6 14 14 14 14 15 15 15 15 15 15 6 6 6 14 14 14 14 0 0 0 0 0 8 8 8 8 8 8 5 5 5 1 1 1 1 1 1 1 1 17 17 17 17 17 17 17 17 17 17 1 1 1 1 1 1 1 1 7 7 7 7 7 7 7 13 13 13 13 9 9 9 9 9 9 9 10 10 10 10 10 10 10 10 12 12 12 12 3 3 3 3 2 2 2 2 2 2 2 0 0 0 0 0 11 11 11 11 11 11 4 4 4 4 4 