8
100
2
2 2 3 3 3 3 3 3 3 3 3 3 3 3 3 3 3 9 9 9 9 10 10 10 10 10 10 10 10 10 10 10 10 10 10 10 13 13 13 13 13 13 13 24 24 24 24 24 24 24 24 24 24 24 24 24 24 24 24 24 24 24 24 24 24 26 26 26 26 26 26 26 27 27 27 27 27 27 27 27 27 27 27 27 27 34 34 34 34 34 34 34 34 34 34 35 35 35 35 35 35 35 35 38 38 38 38 38 38 38 40 40 40 40 40 40 40 40 40 40 40 40 40 40 40 40 40 40 40 40 40 40 40 40 40 40 40 40 40 49 49 49 49 49 49 49 49 49 49 49 49 49 49 49 49 49 49 49 49 49 49 54 54 58 58 58 58 63 63 63 63 63 63 63 63 63 63 63 63 63 64 64 64 64 64 64 64 64 64 64 64 64 64 64 64 64 64 64 64 64 
85 86 124 125 126 127 128 129 130 131 132 133 134 135 136 137 138 163 164 165 166 103 104 105 106 107 108 109 87 88 89 90 91 92 93 94 65 66 67 68 69 70 71 139 140 141 142 143 144 145 146 147 148 149 150 151 152 153 154 155 156 157 158 159 160 36 37 38 39 40 41 42 167 168 169 170 171 172 173 174 175 176 177 178 179 0 1 28 29 30 31 32 33 34 35 161 162 194 195 196 197 198 199 21 22 23 24 25 26 27 180 181 182 183 184 185 186 187 188 189 190 191 192 193 2 3 4 5 6 7 8 9 10 11 12 13 14 15 16 43 44 45 46 47 48 49 50 51 52 53 54 55 56 57 58 59 60 61 62 63 64 95 96 17 18 19 20 72 73 74 75 76 77 78 79 80 81 82 83 84 110 111 112 113 114 115 116 117 118 119 120 121 122 123 97 98 99 100 101 102 
636 636 530 530 530 530 530 530 530 530 530 530 530 530 530 530 530 355 355 355 355 338 338 338 338 338 338 338 301 301 301 301 301 301 301 301 579 579 579 579 579 579 579 791 791 791 791 791 791 791 791 791 791 791 791 791 791 791 791 791 791 791 791 791 791 579 579 579 579 579 579 579 468 468 468 468 468 468 468 468 468 468 468 468 468 636 636 301 301 301 301 301 301 301 301 182 182 519 519 519 519 519 519 338 338 338 338 338 338 338 765 765 765 765 765 765 765 765 765 765 765 765 765 765 530 530 530 530 530 530 530 530 530 530 530 530 530 530 530 791 791 791 791 791 791 791 791 791 791 791 791 791 791 791 791 791 791 791 791 791 791 182 182 355 355 355 355 468 468 468 468 468 468 468 468 468 468 468 468 468 765 765 765 765 765 765 765 765 765 765 765 765 765 765 519 519 519 519 519 519 
0 1 2 3 4 5 6 7 8 9 10 11 12 13 14 15 16 17 18 19 20 21 22 23 24 25 26 27 28 29 30 31 32 33 34 35 36 37 38 39 40 41 42 43 44 45 46 47 48 49 50 51 52 53 54 55 56 57 58 59 60 61 62 63 64 36 37 38 39 40 41 42 65 66 67 68 69 70 71 72 73 74 75 76 77 0 1 28 29 30 31 32 33 34 35 78 79 80 81 82 83 84 85 21 22 23 24 25 26 27 86 87 88 89 90 91 92 93 94 95 96 97 98 99 2 3 4 5 6 7 8 9 10 11 12 13 14 15 16 43 44 45 46 47 48 49 50 51 52 53 54 55 56 57 58 59 60 61 62 63 64 78 79 17 18 19 20 65 66 67 68 69 70 71 72 73 74 75 76 77 86 87 88 89 90 91 92 93 94 95 96 97 98 99 80 81 82 83 84 85 
57143
11
14 2 15 13 7 2 6 7 8 4 22 
40 2 3 27 10 35 35 13 10 9 24 
64 34 40 63 38 54 64 26 34 58 49 
765 636 530 468 338 182 519 579 301 355 791 
1 1 2 2 2 2 2 2 2 2 2 2 2 2 2 2 2 9 9 9 9 4 4 4 4 4 4 4 8 8 8 8 8 8 8 8 7 7 7 7 7 7 7 10 10 10 10 10 10 10 10 10 10 10 10 10 10 10 10 10 10 10 10 10 10 7 7 7 7 7 7 7 3 3 3 3 3 3 3 3 3 3 3 3 3 1 1 8 8 8 8 8 8 8 8 5 5 6 6 6 6 6 6 4 4 4 4 4 4 4 0 0 0 0 0 0 0 0 0 0 0 0 0 0 2 2 2 2 2 2 2 2 2 2 2 2 2 2 2 10 10 10 10 10 10 10 10 10 10 10 10 10 10 10 10 10 10 10 10 10 10 5 5 9 9 9 9 3 3 3 3 3 3 3 3 3 3 3 3 3 0 0 0 0 0 0 0 0 0 0 0 0 0 0 6 6 6 6 6 6 