393
100
2
2 2 2 3 3 3 4 4 6 6 6 6 6 6 6 6 6 6 6 6 6 6 6 6 6 6 6 6 7 7 11 11 11 11 11 11 15 15 15 15 15 15 15 15 15 16 16 16 16 16 16 16 16 16 16 16 16 16 16 16 16 16 16 16 16 16 16 17 18 18 18 19 19 19 19 19 19 19 19 19 19 19 20 21 21 21 21 22 22 22 22 22 22 22 22 22 24 24 26 26 26 28 28 28 28 28 33 33 33 33 33 36 37 37 37 37 38 38 38 38 38 38 38 38 41 41 41 42 44 44 44 44 44 44 44 44 46 46 46 46 48 48 48 48 49 49 50 50 50 51 51 51 51 51 51 51 51 52 52 52 52 52 52 52 55 55 55 55 55 58 58 59 59 59 59 61 61 62 62 62 63 63 64 64 64 65 65 65 65 66 66 66 67 67 67 67 67 68 68 70 
149 150 151 146 147 148 43 44 47 48 49 50 51 52 53 54 55 56 57 58 59 60 61 62 63 64 65 66 175 176 98 99 100 177 178 179 169 170 91 92 93 94 95 6 7 155 156 8 9 10 11 12 13 14 15 16 17 18 19 20 21 22 23 24 25 26 27 199 182 183 184 189 190 191 136 137 138 139 83 84 85 86 144 78 79 80 81 140 141 142 143 38 39 40 41 42 108 109 30 31 32 192 193 194 195 196 197 198 96 97 145 127 171 172 173 174 160 161 162 163 132 133 134 135 166 167 168 111 185 186 187 188 120 121 122 123 74 75 76 77 87 88 89 90 82 110 3 4 5 0 1 2 157 158 159 45 46 152 153 154 116 117 118 119 180 181 124 125 126 36 37 112 113 114 115 28 29 33 34 35 164 165 68 69 70 128 129 130 131 71 72 73 101 102 103 104 105 106 107 67 
558 558 558 418 418 418 539 539 693 693 693 693 693 693 693 693 693 693 693 693 693 693 693 693 693 693 693 693 526 526 831 831 831 263 263 263 900 900 343 343 343 343 343 539 539 742 742 693 693 693 693 693 693 693 693 693 693 693 693 693 693 693 693 693 693 693 693 226 174 174 174 760 760 760 706 706 706 706 702 702 702 702 357 702 702 702 702 175 175 175 175 343 343 343 343 343 461 461 831 831 831 311 311 311 311 311 690 690 461 461 396 504 277 277 277 277 980 980 980 980 616 616 616 616 576 576 576 504 502 502 502 502 616 616 616 616 706 706 706 706 175 175 175 175 357 396 418 418 418 558 558 558 724 724 724 742 742 724 724 724 980 980 980 980 408 408 576 576 576 900 900 277 277 277 277 526 526 263 263 263 408 408 174 174 174 502 502 502 502 760 760 760 311 311 311 311 311 690 690 226 
0 1 2 3 4 5 6 7 8 9 10 11 12 13 14 15 16 17 18 19 20 21 22 23 24 25 26 27 28 29 30 31 32 33 34 35 36 37 38 39 40 41 42 6 7 43 44 8 9 10 11 12 13 14 15 16 17 18 19 20 21 22 23 24 25 26 27 45 46 47 48 49 50 51 52 53 54 55 56 57 58 59 60 56 57 58 59 61 62 63 64 38 39 40 41 42 65 66 30 31 32 67 68 69 70 71 72 73 65 66 74 75 76 77 78 79 80 81 82 83 84 85 86 87 88 89 90 75 91 92 93 94 84 85 86 87 52 53 54 55 61 62 63 64 60 74 3 4 5 0 1 2 95 96 97 43 44 95 96 97 80 81 82 83 98 99 88 89 90 36 37 76 77 78 79 28 29 33 34 35 98 99 46 47 48 91 92 93 94 49 50 51 67 68 69 70 71 72 73 45 
55889
29
1 4 3 5 2 3 4 2 1 2 2 3 2 4 2 4 4 1 3 3 3 4 5 4 3 2 3 1 20 
17 44 2 28 7 51 37 16 20 33 24 19 15 19 55 38 22 33 11 18 3 38 15 19 11 4 41 36 6 
70 65 51 67 61 52 59 51 49 68 33 66 58 46 63 52 48 49 26 64 50 44 22 21 62 15 55 42 16 
226 502 558 311 526 724 277 742 357 690 461 760 900 706 408 980 175 396 831 174 418 616 343 702 263 539 576 504 693 
2 2 2 20 20 20 25 25 28 28 28 28 28 28 28 28 28 28 28 28 28 28 28 28 28 28 28 28 4 4 18 18 18 24 24 24 12 12 22 22 22 22 22 25 25 7 7 28 28 28 28 28 28 28 28 28 28 28 28 28 28 28 28 28 28 28 28 0 19 19 19 11 11 11 13 13 13 13 23 23 23 23 8 23 23 23 23 16 16 16 16 22 22 22 22 22 10 10 18 18 18 3 3 3 3 3 9 9 10 10 17 27 6 6 6 6 15 15 15 15 21 21 21 21 26 26 26 27 1 1 1 1 21 21 21 21 13 13 13 13 16 16 16 16 8 17 20 20 20 2 2 2 5 5 5 7 7 5 5 5 15 15 15 15 14 14 26 26 26 12 12 6 6 6 6 4 4 24 24 24 14 14 19 19 19 1 1 1 1 11 11 11 3 3 3 3 3 9 9 0 