23
100
2
2 2 4 4 4 4 4 4 4 4 5 5 5 5 5 5 5 5 5 5 5 10 10 10 10 10 10 10 10 14 14 14 14 14 14 14 14 14 14 14 18 18 18 18 18 18 19 19 19 19 19 19 19 19 19 19 19 19 19 19 19 22 22 22 22 22 22 23 23 23 23 24 24 24 24 26 26 26 26 26 29 29 29 29 29 29 29 29 29 29 29 29 29 29 29 29 29 29 29 30 30 30 30 30 30 30 32 32 34 34 34 34 34 34 34 34 35 35 35 35 35 35 35 35 36 36 36 36 36 36 38 38 38 38 38 39 39 39 39 39 39 39 39 39 43 43 43 48 48 48 49 49 50 50 50 50 50 50 50 50 54 54 54 54 54 54 56 56 60 60 60 60 60 60 60 60 61 61 61 61 61 61 61 61 61 61 61 61 61 63 63 63 63 63 63 68 68 68 68 68 
106 107 168 169 170 171 172 173 174 175 88 89 90 91 92 93 94 95 96 97 98 108 109 110 111 112 113 114 115 124 125 126 127 128 129 195 196 197 198 199 61 62 63 64 65 66 152 153 154 155 156 157 158 159 182 183 184 185 186 187 188 40 41 42 43 44 45 142 143 160 161 162 163 164 165 130 131 132 133 134 116 117 118 119 120 121 122 123 10 11 12 13 14 15 16 17 18 19 20 135 136 137 138 139 140 141 0 1 21 22 23 24 25 26 27 28 80 81 82 83 84 85 86 87 29 30 31 32 33 34 75 76 77 78 79 99 100 101 102 103 104 105 67 68 147 148 149 144 145 146 166 167 46 47 48 49 50 51 52 53 69 70 71 72 73 74 150 151 2 3 4 5 6 7 8 9 189 190 191 192 193 194 54 55 56 57 58 59 60 176 177 178 179 180 181 35 36 37 38 39 
342 342 569 569 569 569 569 569 569 569 450 450 450 450 450 450 450 450 450 450 450 968 968 968 968 968 968 968 968 552 552 552 552 552 552 644 644 644 644 644 395 395 395 395 395 395 459 459 459 459 459 459 459 459 326 326 326 326 326 326 326 395 395 395 395 395 395 415 415 879 879 402 402 402 402 976 976 976 976 976 513 513 513 513 513 513 513 513 450 450 450 450 450 450 450 450 450 450 450 422 422 422 422 422 422 422 342 342 968 968 968 968 968 968 968 968 513 513 513 513 513 513 513 513 552 552 552 552 552 552 976 976 976 976 976 422 422 422 422 422 422 422 415 415 735 735 735 735 735 735 659 659 459 459 459 459 459 459 459 459 879 879 402 402 402 402 659 659 569 569 569 569 569 569 569 569 800 800 800 800 800 800 326 326 326 326 326 326 326 800 800 800 800 800 800 644 644 644 644 644 
0 1 2 3 4 5 6 7 8 9 10 11 12 13 14 15 16 17 18 19 20 21 22 23 24 25 26 27 28 29 30 31 32 33 34 35 36 37 38 39 40 41 42 43 44 45 46 47 48 49 50 51 52 53 54 55 56 57 58 59 60 40 41 42 43 44 45 61 62 63 64 65 66 67 68 69 70 71 72 73 74 75 76 77 78 79 80 81 10 11 12 13 14 15 16 17 18 19 20 82 83 84 85 86 87 88 0 1 21 22 23 24 25 26 27 28 74 75 76 77 78 79 80 81 29 30 31 32 33 34 69 70 71 72 73 82 83 84 85 86 87 88 61 62 89 90 91 89 90 91 92 93 46 47 48 49 50 51 52 53 63 64 65 66 67 68 92 93 2 3 4 5 6 7 8 9 94 95 96 97 98 99 54 55 56 57 58 59 60 94 95 96 97 98 99 35 36 37 38 39 
57243
18
7 2 8 5 2 4 8 8 6 2 8 5 6 3 6 2 7 11 
30 23 19 26 23 24 10 29 14 49 4 14 61 43 18 2 19 5 
39 39 50 38 54 54 34 35 36 56 60 68 63 48 22 32 61 29 
422 415 459 976 879 402 968 513 552 659 569 644 800 735 395 342 326 450 
15 15 10 10 10 10 10 10 10 10 17 17 17 17 17 17 17 17 17 17 17 6 6 6 6 6 6 6 6 8 8 8 8 8 8 11 11 11 11 11 14 14 14 14 14 14 2 2 2 2 2 2 2 2 16 16 16 16 16 16 16 14 14 14 14 14 14 1 1 4 4 5 5 5 5 3 3 3 3 3 7 7 7 7 7 7 7 7 17 17 17 17 17 17 17 17 17 17 17 0 0 0 0 0 0 0 15 15 6 6 6 6 6 6 6 6 7 7 7 7 7 7 7 7 8 8 8 8 8 8 3 3 3 3 3 0 0 0 0 0 0 0 1 1 13 13 13 13 13 13 9 9 2 2 2 2 2 2 2 2 4 4 5 5 5 5 9 9 10 10 10 10 10 10 10 10 12 12 12 12 12 12 16 16 16 16 16 16 16 12 12 12 12 12 12 11 11 11 11 11 