133
100
2
1 1 1 1 1 1 1 1 1 1 1 3 3 3 3 5 5 5 5 6 6 6 6 6 9 9 9 9 9 9 9 9 9 9 9 9 9 9 10 10 13 13 13 13 13 13 13 15 15 15 15 15 15 15 15 16 16 16 16 16 16 16 18 18 19 19 19 19 19 19 19 19 19 19 19 19 19 25 25 25 27 27 27 27 27 27 27 32 32 32 35 35 35 35 35 35 35 37 37 38 38 38 38 38 38 38 38 40 40 40 40 40 40 40 40 40 42 42 44 44 44 44 44 44 44 44 44 44 44 44 44 44 44 45 45 46 46 48 48 48 48 48 48 49 49 49 49 49 49 49 49 49 49 49 49 49 49 49 53 53 53 53 53 53 53 55 55 55 64 64 64 64 64 64 64 64 64 64 64 64 64 64 65 65 66 66 66 66 66 66 66 67 67 67 70 70 70 70 70 70 
82 83 84 85 86 54 19 20 21 22 23 15 16 17 18 11 12 13 14 6 7 8 9 10 55 56 57 58 59 60 61 184 185 186 187 188 189 190 135 136 107 108 109 110 111 112 113 70 71 72 73 74 75 76 5 24 25 26 27 28 29 30 182 183 194 195 196 197 198 199 47 48 49 50 51 52 53 165 166 167 99 100 0 1 2 3 4 191 192 193 168 169 170 171 172 173 174 133 134 80 81 137 138 139 140 141 142 40 41 42 43 44 45 46 116 117 114 115 143 144 145 146 147 148 149 150 151 152 153 154 155 156 157 97 98 38 39 101 102 103 104 105 106 118 119 120 121 122 123 124 125 126 127 128 129 130 131 132 175 176 177 178 179 180 181 77 78 79 90 91 92 93 94 95 96 158 159 160 161 162 163 164 62 63 31 32 33 34 35 36 37 87 88 89 64 65 66 67 68 69 
975 975 975 975 975 335 256 256 256 256 256 261 261 261 261 261 261 261 261 256 256 256 256 256 529 529 529 529 529 529 529 882 882 882 882 882 882 882 458 458 216 216 216 216 216 216 216 304 304 304 304 304 304 304 335 529 529 529 529 529 529 529 685 685 921 921 921 921 921 921 304 304 304 304 304 304 304 444 444 444 939 939 975 975 975 975 975 570 570 570 663 663 663 663 663 663 663 216 216 939 939 787 787 787 787 787 787 216 216 216 216 216 216 216 338 338 338 338 590 590 590 590 590 590 590 590 590 590 590 590 590 590 590 216 216 458 458 787 787 787 787 787 787 590 590 590 590 590 590 590 590 590 590 590 590 590 590 590 279 279 279 279 279 279 279 444 444 444 663 663 663 663 663 663 663 279 279 279 279 279 279 279 685 685 882 882 882 882 882 882 882 570 570 570 921 921 921 921 921 921 
0 1 2 3 4 5 6 7 8 9 10 11 12 13 14 11 12 13 14 6 7 8 9 10 15 16 17 18 19 20 21 22 23 24 25 26 27 28 29 30 31 32 33 34 35 36 37 38 39 40 41 42 43 44 5 15 16 17 18 19 20 21 45 46 47 48 49 50 51 52 38 39 40 41 42 43 44 53 54 55 56 57 0 1 2 3 4 58 59 60 61 62 63 64 65 66 67 68 69 56 57 70 71 72 73 74 75 31 32 33 34 35 36 37 76 77 76 77 78 79 80 81 82 83 84 85 86 87 88 89 90 91 92 68 69 29 30 70 71 72 73 74 75 78 79 80 81 82 83 84 85 86 87 88 89 90 91 92 93 94 95 96 97 98 99 53 54 55 61 62 63 64 65 66 67 93 94 95 96 97 98 99 45 46 22 23 24 25 26 27 28 58 59 60 47 48 49 50 51 52 
55057
20
7 2 6 2 3 7 2 3 7 5 1 7 2 6 7 2 5 4 7 15 
13 40 19 27 32 15 37 25 9 1 1 35 10 38 53 18 1 3 9 44 
40 42 70 38 67 19 45 55 16 27 15 64 46 48 64 65 6 5 66 49 
216 338 921 939 570 304 216 444 529 975 335 663 458 787 279 685 256 261 882 590 
9 9 9 9 9 10 16 16 16 16 16 17 17 17 17 17 17 17 17 16 16 16 16 16 8 8 8 8 8 8 8 18 18 18 18 18 18 18 12 12 0 0 0 0 0 0 0 5 5 5 5 5 5 5 10 8 8 8 8 8 8 8 15 15 2 2 2 2 2 2 5 5 5 5 5 5 5 7 7 7 3 3 9 9 9 9 9 4 4 4 11 11 11 11 11 11 11 6 6 3 3 13 13 13 13 13 13 0 0 0 0 0 0 0 1 1 1 1 19 19 19 19 19 19 19 19 19 19 19 19 19 19 19 6 6 12 12 13 13 13 13 13 13 19 19 19 19 19 19 19 19 19 19 19 19 19 19 19 14 14 14 14 14 14 14 7 7 7 11 11 11 11 11 11 11 14 14 14 14 14 14 14 15 15 18 18 18 18 18 18 18 4 4 4 2 2 2 2 2 2 