73
100
2
1 1 1 1 1 4 4 4 4 4 4 4 4 4 4 4 4 10 10 10 10 11 11 11 11 11 11 11 11 11 11 11 11 11 11 11 11 11 12 12 12 12 12 12 12 12 12 12 12 12 19 19 19 19 27 27 27 27 27 27 27 27 27 27 31 31 31 31 31 31 31 31 31 31 31 31 38 38 38 38 38 38 38 42 42 42 45 45 45 45 45 45 45 45 45 45 45 45 45 46 46 46 46 46 46 46 46 46 46 46 46 46 46 46 46 46 46 46 46 46 46 47 47 47 47 48 48 48 52 52 52 52 52 57 57 57 57 57 57 57 57 57 57 58 58 58 58 61 61 61 61 61 61 61 61 61 61 61 61 61 63 63 63 63 63 64 64 64 64 64 64 64 68 68 68 68 68 68 68 68 68 70 70 70 70 70 70 70 70 70 70 70 70 70 70 70 70 70 70 70 
21 22 23 24 25 109 110 111 112 113 114 115 116 117 118 119 120 50 51 52 53 0 1 2 3 4 38 39 40 41 42 43 44 45 46 47 48 49 26 27 28 29 30 31 32 33 34 35 36 37 17 18 19 20 165 166 167 168 169 170 171 83 84 85 65 64 67 66 69 68 71 70 73 72 75 74 99 100 101 102 103 104 105 61 62 63 147 148 149 150 151 152 153 154 155 156 157 158 159 76 77 78 79 80 81 82 125 126 127 5 6 7 8 9 10 11 12 13 14 15 16 143 144 145 146 106 107 108 160 161 162 163 164 181 182 183 184 185 186 187 188 189 190 121 122 123 124 86 87 88 89 90 91 92 93 94 95 96 97 98 128 129 130 131 132 54 55 56 57 58 59 60 191 192 193 194 195 196 197 198 199 133 134 135 136 137 138 139 140 141 142 172 173 174 175 176 177 178 179 180 
914 914 914 914 914 493 493 493 493 493 493 493 493 493 493 493 493 756 756 756 756 914 914 914 914 914 633 633 633 633 633 633 633 633 633 633 633 633 633 633 633 633 633 633 633 633 633 633 633 633 756 756 756 756 883 883 883 883 883 883 883 472 472 472 837 837 837 837 837 837 837 837 837 837 837 837 788 788 788 788 788 788 788 472 472 472 613 613 613 613 613 613 613 613 613 613 613 613 613 788 788 788 788 788 788 788 445 445 445 493 493 493 493 493 493 493 493 493 493 493 493 446 446 446 446 445 445 445 628 628 628 628 628 218 218 218 218 218 218 218 218 218 218 446 446 446 446 613 613 613 613 613 613 613 613 613 613 613 613 613 628 628 628 628 628 883 883 883 883 883 883 883 371 371 371 371 371 371 371 371 371 218 218 218 218 218 218 218 218 218 218 371 371 371 371 371 371 371 371 371 
0 1 2 3 4 5 6 7 8 9 10 11 12 13 14 15 16 17 18 19 20 0 1 2 3 4 21 22 23 24 25 26 27 28 29 30 31 32 21 22 23 24 25 26 27 28 29 30 31 32 17 18 19 20 33 34 35 36 37 38 39 40 41 42 43 43 44 44 45 45 46 46 47 47 48 48 49 50 51 52 53 54 55 40 41 42 56 57 58 59 60 61 62 63 64 65 66 67 68 49 50 51 52 53 54 55 69 70 71 5 6 7 8 9 10 11 12 13 14 15 16 72 73 74 75 69 70 71 76 77 78 79 80 81 82 83 84 85 86 87 88 89 90 72 73 74 75 56 57 58 59 60 61 62 63 64 65 66 67 68 76 77 78 79 80 33 34 35 36 37 38 39 91 92 93 94 95 96 97 98 99 81 82 83 84 85 86 87 88 89 90 91 92 93 94 95 96 97 98 99 
58988
14
4 7 10 5 3 4 7 3 5 12 13 6 12 9 
10 38 57 52 46 47 27 27 1 4 45 31 11 68 
19 46 70 63 48 58 64 42 11 46 61 31 12 70 
756 788 218 628 445 446 883 472 914 493 613 837 633 371 
8 8 8 8 8 9 9 9 9 9 9 9 9 9 9 9 9 0 0 0 0 8 8 8 8 8 12 12 12 12 12 12 12 12 12 12 12 12 12 12 12 12 12 12 12 12 12 12 12 12 0 0 0 0 6 6 6 6 6 6 6 7 7 7 11 11 11 11 11 11 11 11 11 11 11 11 1 1 1 1 1 1 1 7 7 7 10 10 10 10 10 10 10 10 10 10 10 10 10 1 1 1 1 1 1 1 4 4 4 9 9 9 9 9 9 9 9 9 9 9 9 5 5 5 5 4 4 4 3 3 3 3 3 2 2 2 2 2 2 2 2 2 2 5 5 5 5 10 10 10 10 10 10 10 10 10 10 10 10 10 3 3 3 3 3 6 6 6 6 6 6 6 13 13 13 13 13 13 13 13 13 2 2 2 2 2 2 2 2 2 2 13 13 13 13 13 13 13 13 13 