136
100
2
1 1 1 3 4 4 5 7 7 7 7 8 8 8 9 9 9 9 9 9 9 9 9 9 9 9 9 9 9 9 9 9 9 11 11 11 11 11 11 11 11 11 11 11 11 11 11 11 11 11 11 11 11 11 11 11 11 11 11 11 11 11 11 11 11 11 12 12 12 12 16 16 16 16 16 17 17 17 19 19 19 19 19 22 22 22 22 24 24 24 27 27 27 27 27 27 27 27 27 27 31 31 31 31 31 31 31 33 33 33 33 33 34 34 34 34 36 36 36 36 36 40 40 40 40 42 42 42 42 42 42 42 43 43 43 45 45 45 45 45 46 47 47 47 47 47 47 47 48 48 48 48 48 48 48 48 48 54 54 54 54 54 54 54 56 56 56 56 57 57 57 58 58 58 58 58 62 62 62 63 63 63 63 63 63 63 63 63 63 63 64 64 65 68 68 69 69 69 69 69 
176 177 178 120 127 128 195 171 172 173 174 78 79 80 47 48 49 50 51 52 53 54 55 56 57 58 59 60 61 62 63 64 65 90 91 92 93 94 100 101 102 103 107 108 109 110 111 14 15 16 17 18 19 20 21 22 23 24 25 26 27 28 29 30 31 32 116 117 118 119 158 159 154 155 156 168 169 170 11 12 13 193 194 186 187 188 189 145 146 147 33 34 35 36 37 160 161 162 163 140 38 39 40 41 129 130 131 42 43 44 45 46 121 122 123 124 66 67 68 69 3 112 113 114 115 190 191 4 5 104 105 106 157 152 153 180 181 182 183 184 99 164 165 166 167 87 88 89 196 197 198 199 133 134 72 73 74 132 70 71 95 96 97 98 141 142 143 144 75 76 77 7 8 9 10 179 0 1 2 175 135 136 137 138 139 192 83 84 85 86 125 126 185 81 82 6 148 149 150 151 
325 325 325 999 460 460 986 772 772 772 772 413 413 413 686 686 686 686 686 686 686 686 686 686 686 686 686 686 686 686 686 686 686 959 959 959 959 959 858 858 858 858 592 592 592 592 592 686 686 686 686 686 686 686 686 686 686 686 686 686 686 686 686 686 686 686 998 998 998 998 493 493 499 499 499 162 162 162 413 413 413 657 657 595 595 595 595 331 331 331 959 959 959 959 959 852 852 852 852 474 858 858 858 858 971 971 971 592 592 592 592 592 611 611 611 611 998 998 998 998 999 611 611 611 611 740 740 460 460 971 971 971 546 261 261 637 637 637 637 637 474 503 503 503 503 331 331 331 382 382 382 382 261 261 499 499 499 546 493 493 852 852 852 852 503 503 503 503 162 162 162 772 772 772 772 947 325 325 325 947 637 637 637 637 637 736 595 595 595 595 740 740 736 657 657 986 382 382 382 382 
0 1 2 3 4 5 6 7 8 9 10 11 12 13 14 15 16 17 18 19 20 21 22 23 24 25 26 27 28 29 30 31 32 33 34 35 36 37 38 39 40 41 42 43 44 45 46 14 15 16 17 18 19 20 21 22 23 24 25 26 27 28 29 30 31 32 47 48 49 50 51 52 53 54 55 56 57 58 11 12 13 59 60 61 62 63 64 65 66 67 33 34 35 36 37 68 69 70 71 72 38 39 40 41 73 74 75 42 43 44 45 46 76 77 78 79 47 48 49 50 3 76 77 78 79 80 81 4 5 73 74 75 82 83 84 85 86 87 88 89 72 90 91 92 93 65 66 67 94 95 96 97 83 84 53 54 55 82 51 52 68 69 70 71 90 91 92 93 56 57 58 7 8 9 10 98 0 1 2 98 85 86 87 88 89 99 61 62 63 64 80 81 99 59 60 6 94 95 96 97 
64271
30
4 4 5 1 3 1 4 4 2 3 1 4 3 4 2 3 2 3 1 0 1 5 4 1 5 2 2 4 3 19 
12 7 11 5 8 43 11 47 16 24 3 27 1 48 43 16 19 17 27 2 58 45 34 63 11 42 4 22 31 9 
36 58 27 69 19 54 31 56 54 47 36 54 62 69 48 48 68 57 46 69 63 63 40 65 33 64 42 63 42 11 
998 772 959 986 413 546 858 503 493 331 999 852 325 382 261 499 657 162 474 202 947 637 611 736 592 740 460 595 971 686 
12 12 12 10 26 26 3 1 1 1 1 4 4 4 29 29 29 29 29 29 29 29 29 29 29 29 29 29 29 29 29 29 29 2 2 2 2 2 6 6 6 6 24 24 24 24 24 29 29 29 29 29 29 29 29 29 29 29 29 29 29 29 29 29 29 29 0 0 0 0 8 8 15 15 15 17 17 17 4 4 4 16 16 27 27 27 27 9 9 9 2 2 2 2 2 11 11 11 11 18 6 6 6 6 28 28 28 24 24 24 24 24 22 22 22 22 0 0 0 0 10 22 22 22 22 25 25 26 26 28 28 28 5 14 14 21 21 21 21 21 18 7 7 7 7 9 9 9 13 13 13 13 14 14 15 15 15 5 8 8 11 11 11 11 7 7 7 7 17 17 17 1 1 1 1 20 12 12 12 20 21 21 21 21 21 23 27 27 27 27 25 25 23 16 16 3 13 13 13 13 