978
100
2
2 2 2 2 2 2 2 2 2 2 2 2 2 2 2 2 2 2 2 4 4 4 4 4 7 7 7 7 10 10 10 10 10 10 10 10 13 13 13 13 13 13 13 13 13 13 13 14 16 16 16 16 17 17 17 19 20 20 20 22 24 24 24 24 25 25 26 27 27 27 27 28 28 28 29 29 29 29 29 31 31 31 31 31 31 33 33 33 35 35 35 35 35 35 35 35 35 36 36 36 36 38 38 38 38 38 39 40 40 40 41 41 41 42 42 42 42 44 44 44 44 44 44 44 44 44 44 44 44 44 44 44 44 44 44 44 44 44 44 44 44 44 44 44 46 46 46 46 46 46 49 49 49 49 49 51 55 55 55 55 55 55 57 57 57 57 57 58 58 60 60 60 60 60 60 60 60 61 61 61 61 62 63 63 63 63 63 65 65 65 65 66 66 66 66 66 68 68 69 69 
125 126 127 128 129 130 131 132 133 134 135 136 137 138 139 140 141 142 143 83 84 159 160 161 177 178 179 180 163 164 165 182 183 184 185 186 155 74 75 76 77 78 150 151 152 153 154 59 79 80 81 82 110 111 112 191 162 167 168 47 146 147 148 149 66 198 64 117 118 119 120 156 157 158 37 38 39 40 41 48 49 50 51 19 20 107 108 109 101 102 103 104 105 121 122 123 124 173 174 175 176 88 89 90 91 92 199 85 86 87 52 53 54 187 188 189 190 67 68 69 70 93 94 95 96 0 1 2 3 4 5 6 7 8 9 10 11 12 13 14 15 16 17 18 196 197 60 61 62 63 42 43 44 45 46 36 71 72 73 21 22 23 56 28 29 30 181 57 58 192 193 194 195 97 98 99 100 24 25 26 27 166 31 32 33 34 35 113 114 115 116 55 169 170 171 172 144 145 65 106 
651 651 651 651 651 651 651 651 651 651 651 651 651 651 651 651 651 651 651 349 349 784 784 784 210 210 210 210 740 740 740 229 229 229 229 229 639 218 218 218 218 218 302 302 302 302 302 785 776 776 776 776 260 260 260 440 493 697 697 785 352 352 352 352 215 825 215 661 661 661 661 384 384 384 218 218 218 218 218 776 776 776 776 349 349 950 950 950 948 948 948 948 948 325 325 325 325 961 961 961 961 948 948 948 948 948 656 950 950 950 260 260 260 407 407 407 407 661 661 661 661 325 325 325 325 651 651 651 651 651 651 651 651 651 651 651 651 651 651 651 651 651 651 651 816 816 352 352 352 352 302 302 302 302 302 639 384 384 384 784 784 784 493 740 740 740 374 697 697 465 465 465 465 961 961 961 961 210 210 210 210 374 229 229 229 229 229 407 407 407 407 440 465 465 465 465 816 816 825 656 
0 1 2 3 4 5 6 7 8 9 10 11 12 13 14 15 16 17 18 19 20 21 22 23 24 25 26 27 28 29 30 31 32 33 34 35 36 37 38 39 40 41 42 43 44 45 46 47 48 49 50 51 52 53 54 55 56 57 58 47 59 60 61 62 63 64 63 65 66 67 68 69 70 71 37 38 39 40 41 48 49 50 51 19 20 72 73 74 75 76 77 78 79 80 81 82 83 84 85 86 87 75 76 77 78 79 88 72 73 74 52 53 54 89 90 91 92 65 66 67 68 80 81 82 83 0 1 2 3 4 5 6 7 8 9 10 11 12 13 14 15 16 17 18 93 94 59 60 61 62 42 43 44 45 46 36 69 70 71 21 22 23 56 28 29 30 95 57 58 96 97 98 99 84 85 86 87 24 25 26 27 95 31 32 33 34 35 89 90 91 92 55 96 97 98 99 93 94 64 88 
54987
29
1 4 2 1 3 1 3 1 3 4 1 4 5 5 5 4 4 4 3 2 1 4 1 2 1 5 4 3 19 
19 27 46 13 28 25 33 20 10 60 14 16 13 10 35 24 42 7 17 20 25 36 57 4 39 13 35 4 2 
66 44 68 51 55 26 40 57 57 66 22 31 29 63 38 46 65 61 41 58 69 60 62 31 69 49 44 55 44 
440 661 816 639 384 215 950 493 740 465 785 776 218 229 948 352 407 210 260 697 825 961 374 349 656 302 325 784 651 
28 28 28 28 28 28 28 28 28 28 28 28 28 28 28 28 28 28 28 23 23 27 27 27 17 17 17 17 8 8 8 13 13 13 13 13 3 12 12 12 12 12 25 25 25 25 25 10 11 11 11 11 18 18 18 0 7 19 19 10 15 15 15 15 5 20 5 1 1 1 1 4 4 4 12 12 12 12 12 11 11 11 11 23 23 6 6 6 14 14 14 14 14 26 26 26 26 21 21 21 21 14 14 14 14 14 24 6 6 6 18 18 18 16 16 16 16 1 1 1 1 26 26 26 26 28 28 28 28 28 28 28 28 28 28 28 28 28 28 28 28 28 28 28 2 2 15 15 15 15 25 25 25 25 25 3 4 4 4 27 27 27 7 8 8 8 22 19 19 9 9 9 9 21 21 21 21 17 17 17 17 22 13 13 13 13 13 16 16 16 16 0 9 9 9 9 2 2 20 24 