442
100
2
4 4 4 4 4 4 4 5 5 5 5 5 5 6 6 6 7 7 7 7 9 9 9 9 9 9 9 9 9 9 9 9 9 9 9 9 9 9 9 9 11 12 12 12 12 14 14 14 14 14 14 26 26 29 29 29 30 30 31 31 31 31 31 31 31 36 36 36 36 36 36 36 36 36 36 36 36 37 37 37 37 37 37 37 37 37 37 37 39 39 41 41 41 41 41 41 41 41 45 45 45 45 46 46 46 46 49 49 49 49 49 49 49 50 50 50 50 50 50 50 50 50 50 50 50 50 50 50 50 50 50 50 52 52 52 52 52 52 56 56 56 56 56 56 56 56 56 58 58 58 58 58 58 58 58 58 58 58 58 58 58 59 59 59 59 59 60 60 60 62 62 62 62 62 64 66 66 66 66 66 66 68 68 68 68 69 69 69 69 69 69 70 70 70 70 70 70 70 70 70 
58 59 60 61 62 63 64 65 66 67 68 69 40 158 159 160 98 99 100 101 193 194 195 196 197 198 199 119 120 121 122 123 124 125 126 127 128 129 130 131 12 102 103 104 105 152 153 154 155 156 157 180 174 77 78 79 191 192 0 1 2 3 4 5 6 7 8 9 10 11 140 141 142 143 144 145 146 53 54 55 90 91 92 93 94 95 96 97 138 139 80 81 82 83 84 85 86 87 16 17 18 19 41 42 43 44 132 133 134 181 182 183 184 185 186 187 188 189 190 27 28 29 30 31 32 33 34 35 36 37 38 39 106 107 108 166 167 168 88 89 70 71 72 73 74 75 76 175 176 177 178 179 45 46 47 48 49 50 13 14 15 169 170 171 172 173 135 136 137 161 162 163 164 165 52 147 148 149 150 151 51 109 110 111 112 113 114 115 116 117 118 56 57 20 21 22 23 24 25 26 
232 232 232 232 232 232 232 919 919 919 919 919 872 590 590 590 931 931 931 931 526 526 526 526 526 526 526 643 643 643 643 643 643 643 643 643 643 643 643 643 872 925 925 925 925 897 897 897 897 897 897 332 218 214 214 214 437 437 232 232 232 232 232 232 232 919 919 919 919 919 560 560 560 560 560 560 560 214 214 214 802 802 802 802 802 802 802 802 599 599 802 802 802 802 802 802 802 802 931 931 931 931 925 925 925 925 764 764 764 218 218 218 218 962 962 962 962 962 962 643 643 643 643 643 643 643 643 643 643 643 643 643 764 764 764 407 407 407 599 599 560 560 560 560 560 560 560 532 532 532 532 532 897 897 897 897 897 897 590 590 590 865 865 865 865 865 407 407 407 865 865 865 865 865 218 532 532 532 532 532 332 218 218 218 218 962 962 962 962 962 962 437 437 526 526 526 526 526 526 526 
0 1 2 3 4 5 6 7 8 9 10 11 12 13 14 15 16 17 18 19 20 21 22 23 24 25 26 27 28 29 30 31 32 33 34 35 36 37 38 39 12 40 41 42 43 44 45 46 47 48 49 50 51 52 53 54 55 56 0 1 2 3 4 5 6 7 8 9 10 11 57 58 59 60 61 62 63 52 53 54 64 65 66 67 68 69 70 71 72 73 64 65 66 67 68 69 70 71 16 17 18 19 40 41 42 43 74 75 76 77 78 79 80 81 82 83 84 85 86 27 28 29 30 31 32 33 34 35 36 37 38 39 74 75 76 87 88 89 72 73 57 58 59 60 61 62 63 90 91 92 93 94 44 45 46 47 48 49 13 14 15 95 96 97 98 99 87 88 89 95 96 97 98 99 51 90 91 92 93 94 50 77 78 79 80 81 82 83 84 85 86 55 56 20 21 22 23 24 25 26 
64450
22
3 5 6 4 3 3 5 1 1 2 4 6 2 8 4 1 3 7 7 5 7 13 
29 58 14 12 49 6 5 26 26 30 49 50 39 37 7 5 52 4 9 59 36 9 
37 66 58 46 52 58 36 66 64 70 68 69 56 41 45 11 60 31 70 62 56 50 
214 532 897 925 764 590 919 332 218 437 218 962 599 802 931 872 407 232 526 865 560 643 
17 17 17 17 17 17 17 6 6 6 6 6 15 5 5 5 14 14 14 14 18 18 18 18 18 18 18 21 21 21 21 21 21 21 21 21 21 21 21 21 15 3 3 3 3 2 2 2 2 2 2 7 8 0 0 0 9 9 17 17 17 17 17 17 17 6 6 6 6 6 20 20 20 20 20 20 20 0 0 0 13 13 13 13 13 13 13 13 12 12 13 13 13 13 13 13 13 13 14 14 14 14 3 3 3 3 4 4 4 10 10 10 10 11 11 11 11 11 11 21 21 21 21 21 21 21 21 21 21 21 21 21 4 4 4 16 16 16 12 12 20 20 20 20 20 20 20 1 1 1 1 1 2 2 2 2 2 2 5 5 5 19 19 19 19 19 16 16 16 19 19 19 19 19 8 1 1 1 1 1 7 10 10 10 10 11 11 11 11 11 11 9 9 18 18 18 18 18 18 18 