710
100
2
7 7 7 7 7 7 7 10 10 10 10 10 10 10 10 12 12 12 12 12 12 12 12 13 13 13 13 13 13 13 14 14 14 14 14 14 14 14 15 15 15 15 15 15 15 15 15 15 16 16 16 16 16 16 16 16 19 19 19 19 19 19 19 19 22 22 22 22 22 22 23 23 23 23 23 23 23 23 23 23 25 25 25 25 25 25 25 25 28 28 28 28 28 28 29 29 29 29 29 31 31 31 31 31 33 33 33 33 33 33 33 35 35 35 35 35 35 35 35 35 35 35 39 39 39 39 39 39 39 39 39 39 39 43 43 43 43 43 43 46 46 46 46 46 46 46 46 46 46 48 48 48 48 48 48 48 48 55 55 55 55 55 56 56 56 56 56 56 57 57 57 57 57 57 57 57 59 59 59 59 59 59 65 65 65 65 65 65 66 66 66 66 66 66 66 66 66 66 68 68 
23 24 25 26 27 28 29 15 16 17 18 19 20 21 22 7 8 9 10 11 12 13 14 0 1 2 3 4 5 6 40 41 42 43 44 45 46 47 104 105 30 31 32 33 34 35 36 37 80 81 82 83 84 85 86 87 168 169 170 171 172 173 174 175 88 89 90 91 92 93 139 140 141 142 143 144 145 146 147 148 48 49 50 51 52 53 54 55 64 65 66 67 68 69 99 100 101 102 103 94 95 96 97 98 38 39 157 158 159 160 161 122 123 124 125 126 127 128 129 130 131 132 111 112 113 114 115 116 117 118 119 120 121 162 163 164 165 166 167 70 71 72 73 74 75 76 77 78 79 190 191 192 193 194 195 196 197 106 107 108 109 110 133 134 135 136 137 138 56 57 58 59 60 61 62 63 182 183 184 185 186 187 176 177 178 179 180 181 198 199 149 150 151 152 153 154 155 156 188 189 
293 293 293 293 293 293 293 521 521 521 521 521 521 521 521 521 521 521 521 521 521 521 521 293 293 293 293 293 293 293 166 166 166 166 166 166 166 166 326 326 166 166 166 166 166 166 166 166 248 248 248 248 248 248 248 248 694 694 694 694 694 694 694 694 273 273 273 273 273 273 274 274 274 274 274 274 274 274 274 274 248 248 248 248 248 248 248 248 273 273 273 273 273 273 794 794 794 794 794 794 794 794 794 794 326 326 544 544 544 544 544 780 780 780 780 780 780 780 780 780 780 780 780 780 780 780 780 780 780 780 780 780 780 327 327 327 327 327 327 274 274 274 274 274 274 274 274 274 274 509 509 509 509 509 509 509 509 544 544 544 544 544 327 327 327 327 327 327 694 694 694 694 694 694 694 694 214 214 214 214 214 214 214 214 214 214 214 214 877 877 509 509 509 509 509 509 509 509 877 877 
0 1 2 3 4 5 6 7 8 9 10 11 12 13 14 7 8 9 10 11 12 13 14 0 1 2 3 4 5 6 15 16 17 18 19 20 21 22 23 24 15 16 17 18 19 20 21 22 25 26 27 28 29 30 31 32 33 34 35 36 37 38 39 40 41 42 43 44 45 46 47 48 49 50 51 52 53 54 55 56 25 26 27 28 29 30 31 32 41 42 43 44 45 46 57 58 59 60 61 57 58 59 60 61 23 24 62 63 64 65 66 67 68 69 70 71 72 73 74 75 76 77 67 68 69 70 71 72 73 74 75 76 77 78 79 80 81 82 83 47 48 49 50 51 52 53 54 55 56 84 85 86 87 88 89 90 91 62 63 64 65 66 78 79 80 81 82 83 33 34 35 36 37 38 39 40 92 93 94 95 96 97 92 93 94 95 96 97 98 99 84 85 86 87 88 89 90 91 98 99 
44455
15
2 8 5 8 5 7 6 2 8 10 8 8 6 6 11 
15 19 33 16 29 7 22 66 14 23 10 48 59 43 35 
33 57 55 25 31 13 28 68 15 46 12 66 65 56 39 
326 694 544 248 794 293 273 877 166 274 521 509 214 327 780 
5 5 5 5 5 5 5 10 10 10 10 10 10 10 10 10 10 10 10 10 10 10 10 5 5 5 5 5 5 5 8 8 8 8 8 8 8 8 0 0 8 8 8 8 8 8 8 8 3 3 3 3 3 3 3 3 1 1 1 1 1 1 1 1 6 6 6 6 6 6 9 9 9 9 9 9 9 9 9 9 3 3 3 3 3 3 3 3 6 6 6 6 6 6 4 4 4 4 4 4 4 4 4 4 0 0 2 2 2 2 2 14 14 14 14 14 14 14 14 14 14 14 14 14 14 14 14 14 14 14 14 14 14 13 13 13 13 13 13 9 9 9 9 9 9 9 9 9 9 11 11 11 11 11 11 11 11 2 2 2 2 2 13 13 13 13 13 13 1 1 1 1 1 1 1 1 12 12 12 12 12 12 12 12 12 12 12 12 7 7 11 11 11 11 11 11 11 11 7 7 