776
100
2
6 6 6 6 6 6 6 6 6 6 6 6 6 6 6 6 6 6 6 6 7 7 7 7 7 7 7 8 8 8 10 10 10 11 11 11 11 11 11 11 11 11 11 11 11 11 11 11 12 12 12 12 12 12 12 14 14 14 14 14 14 14 14 14 14 14 16 16 16 16 16 16 16 21 21 21 21 24 25 25 26 26 26 26 26 27 27 27 27 28 28 28 30 30 30 30 30 30 32 32 32 32 36 37 37 37 37 37 38 38 38 38 38 40 40 40 40 40 40 40 40 41 41 41 41 41 41 41 41 41 41 41 41 41 41 41 41 41 41 41 41 42 42 43 43 43 48 48 48 48 48 48 48 49 49 49 49 49 49 49 51 51 51 51 51 53 53 53 53 53 54 54 54 54 54 54 60 60 60 60 60 60 60 60 63 63 63 63 63 63 64 64 64 64 64 64 69 69 69 69 
121 122 123 124 125 126 127 128 129 130 131 132 133 134 135 136 137 138 139 140 48 49 50 51 52 53 54 143 144 145 118 119 120 59 60 61 62 63 64 65 80 81 82 83 84 95 96 97 20 21 22 23 24 25 26 98 99 100 101 33 34 35 36 37 38 39 105 106 107 85 86 87 88 196 197 198 199 102 103 104 40 41 42 43 44 69 70 71 72 92 93 94 89 90 91 45 46 47 55 56 57 58 77 78 79 66 67 68 113 114 115 116 117 108 109 110 111 112 30 31 32 0 1 2 3 4 5 6 7 8 9 10 11 12 13 14 15 16 17 18 19 182 183 27 28 29 153 154 155 156 157 158 159 146 147 148 149 150 151 152 165 166 167 168 169 160 161 162 163 164 190 191 192 193 194 195 184 185 186 187 188 189 141 142 176 177 178 179 180 181 170 171 172 173 174 175 73 74 75 76 
772 772 772 772 772 772 772 772 772 772 772 772 772 772 772 772 772 772 772 772 467 467 467 467 467 467 467 772 772 772 942 942 942 597 597 597 597 597 597 597 872 872 872 872 872 460 460 460 467 467 467 467 467 467 467 164 164 164 164 597 597 597 597 597 597 597 253 253 253 683 683 683 683 582 582 582 582 636 792 792 872 872 872 872 872 683 683 683 683 868 868 868 868 868 868 460 460 460 164 164 164 164 636 792 792 253 253 253 455 455 455 455 455 455 455 455 455 455 942 942 942 772 772 772 772 772 772 772 772 772 772 772 772 772 772 772 772 772 772 772 772 860 860 772 772 772 431 431 431 431 431 431 431 431 431 431 431 431 431 431 840 840 840 840 840 840 840 840 840 840 962 962 962 962 962 962 858 858 858 858 858 858 860 860 858 858 858 858 858 858 962 962 962 962 962 962 582 582 582 582 
0 1 2 3 4 5 6 7 8 9 10 11 12 13 14 15 16 17 18 19 20 21 22 23 24 25 26 27 28 29 30 31 32 33 34 35 36 37 38 39 40 41 42 43 44 45 46 47 20 21 22 23 24 25 26 48 49 50 51 33 34 35 36 37 38 39 52 53 54 55 56 57 58 59 60 61 62 63 64 65 40 41 42 43 44 55 56 57 58 66 67 68 66 67 68 45 46 47 48 49 50 51 63 64 65 52 53 54 69 70 71 72 73 69 70 71 72 73 30 31 32 0 1 2 3 4 5 6 7 8 9 10 11 12 13 14 15 16 17 18 19 74 75 27 28 29 76 77 78 79 80 81 82 76 77 78 79 80 81 82 83 84 85 86 87 83 84 85 86 87 88 89 90 91 92 93 94 95 96 97 98 99 74 75 94 95 96 97 98 99 88 89 90 91 92 93 59 60 61 62 
67201
20
6 5 7 4 3 7 5 3 3 5 7 3 6 2 1 3 2 4 4 20 
54 38 7 14 10 11 11 28 8 51 48 11 60 25 24 16 42 16 21 6 
64 40 12 32 40 14 26 30 43 53 49 30 63 37 36 37 60 27 69 41 
962 455 467 164 942 597 872 868 772 840 431 460 858 792 636 253 860 683 582 772 
19 19 19 19 19 19 19 19 19 19 19 19 19 19 19 19 19 19 19 19 2 2 2 2 2 2 2 8 8 8 4 4 4 5 5 5 5 5 5 5 6 6 6 6 6 11 11 11 2 2 2 2 2 2 2 3 3 3 3 5 5 5 5 5 5 5 15 15 15 17 17 17 17 18 18 18 18 14 13 13 6 6 6 6 6 17 17 17 17 7 7 7 7 7 7 11 11 11 3 3 3 3 14 13 13 15 15 15 1 1 1 1 1 1 1 1 1 1 4 4 4 19 19 19 19 19 19 19 19 19 19 19 19 19 19 19 19 19 19 19 19 16 16 8 8 8 10 10 10 10 10 10 10 10 10 10 10 10 10 10 9 9 9 9 9 9 9 9 9 9 0 0 0 0 0 0 12 12 12 12 12 12 16 16 12 12 12 12 12 12 0 0 0 0 0 0 18 18 18 18 