78
100
2
1 1 1 1 2 2 2 2 2 2 3 3 3 3 3 3 3 3 3 3 3 3 3 3 3 3 4 4 4 5 5 5 5 6 7 7 7 7 7 7 7 8 8 8 8 8 8 8 8 9 11 11 11 11 11 11 11 12 12 12 12 12 12 12 15 15 18 18 18 18 18 18 18 18 18 21 21 21 22 22 25 25 25 25 27 27 27 27 27 27 27 27 27 27 27 27 27 27 27 27 27 27 28 28 28 28 29 29 29 29 29 29 29 29 29 29 29 29 29 29 30 30 30 32 32 32 32 32 32 35 35 35 35 36 36 36 36 36 37 37 37 37 38 38 38 39 39 39 39 39 41 41 41 41 43 43 43 43 43 43 43 43 43 43 43 44 44 44 44 44 44 44 47 47 47 52 52 53 53 53 56 56 57 57 63 63 63 63 65 65 65 66 66 66 66 66 68 68 68 68 
106 107 108 109 84 85 145 146 147 148 86 87 88 89 90 91 92 93 94 95 96 97 98 99 100 101 142 143 144 71 72 73 74 137 102 103 104 105 188 189 190 196 57 58 59 60 120 121 122 70 197 198 199 133 134 135 136 42 43 44 45 175 176 149 78 79 129 130 131 132 49 29 30 31 32 172 173 174 64 65 165 166 180 181 4 5 10 11 12 13 14 15 16 17 18 19 20 21 22 23 24 25 34 35 36 37 0 1 2 3 177 178 179 182 183 191 192 193 194 195 46 47 48 150 151 152 153 167 168 66 67 68 69 53 54 55 56 33 154 155 156 157 26 27 28 6 7 8 9 63 123 124 125 126 138 139 140 141 184 185 186 187 169 170 171 80 81 127 128 162 163 164 75 76 77 61 62 110 111 112 82 83 113 114 158 159 160 161 38 39 40 115 116 117 118 119 41 50 51 52 
231 231 231 231 829 829 355 355 355 355 393 393 393 393 393 393 393 393 393 393 393 393 393 393 393 393 724 724 724 730 730 730 730 622 449 449 449 449 681 681 681 697 549 549 549 549 710 710 710 375 630 630 630 980 980 980 980 549 549 549 549 622 622 877 749 749 320 320 320 320 375 730 730 730 730 320 320 320 749 749 959 959 170 170 829 829 393 393 393 393 393 393 393 393 393 393 393 393 393 393 393 393 449 449 449 449 231 231 231 231 928 928 928 627 627 654 654 654 654 654 710 710 710 292 292 292 292 167 167 320 320 320 320 980 980 980 980 622 776 776 776 776 724 724 724 355 355 355 355 877 292 292 292 292 776 776 776 776 208 208 208 208 336 336 336 959 959 167 167 336 336 336 320 320 320 622 622 928 928 928 170 170 627 627 208 208 208 208 681 681 681 654 654 654 654 654 697 630 630 630 
0 1 2 3 4 5 6 7 8 9 10 11 12 13 14 15 16 17 18 19 20 21 22 23 24 25 26 27 28 29 30 31 32 33 34 35 36 37 38 39 40 41 42 43 44 45 46 47 48 49 50 51 52 53 54 55 56 42 43 44 45 57 58 59 60 61 62 63 64 65 49 29 30 31 32 66 67 68 60 61 69 70 71 72 4 5 10 11 12 13 14 15 16 17 18 19 20 21 22 23 24 25 34 35 36 37 0 1 2 3 73 74 75 76 77 78 79 80 81 82 46 47 48 83 84 85 86 87 88 62 63 64 65 53 54 55 56 33 89 90 91 92 26 27 28 6 7 8 9 59 83 84 85 86 89 90 91 92 93 94 95 96 97 98 99 69 70 87 88 97 98 99 66 67 68 57 58 73 74 75 71 72 76 77 93 94 95 96 38 39 40 78 79 80 81 82 41 50 51 52 
52922
30
4 1 2 4 4 4 1 3 2 4 5 4 2 3 4 1 4 3 3 4 4 2 3 2 2 3 2 1 3 16 
7 8 2 2 18 1 9 29 29 8 29 37 25 11 11 6 5 21 7 32 43 15 8 12 32 4 25 12 43 3 
28 68 27 39 35 29 18 53 57 12 66 43 44 68 36 36 18 47 65 41 63 22 30 52 44 38 56 39 44 27 
449 697 829 355 320 231 375 928 627 549 654 776 959 630 980 622 730 320 681 292 208 749 710 622 167 724 170 877 336 393 
5 5 5 5 2 2 3 3 3 3 29 29 29 29 29 29 29 29 29 29 29 29 29 29 29 29 25 25 25 16 16 16 16 15 0 0 0 0 18 18 18 1 9 9 9 9 22 22 22 6 13 13 13 14 14 14 14 9 9 9 9 23 23 27 21 21 4 4 4 4 6 16 16 16 16 17 17 17 21 21 12 12 26 26 2 2 29 29 29 29 29 29 29 29 29 29 29 29 29 29 29 29 0 0 0 0 5 5 5 5 7 7 7 8 8 10 10 10 10 10 22 22 22 19 19 19 19 24 24 4 4 4 4 14 14 14 14 15 11 11 11 11 25 25 25 3 3 3 3 27 19 19 19 19 11 11 11 11 20 20 20 20 28 28 28 12 12 24 24 28 28 28 17 17 17 23 23 7 7 7 26 26 8 8 20 20 20 20 18 18 18 10 10 10 10 10 1 13 13 13 