548
100
2
2 2 2 2 2 2 2 2 2 2 2 2 6 6 6 6 6 6 6 6 6 6 6 6 6 6 6 6 12 12 12 12 12 12 12 12 16 16 16 17 17 17 17 17 17 17 17 17 22 22 22 22 22 22 22 22 22 23 23 23 23 23 23 23 23 23 23 23 23 23 24 24 24 25 25 25 26 26 26 26 26 26 26 26 26 26 26 26 26 26 26 26 26 26 26 26 26 26 26 26 26 29 29 29 29 34 34 34 34 34 34 34 41 41 41 41 41 41 41 41 41 41 41 41 41 41 41 41 42 42 42 44 44 44 44 44 44 44 44 44 44 44 44 44 46 46 46 46 46 46 46 55 55 55 55 55 55 55 55 55 56 56 56 56 56 56 56 56 57 57 57 57 57 57 57 57 57 57 57 57 57 57 57 57 62 62 62 62 65 65 65 65 65 65 65 65 65 65 65 65 
188 189 190 191 192 193 194 195 196 197 198 199 85 86 87 88 89 90 91 92 93 94 95 96 97 98 99 100 160 161 162 163 164 165 166 167 70 71 72 151 152 153 154 155 156 157 158 159 76 77 78 79 80 81 82 83 84 131 132 133 134 135 136 137 138 139 140 141 142 143 36 37 38 128 129 130 48 49 50 51 52 53 54 55 56 12 13 14 15 16 17 18 19 20 21 22 23 24 25 26 27 184 185 186 187 144 145 146 147 148 149 150 168 169 170 171 172 173 174 175 176 177 178 179 180 181 182 183 73 74 75 57 58 59 60 61 62 63 64 65 66 67 68 69 105 106 107 108 109 110 111 39 40 41 42 43 44 45 46 47 28 29 30 31 32 33 34 35 112 113 114 115 116 117 118 119 120 121 122 123 124 125 126 127 101 102 103 104 0 1 2 3 4 5 6 7 8 9 10 11 
886 886 886 886 886 886 886 886 886 886 886 886 365 365 365 365 365 365 365 365 365 365 365 365 365 365 365 365 278 278 278 278 278 278 278 278 280 280 280 336 336 336 336 336 336 336 336 336 264 264 264 264 264 264 264 264 264 878 878 878 878 878 878 878 878 878 878 878 878 878 280 280 280 252 252 252 264 264 264 264 264 264 264 264 264 365 365 365 365 365 365 365 365 365 365 365 365 365 365 365 365 902 902 902 902 622 622 622 622 622 622 622 385 385 385 385 385 385 385 385 385 385 385 385 385 385 385 385 252 252 252 878 878 878 878 878 878 878 878 878 878 878 878 878 622 622 622 622 622 622 622 336 336 336 336 336 336 336 336 336 278 278 278 278 278 278 278 278 385 385 385 385 385 385 385 385 385 385 385 385 385 385 385 385 902 902 902 902 886 886 886 886 886 886 886 886 886 886 886 886 
0 1 2 3 4 5 6 7 8 9 10 11 12 13 14 15 16 17 18 19 20 21 22 23 24 25 26 27 28 29 30 31 32 33 34 35 36 37 38 39 40 41 42 43 44 45 46 47 48 49 50 51 52 53 54 55 56 57 58 59 60 61 62 63 64 65 66 67 68 69 36 37 38 70 71 72 48 49 50 51 52 53 54 55 56 12 13 14 15 16 17 18 19 20 21 22 23 24 25 26 27 73 74 75 76 77 78 79 80 81 82 83 84 85 86 87 88 89 90 91 92 93 94 95 96 97 98 99 70 71 72 57 58 59 60 61 62 63 64 65 66 67 68 69 77 78 79 80 81 82 83 39 40 41 42 43 44 45 46 47 28 29 30 31 32 33 34 35 84 85 86 87 88 89 90 91 92 93 94 95 96 97 98 99 73 74 75 76 0 1 2 3 4 5 6 7 8 9 10 11 
51228
11
16 8 9 13 3 7 3 9 4 12 16 
41 12 22 23 16 34 25 17 29 2 6 
57 56 26 44 24 46 42 55 62 65 26 
385 278 264 878 280 622 252 336 902 886 365 
9 9 9 9 9 9 9 9 9 9 9 9 10 10 10 10 10 10 10 10 10 10 10 10 10 10 10 10 1 1 1 1 1 1 1 1 4 4 4 7 7 7 7 7 7 7 7 7 2 2 2 2 2 2 2 2 2 3 3 3 3 3 3 3 3 3 3 3 3 3 4 4 4 6 6 6 2 2 2 2 2 2 2 2 2 10 10 10 10 10 10 10 10 10 10 10 10 10 10 10 10 8 8 8 8 5 5 5 5 5 5 5 0 0 0 0 0 0 0 0 0 0 0 0 0 0 0 0 6 6 6 3 3 3 3 3 3 3 3 3 3 3 3 3 5 5 5 5 5 5 5 7 7 7 7 7 7 7 7 7 1 1 1 1 1 1 1 1 0 0 0 0 0 0 0 0 0 0 0 0 0 0 0 0 8 8 8 8 9 9 9 9 9 9 9 9 9 9 9 9 