429
100
2
1 1 1 1 3 3 3 3 3 3 3 3 3 3 3 3 3 3 3 3 5 6 6 6 6 6 6 6 6 6 6 6 9 9 9 12 12 12 12 12 13 13 13 13 13 14 16 16 16 16 16 16 20 20 21 21 21 21 21 21 21 21 25 25 25 25 25 25 25 25 29 29 31 31 31 31 31 31 31 31 31 31 31 31 31 31 36 36 37 37 37 37 37 39 39 39 39 39 39 39 39 41 41 41 41 41 41 41 42 42 42 42 43 43 43 43 43 43 45 45 45 45 46 47 47 47 47 47 47 47 51 51 51 51 51 51 51 51 51 51 51 51 51 51 51 51 51 51 51 51 51 51 57 57 57 57 57 57 58 58 58 58 58 64 64 64 64 64 64 64 64 64 64 64 64 64 64 64 64 64 64 65 66 66 66 66 66 66 66 66 66 66 66 68 68 69 69 69 69 69 
112 113 114 115 54 55 56 57 58 59 60 61 62 63 64 65 66 67 68 69 181 101 102 103 104 105 106 107 118 119 120 121 98 99 100 158 159 160 161 162 88 89 90 91 92 122 72 73 74 75 76 77 116 117 4 5 6 7 8 9 10 11 12 13 14 15 16 17 18 19 86 87 46 47 48 49 50 51 108 109 110 111 130 131 132 133 70 71 40 41 42 43 44 182 183 184 185 186 32 33 34 21 22 23 24 25 26 27 78 79 80 81 0 1 2 3 52 53 28 29 30 31 45 195 196 197 198 199 193 194 82 83 84 85 163 164 165 166 167 168 169 170 171 172 173 174 175 176 177 178 179 180 187 188 189 190 191 192 35 36 37 38 39 134 135 136 137 138 139 140 141 142 143 144 145 146 147 148 149 150 151 20 93 94 95 96 97 152 153 154 155 156 157 128 129 123 124 125 126 127 
746 746 746 746 767 767 767 767 767 767 767 767 271 271 271 271 271 271 271 271 182 517 517 517 517 517 517 517 567 567 567 567 977 977 977 458 458 458 458 458 784 784 784 784 784 425 238 238 238 238 238 238 711 711 767 767 767 767 767 767 767 767 271 271 271 271 271 271 271 271 428 428 238 238 238 238 238 238 212 212 212 212 916 916 916 916 428 428 784 784 784 784 784 986 986 906 906 906 977 977 977 517 517 517 517 517 517 517 212 212 212 212 746 746 746 746 711 711 567 567 567 567 425 660 660 660 660 660 627 627 916 916 916 916 433 433 433 433 433 433 433 433 433 433 433 433 433 433 433 433 433 433 915 915 915 915 915 915 458 458 458 458 458 433 433 433 433 433 433 433 433 433 433 433 433 433 433 433 433 433 433 182 986 986 906 906 906 915 915 915 915 915 915 627 627 660 660 660 660 660 
0 1 2 3 4 5 6 7 8 9 10 11 12 13 14 15 16 17 18 19 20 21 22 23 24 25 26 27 28 29 30 31 32 33 34 35 36 37 38 39 40 41 42 43 44 45 46 47 48 49 50 51 52 53 4 5 6 7 8 9 10 11 12 13 14 15 16 17 18 19 54 55 46 47 48 49 50 51 56 57 58 59 60 61 62 63 54 55 40 41 42 43 44 64 65 66 67 68 32 33 34 21 22 23 24 25 26 27 56 57 58 59 0 1 2 3 52 53 28 29 30 31 45 69 70 71 72 73 74 75 60 61 62 63 76 77 78 79 80 81 82 83 84 85 86 87 88 89 90 91 92 93 94 95 96 97 98 99 35 36 37 38 39 76 77 78 79 80 81 82 83 84 85 86 87 88 89 90 91 92 93 20 64 65 66 67 68 94 95 96 97 98 99 74 75 69 70 71 72 73 
57669
21
8 5 2 3 7 1 6 5 4 3 4 8 6 2 5 4 1 2 4 2 18 
3 47 39 39 6 5 16 13 1 9 31 3 57 20 12 6 14 29 31 47 51 
21 69 66 66 41 65 31 37 43 39 42 25 66 43 58 45 46 36 51 68 64 
767 660 986 906 517 182 238 784 746 977 212 271 915 711 458 567 425 428 916 627 433 
8 8 8 8 0 0 0 0 0 0 0 0 11 11 11 11 11 11 11 11 5 4 4 4 4 4 4 4 15 15 15 15 9 9 9 14 14 14 14 14 7 7 7 7 7 16 6 6 6 6 6 6 13 13 0 0 0 0 0 0 0 0 11 11 11 11 11 11 11 11 17 17 6 6 6 6 6 6 10 10 10 10 18 18 18 18 17 17 7 7 7 7 7 2 2 3 3 3 9 9 9 4 4 4 4 4 4 4 10 10 10 10 8 8 8 8 13 13 15 15 15 15 16 1 1 1 1 1 19 19 18 18 18 18 20 20 20 20 20 20 20 20 20 20 20 20 20 20 20 20 20 20 12 12 12 12 12 12 14 14 14 14 14 20 20 20 20 20 20 20 20 20 20 20 20 20 20 20 20 20 20 5 2 2 3 3 3 12 12 12 12 12 12 19 19 1 1 1 1 1 