885
100
2
2 2 2 2 2 2 2 2 2 5 5 5 5 5 5 5 5 7 7 7 7 7 7 7 7 7 7 8 8 8 8 8 8 8 8 8 12 12 12 13 13 13 13 15 15 15 15 15 15 17 17 17 17 17 17 17 18 18 18 18 18 18 18 18 18 18 18 18 18 18 19 19 19 19 23 23 32 32 32 42 44 44 44 44 44 44 44 44 44 44 44 44 44 46 46 46 46 46 46 46 46 46 46 46 46 46 46 46 46 46 47 47 47 47 47 47 47 48 48 48 48 48 48 48 49 49 49 49 49 49 49 56 56 56 56 56 56 56 56 56 56 56 56 56 57 57 61 61 61 61 61 61 62 62 62 62 62 62 62 63 63 63 63 64 65 65 65 65 65 65 65 65 65 65 65 65 65 65 66 66 69 69 69 69 69 69 69 69 69 70 70 70 70 70 70 70 70 70 70 70 
31 32 33 34 35 159 160 161 162 189 190 191 192 27 28 29 30 86 87 88 89 90 91 92 93 94 95 13 14 15 16 0 1 2 3 4 76 77 78 70 71 72 73 80 81 82 83 84 85 131 132 133 134 135 136 137 96 97 98 99 100 101 102 103 104 105 106 107 108 109 39 40 41 42 144 145 36 37 38 163 43 44 45 46 47 48 17 18 19 20 21 22 23 24 25 26 56 57 58 59 60 61 62 63 64 65 66 67 68 69 182 183 184 185 186 187 188 171 172 173 174 175 176 177 152 153 154 155 156 157 158 49 50 51 52 53 54 55 146 147 148 149 150 151 74 75 138 139 140 141 142 143 124 125 126 127 128 129 130 5 6 7 8 79 193 194 195 196 197 198 199 117 118 119 120 121 122 123 180 181 178 179 110 111 112 113 114 115 116 9 10 11 12 164 165 166 167 168 169 170 
897 897 897 897 897 788 788 788 788 162 162 162 162 391 391 391 391 453 453 453 453 453 453 453 504 504 504 391 391 391 391 897 897 897 897 897 311 311 311 846 846 846 846 915 915 915 915 915 915 163 163 163 163 163 163 163 885 885 885 885 885 885 885 885 885 885 885 885 885 885 846 846 846 846 674 674 311 311 311 319 915 915 915 915 915 915 453 453 453 453 453 453 453 504 504 504 885 885 885 885 885 885 885 885 885 885 885 885 885 885 804 804 804 804 804 804 804 490 490 490 490 490 490 490 330 330 330 330 330 330 330 163 163 163 163 163 163 163 567 567 567 567 567 567 674 674 567 567 567 567 567 567 330 330 330 330 330 330 330 788 788 788 788 319 480 480 480 480 480 480 480 490 490 490 490 490 490 490 653 653 653 653 804 804 804 804 804 804 804 162 162 162 162 480 480 480 480 480 480 480 
0 1 2 3 4 5 6 7 8 9 10 11 12 13 14 15 16 17 18 19 20 21 22 23 24 25 26 13 14 15 16 0 1 2 3 4 27 28 29 30 31 32 33 34 35 36 37 38 39 40 41 42 43 44 45 46 47 48 49 50 51 52 53 54 55 56 57 58 59 60 30 31 32 33 61 62 27 28 29 63 34 35 36 37 38 39 17 18 19 20 21 22 23 24 25 26 47 48 49 50 51 52 53 54 55 56 57 58 59 60 64 65 66 67 68 69 70 71 72 73 74 75 76 77 78 79 80 81 82 83 84 40 41 42 43 44 45 46 85 86 87 88 89 90 61 62 85 86 87 88 89 90 78 79 80 81 82 83 84 5 6 7 8 63 91 92 93 94 95 96 97 71 72 73 74 75 76 77 98 99 98 99 64 65 66 67 68 69 70 9 10 11 12 91 92 93 94 95 96 97 
58973
19
4 2 7 6 4 3 7 3 7 2 1 7 7 7 6 5 4 4 14 
5 66 49 15 5 12 7 7 17 23 42 65 47 48 56 2 13 2 18 
70 69 62 44 8 32 44 46 56 57 64 70 69 65 61 8 19 63 46 
162 653 330 915 391 311 453 504 163 674 319 480 804 490 567 897 846 788 885 
15 15 15 15 15 17 17 17 17 0 0 0 0 4 4 4 4 6 6 6 6 6 6 6 7 7 7 4 4 4 4 15 15 15 15 15 5 5 5 16 16 16 16 3 3 3 3 3 3 8 8 8 8 8 8 8 18 18 18 18 18 18 18 18 18 18 18 18 18 18 16 16 16 16 9 9 5 5 5 10 3 3 3 3 3 3 6 6 6 6 6 6 6 7 7 7 18 18 18 18 18 18 18 18 18 18 18 18 18 18 12 12 12 12 12 12 12 13 13 13 13 13 13 13 2 2 2 2 2 2 2 8 8 8 8 8 8 8 14 14 14 14 14 14 9 9 14 14 14 14 14 14 2 2 2 2 2 2 2 17 17 17 17 10 11 11 11 11 11 11 11 13 13 13 13 13 13 13 1 1 1 1 12 12 12 12 12 12 12 0 0 0 0 11 11 11 11 11 11 11 