660
100
2
1 3 3 3 3 3 3 3 5 5 5 5 5 5 10 10 10 10 10 10 10 10 11 11 11 11 11 11 11 11 11 11 11 11 12 12 12 12 12 12 12 12 14 14 14 14 14 14 14 14 14 18 18 18 19 19 19 19 19 19 19 19 19 19 19 19 19 19 20 20 20 20 20 20 20 20 20 20 20 20 20 20 24 24 25 25 25 25 25 25 27 27 28 28 28 28 28 28 28 32 32 32 32 32 32 32 32 32 32 32 32 32 34 34 34 34 34 34 35 35 35 35 40 40 40 40 40 44 44 44 44 44 44 45 45 46 46 50 51 52 52 52 52 53 53 53 53 55 55 55 55 55 55 55 55 55 55 55 55 56 56 56 56 56 56 56 56 57 57 57 57 57 57 57 58 58 58 58 58 58 58 58 58 58 58 65 65 65 65 65 65 65 69 69 69 69 69 69 69 69 
138 185 186 187 188 189 190 191 68 69 70 71 72 73 159 160 161 162 163 164 165 166 147 148 149 150 151 152 153 154 155 156 157 158 74 75 76 77 78 79 80 81 137 192 193 194 195 196 197 198 199 105 106 107 118 119 120 121 99 100 101 102 103 104 108 109 110 111 8 9 10 11 12 13 34 35 36 37 38 39 40 41 135 136 127 128 129 130 131 132 133 134 167 168 169 170 171 172 173 58 59 60 61 62 63 51 52 53 64 65 66 67 179 180 181 182 183 184 54 55 56 57 174 175 176 177 178 84 85 86 87 88 89 90 91 82 83 42 0 143 144 145 146 139 140 141 142 22 23 24 25 26 27 28 29 30 31 32 33 14 15 16 17 18 19 20 21 92 93 94 95 96 97 98 122 123 124 125 126 112 113 114 115 116 117 1 2 3 4 5 6 7 43 44 45 46 47 48 49 50 
656 522 522 522 522 522 522 522 334 334 334 334 334 334 158 158 158 158 158 158 158 158 206 206 206 206 206 206 206 206 206 206 206 206 529 529 529 529 529 529 529 529 763 612 612 612 612 612 612 612 612 993 993 993 242 242 242 242 744 744 744 744 744 744 515 515 515 515 334 334 334 334 334 334 529 529 529 529 529 529 529 529 603 603 991 991 991 991 991 991 632 632 553 553 553 553 553 553 553 744 744 744 744 744 744 993 993 993 515 515 515 515 772 772 772 772 772 772 242 242 242 242 249 249 249 249 249 991 991 991 991 991 991 632 632 603 603 763 656 309 309 309 309 309 309 309 309 206 206 206 206 206 206 206 206 206 206 206 206 158 158 158 158 158 158 158 158 553 553 553 553 553 553 553 249 249 249 249 249 772 772 772 772 772 772 522 522 522 522 522 522 522 612 612 612 612 612 612 612 612 
0 1 2 3 4 5 6 7 8 9 10 11 12 13 14 15 16 17 18 19 20 21 22 23 24 25 26 27 28 29 30 31 32 33 34 35 36 37 38 39 40 41 42 43 44 45 46 47 48 49 50 51 52 53 54 55 56 57 58 59 60 61 62 63 64 65 66 67 8 9 10 11 12 13 34 35 36 37 38 39 40 41 68 69 70 71 72 73 74 75 76 77 78 79 80 81 82 83 84 58 59 60 61 62 63 51 52 53 64 65 66 67 85 86 87 88 89 90 54 55 56 57 91 92 93 94 95 70 71 72 73 74 75 76 77 68 69 42 0 96 97 98 99 96 97 98 99 22 23 24 25 26 27 28 29 30 31 32 33 14 15 16 17 18 19 20 21 78 79 80 81 82 83 84 91 92 93 94 95 85 86 87 88 89 90 1 2 3 4 5 6 7 43 44 45 46 47 48 49 50 
49812
19
6 4 6 1 4 8 1 7 2 2 6 8 3 5 6 4 7 8 12 
5 19 25 14 52 12 1 28 27 24 19 10 18 40 34 19 3 14 11 
20 35 44 50 53 20 51 57 45 46 32 56 32 58 58 32 65 69 55 
334 242 991 763 309 529 656 553 632 603 744 158 993 249 772 515 522 612 206 
6 16 16 16 16 16 16 16 0 0 0 0 0 0 11 11 11 11 11 11 11 11 18 18 18 18 18 18 18 18 18 18 18 18 5 5 5 5 5 5 5 5 3 17 17 17 17 17 17 17 17 12 12 12 1 1 1 1 10 10 10 10 10 10 15 15 15 15 0 0 0 0 0 0 5 5 5 5 5 5 5 5 9 9 2 2 2 2 2 2 8 8 7 7 7 7 7 7 7 10 10 10 10 10 10 12 12 12 15 15 15 15 14 14 14 14 14 14 1 1 1 1 13 13 13 13 13 2 2 2 2 2 2 8 8 9 9 3 6 4 4 4 4 4 4 4 4 18 18 18 18 18 18 18 18 18 18 18 18 11 11 11 11 11 11 11 11 7 7 7 7 7 7 7 13 13 13 13 13 14 14 14 14 14 14 16 16 16 16 16 16 16 17 17 17 17 17 17 17 17 