261
100
2
2 2 2 2 2 2 6 6 6 6 6 6 6 7 7 7 7 7 9 9 9 9 9 9 9 9 10 10 10 10 10 12 12 12 12 12 12 15 15 15 15 18 18 19 19 20 21 21 21 21 21 22 22 22 22 22 22 22 22 22 22 22 22 22 22 23 23 23 23 23 23 23 23 23 25 25 25 25 25 25 25 25 25 25 25 25 25 26 27 27 27 27 27 27 27 27 27 27 27 36 36 36 36 36 36 36 36 36 36 36 36 42 42 42 42 42 42 42 42 42 42 42 43 43 43 43 43 43 47 47 47 47 47 47 47 47 47 47 47 47 47 47 47 47 47 48 48 48 48 48 48 48 48 52 52 52 52 52 52 52 53 53 53 53 53 53 53 53 53 53 53 53 54 54 54 54 54 54 54 56 56 56 56 56 56 56 58 58 58 58 58 59 66 66 66 66 66 66 66 70 
31 32 33 34 35 36 160 161 162 163 164 165 166 46 47 48 49 50 99 100 101 102 103 104 105 106 167 168 169 170 171 0 1 2 3 4 5 107 108 109 110 43 44 41 42 87 13 14 15 16 17 122 123 124 125 126 127 145 146 147 148 149 150 151 152 118 119 120 121 186 187 188 189 190 132 133 134 135 136 137 138 139 140 141 142 143 144 45 128 129 130 131 111 112 113 114 115 116 117 18 19 20 21 22 23 24 25 37 38 39 40 92 93 94 95 96 97 98 65 66 67 68 51 52 53 54 55 56 88 89 90 91 74 75 76 77 78 79 80 81 82 83 84 85 86 57 58 59 60 61 62 63 64 192 193 194 195 196 197 198 6 7 8 9 10 11 12 26 27 28 29 30 179 180 181 182 183 184 185 172 173 174 175 176 177 178 69 70 71 72 73 199 153 154 155 156 157 158 159 191 
759 759 759 759 759 759 329 329 329 329 329 329 329 367 367 367 367 367 813 813 813 813 813 813 813 813 699 699 699 699 699 759 759 759 759 759 759 491 491 491 491 882 882 882 882 703 367 367 367 367 367 575 575 575 575 575 575 734 734 734 734 734 734 734 734 225 225 225 225 365 365 365 365 365 743 743 743 743 743 743 743 743 743 743 743 743 743 703 691 691 691 691 353 353 353 353 353 353 353 813 813 813 813 813 813 813 813 491 491 491 491 353 353 353 353 353 353 353 225 225 225 225 575 575 575 575 575 575 691 691 691 691 743 743 743 743 743 743 743 743 743 743 743 743 743 734 734 734 734 734 734 734 734 794 794 794 794 794 794 794 329 329 329 329 329 329 329 699 699 699 699 699 824 824 824 824 824 824 824 824 824 824 824 824 824 824 365 365 365 365 365 857 794 794 794 794 794 794 794 857 
0 1 2 3 4 5 6 7 8 9 10 11 12 13 14 15 16 17 18 19 20 21 22 23 24 25 26 27 28 29 30 0 1 2 3 4 5 31 32 33 34 35 36 35 36 37 13 14 15 16 17 38 39 40 41 42 43 44 45 46 47 48 49 50 51 52 53 54 55 56 57 58 59 60 61 62 63 64 65 66 67 68 69 70 71 72 73 37 74 75 76 77 78 79 80 81 82 83 84 18 19 20 21 22 23 24 25 31 32 33 34 78 79 80 81 82 83 84 52 53 54 55 38 39 40 41 42 43 74 75 76 77 61 62 63 64 65 66 67 68 69 70 71 72 73 44 45 46 47 48 49 50 51 85 86 87 88 89 90 91 6 7 8 9 10 11 12 26 27 28 29 30 92 93 94 95 96 97 98 92 93 94 95 96 97 98 56 57 58 59 60 99 85 86 87 88 89 90 91 99 
62246
18
7 8 6 4 5 1 6 7 8 1 2 4 7 4 5 7 5 13 
54 9 22 27 7 20 2 27 22 59 18 15 6 23 10 52 23 25 
56 36 43 47 21 26 12 42 48 70 19 36 53 42 53 66 58 47 
824 813 575 691 367 703 759 353 734 857 882 491 329 225 699 794 365 743 
6 6 6 6 6 6 12 12 12 12 12 12 12 4 4 4 4 4 1 1 1 1 1 1 1 1 14 14 14 14 14 6 6 6 6 6 6 11 11 11 11 10 10 10 10 5 4 4 4 4 4 2 2 2 2 2 2 8 8 8 8 8 8 8 8 13 13 13 13 16 16 16 16 16 17 17 17 17 17 17 17 17 17 17 17 17 17 5 3 3 3 3 7 7 7 7 7 7 7 1 1 1 1 1 1 1 1 11 11 11 11 7 7 7 7 7 7 7 13 13 13 13 2 2 2 2 2 2 3 3 3 3 17 17 17 17 17 17 17 17 17 17 17 17 17 8 8 8 8 8 8 8 8 15 15 15 15 15 15 15 12 12 12 12 12 12 12 14 14 14 14 14 0 0 0 0 0 0 0 0 0 0 0 0 0 0 16 16 16 16 16 9 15 15 15 15 15 15 15 9 