226
100
2
2 2 6 6 6 6 6 7 7 7 8 8 8 8 9 9 9 9 11 11 11 11 13 13 13 14 14 14 14 15 15 18 18 19 20 20 20 20 20 20 20 20 20 20 20 20 20 20 20 20 20 20 20 20 20 20 20 20 21 21 21 21 23 23 23 23 23 24 24 25 25 25 25 25 26 27 27 28 28 28 28 28 29 29 29 29 29 29 30 30 30 30 30 30 30 30 32 33 33 33 33 33 34 34 36 38 38 38 38 40 40 42 42 43 43 43 43 44 44 44 44 44 44 44 44 44 44 46 46 46 46 46 46 46 46 46 47 47 47 47 47 47 47 49 49 51 52 53 53 54 55 56 56 56 56 56 56 56 56 56 62 62 64 64 64 65 65 65 65 65 65 65 66 66 66 66 66 66 66 66 66 66 66 66 66 66 66 66 66 66 66 66 67 67 67 69 70 70 70 70 
136 137 33 127 128 129 130 124 125 126 118 119 120 121 105 106 107 108 82 83 84 85 192 193 194 151 152 153 154 146 104 102 103 2 113 114 115 116 172 173 174 175 176 177 178 179 180 181 182 183 184 185 186 187 188 189 190 191 196 197 198 199 77 78 79 80 81 109 110 75 76 162 163 164 145 69 70 62 63 64 65 66 18 19 20 21 143 144 97 98 99 100 101 165 166 167 195 88 89 90 91 92 31 32 30 14 15 16 17 67 68 122 123 34 35 36 37 150 10 11 12 13 111 112 7 8 9 3 4 5 6 138 139 140 141 142 0 1 131 132 133 134 135 86 87 74 29 160 161 155 117 25 26 27 28 149 168 169 170 171 147 148 71 72 73 93 94 95 156 157 158 159 38 39 40 41 42 43 44 45 46 47 48 49 50 51 52 53 54 55 56 57 22 23 24 96 58 59 60 61 
501 501 1000 400 400 400 400 638 638 638 168 168 168 168 863 863 863 863 702 702 702 702 325 325 325 572 572 572 572 610 338 539 539 1000 881 881 881 881 937 937 937 937 937 937 937 937 937 937 937 937 937 937 937 937 937 937 937 937 347 347 347 347 159 159 159 159 159 999 999 682 682 883 883 883 428 682 682 159 159 159 159 159 702 702 702 702 571 571 675 675 675 675 675 376 376 376 231 675 675 675 675 675 539 539 338 863 863 863 863 999 999 227 227 881 881 881 881 601 168 168 168 168 227 227 638 638 638 400 400 400 400 239 239 239 239 239 501 501 239 239 239 239 239 571 571 428 610 443 443 955 601 572 572 572 572 955 510 510 510 510 443 443 883 883 883 376 376 376 510 510 510 510 937 937 937 937 937 937 937 937 937 937 937 937 937 937 937 937 937 937 937 937 325 325 325 231 347 347 347 347 
0 1 2 3 4 5 6 7 8 9 10 11 12 13 14 15 16 17 18 19 20 21 22 23 24 25 26 27 28 29 30 31 32 2 33 34 35 36 37 38 39 40 41 42 43 44 45 46 47 48 49 50 51 52 53 54 55 56 57 58 59 60 61 62 63 64 65 66 67 68 69 70 71 72 73 68 69 61 62 63 64 65 18 19 20 21 74 75 76 77 78 79 80 81 82 83 84 76 77 78 79 80 31 32 30 14 15 16 17 66 67 85 86 33 34 35 36 87 10 11 12 13 85 86 7 8 9 3 4 5 6 88 89 90 91 92 0 1 88 89 90 91 92 74 75 73 29 93 94 95 87 25 26 27 28 95 96 97 98 99 93 94 70 71 72 81 82 83 96 97 98 99 37 38 39 40 41 42 43 44 45 46 47 48 49 50 51 52 53 54 55 56 22 23 24 84 57 58 59 60 
60630
30
2 5 1 3 3 4 4 1 3 1 1 4 1 4 1 2 5 4 4 2 4 2 1 2 2 5 4 2 3 20 
25 30 6 30 25 11 21 26 13 15 15 6 32 9 44 2 46 14 8 29 20 24 54 53 42 23 56 18 7 20 
27 33 19 65 64 29 70 51 67 52 36 46 69 38 55 47 47 56 44 49 43 40 56 62 44 28 65 34 44 66 
682 675 1000 376 883 702 347 428 325 610 338 400 231 863 601 501 239 572 168 571 881 999 955 443 227 159 510 539 638 937 
15 15 2 11 11 11 11 28 28 28 18 18 18 18 13 13 13 13 5 5 5 5 8 8 8 17 17 17 17 9 10 27 27 2 20 20 20 20 29 29 29 29 29 29 29 29 29 29 29 29 29 29 29 29 29 29 29 29 6 6 6 6 25 25 25 25 25 21 21 0 0 4 4 4 7 0 0 25 25 25 25 25 5 5 5 5 19 19 1 1 1 1 1 3 3 3 12 1 1 1 1 1 27 27 10 13 13 13 13 21 21 24 24 20 20 20 20 14 18 18 18 18 24 24 28 28 28 11 11 11 11 16 16 16 16 16 15 15 16 16 16 16 16 19 19 7 9 23 23 22 14 17 17 17 17 22 26 26 26 26 23 23 4 4 4 3 3 3 26 26 26 26 29 29 29 29 29 29 29 29 29 29 29 29 29 29 29 29 29 29 29 29 8 8 8 12 6 6 6 6 