316
100
2
2 2 2 3 3 3 3 3 3 4 5 5 5 5 5 5 6 6 6 6 6 7 7 7 8 8 8 8 13 13 13 14 14 14 17 17 17 18 18 18 18 21 21 23 23 23 23 23 23 23 23 23 23 23 23 23 23 23 24 24 24 24 26 26 26 26 26 26 26 26 30 31 31 31 33 33 33 36 36 38 38 38 38 38 38 38 38 40 40 40 40 40 41 41 43 43 43 45 45 45 45 45 45 45 45 45 45 46 46 46 46 46 46 46 46 47 47 47 48 48 48 49 49 49 49 49 49 51 51 52 52 52 52 52 52 52 52 52 52 52 52 52 52 52 54 54 54 54 54 58 58 59 59 59 59 59 59 59 59 59 59 60 60 60 61 61 61 61 61 62 62 62 62 62 62 63 63 63 64 64 64 64 64 64 64 64 66 66 66 70 70 70 70 70 70 70 70 70 70 70 
10 11 12 121 122 169 170 171 172 178 0 1 2 28 29 30 101 102 103 159 160 87 88 89 97 98 99 100 13 14 15 161 162 163 186 187 188 123 124 125 126 90 91 129 130 131 132 133 134 135 136 137 138 139 140 141 142 143 83 84 85 86 79 80 81 82 155 156 157 158 94 175 176 177 118 119 120 147 148 62 63 64 65 58 59 60 61 21 22 23 41 42 127 128 70 149 150 24 25 26 27 16 17 18 144 145 146 189 190 191 192 151 152 153 154 166 167 168 74 75 76 3 4 37 38 39 40 92 93 43 44 45 46 47 48 49 50 51 52 53 54 55 56 57 104 105 106 77 78 95 96 111 112 113 114 66 67 68 69 19 20 31 32 33 193 194 115 116 117 5 6 7 8 179 180 71 72 73 9 173 174 195 196 197 198 199 34 35 36 107 108 109 110 164 165 181 182 183 184 185 
568 568 568 429 429 890 890 890 890 190 568 568 568 483 483 483 354 354 354 429 429 493 493 493 998 998 998 998 483 483 483 282 282 282 672 672 672 982 982 982 982 816 816 768 768 768 768 768 768 768 768 768 768 768 768 768 768 768 688 688 688 688 788 788 788 788 510 510 510 510 923 798 798 798 157 157 157 931 931 788 788 788 788 688 688 688 688 493 493 493 816 816 292 292 923 151 151 998 998 998 998 354 354 354 940 940 940 195 195 195 195 924 924 924 924 305 305 305 157 157 157 429 429 982 982 982 982 292 292 768 768 768 768 768 768 768 768 768 768 768 768 768 768 768 940 940 940 931 931 151 151 924 924 924 924 510 510 510 510 429 429 282 282 282 868 868 305 305 305 890 890 890 890 527 527 798 798 798 190 527 527 559 559 559 559 559 672 672 672 195 195 195 195 868 868 559 559 559 559 559 
0 1 2 3 4 5 6 7 8 9 0 1 2 10 11 12 13 14 15 16 17 18 19 20 21 22 23 24 10 11 12 25 26 27 28 29 30 31 32 33 34 35 36 37 38 39 40 41 42 43 44 45 46 47 48 49 50 51 52 53 54 55 56 57 58 59 60 61 62 63 64 65 66 67 68 69 70 71 72 56 57 58 59 52 53 54 55 18 19 20 35 36 73 74 64 75 76 21 22 23 24 13 14 15 77 78 79 80 81 82 83 84 85 86 87 88 89 90 68 69 70 3 4 31 32 33 34 73 74 37 38 39 40 41 42 43 44 45 46 47 48 49 50 51 77 78 79 71 72 75 76 84 85 86 87 60 61 62 63 16 17 25 26 27 91 92 88 89 90 5 6 7 8 93 94 65 66 67 9 93 94 95 96 97 98 99 28 29 30 80 81 82 83 91 92 95 96 97 98 99 
63370
30
4 4 1 4 1 2 4 3 3 4 2 3 3 3 3 4 3 4 2 4 2 2 2 2 3 2 5 3 3 15 
26 8 4 46 30 3 24 6 33 3 62 31 2 7 45 46 17 18 41 26 21 36 61 43 14 6 64 5 47 23 
38 45 64 70 43 49 38 45 48 62 64 63 5 40 54 59 66 49 51 59 40 54 70 58 60 59 70 13 61 52 
788 998 190 195 923 429 688 354 157 890 527 798 568 493 940 924 672 982 292 510 816 931 868 151 282 429 559 483 305 768 
12 12 12 5 5 9 9 9 9 2 12 12 12 27 27 27 7 7 7 25 25 13 13 13 1 1 1 1 27 27 27 24 24 24 16 16 16 17 17 17 17 20 20 29 29 29 29 29 29 29 29 29 29 29 29 29 29 29 6 6 6 6 0 0 0 0 19 19 19 19 4 11 11 11 8 8 8 21 21 0 0 0 0 6 6 6 6 13 13 13 20 20 18 18 4 23 23 1 1 1 1 7 7 7 14 14 14 3 3 3 3 15 15 15 15 28 28 28 8 8 8 5 5 17 17 17 17 18 18 29 29 29 29 29 29 29 29 29 29 29 29 29 29 29 14 14 14 21 21 23 23 15 15 15 15 19 19 19 19 25 25 24 24 24 22 22 28 28 28 9 9 9 9 10 10 11 11 11 2 10 10 26 26 26 26 26 16 16 16 3 3 3 3 22 22 26 26 26 26 26 