990
100
2
2 2 4 4 4 4 5 5 6 9 9 9 12 12 16 16 18 18 18 18 18 18 19 20 20 20 24 24 24 24 24 24 25 26 26 26 26 26 27 27 27 27 27 27 28 28 28 28 28 28 28 28 28 28 28 28 28 28 28 30 30 30 30 30 30 30 30 30 31 31 31 31 31 31 33 33 33 33 33 33 33 33 33 33 33 33 33 33 33 33 33 33 33 34 34 37 37 37 39 39 40 40 40 41 41 41 41 41 41 41 41 41 41 42 42 42 46 46 46 46 46 46 46 46 47 47 47 47 47 47 48 48 48 48 48 48 49 49 49 49 49 49 50 50 50 50 52 52 52 52 52 52 52 52 52 52 52 52 52 52 52 52 52 53 53 53 53 53 53 57 57 57 58 59 59 60 60 60 60 60 60 60 60 62 62 62 62 62 62 66 66 67 67 67 67 67 67 67 67 67 
14 15 103 104 105 106 130 131 171 95 96 97 136 137 0 1 163 164 165 166 167 168 32 197 198 199 124 125 126 127 128 129 22 178 179 180 181 182 68 69 70 71 72 73 148 149 150 151 152 153 154 155 156 157 158 159 160 161 162 132 133 134 135 119 120 121 122 123 38 39 40 41 42 43 75 74 77 76 79 78 81 80 83 82 85 84 113 114 115 183 184 185 186 146 147 9 10 11 100 101 98 99 172 2 3 4 5 191 192 193 194 195 196 86 87 88 175 176 177 63 64 65 66 67 26 27 28 29 30 31 6 7 59 60 61 62 12 13 142 143 144 145 138 139 140 141 93 94 44 45 46 47 48 49 50 51 52 53 54 55 56 57 58 16 17 18 19 20 21 173 174 8 102 169 170 116 117 118 33 34 35 36 37 89 90 91 92 189 190 187 188 107 108 109 110 111 112 23 24 25 
587 587 456 456 456 456 544 544 924 558 558 558 854 854 587 587 759 759 759 759 759 759 516 910 910 910 415 415 415 415 415 415 516 865 865 865 865 865 870 870 870 870 870 870 983 983 983 983 983 983 983 983 983 983 983 983 983 983 983 249 249 249 249 388 388 388 388 388 870 870 870 870 870 870 472 472 472 472 472 472 472 472 472 472 472 472 368 368 368 710 710 710 710 692 692 558 558 558 767 767 767 767 373 456 456 456 456 954 954 954 954 954 954 368 368 368 378 378 378 388 388 388 388 388 415 415 415 415 415 415 544 544 249 249 249 249 854 854 448 448 448 448 448 448 448 448 692 692 983 983 983 983 983 983 983 983 983 983 983 983 983 983 983 759 759 759 759 759 759 639 639 924 373 639 639 378 378 378 865 865 865 865 865 710 710 710 710 511 511 511 511 954 954 954 954 954 954 910 910 910 
0 1 2 3 4 5 6 7 8 9 10 11 12 13 0 1 14 15 16 17 18 19 20 21 22 23 24 25 26 27 28 29 20 30 31 32 33 34 35 36 37 38 39 40 41 42 43 44 45 46 47 48 49 50 51 52 53 54 55 56 57 58 59 60 61 62 63 64 35 36 37 38 39 40 65 65 66 66 67 67 68 68 69 69 70 70 71 72 73 74 75 76 77 78 79 9 10 11 80 81 80 81 82 2 3 4 5 83 84 85 86 87 88 71 72 73 89 90 91 60 61 62 63 64 24 25 26 27 28 29 6 7 56 57 58 59 12 13 92 93 94 95 92 93 94 95 78 79 41 42 43 44 45 46 47 48 49 50 51 52 53 54 55 14 15 16 17 18 19 96 97 8 82 96 97 89 90 91 30 31 32 33 34 74 75 76 77 98 99 98 99 83 84 85 86 87 88 21 22 23 
66925
26
6 3 1 6 6 2 4 2 2 4 2 6 6 1 2 3 3 3 2 4 4 2 5 5 1 15 
33 33 19 27 24 5 33 57 12 4 39 41 18 40 62 20 46 9 2 30 49 34 30 26 6 28 
33 42 25 31 47 48 62 59 49 41 40 67 53 58 66 67 60 37 16 48 50 52 46 60 57 52 
472 368 516 870 415 544 710 639 854 456 767 954 759 373 511 910 378 558 587 249 448 692 388 865 924 983 
18 18 9 9 9 9 5 5 24 17 17 17 8 8 18 18 12 12 12 12 12 12 2 15 15 15 4 4 4 4 4 4 2 23 23 23 23 23 3 3 3 3 3 3 25 25 25 25 25 25 25 25 25 25 25 25 25 25 25 19 19 19 19 22 22 22 22 22 3 3 3 3 3 3 0 0 0 0 0 0 0 0 0 0 0 0 1 1 1 6 6 6 6 21 21 17 17 17 10 10 10 10 13 9 9 9 9 11 11 11 11 11 11 1 1 1 16 16 16 22 22 22 22 22 4 4 4 4 4 4 5 5 19 19 19 19 8 8 20 20 20 20 20 20 20 20 21 21 25 25 25 25 25 25 25 25 25 25 25 25 25 25 25 12 12 12 12 12 12 7 7 24 13 7 7 16 16 16 23 23 23 23 23 6 6 6 6 14 14 14 14 11 11 11 11 11 11 15 15 15 