5
100
2
2 2 2 2 2 2 3 3 3 3 3 3 3 5 5 5 5 5 6 6 6 6 6 6 6 6 6 6 6 7 7 7 7 9 9 9 9 10 10 10 10 10 10 11 11 11 11 11 11 12 12 12 13 13 13 14 14 14 19 20 20 21 21 21 21 22 22 22 22 22 24 24 24 26 26 26 26 26 26 26 26 26 31 31 31 33 33 33 35 35 35 35 37 37 37 37 37 37 37 37 37 37 37 37 37 37 37 37 37 37 37 37 37 37 37 37 37 37 42 43 44 44 44 44 44 44 44 44 44 45 45 47 47 47 47 47 47 47 47 47 47 50 50 50 50 50 50 50 50 50 50 50 50 50 50 50 50 50 50 50 50 50 50 51 51 51 52 52 52 52 52 55 55 55 56 56 56 56 56 56 56 56 56 56 60 60 60 60 60 60 61 61 64 64 64 64 64 64 64 64 
92 93 94 95 96 97 174 175 176 177 178 179 180 192 193 194 195 196 37 38 39 40 41 42 61 62 63 64 119 33 34 35 36 29 30 31 32 18 19 20 21 22 23 184 185 186 187 188 189 197 198 199 120 121 122 181 182 183 118 190 191 24 25 26 27 166 167 168 169 170 82 83 84 131 132 133 134 135 136 137 129 130 70 71 72 138 139 140 98 99 100 101 0 1 2 3 4 5 88 89 90 91 147 148 149 150 151 152 153 154 155 156 157 158 159 160 161 162 58 28 52 53 54 141 142 143 144 145 146 80 81 73 74 75 76 77 78 79 85 86 87 123 124 125 126 127 128 102 103 104 105 106 107 108 109 110 111 112 113 114 115 116 117 171 172 173 65 66 67 68 69 163 164 165 6 7 8 9 10 11 12 55 56 57 43 44 45 46 47 48 59 60 13 14 15 16 17 49 50 51 
171 171 171 171 171 171 319 319 319 319 319 319 319 857 857 857 857 857 629 629 629 629 629 629 180 180 180 180 347 488 488 488 488 488 488 488 488 629 629 629 629 629 629 595 595 595 595 595 595 989 989 989 691 691 691 479 479 479 521 253 253 180 180 180 180 460 460 460 460 460 951 951 951 275 275 275 275 275 275 275 723 723 951 951 951 789 789 789 268 268 268 268 171 171 171 171 171 171 268 268 268 268 264 264 264 264 264 264 264 264 264 264 264 264 264 264 264 264 521 347 691 691 691 829 829 829 829 829 829 723 723 275 275 275 275 275 275 275 789 789 789 829 829 829 829 829 829 264 264 264 264 264 264 264 264 264 264 264 264 264 264 264 264 382 382 382 460 460 460 460 460 382 382 382 319 319 319 319 319 319 319 479 479 479 595 595 595 595 595 595 253 253 857 857 857 857 857 989 989 989 
0 1 2 3 4 5 6 7 8 9 10 11 12 13 14 15 16 17 18 19 20 21 22 23 24 25 26 27 28 29 30 31 32 29 30 31 32 18 19 20 21 22 23 33 34 35 36 37 38 39 40 41 42 43 44 45 46 47 48 49 50 24 25 26 27 51 52 53 54 55 56 57 58 59 60 61 62 63 64 65 66 67 56 57 58 68 69 70 71 72 73 74 0 1 2 3 4 5 71 72 73 74 75 76 77 78 79 80 81 82 83 84 85 86 87 88 89 90 48 28 42 43 44 91 92 93 94 95 96 66 67 59 60 61 62 63 64 65 68 69 70 91 92 93 94 95 96 75 76 77 78 79 80 81 82 83 84 85 86 87 88 89 90 97 98 99 51 52 53 54 55 97 98 99 6 7 8 9 10 11 12 45 46 47 33 34 35 36 37 38 49 50 13 14 15 16 17 39 40 41 
47718
22
6 3 5 6 7 5 4 6 7 2 6 3 4 1 2 3 4 3 1 3 3 16 
2 13 22 11 3 5 35 6 26 26 44 51 7 19 20 12 6 33 6 24 14 37 
37 44 52 60 56 64 37 10 47 45 50 55 9 42 61 64 21 47 43 31 56 50 
171 691 460 595 319 857 268 629 275 723 829 382 488 521 253 989 180 789 347 951 479 264 
0 0 0 0 0 0 4 4 4 4 4 4 4 5 5 5 5 5 7 7 7 7 7 7 16 16 16 16 18 12 12 12 12 12 12 12 12 7 7 7 7 7 7 3 3 3 3 3 3 15 15 15 1 1 1 20 20 20 13 14 14 16 16 16 16 2 2 2 2 2 19 19 19 8 8 8 8 8 8 8 9 9 19 19 19 17 17 17 6 6 6 6 0 0 0 0 0 0 6 6 6 6 21 21 21 21 21 21 21 21 21 21 21 21 21 21 21 21 13 18 1 1 1 10 10 10 10 10 10 9 9 8 8 8 8 8 8 8 17 17 17 10 10 10 10 10 10 21 21 21 21 21 21 21 21 21 21 21 21 21 21 21 21 11 11 11 2 2 2 2 2 11 11 11 4 4 4 4 4 4 4 20 20 20 3 3 3 3 3 3 14 14 5 5 5 5 5 15 15 15 