21
100
2
3 3 3 3 3 7 7 7 7 7 7 7 7 7 7 7 8 8 8 10 10 10 10 10 11 11 11 11 11 11 11 11 11 11 11 13 13 13 13 13 13 13 13 13 13 13 13 13 15 15 15 15 15 15 15 15 15 15 15 15 15 17 17 17 21 21 21 21 21 21 21 21 21 21 21 21 21 22 22 22 22 22 22 22 22 22 22 22 22 22 22 29 29 29 29 29 29 29 29 29 29 29 32 32 32 36 36 36 36 36 36 36 36 39 39 39 39 39 39 39 39 39 39 39 39 42 42 42 42 42 42 42 42 42 42 42 42 42 42 48 48 48 48 48 48 48 48 48 48 48 48 48 48 48 48 48 48 48 48 48 48 48 48 48 50 50 50 52 52 52 52 52 52 52 52 52 52 52 52 55 55 55 58 58 58 64 64 64 64 64 64 64 64 64 64 64 64 68 68 68 
19 20 21 22 23 24 25 26 27 28 29 30 31 32 33 34 182 183 184 0 1 2 3 4 5 6 7 8 9 10 11 12 13 14 15 64 65 66 67 68 69 70 71 72 73 74 75 76 151 152 153 154 155 156 157 158 159 160 161 162 163 164 165 166 35 36 37 38 39 40 41 42 43 44 45 46 47 125 126 127 128 129 130 131 132 133 134 135 136 137 138 105 106 107 108 109 110 111 112 197 198 199 179 180 181 91 92 93 94 95 96 97 98 167 168 169 170 171 172 173 174 175 176 177 178 77 78 79 80 81 82 83 84 85 86 87 88 89 90 185 186 187 188 189 190 191 192 193 194 195 196 48 49 50 51 52 53 54 55 56 57 58 59 60 61 62 63 113 114 115 116 117 118 119 120 121 122 123 124 102 103 104 16 17 18 139 140 141 142 143 144 145 146 147 148 149 150 99 100 101 
510 510 510 510 510 588 588 588 588 588 588 588 588 588 588 588 701 701 701 510 510 510 510 510 588 588 588 588 588 588 588 588 588 588 588 545 545 545 545 545 545 545 545 545 545 545 545 545 475 475 475 475 475 475 475 475 475 475 475 475 475 314 314 314 545 545 545 545 545 545 545 545 545 545 545 545 545 364 364 364 364 364 364 364 364 364 364 364 364 364 364 527 527 527 527 527 527 527 527 931 931 931 150 150 150 527 527 527 527 527 527 527 527 276 276 276 276 276 276 276 276 276 276 276 276 364 364 364 364 364 364 364 364 364 364 364 364 364 364 573 573 573 573 573 573 573 573 573 573 573 573 475 475 475 475 475 475 475 475 475 475 475 475 475 314 314 314 276 276 276 276 276 276 276 276 276 276 276 276 150 150 150 701 701 701 573 573 573 573 573 573 573 573 573 573 573 573 931 931 931 
0 1 2 3 4 5 6 7 8 9 10 11 12 13 14 15 16 17 18 0 1 2 3 4 5 6 7 8 9 10 11 12 13 14 15 19 20 21 22 23 24 25 26 27 28 29 30 31 32 33 34 35 36 37 38 39 40 41 42 43 44 45 46 47 19 20 21 22 23 24 25 26 27 28 29 30 31 48 49 50 51 52 53 54 55 56 57 58 59 60 61 62 63 64 65 66 67 68 69 70 71 72 73 74 75 62 63 64 65 66 67 68 69 76 77 78 79 80 81 82 83 84 85 86 87 48 49 50 51 52 53 54 55 56 57 58 59 60 61 88 89 90 91 92 93 94 95 96 97 98 99 32 33 34 35 36 37 38 39 40 41 42 43 44 45 46 47 76 77 78 79 80 81 82 83 84 85 86 87 73 74 75 16 17 18 88 89 90 91 92 93 94 95 96 97 98 99 70 71 72 
48066
12
3 3 8 12 12 5 3 13 14 3 13 11 
32 17 29 48 39 3 29 13 22 8 15 7 
55 50 36 64 52 10 68 21 42 58 48 11 
150 314 527 573 276 510 931 545 364 701 475 588 
5 5 5 5 5 11 11 11 11 11 11 11 11 11 11 11 9 9 9 5 5 5 5 5 11 11 11 11 11 11 11 11 11 11 11 7 7 7 7 7 7 7 7 7 7 7 7 7 10 10 10 10 10 10 10 10 10 10 10 10 10 1 1 1 7 7 7 7 7 7 7 7 7 7 7 7 7 8 8 8 8 8 8 8 8 8 8 8 8 8 8 2 2 2 2 2 2 2 2 6 6 6 0 0 0 2 2 2 2 2 2 2 2 4 4 4 4 4 4 4 4 4 4 4 4 8 8 8 8 8 8 8 8 8 8 8 8 8 8 3 3 3 3 3 3 3 3 3 3 3 3 10 10 10 10 10 10 10 10 10 10 10 10 10 1 1 1 4 4 4 4 4 4 4 4 4 4 4 4 0 0 0 9 9 9 3 3 3 3 3 3 3 3 3 3 3 3 6 6 6 