574
100
2
1 1 1 1 1 1 1 1 5 5 5 5 5 5 5 5 17 17 17 17 17 17 17 17 17 17 24 24 24 24 24 24 24 24 30 30 30 30 30 30 30 30 32 32 32 32 32 32 32 32 32 37 37 37 37 37 37 37 37 42 42 42 42 42 42 42 42 42 44 44 44 44 44 44 44 44 45 45 45 45 45 45 45 47 47 47 47 47 47 47 52 52 52 52 52 52 52 52 52 52 52 52 52 52 52 52 52 52 52 52 53 53 53 53 53 53 53 53 53 53 60 60 60 60 60 60 60 60 60 60 60 60 60 60 60 60 60 60 60 60 60 60 60 60 60 60 61 61 61 61 61 61 61 61 61 61 61 61 61 61 61 61 61 61 61 61 61 61 61 63 63 63 63 63 63 63 63 63 63 63 63 65 65 65 65 65 65 65 65 66 66 66 67 67 67 67 67 67 67 67 
51 52 53 54 55 56 57 58 26 27 28 29 30 31 32 33 110 111 112 113 114 115 116 117 118 119 8 9 10 11 12 13 14 15 68 69 70 71 72 73 74 75 59 60 61 62 63 64 65 66 67 0 1 2 3 4 5 6 7 42 43 44 45 46 47 48 49 50 34 35 36 37 38 39 40 41 123 124 125 126 127 128 129 146 147 148 149 150 151 152 169 170 171 172 173 174 175 176 177 178 179 180 103 102 105 104 107 106 109 108 16 17 18 19 20 21 22 23 24 25 189 190 191 76 77 78 79 80 81 82 153 154 155 156 157 158 159 160 161 162 163 164 165 166 167 168 83 84 85 86 87 88 89 130 131 132 133 134 135 136 137 138 139 140 141 142 143 144 145 90 91 92 93 94 95 96 97 98 99 100 101 192 193 194 195 196 197 198 199 120 121 122 181 182 183 184 185 186 187 188 
320 320 320 320 320 320 320 320 171 171 171 171 171 171 171 171 778 778 778 778 778 778 778 778 778 778 171 171 171 171 171 171 171 171 297 297 297 297 297 297 297 297 581 581 581 581 581 581 581 581 581 320 320 320 320 320 320 320 320 581 581 581 581 581 581 581 581 581 297 297 297 297 297 297 297 297 285 285 285 285 285 285 285 706 706 706 706 706 706 706 193 193 193 193 193 193 193 193 193 193 193 193 934 934 934 934 934 934 934 934 778 778 778 778 778 778 778 778 778 778 974 974 974 285 285 285 285 285 285 285 896 896 896 896 896 896 896 896 896 896 896 896 896 896 896 896 706 706 706 706 706 706 706 896 896 896 896 896 896 896 896 896 896 896 896 896 896 896 896 193 193 193 193 193 193 193 193 193 193 193 193 948 948 948 948 948 948 948 948 974 974 974 948 948 948 948 948 948 948 948 
0 1 2 3 4 5 6 7 8 9 10 11 12 13 14 15 16 17 18 19 20 21 22 23 24 25 8 9 10 11 12 13 14 15 26 27 28 29 30 31 32 33 34 35 36 37 38 39 40 41 42 0 1 2 3 4 5 6 7 34 35 36 37 38 39 40 41 42 26 27 28 29 30 31 32 33 43 44 45 46 47 48 49 50 51 52 53 54 55 56 57 58 59 60 61 62 63 64 65 66 67 68 69 69 70 70 71 71 72 72 16 17 18 19 20 21 22 23 24 25 73 74 75 43 44 45 46 47 48 49 76 77 78 79 80 81 82 83 84 85 86 87 88 89 90 91 50 51 52 53 54 55 56 76 77 78 79 80 81 82 83 84 85 86 87 88 89 90 91 57 58 59 60 61 62 63 64 65 66 67 68 92 93 94 95 96 97 98 99 73 74 75 92 93 94 95 96 97 98 99 
57144
12
7 8 8 12 3 10 9 7 4 8 8 16 
47 30 65 52 60 17 32 45 52 1 5 60 
61 44 67 63 66 53 42 60 52 37 24 61 
706 297 948 193 974 778 581 285 934 320 171 896 
9 9 9 9 9 9 9 9 10 10 10 10 10 10 10 10 5 5 5 5 5 5 5 5 5 5 10 10 10 10 10 10 10 10 1 1 1 1 1 1 1 1 6 6 6 6 6 6 6 6 6 9 9 9 9 9 9 9 9 6 6 6 6 6 6 6 6 6 1 1 1 1 1 1 1 1 7 7 7 7 7 7 7 0 0 0 0 0 0 0 3 3 3 3 3 3 3 3 3 3 3 3 8 8 8 8 8 8 8 8 5 5 5 5 5 5 5 5 5 5 4 4 4 7 7 7 7 7 7 7 11 11 11 11 11 11 11 11 11 11 11 11 11 11 11 11 0 0 0 0 0 0 0 11 11 11 11 11 11 11 11 11 11 11 11 11 11 11 11 3 3 3 3 3 3 3 3 3 3 3 3 2 2 2 2 2 2 2 2 4 4 4 2 2 2 2 2 2 2 2 