362
100
2
8 8 8 8 8 8 8 8 8 8 8 8 8 8 8 8 11 11 11 11 11 11 11 11 11 11 11 11 15 15 15 15 15 15 15 15 15 18 18 18 18 18 18 18 18 18 18 18 18 18 18 18 18 18 18 18 21 21 21 21 22 22 22 22 22 22 22 22 22 22 22 22 22 22 22 26 26 26 26 26 26 26 26 26 26 26 26 26 28 28 36 36 36 36 41 41 41 41 41 41 41 41 41 41 41 41 41 47 47 47 47 47 47 47 47 47 47 47 47 47 47 50 50 50 50 50 50 50 50 50 50 50 50 50 50 50 52 52 52 52 52 52 52 52 52 52 52 52 55 55 55 55 55 55 61 61 61 61 61 61 61 61 61 63 63 63 63 63 63 63 63 63 63 65 65 66 66 66 66 66 66 68 68 68 68 68 68 68 68 68 69 69 69 69 69 69 69 69 69 69 
1 0 3 2 5 4 7 6 9 8 11 10 13 12 15 14 136 137 138 139 140 141 142 143 144 145 146 147 47 48 49 50 51 52 53 54 55 111 112 113 114 115 116 117 118 119 120 28 29 30 31 32 33 34 35 36 173 174 88 89 121 122 123 124 125 126 127 128 129 130 131 132 133 134 135 94 95 96 97 98 99 100 101 102 103 104 105 106 58 59 107 108 109 110 75 76 77 78 79 80 81 82 83 84 85 86 87 90 91 92 93 37 38 39 40 41 42 43 44 45 46 60 61 62 63 64 65 66 67 68 69 70 71 72 73 74 16 17 18 19 20 21 22 23 24 25 26 27 175 176 177 178 179 180 181 182 183 184 185 186 187 188 189 190 191 192 193 194 195 196 197 198 199 56 57 148 149 150 151 152 153 154 155 156 157 158 159 160 161 162 163 164 165 166 167 168 169 170 171 172 
221 221 221 221 221 221 221 221 221 221 221 221 221 221 221 221 474 474 474 474 474 474 474 474 474 474 474 474 786 786 786 786 786 786 786 786 786 259 259 259 259 259 259 259 259 259 259 786 786 786 786 786 786 786 786 786 295 295 943 943 328 328 328 328 328 328 328 328 328 328 328 328 328 328 328 153 153 153 153 153 153 153 153 153 153 153 153 153 943 943 302 302 302 302 153 153 153 153 153 153 153 153 153 153 153 153 153 302 302 302 302 259 259 259 259 259 259 259 259 259 259 328 328 328 328 328 328 328 328 328 328 328 328 328 328 328 474 474 474 474 474 474 474 474 474 474 474 474 986 986 986 986 986 986 814 814 814 814 814 814 814 814 814 662 662 662 662 662 662 662 662 662 662 295 295 986 986 986 986 986 986 814 814 814 814 814 814 814 814 814 662 662 662 662 662 662 662 662 662 662 
0 0 1 1 2 2 3 3 4 4 5 5 6 6 7 7 8 9 10 11 12 13 14 15 16 17 18 19 20 21 22 23 24 25 26 27 28 29 30 31 32 33 34 35 36 37 38 20 21 22 23 24 25 26 27 28 39 40 41 42 43 44 45 46 47 48 49 50 51 52 53 54 55 56 57 58 59 60 61 62 63 64 65 66 67 68 69 70 41 42 71 72 73 74 58 59 60 61 62 63 64 65 66 67 68 69 70 71 72 73 74 29 30 31 32 33 34 35 36 37 38 43 44 45 46 47 48 49 50 51 52 53 54 55 56 57 8 9 10 11 12 13 14 15 16 17 18 19 75 76 77 78 79 80 81 82 83 84 85 86 87 88 89 90 91 92 93 94 95 96 97 98 99 39 40 75 76 77 78 79 80 81 82 83 84 85 86 87 88 89 90 91 92 93 94 95 96 97 98 99 
47575
12
13 2 12 4 10 9 9 10 2 8 6 15 
26 21 11 36 18 15 61 63 21 8 55 22 
41 65 52 47 47 18 68 69 28 8 66 50 
153 295 474 302 259 786 814 662 943 221 986 328 
9 9 9 9 9 9 9 9 9 9 9 9 9 9 9 9 2 2 2 2 2 2 2 2 2 2 2 2 5 5 5 5 5 5 5 5 5 4 4 4 4 4 4 4 4 4 4 5 5 5 5 5 5 5 5 5 1 1 8 8 11 11 11 11 11 11 11 11 11 11 11 11 11 11 11 0 0 0 0 0 0 0 0 0 0 0 0 0 8 8 3 3 3 3 0 0 0 0 0 0 0 0 0 0 0 0 0 3 3 3 3 4 4 4 4 4 4 4 4 4 4 11 11 11 11 11 11 11 11 11 11 11 11 11 11 11 2 2 2 2 2 2 2 2 2 2 2 2 10 10 10 10 10 10 6 6 6 6 6 6 6 6 6 7 7 7 7 7 7 7 7 7 7 1 1 10 10 10 10 10 10 6 6 6 6 6 6 6 6 6 7 7 7 7 7 7 7 7 7 7 