388
100
2
2 2 2 2 6 6 6 6 6 6 6 6 6 6 6 6 6 6 6 6 6 6 6 6 6 6 7 7 7 7 7 7 7 7 7 7 7 7 7 8 8 8 8 8 8 8 13 13 13 13 13 13 13 13 13 13 13 13 13 14 14 14 14 14 14 14 14 14 14 14 14 14 14 14 23 23 23 23 23 23 23 23 23 23 23 23 23 23 23 23 23 23 23 23 23 23 23 23 23 23 23 23 23 23 28 28 28 28 28 28 28 31 31 31 31 37 37 37 37 37 37 37 38 38 38 38 38 38 38 41 41 41 41 41 41 41 41 43 43 43 43 53 53 53 53 53 56 56 56 56 56 56 56 58 58 58 58 59 59 59 59 64 64 64 64 64 64 64 65 65 65 65 65 65 65 65 65 65 65 65 65 68 68 68 69 69 69 69 70 70 70 70 70 70 70 70 70 70 70 70 
111 112 113 114 82 83 84 85 86 87 88 89 90 91 92 93 94 95 96 97 98 99 100 101 102 103 168 169 170 171 172 173 174 175 176 177 178 179 180 115 116 117 118 119 120 121 61 62 63 64 65 66 67 68 69 70 71 72 73 141 142 46 47 48 49 50 51 52 53 54 55 56 57 58 129 130 131 132 133 134 135 136 4 5 6 7 8 9 10 11 12 13 14 15 16 17 18 19 20 21 22 23 24 25 122 123 124 125 126 127 128 0 1 2 3 39 40 41 42 43 44 45 104 105 106 107 108 109 110 74 75 76 77 78 79 80 81 153 154 155 156 59 60 181 182 183 161 162 163 164 165 166 167 137 138 139 140 184 185 186 187 146 147 148 149 150 151 152 26 27 28 29 30 31 32 33 34 35 36 37 38 143 144 145 157 158 159 160 189 188 191 190 193 192 195 194 197 196 199 198 
659 659 659 659 234 234 234 234 234 234 234 234 234 234 234 234 234 234 234 234 234 234 234 234 234 234 948 948 948 948 948 948 948 948 948 948 948 948 948 953 953 953 953 953 953 953 746 746 746 746 746 746 746 746 746 746 746 746 746 387 387 746 746 746 746 746 746 746 746 746 746 746 746 746 639 639 639 639 639 639 639 639 234 234 234 234 234 234 234 234 234 234 234 234 234 234 234 234 234 234 234 234 234 234 441 441 441 441 441 441 441 659 659 659 659 953 953 953 953 953 953 953 441 441 441 441 441 441 441 639 639 639 639 639 639 639 639 262 262 262 262 387 387 435 435 435 747 747 747 747 747 747 747 262 262 262 262 560 560 560 560 747 747 747 747 747 747 747 948 948 948 948 948 948 948 948 948 948 948 948 948 435 435 435 560 560 560 560 581 581 581 581 581 581 581 581 581 581 581 581 
0 1 2 3 4 5 6 7 8 9 10 11 12 13 14 15 16 17 18 19 20 21 22 23 24 25 26 27 28 29 30 31 32 33 34 35 36 37 38 39 40 41 42 43 44 45 46 47 48 49 50 51 52 53 54 55 56 57 58 59 60 46 47 48 49 50 51 52 53 54 55 56 57 58 61 62 63 64 65 66 67 68 4 5 6 7 8 9 10 11 12 13 14 15 16 17 18 19 20 21 22 23 24 25 69 70 71 72 73 74 75 0 1 2 3 39 40 41 42 43 44 45 69 70 71 72 73 74 75 61 62 63 64 65 66 67 68 76 77 78 79 59 60 80 81 82 83 84 85 86 87 88 89 76 77 78 79 90 91 92 93 83 84 85 86 87 88 89 26 27 28 29 30 31 32 33 34 35 36 37 38 80 81 82 90 91 92 93 94 94 95 95 96 96 97 97 98 98 99 99 
58758
13
8 4 2 7 13 3 6 13 4 7 7 4 22 
23 59 14 8 7 53 70 13 43 56 28 2 6 
41 69 53 37 65 68 70 14 58 64 38 31 23 
639 560 387 953 948 435 581 746 262 747 441 659 234 
11 11 11 11 12 12 12 12 12 12 12 12 12 12 12 12 12 12 12 12 12 12 12 12 12 12 4 4 4 4 4 4 4 4 4 4 4 4 4 3 3 3 3 3 3 3 7 7 7 7 7 7 7 7 7 7 7 7 7 2 2 7 7 7 7 7 7 7 7 7 7 7 7 7 0 0 0 0 0 0 0 0 12 12 12 12 12 12 12 12 12 12 12 12 12 12 12 12 12 12 12 12 12 12 10 10 10 10 10 10 10 11 11 11 11 3 3 3 3 3 3 3 10 10 10 10 10 10 10 0 0 0 0 0 0 0 0 8 8 8 8 2 2 5 5 5 9 9 9 9 9 9 9 8 8 8 8 1 1 1 1 9 9 9 9 9 9 9 4 4 4 4 4 4 4 4 4 4 4 4 4 5 5 5 1 1 1 1 6 6 6 6 6 6 6 6 6 6 6 6 