372
100
2
3 3 3 3 3 3 4 4 4 4 6 6 6 8 8 8 8 8 8 8 8 10 10 11 11 15 15 15 15 15 15 15 15 15 16 16 16 16 16 17 17 17 17 17 17 17 17 17 17 18 18 18 18 18 19 19 19 19 19 19 20 20 20 20 20 20 27 27 27 27 27 27 27 27 27 27 27 27 28 28 28 28 28 28 30 31 31 31 32 32 32 32 32 34 34 34 35 35 35 35 35 35 35 35 36 36 36 36 36 36 39 39 39 39 39 39 43 43 43 45 45 45 45 45 45 45 45 45 46 46 47 47 47 51 51 51 51 51 51 51 51 51 51 51 51 51 51 51 51 51 51 55 55 55 55 55 57 57 57 57 57 59 59 59 59 60 60 60 60 61 61 61 61 61 61 61 61 61 61 61 61 61 61 61 61 61 61 61 61 61 61 61 61 61 61 61 61 62 62 70 
66 67 68 69 70 71 100 101 102 103 148 149 150 39 40 41 42 43 57 58 59 128 129 197 198 78 79 80 81 82 83 116 117 118 104 138 139 140 141 13 14 15 16 17 105 106 107 108 109 133 134 135 136 137 158 159 160 18 19 20 110 111 112 113 114 115 0 1 2 3 4 5 142 143 144 145 146 147 25 26 27 28 29 30 199 90 91 92 156 157 85 86 87 130 131 132 119 120 121 122 6 7 8 9 34 44 45 46 47 48 60 61 62 63 64 65 31 32 33 96 97 98 99 151 152 153 154 155 21 22 93 94 95 49 50 51 52 53 35 36 37 38 72 73 74 75 76 77 10 11 12 123 124 125 126 127 88 89 54 55 56 165 166 167 168 161 162 163 164 170 169 172 171 174 173 176 175 178 177 180 179 182 181 184 183 186 185 188 187 190 189 192 191 194 193 196 195 23 24 84 
675 675 675 675 675 675 809 809 809 809 356 356 356 252 252 252 252 252 418 418 418 325 325 385 385 568 568 568 568 568 568 778 778 778 436 541 541 541 541 252 252 252 252 252 647 647 647 647 647 519 519 519 519 519 366 366 366 418 418 418 555 555 555 555 555 555 675 675 675 675 675 675 816 816 816 816 816 816 568 568 568 568 568 568 790 696 696 696 967 967 696 696 696 580 580 580 154 154 154 154 809 809 809 809 436 647 647 647 647 647 555 555 555 555 555 555 778 778 778 154 154 154 154 387 387 387 387 387 325 325 580 580 580 519 519 519 519 519 541 541 541 541 816 816 816 816 816 816 356 356 356 387 387 387 387 387 967 967 366 366 366 403 403 403 403 403 403 403 403 475 475 475 475 475 475 475 475 475 475 475 475 475 475 475 475 475 475 475 475 475 475 475 475 475 475 475 475 385 385 790 
0 1 2 3 4 5 6 7 8 9 10 11 12 13 14 15 16 17 18 19 20 21 22 23 24 25 26 27 28 29 30 31 32 33 34 35 36 37 38 13 14 15 16 17 39 40 41 42 43 44 45 46 47 48 49 50 51 18 19 20 52 53 54 55 56 57 0 1 2 3 4 5 58 59 60 61 62 63 25 26 27 28 29 30 64 65 66 67 68 69 65 66 67 70 71 72 73 74 75 76 6 7 8 9 34 39 40 41 42 43 52 53 54 55 56 57 31 32 33 73 74 75 76 77 78 79 80 81 21 22 70 71 72 44 45 46 47 48 35 36 37 38 58 59 60 61 62 63 10 11 12 77 78 79 80 81 68 69 49 50 51 82 83 84 85 82 83 84 85 86 86 87 87 88 88 89 89 90 90 91 91 92 92 93 93 94 94 95 95 96 96 97 97 98 98 99 99 23 24 64 
53149
24
2 3 2 3 6 4 5 5 1 4 3 3 6 4 3 5 6 6 4 2 5 1 3 14 
10 34 32 19 15 35 18 8 16 16 8 31 3 59 15 45 20 27 4 11 17 30 6 61 
46 47 57 57 28 45 51 17 36 51 19 32 27 60 43 55 39 51 35 62 36 70 51 61 
325 580 967 366 568 154 519 252 436 541 418 696 675 403 778 387 555 816 809 385 647 790 356 475 
12 12 12 12 12 12 18 18 18 18 22 22 22 7 7 7 7 7 10 10 10 0 0 19 19 4 4 4 4 4 4 14 14 14 8 9 9 9 9 7 7 7 7 7 20 20 20 20 20 6 6 6 6 6 3 3 3 10 10 10 16 16 16 16 16 16 12 12 12 12 12 12 17 17 17 17 17 17 4 4 4 4 4 4 21 11 11 11 2 2 11 11 11 1 1 1 5 5 5 5 18 18 18 18 8 20 20 20 20 20 16 16 16 16 16 16 14 14 14 5 5 5 5 15 15 15 15 15 0 0 1 1 1 6 6 6 6 6 9 9 9 9 17 17 17 17 17 17 22 22 22 15 15 15 15 15 2 2 3 3 3 13 13 13 13 13 13 13 13 23 23 23 23 23 23 23 23 23 23 23 23 23 23 23 23 23 23 23 23 23 23 23 23 23 23 23 23 19 19 21 