75
100
2
2 2 2 2 2 2 4 4 5 5 5 5 5 5 11 11 11 12 12 14 14 14 14 14 14 15 15 21 21 21 21 21 21 21 21 21 21 21 21 21 21 21 21 21 21 21 22 22 24 24 24 26 26 26 32 32 32 32 32 32 32 32 32 32 32 32 32 32 32 32 35 35 35 35 35 35 35 35 35 35 35 35 35 35 35 36 36 36 38 38 38 38 38 38 38 38 38 38 38 38 39 39 39 39 39 39 40 40 40 40 40 40 40 42 42 42 42 42 42 42 42 44 44 48 48 48 48 48 48 48 48 48 48 48 48 48 52 52 52 52 53 53 53 53 53 53 53 56 56 56 56 56 57 57 57 63 63 63 63 63 63 63 63 63 63 63 63 63 65 65 65 65 65 65 65 65 65 65 65 65 65 65 65 66 66 66 68 68 68 68 68 68 69 69 69 69 69 69 69 69 
8 9 10 11 12 13 46 47 0 1 2 3 4 5 48 49 50 121 122 123 124 125 126 127 128 190 191 161 162 163 164 165 166 167 195 196 197 198 199 129 130 131 132 133 134 135 6 7 14 15 16 192 193 194 106 107 108 109 110 111 112 183 184 185 155 156 157 158 159 160 168 169 170 171 172 173 174 175 176 177 178 179 180 181 182 100 101 102 147 148 149 150 151 140 141 142 143 144 145 146 85 86 87 152 153 154 54 55 56 57 58 59 60 114 113 116 115 118 117 120 119 17 18 19 20 21 22 23 24 39 40 41 42 43 44 45 186 187 188 189 93 94 95 96 97 98 99 88 89 90 91 92 103 104 105 64 65 66 67 68 69 27 28 29 30 31 32 33 70 71 72 73 74 75 76 77 78 79 80 81 82 83 84 61 62 63 136 137 138 139 25 26 51 52 53 34 35 36 37 38 
501 501 501 501 501 501 788 788 501 501 501 501 501 501 269 269 269 729 729 631 631 631 631 631 631 790 790 411 411 411 411 411 411 411 436 436 436 436 436 877 877 877 877 877 877 877 788 788 269 269 269 787 787 787 225 225 225 225 225 225 225 309 309 309 197 197 197 197 197 197 639 639 639 639 639 639 639 639 639 639 639 639 639 639 639 379 379 379 820 820 820 820 820 684 684 684 684 684 684 684 379 379 379 975 975 975 225 225 225 225 225 225 225 685 685 685 685 685 685 685 685 729 729 631 631 631 631 631 631 877 877 877 877 877 877 877 265 265 265 265 684 684 684 684 684 684 684 820 820 820 820 820 975 975 975 197 197 197 197 197 197 411 411 411 411 411 411 411 639 639 639 639 639 639 639 639 639 639 639 639 639 639 639 309 309 309 265 265 265 265 790 790 787 787 787 436 436 436 436 436 
0 1 2 3 4 5 6 7 0 1 2 3 4 5 8 9 10 11 12 13 14 15 16 17 18 19 20 21 22 23 24 25 26 27 28 29 30 31 32 33 34 35 36 37 38 39 6 7 8 9 10 40 41 42 43 44 45 46 47 48 49 50 51 52 53 54 55 56 57 58 59 60 61 62 63 64 65 66 67 68 69 70 71 72 73 74 75 76 77 78 79 80 81 82 83 84 85 86 87 88 74 75 76 89 90 91 43 44 45 46 47 48 49 92 92 93 93 94 94 95 95 11 12 13 14 15 16 17 18 33 34 35 36 37 38 39 96 97 98 99 82 83 84 85 86 87 88 77 78 79 80 81 89 90 91 53 54 55 56 57 58 21 22 23 24 25 26 27 59 60 61 62 63 64 65 66 67 68 69 70 71 72 73 50 51 52 96 97 98 99 19 20 40 41 42 28 29 30 31 32 
55789
20
6 4 2 7 3 3 3 2 6 6 7 5 7 4 2 5 7 3 3 15 
14 52 4 32 26 11 32 12 32 2 21 38 38 42 15 21 21 36 39 35 
48 68 22 40 69 24 66 44 63 5 63 56 53 42 68 69 48 39 57 65 
631 265 788 225 787 269 309 729 197 501 411 820 684 685 790 436 877 379 975 639 
9 9 9 9 9 9 2 2 9 9 9 9 9 9 5 5 5 7 7 0 0 0 0 0 0 14 14 10 10 10 10 10 10 10 15 15 15 15 15 16 16 16 16 16 16 16 2 2 5 5 5 4 4 4 3 3 3 3 3 3 3 6 6 6 8 8 8 8 8 8 19 19 19 19 19 19 19 19 19 19 19 19 19 19 19 17 17 17 11 11 11 11 11 12 12 12 12 12 12 12 17 17 17 18 18 18 3 3 3 3 3 3 3 13 13 13 13 13 13 13 13 7 7 0 0 0 0 0 0 16 16 16 16 16 16 16 1 1 1 1 12 12 12 12 12 12 12 11 11 11 11 11 18 18 18 8 8 8 8 8 8 10 10 10 10 10 10 10 19 19 19 19 19 19 19 19 19 19 19 19 19 19 19 6 6 6 1 1 1 1 14 14 4 4 4 15 15 15 15 15 