381
100
2
1 1 1 1 1 1 1 1 1 8 8 8 8 8 8 8 8 12 12 12 20 20 20 20 20 20 20 25 25 25 25 25 25 25 25 25 26 26 26 26 26 26 39 39 39 39 39 41 41 41 41 41 41 41 41 41 41 41 41 41 45 45 45 45 45 45 45 45 45 45 45 49 49 49 49 49 49 50 50 50 50 50 50 50 50 50 50 50 50 50 50 50 50 51 51 51 51 51 51 51 51 51 54 54 54 54 54 54 54 54 54 54 54 54 54 54 54 54 54 54 54 54 54 54 55 55 55 55 55 55 55 55 55 55 55 55 55 55 55 55 65 65 65 65 65 65 65 65 65 65 65 65 65 65 65 65 65 65 66 66 66 66 66 66 66 66 66 66 66 66 66 66 66 67 67 67 67 67 67 67 67 67 67 67 67 67 67 67 67 67 67 69 69 69 69 69 69 69 69 69 
27 28 29 30 31 32 33 34 35 60 61 62 63 64 65 66 67 68 69 70 117 118 119 120 121 122 123 0 1 2 3 4 5 6 7 8 71 72 73 74 75 76 140 141 142 143 144 145 146 147 148 149 150 151 152 153 154 155 156 157 9 10 11 12 13 14 15 16 17 18 19 36 37 38 39 40 41 124 125 126 127 128 129 130 131 132 133 134 135 136 137 138 139 182 183 184 185 186 187 188 189 190 158 159 160 161 162 163 164 165 166 167 168 169 170 171 172 20 21 22 23 24 25 26 77 78 79 80 81 82 83 84 85 86 87 88 89 90 91 92 42 43 44 45 46 47 48 49 50 51 52 53 54 55 56 57 58 59 102 103 104 105 106 107 108 109 110 111 112 113 114 115 116 191 192 193 194 195 196 197 198 199 93 94 95 96 97 98 99 100 101 173 174 175 176 177 178 179 180 181 
535 535 535 535 535 535 535 535 535 474 474 474 474 474 474 474 474 700 700 700 647 647 647 647 647 647 647 535 535 535 535 535 535 535 535 535 482 482 482 482 482 482 579 579 579 579 579 787 787 787 787 787 787 787 787 787 787 787 787 787 474 474 474 474 474 474 474 474 700 700 700 482 482 482 482 482 482 298 298 298 298 298 298 298 298 298 298 298 298 298 298 298 298 934 934 934 934 934 934 934 934 934 375 375 375 375 375 375 375 375 375 375 375 375 375 375 375 647 647 647 647 647 647 647 298 298 298 298 298 298 298 298 298 298 298 298 298 298 298 298 579 579 579 579 579 787 787 787 787 787 787 787 787 787 787 787 787 787 375 375 375 375 375 375 375 375 375 375 375 375 375 375 375 354 354 354 354 354 354 354 354 354 934 934 934 934 934 934 934 934 934 354 354 354 354 354 354 354 354 354 
0 1 2 3 4 5 6 7 8 9 10 11 12 13 14 15 16 17 18 19 20 21 22 23 24 25 26 0 1 2 3 4 5 6 7 8 27 28 29 30 31 32 33 34 35 36 37 38 39 40 41 42 43 44 45 46 47 48 49 50 9 10 11 12 13 14 15 16 17 18 19 27 28 29 30 31 32 51 52 53 54 55 56 57 58 59 60 61 62 63 64 65 66 67 68 69 70 71 72 73 74 75 76 77 78 79 80 81 82 83 84 85 86 87 88 89 90 20 21 22 23 24 25 26 51 52 53 54 55 56 57 58 59 60 61 62 63 64 65 66 33 34 35 36 37 38 39 40 41 42 43 44 45 46 47 48 49 50 76 77 78 79 80 81 82 83 84 85 86 87 88 89 90 91 92 93 94 95 96 97 98 99 67 68 69 70 71 72 73 74 75 91 92 93 94 95 96 97 98 99 
53239
11
6 8 15 5 3 9 16 7 9 9 13 
26 8 54 39 12 67 50 20 51 1 41 
49 45 66 65 45 69 55 54 67 25 65 
482 474 375 579 700 354 298 647 934 535 787 
9 9 9 9 9 9 9 9 9 1 1 1 1 1 1 1 1 4 4 4 7 7 7 7 7 7 7 9 9 9 9 9 9 9 9 9 0 0 0 0 0 0 3 3 3 3 3 10 10 10 10 10 10 10 10 10 10 10 10 10 1 1 1 1 1 1 1 1 4 4 4 0 0 0 0 0 0 6 6 6 6 6 6 6 6 6 6 6 6 6 6 6 6 8 8 8 8 8 8 8 8 8 2 2 2 2 2 2 2 2 2 2 2 2 2 2 2 7 7 7 7 7 7 7 6 6 6 6 6 6 6 6 6 6 6 6 6 6 6 6 3 3 3 3 3 10 10 10 10 10 10 10 10 10 10 10 10 10 2 2 2 2 2 2 2 2 2 2 2 2 2 2 2 5 5 5 5 5 5 5 5 5 8 8 8 8 8 8 8 8 8 5 5 5 5 5 5 5 5 5 