41
100
2
2 2 2 2 2 2 2 2 2 2 2 2 3 3 3 3 3 3 3 3 3 3 3 3 3 4 4 4 4 4 4 4 4 4 4 4 4 7 7 7 7 7 7 7 7 7 10 10 15 15 15 15 15 15 15 15 15 19 19 19 19 22 22 22 24 24 24 24 24 24 24 24 24 24 24 24 25 25 25 25 25 25 25 25 25 28 28 28 28 34 34 34 34 34 34 34 34 34 39 39 39 39 39 39 39 39 39 39 39 39 39 39 39 39 41 41 41 41 41 41 41 41 41 41 41 41 41 42 42 42 42 42 42 42 42 42 42 42 42 42 42 42 42 49 49 49 49 49 49 49 49 49 50 50 50 50 50 50 50 50 50 50 50 50 50 50 50 50 50 50 54 54 54 54 55 55 55 55 55 56 56 56 61 61 62 62 62 62 62 62 62 62 62 62 62 65 65 65 65 65 
64 65 66 67 68 69 70 71 72 73 74 75 101 102 103 104 105 106 107 108 109 110 111 112 113 131 132 133 134 135 136 137 138 139 140 141 142 143 144 145 146 147 148 149 150 151 182 183 118 119 120 121 122 123 124 125 126 85 86 87 88 98 99 100 0 1 2 3 4 5 6 7 8 9 10 11 89 90 91 92 93 94 95 96 97 57 58 59 60 76 77 78 79 80 81 82 83 84 61 62 63 12 13 14 15 16 17 18 19 20 21 22 23 24 170 171 172 173 48 49 50 51 52 53 54 55 56 152 153 154 155 25 26 27 28 29 30 31 32 33 34 35 36 37 38 39 40 41 42 43 44 45 127 128 129 130 179 180 181 184 185 186 187 188 189 190 191 192 193 194 114 115 116 117 195 196 197 198 199 156 157 158 46 47 159 160 161 162 163 164 165 166 167 168 169 174 175 176 177 178 
914 914 914 914 914 914 914 914 914 914 914 914 418 418 418 418 418 418 418 418 418 418 418 418 418 334 334 334 334 334 334 334 334 334 334 334 334 973 973 973 973 973 973 973 973 973 625 625 257 257 257 257 257 257 257 257 257 376 376 376 376 640 640 640 914 914 914 914 914 914 914 914 914 914 914 914 368 368 368 368 368 368 368 368 368 376 376 376 376 368 368 368 368 368 368 368 368 368 640 640 640 418 418 418 418 418 418 418 418 418 418 418 418 418 930 930 930 930 257 257 257 257 257 257 257 257 257 872 872 872 872 334 334 334 334 334 334 334 334 334 334 334 334 973 973 973 973 973 973 973 973 973 872 872 872 872 925 925 925 856 856 856 856 856 856 856 856 856 856 856 930 930 930 930 284 284 284 284 284 925 925 925 625 625 856 856 856 856 856 856 856 856 856 856 856 284 284 284 284 284 
0 1 2 3 4 5 6 7 8 9 10 11 12 13 14 15 16 17 18 19 20 21 22 23 24 25 26 27 28 29 30 31 32 33 34 35 36 37 38 39 40 41 42 43 44 45 46 47 48 49 50 51 52 53 54 55 56 57 58 59 60 61 62 63 0 1 2 3 4 5 6 7 8 9 10 11 64 65 66 67 68 69 70 71 72 57 58 59 60 64 65 66 67 68 69 70 71 72 61 62 63 12 13 14 15 16 17 18 19 20 21 22 23 24 73 74 75 76 48 49 50 51 52 53 54 55 56 77 78 79 80 25 26 27 28 29 30 31 32 33 34 35 36 37 38 39 40 41 42 43 44 45 77 78 79 80 81 82 83 84 85 86 87 88 89 90 91 92 93 94 73 74 75 76 95 96 97 98 99 81 82 83 46 47 84 85 86 87 88 89 90 91 92 93 94 95 96 97 98 99 
60285
14
9 2 4 3 4 3 5 12 4 12 11 9 9 13 
7 10 42 50 41 22 55 4 19 2 50 15 25 3 
49 61 50 56 54 39 65 42 28 24 62 41 34 39 
973 625 872 925 930 640 284 334 376 914 856 257 368 418 
9 9 9 9 9 9 9 9 9 9 9 9 13 13 13 13 13 13 13 13 13 13 13 13 13 7 7 7 7 7 7 7 7 7 7 7 7 0 0 0 0 0 0 0 0 0 1 1 11 11 11 11 11 11 11 11 11 8 8 8 8 5 5 5 9 9 9 9 9 9 9 9 9 9 9 9 12 12 12 12 12 12 12 12 12 8 8 8 8 12 12 12 12 12 12 12 12 12 5 5 5 13 13 13 13 13 13 13 13 13 13 13 13 13 4 4 4 4 11 11 11 11 11 11 11 11 11 2 2 2 2 7 7 7 7 7 7 7 7 7 7 7 7 0 0 0 0 0 0 0 0 0 2 2 2 2 3 3 3 10 10 10 10 10 10 10 10 10 10 10 4 4 4 4 6 6 6 6 6 3 3 3 1 1 10 10 10 10 10 10 10 10 10 10 10 6 6 6 6 6 