664
100
2
5 5 5 5 5 5 5 5 5 5 5 5 5 13 13 14 14 14 14 14 14 14 14 14 14 17 17 17 17 17 17 19 19 19 19 19 19 19 19 19 19 19 23 23 23 23 23 23 23 23 23 23 23 23 23 23 23 23 23 23 31 31 31 31 32 32 33 33 33 33 33 33 35 35 35 35 35 35 35 35 35 35 35 35 35 35 36 36 36 36 36 36 36 36 36 36 36 36 36 36 36 36 36 36 36 36 36 39 39 39 39 39 39 39 39 39 39 42 42 42 42 42 42 45 45 45 45 45 45 45 45 45 45 45 45 45 45 45 45 52 52 52 52 52 52 52 52 52 52 52 52 52 52 53 53 53 53 53 53 66 66 66 66 66 66 66 66 66 66 66 66 66 66 66 66 66 66 67 67 67 67 69 69 69 69 69 69 69 69 69 69 69 69 69 69 69 69 69 69 69 
187 188 189 190 191 192 193 194 195 196 197 198 199 64 65 123 124 125 126 127 128 129 130 131 132 117 118 119 120 121 122 96 97 98 99 100 101 102 103 104 105 106 159 160 161 162 163 164 165 166 167 168 169 170 171 172 173 174 175 176 177 178 179 180 13 14 181 182 183 184 185 186 139 140 141 142 143 144 145 146 147 148 149 150 151 152 107 108 109 110 111 112 113 114 115 116 31 32 33 34 35 36 37 38 39 40 41 86 87 88 89 90 91 92 93 94 95 25 26 27 28 29 30 15 16 17 18 19 20 21 22 23 24 153 154 155 156 157 158 72 73 74 75 76 77 78 79 80 81 82 83 84 85 133 134 135 136 137 138 42 43 44 45 46 47 48 49 50 51 52 53 54 55 56 57 58 59 60 61 62 63 66 67 68 69 70 71 0 1 2 3 4 5 6 7 8 9 10 11 12 
333 333 333 333 333 333 333 333 333 333 333 333 333 471 471 408 408 408 408 408 408 408 408 408 408 457 457 457 457 457 457 977 977 977 977 977 977 977 977 977 977 977 646 646 646 646 646 646 646 646 646 646 646 646 646 646 646 646 646 646 700 700 700 700 471 471 908 908 908 908 908 908 856 856 856 856 856 856 856 856 856 856 856 856 856 856 445 445 445 445 445 445 445 445 445 445 977 977 977 977 977 977 977 977 977 977 977 445 445 445 445 445 445 445 445 445 445 457 457 457 457 457 457 408 408 408 408 408 408 408 408 408 408 542 542 542 542 542 542 856 856 856 856 856 856 856 856 856 856 856 856 856 856 542 542 542 542 542 542 646 646 646 646 646 646 646 646 646 646 646 646 646 646 646 646 646 646 700 700 700 700 908 908 908 908 908 908 333 333 333 333 333 333 333 333 333 333 333 333 333 
0 1 2 3 4 5 6 7 8 9 10 11 12 13 14 15 16 17 18 19 20 21 22 23 24 25 26 27 28 29 30 31 32 33 34 35 36 37 38 39 40 41 42 43 44 45 46 47 48 49 50 51 52 53 54 55 56 57 58 59 60 61 62 63 13 14 64 65 66 67 68 69 70 71 72 73 74 75 76 77 78 79 80 81 82 83 84 85 86 87 88 89 90 91 92 93 31 32 33 34 35 36 37 38 39 40 41 84 85 86 87 88 89 90 91 92 93 25 26 27 28 29 30 15 16 17 18 19 20 21 22 23 24 94 95 96 97 98 99 70 71 72 73 74 75 76 77 78 79 80 81 82 83 94 95 96 97 98 99 42 43 44 45 46 47 48 49 50 51 52 53 54 55 56 57 58 59 60 61 62 63 64 65 66 67 68 69 0 1 2 3 4 5 6 7 8 9 10 11 12 
62402
11
2 10 11 6 14 6 10 13 6 4 18 
13 36 19 33 35 17 14 5 45 31 23 
32 39 36 69 52 42 45 69 53 67 66 
471 445 977 908 856 457 408 333 542 700 646 
7 7 7 7 7 7 7 7 7 7 7 7 7 0 0 6 6 6 6 6 6 6 6 6 6 5 5 5 5 5 5 2 2 2 2 2 2 2 2 2 2 2 10 10 10 10 10 10 10 10 10 10 10 10 10 10 10 10 10 10 9 9 9 9 0 0 3 3 3 3 3 3 4 4 4 4 4 4 4 4 4 4 4 4 4 4 1 1 1 1 1 1 1 1 1 1 2 2 2 2 2 2 2 2 2 2 2 1 1 1 1 1 1 1 1 1 1 5 5 5 5 5 5 6 6 6 6 6 6 6 6 6 6 8 8 8 8 8 8 4 4 4 4 4 4 4 4 4 4 4 4 4 4 8 8 8 8 8 8 10 10 10 10 10 10 10 10 10 10 10 10 10 10 10 10 10 10 9 9 9 9 3 3 3 3 3 3 7 7 7 7 7 7 7 7 7 7 7 7 7 