365
100
2
2 2 2 2 2 3 3 3 3 3 3 4 4 4 4 4 4 4 5 5 5 5 5 5 5 5 5 10 10 10 10 10 10 10 10 10 10 10 10 10 10 10 11 11 11 11 11 11 13 13 15 15 15 15 15 17 18 18 18 18 18 18 20 20 21 21 21 21 21 21 21 22 22 22 22 22 22 22 22 22 22 22 22 22 22 22 22 22 25 25 25 25 30 30 30 30 30 30 30 30 30 30 30 30 31 31 31 31 31 31 31 31 33 33 33 33 35 35 35 35 35 35 35 35 35 36 36 36 37 37 37 38 38 38 38 38 39 39 39 39 44 44 44 44 44 44 44 47 47 47 47 48 48 48 48 48 49 49 49 49 60 65 65 65 65 66 66 66 66 66 66 66 67 68 69 69 69 69 69 69 69 69 69 69 69 69 69 69 69 69 69 69 69 69 70 70 70 70 70 70 
56 57 58 59 60 18 19 20 21 22 23 165 166 167 168 169 170 171 5 6 7 8 9 10 109 110 111 64 65 66 67 68 69 70 147 148 149 150 112 113 114 115 194 195 196 197 198 199 62 63 99 100 101 102 103 160 0 1 2 3 4 172 48 49 27 28 29 30 31 32 33 177 178 179 180 181 182 183 184 185 186 187 188 189 190 191 192 193 161 162 163 164 118 119 120 121 122 123 124 50 51 52 53 54 131 132 133 134 135 24 25 26 38 39 40 41 151 152 92 93 94 95 96 97 98 153 154 155 141 142 143 104 105 106 107 108 156 157 158 159 173 128 129 130 174 175 176 34 35 36 37 116 117 125 126 127 136 137 138 139 55 88 89 90 91 11 12 13 14 15 16 17 61 140 144 145 146 71 72 73 74 75 76 77 78 79 80 81 82 83 84 85 86 87 42 43 44 45 46 47 
485 485 485 485 485 618 618 618 618 618 618 734 734 734 734 734 734 734 618 618 618 618 618 618 996 996 996 656 656 656 656 656 656 656 730 730 730 730 382 382 382 382 772 772 772 772 772 772 300 300 612 612 612 612 612 718 485 485 485 485 485 993 300 300 656 656 656 656 656 656 656 810 810 810 810 810 810 810 810 810 810 810 810 810 810 810 810 810 370 370 370 370 614 614 614 614 614 614 614 612 612 612 612 612 844 844 844 844 844 996 996 996 382 382 382 382 472 472 614 614 614 614 614 614 614 440 440 440 244 244 244 844 844 844 844 844 596 596 596 596 704 244 244 244 876 876 876 730 730 730 730 472 472 440 440 440 596 596 596 596 718 370 370 370 370 734 734 734 734 734 734 734 993 704 876 876 876 810 810 810 810 810 810 810 810 810 810 810 810 810 810 810 810 810 772 772 772 772 772 772 
0 1 2 3 4 5 6 7 8 9 10 11 12 13 14 15 16 17 5 6 7 8 9 10 18 19 20 21 22 23 24 25 26 27 28 29 30 31 32 33 34 35 36 37 38 39 40 41 42 43 44 45 46 47 48 49 0 1 2 3 4 50 42 43 21 22 23 24 25 26 27 51 52 53 54 55 56 57 58 59 60 61 62 63 64 65 66 67 68 69 70 71 72 73 74 75 76 77 78 44 45 46 47 48 79 80 81 82 83 18 19 20 32 33 34 35 84 85 72 73 74 75 76 77 78 86 87 88 89 90 91 79 80 81 82 83 92 93 94 95 96 89 90 91 97 98 99 28 29 30 31 84 85 86 87 88 92 93 94 95 49 68 69 70 71 11 12 13 14 15 16 17 50 96 97 98 99 51 52 53 54 55 56 57 58 59 60 61 62 63 64 65 66 67 36 37 38 39 40 41 
65782
22
7 5 1 2 1 7 3 2 4 4 3 5 3 6 5 7 1 4 4 6 3 17 
10 2 44 35 18 30 36 13 10 10 37 31 44 3 15 4 17 39 25 11 5 22 
21 18 68 48 67 35 48 20 47 33 44 38 69 5 30 66 60 49 65 70 31 69 
656 485 704 472 993 614 440 300 730 382 244 844 876 618 612 734 718 596 370 772 996 810 
1 1 1 1 1 13 13 13 13 13 13 15 15 15 15 15 15 15 13 13 13 13 13 13 20 20 20 0 0 0 0 0 0 0 8 8 8 8 9 9 9 9 19 19 19 19 19 19 7 7 14 14 14 14 14 16 1 1 1 1 1 4 7 7 0 0 0 0 0 0 0 21 21 21 21 21 21 21 21 21 21 21 21 21 21 21 21 21 18 18 18 18 5 5 5 5 5 5 5 14 14 14 14 14 11 11 11 11 11 20 20 20 9 9 9 9 3 3 5 5 5 5 5 5 5 6 6 6 10 10 10 11 11 11 11 11 17 17 17 17 2 10 10 10 12 12 12 8 8 8 8 3 3 6 6 6 17 17 17 17 16 18 18 18 18 15 15 15 15 15 15 15 4 2 12 12 12 21 21 21 21 21 21 21 21 21 21 21 21 21 21 21 21 21 19 19 19 19 19 19 