177
100
2
1 1 1 1 1 6 6 7 7 7 7 7 7 7 7 7 7 7 7 7 12 12 12 12 12 12 12 12 12 12 12 13 13 13 13 13 13 13 13 13 14 14 14 16 16 16 16 16 16 16 16 17 17 18 18 18 19 19 19 19 19 19 23 23 24 24 24 24 24 24 24 24 24 25 25 25 25 25 25 25 25 25 27 27 27 27 27 27 27 27 27 27 27 27 27 29 29 29 29 29 29 29 31 31 31 31 31 31 31 33 33 33 34 34 34 34 34 34 34 34 35 35 35 35 35 35 35 35 35 35 35 35 35 46 46 46 48 48 48 48 48 48 48 48 48 48 48 48 50 50 50 50 50 50 50 50 50 50 50 50 50 50 50 50 50 50 50 50 50 55 55 55 55 55 55 55 55 55 55 55 55 55 55 55 59 59 59 63 63 63 63 63 70 70 70 70 70 70 70 70 
187 188 189 190 191 62 63 120 121 122 123 124 125 126 127 128 129 130 131 132 43 44 45 46 47 48 49 50 148 149 150 133 134 135 160 161 162 163 164 165 181 182 183 20 21 22 23 24 25 26 27 64 65 184 185 186 82 83 84 85 86 87 5 6 51 52 95 96 97 98 99 100 101 151 152 153 154 155 156 157 158 159 56 57 58 59 60 61 102 103 104 105 106 107 108 66 67 68 69 70 71 72 88 89 90 91 92 93 94 166 167 168 192 193 194 195 196 197 198 199 7 8 9 10 11 12 13 14 15 16 17 18 19 31 32 33 169 170 171 172 173 174 175 176 177 178 179 180 28 29 30 73 74 75 76 77 78 79 80 81 34 35 36 37 38 39 109 110 111 136 137 138 139 140 141 142 143 144 145 146 147 40 41 42 53 54 55 0 1 2 3 4 112 113 114 115 116 117 118 119 
693 693 693 693 693 837 837 259 259 259 259 259 259 259 259 259 259 259 259 259 673 673 673 673 673 673 673 673 488 488 488 330 330 330 351 351 351 351 351 351 643 643 643 673 673 673 673 673 673 673 673 173 173 814 814 814 763 763 763 763 763 763 837 837 173 173 952 952 952 952 952 952 952 184 184 184 184 184 184 184 184 184 763 763 763 763 763 763 302 302 302 302 302 302 302 952 952 952 952 952 952 952 302 302 302 302 302 302 302 835 835 835 541 541 541 541 541 541 541 541 259 259 259 259 259 259 259 259 259 259 259 259 259 330 330 330 784 784 784 784 784 784 784 784 784 784 784 784 488 488 488 184 184 184 184 184 184 184 184 184 351 351 351 351 351 351 835 835 835 784 784 784 784 784 784 784 784 784 784 784 784 643 643 643 814 814 814 693 693 693 693 693 541 541 541 541 541 541 541 541 
0 1 2 3 4 5 6 7 8 9 10 11 12 13 14 15 16 17 18 19 20 21 22 23 24 25 26 27 28 29 30 31 32 33 34 35 36 37 38 39 40 41 42 20 21 22 23 24 25 26 27 43 44 45 46 47 48 49 50 51 52 53 5 6 43 44 54 55 56 57 58 59 60 61 62 63 64 65 66 67 68 69 48 49 50 51 52 53 70 71 72 73 74 75 76 54 55 56 57 58 59 60 70 71 72 73 74 75 76 77 78 79 80 81 82 83 84 85 86 87 7 8 9 10 11 12 13 14 15 16 17 18 19 31 32 33 88 89 90 91 92 93 94 95 96 97 98 99 28 29 30 61 62 63 64 65 66 67 68 69 34 35 36 37 38 39 77 78 79 88 89 90 91 92 93 94 95 96 97 98 99 40 41 42 45 46 47 0 1 2 3 4 80 81 82 83 84 85 86 87 
54420
17
5 3 2 12 8 2 3 7 9 6 3 8 6 7 3 3 13 
1 13 6 48 12 17 12 24 25 13 18 34 19 27 33 14 7 
63 46 23 55 16 24 50 29 50 50 59 70 27 31 50 55 35 
693 330 837 784 673 173 488 952 184 351 814 541 763 302 835 643 259 
0 0 0 0 0 2 2 16 16 16 16 16 16 16 16 16 16 16 16 16 4 4 4 4 4 4 4 4 6 6 6 1 1 1 9 9 9 9 9 9 15 15 15 4 4 4 4 4 4 4 4 5 5 10 10 10 12 12 12 12 12 12 2 2 5 5 7 7 7 7 7 7 7 8 8 8 8 8 8 8 8 8 12 12 12 12 12 12 13 13 13 13 13 13 13 7 7 7 7 7 7 7 13 13 13 13 13 13 13 14 14 14 11 11 11 11 11 11 11 11 16 16 16 16 16 16 16 16 16 16 16 16 16 1 1 1 3 3 3 3 3 3 3 3 3 3 3 3 6 6 6 8 8 8 8 8 8 8 8 8 9 9 9 9 9 9 14 14 14 3 3 3 3 3 3 3 3 3 3 3 3 15 15 15 10 10 10 0 0 0 0 0 11 11 11 11 11 11 11 11 