69
100
2
2 2 2 2 2 2 2 2 2 2 2 2 3 3 3 3 3 4 4 4 4 4 5 5 5 5 5 5 5 5 5 6 6 7 7 7 7 13 13 13 13 13 14 14 14 14 14 14 16 16 16 16 16 16 16 16 16 17 17 17 17 17 17 17 17 21 21 21 21 21 21 22 22 22 22 24 24 24 24 26 26 26 26 26 26 29 29 29 29 29 29 29 29 29 29 33 33 33 33 33 33 33 33 33 33 33 33 33 38 38 38 38 38 38 38 38 38 42 42 43 43 43 43 43 43 44 44 44 44 44 45 50 50 50 50 50 50 50 50 50 50 50 50 50 50 50 50 50 50 50 50 50 50 50 51 51 51 51 51 51 51 51 51 51 51 51 51 51 52 52 52 52 54 54 54 54 54 63 63 63 63 63 64 64 66 66 66 66 66 66 66 66 66 66 66 66 66 66 66 69 
142 143 144 145 146 147 148 149 150 151 152 153 172 173 174 175 176 184 185 186 187 188 168 169 170 171 108 109 110 111 112 117 118 57 58 59 60 90 91 92 93 94 154 155 156 157 158 159 103 104 105 106 107 71 72 73 74 33 34 35 36 189 190 191 192 95 96 97 98 99 100 53 54 55 56 113 114 115 116 119 120 121 122 123 124 131 132 133 134 135 37 38 39 40 41 65 66 67 68 69 70 182 183 48 49 50 51 52 26 27 28 29 30 75 76 77 78 31 32 79 80 81 82 83 84 177 178 179 180 181 199 85 86 87 88 89 193 194 195 196 197 198 0 1 2 3 4 5 6 7 8 9 10 11 42 43 44 45 46 47 161 160 163 162 165 164 167 166 22 23 24 25 12 13 14 15 16 125 126 127 128 129 101 102 17 18 19 20 21 61 62 63 64 136 137 138 139 140 141 130 
496 496 496 496 496 496 496 496 496 496 496 496 193 193 193 193 193 466 466 466 466 466 288 288 288 288 970 970 970 970 970 422 422 917 917 917 917 648 648 648 648 648 906 906 906 906 906 906 351 351 351 351 351 598 598 598 598 917 917 917 917 944 944 944 944 558 558 558 558 558 558 598 598 598 598 624 624 624 624 496 496 496 496 496 496 439 439 439 439 439 648 648 648 648 648 558 558 558 558 558 558 804 804 351 351 351 351 351 970 970 970 970 970 624 624 624 624 422 422 496 496 496 496 496 496 510 510 510 510 510 185 439 439 439 439 439 567 567 567 567 567 567 496 496 496 496 496 496 496 496 496 496 496 496 906 906 906 906 906 906 923 923 923 923 923 923 923 923 288 288 288 288 193 193 193 193 193 510 510 510 510 510 804 804 466 466 466 466 466 944 944 944 944 567 567 567 567 567 567 185 
0 1 2 3 4 5 6 7 8 9 10 11 12 13 14 15 16 17 18 19 20 21 22 23 24 25 26 27 28 29 30 31 32 33 34 35 36 37 38 39 40 41 42 43 44 45 46 47 48 49 50 51 52 53 54 55 56 33 34 35 36 57 58 59 60 61 62 63 64 65 66 53 54 55 56 67 68 69 70 71 72 73 74 75 76 77 78 79 80 81 37 38 39 40 41 61 62 63 64 65 66 82 83 48 49 50 51 52 26 27 28 29 30 67 68 69 70 31 32 71 72 73 74 75 76 84 85 86 87 88 89 77 78 79 80 81 90 91 92 93 94 95 0 1 2 3 4 5 6 7 8 9 10 11 42 43 44 45 46 47 96 96 97 97 98 98 99 99 22 23 24 25 12 13 14 15 16 84 85 86 87 88 82 83 17 18 19 20 21 57 58 59 60 90 91 92 93 94 95 89 
58812
21
5 2 4 6 4 5 5 1 6 5 5 4 5 2 6 4 4 5 6 4 12 
3 6 5 14 7 29 5 45 21 4 44 17 13 33 50 51 24 16 26 16 2 
54 42 52 51 17 50 38 69 33 66 63 66 29 64 66 51 38 33 43 22 50 
193 422 288 906 917 439 970 185 558 466 510 944 648 804 567 923 624 351 496 598 496 
20 20 20 20 20 20 20 20 20 20 20 20 0 0 0 0 0 9 9 9 9 9 2 2 2 2 6 6 6 6 6 1 1 4 4 4 4 12 12 12 12 12 3 3 3 3 3 3 17 17 17 17 17 19 19 19 19 4 4 4 4 11 11 11 11 8 8 8 8 8 8 19 19 19 19 16 16 16 16 18 18 18 18 18 18 5 5 5 5 5 12 12 12 12 12 8 8 8 8 8 8 13 13 17 17 17 17 17 6 6 6 6 6 16 16 16 16 1 1 18 18 18 18 18 18 10 10 10 10 10 7 5 5 5 5 5 14 14 14 14 14 14 20 20 20 20 20 20 20 20 20 20 20 20 3 3 3 3 3 3 15 15 15 15 15 15 15 15 2 2 2 2 0 0 0 0 0 10 10 10 10 10 13 13 9 9 9 9 9 11 11 11 11 14 14 14 14 14 14 7 