339
100
2
2 2 2 2 2 2 2 4 4 4 4 4 4 4 4 4 4 4 4 7 7 7 7 8 8 8 8 12 12 12 12 12 12 12 12 12 12 12 12 12 12 12 13 13 13 13 13 13 17 17 19 19 19 19 20 20 20 20 20 20 20 20 20 20 21 22 23 23 23 23 27 27 27 27 27 27 27 27 27 28 28 28 28 28 28 28 28 28 28 28 28 28 28 28 32 32 32 32 32 32 32 32 32 32 32 35 35 35 35 35 35 35 37 37 37 37 37 37 37 37 37 37 37 37 37 37 37 40 40 40 40 40 40 40 40 41 41 41 41 41 41 41 41 42 42 42 42 46 46 46 47 47 47 52 52 52 53 53 53 53 53 53 53 53 61 61 61 61 61 61 61 61 61 61 61 61 62 62 62 62 62 62 65 65 65 65 65 65 65 68 69 69 69 69 70 70 70 70 70 70 
87 88 89 90 91 92 93 164 165 166 167 168 169 170 171 70 71 72 65 54 55 56 57 172 173 174 175 112 113 114 115 116 117 118 119 120 121 122 123 124 125 126 194 195 196 197 198 199 141 142 148 149 85 86 19 20 21 22 73 74 75 76 77 78 111 18 94 95 96 97 15 16 17 58 59 60 61 62 63 135 136 137 138 139 140 52 53 0 1 2 3 4 5 6 66 67 68 69 182 183 184 185 186 187 188 176 177 178 179 180 181 64 27 28 29 30 31 32 33 34 35 36 37 38 39 40 41 156 157 158 159 160 161 162 163 79 80 81 82 83 84 48 49 190 191 192 193 189 50 51 153 154 155 150 151 152 127 128 129 130 131 132 133 134 7 8 9 10 11 12 13 14 23 24 25 26 105 106 107 108 109 110 98 99 100 101 102 103 104 147 143 144 145 146 42 43 44 45 46 47 
911 911 911 911 911 911 911 194 194 194 194 194 194 194 194 589 589 589 439 992 992 992 992 365 365 365 365 874 874 874 874 874 874 874 874 874 874 874 874 874 874 874 230 230 230 230 230 230 521 521 744 744 636 636 992 992 992 992 194 194 194 194 194 194 940 439 624 624 624 624 589 589 589 194 194 194 194 194 194 636 636 636 636 636 636 636 636 911 911 911 911 911 911 911 624 624 624 624 493 493 493 493 493 493 493 849 849 849 849 849 849 940 874 874 874 874 874 874 874 874 874 874 874 874 874 874 874 801 801 801 801 801 801 801 801 636 636 636 636 636 636 521 521 918 918 918 918 704 744 744 287 287 287 287 287 287 801 801 801 801 801 801 801 801 194 194 194 194 194 194 194 194 365 365 365 365 849 849 849 849 849 849 493 493 493 493 493 493 493 704 918 918 918 918 230 230 230 230 230 230 
0 1 2 3 4 5 6 7 8 9 10 11 12 13 14 15 16 17 18 19 20 21 22 23 24 25 26 27 28 29 30 31 32 33 34 35 36 37 38 39 40 41 42 43 44 45 46 47 48 49 50 51 52 53 19 20 21 22 54 55 56 57 58 59 60 18 61 62 63 64 15 16 17 54 55 56 57 58 59 65 66 67 68 69 70 52 53 0 1 2 3 4 5 6 61 62 63 64 71 72 73 74 75 76 77 78 79 80 81 82 83 60 27 28 29 30 31 32 33 34 35 36 37 38 39 40 41 84 85 86 87 88 89 90 91 65 66 67 68 69 70 48 49 92 93 94 95 96 50 51 97 98 99 97 98 99 84 85 86 87 88 89 90 91 7 8 9 10 11 12 13 14 23 24 25 26 78 79 80 81 82 83 71 72 73 74 75 76 77 96 92 93 94 95 42 43 44 45 46 47 
62461
21
4 4 1 8 8 4 6 2 3 6 3 1 2 2 7 6 4 1 7 6 15 
23 42 46 40 4 7 35 19 4 28 47 4 19 17 2 13 8 21 32 20 12 
32 69 68 53 61 20 62 46 27 41 52 22 28 41 28 70 61 35 65 27 37 
624 918 704 801 194 992 849 744 589 636 287 439 636 521 911 230 365 940 493 194 874 
14 14 14 14 14 14 14 4 4 4 4 4 4 4 4 8 8 8 11 5 5 5 5 16 16 16 16 20 20 20 20 20 20 20 20 20 20 20 20 20 20 20 15 15 15 15 15 15 13 13 7 7 12 12 5 5 5 5 19 19 19 19 19 19 17 11 0 0 0 0 8 8 8 19 19 19 19 19 19 9 9 9 9 9 9 12 12 14 14 14 14 14 14 14 0 0 0 0 18 18 18 18 18 18 18 6 6 6 6 6 6 17 20 20 20 20 20 20 20 20 20 20 20 20 20 20 20 3 3 3 3 3 3 3 3 9 9 9 9 9 9 13 13 1 1 1 1 2 7 7 10 10 10 10 10 10 3 3 3 3 3 3 3 3 4 4 4 4 4 4 4 4 16 16 16 16 6 6 6 6 6 6 18 18 18 18 18 18 18 2 1 1 1 1 15 15 15 15 15 15 