662
100
2
2 2 2 2 4 4 4 4 4 4 5 7 7 8 8 8 8 8 10 10 10 10 11 11 11 11 11 11 11 11 12 12 12 12 12 16 16 16 16 16 16 16 16 16 16 16 16 16 16 16 16 16 16 16 16 16 17 17 17 17 17 17 17 17 17 17 17 17 19 19 20 21 21 21 21 21 21 24 24 24 24 24 24 24 24 24 24 24 25 25 26 26 26 26 26 26 26 26 26 26 26 26 26 26 26 26 26 26 26 26 27 29 29 29 29 29 29 31 31 31 31 31 32 32 32 32 34 34 36 36 37 37 37 37 37 37 37 42 42 46 46 46 46 46 46 49 50 50 50 50 50 50 51 51 51 56 56 56 56 56 59 59 59 59 60 60 60 60 60 60 60 60 60 60 60 60 61 62 62 62 62 63 63 63 63 63 64 64 66 66 66 66 68 68 68 68 68 68 68 68 
164 165 166 167 111 112 113 114 115 116 67 137 138 90 91 92 93 94 177 178 179 180 30 31 32 33 34 197 198 199 22 23 24 25 26 117 118 119 120 121 176 95 96 97 98 99 100 101 102 103 104 105 106 107 108 109 168 169 170 171 172 83 84 85 86 87 70 10 146 147 66 77 78 79 80 81 82 71 72 73 74 75 76 61 62 63 64 65 128 129 13 14 15 16 17 41 42 43 44 45 46 47 48 49 50 51 52 53 54 55 145 4 5 6 7 8 9 35 36 37 38 39 160 161 162 163 186 187 88 89 139 140 141 142 173 174 175 11 12 130 131 132 133 195 196 110 68 69 188 189 190 191 192 193 194 181 182 183 184 185 122 123 124 125 0 1 2 3 56 57 58 59 60 134 135 136 40 18 19 20 21 155 156 157 158 159 126 127 148 149 150 151 152 153 154 143 144 27 28 29 
324 324 324 324 935 935 935 935 935 935 990 800 800 415 415 415 415 415 676 676 676 676 361 361 361 361 361 941 941 941 361 361 361 361 361 508 508 508 508 508 826 365 365 365 365 365 365 365 365 365 365 365 365 365 365 365 838 838 838 838 838 729 729 729 729 729 417 990 894 894 417 276 276 276 276 276 276 276 276 276 276 276 276 729 729 729 729 729 429 429 415 415 415 415 415 365 365 365 365 365 365 365 365 365 365 365 365 365 365 365 831 935 935 935 935 935 935 508 508 508 508 508 208 208 208 208 797 797 429 429 453 453 453 453 400 400 400 800 800 453 453 453 453 801 801 831 894 894 327 327 327 327 544 544 544 974 974 974 974 974 208 208 208 208 324 324 324 324 838 838 838 838 838 400 400 400 826 676 676 676 676 974 974 974 974 974 797 797 327 327 327 327 544 544 544 801 801 941 941 941 
0 1 2 3 4 5 6 7 8 9 10 11 12 13 14 15 16 17 18 19 20 21 22 23 24 25 26 27 28 29 22 23 24 25 26 30 31 32 33 34 35 36 37 38 39 40 41 42 43 44 45 46 47 48 49 50 51 52 53 54 55 56 57 58 59 60 61 10 62 63 61 64 65 66 67 68 69 64 65 66 67 68 69 56 57 58 59 60 70 71 13 14 15 16 17 36 37 38 39 40 41 42 43 44 45 46 47 48 49 50 72 4 5 6 7 8 9 30 31 32 33 34 73 74 75 76 77 78 70 71 79 80 81 82 83 84 85 11 12 79 80 81 82 86 87 72 62 63 88 89 90 91 92 93 94 95 96 97 98 99 73 74 75 76 0 1 2 3 51 52 53 54 55 83 84 85 35 18 19 20 21 95 96 97 98 99 77 78 88 89 90 91 92 93 94 86 87 27 28 29 
55979
26
3 4 2 4 4 1 5 5 5 2 5 2 2 6 5 1 1 1 4 2 5 6 3 4 3 15 
51 32 25 2 37 27 56 17 11 7 16 19 46 21 17 17 5 16 50 34 8 4 37 10 11 16 
68 59 36 60 46 49 63 60 12 42 31 50 68 24 24 20 17 61 66 64 26 29 60 62 68 26 
544 208 429 324 453 831 974 838 361 800 508 894 801 276 729 417 990 826 327 797 415 935 400 676 941 365 
3 3 3 3 21 21 21 21 21 21 16 9 9 20 20 20 20 20 23 23 23 23 8 8 8 8 8 24 24 24 8 8 8 8 8 10 10 10 10 10 17 25 25 25 25 25 25 25 25 25 25 25 25 25 25 25 7 7 7 7 7 14 14 14 14 14 15 16 11 11 15 13 13 13 13 13 13 13 13 13 13 13 13 14 14 14 14 14 2 2 20 20 20 20 20 25 25 25 25 25 25 25 25 25 25 25 25 25 25 25 5 21 21 21 21 21 21 10 10 10 10 10 1 1 1 1 19 19 2 2 4 4 4 4 22 22 22 9 9 4 4 4 4 12 12 5 11 11 18 18 18 18 0 0 0 6 6 6 6 6 1 1 1 1 3 3 3 3 7 7 7 7 7 22 22 22 17 23 23 23 23 6 6 6 6 6 19 19 18 18 18 18 0 0 0 12 12 24 24 24 