809
100
2
1 1 1 1 1 1 1 1 1 1 1 1 1 1 1 1 1 1 5 5 5 5 5 6 6 6 6 7 7 7 7 10 10 10 10 10 16 16 16 16 19 19 19 19 19 19 19 22 22 22 23 23 23 23 23 23 23 23 23 23 23 23 24 24 24 24 24 24 24 24 24 24 24 24 24 25 25 25 25 25 28 28 28 28 28 28 28 32 32 32 32 32 34 34 34 34 34 34 34 34 34 34 36 38 38 38 38 38 38 38 38 38 44 44 44 44 48 48 48 48 50 50 50 50 50 50 51 52 52 52 52 52 52 52 52 52 52 57 57 57 57 57 57 57 59 59 59 59 59 59 59 59 59 61 61 61 61 61 61 61 62 62 62 62 63 63 64 64 64 64 64 64 64 64 64 64 64 64 64 64 64 64 64 64 64 64 64 64 67 67 67 67 70 70 70 70 70 70 70 70 
170 171 172 173 174 175 176 177 178 179 180 181 182 183 184 185 186 187 47 48 49 158 159 160 161 162 163 112 113 114 115 134 135 136 73 74 116 117 118 119 144 145 75 76 77 78 79 18 19 20 103 104 105 106 107 108 192 193 194 195 164 165 127 128 129 130 131 132 133 188 189 190 191 34 35 42 43 44 45 46 153 154 155 156 157 142 143 137 138 139 140 141 120 121 122 123 124 125 196 197 198 199 126 50 51 52 53 54 55 150 151 152 27 28 29 30 36 37 38 39 92 93 94 95 96 97 102 62 63 64 65 66 67 68 31 32 33 87 88 89 90 91 85 86 40 41 166 167 168 169 109 110 111 80 81 82 83 84 21 22 23 24 25 26 60 61 146 147 148 149 0 1 2 3 4 5 6 7 8 9 10 11 12 13 14 15 16 17 69 70 71 72 56 57 58 59 98 99 100 101 
473 473 473 473 473 473 473 473 473 473 473 473 473 473 473 473 473 473 629 629 629 868 868 206 206 206 206 191 191 191 191 576 576 576 359 359 375 375 375 375 285 285 470 470 470 470 470 629 629 629 646 646 646 646 646 646 617 617 617 617 546 546 957 957 957 957 957 957 957 163 163 163 163 359 359 470 470 470 470 470 991 991 991 991 991 617 617 364 364 364 364 364 212 212 212 212 212 212 592 592 592 592 893 646 646 646 646 646 646 614 614 614 191 191 191 191 375 375 375 375 212 212 212 212 212 212 893 957 957 957 957 957 957 957 576 576 576 364 364 364 364 364 617 617 285 285 994 994 994 994 614 614 614 991 991 991 991 991 868 868 206 206 206 206 546 546 994 994 994 994 473 473 473 473 473 473 473 473 473 473 473 473 473 473 473 473 473 473 163 163 163 163 617 617 617 617 592 592 592 592 
0 1 2 3 4 5 6 7 8 9 10 11 12 13 14 15 16 17 18 19 20 21 22 23 24 25 26 27 28 29 30 31 32 33 34 35 36 37 38 39 40 41 42 43 44 45 46 18 19 20 47 48 49 50 51 52 53 54 55 56 57 58 59 60 61 62 63 64 65 66 67 68 69 34 35 42 43 44 45 46 70 71 72 73 74 75 76 77 78 79 80 81 82 83 84 85 86 87 88 89 90 91 92 47 48 49 50 51 52 93 94 95 27 28 29 30 36 37 38 39 82 83 84 85 86 87 92 59 60 61 62 63 64 65 31 32 33 77 78 79 80 81 75 76 40 41 96 97 98 99 93 94 95 70 71 72 73 74 21 22 23 24 25 26 57 58 96 97 98 99 0 1 2 3 4 5 6 7 8 9 10 11 12 13 14 15 16 17 66 67 68 69 53 54 55 56 88 89 90 91 
53738
23
4 5 2 6 3 1 5 7 2 4 6 4 4 4 4 3 5 2 2 4 2 3 18 
7 32 19 23 5 36 28 24 28 16 34 6 23 24 59 10 19 23 5 34 10 38 1 
44 57 59 38 22 51 61 52 57 48 50 62 70 67 64 52 25 63 61 70 24 59 64 
191 364 285 646 629 893 991 957 617 375 212 206 617 163 994 576 470 546 868 592 359 614 473 
22 22 22 22 22 22 22 22 22 22 22 22 22 22 22 22 22 22 4 4 4 18 18 11 11 11 11 0 0 0 0 15 15 15 20 20 9 9 9 9 2 2 16 16 16 16 16 4 4 4 3 3 3 3 3 3 12 12 12 12 17 17 7 7 7 7 7 7 7 13 13 13 13 20 20 16 16 16 16 16 6 6 6 6 6 8 8 1 1 1 1 1 10 10 10 10 10 10 19 19 19 19 5 3 3 3 3 3 3 21 21 21 0 0 0 0 9 9 9 9 10 10 10 10 10 10 5 7 7 7 7 7 7 7 15 15 15 1 1 1 1 1 8 8 2 2 14 14 14 14 21 21 21 6 6 6 6 6 18 18 11 11 11 11 17 17 14 14 14 14 22 22 22 22 22 22 22 22 22 22 22 22 22 22 22 22 22 22 13 13 13 13 12 12 12 12 19 19 19 19 