553
100
2
2 2 2 2 2 2 2 2 2 2 2 2 2 2 2 2 3 3 4 4 5 5 5 5 5 7 7 7 7 8 8 8 8 8 8 10 10 10 10 10 12 12 12 12 15 15 15 15 15 15 16 16 16 16 19 19 22 22 22 22 22 22 22 22 22 22 23 25 25 26 26 26 26 26 26 26 26 28 28 28 28 28 28 28 28 28 28 28 28 28 28 28 29 29 29 31 31 31 31 31 31 32 32 34 34 36 36 36 36 36 39 41 41 41 41 41 42 42 42 42 42 43 43 43 43 43 43 43 43 43 45 45 45 45 45 45 48 48 48 48 48 48 48 48 48 48 49 49 49 49 49 50 50 50 50 50 50 55 55 55 55 56 56 56 56 56 61 62 62 62 62 62 62 63 63 63 63 63 65 65 65 65 65 65 65 65 68 68 68 68 68 69 69 69 69 69 69 69 70 70 
66 77 78 79 80 81 82 83 84 85 86 87 88 89 90 91 103 104 198 199 72 73 74 75 76 142 143 144 145 60 61 62 63 64 65 151 152 153 154 110 50 51 52 53 191 192 56 57 58 59 40 41 42 43 95 96 46 47 48 49 29 30 31 32 33 34 0 157 158 92 93 94 20 21 22 23 24 1 2 3 4 5 6 7 8 9 10 11 12 13 14 15 69 70 71 54 55 166 193 194 195 155 156 16 17 178 179 180 181 182 39 116 117 118 119 120 111 112 113 114 115 167 168 169 170 171 172 183 184 185 136 137 138 139 140 141 130 131 132 133 134 135 25 26 27 28 173 174 175 176 177 35 36 37 38 101 102 67 68 196 197 186 187 188 189 190 97 121 122 123 124 125 126 146 147 148 149 150 105 106 107 108 109 127 128 129 161 162 163 164 165 44 45 98 99 100 159 160 18 19 
516 823 823 823 823 823 823 823 823 823 823 823 823 823 823 823 913 913 945 945 946 946 946 946 946 817 817 817 817 934 934 934 934 934 934 741 741 741 741 394 377 377 377 377 296 296 942 942 942 942 377 377 377 377 800 800 942 942 942 942 934 934 934 934 934 934 516 180 180 316 316 316 946 946 946 946 946 823 823 823 823 823 823 823 823 823 823 823 823 823 823 823 316 316 316 800 800 642 998 998 998 178 178 913 913 857 857 857 857 857 394 167 167 167 167 167 167 167 167 167 167 212 212 212 212 212 212 446 446 446 628 628 628 628 628 628 628 628 628 628 628 628 817 817 817 817 760 760 760 760 760 741 741 741 741 178 178 180 180 515 515 760 760 760 760 719 642 212 212 212 212 212 212 760 760 760 760 760 857 857 857 857 857 446 446 446 760 760 760 760 719 296 296 998 998 998 515 515 945 945 
0 1 2 3 4 5 6 7 8 9 10 11 12 13 14 15 16 17 18 19 20 21 22 23 24 25 26 27 28 29 30 31 32 33 34 35 36 37 38 39 40 41 42 43 44 45 46 47 48 49 40 41 42 43 50 51 46 47 48 49 29 30 31 32 33 34 0 52 53 54 55 56 20 21 22 23 24 1 2 3 4 5 6 7 8 9 10 11 12 13 14 15 54 55 56 50 51 57 58 59 60 61 62 16 17 63 64 65 66 67 39 68 69 70 71 72 68 69 70 71 72 73 74 75 76 77 78 79 80 81 82 83 84 85 86 87 82 83 84 85 86 87 25 26 27 28 88 89 90 91 92 35 36 37 38 61 62 52 53 93 94 95 96 97 98 99 57 73 74 75 76 77 78 88 89 90 91 92 63 64 65 66 67 79 80 81 95 96 97 98 99 44 45 58 59 60 93 94 18 19 
66392
27
4 1 2 3 4 5 4 6 2 5 4 4 2 2 1 6 5 6 3 2 2 1 2 1 5 3 15 
10 2 4 26 56 36 12 45 15 5 7 15 19 32 31 43 41 8 31 25 3 10 55 56 49 43 2 
50 23 70 29 68 65 16 48 69 26 48 22 31 50 61 62 42 22 69 55 34 39 69 68 63 65 28 
741 516 945 316 760 857 377 628 296 946 817 942 800 178 642 212 167 934 998 180 913 394 515 719 760 446 823 
1 26 26 26 26 26 26 26 26 26 26 26 26 26 26 26 20 20 2 2 9 9 9 9 9 10 10 10 10 17 17 17 17 17 17 0 0 0 0 21 6 6 6 6 8 8 11 11 11 11 6 6 6 6 12 12 11 11 11 11 17 17 17 17 17 17 1 19 19 3 3 3 9 9 9 9 9 26 26 26 26 26 26 26 26 26 26 26 26 26 26 26 3 3 3 12 12 14 18 18 18 13 13 20 20 5 5 5 5 5 21 16 16 16 16 16 16 16 16 16 16 15 15 15 15 15 15 25 25 25 7 7 7 7 7 7 7 7 7 7 7 7 10 10 10 10 24 24 24 24 24 0 0 0 0 13 13 19 19 22 22 4 4 4 4 23 14 15 15 15 15 15 15 24 24 24 24 24 5 5 5 5 5 25 25 25 4 4 4 4 23 8 8 18 18 18 22 22 2 2 