346
100
2
1 1 1 1 1 2 2 2 4 4 4 4 4 4 4 4 4 4 4 4 4 4 4 5 5 5 5 5 5 6 6 6 6 6 6 6 6 6 6 7 7 7 9 9 9 9 9 10 10 10 10 10 10 11 11 11 11 11 11 16 16 16 16 16 17 17 17 17 17 17 17 17 17 17 17 17 17 17 17 17 17 17 17 17 17 22 22 23 23 23 23 23 24 24 24 24 24 25 26 26 26 26 26 26 26 26 26 26 26 26 26 26 26 26 26 26 26 26 26 26 26 26 26 26 26 26 27 27 27 29 29 31 31 33 33 33 33 34 34 34 34 35 35 35 35 35 35 36 36 36 36 36 36 38 38 38 38 38 38 40 40 43 43 43 43 43 44 44 44 44 44 44 46 46 46 46 46 46 51 51 51 52 58 58 58 58 60 60 61 61 63 63 63 65 65 66 66 66 70 70 
92 93 94 95 96 39 40 41 23 24 25 26 27 28 161 162 163 164 165 105 106 107 108 8 9 10 11 12 13 178 179 180 98 99 100 101 102 103 104 5 6 7 190 137 138 139 140 153 154 155 156 157 158 141 142 143 144 145 146 87 88 89 90 91 182 183 184 185 109 110 111 112 113 114 115 116 117 118 119 120 121 122 123 124 125 129 130 59 60 61 62 63 0 1 2 3 4 181 32 33 34 35 36 37 38 19 20 21 22 68 69 70 71 72 73 74 75 76 77 78 79 80 81 82 83 84 195 196 197 85 86 198 199 174 175 176 177 43 44 45 46 53 54 55 56 57 58 166 167 168 169 170 171 47 48 49 50 51 52 188 189 14 15 16 17 18 147 148 149 150 151 152 186 187 133 134 135 136 29 30 31 97 64 65 66 67 172 173 159 160 42 193 194 191 192 126 127 128 131 132 
581 581 581 581 581 738 738 738 253 253 253 253 253 253 659 659 659 659 659 334 334 334 334 253 253 253 253 253 253 965 965 965 826 826 826 826 826 826 826 738 738 738 727 777 777 777 777 824 824 824 824 824 824 982 982 982 982 982 982 460 460 460 460 460 483 483 483 483 195 195 195 195 195 195 195 195 195 195 195 195 195 195 195 195 195 617 617 460 460 460 460 460 581 581 581 581 581 428 826 826 826 826 826 826 826 334 334 334 334 195 195 195 195 195 195 195 195 195 195 195 195 195 195 195 195 195 861 861 861 617 617 866 866 378 378 378 378 777 777 777 777 982 982 982 982 982 982 905 905 905 905 905 905 824 824 824 824 824 824 268 268 659 659 659 659 659 905 905 905 905 905 905 828 828 378 378 378 378 965 965 965 428 483 483 483 483 828 828 268 268 727 563 563 563 563 861 861 861 866 866 
0 1 2 3 4 5 6 7 8 9 10 11 12 13 14 15 16 17 18 19 20 21 22 8 9 10 11 12 13 23 24 25 26 27 28 29 30 31 32 5 6 7 33 34 35 36 37 38 39 40 41 42 43 44 45 46 47 48 49 50 51 52 53 54 55 56 57 58 59 60 61 62 63 64 65 66 67 68 69 70 71 72 73 74 75 76 77 50 51 52 53 54 0 1 2 3 4 78 26 27 28 29 30 31 32 19 20 21 22 59 60 61 62 63 64 65 66 67 68 69 70 71 72 73 74 75 79 80 81 76 77 82 83 84 85 86 87 34 35 36 37 44 45 46 47 48 49 88 89 90 91 92 93 38 39 40 41 42 43 94 95 14 15 16 17 18 88 89 90 91 92 93 96 97 84 85 86 87 23 24 25 78 55 56 57 58 96 97 94 95 33 98 99 98 99 79 80 81 82 83 
58400
23
6 3 2 2 6 2 1 5 1 5 3 6 5 7 4 4 3 4 6 2 4 2 17 
36 6 46 22 4 40 25 16 9 4 27 11 1 6 4 33 2 9 10 31 17 63 17 
44 51 60 29 5 61 52 23 63 43 66 35 24 26 26 46 7 34 38 70 58 65 26 
905 965 828 617 253 268 428 460 727 659 861 982 581 826 334 378 738 777 824 866 483 563 195 
12 12 12 12 12 16 16 16 4 4 4 4 4 4 9 9 9 9 9 14 14 14 14 4 4 4 4 4 4 1 1 1 13 13 13 13 13 13 13 16 16 16 8 17 17 17 17 18 18 18 18 18 18 11 11 11 11 11 11 7 7 7 7 7 20 20 20 20 22 22 22 22 22 22 22 22 22 22 22 22 22 22 22 22 22 3 3 7 7 7 7 7 12 12 12 12 12 6 13 13 13 13 13 13 13 14 14 14 14 22 22 22 22 22 22 22 22 22 22 22 22 22 22 22 22 22 10 10 10 3 3 19 19 15 15 15 15 17 17 17 17 11 11 11 11 11 11 0 0 0 0 0 0 18 18 18 18 18 18 5 5 9 9 9 9 9 0 0 0 0 0 0 2 2 15 15 15 15 1 1 1 6 20 20 20 20 2 2 5 5 8 21 21 21 21 10 10 10 19 19 