411
100
2
1 1 1 1 2 2 2 2 2 3 3 3 3 3 3 3 4 4 4 4 5 5 6 6 6 7 7 10 10 10 10 10 10 10 14 14 14 14 14 19 19 19 19 19 19 19 19 19 19 19 19 19 19 19 19 20 20 20 20 20 20 20 20 20 21 21 21 21 21 21 21 21 21 21 21 21 22 22 22 22 23 23 23 23 23 23 23 23 25 25 25 25 25 28 28 28 28 28 30 30 30 30 32 32 36 36 36 36 36 36 36 36 36 36 37 37 37 37 38 38 38 38 39 39 39 39 39 39 39 39 41 41 41 41 41 41 41 42 42 42 42 43 43 43 43 43 45 45 46 48 55 55 55 55 55 56 56 56 56 60 60 60 63 63 63 63 63 63 63 65 65 65 65 65 67 67 67 67 67 69 69 69 69 69 69 69 69 69 69 69 69 69 69 69 69 69 69 69 70 70 
84 85 86 87 150 151 152 153 154 114 115 116 117 68 69 70 155 156 157 158 27 28 126 127 128 102 103 20 21 59 60 61 62 63 104 105 106 107 108 182 183 184 185 186 187 188 189 190 191 192 193 194 195 196 197 130 159 160 161 29 30 31 32 33 98 99 100 101 13 14 15 109 110 111 112 113 118 119 120 121 122 123 124 125 0 1 2 3 141 142 143 144 145 131 132 133 134 135 64 65 66 67 25 26 34 35 36 37 38 71 72 73 74 75 9 10 11 12 76 77 78 79 80 81 82 83 22 23 24 149 55 93 94 95 96 97 148 165 166 167 168 88 89 90 91 92 198 199 136 129 4 5 6 7 8 16 17 18 19 56 57 58 179 180 181 137 138 139 140 174 175 176 177 178 169 170 171 172 173 162 163 164 39 40 41 42 43 44 45 46 47 48 49 50 51 52 53 54 146 147 
652 652 652 652 842 842 842 842 842 929 929 929 929 916 916 916 339 339 339 339 623 623 670 670 670 581 581 623 623 507 507 507 507 507 689 689 689 689 689 177 177 177 177 177 177 177 177 177 177 177 177 177 177 177 177 559 588 588 588 507 507 507 507 507 460 460 460 460 916 916 916 651 651 651 651 651 711 711 711 711 166 166 166 166 652 652 652 652 309 309 309 309 309 277 277 277 277 277 460 460 460 460 581 581 689 689 689 689 689 651 651 651 651 651 929 929 929 929 711 711 711 711 166 166 166 166 670 670 670 829 559 277 277 277 277 277 970 453 453 453 453 309 309 309 309 309 583 583 970 829 842 842 842 842 842 339 339 339 339 588 588 588 723 723 723 453 453 453 453 683 683 683 683 683 683 683 683 683 683 723 723 723 177 177 177 177 177 177 177 177 177 177 177 177 177 177 177 177 583 583 
0 1 2 3 4 5 6 7 8 9 10 11 12 13 14 15 16 17 18 19 20 21 22 23 24 25 26 20 21 27 28 29 30 31 32 33 34 35 36 37 38 39 40 41 42 43 44 45 46 47 48 49 50 51 52 53 54 55 56 27 28 29 30 31 57 58 59 60 13 14 15 61 62 63 64 65 66 67 68 69 70 71 72 73 0 1 2 3 74 75 76 77 78 79 80 81 82 83 57 58 59 60 25 26 32 33 34 35 36 61 62 63 64 65 9 10 11 12 66 67 68 69 70 71 72 73 22 23 24 84 53 79 80 81 82 83 85 86 87 88 89 74 75 76 77 78 90 91 85 84 4 5 6 7 8 16 17 18 19 54 55 56 92 93 94 86 87 88 89 95 96 97 98 99 95 96 97 98 99 92 93 94 37 38 39 40 41 42 43 44 45 46 47 48 49 50 51 52 90 91 
52085
25
1 4 5 4 4 2 2 3 5 2 3 4 3 5 5 4 5 1 3 5 1 5 4 4 16 
20 23 14 3 4 5 45 20 10 7 63 21 3 2 28 1 21 41 6 25 39 65 42 22 19 
41 39 36 37 56 10 70 60 20 32 69 30 21 55 41 23 36 46 39 43 48 67 63 38 69 
559 166 689 929 339 623 583 588 507 581 723 460 916 842 277 652 651 970 670 309 829 683 453 711 177 
15 15 15 15 13 13 13 13 13 3 3 3 3 12 12 12 4 4 4 4 5 5 18 18 18 9 9 5 5 8 8 8 8 8 2 2 2 2 2 24 24 24 24 24 24 24 24 24 24 24 24 24 24 24 24 0 7 7 7 8 8 8 8 8 11 11 11 11 12 12 12 16 16 16 16 16 23 23 23 23 1 1 1 1 15 15 15 15 19 19 19 19 19 14 14 14 14 14 11 11 11 11 9 9 2 2 2 2 2 16 16 16 16 16 3 3 3 3 23 23 23 23 1 1 1 1 18 18 18 20 0 14 14 14 14 14 17 22 22 22 22 19 19 19 19 19 6 6 17 20 13 13 13 13 13 4 4 4 4 7 7 7 10 10 10 22 22 22 22 21 21 21 21 21 21 21 21 21 21 10 10 10 24 24 24 24 24 24 24 24 24 24 24 24 24 24 24 24 6 6 