91
100
2
1 1 1 1 1 1 1 3 3 4 4 4 4 4 6 6 6 6 6 8 8 9 9 9 9 9 9 9 9 9 9 9 9 9 9 9 9 9 9 9 12 12 12 13 13 13 13 13 13 13 13 14 14 14 14 15 16 17 17 17 19 19 22 26 26 26 26 28 28 28 28 28 32 34 34 34 34 34 34 35 35 35 35 35 37 37 37 40 40 40 40 40 41 41 41 41 41 41 41 41 46 46 47 47 47 47 47 47 47 47 47 48 48 48 48 49 49 49 49 49 49 49 49 49 49 49 49 49 49 49 49 49 49 49 49 50 50 50 50 50 53 55 55 55 55 57 57 57 57 58 58 58 58 59 59 59 59 59 59 59 59 59 60 60 60 60 60 61 61 61 62 62 63 64 65 65 65 66 66 66 66 67 67 67 67 68 68 70 70 70 70 70 70 70 70 70 70 70 70 70 
87 67 68 69 70 77 78 19 20 38 39 89 90 91 29 30 31 32 33 7 8 102 103 104 105 63 64 65 66 14 15 16 17 18 96 97 98 99 9 10 57 58 59 73 74 75 76 51 52 53 54 47 48 49 50 140 71 40 41 42 115 116 172 25 26 27 28 1 2 3 4 56 173 43 44 45 46 5 6 117 118 119 120 121 100 101 88 0 86 11 12 13 141 142 143 144 34 35 36 37 84 85 21 22 23 24 153 154 155 156 157 177 178 179 180 60 61 79 80 81 82 83 187 188 189 190 191 192 193 194 195 196 197 198 199 162 163 164 165 166 55 92 93 94 95 158 159 160 161 181 182 183 184 106 107 108 109 110 145 146 147 148 135 136 137 138 139 174 175 176 185 186 62 72 167 168 169 111 112 113 114 149 150 151 152 170 171 122 123 124 125 126 127 128 129 130 131 132 133 134 
309 226 226 226 226 178 178 611 611 882 882 923 923 923 441 441 441 441 441 611 611 473 473 473 473 362 362 362 362 441 441 441 441 441 412 412 412 412 882 882 521 521 521 724 724 724 724 287 287 287 287 287 287 287 287 605 407 521 521 521 443 443 540 362 362 362 362 226 226 226 226 407 242 724 724 724 724 178 178 344 344 344 344 344 352 352 593 309 593 923 923 923 831 831 831 831 412 412 412 412 352 352 473 473 473 473 157 157 157 157 157 861 861 861 861 443 443 344 344 344 344 344 560 560 560 560 560 560 560 560 560 560 560 560 560 479 479 479 479 479 605 831 831 831 831 354 354 354 354 897 897 897 897 157 157 157 157 157 354 354 354 354 479 479 479 479 479 228 228 228 865 865 540 242 228 228 228 861 861 861 861 897 897 897 897 865 865 560 560 560 560 560 560 560 560 560 560 560 560 560 
0 1 2 3 4 5 6 7 8 9 10 11 12 13 14 15 16 17 18 7 8 19 20 21 22 23 24 25 26 14 15 16 17 18 27 28 29 30 9 10 31 32 33 34 35 36 37 38 39 40 41 38 39 40 41 42 43 31 32 33 44 45 46 23 24 25 26 1 2 3 4 43 47 34 35 36 37 5 6 48 49 50 51 52 53 54 55 0 55 11 12 13 56 57 58 59 27 28 29 30 53 54 19 20 21 22 60 61 62 63 64 65 66 67 68 44 45 48 49 50 51 52 69 70 71 72 73 74 75 76 77 78 79 80 81 82 83 84 85 86 42 56 57 58 59 87 88 89 90 91 92 93 94 60 61 62 63 64 87 88 89 90 82 83 84 85 86 95 96 97 98 99 46 47 95 96 97 65 66 67 68 91 92 93 94 98 99 69 70 71 72 73 74 75 76 77 78 79 80 81 
50467
30
1 2 4 4 2 4 4 1 4 4 5 3 5 2 3 4 5 1 4 2 5 2 2 1 4 1 4 1 3 13 
1 3 13 1 1 58 9 22 9 41 50 61 47 37 12 13 6 37 9 19 35 4 62 32 57 15 48 16 4 49 
40 8 34 28 34 67 47 63 26 55 60 65 59 46 17 14 9 40 41 49 49 9 68 64 59 53 66 28 40 70 
309 611 724 226 178 897 473 540 362 831 479 228 157 352 521 287 441 593 412 443 344 882 865 242 354 605 861 407 923 560 
0 3 3 3 3 4 4 1 1 21 21 28 28 28 16 16 16 16 16 1 1 6 6 6 6 8 8 8 8 16 16 16 16 16 18 18 18 18 21 21 14 14 14 2 2 2 2 15 15 15 15 15 15 15 15 25 27 14 14 14 19 19 7 8 8 8 8 3 3 3 3 27 23 2 2 2 2 4 4 20 20 20 20 20 13 13 17 0 17 28 28 28 9 9 9 9 18 18 18 18 13 13 6 6 6 6 12 12 12 12 12 26 26 26 26 19 19 20 20 20 20 20 29 29 29 29 29 29 29 29 29 29 29 29 29 10 10 10 10 10 25 9 9 9 9 24 24 24 24 5 5 5 5 12 12 12 12 12 24 24 24 24 10 10 10 10 10 11 11 11 22 22 7 23 11 11 11 26 26 26 26 5 5 5 5 22 22 29 29 29 29 29 29 29 29 29 29 29 29 29 