604
100
2
1 1 1 3 4 4 4 4 8 8 8 8 8 8 9 10 10 10 10 10 10 10 10 11 13 13 13 13 13 13 13 13 13 13 13 14 14 14 14 15 15 15 15 15 15 15 17 17 17 17 17 17 17 17 17 17 17 17 17 17 17 17 17 17 17 17 17 19 19 19 21 22 22 22 27 30 30 30 30 30 30 30 30 30 35 35 35 35 37 37 37 37 37 37 37 37 37 37 37 37 37 38 38 38 38 38 38 38 38 38 39 44 46 46 46 46 46 46 46 46 46 46 46 46 46 46 46 46 46 46 46 46 46 46 46 46 46 46 46 46 46 49 49 49 49 49 50 50 50 50 50 50 50 50 50 51 52 52 52 52 52 52 54 54 54 54 54 54 55 55 55 57 57 57 57 57 57 57 57 57 57 57 62 62 62 62 62 62 63 63 63 64 64 64 64 64 66 66 66 69 
188 189 190 110 46 47 48 49 24 25 26 27 28 39 29 156 157 158 88 89 90 91 92 199 8 9 10 11 12 14 79 80 81 82 83 112 113 114 115 13 176 177 178 179 180 181 4 5 6 7 124 125 126 127 128 129 130 131 132 133 134 135 136 137 138 139 140 98 99 100 162 107 108 109 167 84 85 86 87 30 31 32 33 34 75 76 77 78 18 19 20 21 22 119 120 121 122 123 67 68 69 182 183 184 185 186 187 71 72 73 3 155 35 36 37 38 196 197 198 93 94 95 96 97 50 51 52 53 54 55 56 57 58 59 60 61 62 63 64 65 66 171 172 173 174 175 191 192 193 194 195 163 164 165 166 111 15 16 17 168 169 170 70 151 152 153 154 74 159 160 161 141 142 143 144 145 40 41 42 43 44 45 101 102 103 104 105 106 0 1 2 146 147 148 149 150 116 117 118 23 
411 411 411 221 436 436 436 436 313 313 313 313 313 535 489 289 289 289 795 795 795 795 795 882 313 313 313 313 313 489 864 864 864 864 864 265 265 265 265 535 924 924 924 924 924 924 436 436 436 436 546 546 546 546 546 546 546 546 546 546 546 546 546 546 546 546 546 437 437 437 792 941 941 941 696 215 215 215 215 864 864 864 864 864 215 215 215 215 795 795 795 795 795 454 454 454 454 454 437 437 437 345 345 345 345 345 345 941 941 941 221 499 265 265 265 265 662 662 662 454 454 454 454 454 546 546 546 546 546 546 546 546 546 546 546 546 546 546 546 546 546 546 546 546 546 546 878 878 878 878 878 535 535 535 535 499 289 289 289 536 536 536 792 535 535 535 535 696 536 536 536 546 546 546 546 546 924 924 924 924 924 924 345 345 345 345 345 345 411 411 411 878 878 878 878 878 662 662 662 882 
0 1 2 3 4 5 6 7 8 9 10 11 12 13 14 15 16 17 18 19 20 21 22 23 8 9 10 11 12 14 24 25 26 27 28 29 30 31 32 13 33 34 35 36 37 38 4 5 6 7 39 40 41 42 43 44 45 46 47 48 49 50 51 52 53 54 55 56 57 58 59 60 61 62 63 64 65 66 67 24 25 26 27 28 64 65 66 67 18 19 20 21 22 68 69 70 71 72 56 57 58 73 74 75 76 77 78 60 61 62 3 79 29 30 31 32 80 81 82 68 69 70 71 72 39 40 41 42 43 44 45 46 47 48 49 50 51 52 53 54 55 83 84 85 86 87 88 89 90 91 92 93 94 95 96 79 15 16 17 97 98 99 59 93 94 95 96 63 97 98 99 83 84 85 86 87 33 34 35 36 37 38 73 74 75 76 77 78 0 1 2 88 89 90 91 92 80 81 82 23 
55892
26
3 6 4 3 5 4 1 5 4 3 5 1 1 5 1 4 3 5 1 1 3 3 1 5 6 17 
1 38 30 10 49 14 3 10 4 52 8 21 11 50 44 50 46 37 27 9 19 22 8 13 15 17 
63 62 35 52 57 46 39 37 17 55 13 54 69 64 51 54 66 46 54 13 37 38 15 30 57 46 
411 345 215 289 546 265 221 795 436 536 313 792 882 878 499 535 662 454 696 489 437 941 535 864 924 546 
0 0 0 6 8 8 8 8 10 10 10 10 10 22 19 3 3 3 7 7 7 7 7 12 10 10 10 10 10 19 23 23 23 23 23 5 5 5 5 22 24 24 24 24 24 24 8 8 8 8 25 25 25 25 25 25 25 25 25 25 25 25 25 25 25 25 25 20 20 20 11 21 21 21 18 2 2 2 2 23 23 23 23 23 2 2 2 2 7 7 7 7 7 17 17 17 17 17 20 20 20 1 1 1 1 1 1 21 21 21 6 14 5 5 5 5 16 16 16 17 17 17 17 17 25 25 25 25 25 25 25 25 25 25 25 25 25 25 25 25 25 4 4 4 4 4 13 13 13 13 13 15 15 15 15 14 3 3 3 9 9 9 11 15 15 15 15 18 9 9 9 4 4 4 4 4 24 24 24 24 24 24 1 1 1 1 1 1 0 0 0 13 13 13 13 13 16 16 16 12 