413
100
2
1 1 1 1 1 1 2 2 2 2 2 2 2 2 2 11 11 11 11 11 11 11 11 11 11 11 11 11 15 15 15 15 15 15 15 15 15 15 15 15 15 15 15 15 15 15 15 15 15 15 15 15 15 15 15 15 16 16 16 16 16 16 16 16 18 18 18 18 18 18 18 18 18 18 18 18 18 18 21 21 21 23 23 23 23 23 23 23 23 23 23 23 23 23 31 31 31 31 31 31 31 31 31 31 31 31 31 31 37 37 37 37 37 37 37 37 41 41 41 41 41 41 41 41 41 41 41 41 45 45 45 45 45 45 45 45 45 45 45 45 45 45 51 51 51 51 51 51 51 51 51 51 51 51 51 51 57 57 57 57 57 57 57 57 57 57 57 57 58 58 58 58 58 58 58 58 58 58 58 58 58 58 58 58 58 63 63 63 63 63 63 63 63 63 68 68 68 68 68 68 
194 195 196 197 198 199 185 186 187 188 189 190 191 192 193 81 82 83 84 85 86 87 88 89 90 91 92 93 168 169 170 171 172 173 174 175 176 177 178 179 180 181 128 129 130 131 132 133 134 135 136 137 138 139 140 141 108 109 110 111 112 113 114 115 142 143 144 145 146 147 148 149 150 151 152 153 154 155 182 183 184 15 16 17 18 19 20 21 22 23 24 25 26 27 95 94 97 96 99 98 101 100 103 102 105 104 107 106 56 57 58 59 60 61 62 63 156 157 158 159 160 161 162 163 164 165 166 167 42 43 44 45 46 47 48 49 50 51 52 53 54 55 64 65 66 67 68 69 70 71 72 73 74 75 76 77 116 117 118 119 120 121 122 123 124 125 126 127 28 29 30 31 32 33 34 35 36 37 38 39 40 41 78 79 80 6 7 8 9 10 11 12 13 14 0 1 2 3 4 5 
222 222 222 222 222 222 299 299 299 299 299 299 299 299 299 257 257 257 257 257 257 257 257 257 257 257 257 257 402 402 402 402 402 402 402 402 402 402 402 402 402 402 366 366 366 366 366 366 366 366 366 366 366 366 366 366 825 825 825 825 825 825 825 825 776 776 776 776 776 776 642 642 642 642 642 642 642 642 534 534 534 257 257 257 257 257 257 257 257 257 257 257 257 257 968 968 968 968 968 968 968 968 968 968 968 968 968 968 825 825 825 825 825 825 825 825 798 798 798 798 798 798 798 798 798 798 798 798 366 366 366 366 366 366 366 366 366 366 366 366 366 366 776 776 776 776 776 776 642 642 642 642 642 642 642 642 798 798 798 798 798 798 798 798 798 798 798 798 402 402 402 402 402 402 402 402 402 402 402 402 402 402 534 534 534 299 299 299 299 299 299 299 299 299 222 222 222 222 222 222 
0 1 2 3 4 5 6 7 8 9 10 11 12 13 14 15 16 17 18 19 20 21 22 23 24 25 26 27 28 29 30 31 32 33 34 35 36 37 38 39 40 41 42 43 44 45 46 47 48 49 50 51 52 53 54 55 56 57 58 59 60 61 62 63 64 65 66 67 68 69 70 71 72 73 74 75 76 77 78 79 80 15 16 17 18 19 20 21 22 23 24 25 26 27 81 81 82 82 83 83 84 84 85 85 86 86 87 87 56 57 58 59 60 61 62 63 88 89 90 91 92 93 94 95 96 97 98 99 42 43 44 45 46 47 48 49 50 51 52 53 54 55 64 65 66 67 68 69 70 71 72 73 74 75 76 77 88 89 90 91 92 93 94 95 96 97 98 99 28 29 30 31 32 33 34 35 36 37 38 39 40 41 78 79 80 6 7 8 9 10 11 12 13 14 0 1 2 3 4 5 
52462
11
12 13 7 6 14 9 3 8 8 6 14 
41 11 31 18 15 2 21 16 18 1 15 
57 23 31 51 58 63 58 37 51 68 45 
798 257 968 776 402 299 534 825 642 222 366 
9 9 9 9 9 9 5 5 5 5 5 5 5 5 5 1 1 1 1 1 1 1 1 1 1 1 1 1 4 4 4 4 4 4 4 4 4 4 4 4 4 4 10 10 10 10 10 10 10 10 10 10 10 10 10 10 7 7 7 7 7 7 7 7 3 3 3 3 3 3 8 8 8 8 8 8 8 8 6 6 6 1 1 1 1 1 1 1 1 1 1 1 1 1 2 2 2 2 2 2 2 2 2 2 2 2 2 2 7 7 7 7 7 7 7 7 0 0 0 0 0 0 0 0 0 0 0 0 10 10 10 10 10 10 10 10 10 10 10 10 10 10 3 3 3 3 3 3 8 8 8 8 8 8 8 8 0 0 0 0 0 0 0 0 0 0 0 0 4 4 4 4 4 4 4 4 4 4 4 4 4 4 6 6 6 5 5 5 5 5 5 5 5 5 9 9 9 9 9 9 