47
100
2
3 3 3 10 10 14 14 14 14 14 14 14 14 16 16 16 16 16 16 16 16 16 16 16 19 22 22 22 22 22 22 22 23 23 23 23 23 23 23 23 23 26 29 29 29 29 29 29 29 29 29 30 30 30 30 30 30 30 30 30 30 30 30 30 30 30 30 33 33 33 33 33 33 33 33 33 33 44 44 44 44 44 44 44 44 44 44 44 45 45 45 45 45 45 45 45 45 45 45 45 45 45 45 45 45 45 45 45 45 45 45 45 45 45 45 45 45 45 45 53 53 53 53 53 54 54 54 54 54 54 54 54 54 55 55 55 55 57 57 57 57 57 57 57 57 57 60 60 60 60 60 60 60 60 60 62 62 62 62 62 62 62 62 65 65 65 65 65 65 65 65 65 65 65 67 67 67 67 67 67 67 67 67 67 68 68 68 68 68 68 68 68 68 68 68 68 68 68 68 68 
121 122 123 119 120 155 156 157 158 159 160 161 162 92 93 94 95 96 97 98 99 100 101 102 41 51 52 53 54 55 56 57 124 125 126 127 128 129 130 131 132 24 137 138 139 140 141 142 143 144 145 25 26 27 28 29 30 31 146 147 148 149 150 151 152 153 154 174 175 176 177 178 179 180 181 182 183 163 164 165 166 167 168 169 170 171 172 173 133 134 135 136 13 14 15 16 17 18 19 20 21 22 23 184 185 186 187 188 189 190 191 192 193 194 195 196 197 198 199 3 4 0 1 2 32 33 34 35 36 37 38 39 40 88 89 90 91 42 43 44 45 46 47 48 49 50 58 59 60 61 62 63 64 65 66 5 6 7 8 9 10 11 12 77 78 79 80 81 82 83 84 85 86 87 67 68 69 70 71 72 73 74 75 76 103 104 105 106 107 108 109 110 111 112 113 114 115 116 117 118 
495 495 495 782 782 528 528 528 528 528 528 528 528 368 368 368 368 368 368 368 368 368 368 368 424 649 649 649 649 649 649 649 498 498 498 498 498 498 498 498 498 424 915 915 915 915 915 915 915 915 915 649 649 649 649 649 649 649 534 534 534 534 534 534 534 534 534 256 256 256 256 256 256 256 256 256 256 451 451 451 451 451 451 451 451 451 451 451 420 420 420 420 368 368 368 368 368 368 368 368 368 368 368 599 599 599 599 599 599 599 599 599 599 599 599 599 599 599 599 782 782 495 495 495 498 498 498 498 498 498 498 498 498 420 420 420 420 915 915 915 915 915 915 915 915 915 534 534 534 534 534 534 534 534 534 528 528 528 528 528 528 528 528 451 451 451 451 451 451 451 451 451 451 451 256 256 256 256 256 256 256 256 256 256 599 599 599 599 599 599 599 599 599 599 599 599 599 599 599 599 
0 1 2 3 4 5 6 7 8 9 10 11 12 13 14 15 16 17 18 19 20 21 22 23 24 25 26 27 28 29 30 31 32 33 34 35 36 37 38 39 40 24 41 42 43 44 45 46 47 48 49 25 26 27 28 29 30 31 50 51 52 53 54 55 56 57 58 59 60 61 62 63 64 65 66 67 68 69 70 71 72 73 74 75 76 77 78 79 80 81 82 83 13 14 15 16 17 18 19 20 21 22 23 84 85 86 87 88 89 90 91 92 93 94 95 96 97 98 99 3 4 0 1 2 32 33 34 35 36 37 38 39 40 80 81 82 83 41 42 43 44 45 46 47 48 49 50 51 52 53 54 55 56 57 58 5 6 7 8 9 10 11 12 69 70 71 72 73 74 75 76 77 78 79 59 60 61 62 63 64 65 66 67 68 84 85 86 87 88 89 90 91 92 93 94 95 96 97 98 99 
52596
13
8 4 7 2 11 9 9 1 3 11 10 9 16 
14 45 22 10 16 29 30 19 3 44 33 23 45 
62 55 30 53 45 57 60 26 53 65 67 54 68 
528 420 649 782 368 915 534 424 495 451 256 498 599 
8 8 8 3 3 0 0 0 0 0 0 0 0 4 4 4 4 4 4 4 4 4 4 4 7 2 2 2 2 2 2 2 11 11 11 11 11 11 11 11 11 7 5 5 5 5 5 5 5 5 5 2 2 2 2 2 2 2 6 6 6 6 6 6 6 6 6 10 10 10 10 10 10 10 10 10 10 9 9 9 9 9 9 9 9 9 9 9 1 1 1 1 4 4 4 4 4 4 4 4 4 4 4 12 12 12 12 12 12 12 12 12 12 12 12 12 12 12 12 3 3 8 8 8 11 11 11 11 11 11 11 11 11 1 1 1 1 5 5 5 5 5 5 5 5 5 6 6 6 6 6 6 6 6 6 0 0 0 0 0 0 0 0 9 9 9 9 9 9 9 9 9 9 9 10 10 10 10 10 10 10 10 10 10 12 12 12 12 12 12 12 12 12 12 12 12 12 12 12 12 