679
100
2
1 1 1 1 1 1 1 2 2 2 2 2 2 2 2 5 5 5 5 5 7 7 7 7 7 7 7 9 9 9 9 9 9 11 11 11 11 11 11 11 11 11 11 16 16 16 16 17 17 17 17 17 17 19 19 19 19 21 21 21 21 21 21 25 25 25 25 25 25 25 25 26 26 26 26 26 26 26 26 26 26 26 26 26 26 27 27 28 28 28 28 28 28 28 28 28 28 36 36 36 36 36 38 38 38 45 45 45 45 45 45 45 45 45 45 45 45 45 45 45 45 45 45 45 46 46 46 46 46 46 46 46 46 46 46 46 46 49 49 49 49 49 49 54 54 54 54 54 54 55 55 55 55 55 55 56 56 56 56 56 56 58 58 58 58 58 60 60 60 60 60 60 60 64 64 64 64 64 64 64 66 66 66 66 66 66 69 69 69 69 69 69 69 69 70 70 70 70 70 70 
124 125 126 127 128 129 130 179 161 162 163 164 165 85 86 97 98 99 100 101 166 167 168 169 170 171 172 155 156 157 158 159 160 87 88 89 90 91 92 93 94 95 96 67 68 69 70 57 58 59 60 61 62 63 64 65 66 47 48 49 50 51 52 53 54 55 56 43 44 45 46 186 187 188 189 190 191 192 193 137 138 139 140 141 142 13 14 33 34 35 36 37 38 39 40 41 42 15 16 17 18 19 105 106 107 102 103 104 109 108 111 110 113 112 115 114 117 116 119 118 121 120 123 122 0 1 2 3 4 5 6 143 144 145 146 147 148 79 80 81 82 83 84 131 132 133 134 135 136 180 181 182 183 184 185 27 28 29 30 31 32 8 9 10 11 12 20 21 22 23 24 25 26 194 195 196 197 198 199 7 149 150 151 152 153 154 71 72 73 74 75 76 77 78 173 174 175 176 177 178 
217 217 217 217 217 217 217 962 576 576 576 576 576 508 508 647 647 647 647 647 795 795 795 795 795 795 795 495 495 495 495 495 495 296 296 296 296 296 296 296 296 296 296 274 274 274 274 618 618 618 618 618 618 674 674 674 674 618 618 618 618 618 618 674 674 674 674 274 274 274 274 391 391 391 391 391 391 391 391 379 379 379 379 379 379 508 508 296 296 296 296 296 296 296 296 296 296 647 647 647 647 647 203 203 203 203 203 203 763 763 763 763 763 763 763 763 763 763 763 763 763 763 763 763 217 217 217 217 217 217 217 594 594 594 594 594 594 379 379 379 379 379 379 594 594 594 594 594 594 951 951 951 951 951 951 495 495 495 495 495 495 576 576 576 576 576 795 795 795 795 795 795 795 174 174 174 174 174 174 962 951 951 951 951 951 951 391 391 391 391 391 391 391 391 174 174 174 174 174 174 
0 1 2 3 4 5 6 7 8 9 10 11 12 13 14 15 16 17 18 19 20 21 22 23 24 25 26 27 28 29 30 31 32 33 34 35 36 37 38 39 40 41 42 43 44 45 46 47 48 49 50 51 52 53 54 55 56 47 48 49 50 51 52 53 54 55 56 43 44 45 46 57 58 59 60 61 62 63 64 65 66 67 68 69 70 13 14 33 34 35 36 37 38 39 40 41 42 15 16 17 18 19 71 72 73 71 72 73 74 74 75 75 76 76 77 77 78 78 79 79 80 80 81 81 0 1 2 3 4 5 6 82 83 84 85 86 87 65 66 67 68 69 70 82 83 84 85 86 87 88 89 90 91 92 93 27 28 29 30 31 32 8 9 10 11 12 20 21 22 23 24 25 26 94 95 96 97 98 99 7 88 89 90 91 92 93 57 58 59 60 61 62 63 64 94 95 96 97 98 99 
51036
18
8 7 6 1 6 6 3 4 5 2 6 6 7 4 6 8 5 10 
26 1 64 2 9 26 38 19 2 2 46 17 7 16 55 45 5 11 
69 46 70 64 56 49 45 25 58 27 54 21 60 25 66 45 36 28 
391 217 174 962 495 379 203 674 576 508 594 618 795 274 951 763 647 296 
1 1 1 1 1 1 1 3 8 8 8 8 8 9 9 16 16 16 16 16 12 12 12 12 12 12 12 4 4 4 4 4 4 17 17 17 17 17 17 17 17 17 17 13 13 13 13 11 11 11 11 11 11 7 7 7 7 11 11 11 11 11 11 7 7 7 7 13 13 13 13 0 0 0 0 0 0 0 0 5 5 5 5 5 5 9 9 17 17 17 17 17 17 17 17 17 17 16 16 16 16 16 6 6 6 6 6 6 15 15 15 15 15 15 15 15 15 15 15 15 15 15 15 15 1 1 1 1 1 1 1 10 10 10 10 10 10 5 5 5 5 5 5 10 10 10 10 10 10 14 14 14 14 14 14 4 4 4 4 4 4 8 8 8 8 8 12 12 12 12 12 12 12 2 2 2 2 2 2 3 14 14 14 14 14 14 0 0 0 0 0 0 0 0 2 2 2 2 2 2 