684
100
2
8 8 8 8 8 8 8 12 12 12 12 12 16 16 16 16 16 16 16 16 16 16 16 17 17 17 17 17 17 17 20 20 20 20 20 20 20 20 20 20 20 20 20 20 20 20 20 20 20 20 20 20 20 20 20 20 20 21 21 21 27 27 27 27 27 27 31 31 31 31 31 32 32 32 32 32 32 32 32 32 32 35 35 35 35 35 35 35 35 35 35 35 35 35 35 35 35 35 35 39 39 39 39 39 39 39 39 39 39 40 40 40 40 40 40 40 40 40 41 41 41 45 45 45 45 45 45 45 45 45 45 45 47 47 48 48 48 48 48 50 50 50 50 50 50 50 53 53 53 53 53 53 53 55 55 55 55 55 56 56 56 56 56 59 59 59 59 59 63 63 63 63 63 63 63 64 64 64 64 64 64 64 70 70 70 70 70 70 70 70 70 70 70 70 70 70 70 70 70 70 
175 176 177 178 179 180 181 163 164 165 166 167 23 24 25 26 27 28 29 60 61 62 63 12 13 14 15 16 17 18 109 110 111 112 113 114 115 116 117 81 82 83 84 85 86 87 88 89 90 91 92 93 94 95 96 97 98 118 119 120 19 20 21 22 132 133 158 159 160 161 162 99 100 101 102 103 104 105 106 107 108 39 40 41 42 43 44 45 46 47 48 49 50 51 52 53 54 55 56 71 72 73 74 75 76 77 78 79 80 30 31 32 33 34 35 36 37 38 57 58 59 189 190 191 192 193 194 195 196 197 198 199 64 65 153 154 155 156 157 146 147 148 149 150 151 152 139 140 141 142 143 144 145 134 135 136 137 138 66 67 68 69 70 7 8 9 10 11 182 183 184 185 186 187 188 0 1 2 3 4 5 6 168 169 170 171 172 173 174 121 122 123 124 125 126 127 128 129 130 131 
611 611 611 611 611 611 611 464 464 464 464 464 762 762 762 762 762 762 762 716 716 716 716 762 762 762 762 762 762 762 249 249 249 249 249 249 249 249 249 635 635 635 635 635 635 635 635 635 635 635 635 635 635 635 635 635 635 973 973 973 716 716 716 716 486 486 337 337 337 337 337 226 226 226 226 226 226 226 226 226 226 635 635 635 635 635 635 635 635 635 635 635 635 635 635 635 635 635 635 226 226 226 226 226 226 226 226 226 226 249 249 249 249 249 249 249 249 249 973 973 973 206 206 206 206 206 206 206 206 206 206 206 486 486 476 476 476 476 476 192 192 192 192 192 192 192 192 192 192 192 192 192 192 476 476 476 476 476 337 337 337 337 337 464 464 464 464 464 843 843 843 843 843 843 843 611 611 611 611 611 611 611 843 843 843 843 843 843 843 206 206 206 206 206 206 206 206 206 206 206 
0 1 2 3 4 5 6 7 8 9 10 11 12 13 14 15 16 17 18 19 20 21 22 12 13 14 15 16 17 18 23 24 25 26 27 28 29 30 31 32 33 34 35 36 37 38 39 40 41 42 43 44 45 46 47 48 49 50 51 52 19 20 21 22 53 54 55 56 57 58 59 60 61 62 63 64 65 66 67 68 69 32 33 34 35 36 37 38 39 40 41 42 43 44 45 46 47 48 49 60 61 62 63 64 65 66 67 68 69 23 24 25 26 27 28 29 30 31 50 51 52 70 71 72 73 74 75 76 77 78 79 80 53 54 81 82 83 84 85 86 87 88 89 90 91 92 86 87 88 89 90 91 92 81 82 83 84 85 55 56 57 58 59 7 8 9 10 11 93 94 95 96 97 98 99 0 1 2 3 4 5 6 93 94 95 96 97 98 99 70 71 72 73 74 75 76 77 78 79 80 
48193
14
7 7 5 7 5 4 10 11 7 2 9 3 5 18 
63 16 31 50 48 16 32 45 8 27 20 21 12 20 
70 17 56 53 55 27 39 70 64 47 40 41 59 35 
843 762 337 192 476 716 226 206 611 486 249 973 464 635 
8 8 8 8 8 8 8 12 12 12 12 12 1 1 1 1 1 1 1 5 5 5 5 1 1 1 1 1 1 1 10 10 10 10 10 10 10 10 10 13 13 13 13 13 13 13 13 13 13 13 13 13 13 13 13 13 13 11 11 11 5 5 5 5 9 9 2 2 2 2 2 6 6 6 6 6 6 6 6 6 6 13 13 13 13 13 13 13 13 13 13 13 13 13 13 13 13 13 13 6 6 6 6 6 6 6 6 6 6 10 10 10 10 10 10 10 10 10 11 11 11 7 7 7 7 7 7 7 7 7 7 7 9 9 4 4 4 4 4 3 3 3 3 3 3 3 3 3 3 3 3 3 3 4 4 4 4 4 2 2 2 2 2 12 12 12 12 12 0 0 0 0 0 0 0 8 8 8 8 8 8 8 0 0 0 0 0 0 0 7 7 7 7 7 7 7 7 7 7 7 