832
100
2
5 5 5 5 6 6 6 6 7 7 7 7 7 7 7 7 7 7 7 7 7 7 7 8 8 8 8 9 9 9 9 9 9 9 9 9 9 9 9 9 29 29 29 29 29 29 29 29 29 29 29 29 29 30 30 30 30 31 31 31 31 31 31 31 31 31 31 31 31 31 31 32 32 32 32 34 34 34 34 34 34 37 37 37 37 37 37 37 37 37 37 37 38 38 38 38 38 38 38 38 38 38 40 40 40 45 45 45 45 45 45 47 47 47 47 47 47 47 47 48 48 48 48 48 48 48 48 48 48 48 48 48 48 48 53 53 53 53 54 54 54 54 54 54 54 54 54 54 54 54 54 54 58 58 58 58 58 58 58 58 58 58 58 66 66 66 66 66 66 66 66 66 66 67 67 67 67 67 67 67 67 67 67 67 67 67 68 68 68 68 68 68 68 68 68 70 70 70 70 70 
53 54 55 56 71 72 73 74 119 120 121 122 123 124 125 126 127 128 129 130 131 132 133 57 58 59 60 173 174 175 176 177 178 179 180 181 182 183 184 185 81 82 83 92 93 94 95 96 97 98 99 100 101 0 1 2 3 23 24 25 26 163 164 165 166 167 168 169 170 171 172 4 5 6 7 105 106 107 108 109 110 40 41 42 111 112 113 114 115 116 117 118 43 44 45 46 47 48 49 50 51 52 138 139 140 75 76 77 78 79 80 84 85 86 87 88 89 90 91 8 9 10 11 12 13 14 15 16 17 18 19 20 21 22 186 187 188 189 102 103 104 152 153 154 155 156 157 158 159 160 161 162 141 142 143 144 145 146 147 148 149 150 151 61 62 63 64 65 66 67 68 69 70 27 28 29 30 31 32 33 34 35 36 37 38 39 134 135 136 137 195 196 197 198 199 190 191 192 193 194 
470 470 470 470 578 578 578 578 239 239 239 239 239 239 239 239 239 239 239 239 239 239 239 368 368 368 368 533 533 533 533 533 533 533 533 533 533 533 533 533 256 256 256 835 835 835 835 835 835 835 835 835 835 470 470 470 470 368 368 368 368 276 276 276 276 276 276 276 276 276 276 578 578 578 578 678 678 678 678 678 678 256 256 256 768 768 768 768 768 768 768 768 835 835 835 835 835 835 835 835 835 835 563 563 563 678 678 678 678 678 678 768 768 768 768 768 768 768 768 239 239 239 239 239 239 239 239 239 239 239 239 239 239 239 373 373 373 373 563 563 563 821 821 821 821 821 821 821 821 821 821 821 821 821 821 821 821 821 821 821 821 821 821 276 276 276 276 276 276 276 276 276 276 533 533 533 533 533 533 533 533 533 533 533 533 533 373 373 373 373 788 788 788 788 788 788 788 788 788 788 
0 1 2 3 4 5 6 7 8 9 10 11 12 13 14 15 16 17 18 19 20 21 22 23 24 25 26 27 28 29 30 31 32 33 34 35 36 37 38 39 40 41 42 43 44 45 46 47 48 49 50 51 52 0 1 2 3 23 24 25 26 53 54 55 56 57 58 59 60 61 62 4 5 6 7 63 64 65 66 67 68 40 41 42 69 70 71 72 73 74 75 76 43 44 45 46 47 48 49 50 51 52 77 78 79 63 64 65 66 67 68 69 70 71 72 73 74 75 76 8 9 10 11 12 13 14 15 16 17 18 19 20 21 22 80 81 82 83 77 78 79 84 85 86 87 88 89 90 91 92 93 94 84 85 86 87 88 89 90 91 92 93 94 53 54 55 56 57 58 59 60 61 62 27 28 29 30 31 32 33 34 35 36 37 38 39 80 81 82 83 95 96 97 98 99 95 96 97 98 99 
54420
14
4 5 3 4 3 6 11 10 13 8 15 4 4 10 
53 68 40 5 29 34 54 29 9 37 7 8 6 31 
68 70 54 30 37 45 58 38 67 47 48 31 32 66 
373 788 563 470 256 678 821 835 533 768 239 368 578 276 
3 3 3 3 12 12 12 12 10 10 10 10 10 10 10 10 10 10 10 10 10 10 10 11 11 11 11 8 8 8 8 8 8 8 8 8 8 8 8 8 4 4 4 7 7 7 7 7 7 7 7 7 7 3 3 3 3 11 11 11 11 13 13 13 13 13 13 13 13 13 13 12 12 12 12 5 5 5 5 5 5 4 4 4 9 9 9 9 9 9 9 9 7 7 7 7 7 7 7 7 7 7 2 2 2 5 5 5 5 5 5 9 9 9 9 9 9 9 9 10 10 10 10 10 10 10 10 10 10 10 10 10 10 10 0 0 0 0 2 2 2 6 6 6 6 6 6 6 6 6 6 6 6 6 6 6 6 6 6 6 6 6 6 13 13 13 13 13 13 13 13 13 13 8 8 8 8 8 8 8 8 8 8 8 8 8 0 0 0 0 1 1 1 1 1 1 1 1 1 1 