157
100
2
2 2 2 2 2 2 2 2 2 2 2 2 2 2 2 2 2 4 4 4 4 4 7 7 7 7 7 7 7 7 7 8 8 8 8 8 8 8 8 8 15 15 15 15 15 15 17 17 17 18 18 18 18 18 18 18 18 18 18 18 18 18 18 20 20 20 20 21 21 21 21 21 21 22 22 29 29 34 34 34 34 34 34 34 34 34 36 36 36 36 36 36 41 41 41 43 43 43 43 43 43 43 43 43 43 43 44 44 44 44 44 44 47 47 47 47 47 47 47 47 47 47 47 50 50 50 51 51 51 51 56 56 56 58 58 58 58 58 58 60 60 60 60 60 60 60 60 60 60 60 60 60 60 60 60 60 60 60 60 60 60 60 60 60 61 61 61 61 61 61 61 61 61 61 61 61 61 61 61 61 61 62 62 62 62 62 67 67 67 67 67 68 68 68 68 68 68 68 68 68 
164 165 166 167 168 169 170 171 172 173 174 175 176 177 178 179 180 181 182 183 184 185 77 78 79 80 81 82 83 84 85 191 192 193 194 195 196 197 198 199 54 55 56 57 58 59 123 124 125 186 187 188 189 190 40 41 42 43 44 45 150 151 152 126 127 128 129 106 107 108 109 110 111 75 76 73 74 22 23 24 25 26 27 28 29 30 133 134 135 136 137 138 130 131 132 139 140 141 142 143 144 145 146 147 148 149 67 68 69 70 71 72 153 154 155 156 157 158 159 160 161 162 163 46 47 48 63 64 65 66 92 93 94 86 87 88 89 90 91 95 96 97 98 99 100 101 102 103 104 105 60 61 62 112 113 114 115 116 117 118 119 120 121 122 0 1 2 3 4 5 6 7 8 9 10 11 12 13 14 15 16 17 18 19 20 21 49 50 51 52 53 31 32 33 34 35 36 37 38 39 
952 952 952 952 952 952 952 952 952 952 952 952 952 952 952 952 952 628 628 628 628 628 343 343 343 343 343 343 343 343 343 401 401 401 401 401 401 401 401 401 578 578 578 578 578 578 525 525 525 494 494 494 494 494 578 578 578 578 578 578 922 922 922 693 693 693 693 546 546 546 546 546 546 214 214 214 214 343 343 343 343 343 343 343 343 343 727 727 727 727 727 727 642 642 642 963 963 963 963 963 963 963 963 963 963 963 546 546 546 546 546 546 750 750 750 750 750 750 750 750 750 750 750 525 525 525 693 693 693 693 642 642 642 727 727 727 727 727 727 963 963 963 963 963 963 963 963 963 963 963 922 922 922 750 750 750 750 750 750 750 750 750 750 750 952 952 952 952 952 952 952 952 952 952 952 952 952 952 952 952 952 628 628 628 628 628 494 494 494 494 494 401 401 401 401 401 401 401 401 401 
0 1 2 3 4 5 6 7 8 9 10 11 12 13 14 15 16 17 18 19 20 21 22 23 24 25 26 27 28 29 30 31 32 33 34 35 36 37 38 39 40 41 42 43 44 45 46 47 48 49 50 51 52 53 40 41 42 43 44 45 54 55 56 57 58 59 60 61 62 63 64 65 66 67 68 67 68 22 23 24 25 26 27 28 29 30 69 70 71 72 73 74 75 76 77 78 79 80 81 82 83 84 85 86 87 88 61 62 63 64 65 66 89 90 91 92 93 94 95 96 97 98 99 46 47 48 57 58 59 60 75 76 77 69 70 71 72 73 74 78 79 80 81 82 83 84 85 86 87 88 54 55 56 89 90 91 92 93 94 95 96 97 98 99 0 1 2 3 4 5 6 7 8 9 10 11 12 13 14 15 16 17 18 19 20 21 49 50 51 52 53 31 32 33 34 35 36 37 38 39 
67906
15
9 4 5 9 3 3 11 6 6 6 2 3 5 11 17 
7 20 18 8 17 41 43 36 21 15 22 18 4 47 2 
34 51 67 68 50 56 60 58 44 18 29 60 62 60 61 
343 693 494 401 525 642 963 727 546 578 214 922 628 750 952 
14 14 14 14 14 14 14 14 14 14 14 14 14 14 14 14 14 12 12 12 12 12 0 0 0 0 0 0 0 0 0 3 3 3 3 3 3 3 3 3 9 9 9 9 9 9 4 4 4 2 2 2 2 2 9 9 9 9 9 9 11 11 11 1 1 1 1 8 8 8 8 8 8 10 10 10 10 0 0 0 0 0 0 0 0 0 7 7 7 7 7 7 5 5 5 6 6 6 6 6 6 6 6 6 6 6 8 8 8 8 8 8 13 13 13 13 13 13 13 13 13 13 13 4 4 4 1 1 1 1 5 5 5 7 7 7 7 7 7 6 6 6 6 6 6 6 6 6 6 6 11 11 11 13 13 13 13 13 13 13 13 13 13 13 14 14 14 14 14 14 14 14 14 14 14 14 14 14 14 14 14 12 12 12 12 12 2 2 2 2 2 3 3 3 3 3 3 3 3 3 