259
100
2
5 5 10 10 10 10 10 10 10 10 10 10 10 10 10 10 10 10 10 10 10 10 10 11 11 11 11 11 11 11 11 11 11 11 11 11 14 14 14 14 14 14 15 15 15 15 15 15 15 15 15 15 15 15 19 19 19 19 19 19 19 19 19 19 19 19 19 20 20 20 20 21 21 21 21 21 21 21 21 21 21 21 21 21 25 25 25 25 25 25 25 25 25 25 25 25 25 27 27 27 27 27 27 32 32 32 32 32 32 32 32 32 32 32 32 32 32 32 36 36 36 36 36 40 40 40 40 44 44 44 44 44 44 44 44 44 44 44 44 50 50 50 50 50 50 50 50 50 50 50 50 52 52 52 52 52 53 53 53 53 53 57 57 57 57 57 58 58 58 58 58 58 58 58 58 58 58 58 61 61 61 61 61 61 61 61 61 61 61 61 61 64 64 64 64 64 64 64 65 65 
198 199 23 24 25 26 27 28 29 30 31 32 33 34 35 110 111 112 113 114 115 116 117 2 3 4 5 6 7 8 9 10 11 12 13 14 97 98 99 100 101 102 166 167 168 169 170 171 172 173 174 175 176 177 71 72 73 74 75 76 77 78 79 80 81 82 83 123 124 125 126 54 55 56 57 58 59 60 61 62 63 64 65 66 178 179 180 181 182 183 184 185 186 187 188 189 190 36 37 38 39 40 41 191 192 193 194 195 196 197 15 16 17 18 19 20 21 22 161 162 163 164 165 67 68 69 70 139 140 141 142 143 144 145 146 147 148 149 150 127 128 129 130 131 132 133 134 135 136 137 138 156 157 158 159 160 151 152 153 154 155 118 119 120 121 122 42 43 44 45 46 47 48 49 50 51 52 53 84 85 86 87 88 89 90 91 92 93 94 95 96 103 104 105 106 107 108 109 0 1 
962 962 680 680 680 680 680 680 680 680 680 680 680 680 680 786 786 786 786 786 786 786 786 680 680 680 680 680 680 680 680 680 680 680 680 680 576 576 576 576 576 576 425 425 425 425 425 425 425 425 425 425 425 425 849 849 849 849 849 849 849 849 849 849 849 849 849 400 400 400 400 849 849 849 849 849 849 849 849 849 849 849 849 849 647 647 647 647 647 647 647 647 647 647 647 647 647 576 576 576 576 576 576 392 392 392 392 392 392 392 786 786 786 786 786 786 786 786 658 658 658 658 658 400 400 400 400 971 971 971 971 971 971 971 971 971 971 971 971 971 971 971 971 971 971 971 971 971 971 971 971 928 928 928 928 928 928 928 928 928 928 658 658 658 658 658 425 425 425 425 425 425 425 425 425 425 425 425 647 647 647 647 647 647 647 647 647 647 647 647 647 392 392 392 392 392 392 392 962 962 
0 1 2 3 4 5 6 7 8 9 10 11 12 13 14 15 16 17 18 19 20 21 22 2 3 4 5 6 7 8 9 10 11 12 13 14 23 24 25 26 27 28 29 30 31 32 33 34 35 36 37 38 39 40 41 42 43 44 45 46 47 48 49 50 51 52 53 54 55 56 57 41 42 43 44 45 46 47 48 49 50 51 52 53 58 59 60 61 62 63 64 65 66 67 68 69 70 23 24 25 26 27 28 71 72 73 74 75 76 77 15 16 17 18 19 20 21 22 78 79 80 81 82 54 55 56 57 83 84 85 86 87 88 89 90 91 92 93 94 83 84 85 86 87 88 89 90 91 92 93 94 95 96 97 98 99 95 96 97 98 99 78 79 80 81 82 29 30 31 32 33 34 35 36 37 38 39 40 58 59 60 61 62 63 64 65 66 67 68 69 70 71 72 73 74 75 76 77 0 1 
68982
12
4 13 5 12 7 13 13 12 6 2 5 8 
20 10 52 44 32 25 19 15 14 5 36 10 
40 11 53 50 64 61 21 58 27 65 57 32 
400 680 928 971 392 647 849 425 576 962 658 786 
9 9 1 1 1 1 1 1 1 1 1 1 1 1 1 11 11 11 11 11 11 11 11 1 1 1 1 1 1 1 1 1 1 1 1 1 8 8 8 8 8 8 7 7 7 7 7 7 7 7 7 7 7 7 6 6 6 6 6 6 6 6 6 6 6 6 6 0 0 0 0 6 6 6 6 6 6 6 6 6 6 6 6 6 5 5 5 5 5 5 5 5 5 5 5 5 5 8 8 8 8 8 8 4 4 4 4 4 4 4 11 11 11 11 11 11 11 11 10 10 10 10 10 0 0 0 0 3 3 3 3 3 3 3 3 3 3 3 3 3 3 3 3 3 3 3 3 3 3 3 3 2 2 2 2 2 2 2 2 2 2 10 10 10 10 10 7 7 7 7 7 7 7 7 7 7 7 7 5 5 5 5 5 5 5 5 5 5 5 5 5 4 4 4 4 4 4 4 9 9 