214
100
2
7 7 7 7 7 9 9 9 9 12 12 12 12 12 12 12 12 13 13 13 13 16 16 16 16 16 16 16 16 16 16 16 16 16 16 16 16 16 16 16 16 16 16 16 16 16 22 22 22 22 22 22 22 22 22 22 22 22 22 22 22 22 22 22 25 25 25 25 25 28 28 28 28 28 30 30 30 30 30 30 30 30 30 30 31 31 31 31 31 31 31 31 33 33 33 33 33 33 33 33 33 33 33 35 35 35 35 35 35 35 35 35 35 35 35 35 36 36 36 36 39 39 39 39 39 39 39 39 39 39 39 39 39 39 39 39 39 39 45 45 45 45 45 45 45 45 45 45 45 47 47 47 47 50 50 50 50 50 50 50 50 50 50 50 50 50 50 54 54 54 54 54 54 54 54 54 54 54 54 54 54 61 61 61 61 61 61 61 61 61 61 61 61 65 65 65 65 65 67 67 
64 65 66 67 68 17 18 19 20 84 85 86 87 88 89 90 91 5 6 7 8 22 21 24 23 26 25 28 27 30 29 32 31 103 104 105 106 107 108 109 110 111 112 113 114 115 120 121 122 123 124 125 126 127 128 129 130 131 132 133 134 135 136 137 0 1 2 3 4 193 194 195 196 197 183 184 185 186 187 188 189 190 191 192 9 10 11 12 13 14 15 16 138 139 140 141 142 143 144 145 146 147 148 33 34 35 36 37 38 39 40 41 42 43 44 45 149 150 151 152 46 47 48 49 50 51 52 53 54 55 56 57 58 59 60 61 62 63 92 93 94 95 96 97 98 99 100 101 102 116 117 118 119 167 168 169 170 171 172 173 174 175 176 177 178 179 180 153 154 155 156 157 158 159 160 161 162 163 164 165 166 198 199 74 75 76 77 78 79 80 81 82 83 69 70 71 72 73 181 182 
201 201 201 201 201 423 423 423 423 661 661 661 661 661 661 661 661 423 423 423 423 854 854 854 854 854 854 854 854 854 854 854 854 771 771 771 771 771 771 771 771 771 771 771 771 771 708 708 708 708 708 708 708 708 708 708 708 708 708 708 708 708 708 708 201 201 201 201 201 924 924 924 924 924 931 931 931 931 931 931 931 931 931 931 661 661 661 661 661 661 661 661 899 899 899 899 899 899 899 899 899 899 899 771 771 771 771 771 771 771 771 771 771 771 771 771 685 685 685 685 708 708 708 708 708 708 708 708 708 708 708 708 708 708 708 708 708 708 899 899 899 899 899 899 899 899 899 899 899 685 685 685 685 581 581 581 581 581 581 581 581 581 581 581 581 581 581 581 581 581 581 581 581 581 581 581 581 581 581 581 581 736 736 931 931 931 931 931 931 931 931 931 931 924 924 924 924 924 736 736 
0 1 2 3 4 5 6 7 8 9 10 11 12 13 14 15 16 5 6 7 8 17 17 18 18 19 19 20 20 21 21 22 22 23 24 25 26 27 28 29 30 31 32 33 34 35 36 37 38 39 40 41 42 43 44 45 46 47 48 49 50 51 52 53 0 1 2 3 4 54 55 56 57 58 59 60 61 62 63 64 65 66 67 68 9 10 11 12 13 14 15 16 69 70 71 72 73 74 75 76 77 78 79 23 24 25 26 27 28 29 30 31 32 33 34 35 80 81 82 83 36 37 38 39 40 41 42 43 44 45 46 47 48 49 50 51 52 53 69 70 71 72 73 74 75 76 77 78 79 80 81 82 83 84 85 86 87 88 89 90 91 92 93 94 95 96 97 84 85 86 87 88 89 90 91 92 93 94 95 96 97 98 99 59 60 61 62 63 64 65 66 67 68 54 55 56 57 58 98 99 
72041
12
8 6 5 11 2 10 14 4 13 5 4 18 
12 16 28 33 61 30 50 36 16 7 9 22 
31 16 65 45 67 61 54 47 35 25 13 39 
661 854 924 899 736 931 581 685 771 201 423 708 
9 9 9 9 9 10 10 10 10 0 0 0 0 0 0 0 0 10 10 10 10 1 1 1 1 1 1 1 1 1 1 1 1 8 8 8 8 8 8 8 8 8 8 8 8 8 11 11 11 11 11 11 11 11 11 11 11 11 11 11 11 11 11 11 9 9 9 9 9 2 2 2 2 2 5 5 5 5 5 5 5 5 5 5 0 0 0 0 0 0 0 0 3 3 3 3 3 3 3 3 3 3 3 8 8 8 8 8 8 8 8 8 8 8 8 8 7 7 7 7 11 11 11 11 11 11 11 11 11 11 11 11 11 11 11 11 11 11 3 3 3 3 3 3 3 3 3 3 3 7 7 7 7 6 6 6 6 6 6 6 6 6 6 6 6 6 6 6 6 6 6 6 6 6 6 6 6 6 6 6 6 4 4 5 5 5 5 5 5 5 5 5 5 2 2 2 2 2 4 4 