258
100
2
1 2 2 2 3 3 3 5 5 5 6 6 8 8 10 10 10 10 10 12 12 13 13 13 13 15 15 15 15 15 15 15 15 15 16 16 16 16 16 16 16 16 18 18 18 18 18 19 19 19 20 20 20 20 21 21 22 22 22 23 23 23 26 26 26 26 26 26 26 26 26 26 26 26 30 30 30 30 30 31 31 31 31 31 31 31 31 32 32 32 33 33 33 33 34 37 37 37 37 37 37 37 37 37 38 38 40 40 40 40 41 41 41 41 41 41 41 41 41 41 41 41 41 41 41 41 41 41 44 44 44 44 45 45 45 45 45 45 45 45 45 45 45 45 45 45 45 45 45 45 45 45 45 45 45 45 45 45 47 47 47 49 49 49 55 55 55 56 56 56 57 58 58 59 59 59 59 60 60 60 60 60 64 64 64 65 65 65 66 66 66 67 67 67 67 69 69 69 70 70 
94 195 196 197 161 162 163 87 88 89 12 13 10 11 104 105 185 186 187 66 67 30 31 32 33 79 80 81 82 83 21 22 23 24 47 48 49 74 75 76 77 78 95 96 97 98 99 34 35 36 128 129 130 131 198 199 158 159 160 179 180 181 90 91 92 93 19 20 168 169 177 178 171 172 37 38 39 40 41 25 26 27 28 29 182 183 184 7 8 9 62 63 64 65 0 42 43 44 45 46 136 137 138 139 14 15 191 192 193 194 140 141 142 143 144 145 146 147 148 149 150 151 152 153 154 155 156 157 50 51 52 53 173 174 175 176 100 101 102 103 110 111 112 113 114 115 116 117 118 119 120 121 122 123 124 125 126 127 56 57 58 4 5 6 188 189 190 170 68 69 167 72 73 132 133 134 135 70 71 59 60 61 84 85 86 16 17 18 164 165 166 106 107 108 109 1 2 3 54 55 
709 413 413 413 520 520 520 888 888 888 721 721 721 721 922 922 415 415 415 779 779 612 612 612 612 626 626 626 626 626 612 612 612 612 291 291 291 765 765 765 765 765 808 808 808 808 808 291 291 291 536 536 536 536 830 830 718 718 718 920 920 920 660 660 660 660 779 779 350 350 741 741 196 196 765 765 765 765 765 626 626 626 626 626 179 179 179 888 888 888 660 660 660 660 709 808 808 808 808 808 699 699 699 699 922 922 497 497 497 497 896 896 896 896 896 896 896 896 896 896 896 896 896 896 896 896 896 896 536 536 536 536 744 744 744 744 699 699 699 699 896 896 896 896 896 896 896 896 896 896 896 896 896 896 896 896 896 896 718 718 718 520 520 520 910 910 910 181 350 350 181 196 196 744 744 744 744 741 741 920 920 920 179 179 179 415 415 415 910 910 910 497 497 497 497 413 413 413 830 830 
0 1 2 3 4 5 6 7 8 9 10 11 10 11 12 13 14 15 16 17 18 19 20 21 22 23 24 25 26 27 19 20 21 22 28 29 30 31 32 33 34 35 36 37 38 39 40 28 29 30 41 42 43 44 45 46 47 48 49 50 51 52 53 54 55 56 17 18 57 58 59 60 61 62 31 32 33 34 35 23 24 25 26 27 63 64 65 7 8 9 53 54 55 56 0 36 37 38 39 40 66 67 68 69 12 13 70 71 72 73 74 75 76 77 78 79 80 81 82 83 84 85 86 87 88 89 90 91 41 42 43 44 92 93 94 95 66 67 68 69 74 75 76 77 78 79 80 81 82 83 84 85 86 87 88 89 90 91 47 48 49 4 5 6 96 97 98 99 57 58 99 61 62 92 93 94 95 59 60 50 51 52 63 64 65 14 15 16 96 97 98 70 71 72 73 1 2 3 45 46 
67845
30
4 2 3 3 2 4 5 2 3 0 1 2 2 2 5 2 4 3 3 3 4 4 0 3 1 3 4 5 3 18 
26 10 55 10 21 20 15 12 16 26 56 6 26 26 18 26 45 22 23 31 40 13 36 5 1 2 37 16 3 41 
33 38 66 65 70 44 31 26 19 65 57 8 56 60 37 58 59 47 60 64 67 15 67 32 34 69 45 30 49 45 
660 922 910 415 830 536 626 779 291 258 181 721 350 741 808 196 744 718 920 179 497 612 545 888 709 413 699 765 520 896 
24 25 25 25 28 28 28 23 23 23 11 11 11 11 1 1 3 3 3 7 7 21 21 21 21 6 6 6 6 6 21 21 21 21 8 8 8 27 27 27 27 27 14 14 14 14 14 8 8 8 5 5 5 5 4 4 17 17 17 18 18 18 0 0 0 0 7 7 12 12 13 13 15 15 27 27 27 27 27 6 6 6 6 6 19 19 19 23 23 23 0 0 0 0 24 14 14 14 14 14 26 26 26 26 1 1 20 20 20 20 29 29 29 29 29 29 29 29 29 29 29 29 29 29 29 29 29 29 5 5 5 5 16 16 16 16 26 26 26 26 29 29 29 29 29 29 29 29 29 29 29 29 29 29 29 29 29 29 17 17 17 28 28 28 2 2 2 10 12 12 10 15 15 16 16 16 16 13 13 18 18 18 19 19 19 3 3 3 2 2 2 20 20 20 20 25 25 25 4 4 