314
100
2
1 1 1 5 5 6 6 6 6 6 6 6 6 7 7 7 7 7 7 7 9 9 9 9 9 9 9 10 11 11 11 11 13 13 13 13 13 15 15 15 15 15 16 16 20 20 20 20 20 20 20 20 20 20 20 20 20 20 20 20 20 20 20 20 20 20 20 20 20 20 20 20 22 22 22 22 22 22 23 23 23 23 24 24 24 24 25 25 25 25 25 31 31 31 32 32 32 32 32 35 35 35 36 38 38 38 38 38 38 39 39 39 39 39 40 40 40 40 40 40 40 40 40 40 40 40 40 40 40 40 40 41 41 41 41 44 48 49 49 49 49 49 49 49 49 52 52 52 52 52 53 53 53 57 57 57 57 57 57 57 57 58 58 58 58 58 58 59 59 59 59 59 59 59 59 59 59 63 63 63 63 63 63 63 63 63 64 66 66 66 66 66 66 67 67 67 67 67 67 69 
137 138 139 159 160 44 45 46 47 48 49 50 102 20 21 22 23 24 25 26 13 14 15 16 17 18 19 189 82 83 84 85 193 194 99 100 101 140 141 142 143 144 78 79 5 6 7 8 9 10 11 195 196 197 198 114 115 116 117 118 119 120 121 122 123 124 125 126 127 128 129 130 103 104 105 106 107 108 42 43 187 188 28 29 30 31 109 110 111 112 113 150 151 152 145 146 147 148 149 34 35 36 12 72 73 74 75 76 77 86 87 88 89 90 55 56 57 58 59 60 61 62 63 64 65 66 67 68 69 70 71 173 174 175 176 186 199 0 1 2 37 38 39 40 41 94 95 96 97 98 91 92 93 161 162 163 164 165 166 3 4 153 154 155 156 157 158 177 178 179 180 181 182 131 132 133 134 167 168 169 170 171 172 190 191 192 135 80 81 27 183 184 185 32 33 51 52 53 54 136 
983 983 983 635 635 437 437 437 437 437 437 437 467 846 846 846 846 846 846 846 846 846 846 846 846 846 846 972 358 358 358 358 290 290 326 326 326 518 518 518 518 518 543 543 437 437 437 437 437 437 437 750 750 750 750 157 157 157 157 157 157 157 157 157 157 157 157 157 157 157 157 157 157 157 157 157 157 157 543 543 915 915 358 358 358 358 561 561 561 561 561 422 422 422 839 839 839 839 839 326 326 326 467 157 157 157 157 157 157 561 561 561 561 561 157 157 157 157 157 157 157 157 157 157 157 157 157 157 157 157 157 881 881 881 881 373 803 983 983 983 518 518 518 518 518 839 839 839 839 839 422 422 422 966 966 966 966 966 966 635 635 966 966 966 966 966 966 881 881 881 881 881 881 881 881 881 881 881 881 881 881 881 881 854 854 854 373 915 915 972 854 854 854 290 290 750 750 750 750 803 
0 1 2 3 4 5 6 7 8 9 10 11 12 13 14 15 16 17 18 19 13 14 15 16 17 18 19 20 21 22 23 24 25 26 27 28 29 30 31 32 33 34 35 36 5 6 7 8 9 10 11 37 38 39 40 41 42 43 44 45 46 47 48 49 50 51 52 53 54 55 56 57 58 59 60 61 62 63 35 36 64 65 21 22 23 24 66 67 68 69 70 71 72 73 74 75 76 77 78 27 28 29 12 58 59 60 61 62 63 66 67 68 69 70 41 42 43 44 45 46 47 48 49 50 51 52 53 54 55 56 57 79 80 81 82 83 84 0 1 2 30 31 32 33 34 74 75 76 77 78 71 72 73 85 86 87 88 89 90 3 4 85 86 87 88 89 90 91 92 93 94 95 96 79 80 81 82 91 92 93 94 95 96 97 98 99 83 64 65 20 97 98 99 25 26 37 38 39 40 84 
56356
24
2 6 5 2 7 1 7 4 1 6 3 2 4 3 5 2 3 5 6 1 3 4 1 17 
16 22 32 13 6 48 7 11 44 57 1 23 20 13 25 5 31 15 59 10 63 41 6 20 
23 38 52 67 20 69 9 24 64 58 49 66 67 35 39 57 53 49 63 66 66 59 36 40 
543 157 839 290 437 803 846 358 373 966 983 915 750 326 561 635 422 518 881 972 854 881 467 157 
10 10 10 15 15 4 4 4 4 4 4 4 22 6 6 6 6 6 6 6 6 6 6 6 6 6 6 19 7 7 7 7 3 3 13 13 13 17 17 17 17 17 0 0 4 4 4 4 4 4 4 12 12 12 12 23 23 23 23 23 23 23 23 23 23 23 23 23 23 23 23 23 1 1 1 1 1 1 0 0 11 11 7 7 7 7 14 14 14 14 14 16 16 16 2 2 2 2 2 13 13 13 22 1 1 1 1 1 1 14 14 14 14 14 23 23 23 23 23 23 23 23 23 23 23 23 23 23 23 23 23 21 21 21 21 8 5 10 10 10 17 17 17 17 17 2 2 2 2 2 16 16 16 9 9 9 9 9 9 15 15 9 9 9 9 9 9 18 18 18 18 18 18 21 21 21 21 18 18 18 18 18 18 20 20 20 8 11 11 19 20 20 20 3 3 12 12 12 12 5 