696
100
2
1 1 1 1 1 3 3 3 3 3 3 3 3 3 3 3 3 3 3 4 4 4 4 4 4 4 4 7 7 7 14 14 14 14 14 14 14 14 17 17 17 17 21 21 21 21 21 21 21 21 21 21 21 21 21 21 21 21 21 21 21 22 22 22 22 22 22 22 22 28 28 28 28 28 28 28 28 29 29 29 29 29 29 29 29 36 36 36 38 38 38 38 38 38 38 38 38 38 38 38 38 38 39 39 39 39 47 47 47 47 47 47 47 47 47 47 47 47 47 47 47 47 47 47 47 47 47 47 47 47 47 47 47 47 47 47 47 47 50 50 50 50 50 50 50 50 50 50 50 50 50 50 50 53 53 53 53 53 53 53 53 61 61 61 61 61 61 61 61 61 61 61 61 61 61 61 66 66 66 67 67 67 67 67 67 67 67 67 67 67 67 67 67 67 67 67 67 67 67 67 
19 20 21 22 23 88 89 90 91 92 93 94 95 96 97 98 99 100 101 0 1 2 3 4 176 177 178 85 86 87 153 154 155 156 157 158 159 160 102 103 104 105 106 107 108 109 110 111 112 113 114 115 116 77 78 79 80 81 82 83 84 69 70 71 72 73 74 75 76 61 62 63 64 65 66 67 68 53 54 55 56 57 58 59 60 27 28 29 5 6 7 8 9 10 11 12 13 14 15 16 17 18 38 39 40 41 42 43 44 45 46 47 48 49 50 51 52 179 180 181 182 183 184 185 186 187 188 189 190 191 192 193 194 195 196 197 198 199 161 162 163 164 165 166 167 168 169 170 171 172 173 174 175 30 31 32 33 34 35 36 37 138 139 140 141 142 143 144 145 146 147 148 149 150 151 152 24 25 26 117 118 119 120 121 122 123 124 125 126 127 128 129 130 131 132 133 134 135 136 137 
289 289 289 289 289 558 558 558 558 558 558 558 558 558 558 558 558 558 558 289 289 289 289 289 387 387 387 932 932 932 254 254 254 254 254 254 254 254 229 229 229 229 366 366 366 366 366 366 366 366 366 366 366 681 681 681 681 681 681 681 681 402 402 402 402 402 402 402 402 402 402 402 402 402 402 402 402 681 681 681 681 681 681 681 681 932 932 932 558 558 558 558 558 558 558 558 558 558 558 558 558 558 229 229 229 229 366 366 366 366 366 366 366 366 366 366 366 647 647 647 647 647 647 647 647 647 647 647 647 647 647 647 647 647 647 647 647 647 644 644 644 644 644 644 644 644 644 644 644 644 644 644 644 254 254 254 254 254 254 254 254 644 644 644 644 644 644 644 644 644 644 644 644 644 644 644 387 387 387 647 647 647 647 647 647 647 647 647 647 647 647 647 647 647 647 647 647 647 647 647 
0 1 2 3 4 5 6 7 8 9 10 11 12 13 14 15 16 17 18 0 1 2 3 4 19 20 21 22 23 24 25 26 27 28 29 30 31 32 33 34 35 36 37 38 39 40 41 42 43 44 45 46 47 48 49 50 51 52 53 54 55 56 57 58 59 60 61 62 63 56 57 58 59 60 61 62 63 48 49 50 51 52 53 54 55 22 23 24 5 6 7 8 9 10 11 12 13 14 15 16 17 18 33 34 35 36 37 38 39 40 41 42 43 44 45 46 47 64 65 66 67 68 69 70 71 72 73 74 75 76 77 78 79 80 81 82 83 84 85 86 87 88 89 90 91 92 93 94 95 96 97 98 99 25 26 27 28 29 30 31 32 85 86 87 88 89 90 91 92 93 94 95 96 97 98 99 19 20 21 64 65 66 67 68 69 70 71 72 73 74 75 76 77 78 79 80 81 82 83 84 
52099
11
11 4 5 8 14 8 15 3 8 3 21 
21 17 1 14 3 22 50 7 21 4 47 
47 39 4 53 38 28 61 36 29 66 67 
366 229 289 254 558 402 644 932 681 387 647 
2 2 2 2 2 4 4 4 4 4 4 4 4 4 4 4 4 4 4 2 2 2 2 2 9 9 9 7 7 7 3 3 3 3 3 3 3 3 1 1 1 1 0 0 0 0 0 0 0 0 0 0 0 8 8 8 8 8 8 8 8 5 5 5 5 5 5 5 5 5 5 5 5 5 5 5 5 8 8 8 8 8 8 8 8 7 7 7 4 4 4 4 4 4 4 4 4 4 4 4 4 4 1 1 1 1 0 0 0 0 0 0 0 0 0 0 0 10 10 10 10 10 10 10 10 10 10 10 10 10 10 10 10 10 10 10 10 10 6 6 6 6 6 6 6 6 6 6 6 6 6 6 6 3 3 3 3 3 3 3 3 6 6 6 6 6 6 6 6 6 6 6 6 6 6 6 9 9 9 10 10 10 10 10 10 10 10 10 10 10 10 10 10 10 10 10 10 10 10 10 