810
100
2
1 1 4 4 4 6 6 6 6 6 6 6 6 6 7 7 7 7 7 7 7 7 14 14 14 14 15 15 15 15 15 15 18 18 18 21 21 21 21 25 25 25 25 25 25 25 25 25 25 25 25 25 25 25 25 25 26 26 26 26 28 31 31 31 31 31 31 34 34 34 34 34 35 35 37 37 37 39 39 39 39 39 39 39 39 40 40 40 40 40 40 40 40 40 40 40 41 41 41 41 41 41 41 41 41 41 41 41 41 41 44 44 44 44 44 44 46 46 47 47 47 47 47 47 47 47 47 47 47 50 50 50 50 50 50 50 50 50 50 50 51 52 52 52 52 52 52 52 52 52 52 52 52 52 53 53 54 54 54 54 54 54 54 54 54 54 54 54 57 57 57 57 57 58 58 58 58 58 58 60 60 60 60 60 60 60 60 60 60 60 61 61 64 64 67 67 67 67 69 69 
147 148 137 138 139 156 157 158 159 160 161 19 20 21 135 136 39 40 41 11 12 13 35 36 37 38 123 124 125 126 127 128 74 198 199 22 23 24 25 16 17 18 96 97 98 99 100 101 102 103 104 105 106 107 108 109 194 195 196 197 140 154 155 81 82 83 84 185 186 187 188 189 116 117 32 166 167 162 163 164 165 63 64 65 66 129 130 131 132 133 134 118 119 120 121 122 42 43 44 45 46 47 48 49 50 51 52 53 54 55 173 174 175 176 177 178 72 73 91 92 93 94 95 26 27 28 29 30 31 85 86 87 88 89 90 14 15 2 3 4 60 179 180 181 182 183 184 0 1 168 169 170 171 172 61 62 5 6 7 8 9 10 77 78 79 80 75 76 149 150 151 152 153 110 111 112 113 114 115 141 142 143 144 145 146 67 68 69 70 71 192 193 190 191 56 57 58 59 33 34 
985 985 234 234 234 475 475 475 475 475 475 800 800 800 170 170 420 420 420 800 800 800 964 964 964 964 876 876 876 876 876 876 590 220 220 964 964 964 964 420 420 420 307 307 307 307 307 307 307 307 307 307 307 307 307 307 838 838 838 838 526 953 953 329 329 329 329 819 819 819 819 819 194 194 590 874 874 862 862 862 862 329 329 329 329 325 325 325 325 325 325 806 806 806 262 262 307 307 307 307 307 307 307 307 307 307 307 307 307 307 173 173 173 173 173 173 194 194 806 806 806 262 262 876 876 876 876 876 876 325 325 325 325 325 325 170 170 234 234 234 526 871 871 871 871 871 871 985 985 991 991 991 991 991 953 953 475 475 475 475 475 475 862 862 862 862 874 874 991 991 991 991 991 173 173 173 173 173 173 871 871 871 871 871 871 819 819 819 819 819 867 867 867 867 838 838 838 838 220 220 
0 1 2 3 4 5 6 7 8 9 10 11 12 13 14 15 16 17 18 11 12 13 19 20 21 22 23 24 25 26 27 28 29 30 31 19 20 21 22 16 17 18 32 33 34 35 36 37 38 39 40 41 42 43 44 45 46 47 48 49 50 51 52 53 54 55 56 57 58 59 60 61 62 63 29 64 65 66 67 68 69 53 54 55 56 70 71 72 73 74 75 76 77 78 79 80 32 33 34 35 36 37 38 39 40 41 42 43 44 45 81 82 83 84 85 86 62 63 76 77 78 79 80 23 24 25 26 27 28 70 71 72 73 74 75 14 15 2 3 4 50 87 88 89 90 91 92 0 1 93 94 95 96 97 51 52 5 6 7 8 9 10 66 67 68 69 64 65 93 94 95 96 97 81 82 83 84 85 86 87 88 89 90 91 92 57 58 59 60 61 98 99 98 99 46 47 48 49 30 31 
58586
26
6 2 6 2 3 2 4 3 6 4 6 2 1 2 1 2 2 3 6 5 4 5 2 4 3 14 
40 7 44 31 40 40 14 4 6 39 52 1 18 35 28 18 61 7 15 34 26 52 37 31 6 25 
50 50 58 53 47 47 21 50 54 54 60 52 37 46 51 69 64 25 47 60 67 57 54 39 7 41 
325 170 173 953 806 262 964 234 475 862 871 985 590 194 526 220 867 420 876 819 838 991 874 329 800 307 
11 11 7 7 7 8 8 8 8 8 8 24 24 24 1 1 17 17 17 24 24 24 6 6 6 6 18 18 18 18 18 18 12 15 15 6 6 6 6 17 17 17 25 25 25 25 25 25 25 25 25 25 25 25 25 25 20 20 20 20 14 3 3 23 23 23 23 19 19 19 19 19 13 13 12 22 22 9 9 9 9 23 23 23 23 0 0 0 0 0 0 4 4 4 5 5 25 25 25 25 25 25 25 25 25 25 25 25 25 25 2 2 2 2 2 2 13 13 4 4 4 5 5 18 18 18 18 18 18 0 0 0 0 0 0 1 1 7 7 7 14 10 10 10 10 10 10 11 11 21 21 21 21 21 3 3 8 8 8 8 8 8 9 9 9 9 22 22 21 21 21 21 21 2 2 2 2 2 2 10 10 10 10 10 10 19 19 19 19 19 16 16 16 16 20 20 20 20 15 15 