4
100
2
2 2 2 2 2 2 6 6 6 6 8 8 8 8 8 8 8 8 8 8 9 14 14 14 14 15 15 15 15 16 18 31 31 31 31 31 31 31 36 36 36 36 36 36 36 36 36 36 36 36 36 36 36 36 36 36 36 36 36 36 36 38 38 41 41 41 43 43 43 43 43 43 44 44 44 44 45 45 45 45 45 47 47 47 47 47 47 47 47 50 50 50 50 50 50 53 53 53 53 53 53 55 55 55 55 55 55 55 55 55 55 55 55 55 56 56 56 56 56 56 56 56 56 57 57 57 57 57 57 58 58 58 58 58 58 58 58 60 60 60 60 60 60 60 60 61 61 61 62 63 63 63 63 64 64 64 64 64 64 64 64 65 65 65 65 65 65 65 65 65 65 65 65 65 67 67 67 67 67 67 67 67 67 67 67 67 67 67 67 67 67 67 67 67 70 70 70 70 70 70 
182 183 184 185 186 187 16 17 18 19 66 67 68 69 70 71 6 7 8 9 29 149 150 151 152 72 73 74 75 20 148 76 77 78 79 80 61 62 81 82 83 84 85 86 87 88 121 122 161 162 163 164 165 166 167 168 169 170 171 172 173 36 37 145 146 147 10 11 12 13 14 15 25 26 27 28 31 32 33 34 35 38 39 40 41 42 43 44 45 101 102 103 104 105 106 194 195 196 197 198 199 89 90 91 92 93 94 114 115 116 117 118 119 120 107 108 109 110 111 112 113 46 47 188 189 190 191 192 193 153 154 155 156 157 158 159 160 174 175 176 177 178 179 180 181 63 64 65 30 21 22 23 24 129 130 131 132 133 134 135 136 48 49 50 51 52 53 54 55 56 57 58 59 60 137 138 139 140 141 142 143 144 0 1 2 3 4 5 123 124 125 126 127 128 95 96 97 98 99 100 
180 180 180 180 180 180 947 947 947 947 835 835 835 835 835 835 947 947 947 947 714 363 363 363 363 586 586 586 586 714 910 178 178 178 178 178 682 682 343 343 343 343 343 343 343 343 405 405 444 444 444 444 444 444 444 444 444 444 444 444 444 682 682 252 252 252 835 835 835 835 835 835 586 586 586 586 178 178 178 178 178 343 343 343 343 343 343 343 343 254 254 254 254 254 254 160 160 160 160 160 160 254 254 254 254 254 254 470 470 470 470 470 470 470 470 470 470 470 470 470 470 405 405 866 866 866 866 866 866 175 175 175 175 175 175 175 175 315 315 315 315 315 315 315 315 252 252 252 910 363 363 363 363 175 175 175 175 175 175 175 175 444 444 444 444 444 444 444 444 444 444 444 444 444 315 315 315 315 315 315 315 315 180 180 180 180 180 180 866 866 866 866 866 866 160 160 160 160 160 160 
0 1 2 3 4 5 6 7 8 9 10 11 12 13 14 15 6 7 8 9 16 17 18 19 20 21 22 23 24 16 25 26 27 28 29 30 31 32 33 34 35 36 37 38 39 40 41 42 43 44 45 46 47 48 49 50 51 52 53 54 55 31 32 56 57 58 10 11 12 13 14 15 21 22 23 24 26 27 28 29 30 33 34 35 36 37 38 39 40 59 60 61 62 63 64 65 66 67 68 69 70 59 60 61 62 63 64 71 72 73 74 75 76 77 71 72 73 74 75 76 77 41 42 78 79 80 81 82 83 84 85 86 87 88 89 90 91 92 93 94 95 96 97 98 99 56 57 58 25 17 18 19 20 84 85 86 87 88 89 90 91 43 44 45 46 47 48 49 50 51 52 53 54 55 92 93 94 95 96 97 98 99 0 1 2 3 4 5 78 79 80 81 82 83 65 66 67 68 69 70 
42524
19
6 8 1 5 8 6 6 4 3 2 8 7 1 4 6 6 2 4 13 
53 58 18 31 60 50 8 15 41 31 36 55 9 6 2 57 36 14 36 
70 64 62 45 67 55 43 44 61 38 47 56 16 8 67 67 56 63 65 
160 175 910 178 315 254 835 586 252 682 343 470 714 947 180 866 405 363 444 
14 14 14 14 14 14 13 13 13 13 6 6 6 6 6 6 13 13 13 13 12 17 17 17 17 7 7 7 7 12 2 3 3 3 3 3 9 9 10 10 10 10 10 10 10 10 16 16 18 18 18 18 18 18 18 18 18 18 18 18 18 9 9 8 8 8 6 6 6 6 6 6 7 7 7 7 3 3 3 3 3 10 10 10 10 10 10 10 10 5 5 5 5 5 5 0 0 0 0 0 0 5 5 5 5 5 5 11 11 11 11 11 11 11 11 11 11 11 11 11 11 16 16 15 15 15 15 15 15 1 1 1 1 1 1 1 1 4 4 4 4 4 4 4 4 8 8 8 2 17 17 17 17 1 1 1 1 1 1 1 1 18 18 18 18 18 18 18 18 18 18 18 18 18 4 4 4 4 4 4 4 4 14 14 14 14 14 14 15 15 15 15 15 15 0 0 0 0 0 0 