402
100
2
2 2 2 2 10 10 10 10 10 10 11 11 11 11 11 11 11 11 11 11 11 11 16 16 16 16 16 16 16 16 16 18 18 18 18 18 18 18 20 20 20 20 20 20 22 22 22 22 23 23 23 23 23 23 23 23 23 23 23 25 25 25 25 25 25 25 25 28 28 28 28 28 28 30 30 30 30 30 30 30 30 32 32 32 32 32 32 32 34 34 34 34 35 35 35 36 36 40 40 40 40 40 45 45 45 45 45 45 49 49 49 49 49 49 49 49 50 50 50 50 50 51 51 51 51 51 51 51 51 51 51 51 51 51 51 51 51 51 51 51 51 51 51 51 52 55 55 55 55 55 55 55 55 55 57 57 57 59 59 59 59 59 59 61 61 63 63 63 63 63 63 63 63 63 66 66 66 66 66 66 66 66 66 66 66 66 66 66 66 66 66 66 66 66 66 66 66 66 66 66 
88 89 90 91 157 158 159 160 161 162 73 74 75 76 77 78 79 80 179 180 181 182 165 166 167 168 169 170 171 172 173 81 82 83 84 85 86 87 48 49 44 45 46 47 40 41 42 43 38 39 145 146 147 148 149 150 151 152 153 108 109 110 111 112 113 114 115 116 117 118 119 120 144 10 11 12 13 14 15 16 17 31 32 33 34 35 36 37 0 1 2 3 154 155 156 163 164 174 175 176 177 178 121 122 123 124 125 126 59 60 61 62 63 64 65 66 67 68 69 70 71 102 103 104 105 106 107 183 184 185 186 187 188 189 190 191 192 193 194 195 196 197 198 199 72 50 51 52 53 54 55 56 57 58 92 93 94 4 5 6 7 8 9 95 96 22 23 24 25 26 27 28 29 30 97 98 99 100 101 18 19 20 21 127 128 129 130 131 132 133 134 135 136 137 138 139 140 141 142 143 
490 490 490 490 921 921 921 921 921 921 754 754 754 754 754 754 754 754 321 321 321 321 706 706 706 706 706 706 706 706 706 805 805 805 805 805 805 805 491 491 778 778 778 778 778 778 778 778 491 491 359 359 359 359 359 359 359 359 359 644 644 644 644 644 644 644 644 255 255 255 255 255 677 754 754 754 754 754 754 754 754 805 805 805 805 805 805 805 490 490 490 490 798 798 798 513 513 496 496 496 496 496 749 749 749 749 749 749 644 644 644 644 644 644 644 644 255 255 255 255 255 749 749 749 749 749 749 912 912 912 912 912 912 912 912 912 912 912 912 912 912 912 912 912 677 359 359 359 359 359 359 359 359 359 798 798 798 921 921 921 921 921 921 513 513 706 706 706 706 706 706 706 706 706 496 496 496 496 496 321 321 321 321 912 912 912 912 912 912 912 912 912 912 912 912 912 912 912 912 912 
0 1 2 3 4 5 6 7 8 9 10 11 12 13 14 15 16 17 18 19 20 21 22 23 24 25 26 27 28 29 30 31 32 33 34 35 36 37 38 39 40 41 42 43 40 41 42 43 38 39 44 45 46 47 48 49 50 51 52 53 54 55 56 57 58 59 60 61 62 63 64 65 66 10 11 12 13 14 15 16 17 31 32 33 34 35 36 37 0 1 2 3 67 68 69 70 71 72 73 74 75 76 77 78 79 80 81 82 53 54 55 56 57 58 59 60 61 62 63 64 65 77 78 79 80 81 82 83 84 85 86 87 88 89 90 91 92 93 94 95 96 97 98 99 66 44 45 46 47 48 49 50 51 52 67 68 69 4 5 6 7 8 9 70 71 22 23 24 25 26 27 28 29 30 72 73 74 75 76 18 19 20 21 83 84 85 86 87 88 89 90 91 92 93 94 95 96 97 98 99 
67118
17
2 8 4 8 6 5 2 9 6 4 5 7 1 9 3 4 17 
36 25 2 11 10 40 20 23 45 20 28 18 28 16 35 11 51 
61 49 34 30 59 66 23 55 51 22 50 32 52 63 57 66 66 
513 644 490 754 921 496 491 359 749 778 255 805 677 706 798 321 912 
2 2 2 2 4 4 4 4 4 4 3 3 3 3 3 3 3 3 15 15 15 15 13 13 13 13 13 13 13 13 13 11 11 11 11 11 11 11 6 6 9 9 9 9 9 9 9 9 6 6 7 7 7 7 7 7 7 7 7 1 1 1 1 1 1 1 1 10 10 10 10 10 12 3 3 3 3 3 3 3 3 11 11 11 11 11 11 11 2 2 2 2 14 14 14 0 0 5 5 5 5 5 8 8 8 8 8 8 1 1 1 1 1 1 1 1 10 10 10 10 10 8 8 8 8 8 8 16 16 16 16 16 16 16 16 16 16 16 16 16 16 16 16 16 12 7 7 7 7 7 7 7 7 7 14 14 14 4 4 4 4 4 4 0 0 13 13 13 13 13 13 13 13 13 5 5 5 5 5 15 15 15 15 16 16 16 16 16 16 16 16 16 16 16 16 16 16 16 16 16 