237
100
2
1 1 1 1 1 1 1 1 2 2 2 2 2 2 3 5 5 5 5 5 5 5 5 6 8 8 8 8 8 8 15 15 15 15 15 15 15 15 20 24 24 24 24 24 24 24 24 24 24 26 26 26 26 26 26 26 26 26 26 26 27 27 29 29 29 29 30 30 30 30 30 30 30 30 30 30 30 33 33 33 33 33 33 33 33 33 33 33 33 33 34 34 34 34 34 34 37 37 41 41 41 41 41 41 41 41 41 42 42 43 43 43 43 43 43 43 43 43 45 45 45 45 45 45 45 46 46 46 46 46 46 46 46 46 46 46 46 47 47 47 47 47 47 47 47 47 47 47 47 47 47 49 49 50 50 50 50 51 51 51 51 51 52 53 53 57 57 57 57 57 57 59 59 59 59 59 59 60 60 62 62 62 62 62 63 63 63 63 63 63 64 64 64 64 65 65 65 65 65 69 
60 61 3 2 5 4 7 6 30 31 32 33 34 35 23 151 152 163 164 103 104 105 106 14 165 166 167 168 169 170 8 9 10 11 12 13 96 97 137 184 185 186 187 188 189 190 191 192 193 171 172 173 174 175 176 179 180 181 182 183 0 1 107 108 177 178 109 110 111 112 113 90 91 92 93 94 95 138 139 140 141 142 143 144 145 146 147 148 149 150 71 72 73 74 75 76 36 37 157 158 159 160 161 19 20 21 22 62 63 66 67 68 69 70 153 154 155 156 125 126 127 128 129 130 131 118 119 120 121 122 123 124 194 195 196 197 198 38 77 78 79 80 81 82 83 84 85 86 87 88 89 15 16 114 115 116 117 98 99 100 101 102 199 17 18 24 25 26 27 28 29 49 50 51 52 53 54 64 65 55 56 57 58 59 39 40 41 42 43 44 45 46 47 48 132 133 134 135 136 162 
917 917 182 182 182 182 182 182 162 162 162 162 162 162 595 230 230 727 727 160 160 160 160 595 470 470 470 470 470 470 162 162 162 162 162 162 885 885 653 732 732 732 732 732 732 561 561 561 561 665 665 665 665 665 665 816 816 816 816 816 917 917 836 836 662 662 292 292 292 292 292 274 274 274 274 274 274 358 358 358 358 358 358 358 358 358 358 358 358 358 274 274 274 274 274 274 885 885 855 855 855 855 855 160 160 160 160 836 836 292 292 292 292 292 670 670 670 670 928 928 928 928 928 928 928 928 928 928 928 928 928 928 447 447 447 447 447 653 358 358 358 358 358 358 358 358 358 358 358 358 358 230 230 670 670 670 670 855 855 855 855 855 896 727 727 470 470 470 470 470 470 665 665 665 665 665 665 662 662 816 816 816 816 816 732 732 732 732 732 732 561 561 561 561 447 447 447 447 447 896 
0 1 2 2 3 3 4 4 5 6 7 8 9 10 11 12 13 14 15 16 17 18 19 11 20 21 22 23 24 25 5 6 7 8 9 10 26 27 28 29 30 31 32 33 34 35 36 37 38 39 40 41 42 43 44 45 46 47 48 49 0 1 50 51 52 53 54 55 56 57 58 59 60 61 62 63 64 65 66 67 68 69 70 71 72 73 74 75 76 77 59 60 61 62 63 64 26 27 78 79 80 81 82 16 17 18 19 50 51 54 55 56 57 58 83 84 85 86 87 88 89 90 91 92 93 87 88 89 90 91 92 93 94 95 96 97 98 28 65 66 67 68 69 70 71 72 73 74 75 76 77 12 13 83 84 85 86 78 79 80 81 82 99 14 15 20 21 22 23 24 25 39 40 41 42 43 44 52 53 45 46 47 48 49 29 30 31 32 33 34 35 36 37 38 94 95 96 97 98 99 
53786
24
7 6 1 6 5 5 6 5 4 1 2 2 5 2 6 2 1 3 4 2 6 2 4 13 
45 2 3 24 30 41 26 46 24 20 15 1 26 5 30 5 52 1 5 29 8 29 43 33 
46 15 6 63 43 51 59 65 64 47 37 27 62 49 34 53 69 1 41 42 57 60 50 47 
928 162 595 732 292 855 665 447 561 653 885 917 816 230 274 727 896 182 160 836 470 662 670 358 
11 11 17 17 17 17 17 17 1 1 1 1 1 1 2 13 13 15 15 18 18 18 18 2 20 20 20 20 20 20 1 1 1 1 1 1 10 10 9 3 3 3 3 3 3 8 8 8 8 6 6 6 6 6 6 12 12 12 12 12 11 11 19 19 21 21 4 4 4 4 4 14 14 14 14 14 14 23 23 23 23 23 23 23 23 23 23 23 23 23 14 14 14 14 14 14 10 10 5 5 5 5 5 18 18 18 18 19 19 4 4 4 4 4 22 22 22 22 0 0 0 0 0 0 0 0 0 0 0 0 0 0 7 7 7 7 7 9 23 23 23 23 23 23 23 23 23 23 23 23 23 13 13 22 22 22 22 5 5 5 5 5 16 15 15 20 20 20 20 20 20 6 6 6 6 6 6 21 21 12 12 12 12 12 3 3 3 3 3 3 8 8 8 8 7 7 7 7 7 16 