193
100
2
1 1 1 1 1 1 1 1 1 2 2 2 2 4 4 4 4 4 4 4 4 4 4 4 4 4 4 4 6 6 6 6 8 8 8 9 11 11 11 11 11 11 12 13 13 13 13 15 15 15 15 15 15 15 15 15 15 15 15 16 16 16 16 18 18 18 18 18 20 20 20 20 20 20 20 20 20 20 20 22 22 22 22 25 25 25 27 27 27 27 27 29 29 29 30 30 30 32 32 32 32 32 32 32 32 32 32 35 35 35 35 35 35 37 37 37 37 37 37 37 37 37 37 37 37 37 37 37 38 38 38 39 40 40 42 42 42 42 48 48 48 48 48 50 50 50 50 50 52 52 52 55 55 55 55 55 55 57 57 57 57 57 57 58 58 58 58 59 59 59 59 60 60 60 60 60 60 60 61 62 62 62 62 62 62 63 63 63 63 63 63 64 65 65 65 65 65 65 70 70 
143 144 145 146 147 47 48 49 50 79 80 81 82 113 114 115 116 117 118 119 120 121 122 123 124 125 126 127 63 64 65 131 148 149 150 191 176 177 134 128 129 130 178 97 98 99 100 5 6 7 8 155 156 54 53 163 164 165 166 167 168 169 170 28 29 30 198 199 107 108 109 110 111 112 86 87 88 89 90 9 10 11 12 94 95 96 74 75 76 77 78 135 136 137 83 84 85 43 44 45 46 179 180 181 182 183 184 68 69 70 71 72 73 13 14 15 16 17 18 19 20 21 22 23 24 25 26 27 39 40 41 31 161 162 38 91 92 93 171 172 173 174 175 0 1 2 3 4 32 33 34 157 158 159 160 51 52 151 152 153 154 132 133 55 56 57 58 59 60 61 62 138 139 140 141 142 36 37 42 101 102 103 104 105 106 192 193 194 195 196 197 35 185 186 187 188 189 190 66 67 
924 924 924 924 924 841 841 841 841 257 257 257 257 595 595 595 595 595 595 595 595 595 595 595 595 595 595 595 908 908 908 631 598 598 598 779 767 767 980 645 645 645 573 548 548 548 548 841 841 841 841 717 717 666 666 627 627 627 627 894 894 894 894 908 908 908 649 649 937 937 937 937 937 937 595 595 595 595 595 257 257 257 257 535 535 535 595 595 595 595 595 185 185 185 535 535 535 548 548 548 548 905 905 905 905 905 905 937 937 937 937 937 937 595 595 595 595 595 595 595 595 595 595 595 595 595 595 595 645 645 645 631 565 565 980 185 185 185 189 189 189 189 189 924 924 924 924 924 598 598 598 641 641 641 641 717 717 641 641 641 641 565 565 627 627 627 627 894 894 894 894 189 189 189 189 189 767 767 573 905 905 905 905 905 905 553 553 553 553 553 553 779 553 553 553 553 553 553 649 649 
0 1 2 3 4 5 6 7 8 9 10 11 12 13 14 15 16 17 18 19 20 21 22 23 24 25 26 27 28 29 30 31 32 33 34 35 36 37 38 39 40 41 42 43 44 45 46 5 6 7 8 47 48 49 49 50 51 52 53 54 55 56 57 28 29 30 58 59 60 61 62 63 64 65 66 67 68 69 70 9 10 11 12 71 72 73 66 67 68 69 70 74 75 76 71 72 73 43 44 45 46 77 78 79 80 81 82 60 61 62 63 64 65 13 14 15 16 17 18 19 20 21 22 23 24 25 26 27 39 40 41 31 83 84 38 74 75 76 85 86 87 88 89 0 1 2 3 4 32 33 34 90 91 92 93 47 48 90 91 92 93 83 84 50 51 52 53 54 55 56 57 85 86 87 88 89 36 37 42 77 78 79 80 81 82 94 95 96 97 98 99 35 94 95 96 97 98 99 58 59 
64705
27
4 6 5 1 4 4 5 4 5 2 1 3 3 3 4 2 3 6 1 6 2 1 1 4 2 3 15 
16 20 1 12 55 2 48 13 20 11 11 29 6 25 1 40 8 32 6 63 15 15 9 15 18 11 4 
59 35 50 61 57 22 60 32 27 60 42 42 18 30 15 57 52 62 39 65 55 15 64 58 70 38 37 
894 937 924 573 641 257 189 548 595 767 980 185 908 535 841 565 598 905 631 553 717 666 779 627 649 645 595 
2 2 2 2 2 14 14 14 14 5 5 5 5 26 26 26 26 26 26 26 26 26 26 26 26 26 26 26 12 12 12 18 16 16 16 22 9 9 10 25 25 25 3 7 7 7 7 14 14 14 14 20 20 21 21 23 23 23 23 0 0 0 0 12 12 12 24 24 1 1 1 1 1 1 8 8 8 8 8 5 5 5 5 13 13 13 8 8 8 8 8 11 11 11 13 13 13 7 7 7 7 17 17 17 17 17 17 1 1 1 1 1 1 26 26 26 26 26 26 26 26 26 26 26 26 26 26 26 25 25 25 18 15 15 10 11 11 11 6 6 6 6 6 2 2 2 2 2 16 16 16 4 4 4 4 20 20 4 4 4 4 15 15 23 23 23 23 0 0 0 0 6 6 6 6 6 9 9 3 17 17 17 17 17 17 19 19 19 19 19 19 22 19 19 19 19 19 19 24 24 