518
100
2
3 3 3 5 9 9 9 9 9 9 11 11 11 11 11 11 12 12 12 12 12 17 17 17 17 17 17 20 20 20 20 20 20 20 23 23 23 23 23 23 23 23 23 24 24 24 24 24 24 25 25 25 25 25 25 25 25 25 25 25 25 26 26 31 31 31 31 31 31 31 31 31 31 31 31 31 31 31 31 31 31 31 31 31 33 33 33 33 33 33 33 36 36 36 36 36 36 36 36 37 37 37 37 37 40 40 40 40 40 40 43 43 43 43 43 43 43 43 43 44 44 44 44 44 44 44 44 44 44 44 47 47 47 47 47 47 47 48 48 48 48 48 48 48 48 48 48 48 48 49 49 49 49 50 50 50 51 51 51 51 51 51 51 51 51 51 54 54 54 56 56 56 56 56 56 56 56 56 57 57 57 57 63 63 68 68 68 68 68 68 68 68 68 68 70 70 70 70 70 70 
163 164 165 118 10 11 12 13 14 15 4 5 6 7 8 9 99 100 101 102 103 104 105 106 107 108 109 84 85 86 87 88 89 90 169 170 171 172 173 174 175 176 177 194 195 196 197 198 199 137 138 139 140 141 156 157 158 159 160 161 162 192 193 182 183 91 92 93 94 95 96 97 98 119 120 121 122 123 124 125 126 127 128 129 27 28 29 30 31 32 33 65 66 67 68 69 70 71 72 16 17 18 19 20 21 22 23 24 25 26 184 185 186 187 188 189 190 191 3 73 74 75 76 77 78 79 80 81 82 83 142 143 144 145 146 147 148 49 50 51 52 53 130 131 132 133 134 135 136 178 179 180 181 166 167 168 54 55 56 57 58 59 60 0 1 2 153 154 155 34 35 36 37 38 39 40 41 42 149 150 151 152 63 64 110 111 112 113 114 115 116 117 61 62 43 44 45 46 47 48 
835 835 835 234 487 487 487 487 487 487 487 487 487 487 487 487 402 402 402 402 402 782 782 782 782 782 782 941 941 941 941 941 941 941 222 222 222 222 222 222 222 222 222 946 946 946 946 946 946 362 362 362 362 362 945 945 945 945 945 945 945 895 895 775 775 987 987 987 987 987 987 987 987 762 762 762 762 762 762 762 762 762 762 762 941 941 941 941 941 941 941 987 987 987 987 987 987 987 987 402 402 402 402 402 782 782 782 782 782 782 154 154 154 154 154 154 154 154 234 762 762 762 762 762 762 762 762 762 762 762 160 160 160 160 160 160 160 362 362 362 362 362 160 160 160 160 160 160 160 820 820 820 820 881 881 881 945 945 945 945 945 945 945 835 835 835 881 881 881 222 222 222 222 222 222 222 222 222 820 820 820 820 775 775 154 154 154 154 154 154 154 154 895 895 946 946 946 946 946 946 
0 1 2 3 4 5 6 7 8 9 4 5 6 7 8 9 10 11 12 13 14 15 16 17 18 19 20 21 22 23 24 25 26 27 28 29 30 31 32 33 34 35 36 37 38 39 40 41 42 43 44 45 46 47 48 49 50 51 52 53 54 55 56 57 58 59 60 61 62 63 64 65 66 67 68 69 70 71 72 73 74 75 76 77 21 22 23 24 25 26 27 59 60 61 62 63 64 65 66 10 11 12 13 14 15 16 17 18 19 20 78 79 80 81 82 83 84 85 3 67 68 69 70 71 72 73 74 75 76 77 86 87 88 89 90 91 92 43 44 45 46 47 86 87 88 89 90 91 92 93 94 95 96 97 98 99 48 49 50 51 52 53 54 0 1 2 97 98 99 28 29 30 31 32 33 34 35 36 93 94 95 96 57 58 78 79 80 81 82 83 84 85 55 56 37 38 39 40 41 42 
62942
18
3 2 6 4 5 6 8 5 8 9 7 1 7 6 7 3 2 11 
50 31 24 49 12 9 31 25 43 23 25 5 20 17 47 3 26 31 
54 63 70 57 37 11 36 48 68 56 51 43 33 40 48 51 68 44 
881 775 946 820 402 487 987 362 154 222 945 234 941 782 160 835 895 762 
15 15 15 11 5 5 5 5 5 5 5 5 5 5 5 5 4 4 4 4 4 13 13 13 13 13 13 12 12 12 12 12 12 12 9 9 9 9 9 9 9 9 9 2 2 2 2 2 2 7 7 7 7 7 10 10 10 10 10 10 10 16 16 1 1 6 6 6 6 6 6 6 6 17 17 17 17 17 17 17 17 17 17 17 12 12 12 12 12 12 12 6 6 6 6 6 6 6 6 4 4 4 4 4 13 13 13 13 13 13 8 8 8 8 8 8 8 8 11 17 17 17 17 17 17 17 17 17 17 17 14 14 14 14 14 14 14 7 7 7 7 7 14 14 14 14 14 14 14 3 3 3 3 0 0 0 10 10 10 10 10 10 10 15 15 15 0 0 0 9 9 9 9 9 9 9 9 9 3 3 3 3 1 1 8 8 8 8 8 8 8 8 16 16 2 2 2 2 2 2 