165
100
2
1 1 1 1 1 3 3 3 3 3 5 5 5 5 5 5 5 5 5 5 5 5 5 5 5 6 6 6 6 6 6 6 6 6 6 6 6 6 6 6 6 6 6 6 6 6 6 6 6 6 7 7 7 7 7 7 7 7 7 13 13 13 13 13 13 13 13 13 18 18 18 20 20 22 22 22 22 22 22 29 29 29 29 29 33 33 33 33 35 35 35 36 36 36 37 37 37 37 37 37 41 41 42 42 42 42 42 42 42 42 43 43 43 43 45 45 45 47 47 47 47 47 47 47 47 47 47 47 49 49 51 51 51 51 51 51 51 51 53 53 53 53 53 53 53 53 53 53 53 53 53 53 55 55 55 55 58 58 58 59 59 59 59 59 59 61 61 61 61 62 62 62 62 62 62 62 62 62 62 62 63 63 63 66 66 66 66 66 66 66 66 67 67 67 67 67 67 67 67 67 
100 101 88 89 90 191 192 193 194 195 11 10 13 12 15 14 79 80 81 82 83 25 26 27 28 21 22 23 24 121 122 123 124 125 126 127 156 157 158 169 170 171 172 173 174 175 176 177 178 179 59 60 61 62 63 64 65 66 67 50 51 52 53 54 55 56 57 58 91 92 93 128 129 159 160 161 162 163 164 16 17 18 19 20 152 153 154 155 2 3 4 68 69 70 138 139 140 141 142 143 0 1 130 131 132 133 134 135 136 137 165 166 167 168 180 181 182 196 197 198 199 29 30 31 32 33 34 35 71 72 102 103 104 105 106 107 108 109 94 95 96 97 98 99 183 184 185 186 187 188 189 190 84 85 86 87 36 37 38 73 74 75 76 77 78 110 111 112 113 39 40 41 42 43 44 45 46 47 48 49 114 115 116 144 145 146 147 148 149 150 151 5 6 7 8 9 117 118 119 120 
601 601 298 298 298 617 617 617 617 617 436 436 436 436 436 436 874 874 874 874 874 244 244 244 244 244 244 244 244 660 660 660 660 660 660 660 956 956 956 283 283 283 283 283 283 283 283 283 283 283 706 706 706 706 706 706 706 706 706 706 706 706 706 706 706 706 706 706 325 325 325 748 748 443 443 443 443 443 443 874 874 874 874 874 413 413 413 413 298 298 298 325 325 325 891 891 891 891 891 891 601 601 945 945 945 945 945 945 945 945 704 704 704 704 745 745 745 421 421 421 421 660 660 660 660 660 660 660 748 748 945 945 945 945 945 945 945 945 891 891 891 891 891 891 863 863 863 863 863 863 863 863 413 413 413 413 956 956 956 443 443 443 443 443 443 704 704 704 704 283 283 283 283 283 283 283 283 283 283 283 745 745 745 863 863 863 863 863 863 863 863 617 617 617 617 617 421 421 421 421 
0 1 2 3 4 5 6 7 8 9 10 10 11 11 12 12 13 14 15 16 17 18 19 20 21 18 19 20 21 22 23 24 25 26 27 28 29 30 31 32 33 34 35 36 37 38 39 40 41 42 43 44 45 46 47 48 49 50 51 43 44 45 46 47 48 49 50 51 52 53 54 55 56 57 58 59 60 61 62 13 14 15 16 17 63 64 65 66 2 3 4 52 53 54 67 68 69 70 71 72 0 1 73 74 75 76 77 78 79 80 81 82 83 84 85 86 87 88 89 90 91 22 23 24 25 26 27 28 55 56 73 74 75 76 77 78 79 80 67 68 69 70 71 72 92 93 94 95 96 97 98 99 63 64 65 66 29 30 31 57 58 59 60 61 62 81 82 83 84 32 33 34 35 36 37 38 39 40 41 42 85 86 87 92 93 94 95 96 97 98 99 5 6 7 8 9 88 89 90 91 
62116
20
4 6 3 3 2 8 3 5 9 4 2 5 4 4 7 3 6 3 8 11 
33 37 5 45 20 53 18 5 7 43 1 3 47 5 6 6 22 1 42 6 
55 53 5 63 49 66 36 29 13 61 41 67 67 6 47 58 59 35 51 62 
413 891 436 745 748 863 325 874 706 704 601 617 421 244 660 956 443 298 945 283 
10 10 17 17 17 11 11 11 11 11 2 2 2 2 2 2 7 7 7 7 7 13 13 13 13 13 13 13 13 14 14 14 14 14 14 14 15 15 15 19 19 19 19 19 19 19 19 19 19 19 8 8 8 8 8 8 8 8 8 8 8 8 8 8 8 8 8 8 6 6 6 4 4 16 16 16 16 16 16 7 7 7 7 7 0 0 0 0 17 17 17 6 6 6 1 1 1 1 1 1 10 10 18 18 18 18 18 18 18 18 9 9 9 9 3 3 3 12 12 12 12 14 14 14 14 14 14 14 4 4 18 18 18 18 18 18 18 18 1 1 1 1 1 1 5 5 5 5 5 5 5 5 0 0 0 0 15 15 15 16 16 16 16 16 16 9 9 9 9 19 19 19 19 19 19 19 19 19 19 19 3 3 3 5 5 5 5 5 5 5 5 11 11 11 11 11 12 12 12 12 