309
100
2
1 1 1 1 1 1 1 4 4 4 5 5 5 5 5 5 7 7 7 7 7 7 7 8 8 8 8 9 9 9 10 10 11 11 12 12 12 13 13 14 14 14 14 14 14 14 15 15 15 16 16 16 16 17 21 21 21 21 21 22 22 25 25 25 25 26 26 26 26 28 28 28 28 31 31 31 31 31 32 32 32 32 34 34 34 34 34 34 34 34 34 34 34 34 34 34 34 34 34 34 34 34 34 40 40 40 41 41 41 41 41 41 41 41 42 42 42 42 43 43 43 43 43 43 43 43 44 44 44 44 44 45 45 45 45 45 45 45 49 49 49 49 49 53 53 55 55 55 55 56 57 57 57 57 57 58 58 58 59 59 60 60 60 60 60 61 61 61 61 61 61 61 61 61 61 61 61 61 61 61 61 61 61 61 61 61 61 65 65 66 66 66 66 66 67 67 67 67 67 68 
124 125 18 19 20 21 22 37 38 148 199 119 120 121 122 123 143 144 2 3 4 5 6 61 62 63 64 106 107 108 131 132 166 167 43 44 45 7 8 78 79 80 81 34 35 36 155 156 157 158 159 187 188 118 109 110 111 112 113 82 83 23 24 25 26 114 115 116 117 70 69 72 71 138 139 140 141 142 39 40 41 42 59 60 168 169 170 171 172 173 174 175 176 177 178 179 180 181 182 183 184 185 186 145 146 147 27 28 29 54 55 56 57 58 65 66 67 68 53 11 12 13 14 15 0 1 194 195 196 197 198 30 31 150 151 152 153 154 73 74 75 76 77 16 17 103 104 105 9 165 133 134 135 136 137 46 47 48 49 50 189 190 191 192 193 149 32 33 84 85 86 87 88 89 90 91 92 93 94 95 96 97 98 99 100 101 102 51 52 160 161 162 163 164 126 127 128 129 130 10 
887 887 461 461 461 461 461 806 806 513 691 571 571 571 571 571 777 777 461 461 461 461 461 488 488 488 488 243 243 243 713 713 266 266 392 392 392 806 806 516 516 516 516 392 392 392 914 914 914 483 483 223 223 418 833 833 833 833 833 660 660 488 488 488 488 752 752 752 752 761 761 761 761 424 424 424 424 424 516 516 516 516 660 660 748 748 748 748 748 748 748 748 748 748 748 748 748 748 748 748 748 748 748 950 950 950 243 243 243 833 833 833 833 833 752 752 752 752 418 571 571 571 571 571 887 887 907 907 907 907 907 713 713 520 520 520 520 520 424 424 424 424 424 777 777 950 950 950 513 150 520 520 520 520 520 914 914 914 483 483 613 613 613 613 613 150 266 266 748 748 748 748 748 748 748 748 748 748 748 748 748 748 748 748 748 748 748 223 223 613 613 613 613 613 907 907 907 907 907 691 
0 1 2 3 4 5 6 7 8 9 10 11 12 13 14 15 16 17 2 3 4 5 6 18 19 20 21 22 23 24 25 26 27 28 29 30 31 7 8 32 33 34 35 29 30 31 36 37 38 39 40 41 42 43 44 45 46 47 48 49 50 18 19 20 21 51 52 53 54 55 55 56 56 57 58 59 60 61 32 33 34 35 49 50 62 63 64 65 66 67 68 69 70 71 72 73 74 75 76 77 78 79 80 81 82 83 22 23 24 44 45 46 47 48 51 52 53 54 43 11 12 13 14 15 0 1 84 85 86 87 88 25 26 89 90 91 92 93 57 58 59 60 61 16 17 81 82 83 9 94 89 90 91 92 93 36 37 38 39 40 95 96 97 98 99 94 27 28 62 63 64 65 66 67 68 69 70 71 72 73 74 75 76 77 78 79 80 41 42 95 96 97 98 99 84 85 86 87 88 10 
63302
28
3 1 5 3 2 4 2 1 5 4 2 4 1 5 5 1 3 2 2 2 5 2 5 2 2 5 3 19 
40 17 31 9 16 14 10 5 5 8 4 26 56 44 45 4 15 7 1 22 1 11 21 16 28 60 12 34 
55 43 49 41 59 32 45 68 43 25 13 42 61 67 57 55 58 53 43 34 7 61 41 65 28 66 14 61 
950 418 424 243 483 516 713 691 571 488 806 752 150 907 520 513 914 777 887 660 461 266 833 223 761 613 392 748 
18 18 20 20 20 20 20 10 10 15 7 8 8 8 8 8 17 17 20 20 20 20 20 9 9 9 9 3 3 3 6 6 21 21 26 26 26 10 10 5 5 5 5 26 26 26 16 16 16 4 4 23 23 1 22 22 22 22 22 19 19 9 9 9 9 11 11 11 11 24 24 24 24 2 2 2 2 2 5 5 5 5 19 19 27 27 27 27 27 27 27 27 27 27 27 27 27 27 27 27 27 27 27 0 0 0 3 3 3 22 22 22 22 22 11 11 11 11 1 8 8 8 8 8 18 18 13 13 13 13 13 6 6 14 14 14 14 14 2 2 2 2 2 17 17 0 0 0 15 12 14 14 14 14 14 16 16 16 4 4 25 25 25 25 25 12 21 21 27 27 27 27 27 27 27 27 27 27 27 27 27 27 27 27 27 27 27 23 23 25 25 25 25 25 13 13 13 13 13 7 