26
100
2
1 1 1 1 1 3 3 5 5 5 5 5 5 5 5 5 5 5 5 5 5 5 5 5 6 6 6 6 6 6 6 6 6 10 10 10 10 10 11 11 11 11 11 13 13 13 13 13 13 13 13 13 13 13 13 13 13 13 14 14 14 14 15 15 15 15 15 15 15 16 16 16 16 16 17 17 17 17 17 17 18 19 19 19 19 19 19 19 19 21 23 25 25 25 25 25 25 26 26 26 26 26 28 31 31 31 31 31 31 31 32 34 34 35 35 35 35 35 35 35 35 35 35 36 36 36 36 37 39 39 39 40 40 40 40 40 40 41 41 41 41 41 43 43 43 45 46 46 48 49 49 49 49 49 49 49 49 49 49 49 49 49 49 49 52 52 52 52 52 52 53 53 53 55 55 55 55 55 56 56 60 60 60 60 61 61 61 61 61 62 62 62 65 65 65 65 70 70 70 70 
97 98 99 100 101 103 104 33 34 35 36 37 62 63 64 116 117 118 119 164 165 139 140 141 192 193 194 195 84 85 86 87 88 7 8 9 10 11 69 70 71 72 73 149 150 151 152 153 154 155 156 157 158 159 160 161 162 163 123 124 125 126 12 13 14 180 181 182 183 38 39 40 41 42 131 132 133 134 135 136 96 113 114 115 28 29 30 31 32 145 110 173 174 175 176 177 80 0 1 2 3 4 189 5 6 184 185 186 187 188 90 190 191 81 82 83 15 16 17 18 170 171 172 58 59 60 61 179 142 143 144 74 75 76 77 78 79 146 147 21 22 23 128 129 130 89 137 138 178 43 44 45 46 47 48 49 50 51 52 53 54 55 56 57 19 20 196 197 198 199 120 121 122 91 92 93 94 95 148 127 65 66 67 68 105 106 107 108 109 102 111 112 24 25 26 27 166 167 168 169 
868 868 868 868 868 207 207 565 565 565 565 565 360 360 360 597 597 597 597 869 869 226 226 226 627 627 627 627 359 359 359 359 359 565 565 565 565 565 800 800 800 800 800 799 799 799 799 799 799 799 799 799 799 799 799 799 799 799 418 418 418 418 360 360 360 341 341 341 341 800 800 800 800 800 992 992 992 992 992 992 564 461 461 461 359 359 359 359 359 384 785 477 477 477 477 477 564 868 868 868 868 868 533 207 207 519 519 519 519 519 785 944 944 461 461 461 597 597 597 597 235 235 235 418 418 418 418 914 195 195 195 992 992 992 992 992 992 372 372 226 226 226 195 195 195 384 372 372 280 799 799 799 799 799 799 799 799 799 799 799 799 799 799 799 869 869 959 959 959 959 235 235 235 477 477 477 477 477 280 914 341 341 341 341 519 519 519 519 519 533 944 944 627 627 627 627 959 959 959 959 
0 1 2 3 4 5 6 7 8 9 10 11 12 13 14 15 16 17 18 19 20 21 22 23 24 25 26 27 28 29 30 31 32 7 8 9 10 11 33 34 35 36 37 38 39 40 41 42 43 44 45 46 47 48 49 50 51 52 53 54 55 56 12 13 14 57 58 59 60 33 34 35 36 37 61 62 63 64 65 66 67 68 69 70 28 29 30 31 32 71 72 73 74 75 76 77 67 0 1 2 3 4 78 5 6 79 80 81 82 83 72 84 85 68 69 70 15 16 17 18 86 87 88 53 54 55 56 89 90 91 92 61 62 63 64 65 66 93 94 21 22 23 90 91 92 71 93 94 95 38 39 40 41 42 43 44 45 46 47 48 49 50 51 52 19 20 96 97 98 99 86 87 88 73 74 75 76 77 95 89 57 58 59 60 79 80 81 82 83 78 84 85 24 25 26 27 96 97 98 99 
60320
28
5 5 2 3 3 5 4 3 1 1 6 4 1 2 2 4 3 4 1 5 2 4 3 1 5 5 1 15 
25 5 41 19 5 1 5 35 48 18 17 14 28 5 34 15 39 6 23 11 3 52 5 21 6 31 37 13 
55 10 46 35 15 26 35 53 56 25 40 36 62 52 62 60 43 65 32 16 31 70 41 45 19 61 56 49 
477 565 372 461 360 868 597 235 280 564 992 418 533 869 944 341 195 627 785 800 207 959 226 384 359 519 914 799 
5 5 5 5 5 20 20 1 1 1 1 1 4 4 4 6 6 6 6 13 13 22 22 22 17 17 17 17 24 24 24 24 24 1 1 1 1 1 19 19 19 19 19 27 27 27 27 27 27 27 27 27 27 27 27 27 27 27 11 11 11 11 4 4 4 15 15 15 15 19 19 19 19 19 10 10 10 10 10 10 9 3 3 3 24 24 24 24 24 23 18 0 0 0 0 0 9 5 5 5 5 5 12 20 20 25 25 25 25 25 18 14 14 3 3 3 6 6 6 6 7 7 7 11 11 11 11 26 16 16 16 10 10 10 10 10 10 2 2 22 22 22 16 16 16 23 2 2 8 27 27 27 27 27 27 27 27 27 27 27 27 27 27 27 13 13 21 21 21 21 7 7 7 0 0 0 0 0 8 26 15 15 15 15 25 25 25 25 25 12 14 14 17 17 17 17 21 21 21 21 