685
100
2
2 2 2 2 2 2 2 3 3 3 3 3 3 3 9 9 12 12 12 12 14 14 14 14 14 14 14 14 15 15 15 15 15 15 15 15 15 15 15 15 15 15 15 15 18 18 18 18 18 18 19 19 19 19 21 21 23 23 23 23 23 23 23 24 24 24 24 24 24 24 24 24 24 24 24 26 26 26 26 26 26 26 26 26 26 26 26 26 26 26 26 26 33 33 33 33 36 36 36 36 36 36 36 36 36 36 36 36 36 36 36 36 38 38 38 38 38 38 38 40 40 40 40 40 40 40 41 41 41 41 41 41 41 42 42 44 44 44 44 44 44 44 44 44 44 44 47 47 47 47 55 55 55 55 55 55 55 60 60 60 61 61 61 61 61 61 61 61 61 61 61 61 63 63 63 63 63 63 63 64 64 64 64 64 64 64 65 65 65 65 65 65 65 68 68 68 68 68 68 68 
186 187 188 189 190 191 192 56 57 58 59 60 61 62 48 49 44 45 46 47 75 76 77 78 79 80 81 82 96 97 98 99 100 101 102 103 104 105 106 107 108 109 110 111 16 17 18 19 14 15 160 161 162 163 133 134 7 8 9 10 11 12 13 119 120 121 122 123 124 125 128 129 130 131 132 20 21 22 23 24 25 26 27 126 127 193 194 195 196 197 198 199 146 147 148 149 28 29 30 31 32 33 34 35 36 37 38 39 40 41 42 43 172 173 174 175 176 177 178 63 64 65 66 67 68 69 83 84 70 71 72 73 74 54 55 157 158 159 164 165 166 167 168 169 170 171 92 93 94 95 179 180 181 182 183 184 185 135 136 137 50 51 52 53 138 139 140 141 142 143 144 145 112 113 114 115 116 117 118 150 151 152 153 154 155 156 0 1 2 3 4 5 6 85 86 87 88 89 90 91 
993 993 993 993 993 993 993 858 858 858 858 858 858 858 256 256 601 601 601 601 685 685 685 685 685 685 685 685 964 964 964 964 964 964 964 964 964 964 964 964 964 964 964 964 601 601 601 601 256 256 944 944 944 944 543 543 858 858 858 858 858 858 858 434 434 434 434 434 434 434 455 455 455 455 455 685 685 685 685 685 685 685 685 646 646 951 951 951 951 951 951 951 609 609 609 609 964 964 964 964 964 964 964 964 964 964 964 964 964 964 964 964 169 169 169 169 169 169 169 434 434 434 434 434 434 434 646 646 455 455 455 455 455 543 543 182 182 182 864 864 864 864 864 864 864 864 609 609 609 609 770 770 770 770 770 770 770 182 182 182 944 944 944 944 864 864 864 864 864 864 864 864 169 169 169 169 169 169 169 770 770 770 770 770 770 770 993 993 993 993 993 993 993 951 951 951 951 951 951 951 
0 1 2 3 4 5 6 7 8 9 10 11 12 13 14 15 16 17 18 19 20 21 22 23 24 25 26 27 28 29 30 31 32 33 34 35 36 37 38 39 40 41 42 43 16 17 18 19 14 15 44 45 46 47 48 49 7 8 9 10 11 12 13 50 51 52 53 54 55 56 57 58 59 60 61 20 21 22 23 24 25 26 27 62 63 64 65 66 67 68 69 70 71 72 73 74 28 29 30 31 32 33 34 35 36 37 38 39 40 41 42 43 75 76 77 78 79 80 81 50 51 52 53 54 55 56 62 63 57 58 59 60 61 48 49 82 83 84 85 86 87 88 89 90 91 92 71 72 73 74 93 94 95 96 97 98 99 82 83 84 44 45 46 47 85 86 87 88 89 90 91 92 75 76 77 78 79 80 81 93 94 95 96 97 98 99 0 1 2 3 4 5 6 64 65 66 67 68 69 70 
71368
17
8 2 2 7 4 3 7 4 4 2 7 7 7 5 8 7 16 
14 21 26 3 12 44 26 19 33 9 38 2 24 24 44 55 15 
26 42 41 23 18 60 68 61 47 18 63 65 40 41 61 64 36 
685 543 646 858 601 182 951 944 609 256 169 993 434 455 864 770 964 
11 11 11 11 11 11 11 3 3 3 3 3 3 3 9 9 4 4 4 4 0 0 0 0 0 0 0 0 16 16 16 16 16 16 16 16 16 16 16 16 16 16 16 16 4 4 4 4 9 9 7 7 7 7 1 1 3 3 3 3 3 3 3 12 12 12 12 12 12 12 13 13 13 13 13 0 0 0 0 0 0 0 0 2 2 6 6 6 6 6 6 6 8 8 8 8 16 16 16 16 16 16 16 16 16 16 16 16 16 16 16 16 10 10 10 10 10 10 10 12 12 12 12 12 12 12 2 2 13 13 13 13 13 1 1 5 5 5 14 14 14 14 14 14 14 14 8 8 8 8 15 15 15 15 15 15 15 5 5 5 7 7 7 7 14 14 14 14 14 14 14 14 10 10 10 10 10 10 10 15 15 15 15 15 15 15 11 11 11 11 11 11 11 6 6 6 6 6 6 6 