215
100
2
2 2 2 2 2 2 2 2 2 2 2 2 2 6 6 10 10 10 10 10 10 10 12 12 12 13 13 13 13 13 13 16 16 16 16 16 16 16 16 18 18 18 18 18 18 18 19 19 19 19 20 20 20 20 20 20 20 20 20 20 20 20 20 20 20 20 24 24 24 27 27 27 28 28 28 31 31 31 31 31 31 31 31 33 33 33 33 33 33 33 33 33 37 37 37 37 37 37 37 37 37 37 37 37 37 41 41 41 41 41 41 41 41 45 45 45 45 45 45 45 47 47 47 47 47 47 47 48 48 48 48 48 48 48 48 48 48 55 55 55 55 55 55 55 58 58 58 58 58 58 58 62 62 62 66 66 66 66 66 66 66 66 66 66 67 67 67 67 67 67 67 67 68 68 68 68 68 68 69 69 69 69 69 69 69 69 69 69 69 69 69 70 70 70 70 70 70 70 70 70 
127 128 129 130 131 132 133 134 135 136 72 73 74 25 26 39 40 41 42 43 44 45 69 70 71 13 14 46 47 48 49 75 76 77 78 79 80 81 82 15 16 17 18 19 20 21 27 28 29 30 154 155 156 157 158 159 160 161 162 163 172 173 174 175 176 177 151 152 153 22 23 24 10 11 12 31 32 33 34 35 36 37 38 191 192 193 194 195 196 197 198 199 178 179 180 181 182 183 184 185 186 187 188 189 190 164 165 166 167 168 169 170 171 144 145 146 147 148 149 150 137 138 139 140 141 142 143 0 1 2 3 4 5 6 7 8 9 120 121 122 123 124 125 126 113 114 115 116 117 118 119 66 67 68 50 51 52 53 54 55 56 57 58 59 105 106 107 108 109 110 111 112 60 61 62 63 64 65 92 93 94 95 96 97 98 99 100 101 102 103 104 83 84 85 86 87 88 89 90 91 
605 605 605 605 605 605 605 605 605 605 186 186 186 528 528 748 748 748 748 748 748 748 958 958 958 528 528 554 554 554 554 982 982 982 982 982 982 982 982 748 748 748 748 748 748 748 554 554 554 554 612 612 612 612 612 612 612 612 612 612 624 624 624 624 624 624 672 672 672 958 958 958 186 186 186 982 982 982 982 982 982 982 982 236 236 236 236 236 236 236 236 236 733 733 733 733 733 733 733 733 733 733 733 733 733 187 187 187 187 187 187 187 187 858 858 858 858 858 858 858 340 340 340 340 340 340 340 605 605 605 605 605 605 605 605 605 605 340 340 340 340 340 340 340 858 858 858 858 858 858 858 672 672 672 612 612 612 612 612 612 612 612 612 612 187 187 187 187 187 187 187 187 624 624 624 624 624 624 733 733 733 733 733 733 733 733 733 733 733 733 733 236 236 236 236 236 236 236 236 236 
0 1 2 3 4 5 6 7 8 9 10 11 12 13 14 15 16 17 18 19 20 21 22 23 24 13 14 25 26 27 28 29 30 31 32 33 34 35 36 15 16 17 18 19 20 21 25 26 27 28 37 38 39 40 41 42 43 44 45 46 47 48 49 50 51 52 53 54 55 22 23 24 10 11 12 29 30 31 32 33 34 35 36 56 57 58 59 60 61 62 63 64 65 66 67 68 69 70 71 72 73 74 75 76 77 78 79 80 81 82 83 84 85 86 87 88 89 90 91 92 93 94 95 96 97 98 99 0 1 2 3 4 5 6 7 8 9 93 94 95 96 97 98 99 86 87 88 89 90 91 92 53 54 55 37 38 39 40 41 42 43 44 45 46 78 79 80 81 82 83 84 85 47 48 49 50 51 52 65 66 67 68 69 70 71 72 73 74 75 76 77 56 57 58 59 60 61 62 63 64 
59261
15
8 9 10 10 2 7 8 7 7 3 3 4 6 3 13 
16 33 2 20 6 47 41 45 10 24 12 13 20 2 37 
31 70 48 66 13 55 67 58 18 62 27 19 68 28 69 
982 236 605 612 528 340 187 858 748 672 958 554 624 186 733 
2 2 2 2 2 2 2 2 2 2 13 13 13 4 4 8 8 8 8 8 8 8 10 10 10 4 4 11 11 11 11 0 0 0 0 0 0 0 0 8 8 8 8 8 8 8 11 11 11 11 3 3 3 3 3 3 3 3 3 3 12 12 12 12 12 12 9 9 9 10 10 10 13 13 13 0 0 0 0 0 0 0 0 1 1 1 1 1 1 1 1 1 14 14 14 14 14 14 14 14 14 14 14 14 14 6 6 6 6 6 6 6 6 7 7 7 7 7 7 7 5 5 5 5 5 5 5 2 2 2 2 2 2 2 2 2 2 5 5 5 5 5 5 5 7 7 7 7 7 7 7 9 9 9 3 3 3 3 3 3 3 3 3 3 6 6 6 6 6 6 6 6 12 12 12 12 12 12 14 14 14 14 14 14 14 14 14 14 14 14 14 1 1 1 1 1 1 1 1 1 