513
100
2
1 1 1 1 1 1 1 1 1 1 1 1 1 1 1 1 1 3 5 5 5 5 5 5 5 5 5 5 7 7 7 7 7 14 14 14 14 14 14 15 15 16 16 16 16 16 16 17 17 17 17 17 17 20 22 24 24 24 24 24 25 25 25 25 25 25 26 26 26 26 26 26 26 27 27 27 27 27 27 29 29 29 29 29 29 29 29 30 30 32 32 32 32 36 36 36 36 37 37 37 37 37 37 37 41 41 41 41 41 41 42 42 42 43 43 43 43 45 45 45 47 47 47 47 47 48 49 49 49 49 49 49 49 49 49 49 49 49 49 49 49 51 53 53 53 53 53 53 53 53 53 54 54 54 54 54 55 55 55 55 55 55 55 55 55 55 55 55 55 55 55 56 56 56 56 56 56 57 57 57 59 59 59 59 63 63 63 65 65 65 65 65 65 68 68 68 68 68 68 70 
39 40 156 157 158 159 160 161 162 163 164 165 166 167 168 169 170 54 79 80 81 82 83 136 137 138 139 140 55 56 57 58 59 73 74 75 76 77 78 0 1 193 194 195 196 197 198 104 105 106 107 108 109 125 17 28 29 30 31 32 145 146 147 148 149 150 97 98 99 100 101 102 103 33 34 35 36 37 38 18 19 20 21 22 184 185 186 171 172 93 94 95 96 89 90 91 92 66 67 68 69 70 71 72 47 48 49 50 51 52 177 178 179 173 174 175 176 142 143 144 151 152 153 154 155 53 187 188 189 190 191 192 180 181 182 183 23 24 25 26 27 199 117 118 119 60 61 62 63 64 65 120 121 122 123 124 2 3 4 5 6 7 8 9 10 11 12 13 14 15 16 87 88 113 114 115 116 110 111 112 132 133 134 135 84 85 86 126 127 128 129 130 131 41 42 43 44 45 46 141 
784 784 997 997 997 997 997 997 997 997 997 997 997 997 997 997 997 920 463 463 463 463 463 359 359 359 359 359 175 175 175 175 175 753 753 753 753 753 753 784 784 664 664 664 664 664 664 683 683 683 683 683 683 543 920 175 175 175 175 175 153 153 153 153 153 153 436 436 436 436 436 436 436 753 753 753 753 753 753 463 463 463 463 463 563 563 563 763 763 657 657 657 657 657 657 657 657 436 436 436 436 436 436 436 683 683 683 683 683 683 161 161 161 538 538 538 538 629 629 629 531 531 531 531 531 543 229 229 229 229 229 229 591 591 591 591 359 359 359 359 359 651 629 629 629 153 153 153 153 153 153 531 531 531 531 531 997 997 997 997 997 997 997 997 997 997 997 997 997 997 997 763 763 538 538 538 538 161 161 161 591 591 591 591 563 563 563 229 229 229 229 229 229 664 664 664 664 664 664 651 
0 1 2 3 4 5 6 7 8 9 10 11 12 13 14 15 16 17 18 19 20 21 22 23 24 25 26 27 28 29 30 31 32 33 34 35 36 37 38 0 1 39 40 41 42 43 44 45 46 47 48 49 50 51 17 28 29 30 31 32 52 53 54 55 56 57 58 59 60 61 62 63 64 33 34 35 36 37 38 18 19 20 21 22 65 66 67 68 69 70 71 72 73 70 71 72 73 58 59 60 61 62 63 64 45 46 47 48 49 50 74 75 76 77 78 79 80 81 82 83 84 85 86 87 88 51 89 90 91 92 93 94 95 96 97 98 23 24 25 26 27 99 81 82 83 52 53 54 55 56 57 84 85 86 87 88 2 3 4 5 6 7 8 9 10 11 12 13 14 15 16 68 69 77 78 79 80 74 75 76 95 96 97 98 65 66 67 89 90 91 92 93 94 39 40 41 42 43 44 99 
56950
22
4 3 6 5 6 7 2 6 5 6 4 4 1 1 6 1 2 5 5 3 3 15 
32 45 16 47 25 26 30 49 5 14 49 43 20 51 17 3 1 5 7 29 42 1 
36 53 68 54 53 37 56 65 29 27 59 56 48 70 41 22 15 49 24 63 57 55 
657 629 664 531 153 436 763 229 463 753 591 538 543 651 683 920 784 359 175 563 161 997 
16 16 21 21 21 21 21 21 21 21 21 21 21 21 21 21 21 15 8 8 8 8 8 17 17 17 17 17 18 18 18 18 18 9 9 9 9 9 9 16 16 2 2 2 2 2 2 14 14 14 14 14 14 12 15 18 18 18 18 18 4 4 4 4 4 4 5 5 5 5 5 5 5 9 9 9 9 9 9 8 8 8 8 8 19 19 19 6 6 0 0 0 0 0 0 0 0 5 5 5 5 5 5 5 14 14 14 14 14 14 20 20 20 11 11 11 11 1 1 1 3 3 3 3 3 12 7 7 7 7 7 7 10 10 10 10 17 17 17 17 17 13 1 1 1 4 4 4 4 4 4 3 3 3 3 3 21 21 21 21 21 21 21 21 21 21 21 21 21 21 21 6 6 11 11 11 11 20 20 20 10 10 10 10 19 19 19 7 7 7 7 7 7 2 2 2 2 2 2 13 