937
100
2
1 1 1 1 1 1 1 1 1 1 1 1 1 1 1 1 1 1 1 1 1 1 1 1 3 3 3 3 3 3 3 3 3 7 7 7 7 7 7 7 7 7 7 7 7 7 7 7 8 8 9 9 9 9 9 9 9 10 10 10 10 11 11 11 14 14 14 20 20 20 20 20 20 20 20 20 20 20 20 20 20 20 22 22 22 22 22 22 22 22 22 22 22 22 22 22 22 22 22 22 22 23 23 23 23 25 25 25 26 26 26 26 26 26 26 26 26 26 26 26 26 26 26 26 26 26 26 26 26 26 29 29 29 29 29 29 30 30 30 30 32 32 34 34 34 34 34 37 37 37 37 37 37 39 39 39 39 39 39 39 41 41 44 44 44 45 45 46 46 46 46 46 46 46 46 46 47 47 51 51 56 56 58 58 58 59 59 59 59 59 61 61 62 62 62 62 62 63 63 63 
142 143 144 145 146 82 83 84 85 86 87 88 89 90 91 92 93 94 95 96 97 98 99 100 67 68 69 70 71 140 141 160 161 72 73 74 75 76 77 78 79 80 81 171 172 173 174 175 165 166 123 124 125 126 127 128 129 119 120 121 122 64 65 66 61 62 63 24 25 26 27 28 33 34 35 36 37 38 39 40 41 42 5 6 7 8 9 10 11 12 13 14 15 16 17 18 19 20 21 22 23 115 116 117 118 182 183 184 153 154 155 156 157 158 159 101 102 103 104 57 58 59 60 50 51 52 53 54 55 56 147 148 149 150 151 152 167 168 169 170 29 30 0 1 2 3 4 130 131 132 133 134 135 108 109 110 111 112 113 114 31 32 187 188 189 48 49 136 137 138 139 43 44 45 46 47 185 186 190 191 195 196 105 106 107 176 177 162 163 164 178 179 197 198 199 180 181 192 193 194 
422 422 422 422 422 622 622 622 622 622 622 622 622 622 622 622 622 622 622 622 622 622 622 622 245 245 245 245 245 363 363 595 595 178 178 178 178 178 178 178 178 178 178 547 547 547 547 547 568 568 459 459 459 459 459 459 459 378 378 378 378 267 267 267 267 267 267 245 245 245 245 245 178 178 178 178 178 178 178 178 178 178 622 622 622 622 622 622 622 622 622 622 622 622 622 622 622 622 622 622 622 947 947 947 947 289 289 289 517 517 517 517 517 517 517 947 947 947 947 378 378 378 378 459 459 459 459 459 459 459 315 315 315 315 315 315 825 825 825 825 363 363 422 422 422 422 422 315 315 315 315 315 315 517 517 517 517 517 517 517 595 595 393 393 393 568 568 825 825 825 825 547 547 547 547 547 975 975 687 687 755 755 289 289 289 975 975 393 393 393 687 687 302 302 302 755 755 302 302 302 
0 1 2 3 4 5 6 7 8 9 10 11 12 13 14 15 16 17 18 19 20 21 22 23 24 25 26 27 28 29 30 31 32 33 34 35 36 37 38 39 40 41 42 43 44 45 46 47 48 49 50 51 52 53 54 55 56 57 58 59 60 61 62 63 61 62 63 24 25 26 27 28 33 34 35 36 37 38 39 40 41 42 5 6 7 8 9 10 11 12 13 14 15 16 17 18 19 20 21 22 23 64 65 66 67 68 69 70 71 72 73 74 75 76 77 64 65 66 67 57 58 59 60 50 51 52 53 54 55 56 78 79 80 81 82 83 84 85 86 87 29 30 0 1 2 3 4 78 79 80 81 82 83 71 72 73 74 75 76 77 31 32 88 89 90 48 49 84 85 86 87 43 44 45 46 47 91 92 93 94 95 96 68 69 70 91 92 88 89 90 93 94 97 98 99 95 96 97 98 99 
48629
21
6 5 3 3 7 4 4 5 2 10 2 2 3 3 4 2 7 5 2 2 19 
29 1 11 25 26 23 10 3 47 7 51 8 44 62 30 56 9 7 3 3 1 
37 34 14 58 39 26 26 20 59 20 61 45 59 63 46 62 26 46 32 41 22 
315 422 267 289 517 947 378 245 975 178 687 568 393 302 825 755 459 547 363 595 622 
1 1 1 1 1 20 20 20 20 20 20 20 20 20 20 20 20 20 20 20 20 20 20 20 7 7 7 7 7 18 18 19 19 9 9 9 9 9 9 9 9 9 9 17 17 17 17 17 11 11 16 16 16 16 16 16 16 6 6 6 6 2 2 2 2 2 2 7 7 7 7 7 9 9 9 9 9 9 9 9 9 9 20 20 20 20 20 20 20 20 20 20 20 20 20 20 20 20 20 20 20 5 5 5 5 3 3 3 4 4 4 4 4 4 4 5 5 5 5 6 6 6 6 16 16 16 16 16 16 16 0 0 0 0 0 0 14 14 14 14 18 18 1 1 1 1 1 0 0 0 0 0 0 4 4 4 4 4 4 4 19 19 12 12 12 11 11 14 14 14 14 17 17 17 17 17 8 8 10 10 15 15 3 3 3 8 8 12 12 12 10 10 13 13 13 15 15 13 13 13 