571
100
2
1 2 2 2 2 3 3 3 4 4 4 4 4 4 4 4 4 4 4 4 6 6 6 6 6 6 6 6 6 6 7 7 7 7 9 9 9 9 9 9 10 10 10 12 12 12 12 12 15 15 15 15 16 16 16 16 16 16 16 16 16 16 16 16 16 17 17 17 17 17 17 17 17 17 17 17 19 19 19 19 19 19 19 19 19 19 19 19 19 20 20 20 20 22 26 26 26 26 29 29 29 29 32 32 32 32 35 35 35 36 36 36 36 36 36 36 36 38 38 38 39 39 39 42 42 42 42 42 43 43 44 44 44 44 44 45 45 45 45 45 45 46 46 46 46 46 46 51 51 51 51 51 51 51 51 51 51 51 51 52 52 52 52 52 52 52 53 53 53 53 53 53 58 58 58 59 59 59 59 62 62 65 67 67 67 67 67 69 69 69 69 69 70 70 70 70 70 70 70 70 
159 30 31 32 33 197 198 199 187 188 189 190 191 117 118 119 102 103 104 105 147 148 149 150 151 152 175 176 177 178 1 2 3 4 135 136 137 138 139 140 172 173 174 123 124 125 126 127 89 90 91 92 76 77 78 79 80 81 82 83 84 85 86 87 88 130 131 132 133 134 120 121 122 106 107 108 52 53 54 55 56 57 58 59 60 61 62 63 64 48 49 50 51 181 109 110 111 112 113 114 115 116 16 17 18 19 73 74 75 94 95 96 97 98 99 100 101 13 14 15 70 71 72 43 44 45 46 47 179 180 65 66 67 68 69 34 35 36 37 38 39 166 167 168 169 170 171 20 21 22 23 24 25 160 161 162 163 164 165 0 153 154 155 156 157 158 141 142 143 144 145 146 40 41 42 26 27 28 29 128 129 93 192 193 194 195 196 8 9 10 11 12 182 183 184 185 186 5 6 7 
941 559 559 559 559 779 779 779 167 167 167 167 167 505 505 505 829 829 829 829 935 935 935 935 935 935 361 361 361 361 559 559 559 559 277 277 277 277 277 277 224 224 224 621 621 621 621 621 987 987 987 987 778 778 778 778 778 778 778 778 778 778 778 778 778 678 678 678 678 678 526 526 526 966 966 966 778 778 778 778 778 778 778 778 778 778 778 778 778 987 987 987 987 457 922 922 922 922 354 354 354 354 829 829 829 829 966 966 966 922 922 922 922 354 354 354 354 505 505 505 526 526 526 621 621 621 621 621 175 175 678 678 678 678 678 277 277 277 277 277 277 993 993 993 993 993 993 935 935 935 935 935 935 748 748 748 748 748 748 941 748 748 748 748 748 748 993 993 993 993 993 993 224 224 224 361 361 361 361 175 175 457 536 536 536 536 536 167 167 167 167 167 536 536 536 536 536 779 779 779 
0 1 2 3 4 5 6 7 8 9 10 11 12 13 14 15 16 17 18 19 20 21 22 23 24 25 26 27 28 29 1 2 3 4 30 31 32 33 34 35 36 37 38 39 40 41 42 43 44 45 46 47 48 49 50 51 52 53 54 55 56 57 58 59 60 61 62 63 64 65 66 67 68 69 70 71 48 49 50 51 52 53 54 55 56 57 58 59 60 44 45 46 47 72 73 74 75 76 77 78 79 80 16 17 18 19 69 70 71 73 74 75 76 77 78 79 80 13 14 15 66 67 68 39 40 41 42 43 81 82 61 62 63 64 65 30 31 32 33 34 35 83 84 85 86 87 88 20 21 22 23 24 25 89 90 91 92 93 94 0 89 90 91 92 93 94 83 84 85 86 87 88 36 37 38 26 27 28 29 81 82 72 95 96 97 98 99 8 9 10 11 12 95 96 97 98 99 5 6 7 
64638
23
4 6 3 1 5 3 6 1 5 4 4 5 3 3 4 4 6 6 3 4 5 2 13 
2 6 10 1 17 17 46 22 4 26 29 67 17 4 15 6 51 9 3 4 12 43 16 
7 51 58 52 44 39 53 65 69 36 36 70 35 38 20 59 52 45 70 32 42 62 19 
559 935 224 941 678 526 993 457 167 922 354 536 966 505 987 361 748 277 779 829 621 175 778 
3 0 0 0 0 18 18 18 8 8 8 8 8 13 13 13 19 19 19 19 1 1 1 1 1 1 15 15 15 15 0 0 0 0 17 17 17 17 17 17 2 2 2 20 20 20 20 20 14 14 14 14 22 22 22 22 22 22 22 22 22 22 22 22 22 4 4 4 4 4 5 5 5 12 12 12 22 22 22 22 22 22 22 22 22 22 22 22 22 14 14 14 14 7 9 9 9 9 10 10 10 10 19 19 19 19 12 12 12 9 9 9 9 10 10 10 10 13 13 13 5 5 5 20 20 20 20 20 21 21 4 4 4 4 4 17 17 17 17 17 17 6 6 6 6 6 6 1 1 1 1 1 1 16 16 16 16 16 16 3 16 16 16 16 16 16 6 6 6 6 6 6 2 2 2 15 15 15 15 21 21 7 11 11 11 11 11 8 8 8 8 8 11 11 11 11 11 18 18 18 