349
100
2
1 1 1 1 1 1 1 2 2 2 2 2 2 2 2 2 2 2 2 2 2 2 4 4 4 4 5 5 5 5 5 5 5 5 5 5 5 5 5 12 12 12 12 12 12 12 12 12 12 12 12 12 12 12 12 12 12 12 12 12 12 12 15 15 15 15 15 15 15 15 15 15 18 18 18 18 18 18 18 18 18 18 18 18 19 19 19 19 19 19 19 19 19 22 22 22 23 23 23 23 23 23 23 23 23 23 23 23 23 32 32 32 32 34 34 34 34 34 34 34 34 34 34 34 34 51 51 51 54 54 54 54 54 54 54 54 54 54 54 54 54 54 54 54 54 54 54 60 60 60 60 62 62 62 62 62 62 62 63 63 63 63 63 63 63 63 63 63 63 63 63 66 66 66 66 66 66 69 69 69 69 70 70 70 70 70 70 70 70 70 70 70 70 70 70 70 70 70 70 70 
55 56 57 58 59 60 61 84 85 86 87 88 89 90 91 92 171 172 173 174 175 176 147 148 149 150 158 159 160 161 162 163 164 165 166 167 168 169 170 62 63 64 65 66 67 68 69 70 71 96 97 98 99 100 101 0 1 2 3 4 5 6 39 40 41 42 43 44 45 46 47 48 113 114 115 116 117 118 119 120 121 122 123 124 7 8 9 10 11 12 13 14 15 125 126 127 49 50 51 52 53 54 151 152 153 154 155 156 157 177 178 179 180 72 73 74 75 76 77 78 79 80 81 82 83 93 94 95 181 182 183 184 185 186 187 188 189 190 191 192 193 194 195 196 197 198 199 22 23 24 25 102 103 104 105 106 107 108 26 27 28 29 30 31 32 33 34 35 36 37 38 16 17 18 19 20 21 109 110 111 112 128 129 130 131 132 133 134 135 136 137 138 139 140 141 142 143 144 145 146 
617 617 617 617 617 617 617 781 781 781 781 781 781 781 781 781 698 698 698 698 698 698 749 749 749 749 754 754 754 754 754 754 754 754 754 754 754 754 754 729 729 729 729 729 729 729 729 729 729 936 936 936 936 936 936 617 617 617 617 617 617 617 729 729 729 729 729 729 729 729 729 729 954 954 954 954 954 954 954 954 954 954 954 954 781 781 781 781 781 781 781 781 781 684 684 684 936 936 936 936 936 936 499 499 499 499 499 499 499 984 984 984 984 954 954 954 954 954 954 954 954 954 954 954 954 684 684 684 513 513 513 513 513 513 513 513 513 513 513 513 513 513 513 513 513 513 513 749 749 749 749 499 499 499 499 499 499 499 754 754 754 754 754 754 754 754 754 754 754 754 754 698 698 698 698 698 698 984 984 984 984 513 513 513 513 513 513 513 513 513 513 513 513 513 513 513 513 513 513 513 
0 1 2 3 4 5 6 7 8 9 10 11 12 13 14 15 16 17 18 19 20 21 22 23 24 25 26 27 28 29 30 31 32 33 34 35 36 37 38 39 40 41 42 43 44 45 46 47 48 49 50 51 52 53 54 0 1 2 3 4 5 6 39 40 41 42 43 44 45 46 47 48 55 56 57 58 59 60 61 62 63 64 65 66 7 8 9 10 11 12 13 14 15 67 68 69 49 50 51 52 53 54 70 71 72 73 74 75 76 77 78 79 80 55 56 57 58 59 60 61 62 63 64 65 66 67 68 69 81 82 83 84 85 86 87 88 89 90 91 92 93 94 95 96 97 98 99 22 23 24 25 70 71 72 73 74 75 76 26 27 28 29 30 31 32 33 34 35 36 37 38 16 17 18 19 20 21 77 78 79 80 81 82 83 84 85 86 87 88 89 90 91 92 93 94 95 96 97 98 99 
71916
12
10 13 6 3 4 7 12 4 7 9 6 19 
12 5 12 22 32 23 18 4 1 2 2 54 
15 63 23 51 69 62 34 60 12 19 66 70 
729 754 936 684 984 499 954 749 617 781 698 513 
8 8 8 8 8 8 8 9 9 9 9 9 9 9 9 9 10 10 10 10 10 10 7 7 7 7 1 1 1 1 1 1 1 1 1 1 1 1 1 0 0 0 0 0 0 0 0 0 0 2 2 2 2 2 2 8 8 8 8 8 8 8 0 0 0 0 0 0 0 0 0 0 6 6 6 6 6 6 6 6 6 6 6 6 9 9 9 9 9 9 9 9 9 3 3 3 2 2 2 2 2 2 5 5 5 5 5 5 5 4 4 4 4 6 6 6 6 6 6 6 6 6 6 6 6 3 3 3 11 11 11 11 11 11 11 11 11 11 11 11 11 11 11 11 11 11 11 7 7 7 7 5 5 5 5 5 5 5 1 1 1 1 1 1 1 1 1 1 1 1 1 10 10 10 10 10 10 4 4 4 4 11 11 11 11 11 11 11 11 11 11 11 11 11 11 11 11 11 11 11 