455
100
2
5 5 5 13 13 16 16 16 16 16 19 19 19 19 19 19 21 21 21 21 21 21 21 21 21 21 21 23 23 23 23 23 24 24 24 24 24 24 25 25 25 25 25 25 25 25 25 25 25 26 26 26 26 26 26 26 29 29 32 32 32 32 32 32 32 32 32 32 33 33 33 33 33 34 34 34 34 35 35 35 35 35 40 40 40 40 40 40 40 42 42 42 42 42 42 42 42 42 42 42 42 42 42 42 44 47 47 47 47 48 48 48 48 48 48 48 48 48 48 48 48 48 49 49 49 49 49 49 49 50 50 50 50 55 55 55 55 55 55 55 55 55 55 55 55 55 55 55 55 55 56 56 56 56 56 56 56 56 56 56 58 58 58 58 58 58 58 58 62 62 62 62 64 64 64 64 64 64 64 64 64 64 64 64 64 64 64 64 64 64 65 67 67 69 69 69 69 69 70 70 
181 182 183 10 11 193 194 195 196 197 3 4 32 33 34 35 62 63 64 65 66 67 122 123 124 125 126 172 173 174 175 176 12 13 14 15 127 128 164 165 166 167 82 83 84 85 86 87 88 137 138 139 140 141 142 143 89 90 168 169 170 171 16 17 18 19 20 21 150 151 152 153 154 129 130 131 132 155 156 157 158 159 42 43 44 45 46 47 48 56 57 109 110 111 112 113 114 115 116 117 118 119 120 121 190 177 178 179 180 91 92 93 94 95 96 97 98 99 100 101 102 103 22 23 24 25 26 36 37 73 74 75 76 160 161 162 163 49 50 51 52 53 54 55 184 185 186 187 188 189 68 69 70 71 72 77 78 79 80 81 133 134 135 136 38 39 40 41 58 59 60 61 27 28 29 30 31 105 106 107 108 0 1 2 144 145 146 147 148 149 104 198 199 5 6 7 8 9 191 192 
591 591 591 723 723 418 418 418 418 418 723 723 855 855 855 855 971 971 971 971 971 971 532 532 532 532 532 219 219 219 219 219 855 855 855 855 726 726 872 872 872 872 912 912 912 912 912 912 912 734 734 734 734 734 734 734 765 765 200 200 200 200 971 971 971 971 971 971 963 963 963 963 963 866 866 866 866 355 355 355 355 355 912 912 912 912 912 912 912 765 765 308 308 308 308 308 308 308 308 308 308 308 308 308 697 338 338 338 338 308 308 308 308 308 308 308 308 308 308 308 308 308 532 532 532 532 532 726 726 866 866 866 866 992 992 992 992 734 734 734 734 734 734 734 533 533 533 533 533 533 963 963 963 963 963 355 355 355 355 355 992 992 992 992 872 872 872 872 200 200 200 200 219 219 219 219 219 338 338 338 338 591 591 591 533 533 533 533 533 533 697 596 596 418 418 418 418 418 596 596 
0 1 2 3 4 5 6 7 8 9 3 4 10 11 12 13 14 15 16 17 18 19 20 21 22 23 24 25 26 27 28 29 10 11 12 13 30 31 32 33 34 35 36 37 38 39 40 41 42 43 44 45 46 47 48 49 50 51 52 53 54 55 14 15 16 17 18 19 56 57 58 59 60 61 62 63 64 65 66 67 68 69 36 37 38 39 40 41 42 50 51 70 71 72 73 74 75 76 77 78 79 80 81 82 83 84 85 86 87 70 71 72 73 74 75 76 77 78 79 80 81 82 20 21 22 23 24 30 31 61 62 63 64 88 89 90 91 43 44 45 46 47 48 49 92 93 94 95 96 97 56 57 58 59 60 65 66 67 68 69 88 89 90 91 32 33 34 35 52 53 54 55 25 26 27 28 29 84 85 86 87 0 1 2 92 93 94 95 96 97 83 98 99 5 6 7 8 9 98 99 
61567
22
4 5 2 4 7 4 3 5 5 2 4 4 6 6 2 5 5 4 1 2 7 13 
55 23 29 47 26 25 5 33 16 13 32 19 21 55 67 35 21 34 44 24 25 42 
58 64 42 64 55 58 64 56 69 19 62 24 32 64 70 56 49 50 65 49 40 48 
992 219 765 338 734 872 591 963 418 723 200 855 971 533 596 355 532 866 697 726 912 308 
6 6 6 9 9 8 8 8 8 8 9 9 11 11 11 11 12 12 12 12 12 12 16 16 16 16 16 1 1 1 1 1 11 11 11 11 19 19 5 5 5 5 20 20 20 20 20 20 20 4 4 4 4 4 4 4 2 2 10 10 10 10 12 12 12 12 12 12 7 7 7 7 7 17 17 17 17 15 15 15 15 15 20 20 20 20 20 20 20 2 2 21 21 21 21 21 21 21 21 21 21 21 21 21 18 3 3 3 3 21 21 21 21 21 21 21 21 21 21 21 21 21 16 16 16 16 16 19 19 17 17 17 17 0 0 0 0 4 4 4 4 4 4 4 13 13 13 13 13 13 7 7 7 7 7 15 15 15 15 15 0 0 0 0 5 5 5 5 10 10 10 10 1 1 1 1 1 3 3 3 3 6 6 6 13 13 13 13 13 13 18 14 14 8 8 8 8 8 14 14 