671
100
2
1 1 1 1 1 1 1 1 1 1 1 1 1 1 1 1 1 1 4 4 4 4 4 4 7 7 7 7 7 7 9 9 9 9 9 13 13 13 13 13 13 13 13 13 13 13 13 13 15 15 15 15 15 15 15 15 15 15 15 17 17 17 17 17 17 17 20 20 22 22 22 22 22 22 22 22 22 22 22 22 22 22 22 22 22 22 22 22 22 22 22 22 22 22 22 22 24 24 24 24 24 24 24 24 24 24 24 24 24 24 24 25 25 32 32 32 32 32 32 32 34 34 34 34 34 34 34 34 34 34 40 40 40 40 40 40 40 48 48 48 48 48 48 48 48 48 49 49 49 49 49 49 49 49 49 49 49 50 50 50 50 50 50 50 50 50 50 54 54 54 54 54 54 54 54 54 54 54 54 54 57 57 57 61 61 61 61 61 64 64 67 67 67 67 67 67 67 67 67 67 
78 79 80 81 82 83 84 85 86 87 88 89 90 91 92 93 94 95 103 104 105 106 107 108 140 141 142 143 144 145 183 184 185 186 187 167 168 169 170 171 172 173 174 175 176 177 178 179 146 147 148 149 150 151 152 153 154 155 156 96 97 98 99 100 101 102 111 112 157 158 159 160 161 162 163 164 165 166 0 1 2 3 4 5 6 7 8 9 10 11 12 13 14 15 16 17 59 60 61 62 63 64 65 18 19 20 21 22 23 188 189 66 67 130 131 132 133 134 135 136 190 191 192 193 194 195 196 197 198 199 113 114 115 116 117 118 119 180 181 182 24 25 26 27 28 29 48 49 50 51 52 53 54 55 56 57 58 68 69 70 71 72 73 74 75 76 77 35 36 37 38 39 40 41 42 43 44 45 46 47 137 138 139 30 31 32 33 34 109 110 120 121 122 123 124 125 126 127 128 129 
690 690 690 690 690 690 690 690 690 690 690 690 690 690 690 690 690 690 798 798 798 798 798 798 775 775 775 775 775 775 720 720 720 720 720 487 487 487 487 487 487 487 487 487 487 487 487 487 806 806 806 806 806 806 806 806 806 806 806 601 601 601 601 601 601 601 434 434 696 696 696 696 696 696 696 696 696 696 690 690 690 690 690 690 690 690 690 690 690 690 690 690 690 690 690 690 601 601 601 601 601 601 601 798 798 798 798 798 798 474 474 434 434 178 178 178 178 178 178 178 940 940 940 940 940 940 940 940 940 940 178 178 178 178 178 178 178 440 440 440 775 775 775 775 775 775 806 806 806 806 806 806 806 806 806 806 806 696 696 696 696 696 696 696 696 696 696 487 487 487 487 487 487 487 487 487 487 487 487 487 440 440 440 720 720 720 720 720 474 474 940 940 940 940 940 940 940 940 940 940 
0 1 2 3 4 5 6 7 8 9 10 11 12 13 14 15 16 17 18 19 20 21 22 23 24 25 26 27 28 29 30 31 32 33 34 35 36 37 38 39 40 41 42 43 44 45 46 47 48 49 50 51 52 53 54 55 56 57 58 59 60 61 62 63 64 65 66 67 68 69 70 71 72 73 74 75 76 77 0 1 2 3 4 5 6 7 8 9 10 11 12 13 14 15 16 17 59 60 61 62 63 64 65 18 19 20 21 22 23 78 79 66 67 80 81 82 83 84 85 86 87 88 89 90 91 92 93 94 95 96 80 81 82 83 84 85 86 97 98 99 24 25 26 27 28 29 48 49 50 51 52 53 54 55 56 57 58 68 69 70 71 72 73 74 75 76 77 35 36 37 38 39 40 41 42 43 44 45 46 47 97 98 99 30 31 32 33 34 78 79 87 88 89 90 91 92 93 94 95 96 
65604
13
5 7 11 7 10 13 2 6 2 3 10 6 18 
9 17 15 32 22 13 20 4 24 48 34 7 1 
61 24 49 40 50 54 25 24 64 57 67 48 22 
720 601 806 178 696 487 434 798 474 440 940 775 690 
12 12 12 12 12 12 12 12 12 12 12 12 12 12 12 12 12 12 7 7 7 7 7 7 11 11 11 11 11 11 0 0 0 0 0 5 5 5 5 5 5 5 5 5 5 5 5 5 2 2 2 2 2 2 2 2 2 2 2 1 1 1 1 1 1 1 6 6 4 4 4 4 4 4 4 4 4 4 12 12 12 12 12 12 12 12 12 12 12 12 12 12 12 12 12 12 1 1 1 1 1 1 1 7 7 7 7 7 7 8 8 6 6 3 3 3 3 3 3 3 10 10 10 10 10 10 10 10 10 10 3 3 3 3 3 3 3 9 9 9 11 11 11 11 11 11 2 2 2 2 2 2 2 2 2 2 2 4 4 4 4 4 4 4 4 4 4 5 5 5 5 5 5 5 5 5 5 5 5 5 9 9 9 0 0 0 0 0 8 8 10 10 10 10 10 10 10 10 10 10 