877
100
2
3 3 3 3 3 3 3 3 3 3 3 5 5 5 5 5 5 5 5 5 5 5 5 5 5 5 5 5 5 5 5 5 5 8 8 8 8 8 8 11 11 11 11 14 14 14 16 16 16 16 16 16 16 16 16 16 16 16 16 16 16 16 16 16 17 17 25 25 25 25 25 25 25 25 29 29 29 29 29 29 29 29 29 29 29 30 30 30 30 35 35 36 36 36 36 36 36 36 36 36 36 38 38 38 38 38 38 38 38 42 42 42 42 42 42 42 42 44 44 44 44 47 47 47 47 47 47 50 50 50 50 50 50 50 50 50 50 50 50 50 50 53 53 53 57 57 57 57 57 57 57 57 57 57 57 57 57 57 57 57 58 58 58 58 58 58 58 58 62 62 62 62 62 62 62 62 62 62 62 65 65 65 65 65 65 65 65 65 65 65 67 67 67 67 68 68 68 68 68 68 
149 150 151 152 153 154 155 156 157 158 159 66 67 68 69 70 71 72 73 127 128 129 130 131 132 133 134 135 136 137 138 139 140 121 122 123 124 125 126 190 191 192 193 141 142 143 91 92 93 94 95 96 97 98 99 100 109 110 111 112 113 114 115 116 89 90 11 12 13 14 15 16 17 18 144 145 146 147 148 194 195 196 197 198 199 117 118 119 120 64 65 46 47 48 49 50 51 52 53 54 55 160 161 162 163 164 165 166 167 56 57 58 59 60 61 62 63 85 86 87 88 33 34 35 36 37 38 19 20 21 22 23 24 25 26 27 28 29 30 31 32 43 44 45 74 75 76 77 78 0 1 2 3 4 5 6 7 8 9 10 101 102 103 104 105 106 107 108 179 180 181 182 183 184 185 186 187 188 189 168 169 170 171 172 173 174 175 176 177 178 39 40 41 42 79 80 81 82 83 84 
462 462 462 462 462 462 462 462 462 462 462 727 727 727 727 727 727 727 727 174 174 174 174 174 174 174 174 174 174 174 174 174 174 330 330 330 330 330 330 200 200 200 200 454 454 454 410 410 410 410 410 410 410 410 410 410 685 685 685 685 685 685 685 685 919 919 727 727 727 727 727 727 727 727 993 993 993 993 993 931 931 931 931 931 931 922 922 922 922 919 919 410 410 410 410 410 410 410 410 410 410 801 801 801 801 801 801 801 801 685 685 685 685 685 685 685 685 922 922 922 922 330 330 330 330 330 330 174 174 174 174 174 174 174 174 174 174 174 174 174 174 454 454 454 993 993 993 993 993 462 462 462 462 462 462 462 462 462 462 462 801 801 801 801 801 801 801 801 947 947 947 947 947 947 947 947 947 947 947 947 947 947 947 947 947 947 947 947 947 947 200 200 200 200 931 931 931 931 931 931 
0 1 2 3 4 5 6 7 8 9 10 11 12 13 14 15 16 17 18 19 20 21 22 23 24 25 26 27 28 29 30 31 32 33 34 35 36 37 38 39 40 41 42 43 44 45 46 47 48 49 50 51 52 53 54 55 56 57 58 59 60 61 62 63 64 65 11 12 13 14 15 16 17 18 66 67 68 69 70 71 72 73 74 75 76 77 78 79 80 64 65 46 47 48 49 50 51 52 53 54 55 81 82 83 84 85 86 87 88 56 57 58 59 60 61 62 63 77 78 79 80 33 34 35 36 37 38 19 20 21 22 23 24 25 26 27 28 29 30 31 32 43 44 45 66 67 68 69 70 0 1 2 3 4 5 6 7 8 9 10 81 82 83 84 85 86 87 88 89 90 91 92 93 94 95 96 97 98 99 89 90 91 92 93 94 95 96 97 98 99 39 40 41 42 71 72 73 74 75 76 
59958
14
11 10 3 5 6 8 8 4 6 4 2 8 11 14 
62 16 14 29 29 5 38 30 8 11 17 16 3 5 
65 36 53 57 68 25 58 44 47 67 35 42 57 50 
947 410 454 993 931 727 801 922 330 200 919 685 462 174 
12 12 12 12 12 12 12 12 12 12 12 5 5 5 5 5 5 5 5 13 13 13 13 13 13 13 13 13 13 13 13 13 13 8 8 8 8 8 8 9 9 9 9 2 2 2 1 1 1 1 1 1 1 1 1 1 11 11 11 11 11 11 11 11 10 10 5 5 5 5 5 5 5 5 3 3 3 3 3 4 4 4 4 4 4 7 7 7 7 10 10 1 1 1 1 1 1 1 1 1 1 6 6 6 6 6 6 6 6 11 11 11 11 11 11 11 11 7 7 7 7 8 8 8 8 8 8 13 13 13 13 13 13 13 13 13 13 13 13 13 13 2 2 2 3 3 3 3 3 12 12 12 12 12 12 12 12 12 12 12 6 6 6 6 6 6 6 6 0 0 0 0 0 0 0 0 0 0 0 0 0 0 0 0 0 0 0 0 0 0 9 9 9 9 4 4 4 4 4 4 