738
100
2
1 1 1 1 1 3 3 3 3 3 3 3 3 3 3 3 3 3 3 3 3 3 3 3 3 6 6 6 7 10 10 10 10 11 11 11 13 13 13 13 13 14 14 14 14 14 14 14 16 16 16 16 17 17 20 20 20 21 21 24 24 24 24 24 25 25 25 25 25 27 28 28 28 28 28 28 28 28 28 28 28 28 28 29 29 29 29 29 29 30 30 30 30 30 30 30 36 36 36 36 36 37 37 37 37 37 37 37 37 37 37 37 40 40 41 41 41 48 48 48 50 50 50 50 50 50 50 50 50 50 50 50 50 51 51 52 52 52 52 52 52 54 54 54 54 54 54 54 54 54 54 54 54 54 54 54 55 55 55 55 55 56 56 56 56 56 56 56 57 57 57 57 57 57 58 59 59 59 59 59 59 59 59 59 59 59 62 62 62 64 64 64 64 64 64 64 64 66 66 66 
59 60 61 62 63 181 182 183 184 185 141 142 143 144 145 146 147 148 149 150 151 152 153 154 155 189 190 191 117 41 42 43 44 197 198 199 192 193 194 195 196 29 30 31 32 186 187 188 77 78 79 80 57 58 114 115 116 52 53 0 1 2 3 4 107 108 109 110 111 174 120 121 122 123 124 125 126 48 49 50 51 118 119 135 136 137 138 139 140 161 162 163 164 165 166 167 156 157 158 159 160 175 176 177 178 179 180 64 65 66 67 68 133 134 54 55 56 28 81 82 70 71 72 73 74 75 76 168 169 170 171 172 173 112 113 83 84 85 86 87 88 10 11 12 13 14 15 16 17 18 19 20 21 22 23 24 96 97 98 99 100 89 90 91 92 93 94 95 127 128 129 130 131 132 69 101 102 103 104 105 106 5 6 7 8 9 45 46 47 25 26 27 36 37 38 39 40 33 34 35 
349 349 349 349 349 163 163 163 163 163 168 168 168 168 168 168 168 168 168 168 168 168 168 168 168 653 653 653 714 192 192 192 192 217 217 217 538 538 538 538 538 192 192 192 192 446 446 446 534 534 534 534 611 611 187 187 187 611 611 349 349 349 349 349 876 876 876 876 876 387 818 818 818 818 818 818 818 534 534 534 534 814 814 786 786 786 786 786 786 643 643 643 643 643 643 643 785 785 785 785 785 328 328 328 328 328 328 876 876 876 876 876 565 565 187 187 187 714 814 814 818 818 818 818 818 818 818 492 492 492 492 492 492 565 565 786 786 786 786 786 786 168 168 168 168 168 168 168 168 168 168 168 168 168 168 168 785 785 785 785 785 643 643 643 643 643 643 643 492 492 492 492 492 492 387 328 328 328 328 328 328 163 163 163 163 163 446 446 446 653 653 653 538 538 538 538 538 217 217 217 
0 1 2 3 4 5 6 7 8 9 10 11 12 13 14 15 16 17 18 19 20 21 22 23 24 25 26 27 28 29 30 31 32 33 34 35 36 37 38 39 40 29 30 31 32 41 42 43 44 45 46 47 48 49 50 51 52 48 49 0 1 2 3 4 53 54 55 56 57 58 59 60 61 62 63 64 65 44 45 46 47 66 67 68 69 70 71 72 73 74 75 76 77 78 79 80 81 82 83 84 85 86 87 88 89 90 91 53 54 55 56 57 92 93 50 51 52 28 66 67 59 60 61 62 63 64 65 94 95 96 97 98 99 92 93 68 69 70 71 72 73 10 11 12 13 14 15 16 17 18 19 20 21 22 23 24 81 82 83 84 85 74 75 76 77 78 79 80 94 95 96 97 98 99 58 86 87 88 89 90 91 5 6 7 8 9 41 42 43 25 26 27 36 37 38 39 40 33 34 35 
48432
22
3 7 1 4 6 3 1 2 4 6 6 5 5 3 7 2 5 3 2 5 5 15 
11 28 27 10 29 6 7 17 16 37 50 1 36 14 30 28 13 20 40 25 3 3 
66 50 58 14 52 64 48 21 28 59 57 24 55 62 56 48 64 41 51 37 59 54 
217 818 387 192 786 653 714 611 534 328 492 349 785 446 643 814 538 187 565 876 163 168 
11 11 11 11 11 20 20 20 20 20 21 21 21 21 21 21 21 21 21 21 21 21 21 21 21 5 5 5 6 3 3 3 3 0 0 0 16 16 16 16 16 3 3 3 3 13 13 13 8 8 8 8 7 7 17 17 17 7 7 11 11 11 11 11 19 19 19 19 19 2 1 1 1 1 1 1 1 8 8 8 8 15 15 4 4 4 4 4 4 14 14 14 14 14 14 14 12 12 12 12 12 9 9 9 9 9 9 19 19 19 19 19 18 18 17 17 17 6 15 15 1 1 1 1 1 1 1 10 10 10 10 10 10 18 18 4 4 4 4 4 4 21 21 21 21 21 21 21 21 21 21 21 21 21 21 21 12 12 12 12 12 14 14 14 14 14 14 14 10 10 10 10 10 10 2 9 9 9 9 9 9 20 20 20 20 20 13 13 13 5 5 5 16 16 16 16 16 0 0 0 