647
100
2
2 2 2 2 2 2 2 2 2 3 3 3 7 7 7 7 7 7 7 7 7 7 7 7 7 7 7 7 7 8 8 8 8 8 8 9 9 9 9 9 9 9 9 9 9 9 9 9 9 9 9 9 10 10 10 10 10 10 10 10 10 10 12 12 12 12 12 12 12 13 13 13 13 13 13 15 15 15 15 15 15 18 18 18 19 19 20 20 20 20 20 22 22 22 22 22 22 22 24 24 25 25 25 28 28 28 28 28 28 29 29 29 29 29 29 30 30 30 31 31 31 31 31 32 32 32 32 32 32 32 34 34 34 34 34 34 34 36 36 36 36 36 36 36 36 36 36 36 36 39 39 39 42 42 42 42 42 44 44 44 44 44 44 44 44 51 51 51 51 51 51 51 51 51 51 54 54 55 55 55 55 55 55 60 60 62 62 62 62 62 62 64 64 64 64 64 64 69 69 69 
157 158 159 160 161 162 9 10 11 6 7 8 35 36 37 38 39 40 41 42 43 44 45 46 47 48 49 50 51 109 110 111 112 113 114 12 13 14 15 16 17 18 19 20 21 22 23 24 25 26 27 28 197 198 199 130 131 132 133 134 135 136 123 124 125 126 127 128 129 103 104 105 106 107 108 191 192 193 194 195 196 149 150 151 98 99 152 153 154 155 156 137 138 139 140 141 142 143 84 85 115 116 117 69 70 71 72 73 74 29 30 31 32 33 34 100 101 102 144 145 146 147 148 62 63 64 65 66 67 68 55 56 57 58 59 60 61 91 92 93 94 95 96 97 118 119 120 121 122 81 82 83 86 87 88 89 90 0 1 2 3 4 5 183 184 166 165 168 167 170 169 172 171 175 176 173 174 185 186 187 188 189 190 163 164 177 178 179 180 181 182 75 76 77 78 79 80 52 53 54 
980 980 980 980 980 980 402 402 402 402 402 402 423 423 423 423 423 423 423 423 423 423 423 423 423 423 423 423 423 421 421 421 421 421 421 423 423 423 423 423 423 423 423 423 423 423 423 423 423 423 423 423 315 315 315 896 896 896 896 896 896 896 190 190 190 190 190 190 190 458 458 458 458 458 458 298 298 298 298 298 298 882 882 882 453 453 188 188 188 188 188 894 894 894 894 894 894 894 453 453 908 908 908 458 458 458 458 458 458 421 421 421 421 421 421 908 908 908 422 422 422 422 422 190 190 190 190 190 190 190 896 896 896 896 896 896 896 894 894 894 894 894 894 894 422 422 422 422 422 882 882 882 188 188 188 188 188 980 980 980 980 980 980 374 374 898 898 898 898 898 898 898 898 597 597 597 597 249 249 249 249 249 249 374 374 249 249 249 249 249 249 298 298 298 298 298 298 315 315 315 
0 1 2 3 4 5 6 7 8 6 7 8 9 10 11 12 13 14 15 16 17 18 19 20 21 22 23 24 25 26 27 28 29 30 31 9 10 11 12 13 14 15 16 17 18 19 20 21 22 23 24 25 32 33 34 35 36 37 38 39 40 41 42 43 44 45 46 47 48 49 50 51 52 53 54 55 56 57 58 59 60 61 62 63 64 65 66 67 68 69 70 71 72 73 74 75 76 77 64 65 78 79 80 49 50 51 52 53 54 26 27 28 29 30 31 78 79 80 81 82 83 84 85 42 43 44 45 46 47 48 35 36 37 38 39 40 41 71 72 73 74 75 76 77 81 82 83 84 85 61 62 63 66 67 68 69 70 0 1 2 3 4 5 86 87 88 88 89 89 90 90 91 91 92 93 92 93 94 95 96 97 98 99 86 87 94 95 96 97 98 99 55 56 57 58 59 60 32 33 34 
52498
19
4 3 2 7 7 6 2 3 5 3 6 2 6 6 7 6 5 3 17 
51 10 19 22 10 2 44 18 31 2 13 51 55 15 12 8 20 25 7 
51 69 24 36 34 44 60 39 36 3 28 54 62 64 32 29 42 30 9 
898 315 453 894 896 980 374 882 422 402 458 597 249 298 190 421 188 908 423 
5 5 5 5 5 5 9 9 9 9 9 9 18 18 18 18 18 18 18 18 18 18 18 18 18 18 18 18 18 15 15 15 15 15 15 18 18 18 18 18 18 18 18 18 18 18 18 18 18 18 18 18 1 1 1 4 4 4 4 4 4 4 14 14 14 14 14 14 14 10 10 10 10 10 10 13 13 13 13 13 13 7 7 7 2 2 16 16 16 16 16 3 3 3 3 3 3 3 2 2 17 17 17 10 10 10 10 10 10 15 15 15 15 15 15 17 17 17 8 8 8 8 8 14 14 14 14 14 14 14 4 4 4 4 4 4 4 3 3 3 3 3 3 3 8 8 8 8 8 7 7 7 16 16 16 16 16 5 5 5 5 5 5 6 6 0 0 0 0 0 0 0 0 11 11 11 11 12 12 12 12 12 12 6 6 12 12 12 12 12 12 13 13 13 13 13 13 1 1 1 