989
100
2
1 1 1 1 1 1 1 1 2 2 2 2 2 2 2 2 2 2 2 2 2 2 2 2 2 2 3 3 3 3 5 5 6 6 6 6 7 7 7 7 7 7 7 7 7 7 7 12 12 12 13 13 13 13 13 13 14 14 14 14 14 15 15 16 16 16 16 16 17 17 17 17 17 18 18 18 18 18 19 19 21 21 22 22 22 27 27 28 28 28 28 28 32 32 32 32 32 32 32 32 32 32 32 35 35 35 35 35 35 35 35 35 35 36 36 36 37 37 37 37 37 37 41 41 41 41 41 41 43 43 43 43 43 44 44 44 44 44 45 45 45 48 48 48 48 48 48 48 48 48 48 48 48 48 48 48 48 49 49 51 51 51 58 58 58 58 58 58 59 59 59 59 59 59 59 62 62 62 62 62 62 64 64 66 66 66 67 67 67 68 68 68 68 68 69 69 69 69 69 69 
194 195 196 197 198 199 173 174 189 190 191 192 193 144 145 146 147 148 149 150 151 152 153 154 155 156 32 33 34 35 78 79 26 27 28 29 162 163 164 165 166 167 168 169 170 171 172 183 184 185 97 98 99 100 101 102 128 129 130 131 132 80 81 68 69 70 71 72 63 64 65 66 67 87 88 89 90 91 30 31 61 62 113 114 115 116 117 73 74 75 76 77 133 134 135 136 137 50 51 52 53 54 55 104 103 106 105 108 107 118 119 120 121 82 83 84 85 86 109 110 111 112 175 176 177 178 179 180 56 57 58 59 60 92 93 94 95 96 159 160 161 186 187 188 13 14 15 16 17 18 19 20 21 22 23 24 25 181 182 138 139 140 36 37 38 39 40 41 42 43 44 45 46 6 7 122 123 124 125 126 127 157 158 47 48 49 141 142 143 8 9 10 11 12 0 1 2 3 4 5 
546 546 546 546 546 546 733 733 752 752 752 752 752 595 595 595 595 595 595 595 595 595 595 595 595 595 989 989 989 989 640 640 989 989 989 989 511 511 511 511 511 511 755 755 755 755 755 586 586 586 309 309 309 309 309 309 703 703 703 703 703 657 657 982 982 982 982 982 982 982 982 982 982 852 852 852 852 852 640 640 657 657 907 907 907 503 503 852 852 852 852 852 593 593 593 593 593 309 309 309 309 309 309 592 592 592 592 592 592 155 155 155 155 907 907 907 503 503 155 155 155 155 644 644 644 644 644 644 703 703 703 703 703 593 593 593 593 593 904 904 904 332 332 332 595 595 595 595 595 595 595 595 595 595 595 595 595 531 531 904 904 904 511 511 511 511 511 511 755 755 755 755 755 733 733 644 644 644 644 644 644 531 531 586 586 586 332 332 332 752 752 752 752 752 546 546 546 546 546 546 
0 1 2 3 4 5 6 7 8 9 10 11 12 13 14 15 16 17 18 19 20 21 22 23 24 25 26 27 28 29 30 31 26 27 28 29 32 33 34 35 36 37 38 39 40 41 42 43 44 45 46 47 48 49 50 51 52 53 54 55 56 57 58 59 60 61 62 63 59 60 61 62 63 64 65 66 67 68 30 31 57 58 69 70 71 72 73 64 65 66 67 68 74 75 76 77 78 46 47 48 49 50 51 79 79 80 80 81 81 82 83 84 85 69 70 71 72 73 82 83 84 85 86 87 88 89 90 91 52 53 54 55 56 74 75 76 77 78 92 93 94 95 96 97 13 14 15 16 17 18 19 20 21 22 23 24 25 98 99 92 93 94 32 33 34 35 36 37 38 39 40 41 42 6 7 86 87 88 89 90 91 98 99 43 44 45 95 96 97 8 9 10 11 12 0 1 2 3 4 5 
63647
23
5 6 3 4 6 2 5 5 3 5 2 2 3 3 5 5 6 3 4 2 2 6 13 
32 7 45 3 1 27 18 14 35 7 15 49 12 48 2 16 13 22 35 1 5 41 2 
44 58 51 6 69 37 28 43 35 59 21 64 66 67 68 17 32 36 37 59 19 62 48 
593 511 904 989 546 503 852 703 592 755 657 531 586 332 752 982 309 907 155 733 640 644 595 
4 4 4 4 4 4 19 19 14 14 14 14 14 22 22 22 22 22 22 22 22 22 22 22 22 22 3 3 3 3 20 20 3 3 3 3 1 1 1 1 1 1 9 9 9 9 9 12 12 12 16 16 16 16 16 16 7 7 7 7 7 10 10 15 15 15 15 15 15 15 15 15 15 6 6 6 6 6 20 20 10 10 17 17 17 5 5 6 6 6 6 6 0 0 0 0 0 16 16 16 16 16 16 8 8 8 8 8 8 18 18 18 18 17 17 17 5 5 18 18 18 18 21 21 21 21 21 21 7 7 7 7 7 0 0 0 0 0 2 2 2 13 13 13 22 22 22 22 22 22 22 22 22 22 22 22 22 11 11 2 2 2 1 1 1 1 1 1 9 9 9 9 9 19 19 21 21 21 21 21 21 11 11 12 12 12 13 13 13 14 14 14 14 14 4 4 4 4 4 4 