252
100
2
6 6 6 6 6 6 6 6 6 6 6 13 13 13 13 13 13 13 13 13 13 13 13 13 13 18 18 18 18 18 18 18 18 18 18 18 18 18 27 27 27 29 29 29 29 29 29 29 29 29 29 29 29 29 29 29 29 29 29 29 29 29 30 30 30 30 30 30 30 30 30 30 30 30 30 34 34 34 34 34 34 34 34 34 34 34 34 36 36 36 36 36 36 36 36 42 42 42 42 42 42 42 42 42 42 42 42 44 44 44 44 44 44 45 45 45 46 46 46 46 46 46 46 46 46 46 46 46 46 46 48 48 48 48 48 48 48 48 51 51 51 51 51 51 51 51 51 51 51 57 57 57 57 57 58 58 58 58 58 58 58 58 58 58 60 60 60 60 60 60 60 60 60 60 60 60 60 60 60 60 60 60 63 63 63 63 63 63 63 63 63 63 63 63 63 63 63 63 63 63 
149 150 151 152 153 107 108 109 110 111 112 116 117 118 119 120 121 122 123 124 125 126 127 128 129 62 63 64 65 66 67 68 69 70 71 72 73 74 113 114 115 138 139 140 141 142 143 144 145 146 147 148 154 155 156 157 158 159 160 161 162 163 25 26 27 28 29 30 31 32 33 34 35 36 37 95 96 97 98 99 100 101 102 103 104 105 106 130 131 132 133 134 135 136 137 75 76 77 78 79 80 81 82 83 84 85 86 5 6 7 8 9 10 38 39 40 11 12 13 14 15 16 17 18 19 20 21 22 23 24 87 88 89 90 91 92 93 94 41 42 43 44 45 46 47 48 49 50 51 0 1 2 3 4 52 53 54 55 56 57 58 59 60 61 182 183 184 185 186 187 188 189 190 191 192 193 194 195 196 197 198 199 164 165 166 167 168 169 170 171 172 173 174 175 176 177 178 179 180 181 
976 976 976 976 976 711 711 711 711 711 711 219 219 219 219 219 219 219 219 219 219 219 219 219 219 199 199 199 199 199 199 199 199 199 199 199 199 199 852 852 852 912 912 912 912 912 912 912 912 912 912 912 280 280 280 280 280 280 280 280 280 280 199 199 199 199 199 199 199 199 199 199 199 199 199 453 453 453 453 453 453 453 453 453 453 453 453 506 506 506 506 506 506 506 506 453 453 453 453 453 453 453 453 453 453 453 453 711 711 711 711 711 711 852 852 852 219 219 219 219 219 219 219 219 219 219 219 219 219 219 506 506 506 506 506 506 506 506 912 912 912 912 912 912 912 912 912 912 912 976 976 976 976 976 280 280 280 280 280 280 280 280 280 280 910 910 910 910 910 910 910 910 910 910 910 910 910 910 910 910 910 910 910 910 910 910 910 910 910 910 910 910 910 910 910 910 910 910 910 910 
0 1 2 3 4 5 6 7 8 9 10 11 12 13 14 15 16 17 18 19 20 21 22 23 24 25 26 27 28 29 30 31 32 33 34 35 36 37 38 39 40 41 42 43 44 45 46 47 48 49 50 51 52 53 54 55 56 57 58 59 60 61 25 26 27 28 29 30 31 32 33 34 35 36 37 62 63 64 65 66 67 68 69 70 71 72 73 74 75 76 77 78 79 80 81 62 63 64 65 66 67 68 69 70 71 72 73 5 6 7 8 9 10 38 39 40 11 12 13 14 15 16 17 18 19 20 21 22 23 24 74 75 76 77 78 79 80 81 41 42 43 44 45 46 47 48 49 50 51 0 1 2 3 4 52 53 54 55 56 57 58 59 60 61 82 83 84 85 86 87 88 89 90 91 92 93 94 95 96 97 98 99 82 83 84 85 86 87 88 89 90 91 92 93 94 95 96 97 98 99 
56051
10
18 3 5 13 12 6 11 8 14 10 
60 27 6 18 34 6 29 36 13 29 
63 45 57 30 42 44 51 48 46 58 
910 852 976 199 453 711 912 506 219 280 
2 2 2 2 2 5 5 5 5 5 5 8 8 8 8 8 8 8 8 8 8 8 8 8 8 3 3 3 3 3 3 3 3 3 3 3 3 3 1 1 1 6 6 6 6 6 6 6 6 6 6 6 9 9 9 9 9 9 9 9 9 9 3 3 3 3 3 3 3 3 3 3 3 3 3 4 4 4 4 4 4 4 4 4 4 4 4 7 7 7 7 7 7 7 7 4 4 4 4 4 4 4 4 4 4 4 4 5 5 5 5 5 5 1 1 1 8 8 8 8 8 8 8 8 8 8 8 8 8 8 7 7 7 7 7 7 7 7 6 6 6 6 6 6 6 6 6 6 6 2 2 2 2 2 9 9 9 9 9 9 9 9 9 9 0 0 0 0 0 0 0 0 0 0 0 0 0 0 0 0 0 0 0 0 0 0 0 0 0 0 0 0 0 0 0 0 0 0 0 0 