306
100
2
3 3 3 4 4 4 4 4 4 5 5 5 5 5 6 6 6 6 6 6 8 8 8 8 8 8 8 11 11 11 11 11 12 12 12 12 12 12 12 14 14 14 15 15 15 15 15 15 15 18 18 18 18 18 18 18 19 19 19 19 19 19 19 19 24 24 24 25 25 25 25 25 26 26 26 26 26 26 26 26 26 26 26 31 31 31 31 35 35 35 35 35 40 40 40 40 40 40 40 40 40 40 40 40 40 43 43 43 43 44 44 44 44 44 46 46 46 46 46 46 46 46 46 46 46 46 46 46 47 47 47 47 47 48 51 51 51 51 51 54 54 54 54 54 54 54 57 57 57 57 57 57 57 58 58 58 58 58 58 58 58 58 58 58 58 58 59 59 59 59 59 61 61 61 61 61 61 61 62 62 62 62 62 62 66 66 66 66 66 66 66 66 66 66 66 70 70 70 70 70 
61 62 63 178 179 180 181 182 183 184 185 186 187 188 189 190 191 192 193 194 171 172 173 174 175 176 177 166 167 168 169 170 76 77 78 79 80 81 82 64 65 66 49 50 51 52 53 54 55 42 43 44 45 46 47 48 67 68 69 70 71 0 1 2 39 40 41 56 57 58 59 60 105 106 107 108 32 33 34 35 36 37 38 129 130 131 132 195 196 197 198 199 153 154 155 156 157 158 159 160 161 162 163 164 165 72 73 74 75 134 135 136 137 138 146 147 148 149 150 151 152 139 140 141 142 143 144 145 133 83 84 85 86 128 109 110 111 112 113 121 122 123 124 125 126 127 114 115 116 117 118 119 120 92 93 94 95 96 97 98 99 100 101 102 103 104 27 28 29 30 31 20 21 22 23 24 25 26 3 4 5 6 7 8 9 10 11 12 13 14 15 16 17 18 19 87 88 89 90 91 
837 837 837 565 565 565 565 565 565 969 969 969 969 969 568 568 568 568 568 568 453 453 453 453 453 453 453 828 828 828 828 828 533 533 533 533 533 533 533 443 443 443 575 575 575 575 575 575 575 575 575 575 575 575 575 575 263 263 263 263 263 837 837 837 443 443 443 263 263 263 263 263 885 885 885 885 533 533 533 533 533 533 533 368 368 368 368 828 828 828 828 828 773 773 773 773 773 773 773 773 773 773 773 773 773 885 885 885 885 881 881 881 881 881 661 661 661 661 661 661 661 505 505 505 505 505 505 505 635 368 368 368 368 635 881 881 881 881 881 505 505 505 505 505 505 505 661 661 661 661 661 661 661 773 773 773 773 773 773 773 773 773 773 773 773 773 828 828 828 828 828 453 453 453 453 453 453 453 565 565 565 565 565 565 969 969 969 969 969 568 568 568 568 568 568 828 828 828 828 828 
0 1 2 3 4 5 6 7 8 9 10 11 12 13 14 15 16 17 18 19 20 21 22 23 24 25 26 27 28 29 30 31 32 33 34 35 36 37 38 39 40 41 42 43 44 45 46 47 48 42 43 44 45 46 47 48 49 50 51 52 53 0 1 2 39 40 41 49 50 51 52 53 54 55 56 57 32 33 34 35 36 37 38 58 59 60 61 62 63 64 65 66 67 68 69 70 71 72 73 74 75 76 77 78 79 54 55 56 57 80 81 82 83 84 85 86 87 88 89 90 91 92 93 94 95 96 97 98 99 58 59 60 61 99 80 81 82 83 84 92 93 94 95 96 97 98 85 86 87 88 89 90 91 67 68 69 70 71 72 73 74 75 76 77 78 79 27 28 29 30 31 20 21 22 23 24 25 26 3 4 5 6 7 8 9 10 11 12 13 14 15 16 17 18 19 62 63 64 65 66 
64268
18
5 4 7 5 1 3 6 5 5 7 3 7 5 7 4 6 7 13 
35 26 46 11 47 14 4 19 5 46 3 8 44 15 31 6 12 40 
70 43 57 59 48 24 62 25 66 54 19 61 51 18 47 66 26 58 
828 885 661 828 635 443 565 263 969 505 837 453 881 575 368 568 533 773 
10 10 10 6 6 6 6 6 6 8 8 8 8 8 15 15 15 15 15 15 11 11 11 11 11 11 11 3 3 3 3 3 16 16 16 16 16 16 16 5 5 5 13 13 13 13 13 13 13 13 13 13 13 13 13 13 7 7 7 7 7 10 10 10 5 5 5 7 7 7 7 7 1 1 1 1 16 16 16 16 16 16 16 14 14 14 14 0 0 0 0 0 17 17 17 17 17 17 17 17 17 17 17 17 17 1 1 1 1 12 12 12 12 12 2 2 2 2 2 2 2 9 9 9 9 9 9 9 4 14 14 14 14 4 12 12 12 12 12 9 9 9 9 9 9 9 2 2 2 2 2 2 2 17 17 17 17 17 17 17 17 17 17 17 17 17 3 3 3 3 3 11 11 11 11 11 11 11 6 6 6 6 6 6 8 8 8 8 8 15 15 15 15 15 15 0 0 0 0 0 