583
100
2
3 8 8 8 8 9 9 9 9 9 9 9 11 11 11 11 15 15 15 15 15 16 16 16 16 16 16 16 19 19 19 19 19 19 19 22 22 22 22 24 24 24 24 24 24 25 25 25 25 27 27 27 27 27 27 27 28 28 28 28 28 28 28 28 28 28 28 29 29 29 29 29 29 29 29 29 29 29 29 29 29 29 29 29 29 29 29 31 31 32 32 32 32 33 33 33 33 33 34 34 34 34 34 34 37 37 37 37 37 37 37 37 37 37 37 37 37 37 37 38 38 38 38 38 40 40 40 40 40 40 40 40 40 40 41 41 42 42 42 49 49 50 50 50 50 50 50 52 52 52 52 52 52 52 52 52 52 52 52 54 54 54 54 54 54 57 58 58 58 58 58 59 59 59 59 59 59 59 62 62 62 62 62 62 62 62 64 64 64 64 64 64 64 64 64 70 70 70 70 70 
165 35 36 37 38 28 29 30 31 32 33 34 186 187 188 189 93 94 95 96 97 127 128 129 130 131 132 133 5 6 7 8 9 10 11 1 2 3 4 98 99 100 101 102 103 178 179 180 181 56 57 58 59 60 61 62 49 50 51 52 53 54 55 89 90 91 92 119 120 121 122 123 104 105 106 107 108 109 110 111 112 113 114 115 116 117 118 139 140 63 64 65 66 16 17 18 19 20 39 40 41 42 43 44 72 73 74 75 76 77 78 79 80 81 82 83 84 85 86 67 68 69 70 71 141 142 143 21 22 23 24 25 26 27 159 160 144 145 146 87 88 124 125 126 136 137 138 190 191 192 193 194 171 172 173 174 175 176 177 134 135 182 183 184 185 0 195 196 197 198 199 152 153 154 155 156 157 158 45 46 47 48 161 162 163 164 12 13 14 15 147 148 149 150 151 166 167 168 169 170 
303 277 277 277 277 724 724 724 724 724 724 724 844 844 844 844 710 710 710 710 710 487 487 487 487 487 487 487 724 724 724 724 724 724 724 277 277 277 277 153 153 153 153 153 153 504 504 504 504 302 302 302 302 302 302 302 302 302 302 302 302 302 302 953 953 953 953 732 732 732 732 732 931 931 931 931 931 931 931 931 931 931 931 931 931 931 931 862 862 953 953 953 953 710 710 710 710 710 153 153 153 153 153 153 931 931 931 931 931 931 931 931 931 931 931 931 931 931 931 732 732 732 732 732 416 416 416 487 487 487 487 487 487 487 366 366 290 290 290 862 862 416 416 416 290 290 290 863 863 863 863 863 921 921 921 921 921 921 921 366 366 285 285 285 285 303 643 643 643 643 643 921 921 921 921 921 921 921 504 504 504 504 285 285 285 285 844 844 844 844 863 863 863 863 863 643 643 643 643 643 
0 1 2 3 4 5 6 7 8 9 10 11 12 13 14 15 16 17 18 19 20 21 22 23 24 25 26 27 5 6 7 8 9 10 11 1 2 3 4 28 29 30 31 32 33 34 35 36 37 38 39 40 41 42 43 44 38 39 40 41 42 43 44 45 46 47 48 49 50 51 52 53 54 55 56 57 58 59 60 61 62 63 64 65 66 67 68 69 70 45 46 47 48 16 17 18 19 20 28 29 30 31 32 33 54 55 56 57 58 59 60 61 62 63 64 65 66 67 68 49 50 51 52 53 71 72 73 21 22 23 24 25 26 27 74 75 76 77 78 69 70 71 72 73 76 77 78 79 80 81 82 83 84 85 86 87 88 89 90 74 75 91 92 93 94 0 95 96 97 98 99 84 85 86 87 88 89 90 34 35 36 37 91 92 93 94 12 13 14 15 79 80 81 82 83 95 96 97 98 99 
62990
20
4 4 2 6 2 5 7 1 4 4 5 7 3 4 7 3 5 5 7 15 
11 25 31 24 41 29 27 3 28 8 52 52 40 54 16 42 58 15 9 29 
64 62 49 34 54 38 28 57 32 22 64 59 50 62 40 50 70 33 19 37 
844 504 862 153 366 732 302 303 953 277 863 921 416 285 487 290 643 710 724 931 
7 9 9 9 9 18 18 18 18 18 18 18 0 0 0 0 17 17 17 17 17 14 14 14 14 14 14 14 18 18 18 18 18 18 18 9 9 9 9 3 3 3 3 3 3 1 1 1 1 6 6 6 6 6 6 6 6 6 6 6 6 6 6 8 8 8 8 5 5 5 5 5 19 19 19 19 19 19 19 19 19 19 19 19 19 19 19 2 2 8 8 8 8 17 17 17 17 17 3 3 3 3 3 3 19 19 19 19 19 19 19 19 19 19 19 19 19 19 19 5 5 5 5 5 12 12 12 14 14 14 14 14 14 14 4 4 15 15 15 2 2 12 12 12 15 15 15 10 10 10 10 10 11 11 11 11 11 11 11 4 4 13 13 13 13 7 16 16 16 16 16 11 11 11 11 11 11 11 1 1 1 1 13 13 13 13 0 0 0 0 10 10 10 10 10 16 16 16 16 16 