159
100
2
1 2 2 2 2 2 2 2 2 5 5 5 6 6 6 6 6 6 6 6 6 8 8 10 10 10 10 12 12 12 12 13 13 13 13 13 13 13 13 13 13 15 15 15 15 15 15 15 15 15 17 17 17 17 17 19 19 19 19 19 19 19 19 19 19 21 21 21 21 21 21 21 22 22 22 22 23 23 24 24 24 24 26 26 26 26 27 27 27 27 27 27 27 27 34 34 34 34 34 34 34 34 34 35 35 35 35 35 35 35 35 35 35 37 37 37 37 37 37 37 37 37 37 37 37 37 37 37 37 39 39 39 39 41 41 41 42 42 42 42 42 42 42 42 42 42 42 42 42 43 43 43 43 43 50 50 50 50 51 51 51 51 51 51 53 53 53 53 53 53 53 53 54 54 54 54 57 57 57 57 57 57 60 60 62 62 62 62 62 62 62 62 68 68 68 68 68 69 69 69 
153 164 165 166 167 168 169 170 171 133 134 135 129 130 131 132 108 109 110 111 112 182 183 82 83 84 85 90 91 92 93 178 179 180 181 143 144 145 146 147 148 94 95 96 97 98 99 100 101 102 192 193 194 195 196 119 120 121 122 123 124 125 126 127 128 136 137 138 139 140 141 142 172 173 174 175 176 177 149 150 151 152 23 24 25 26 154 155 156 157 27 28 29 30 41 42 43 44 45 46 47 48 49 184 185 186 187 188 16 17 18 19 20 158 159 160 161 162 163 55 56 57 58 59 60 61 62 63 64 12 13 14 15 9 10 11 65 66 67 68 69 70 71 35 36 37 38 39 40 78 79 80 81 0 86 87 88 89 113 114 115 116 117 118 1 2 3 4 5 6 7 8 72 73 74 75 76 77 31 32 33 34 21 22 103 104 105 106 107 197 198 199 50 51 52 53 54 189 190 191 
180 570 570 570 570 570 570 570 570 927 927 927 584 584 584 584 807 807 807 807 807 285 285 336 336 336 336 993 993 993 993 409 409 409 409 919 919 919 919 919 919 690 690 690 690 690 690 690 690 690 775 775 775 775 775 905 905 905 905 905 905 905 905 905 905 789 789 789 789 789 789 789 819 819 819 819 436 436 910 910 910 910 336 336 336 336 160 160 160 160 993 993 993 993 690 690 690 690 690 690 690 690 690 655 655 655 655 655 807 807 807 807 807 965 965 965 965 965 965 905 905 905 905 905 905 905 905 905 905 584 584 584 584 927 927 927 789 789 789 789 789 789 789 919 919 919 919 919 919 910 910 910 910 180 160 160 160 160 965 965 965 965 965 965 570 570 570 570 570 570 570 570 819 819 819 819 436 436 409 409 409 409 285 285 655 655 655 655 655 254 254 254 775 775 775 775 775 254 254 254 
0 1 2 3 4 5 6 7 8 9 10 11 12 13 14 15 16 17 18 19 20 21 22 23 24 25 26 27 28 29 30 31 32 33 34 35 36 37 38 39 40 41 42 43 44 45 46 47 48 49 50 51 52 53 54 55 56 57 58 59 60 61 62 63 64 65 66 67 68 69 70 71 72 73 74 75 76 77 78 79 80 81 23 24 25 26 82 83 84 85 27 28 29 30 41 42 43 44 45 46 47 48 49 86 87 88 89 90 16 17 18 19 20 91 92 93 94 95 96 55 56 57 58 59 60 61 62 63 64 12 13 14 15 9 10 11 65 66 67 68 69 70 71 35 36 37 38 39 40 78 79 80 81 0 82 83 84 85 91 92 93 94 95 96 1 2 3 4 5 6 7 8 72 73 74 75 76 77 31 32 33 34 21 22 86 87 88 89 90 97 98 99 50 51 52 53 54 97 98 99 
69841
21
4 4 8 4 4 4 7 5 2 5 2 5 3 4 6 4 3 9 6 1 10 
10 6 2 27 22 24 21 35 8 6 23 17 5 12 37 13 62 15 13 1 19 
26 39 53 50 54 43 42 62 60 35 57 68 41 27 51 57 69 34 42 43 37 
336 584 570 160 819 910 789 655 285 807 436 775 927 993 965 409 254 690 919 180 905 
19 2 2 2 2 2 2 2 2 12 12 12 1 1 1 1 9 9 9 9 9 8 8 0 0 0 0 13 13 13 13 15 15 15 15 18 18 18 18 18 18 17 17 17 17 17 17 17 17 17 11 11 11 11 11 20 20 20 20 20 20 20 20 20 20 6 6 6 6 6 6 6 4 4 4 4 10 10 5 5 5 5 0 0 0 0 3 3 3 3 13 13 13 13 17 17 17 17 17 17 17 17 17 7 7 7 7 7 9 9 9 9 9 14 14 14 14 14 14 20 20 20 20 20 20 20 20 20 20 1 1 1 1 12 12 12 6 6 6 6 6 6 6 18 18 18 18 18 18 5 5 5 5 19 3 3 3 3 14 14 14 14 14 14 2 2 2 2 2 2 2 2 4 4 4 4 10 10 15 15 15 15 8 8 7 7 7 7 7 16 16 16 11 11 11 11 11 16 16 16 