436
100
2
3 3 3 5 5 5 5 5 11 11 13 13 13 13 13 13 13 13 13 13 13 13 14 14 14 14 14 14 14 14 14 14 14 14 14 14 14 14 15 15 15 15 15 15 15 15 15 15 17 17 17 17 17 17 17 19 19 19 19 21 21 21 21 21 21 21 21 21 21 21 21 21 21 21 21 21 21 22 22 25 25 25 25 29 29 29 29 34 34 34 34 34 34 34 34 34 34 35 35 35 35 35 36 36 36 43 43 43 43 43 44 44 44 44 44 44 44 44 44 44 44 44 44 44 45 45 45 45 47 47 49 49 49 49 51 51 51 51 51 51 51 52 52 52 52 52 52 52 52 53 53 53 53 53 53 53 53 53 53 53 53 53 53 57 58 58 59 59 59 59 59 60 60 60 61 62 62 62 62 62 63 63 63 63 63 63 63 64 64 64 64 64 64 64 68 68 68 69 69 69 
197 198 199 187 188 189 190 191 192 193 102 103 104 59 60 61 62 175 176 177 178 179 118 119 120 121 122 123 38 39 89 90 91 92 93 94 95 96 28 29 141 142 143 144 145 146 147 148 180 181 182 183 184 185 186 106 107 108 109 13 14 15 16 149 150 151 152 153 154 155 156 157 158 159 160 161 162 172 173 124 125 126 127 130 131 132 133 164 165 30 31 32 33 34 35 36 37 166 167 168 169 170 10 11 12 171 55 56 57 58 194 195 196 134 135 136 137 138 22 23 24 25 26 27 79 80 81 82 139 140 83 84 85 86 113 114 115 116 117 128 129 40 41 42 43 44 45 46 47 63 64 65 66 67 68 69 70 71 72 73 74 75 76 174 87 88 97 98 99 100 101 105 77 78 163 17 18 19 20 21 48 49 50 51 52 53 54 3 4 5 6 7 8 9 110 111 112 0 1 2 
927 927 927 719 719 719 719 719 423 423 681 681 681 747 747 747 747 511 511 511 511 511 713 713 713 713 713 713 796 796 658 658 658 658 658 658 658 658 796 796 198 198 198 198 198 198 198 198 696 696 696 696 696 696 696 578 578 578 578 747 747 747 747 256 256 256 256 256 256 256 256 256 256 256 256 256 256 848 848 658 658 658 658 467 467 467 467 992 992 658 658 658 658 658 658 658 658 848 848 848 848 848 681 681 681 970 578 578 578 578 612 612 612 999 999 999 999 999 713 713 713 713 713 713 658 658 658 658 929 929 467 467 467 467 999 999 999 999 999 929 929 198 198 198 198 198 198 198 198 256 256 256 256 256 256 256 256 256 256 256 256 256 256 995 992 992 848 848 848 848 848 970 848 848 995 511 511 511 511 511 696 696 696 696 696 696 696 719 719 719 719 719 423 423 612 612 612 927 927 927 
0 1 2 3 4 5 6 7 8 9 10 11 12 13 14 15 16 17 18 19 20 21 22 23 24 25 26 27 28 29 30 31 32 33 34 35 36 37 28 29 38 39 40 41 42 43 44 45 46 47 48 49 50 51 52 53 54 55 56 13 14 15 16 57 58 59 60 61 62 63 64 65 66 67 68 69 70 71 72 73 74 75 76 77 78 79 80 81 82 30 31 32 33 34 35 36 37 83 84 85 86 87 10 11 12 88 53 54 55 56 89 90 91 92 93 94 95 96 22 23 24 25 26 27 73 74 75 76 97 98 77 78 79 80 92 93 94 95 96 97 98 38 39 40 41 42 43 44 45 57 58 59 60 61 62 63 64 65 66 67 68 69 70 99 81 82 83 84 85 86 87 88 71 72 99 17 18 19 20 21 46 47 48 49 50 51 52 3 4 5 6 7 8 9 89 90 91 0 1 2 
61368
23
3 3 3 5 5 6 1 1 2 2 4 5 2 7 2 2 8 4 4 5 8 4 14 
13 44 3 44 35 14 57 43 47 22 25 5 34 17 11 14 14 13 29 13 15 19 21 
36 68 69 51 59 44 61 60 51 60 45 64 58 63 64 15 34 21 49 62 52 43 53 
681 612 927 999 848 713 995 970 929 848 658 719 992 696 423 796 658 747 467 511 198 578 256 
2 2 2 11 11 11 11 11 14 14 0 0 0 17 17 17 17 19 19 19 19 19 5 5 5 5 5 5 15 15 16 16 16 16 16 16 16 16 15 15 20 20 20 20 20 20 20 20 13 13 13 13 13 13 13 21 21 21 21 17 17 17 17 22 22 22 22 22 22 22 22 22 22 22 22 22 22 9 9 10 10 10 10 18 18 18 18 12 12 16 16 16 16 16 16 16 16 4 4 4 4 4 0 0 0 7 21 21 21 21 1 1 1 3 3 3 3 3 5 5 5 5 5 5 10 10 10 10 8 8 18 18 18 18 3 3 3 3 3 8 8 20 20 20 20 20 20 20 20 22 22 22 22 22 22 22 22 22 22 22 22 22 22 6 12 12 4 4 4 4 4 7 9 9 6 19 19 19 19 19 13 13 13 13 13 13 13 11 11 11 11 11 14 14 1 1 1 2 2 2 