206
100
2
2 2 2 2 2 4 4 4 4 4 4 5 6 6 7 7 7 7 7 7 7 7 7 7 7 7 7 7 7 7 7 8 8 8 8 8 8 8 11 11 11 11 11 11 11 13 13 13 13 13 13 14 14 14 14 15 15 16 16 16 16 16 16 16 16 16 16 17 17 18 18 18 18 18 19 19 19 19 19 19 19 19 20 20 20 20 21 21 21 24 24 24 27 27 27 28 28 28 28 28 28 28 28 28 28 28 28 28 28 28 28 28 28 28 28 28 28 28 30 30 30 30 31 31 31 31 31 31 31 32 32 32 32 33 36 36 36 39 40 42 42 43 43 43 46 46 46 47 47 47 47 47 47 50 50 50 50 50 53 53 53 53 54 54 54 54 55 55 55 55 58 58 58 58 58 58 58 62 63 63 64 64 64 64 64 66 66 66 66 66 66 67 67 67 67 67 67 68 68 68 
74 118 119 120 121 170 171 172 173 174 37 162 175 176 101 102 103 104 105 106 107 108 109 110 111 112 113 114 115 116 117 147 148 149 150 151 152 10 89 90 91 166 167 168 169 82 83 84 85 145 146 129 130 131 132 144 177 191 192 193 194 195 196 78 79 80 81 139 140 153 154 155 156 157 0 86 87 88 63 64 65 66 45 46 47 48 75 76 77 38 39 40 197 198 199 185 186 187 188 189 190 14 15 16 17 18 19 20 21 22 23 24 25 26 27 28 29 30 1 2 3 4 178 179 180 181 182 183 184 51 52 53 54 137 163 164 165 133 161 67 68 158 159 160 55 49 50 31 32 33 34 35 36 69 70 71 72 73 141 142 143 138 11 134 135 136 41 42 43 44 5 6 7 8 9 12 13 56 122 123 124 125 126 127 128 95 96 97 98 99 100 57 58 59 60 61 62 92 93 94 
555 847 847 847 847 493 493 493 493 493 916 761 585 585 889 889 889 889 889 889 889 889 889 889 889 889 889 889 889 889 889 718 718 718 718 718 718 916 618 618 618 493 493 493 493 825 825 825 825 202 202 964 964 964 964 661 942 880 880 880 880 880 880 811 811 811 811 677 677 599 599 599 599 599 555 452 452 452 811 811 811 811 825 825 825 825 452 452 452 618 618 618 647 647 647 410 410 410 410 410 410 889 889 889 889 889 889 889 889 889 889 889 889 889 889 889 889 889 847 847 847 847 677 677 153 153 153 153 153 964 964 964 964 501 151 151 151 501 531 677 677 283 283 283 661 202 202 718 718 718 718 718 718 599 599 599 599 599 283 283 283 531 761 151 151 151 493 493 493 493 493 493 493 493 493 585 585 942 677 677 153 153 153 153 153 410 410 410 410 410 410 880 880 880 880 880 880 647 647 647 
0 1 2 3 4 5 6 7 8 9 10 11 12 13 14 15 16 17 18 19 20 21 22 23 24 25 26 27 28 29 30 31 32 33 34 35 36 10 37 38 39 40 41 42 43 44 45 46 47 48 49 50 51 52 53 54 55 56 57 58 59 60 61 62 63 64 65 66 67 68 69 70 71 72 0 73 74 75 62 63 64 65 44 45 46 47 73 74 75 37 38 39 76 77 78 79 80 81 82 83 84 14 15 16 17 18 19 20 21 22 23 24 25 26 27 28 29 30 1 2 3 4 85 86 87 88 89 90 91 50 51 52 53 92 93 94 95 92 96 66 67 97 98 99 54 48 49 31 32 33 34 35 36 68 69 70 71 72 97 98 99 96 11 93 94 95 40 41 42 43 5 6 7 8 9 12 13 55 85 86 87 88 89 90 91 79 80 81 82 83 84 56 57 58 59 60 61 76 77 78 
64748
28
5 6 3 1 1 5 4 1 2 2 1 2 1 1 3 6 4 4 3 3 2 1 6 3 4 5 4 17 
18 8 43 2 15 4 13 4 13 6 5 17 33 40 36 16 2 14 11 27 31 15 28 19 11 31 16 7 
50 47 53 19 46 58 20 8 46 58 54 42 39 53 54 67 30 32 24 68 63 62 66 21 55 64 19 28 
599 718 283 555 661 493 825 916 202 585 761 677 501 531 151 880 847 964 618 647 677 942 410 452 493 153 811 889 
3 16 16 16 16 5 5 5 5 5 7 10 9 9 27 27 27 27 27 27 27 27 27 27 27 27 27 27 27 27 27 1 1 1 1 1 1 7 18 18 18 24 24 24 24 6 6 6 6 8 8 17 17 17 17 4 21 15 15 15 15 15 15 26 26 26 26 11 11 0 0 0 0 0 3 23 23 23 26 26 26 26 6 6 6 6 23 23 23 18 18 18 19 19 19 22 22 22 22 22 22 27 27 27 27 27 27 27 27 27 27 27 27 27 27 27 27 27 16 16 16 16 20 20 25 25 25 25 25 17 17 17 17 12 14 14 14 12 13 11 11 2 2 2 4 8 8 1 1 1 1 1 1 0 0 0 0 0 2 2 2 13 10 14 14 14 24 24 24 24 5 5 5 5 5 9 9 21 20 20 25 25 25 25 25 22 22 22 22 22 22 15 15 15 15 15 15 19 19 19 