538
100
2
6 6 6 6 8 8 8 8 15 15 15 15 15 15 15 15 15 15 15 15 15 15 15 15 16 16 18 18 22 22 22 22 22 22 22 23 23 23 24 24 24 24 24 24 27 27 27 27 27 28 28 28 28 28 28 28 28 28 28 29 29 29 32 32 32 32 32 32 32 32 32 32 32 36 36 36 36 36 39 39 39 39 39 39 39 40 40 41 41 41 41 41 41 41 41 41 41 41 41 41 41 41 41 41 41 41 41 41 43 43 43 43 43 43 46 46 46 46 46 46 46 46 47 47 47 47 47 47 47 47 47 47 48 48 49 49 49 49 49 52 52 52 52 52 53 53 53 53 53 53 53 53 53 53 54 54 56 56 57 57 57 57 57 58 58 58 58 58 60 60 60 60 60 60 60 65 65 65 65 65 67 67 67 67 67 67 67 67 67 67 67 67 67 67 70 70 70 70 70 70 
4 5 6 7 0 1 2 3 139 140 141 142 143 62 63 64 65 66 67 68 69 70 71 72 156 157 85 86 87 88 89 90 91 92 93 49 50 51 180 181 182 183 184 185 186 187 188 189 190 35 36 37 122 123 124 125 126 127 128 114 115 116 13 14 15 16 17 18 19 20 21 22 23 158 159 160 161 162 168 169 170 171 172 173 174 26 27 28 29 30 31 32 33 34 95 94 97 96 99 98 101 100 103 102 105 104 107 106 194 195 196 197 198 199 59 60 61 163 164 165 166 167 52 53 54 55 56 57 58 191 192 193 154 155 175 176 177 178 179 8 9 10 11 12 145 144 147 146 149 148 151 150 153 152 132 133 24 25 73 74 75 76 77 117 118 119 120 121 78 79 80 81 82 83 84 134 135 136 137 138 38 39 40 41 42 43 44 45 46 47 48 129 130 131 108 109 110 111 112 113 
171 171 171 171 171 171 171 171 313 313 313 313 313 683 683 683 683 683 683 683 683 683 683 683 978 978 187 187 272 272 272 272 272 272 272 645 645 645 391 391 391 391 391 391 979 979 979 979 979 645 645 645 505 505 505 505 505 505 505 871 871 871 683 683 683 683 683 683 683 683 683 683 683 953 953 953 953 953 402 402 402 402 402 402 402 187 187 272 272 272 272 272 272 272 290 290 290 290 290 290 290 290 290 290 290 290 290 290 816 816 816 816 816 816 871 871 871 246 246 246 246 246 505 505 505 505 505 505 505 645 645 645 961 961 758 758 758 758 758 313 313 313 313 313 954 954 954 954 954 954 954 954 954 954 961 961 978 978 953 953 953 953 953 246 246 246 246 246 402 402 402 402 402 402 402 758 758 758 758 758 391 391 391 391 391 391 979 979 979 979 979 645 645 645 816 816 816 816 816 816 
0 1 2 3 0 1 2 3 4 5 6 7 8 9 10 11 12 13 14 15 16 17 18 19 20 21 22 23 24 25 26 27 28 29 30 31 32 33 34 35 36 37 38 39 40 41 42 43 44 31 32 33 45 46 47 48 49 50 51 52 53 54 9 10 11 12 13 14 15 16 17 18 19 55 56 57 58 59 60 61 62 63 64 65 66 22 23 24 25 26 27 28 29 30 67 67 68 68 69 69 70 70 71 71 72 72 73 73 74 75 76 77 78 79 52 53 54 80 81 82 83 84 45 46 47 48 49 50 51 85 86 87 88 89 90 91 92 93 94 4 5 6 7 8 95 95 96 96 97 97 98 98 99 99 88 89 20 21 55 56 57 58 59 80 81 82 83 84 60 61 62 63 64 65 66 90 91 92 93 94 34 35 36 37 38 39 40 41 42 43 44 85 86 87 74 75 76 77 78 79 
57472
20
5 7 2 5 6 3 7 3 7 6 5 4 5 7 2 5 3 2 5 11 
36 39 18 53 43 23 28 29 22 24 27 6 49 41 16 46 47 48 15 15 
57 60 40 53 70 28 47 46 41 67 67 8 65 41 56 58 67 54 52 32 
953 402 187 954 816 645 505 871 272 391 979 171 758 290 978 246 645 961 313 683 
11 11 11 11 11 11 11 11 18 18 18 18 18 19 19 19 19 19 19 19 19 19 19 19 14 14 2 2 8 8 8 8 8 8 8 5 5 5 9 9 9 9 9 9 10 10 10 10 10 5 5 5 6 6 6 6 6 6 6 7 7 7 19 19 19 19 19 19 19 19 19 19 19 0 0 0 0 0 1 1 1 1 1 1 1 2 2 8 8 8 8 8 8 8 13 13 13 13 13 13 13 13 13 13 13 13 13 13 4 4 4 4 4 4 7 7 7 15 15 15 15 15 6 6 6 6 6 6 6 16 16 16 17 17 12 12 12 12 12 18 18 18 18 18 3 3 3 3 3 3 3 3 3 3 17 17 14 14 0 0 0 0 0 15 15 15 15 15 1 1 1 1 1 1 1 12 12 12 12 12 9 9 9 9 9 9 10 10 10 10 10 16 16 16 4 4 4 4 4 4 