87
100
2
2 2 2 2 2 2 2 2 2 2 2 2 2 2 2 2 2 2 6 6 6 6 6 6 6 6 6 6 6 7 7 7 7 7 9 9 9 9 9 11 11 11 11 11 13 13 13 13 13 13 13 17 17 17 17 17 21 21 21 21 21 21 21 21 21 21 21 21 21 21 21 21 27 28 28 29 29 29 29 29 29 29 29 29 29 29 29 29 29 30 30 30 30 30 30 30 31 31 31 31 31 31 32 32 32 32 32 33 33 33 33 33 35 35 35 35 39 39 39 39 39 39 39 40 40 40 40 40 40 40 40 40 40 40 40 40 40 45 45 45 45 45 45 45 45 45 45 48 48 48 48 48 48 55 55 55 55 55 55 55 55 55 55 55 55 55 55 55 55 55 55 55 56 56 56 56 56 56 66 66 66 66 66 66 66 69 69 69 69 69 69 69 69 69 69 69 69 69 69 69 
172 173 174 175 176 177 192 193 194 195 196 197 198 199 112 113 114 115 72 137 138 139 140 141 142 143 144 73 74 51 52 53 54 55 178 179 180 181 182 107 108 109 110 111 165 166 167 168 169 170 171 29 30 31 32 33 57 56 59 58 61 60 63 62 65 64 67 66 69 68 71 70 18 27 28 123 124 125 126 127 128 129 130 131 132 133 134 135 136 116 117 118 119 120 121 122 147 148 149 150 151 152 160 161 162 163 164 39 40 41 42 43 14 15 16 17 89 90 91 92 93 94 95 75 76 77 78 79 80 81 82 83 84 85 86 87 88 19 20 21 22 23 24 25 26 183 184 96 97 98 99 100 101 185 186 187 188 189 190 191 102 103 104 105 106 44 45 46 47 48 49 50 0 1 2 3 4 5 34 35 36 37 38 145 146 153 154 155 156 157 158 159 6 7 8 9 10 11 12 13 
285 285 285 285 285 285 966 966 966 966 966 966 966 966 773 773 773 773 969 632 632 632 632 632 632 632 632 507 507 424 424 424 424 424 212 212 212 212 212 564 564 564 564 564 351 351 351 351 351 351 351 424 424 424 424 424 190 190 190 190 190 190 190 190 190 190 190 190 190 190 190 190 969 507 507 590 590 590 590 590 590 590 590 590 590 590 590 590 590 693 693 693 693 693 693 693 599 599 599 599 599 599 468 468 468 468 468 564 564 564 564 564 773 773 773 773 693 693 693 693 693 693 693 590 590 590 590 590 590 590 590 590 590 590 590 590 590 632 632 632 632 632 632 632 632 744 744 599 599 599 599 599 599 574 574 574 574 574 574 574 468 468 468 468 468 351 351 351 351 351 351 351 285 285 285 285 285 285 212 212 212 212 212 744 744 574 574 574 574 574 574 574 966 966 966 966 966 966 966 966 
0 1 2 3 4 5 6 7 8 9 10 11 12 13 14 15 16 17 18 19 20 21 22 23 24 25 26 27 28 29 30 31 32 33 34 35 36 37 38 39 40 41 42 43 44 45 46 47 48 49 50 29 30 31 32 33 51 51 52 52 53 53 54 54 55 55 56 56 57 57 58 58 18 27 28 59 60 61 62 63 64 65 66 67 68 69 70 71 72 73 74 75 76 77 78 79 80 81 82 83 84 85 86 87 88 89 90 39 40 41 42 43 14 15 16 17 73 74 75 76 77 78 79 59 60 61 62 63 64 65 66 67 68 69 70 71 72 19 20 21 22 23 24 25 26 91 92 80 81 82 83 84 85 93 94 95 96 97 98 99 86 87 88 89 90 44 45 46 47 48 49 50 0 1 2 3 4 5 34 35 36 37 38 91 92 93 94 95 96 97 98 99 6 7 8 9 10 11 12 13 
54097
17
6 1 8 6 7 5 2 2 5 7 8 7 8 5 5 4 14 
31 6 6 2 55 9 45 6 32 30 21 13 2 11 7 2 29 
48 27 45 56 69 66 66 28 55 39 21 55 69 33 17 35 40 
599 969 632 285 574 212 744 507 468 693 190 351 966 564 424 773 590 
3 3 3 3 3 3 12 12 12 12 12 12 12 12 15 15 15 15 1 2 2 2 2 2 2 2 2 7 7 14 14 14 14 14 5 5 5 5 5 13 13 13 13 13 11 11 11 11 11 11 11 14 14 14 14 14 10 10 10 10 10 10 10 10 10 10 10 10 10 10 10 10 1 7 7 16 16 16 16 16 16 16 16 16 16 16 16 16 16 9 9 9 9 9 9 9 0 0 0 0 0 0 8 8 8 8 8 13 13 13 13 13 15 15 15 15 9 9 9 9 9 9 9 16 16 16 16 16 16 16 16 16 16 16 16 16 16 2 2 2 2 2 2 2 2 6 6 0 0 0 0 0 0 4 4 4 4 4 4 4 8 8 8 8 8 11 11 11 11 11 11 11 3 3 3 3 3 3 5 5 5 5 5 6 6 4 4 4 4 4 4 4 12 12 12 12 12 12 12 12 