417
100
2
1 1 1 2 2 2 3 3 3 3 3 3 3 3 3 3 3 3 4 5 5 9 9 11 11 11 11 11 11 12 12 12 12 12 12 12 12 12 14 14 14 14 14 16 16 16 16 16 16 16 16 16 18 18 18 18 18 20 20 20 20 21 21 21 21 21 21 22 23 23 23 23 24 24 24 24 24 24 24 24 24 24 24 24 24 24 24 24 24 24 24 24 24 24 24 24 24 24 24 29 29 29 29 29 29 31 37 37 37 37 37 38 38 38 38 38 40 42 42 42 42 42 42 43 43 43 43 43 43 44 44 44 44 44 44 44 45 45 45 45 45 45 45 45 45 45 45 45 45 45 45 45 45 45 47 50 50 50 50 50 52 54 54 54 54 54 58 58 60 60 60 60 62 62 62 65 65 65 65 65 65 65 65 65 66 66 67 67 67 67 69 69 69 70 70 70 70 70 70 70 
181 182 183 190 191 192 7 6 9 8 11 10 13 12 15 14 17 16 60 21 22 19 20 175 176 177 178 179 180 57 58 59 123 124 125 126 127 128 43 44 45 46 47 38 39 40 41 42 63 64 65 66 77 78 79 80 81 29 30 31 18 184 185 48 49 50 51 160 129 130 131 132 106 107 108 109 110 52 53 54 55 56 137 138 139 140 141 142 143 144 145 146 147 148 149 150 151 152 153 117 118 119 120 121 122 154 72 73 74 75 76 193 194 195 196 197 136 99 100 101 102 103 104 32 33 34 35 36 37 68 69 70 71 172 173 174 116 82 83 84 85 86 87 88 89 90 91 92 93 94 95 96 97 98 105 161 162 163 164 165 67 155 156 157 158 159 198 199 186 187 188 189 133 134 135 23 24 25 26 27 28 0 1 2 61 62 168 169 170 171 3 4 5 111 112 113 114 115 166 167 
751 751 751 549 549 549 709 709 709 709 709 709 709 709 709 709 709 709 959 504 504 504 504 296 296 296 296 296 296 803 803 803 914 914 914 914 914 914 625 625 625 625 625 625 625 625 625 625 344 344 344 344 175 175 175 175 175 803 803 803 959 384 384 344 344 344 344 176 957 957 957 957 324 324 324 324 324 175 175 175 175 175 652 652 652 652 652 652 652 652 652 652 652 652 652 652 652 652 652 804 804 804 804 804 804 946 324 324 324 324 324 391 391 391 391 391 411 804 804 804 804 804 804 914 914 914 914 914 914 957 957 957 957 607 607 607 411 652 652 652 652 652 652 652 652 652 652 652 652 652 652 652 652 652 946 549 549 549 549 549 176 549 549 549 549 549 724 724 417 417 417 417 607 607 607 296 296 296 296 296 296 751 751 751 384 384 417 417 417 417 549 549 549 391 391 391 391 391 724 724 
0 1 2 3 4 5 6 6 7 7 8 8 9 9 10 10 11 11 12 13 14 13 14 15 16 17 18 19 20 21 22 23 24 25 26 27 28 29 30 31 32 33 34 30 31 32 33 34 35 36 37 38 39 40 41 42 43 21 22 23 12 44 45 35 36 37 38 46 47 48 49 50 51 52 53 54 55 39 40 41 42 43 56 57 58 59 60 61 62 63 64 65 66 67 68 69 70 71 72 73 74 75 76 77 78 79 51 52 53 54 55 80 81 82 83 84 85 73 74 75 76 77 78 24 25 26 27 28 29 47 48 49 50 86 87 88 85 56 57 58 59 60 61 62 63 64 65 66 67 68 69 70 71 72 79 89 90 91 92 93 46 89 90 91 92 93 94 95 96 97 98 99 86 87 88 15 16 17 18 19 20 0 1 2 44 45 96 97 98 99 3 4 5 80 81 82 83 84 94 95 
58460
24
1 6 2 4 3 6 5 3 5 2 3 5 4 1 1 4 2 3 5 6 6 5 1 17 
40 11 21 23 12 12 24 1 38 5 2 14 16 22 31 60 58 44 18 29 3 50 4 24 
45 65 66 44 20 43 37 65 70 9 69 16 21 52 47 67 70 62 24 42 3 54 20 45 
411 296 384 957 803 914 324 751 391 504 549 625 344 176 946 417 724 607 175 804 709 549 959 652 
7 7 7 10 10 10 20 20 20 20 20 20 20 20 20 20 20 20 22 9 9 9 9 1 1 1 1 1 1 4 4 4 5 5 5 5 5 5 11 11 11 11 11 11 11 11 11 11 12 12 12 12 18 18 18 18 18 4 4 4 22 2 2 12 12 12 12 13 3 3 3 3 6 6 6 6 6 18 18 18 18 18 23 23 23 23 23 23 23 23 23 23 23 23 23 23 23 23 23 19 19 19 19 19 19 14 6 6 6 6 6 8 8 8 8 8 0 19 19 19 19 19 19 5 5 5 5 5 5 3 3 3 3 17 17 17 0 23 23 23 23 23 23 23 23 23 23 23 23 23 23 23 23 23 14 21 21 21 21 21 13 21 21 21 21 21 16 16 15 15 15 15 17 17 17 1 1 1 1 1 1 7 7 7 2 2 15 15 15 15 10 10 10 8 8 8 8 8 16 16 