938
100
2
1 1 1 1 1 1 2 2 3 3 3 3 4 4 4 5 5 5 5 5 5 5 5 5 5 7 7 9 9 13 13 13 13 13 15 15 15 15 15 15 15 15 15 15 15 15 15 15 15 15 15 15 15 16 16 16 16 16 16 16 16 18 19 19 19 19 19 21 21 21 21 22 22 22 22 22 22 22 22 22 22 22 22 22 22 22 26 26 26 26 26 26 26 26 26 26 26 30 30 30 30 30 30 30 30 30 30 32 32 32 32 32 37 37 38 38 38 38 38 38 38 38 40 40 40 40 40 41 41 41 42 42 42 42 42 43 44 44 44 44 44 44 44 44 46 46 46 46 46 47 47 47 47 47 47 47 47 47 48 48 48 48 48 49 49 49 49 49 49 49 49 50 50 50 50 50 51 51 55 55 55 55 55 59 59 59 65 67 67 67 67 67 67 67 67 67 69 69 69 69 
171 172 173 174 175 157 112 113 196 197 198 199 154 155 156 139 140 141 142 143 102 103 104 105 106 27 28 25 26 62 63 64 65 66 67 68 69 70 71 72 73 74 75 76 77 78 79 80 81 82 83 84 85 122 123 124 125 126 127 128 129 187 29 30 31 32 33 34 35 36 37 38 39 40 41 42 43 44 45 46 47 48 49 50 51 52 149 150 151 152 153 163 164 165 166 167 168 107 108 109 110 111 20 21 22 23 24 97 98 99 100 101 6 7 136 137 138 158 159 160 161 162 53 54 55 56 57 58 59 60 188 189 190 191 192 186 114 115 116 15 16 17 18 19 178 179 180 181 182 86 87 88 89 90 12 13 14 5 117 118 119 120 121 91 92 93 94 95 96 176 177 0 1 2 3 4 169 170 144 145 146 147 148 193 194 195 135 61 130 131 132 133 134 183 184 185 8 9 10 11 
763 763 763 763 763 414 925 925 225 225 225 225 991 991 991 591 591 591 591 591 603 603 603 603 603 923 923 923 923 275 275 275 275 275 191 191 191 191 350 350 350 350 350 350 350 350 350 350 350 350 350 350 350 425 425 425 425 425 837 837 837 715 275 275 275 275 275 191 191 191 191 350 350 350 350 350 350 350 350 350 350 350 350 350 350 350 478 478 478 478 478 795 795 795 795 795 795 728 728 728 728 728 603 603 603 603 603 728 728 728 728 728 925 925 870 870 870 806 806 806 806 806 425 425 425 425 425 837 837 837 971 971 971 971 971 581 870 870 870 591 591 591 591 591 613 613 613 613 613 478 478 478 478 478 991 991 991 414 806 806 806 806 806 795 795 795 795 795 795 806 806 763 763 763 763 763 806 806 613 613 613 613 613 743 743 743 581 715 971 971 971 971 971 743 743 743 225 225 225 225 
0 1 2 3 4 5 6 7 8 9 10 11 12 13 14 15 16 17 18 19 20 21 22 23 24 25 26 25 26 27 28 29 30 31 32 33 34 35 36 37 38 39 40 41 42 43 44 45 46 47 48 49 50 51 52 53 54 55 56 57 58 59 27 28 29 30 31 32 33 34 35 36 37 38 39 40 41 42 43 44 45 46 47 48 49 50 60 61 62 63 64 65 66 67 68 69 70 71 72 73 74 75 20 21 22 23 24 71 72 73 74 75 6 7 76 77 78 79 80 81 82 83 51 52 53 54 55 56 57 58 84 85 86 87 88 89 76 77 78 15 16 17 18 19 90 91 92 93 94 60 61 62 63 64 12 13 14 5 79 80 81 82 83 65 66 67 68 69 70 95 96 0 1 2 3 4 95 96 90 91 92 93 94 97 98 99 89 59 84 85 86 87 88 97 98 99 8 9 10 11 
60290
24
5 1 5 3 5 2 2 6 5 5 1 5 4 5 5 5 2 3 5 3 1 3 4 15 
30 18 26 38 46 2 7 26 42 5 43 38 15 16 1 5 49 4 13 16 1 59 3 15 
32 67 47 44 55 37 9 49 67 44 65 48 21 40 50 30 51 47 19 41 47 67 69 22 
728 715 478 870 613 925 923 795 971 591 581 806 191 425 763 603 806 991 275 837 414 743 225 350 
14 14 14 14 14 20 5 5 22 22 22 22 17 17 17 9 9 9 9 9 15 15 15 15 15 6 6 6 6 18 18 18 18 18 12 12 12 12 23 23 23 23 23 23 23 23 23 23 23 23 23 23 23 13 13 13 13 13 19 19 19 1 18 18 18 18 18 12 12 12 12 23 23 23 23 23 23 23 23 23 23 23 23 23 23 23 2 2 2 2 2 7 7 7 7 7 7 0 0 0 0 0 15 15 15 15 15 0 0 0 0 0 5 5 3 3 3 11 11 11 11 11 13 13 13 13 13 19 19 19 8 8 8 8 8 10 3 3 3 9 9 9 9 9 4 4 4 4 4 2 2 2 2 2 17 17 17 20 11 11 11 11 11 7 7 7 7 7 7 16 16 14 14 14 14 14 16 16 4 4 4 4 4 21 21 21 10 1 8 8 8 8 8 21 21 21 22 22 22 22 