512
100
2
5 5 5 8 8 8 8 8 8 8 8 8 9 9 9 9 9 9 9 11 11 11 11 13 13 13 13 13 16 16 16 16 16 19 19 19 19 21 21 21 21 21 21 21 23 23 23 24 33 33 33 33 33 33 33 33 33 33 33 33 36 37 37 37 37 37 37 37 37 37 37 37 37 37 37 37 37 37 37 37 37 40 40 40 42 42 42 42 42 42 42 46 46 46 46 46 46 46 46 46 47 47 47 47 47 47 47 47 47 47 47 47 47 47 47 47 47 47 47 48 48 48 48 51 51 51 51 51 51 51 51 51 51 51 51 51 51 54 54 54 54 54 54 54 54 54 54 58 58 58 58 58 58 58 58 58 58 58 58 58 58 60 60 60 60 60 60 60 60 60 60 60 60 65 65 65 65 65 65 66 66 67 67 67 67 67 67 67 67 67 67 67 67 70 70 70 70 70 70 70 
81 82 83 44 45 46 155 156 157 158 159 160 123 124 125 126 127 128 129 119 120 121 122 188 189 190 191 192 64 65 66 67 68 143 144 145 146 181 182 183 184 185 186 187 3 4 5 60 179 180 161 162 163 164 137 138 139 140 141 142 47 91 92 93 28 29 30 31 32 107 108 109 110 111 112 113 114 115 116 117 118 0 1 2 130 131 132 133 134 135 136 61 62 63 173 174 175 176 177 178 193 194 195 196 197 198 199 69 70 71 72 73 74 75 76 77 78 79 80 19 20 21 22 12 13 14 15 16 17 18 84 85 86 87 88 89 90 54 55 56 57 58 59 33 34 35 36 165 166 167 168 169 170 171 172 6 7 8 9 10 11 50 51 52 53 147 148 149 150 151 152 153 154 94 95 96 97 98 99 48 49 37 38 39 40 41 42 43 23 24 25 26 27 100 101 102 103 104 105 106 
414 414 414 444 444 444 546 546 546 546 546 546 703 703 703 703 703 703 703 740 740 740 740 449 449 449 449 449 373 373 373 373 373 582 582 582 582 241 241 241 241 241 241 241 444 444 444 848 407 407 803 803 803 803 250 250 250 250 250 250 848 230 230 230 373 373 373 373 373 444 444 444 444 444 444 444 444 444 444 444 444 414 414 414 870 870 870 870 870 870 870 230 230 230 336 336 336 336 336 336 939 939 939 939 939 939 939 444 444 444 444 444 444 444 444 444 444 444 444 740 740 740 740 703 703 703 703 703 703 703 870 870 870 870 870 870 870 250 250 250 250 250 250 582 582 582 582 232 232 232 232 232 232 232 232 546 546 546 546 546 546 803 803 803 803 232 232 232 232 232 232 232 232 336 336 336 336 336 336 407 407 241 241 241 241 241 241 241 449 449 449 449 449 939 939 939 939 939 939 939 
0 1 2 3 4 5 6 7 8 9 10 11 12 13 14 15 16 17 18 19 20 21 22 23 24 25 26 27 28 29 30 31 32 33 34 35 36 37 38 39 40 41 42 43 3 4 5 44 45 46 47 48 49 50 51 52 53 54 55 56 44 57 58 59 28 29 30 31 32 60 61 62 63 64 65 66 67 68 69 70 71 0 1 2 72 73 74 75 76 77 78 57 58 59 79 80 81 82 83 84 85 86 87 88 89 90 91 60 61 62 63 64 65 66 67 68 69 70 71 19 20 21 22 12 13 14 15 16 17 18 72 73 74 75 76 77 78 51 52 53 54 55 56 33 34 35 36 92 93 94 95 96 97 98 99 6 7 8 9 10 11 47 48 49 50 92 93 94 95 96 97 98 99 79 80 81 82 83 84 45 46 37 38 39 40 41 42 43 23 24 25 26 27 85 86 87 88 89 90 91 
50783
19
2 7 1 4 6 7 3 3 7 7 5 8 5 4 4 3 6 6 12 
33 21 24 33 33 47 5 37 9 42 16 58 13 19 11 8 46 8 37 
66 67 36 60 54 70 40 46 51 51 37 60 67 54 48 23 65 58 47 
407 241 848 803 250 939 414 230 703 870 373 232 449 582 740 444 336 546 444 
6 6 6 15 15 15 17 17 17 17 17 17 8 8 8 8 8 8 8 14 14 14 14 12 12 12 12 12 10 10 10 10 10 13 13 13 13 1 1 1 1 1 1 1 15 15 15 2 0 0 3 3 3 3 4 4 4 4 4 4 2 7 7 7 10 10 10 10 10 18 18 18 18 18 18 18 18 18 18 18 18 6 6 6 9 9 9 9 9 9 9 7 7 7 16 16 16 16 16 16 5 5 5 5 5 5 5 18 18 18 18 18 18 18 18 18 18 18 18 14 14 14 14 8 8 8 8 8 8 8 9 9 9 9 9 9 9 4 4 4 4 4 4 13 13 13 13 11 11 11 11 11 11 11 11 17 17 17 17 17 17 3 3 3 3 11 11 11 11 11 11 11 11 16 16 16 16 16 16 0 0 1 1 1 1 1 1 1 12 12 12 12 12 5 5 5 5 5 5 5 