866
100
2
4 4 4 4 4 4 7 7 7 7 7 7 10 10 10 10 11 11 11 11 11 11 11 11 14 14 14 14 14 14 14 15 15 15 15 15 15 15 16 16 16 16 16 16 16 16 18 18 18 18 18 21 21 21 21 22 25 25 25 25 25 27 27 27 27 27 27 27 27 27 28 28 28 28 28 29 30 30 30 30 30 30 30 32 32 32 32 32 32 32 32 33 33 33 33 33 33 33 33 33 33 33 33 33 33 34 34 34 34 34 34 34 34 34 34 34 34 34 39 39 39 39 39 39 40 40 40 40 40 40 42 42 42 42 42 42 42 42 48 48 48 48 48 48 48 48 48 48 48 48 48 48 49 49 49 49 52 52 52 52 52 52 52 52 52 52 52 52 52 52 55 55 55 58 58 60 60 60 60 62 62 63 63 63 63 63 63 63 63 63 63 63 67 67 67 67 67 67 67 70 
175 176 177 178 199 55 124 125 126 127 128 129 152 153 154 155 130 131 132 133 134 135 136 137 31 32 33 34 35 36 37 24 25 26 27 28 29 30 83 84 85 86 87 88 89 90 70 71 72 73 74 118 119 120 121 5 179 180 170 171 172 181 182 183 184 185 186 187 188 189 46 47 48 49 50 112 105 106 107 108 109 110 111 38 39 40 41 42 43 44 45 156 157 158 159 160 161 162 163 164 165 166 167 168 169 76 77 78 79 80 81 82 75 147 148 149 150 151 51 52 53 54 145 146 6 7 8 9 10 11 16 17 18 19 20 21 22 23 192 193 194 195 196 197 198 122 123 113 114 115 116 117 12 13 14 15 91 92 93 94 95 96 97 98 99 100 101 102 103 104 58 59 60 190 191 0 1 2 3 56 57 61 62 63 64 65 66 67 68 69 173 174 138 139 140 141 142 143 144 4 
743 743 743 743 966 342 340 340 340 340 340 340 166 166 166 166 427 427 427 427 427 427 427 427 936 936 936 936 936 936 936 936 936 936 936 936 936 936 230 230 230 230 230 230 230 230 430 430 430 430 430 192 192 192 192 342 903 903 552 552 552 684 684 684 684 684 684 684 684 684 430 430 430 430 430 621 467 467 467 467 467 467 467 230 230 230 230 230 230 230 230 416 416 416 416 416 416 416 416 416 416 416 416 416 416 467 467 467 467 467 467 467 621 603 603 603 603 603 192 192 192 192 678 678 340 340 340 340 340 340 427 427 427 427 427 427 427 427 162 162 162 162 162 162 162 678 678 603 603 603 603 603 166 166 166 166 416 416 416 416 416 416 416 416 416 416 416 416 416 416 552 552 552 351 351 743 743 743 743 903 903 684 684 684 684 684 684 684 684 684 351 351 162 162 162 162 162 162 162 966 
0 1 2 3 4 5 6 7 8 9 10 11 12 13 14 15 16 17 18 19 20 21 22 23 24 25 26 27 28 29 30 24 25 26 27 28 29 30 31 32 33 34 35 36 37 38 39 40 41 42 43 44 45 46 47 5 48 49 50 51 52 53 54 55 56 57 58 59 60 61 39 40 41 42 43 62 63 64 65 66 67 68 69 31 32 33 34 35 36 37 38 70 71 72 73 74 75 76 77 78 79 80 81 82 83 63 64 65 66 67 68 69 62 84 85 86 87 88 44 45 46 47 89 90 6 7 8 9 10 11 16 17 18 19 20 21 22 23 91 92 93 94 95 96 97 89 90 84 85 86 87 88 12 13 14 15 70 71 72 73 74 75 76 77 78 79 80 81 82 83 50 51 52 98 99 0 1 2 3 48 49 53 54 55 56 57 58 59 60 61 98 99 91 92 93 94 95 96 97 4 
47249
20
4 8 1 9 2 6 7 7 5 4 1 2 4 2 7 1 8 5 3 14 
4 16 4 27 25 7 30 48 18 21 29 39 10 58 14 4 11 34 25 33 
60 32 70 63 62 40 34 67 28 39 34 48 49 63 15 22 42 48 55 52 
743 230 966 684 903 340 467 162 430 192 621 678 166 351 936 342 427 603 552 416 
0 0 0 0 2 15 5 5 5 5 5 5 12 12 12 12 16 16 16 16 16 16 16 16 14 14 14 14 14 14 14 14 14 14 14 14 14 14 1 1 1 1 1 1 1 1 8 8 8 8 8 9 9 9 9 15 4 4 18 18 18 3 3 3 3 3 3 3 3 3 8 8 8 8 8 10 6 6 6 6 6 6 6 1 1 1 1 1 1 1 1 19 19 19 19 19 19 19 19 19 19 19 19 19 19 6 6 6 6 6 6 6 10 17 17 17 17 17 9 9 9 9 11 11 5 5 5 5 5 5 16 16 16 16 16 16 16 16 7 7 7 7 7 7 7 11 11 17 17 17 17 17 12 12 12 12 19 19 19 19 19 19 19 19 19 19 19 19 19 19 18 18 18 13 13 0 0 0 0 4 4 3 3 3 3 3 3 3 3 3 13 13 7 7 7 7 7 7 7 2 