53
100
2
3 3 3 3 3 3 3 3 3 6 6 6 6 7 7 7 7 7 7 7 7 7 7 7 7 15 15 15 15 15 22 22 22 22 22 22 22 22 22 22 22 22 22 22 22 22 22 25 25 25 25 25 25 25 25 25 25 25 25 26 26 26 26 26 26 26 26 26 26 26 26 30 30 34 34 34 34 34 34 34 34 34 35 35 35 35 35 39 39 39 39 39 39 39 39 39 39 39 39 42 42 42 42 42 42 42 42 42 42 42 42 44 44 44 44 44 44 44 44 44 44 44 44 44 44 44 44 44 44 44 44 44 44 44 44 44 45 45 45 45 47 47 47 47 47 47 47 54 54 64 64 64 64 64 64 64 64 64 64 64 64 64 64 64 64 64 64 64 64 64 64 64 64 65 65 65 65 65 65 65 69 69 69 69 69 69 69 69 70 70 70 70 70 70 70 70 70 70 70 70 
73 74 75 76 77 78 79 80 81 136 137 138 139 87 88 89 90 91 92 93 94 95 96 97 98 82 83 84 85 86 119 120 121 122 123 124 125 126 127 128 129 130 131 132 133 134 135 59 60 61 62 63 64 65 66 67 68 69 70 47 48 49 50 51 52 53 54 55 56 57 58 147 148 0 1 2 3 4 5 6 7 8 25 26 27 28 29 13 14 15 16 17 18 19 20 21 22 23 24 149 150 151 152 153 154 155 156 157 158 159 160 180 181 182 183 184 185 186 187 30 31 32 33 34 35 36 37 38 39 40 41 42 43 44 45 46 9 10 11 12 173 174 175 176 177 178 179 71 72 99 100 101 102 103 104 105 106 107 108 109 110 188 189 190 191 192 193 194 195 196 197 198 199 140 141 142 143 144 145 146 111 112 113 114 115 116 117 118 161 162 163 164 165 166 167 168 169 170 171 172 
441 441 441 441 441 441 441 441 441 568 568 568 568 152 152 152 152 152 152 152 152 152 152 152 152 856 856 856 856 856 223 223 223 223 223 223 223 223 223 223 223 223 223 223 223 223 223 388 388 388 388 388 388 388 388 388 388 388 388 388 388 388 388 388 388 388 388 388 388 388 388 560 560 441 441 441 441 441 441 441 441 441 856 856 856 856 856 152 152 152 152 152 152 152 152 152 152 152 152 152 152 152 152 152 152 152 152 152 152 152 152 204 204 204 204 204 204 204 204 223 223 223 223 223 223 223 223 223 223 223 223 223 223 223 223 223 568 568 568 568 359 359 359 359 359 359 359 560 560 152 152 152 152 152 152 152 152 152 152 152 152 359 359 359 359 359 359 359 359 359 359 359 359 359 359 359 359 359 359 359 204 204 204 204 204 204 204 204 359 359 359 359 359 359 359 359 359 359 359 359 
0 1 2 3 4 5 6 7 8 9 10 11 12 13 14 15 16 17 18 19 20 21 22 23 24 25 26 27 28 29 30 31 32 33 34 35 36 37 38 39 40 41 42 43 44 45 46 47 48 49 50 51 52 53 54 55 56 57 58 47 48 49 50 51 52 53 54 55 56 57 58 59 60 0 1 2 3 4 5 6 7 8 25 26 27 28 29 13 14 15 16 17 18 19 20 21 22 23 24 61 62 63 64 65 66 67 68 69 70 71 72 73 74 75 76 77 78 79 80 30 31 32 33 34 35 36 37 38 39 40 41 42 43 44 45 46 9 10 11 12 81 82 83 84 85 86 87 59 60 61 62 63 64 65 66 67 68 69 70 71 72 88 89 90 91 92 93 94 95 96 97 98 99 81 82 83 84 85 86 87 73 74 75 76 77 78 79 80 88 89 90 91 92 93 94 95 96 97 98 99 
32189
11
8 7 12 12 9 5 4 2 12 12 17 
44 47 42 64 3 15 6 30 25 7 22 
69 65 64 70 34 35 45 54 26 39 44 
204 359 152 359 441 856 568 560 388 152 223 
4 4 4 4 4 4 4 4 4 6 6 6 6 9 9 9 9 9 9 9 9 9 9 9 9 5 5 5 5 5 10 10 10 10 10 10 10 10 10 10 10 10 10 10 10 10 10 8 8 8 8 8 8 8 8 8 8 8 8 8 8 8 8 8 8 8 8 8 8 8 8 7 7 4 4 4 4 4 4 4 4 4 5 5 5 5 5 9 9 9 9 9 9 9 9 9 9 9 9 2 2 2 2 2 2 2 2 2 2 2 2 0 0 0 0 0 0 0 0 10 10 10 10 10 10 10 10 10 10 10 10 10 10 10 10 10 6 6 6 6 1 1 1 1 1 1 1 7 7 2 2 2 2 2 2 2 2 2 2 2 2 3 3 3 3 3 3 3 3 3 3 3 3 1 1 1 1 1 1 1 0 0 0 0 0 0 0 0 3 3 3 3 3 3 3 3 3 3 3 3 