311
100
2
4 4 4 8 8 8 8 8 8 8 8 8 8 8 8 8 8 8 8 8 8 8 8 8 8 8 11 11 11 11 11 11 11 11 11 11 11 11 15 15 15 15 18 18 18 18 18 19 19 19 19 19 21 21 21 21 21 21 21 21 21 21 21 21 21 21 21 21 21 21 21 21 21 21 27 27 27 27 27 27 27 27 27 27 28 28 28 28 28 28 28 28 30 30 30 32 32 32 32 32 32 33 33 33 35 35 35 35 35 35 35 35 35 35 35 35 35 35 35 37 37 37 37 37 37 37 37 37 37 37 37 37 38 38 38 38 38 43 43 43 43 51 51 51 51 53 53 53 53 53 53 53 53 55 55 55 55 55 55 55 55 55 55 55 55 55 55 55 56 56 56 56 56 56 56 56 56 56 56 56 56 56 56 56 56 56 60 60 60 60 67 67 67 67 67 69 69 69 69 69 
92 93 94 119 120 121 122 123 124 125 126 127 128 129 130 131 109 110 111 112 113 114 115 116 117 118 62 63 64 65 66 67 68 69 70 71 72 73 186 187 188 189 47 48 49 50 51 42 43 44 45 46 74 75 76 77 78 79 80 81 82 83 26 27 28 29 30 31 32 33 34 35 36 37 52 53 54 55 56 57 58 59 60 61 145 146 147 148 149 150 151 152 0 1 2 180 181 182 183 184 185 165 166 167 195 196 197 198 199 16 17 18 19 20 21 22 23 24 25 3 4 5 6 7 8 9 10 11 12 13 14 15 190 191 192 193 194 141 142 143 144 137 138 139 140 84 85 86 87 88 89 90 91 168 169 170 171 172 173 174 175 176 177 178 179 101 102 103 153 154 155 156 157 158 159 160 161 162 163 164 95 96 97 98 99 100 38 39 40 41 132 133 134 135 136 104 105 106 107 108 
424 424 424 507 507 507 507 507 507 507 507 507 507 507 507 507 431 431 431 431 431 431 431 431 431 431 230 230 230 230 230 230 230 230 230 230 230 230 435 435 435 435 153 153 153 153 153 153 153 153 153 153 724 724 724 724 724 724 724 724 724 724 230 230 230 230 230 230 230 230 230 230 230 230 724 724 724 724 724 724 724 724 724 724 226 226 226 226 226 226 226 226 424 424 424 262 262 262 262 262 262 937 937 937 917 917 917 917 917 431 431 431 431 431 431 431 431 431 431 507 507 507 507 507 507 507 507 507 507 507 507 507 158 158 158 158 158 681 681 681 681 681 681 681 681 226 226 226 226 226 226 226 226 490 490 490 490 490 490 490 490 490 490 490 490 937 937 937 490 490 490 490 490 490 490 490 490 490 490 490 262 262 262 262 262 262 435 435 435 435 158 158 158 158 158 917 917 917 917 917 
0 1 2 3 4 5 6 7 8 9 10 11 12 13 14 15 16 17 18 19 20 21 22 23 24 25 26 27 28 29 30 31 32 33 34 35 36 37 38 39 40 41 42 43 44 45 46 42 43 44 45 46 47 48 49 50 51 52 53 54 55 56 26 27 28 29 30 31 32 33 34 35 36 37 47 48 49 50 51 52 53 54 55 56 57 58 59 60 61 62 63 64 0 1 2 65 66 67 68 69 70 71 72 73 74 75 76 77 78 16 17 18 19 20 21 22 23 24 25 3 4 5 6 7 8 9 10 11 12 13 14 15 79 80 81 82 83 84 85 86 87 84 85 86 87 57 58 59 60 61 62 63 64 88 89 90 91 92 93 94 95 96 97 98 99 71 72 73 88 89 90 91 92 93 94 95 96 97 98 99 65 66 67 68 69 70 38 39 40 41 79 80 81 82 83 74 75 76 77 78 
44848
14
5 5 8 4 10 13 5 3 10 12 6 4 3 12 
18 35 28 43 21 8 38 4 8 55 32 15 33 11 
19 69 53 51 27 37 67 30 35 56 56 60 55 21 
153 917 226 681 724 507 158 424 431 490 262 435 937 230 
7 7 7 5 5 5 5 5 5 5 5 5 5 5 5 5 8 8 8 8 8 8 8 8 8 8 13 13 13 13 13 13 13 13 13 13 13 13 11 11 11 11 0 0 0 0 0 0 0 0 0 0 4 4 4 4 4 4 4 4 4 4 13 13 13 13 13 13 13 13 13 13 13 13 4 4 4 4 4 4 4 4 4 4 2 2 2 2 2 2 2 2 7 7 7 10 10 10 10 10 10 12 12 12 1 1 1 1 1 8 8 8 8 8 8 8 8 8 8 5 5 5 5 5 5 5 5 5 5 5 5 5 6 6 6 6 6 3 3 3 3 3 3 3 3 2 2 2 2 2 2 2 2 9 9 9 9 9 9 9 9 9 9 9 9 12 12 12 9 9 9 9 9 9 9 9 9 9 9 9 10 10 10 10 10 10 11 11 11 11 6 6 6 6 6 1 1 1 1 1 