108
100
2
1 1 4 4 4 5 6 6 9 9 9 9 9 13 13 13 13 13 17 17 17 17 17 17 17 19 19 19 19 19 19 19 19 19 19 20 20 20 20 20 23 23 23 23 23 28 28 28 28 28 28 28 33 33 33 33 34 34 34 34 34 34 34 34 34 34 36 36 36 36 36 36 36 36 36 36 36 36 36 36 36 36 37 37 37 37 37 37 37 37 38 38 38 38 38 38 38 40 40 40 40 40 40 40 41 41 41 41 41 41 41 41 41 41 41 41 41 41 41 41 41 41 41 41 41 41 41 41 42 42 42 42 43 43 43 43 43 43 43 43 43 43 43 43 43 43 43 43 43 43 43 43 43 43 43 43 48 48 48 48 48 50 50 50 50 50 50 50 50 50 50 51 51 51 51 56 56 56 56 56 59 59 59 59 59 61 62 62 62 62 62 62 64 64 64 64 64 67 67 67 
3 4 104 0 1 185 64 65 161 162 163 164 165 85 86 87 88 89 25 26 27 78 79 80 81 18 19 20 45 46 47 48 49 50 51 40 41 42 43 44 35 36 37 38 39 28 29 30 31 32 33 34 186 187 188 189 57 56 59 58 61 60 63 62 6 7 192 193 194 195 196 128 129 130 131 132 133 134 21 22 23 24 197 198 199 13 14 15 16 17 105 106 107 108 109 110 111 166 167 168 169 170 173 174 2 90 91 92 93 94 95 96 140 141 142 143 144 145 146 147 148 149 150 151 152 153 154 155 71 72 73 74 75 76 77 156 157 158 159 160 112 113 114 115 116 117 118 119 120 121 122 123 124 125 126 127 135 136 137 138 139 8 9 10 11 12 97 98 99 100 101 190 191 102 103 180 181 182 183 184 175 176 177 178 179 5 52 53 54 55 171 172 66 67 68 69 70 82 83 84 
976 976 461 976 976 151 672 672 277 277 277 277 277 812 812 812 812 812 302 302 302 931 931 931 931 302 302 302 735 735 735 735 735 735 735 355 355 355 355 355 355 355 355 355 355 735 735 735 735 735 735 735 685 685 685 685 165 165 165 165 165 165 165 165 672 672 422 422 422 422 422 751 751 751 751 852 852 852 931 931 931 931 346 346 346 812 812 812 812 812 315 315 315 315 315 315 315 163 163 163 163 163 508 508 461 315 315 315 315 315 315 315 929 929 929 929 929 929 929 929 929 929 929 929 929 929 929 929 751 751 751 751 852 852 852 327 327 327 327 327 929 929 929 929 929 929 929 929 929 929 929 929 929 929 929 929 327 327 327 327 327 277 277 277 277 277 163 163 163 163 163 912 912 508 508 317 317 317 317 317 317 317 317 317 317 151 685 685 685 685 912 912 422 422 422 422 422 346 346 346 
0 1 2 0 1 3 4 5 6 7 8 9 10 11 12 13 14 15 16 17 18 19 20 21 22 16 17 18 23 24 25 26 27 28 29 30 31 32 33 34 30 31 32 33 34 23 24 25 26 27 28 29 35 36 37 38 39 39 40 40 41 41 42 42 4 5 43 44 45 46 47 48 49 50 51 52 53 54 19 20 21 22 55 56 57 11 12 13 14 15 58 59 60 61 62 63 64 65 66 67 68 69 70 71 2 58 59 60 61 62 63 64 72 73 74 75 76 77 78 79 80 81 82 83 84 85 86 87 48 49 50 51 52 53 54 88 89 90 91 92 72 73 74 75 76 77 78 79 80 81 82 83 84 85 86 87 88 89 90 91 92 6 7 8 9 10 65 66 67 68 69 93 94 70 71 95 96 97 98 99 95 96 97 98 99 3 35 36 37 38 93 94 43 44 45 46 47 55 56 57 
56955
23
5 4 3 2 3 4 3 5 5 5 1 1 4 5 5 5 4 2 7 2 7 2 16 
36 33 37 51 17 36 36 13 9 20 5 4 17 56 43 40 34 40 19 6 38 1 41 
64 62 67 62 19 42 43 37 50 23 61 41 36 59 48 50 34 51 28 34 41 4 43 
422 685 346 912 302 751 852 812 277 355 151 461 931 317 327 163 165 508 735 672 315 976 929 
21 21 11 21 21 10 19 19 8 8 8 8 8 7 7 7 7 7 4 4 4 12 12 12 12 4 4 4 18 18 18 18 18 18 18 9 9 9 9 9 9 9 9 9 9 18 18 18 18 18 18 18 1 1 1 1 16 16 16 16 16 16 16 16 19 19 0 0 0 0 0 5 5 5 5 6 6 6 12 12 12 12 2 2 2 7 7 7 7 7 20 20 20 20 20 20 20 15 15 15 15 15 17 17 11 20 20 20 20 20 20 20 22 22 22 22 22 22 22 22 22 22 22 22 22 22 22 22 5 5 5 5 6 6 6 14 14 14 14 14 22 22 22 22 22 22 22 22 22 22 22 22 22 22 22 22 14 14 14 14 14 8 8 8 8 8 15 15 15 15 15 3 3 17 17 13 13 13 13 13 13 13 13 13 13 10 1 1 1 1 3 3 0 0 0 0 0 2 2 2 