737
100
2
2 2 2 3 3 3 3 3 3 3 3 3 3 3 3 3 3 9 9 9 9 9 9 9 9 9 9 9 9 9 9 9 9 9 9 9 9 11 11 11 11 11 11 11 11 11 11 11 11 12 12 12 18 18 18 18 18 18 18 18 20 20 20 22 22 22 22 22 22 22 27 27 27 27 27 27 27 36 36 38 38 38 38 38 38 38 38 38 38 38 41 41 41 41 41 41 41 47 47 47 47 47 48 48 48 48 48 48 48 48 51 51 51 51 51 51 51 51 51 51 55 55 55 55 55 55 55 55 55 55 55 55 56 56 57 57 57 57 57 57 57 57 57 61 61 61 61 61 61 61 61 61 61 61 61 61 61 61 61 61 61 62 62 62 62 62 62 62 62 62 62 62 62 62 62 62 66 66 66 66 67 67 67 67 67 68 68 68 68 68 68 68 68 69 69 69 69 69 69 69 
49 50 51 23 24 25 26 27 28 29 30 31 32 33 34 35 36 120 121 122 123 124 125 3 4 5 6 7 8 9 10 11 12 13 14 15 16 63 64 65 97 98 99 114 115 116 117 118 119 0 1 2 143 144 145 146 147 148 149 150 180 181 182 37 38 39 168 169 170 171 151 152 153 154 155 156 157 132 133 110 111 112 113 193 194 195 196 197 198 199 161 162 163 164 165 166 167 40 41 42 183 184 185 186 187 188 189 190 191 192 79 80 81 82 43 44 45 46 47 48 17 18 19 20 21 22 134 135 136 137 138 139 77 78 126 127 128 129 130 131 158 159 160 52 53 54 55 56 57 58 59 70 71 72 73 74 75 76 140 141 142 90 91 92 93 94 95 96 66 67 68 69 176 177 178 179 172 173 174 175 60 61 62 100 101 102 103 104 105 106 107 108 109 83 84 85 86 87 88 89 
660 660 660 272 272 272 272 272 272 272 272 272 272 272 272 272 272 332 332 332 332 332 332 272 272 272 272 272 272 272 272 272 272 272 272 272 272 186 186 186 721 721 721 234 234 234 234 234 234 660 660 660 235 235 235 235 235 235 235 235 955 955 955 186 186 186 956 956 956 956 823 823 823 823 823 823 823 260 260 651 651 651 651 799 799 799 799 799 799 799 941 941 941 941 941 941 941 721 721 721 632 632 983 983 983 983 983 983 983 983 651 651 651 651 234 234 234 234 234 234 332 332 332 332 332 332 181 181 181 181 181 181 260 260 181 181 181 181 181 181 722 722 722 235 235 235 235 235 235 235 235 823 823 823 823 823 823 823 722 722 722 941 941 941 941 941 941 941 956 956 956 956 405 405 405 405 405 405 405 405 955 955 955 632 632 983 983 983 983 983 983 983 983 799 799 799 799 799 799 799 
0 1 2 3 4 5 6 7 8 9 10 11 12 13 14 15 16 17 18 19 20 21 22 3 4 5 6 7 8 9 10 11 12 13 14 15 16 23 24 25 26 27 28 29 30 31 32 33 34 0 1 2 35 36 37 38 39 40 41 42 43 44 45 23 24 25 46 47 48 49 50 51 52 53 54 55 56 57 58 59 60 61 62 63 64 65 66 67 68 69 70 71 72 73 74 75 76 26 27 28 77 78 79 80 81 82 83 84 85 86 59 60 61 62 29 30 31 32 33 34 17 18 19 20 21 22 87 88 89 90 91 92 57 58 87 88 89 90 91 92 93 94 95 35 36 37 38 39 40 41 42 50 51 52 53 54 55 56 93 94 95 70 71 72 73 74 75 76 46 47 48 49 96 97 98 99 96 97 98 99 43 44 45 77 78 79 80 81 82 83 84 85 86 63 64 65 66 67 68 69 
55539
19
8 4 3 3 6 3 2 6 6 7 7 8 2 7 4 4 3 3 14 
18 38 11 20 9 11 47 55 11 41 38 48 36 27 22 62 2 57 3 
61 51 22 67 55 47 67 57 51 62 69 68 56 61 62 66 12 61 9 
235 651 186 955 332 721 632 181 234 941 799 983 260 823 956 405 660 722 272 
16 16 16 18 18 18 18 18 18 18 18 18 18 18 18 18 18 4 4 4 4 4 4 18 18 18 18 18 18 18 18 18 18 18 18 18 18 2 2 2 5 5 5 8 8 8 8 8 8 16 16 16 0 0 0 0 0 0 0 0 3 3 3 2 2 2 14 14 14 14 13 13 13 13 13 13 13 12 12 1 1 1 1 10 10 10 10 10 10 10 9 9 9 9 9 9 9 5 5 5 6 6 11 11 11 11 11 11 11 11 1 1 1 1 8 8 8 8 8 8 4 4 4 4 4 4 7 7 7 7 7 7 12 12 7 7 7 7 7 7 17 17 17 0 0 0 0 0 0 0 0 13 13 13 13 13 13 13 17 17 17 9 9 9 9 9 9 9 14 14 14 14 15 15 15 15 15 15 15 15 3 3 3 6 6 11 11 11 11 11 11 11 11 10 10 10 10 10 10 10 