197
100
2
2 2 2 3 3 3 3 3 3 3 3 4 4 4 4 4 4 4 4 5 5 5 5 5 5 5 5 5 5 5 5 5 5 5 5 5 5 5 5 5 5 5 5 5 5 5 5 5 5 5 5 5 5 5 5 9 9 9 9 9 9 9 9 9 9 9 15 15 17 17 17 17 17 17 17 17 18 18 18 18 18 19 19 19 19 19 19 19 19 19 21 21 21 21 21 21 21 21 22 22 22 22 22 22 22 23 23 23 23 23 27 29 29 29 31 31 31 31 31 31 31 31 33 33 33 34 34 37 37 37 37 40 45 45 45 45 45 45 45 46 46 46 46 46 46 46 46 46 46 46 49 51 51 51 51 51 51 51 51 51 51 51 52 52 52 52 52 55 55 55 55 55 55 55 55 55 55 55 55 55 60 60 61 61 61 61 67 67 69 69 69 69 69 69 69 69 69 69 69 69 
125 126 150 90 91 92 93 94 95 96 97 167 168 169 170 171 159 160 161 20 19 22 21 24 23 26 25 28 27 30 29 32 31 34 33 36 35 38 37 40 39 42 41 44 43 46 45 48 47 50 49 52 51 54 53 139 140 141 142 143 144 145 146 147 148 149 186 187 172 173 174 175 176 177 178 179 105 106 107 108 109 132 133 134 135 136 137 138 180 181 3 4 5 6 7 8 9 10 188 189 190 191 192 193 194 76 77 78 79 80 131 122 123 124 151 152 153 154 155 156 157 158 111 112 113 0 1 182 183 184 185 110 81 82 83 84 85 86 87 55 56 57 58 59 60 61 62 63 64 65 2 114 115 116 117 118 119 120 121 16 17 18 195 196 197 198 199 11 12 13 14 15 68 69 70 71 72 73 74 75 88 89 127 128 129 130 66 67 98 99 100 101 102 103 104 162 163 164 165 166 
375 375 666 565 565 565 565 565 565 565 565 559 559 559 559 559 259 259 259 346 346 346 346 346 346 346 346 346 346 346 346 346 346 346 346 346 346 346 346 346 346 346 346 346 346 346 346 346 346 346 346 346 346 346 346 600 600 600 600 600 600 401 401 401 401 401 977 977 938 938 938 938 938 938 938 938 627 627 627 627 627 821 821 821 821 821 821 821 458 458 565 565 565 565 565 565 565 565 495 495 495 495 495 495 495 627 627 627 627 627 345 589 589 589 302 302 302 302 302 302 302 302 589 589 589 375 375 360 360 360 360 345 821 821 821 821 821 821 821 600 600 600 600 600 600 401 401 401 401 401 666 302 302 302 302 302 302 302 302 259 259 259 499 499 499 499 499 559 559 559 559 559 938 938 938 938 938 938 938 938 458 458 360 360 360 360 977 977 495 495 495 495 495 495 495 499 499 499 499 499 
0 1 2 3 4 5 6 7 8 9 10 11 12 13 14 15 16 17 18 19 19 20 20 21 21 22 22 23 23 24 24 25 25 26 26 27 27 28 28 29 29 30 30 31 31 32 32 33 33 34 34 35 35 36 36 37 38 39 40 41 42 43 44 45 46 47 48 49 50 51 52 53 54 55 56 57 58 59 60 61 62 63 64 65 66 67 68 69 70 71 3 4 5 6 7 8 9 10 72 73 74 75 76 77 78 58 59 60 61 62 79 80 81 82 83 84 85 86 87 88 89 90 80 81 82 0 1 91 92 93 94 79 63 64 65 66 67 68 69 37 38 39 40 41 42 43 44 45 46 47 2 83 84 85 86 87 88 89 90 16 17 18 95 96 97 98 99 11 12 13 14 15 50 51 52 53 54 55 56 57 70 71 91 92 93 94 48 49 72 73 74 75 76 77 78 95 96 97 98 99 
52525
19
7 1 7 3 8 8 4 5 8 3 2 2 5 1 6 5 5 2 18 
19 27 22 29 31 3 37 4 17 4 19 2 18 2 9 52 9 15 5 
45 40 69 33 51 21 61 55 55 51 60 34 23 49 46 69 46 67 5 
821 345 495 589 302 565 360 559 938 259 458 375 627 666 600 499 401 977 346 
11 11 13 5 5 5 5 5 5 5 5 7 7 7 7 7 9 9 9 18 18 18 18 18 18 18 18 18 18 18 18 18 18 18 18 18 18 18 18 18 18 18 18 18 18 18 18 18 18 18 18 18 18 18 18 14 14 14 14 14 14 16 16 16 16 16 17 17 8 8 8 8 8 8 8 8 12 12 12 12 12 0 0 0 0 0 0 0 10 10 5 5 5 5 5 5 5 5 2 2 2 2 2 2 2 12 12 12 12 12 1 3 3 3 4 4 4 4 4 4 4 4 3 3 3 11 11 6 6 6 6 1 0 0 0 0 0 0 0 14 14 14 14 14 14 16 16 16 16 16 13 4 4 4 4 4 4 4 4 9 9 9 15 15 15 15 15 7 7 7 7 7 8 8 8 8 8 8 8 8 10 10 6 6 6 6 17 17 2 2 2 2 2 2 2 15 15 15 15 15 