894
100
2
1 2 2 2 2 2 2 2 2 2 2 2 2 2 2 2 2 2 2 2 2 2 2 3 3 3 3 4 4 5 5 5 5 9 9 9 9 9 9 9 10 10 10 10 12 14 16 16 16 16 17 17 17 17 17 17 17 18 19 19 19 21 21 21 21 21 21 21 21 22 22 22 22 22 22 22 22 22 22 24 24 24 24 24 25 25 25 27 27 27 27 27 29 29 29 29 30 32 32 32 32 32 32 32 32 33 33 33 33 34 34 34 38 38 38 38 38 38 38 38 38 38 42 42 42 43 43 43 43 43 43 43 43 43 43 43 43 43 43 43 43 43 43 43 44 44 44 44 45 47 47 47 47 47 48 48 48 51 52 52 52 52 52 52 52 52 52 52 53 53 53 53 55 56 56 56 56 56 56 58 58 59 59 59 61 61 61 61 62 62 62 62 63 63 67 67 69 69 70 70 
172 109 110 111 125 126 127 128 129 130 131 132 133 134 135 136 137 138 139 140 141 142 143 184 185 186 187 67 68 92 93 94 95 72 73 74 75 76 77 78 112 113 114 115 154 192 105 106 107 108 87 88 89 90 91 164 165 96 148 155 156 116 117 118 119 120 121 27 28 84 85 86 33 34 35 36 37 38 39 149 150 151 152 153 69 70 71 50 51 52 53 54 29 30 31 32 57 98 97 100 99 102 101 104 103 46 47 48 49 1 2 3 40 41 42 43 61 62 63 64 65 66 181 182 183 4 5 6 7 8 9 10 11 12 13 14 15 16 17 18 19 20 21 22 145 144 147 146 58 79 80 81 82 83 44 59 60 196 173 174 175 176 177 178 55 56 198 199 188 189 190 191 0 158 159 160 161 162 163 194 195 122 123 124 23 24 25 26 168 169 170 171 45 197 179 180 157 193 166 167 
377 643 643 643 609 609 609 609 609 609 609 609 609 609 609 609 609 609 609 609 609 609 609 495 495 495 495 806 806 897 897 897 897 660 660 660 660 660 660 660 176 176 176 176 585 976 910 910 910 910 648 648 648 648 648 762 762 388 912 573 573 999 999 999 999 999 999 806 806 606 606 606 660 660 660 660 660 660 660 236 236 236 236 236 606 606 606 648 648 648 648 648 897 897 897 897 388 813 813 813 813 813 813 813 813 910 910 910 910 643 643 643 176 176 176 176 999 999 999 999 999 999 899 899 899 609 609 609 609 609 609 609 609 609 609 609 609 609 609 609 609 609 609 609 307 307 307 307 912 236 236 236 236 236 585 573 573 645 776 776 776 776 776 776 762 762 985 985 880 880 880 880 377 776 776 776 776 776 776 569 569 899 899 899 495 495 495 495 880 880 880 880 976 376 569 569 645 376 985 985 
0 1 2 3 4 5 6 7 8 9 10 11 12 13 14 15 16 17 18 19 20 21 22 23 24 25 26 27 28 29 30 31 32 33 34 35 36 37 38 39 40 41 42 43 44 45 46 47 48 49 50 51 52 53 54 55 56 57 58 59 60 61 62 63 64 65 66 27 28 67 68 69 33 34 35 36 37 38 39 70 71 72 73 74 67 68 69 50 51 52 53 54 29 30 31 32 57 75 75 76 76 77 77 78 78 46 47 48 49 1 2 3 40 41 42 43 61 62 63 64 65 66 79 80 81 4 5 6 7 8 9 10 11 12 13 14 15 16 17 18 19 20 21 22 82 82 83 83 58 70 71 72 73 74 44 59 60 84 85 86 87 88 89 90 55 56 91 92 93 94 95 96 0 85 86 87 88 89 90 97 98 79 80 81 23 24 25 26 93 94 95 96 45 99 97 98 84 99 91 92 
66652
28
4 1 4 5 4 2 1 6 2 2 1 1 3 1 4 6 4 1 2 1 3 3 2 7 5 2 4 19 
3 1 53 17 10 58 18 52 44 17 12 51 42 14 32 21 5 19 52 63 22 2 19 9 24 4 16 2 
61 55 62 27 38 67 30 56 44 52 48 69 59 63 32 38 29 45 70 69 25 34 48 22 47 21 33 43 
495 377 880 648 176 569 388 776 307 762 585 645 899 976 813 999 897 912 985 376 606 643 573 660 236 806 910 609 
1 21 21 21 27 27 27 27 27 27 27 27 27 27 27 27 27 27 27 27 27 27 27 0 0 0 0 25 25 16 16 16 16 23 23 23 23 23 23 23 4 4 4 4 10 13 26 26 26 26 3 3 3 3 3 9 9 6 17 22 22 15 15 15 15 15 15 25 25 20 20 20 23 23 23 23 23 23 23 24 24 24 24 24 20 20 20 3 3 3 3 3 16 16 16 16 6 14 14 14 14 14 14 14 14 26 26 26 26 21 21 21 4 4 4 4 15 15 15 15 15 15 12 12 12 27 27 27 27 27 27 27 27 27 27 27 27 27 27 27 27 27 27 27 8 8 8 8 17 24 24 24 24 24 10 22 22 11 7 7 7 7 7 7 9 9 18 18 2 2 2 2 1 7 7 7 7 7 7 5 5 12 12 12 0 0 0 0 2 2 2 2 13 19 5 5 11 19 18 18 