561
100
2
1 1 1 1 1 1 1 1 1 1 2 2 2 2 2 2 2 2 2 2 6 6 6 6 6 6 6 6 6 6 6 6 6 6 6 6 6 6 6 6 6 6 6 6 6 6 6 6 6 7 7 7 8 8 8 8 8 8 8 8 8 8 8 8 8 13 13 13 21 21 21 21 21 28 28 28 28 28 28 28 28 35 35 37 37 37 37 37 37 37 37 37 37 38 38 38 38 38 38 38 38 38 38 39 39 39 39 39 39 39 39 39 39 39 39 39 44 44 44 44 44 44 44 44 44 44 44 44 44 44 44 44 44 44 44 44 47 47 47 47 47 47 47 47 47 47 47 47 47 47 47 47 50 50 60 60 60 60 60 60 60 60 60 60 60 60 60 60 60 60 60 60 60 60 60 60 65 65 65 65 65 65 65 65 66 66 66 66 66 66 66 66 66 66 66 66 66 66 66 66 
10 11 12 13 14 15 16 17 18 19 0 1 2 3 4 5 6 7 8 9 103 104 105 106 107 108 109 110 111 112 113 114 115 184 185 186 187 188 189 190 191 192 193 194 195 196 197 198 199 65 66 67 154 155 156 157 158 159 160 161 162 163 164 165 166 49 50 51 136 137 138 139 140 176 177 178 179 180 181 182 183 152 153 93 94 95 96 97 98 99 100 101 102 83 84 85 86 87 88 89 90 91 92 20 21 22 23 24 25 26 27 28 29 30 31 32 167 168 169 170 171 172 173 174 175 141 142 143 144 145 146 147 148 149 150 151 68 69 70 71 72 125 126 127 128 129 130 131 132 133 134 135 81 82 52 53 54 55 56 57 58 59 60 61 62 63 64 116 117 118 119 120 121 122 123 124 73 74 75 76 77 78 79 80 33 34 35 36 37 38 39 40 41 42 43 44 45 46 47 48 
996 996 996 996 996 996 996 996 996 996 996 996 996 996 996 996 996 996 996 996 496 496 496 496 496 496 496 496 496 496 496 496 496 648 648 648 648 648 648 648 648 648 648 648 648 648 648 648 648 994 994 994 151 151 151 151 151 151 151 151 151 151 151 151 151 994 994 994 779 779 779 779 779 638 638 638 638 638 638 638 638 569 569 680 680 680 680 680 680 680 680 680 680 680 680 680 680 680 680 680 680 680 680 496 496 496 496 496 496 496 496 496 496 496 496 496 931 931 931 931 931 931 931 931 931 851 851 851 851 851 851 851 851 851 851 851 779 779 779 779 779 851 851 851 851 851 851 851 851 851 851 851 569 569 151 151 151 151 151 151 151 151 151 151 151 151 151 931 931 931 931 931 931 931 931 931 638 638 638 638 638 638 638 638 648 648 648 648 648 648 648 648 648 648 648 648 648 648 648 648 
0 1 2 3 4 5 6 7 8 9 0 1 2 3 4 5 6 7 8 9 10 11 12 13 14 15 16 17 18 19 20 21 22 23 24 25 26 27 28 29 30 31 32 33 34 35 36 37 38 39 40 41 42 43 44 45 46 47 48 49 50 51 52 53 54 39 40 41 55 56 57 58 59 60 61 62 63 64 65 66 67 68 69 70 71 72 73 74 75 76 77 78 79 70 71 72 73 74 75 76 77 78 79 10 11 12 13 14 15 16 17 18 19 20 21 22 80 81 82 83 84 85 86 87 88 89 90 91 92 93 94 95 96 97 98 99 55 56 57 58 59 89 90 91 92 93 94 95 96 97 98 99 68 69 42 43 44 45 46 47 48 49 50 51 52 53 54 80 81 82 83 84 85 86 87 88 60 61 62 63 64 65 66 67 23 24 25 26 27 28 29 30 31 32 33 34 35 36 37 38 
66398
11
5 8 3 13 10 9 13 2 11 10 16 
21 28 7 8 37 44 6 35 44 1 6 
47 65 13 60 38 60 39 50 47 2 66 
779 638 994 151 680 931 496 569 851 996 648 
9 9 9 9 9 9 9 9 9 9 9 9 9 9 9 9 9 9 9 9 6 6 6 6 6 6 6 6 6 6 6 6 6 10 10 10 10 10 10 10 10 10 10 10 10 10 10 10 10 2 2 2 3 3 3 3 3 3 3 3 3 3 3 3 3 2 2 2 0 0 0 0 0 1 1 1 1 1 1 1 1 7 7 4 4 4 4 4 4 4 4 4 4 4 4 4 4 4 4 4 4 4 4 6 6 6 6 6 6 6 6 6 6 6 6 6 5 5 5 5 5 5 5 5 5 8 8 8 8 8 8 8 8 8 8 8 0 0 0 0 0 8 8 8 8 8 8 8 8 8 8 8 7 7 3 3 3 3 3 3 3 3 3 3 3 3 3 5 5 5 5 5 5 5 5 5 1 1 1 1 1 1 1 1 10 10 10 10 10 10 10 10 10 10 10 10 10 10 10 10 