59
100
2
2 2 5 5 5 5 5 5 5 5 5 5 5 5 5 5 5 5 5 5 14 14 14 14 14 14 14 14 14 14 14 14 23 23 23 23 23 23 23 23 23 23 23 23 25 25 25 25 25 25 25 25 25 25 25 25 31 31 31 31 31 31 31 31 31 31 31 35 35 35 35 35 35 35 35 35 35 35 35 35 35 35 35 35 35 36 36 36 36 36 36 36 40 40 40 40 40 40 40 40 40 40 40 40 40 40 40 40 40 40 40 40 40 40 40 40 40 40 40 40 42 42 42 42 42 42 42 42 42 42 43 43 43 43 43 43 43 43 43 43 43 43 46 46 46 46 46 46 46 46 46 46 46 53 53 53 53 53 53 53 53 53 53 55 55 55 55 55 55 55 55 55 57 57 64 64 64 64 64 64 64 64 64 64 64 64 64 64 64 64 64 64 64 66 66 66 66 66 66 66 
172 173 67 68 69 70 71 72 73 74 75 76 77 78 79 80 81 82 83 84 44 45 46 47 48 49 50 51 52 53 54 55 108 109 110 111 112 113 114 115 116 117 118 119 20 21 22 23 24 25 26 27 28 29 30 31 142 143 144 145 146 147 148 149 150 151 152 2 3 4 5 6 7 8 9 10 11 12 13 14 15 16 17 18 19 101 102 103 104 105 106 107 163 164 165 166 167 168 169 170 171 85 86 87 88 89 90 91 32 33 34 35 36 37 38 39 40 41 42 43 153 154 155 156 157 158 159 160 161 162 174 175 176 177 178 179 180 181 182 183 184 185 56 57 58 59 60 61 62 63 64 65 66 120 121 122 123 124 125 126 127 128 129 92 93 94 95 96 97 98 99 100 0 1 130 131 132 133 134 135 136 137 138 139 140 141 193 194 195 196 197 198 199 186 187 188 189 190 191 192 
939 939 755 755 755 755 755 755 755 755 755 755 755 755 755 755 755 755 755 755 275 275 275 275 275 275 275 275 275 275 275 275 759 759 759 759 759 759 759 759 759 759 759 759 275 275 275 275 275 275 275 275 275 275 275 275 621 621 621 621 621 621 621 621 621 621 621 755 755 755 755 755 755 755 755 755 755 755 755 755 755 755 755 755 755 999 999 999 999 999 999 999 862 862 862 862 862 862 862 862 862 999 999 999 999 999 999 999 759 759 759 759 759 759 759 759 759 759 759 759 922 922 922 922 922 922 922 922 922 922 818 818 818 818 818 818 818 818 818 818 818 818 621 621 621 621 621 621 621 621 621 621 621 922 922 922 922 922 922 922 922 922 922 862 862 862 862 862 862 862 862 862 939 939 818 818 818 818 818 818 818 818 818 818 818 818 713 713 713 713 713 713 713 713 713 713 713 713 713 713 
0 1 2 3 4 5 6 7 8 9 10 11 12 13 14 15 16 17 18 19 20 21 22 23 24 25 26 27 28 29 30 31 32 33 34 35 36 37 38 39 40 41 42 43 20 21 22 23 24 25 26 27 28 29 30 31 44 45 46 47 48 49 50 51 52 53 54 2 3 4 5 6 7 8 9 10 11 12 13 14 15 16 17 18 19 55 56 57 58 59 60 61 62 63 64 65 66 67 68 69 70 55 56 57 58 59 60 61 32 33 34 35 36 37 38 39 40 41 42 43 71 72 73 74 75 76 77 78 79 80 81 82 83 84 85 86 87 88 89 90 91 92 44 45 46 47 48 49 50 51 52 53 54 71 72 73 74 75 76 77 78 79 80 62 63 64 65 66 67 68 69 70 0 1 81 82 83 84 85 86 87 88 89 90 91 92 93 94 95 96 97 98 99 93 94 95 96 97 98 99 
73485
10
9 11 7 12 7 12 10 2 12 18 
40 31 36 43 64 14 42 2 23 5 
55 46 40 64 66 25 53 57 40 35 
862 621 999 818 713 275 922 939 759 755 
7 7 9 9 9 9 9 9 9 9 9 9 9 9 9 9 9 9 9 9 5 5 5 5 5 5 5 5 5 5 5 5 8 8 8 8 8 8 8 8 8 8 8 8 5 5 5 5 5 5 5 5 5 5 5 5 1 1 1 1 1 1 1 1 1 1 1 9 9 9 9 9 9 9 9 9 9 9 9 9 9 9 9 9 9 2 2 2 2 2 2 2 0 0 0 0 0 0 0 0 0 2 2 2 2 2 2 2 8 8 8 8 8 8 8 8 8 8 8 8 6 6 6 6 6 6 6 6 6 6 3 3 3 3 3 3 3 3 3 3 3 3 1 1 1 1 1 1 1 1 1 1 1 6 6 6 6 6 6 6 6 6 6 0 0 0 0 0 0 0 0 0 7 7 3 3 3 3 3 3 3 3 3 3 3 3 4 4 4 4 4 4 4 4 4 4 4 4 4 4 