887
100
2
1 1 1 1 1 1 8 8 8 11 11 11 11 11 11 11 11 12 12 12 13 13 13 13 13 13 13 13 13 13 14 14 14 19 19 19 19 19 20 20 25 27 27 27 27 27 27 27 27 27 27 27 27 27 27 27 27 27 27 30 30 30 30 30 30 30 31 31 32 32 35 35 35 35 35 35 35 35 35 35 35 35 35 36 36 36 44 44 44 44 44 44 44 44 44 44 44 44 44 44 44 47 47 47 47 47 47 47 47 47 47 47 47 47 47 47 47 47 47 47 47 47 48 50 50 50 50 50 50 51 51 51 51 51 51 51 52 52 52 52 52 52 52 52 52 55 55 55 55 55 55 55 55 55 56 57 57 57 57 57 57 57 58 58 58 58 58 58 58 62 62 62 62 62 62 62 62 62 62 62 62 62 62 62 62 62 62 63 63 63 63 63 64 64 64 64 67 67 69 69 
95 96 97 98 99 100 145 146 147 182 183 184 185 186 105 106 107 83 84 85 59 60 61 62 148 149 150 151 152 153 70 71 39 157 158 159 160 161 122 32 154 123 124 66 67 108 109 110 111 112 113 114 115 116 117 118 119 120 121 20 21 22 23 166 167 168 43 44 129 130 30 31 169 170 171 172 173 174 175 176 177 178 179 17 18 19 187 188 189 190 191 192 193 194 195 0 1 2 3 4 5 162 163 164 165 14 15 16 45 46 47 48 49 50 51 52 53 54 55 56 57 58 38 41 42 136 137 138 139 68 69 140 141 142 143 144 125 126 127 128 131 132 133 134 135 6 7 8 24 25 26 27 28 29 40 196 197 33 34 35 36 37 101 102 103 104 63 64 65 72 73 74 75 76 77 78 79 80 81 82 198 199 9 10 11 12 13 86 87 88 89 90 91 92 93 94 155 156 180 181 
480 480 480 480 480 480 752 752 752 434 434 434 434 434 771 771 771 930 930 930 749 749 749 749 917 917 917 917 917 917 515 515 667 935 935 935 935 935 913 667 457 279 279 712 712 677 677 677 677 677 677 677 677 677 677 677 677 677 677 749 749 749 749 858 858 858 712 712 293 293 515 515 550 550 550 550 550 282 282 282 282 282 282 930 930 930 711 711 711 711 711 625 625 625 625 480 480 480 480 480 480 546 546 546 546 771 771 771 677 677 677 677 677 677 677 677 677 677 677 677 677 677 913 279 279 490 490 490 490 293 293 360 360 360 360 360 490 490 490 490 360 360 360 360 360 752 752 752 917 917 917 917 917 917 457 877 877 935 935 935 935 935 546 546 546 546 858 858 858 550 550 550 550 550 282 282 282 282 282 282 427 427 434 434 434 434 434 711 711 711 711 711 625 625 625 625 877 877 427 427 
0 1 2 3 4 5 6 7 8 9 10 11 12 13 14 15 16 17 18 19 20 21 22 23 24 25 26 27 28 29 30 31 32 33 34 35 36 37 38 32 39 40 41 42 43 44 45 46 47 48 49 50 51 52 53 54 55 56 57 20 21 22 23 58 59 60 42 43 61 62 30 31 63 64 65 66 67 68 69 70 71 72 73 17 18 19 74 75 76 77 78 79 80 81 82 0 1 2 3 4 5 83 84 85 86 14 15 16 44 45 46 47 48 49 50 51 52 53 54 55 56 57 38 40 41 87 88 89 90 61 62 91 92 93 94 95 87 88 89 90 91 92 93 94 95 6 7 8 24 25 26 27 28 29 39 96 97 33 34 35 36 37 83 84 85 86 58 59 60 63 64 65 66 67 68 69 70 71 72 73 98 99 9 10 11 12 13 74 75 76 77 78 79 80 81 82 96 97 98 99 
62318
26
2 2 3 4 5 4 5 2 4 2 1 3 6 3 6 2 4 5 2 5 1 1 5 6 3 14 
14 57 8 13 44 47 35 27 44 32 20 30 1 12 35 62 50 51 27 19 25 14 11 13 11 27 
35 67 55 30 63 58 62 50 64 51 48 58 44 36 62 69 52 52 31 57 56 20 62 55 47 47 
515 877 752 749 711 546 550 279 625 293 913 858 480 930 282 427 490 360 712 935 457 667 434 917 771 677 
12 12 12 12 12 12 2 2 2 22 22 22 22 22 24 24 24 13 13 13 3 3 3 3 23 23 23 23 23 23 0 0 21 19 19 19 19 19 10 21 20 7 7 18 18 25 25 25 25 25 25 25 25 25 25 25 25 25 25 3 3 3 3 11 11 11 18 18 9 9 0 0 6 6 6 6 6 14 14 14 14 14 14 13 13 13 4 4 4 4 4 8 8 8 8 12 12 12 12 12 12 5 5 5 5 24 24 24 25 25 25 25 25 25 25 25 25 25 25 25 25 25 10 7 7 16 16 16 16 9 9 17 17 17 17 17 16 16 16 16 17 17 17 17 17 2 2 2 23 23 23 23 23 23 20 1 1 19 19 19 19 19 5 5 5 5 11 11 11 6 6 6 6 6 14 14 14 14 14 14 15 15 22 22 22 22 22 4 4 4 4 4 8 8 8 8 1 1 15 15 