883
100
2
1 1 1 1 1 1 13 13 13 13 13 13 14 14 14 14 14 14 14 14 14 14 14 14 14 14 14 14 14 14 14 14 14 14 14 14 14 14 16 16 16 16 16 16 16 16 16 16 16 19 19 19 19 19 22 22 22 22 24 24 24 24 24 24 24 24 24 24 24 24 24 24 24 31 31 31 32 32 32 32 35 35 35 38 38 38 38 38 41 41 41 41 44 44 44 44 44 44 47 47 47 47 47 47 47 47 47 47 47 50 50 50 50 50 50 50 50 50 50 50 50 50 50 50 50 50 50 50 50 50 52 52 52 53 53 53 53 53 53 53 53 53 53 53 53 53 53 53 53 53 53 53 53 53 53 53 53 53 53 53 53 56 56 56 56 56 56 56 56 56 56 64 64 64 64 64 64 64 64 64 64 64 64 64 64 64 64 68 68 68 68 68 70 70 70 70 70 70 70 70 
124 125 126 127 128 129 181 182 183 184 185 186 76 77 78 79 139 140 141 142 143 144 145 146 147 148 149 150 151 152 153 154 155 156 157 158 159 160 98 99 100 101 102 103 104 105 106 107 108 192 193 194 195 196 88 89 90 91 109 110 111 112 113 114 115 116 117 118 119 120 121 122 123 130 131 132 12 13 14 15 197 198 199 187 188 189 190 191 54 55 56 57 133 134 135 136 137 138 38 39 40 41 42 43 44 45 46 47 48 58 59 60 61 62 63 64 65 66 67 68 69 70 71 72 0 1 2 3 4 5 73 74 75 92 93 94 95 96 97 16 17 18 19 20 21 22 23 24 25 26 27 28 29 30 31 32 33 34 35 36 37 171 172 173 174 175 176 177 178 179 180 161 162 163 164 165 166 167 168 169 170 6 7 8 9 10 11 83 84 85 86 87 49 50 51 52 53 80 81 82 
180 180 180 180 180 180 410 410 410 410 410 410 252 252 252 252 830 830 830 830 830 830 830 830 830 830 830 830 830 830 830 830 830 830 830 830 830 830 646 646 646 646 646 646 646 646 646 646 646 347 347 347 347 347 771 771 771 771 251 251 251 251 251 251 251 251 251 251 251 251 251 251 251 287 287 287 252 252 252 252 261 261 261 720 720 720 720 720 771 771 771 771 661 661 661 661 661 661 646 646 646 646 646 646 646 646 646 646 646 251 251 251 251 251 251 251 251 251 251 251 251 251 251 251 180 180 180 180 180 180 287 287 287 661 661 661 661 661 661 830 830 830 830 830 830 830 830 830 830 830 830 830 830 830 830 830 830 830 830 830 830 347 347 347 347 347 347 347 347 347 347 347 347 347 347 347 347 347 347 347 347 410 410 410 410 410 410 720 720 720 720 720 347 347 347 347 347 261 261 261 
0 1 2 3 4 5 6 7 8 9 10 11 12 13 14 15 16 17 18 19 20 21 22 23 24 25 26 27 28 29 30 31 32 33 34 35 36 37 38 39 40 41 42 43 44 45 46 47 48 49 50 51 52 53 54 55 56 57 58 59 60 61 62 63 64 65 66 67 68 69 70 71 72 73 74 75 12 13 14 15 76 77 78 79 80 81 82 83 54 55 56 57 84 85 86 87 88 89 38 39 40 41 42 43 44 45 46 47 48 58 59 60 61 62 63 64 65 66 67 68 69 70 71 72 0 1 2 3 4 5 73 74 75 84 85 86 87 88 89 16 17 18 19 20 21 22 23 24 25 26 27 28 29 30 31 32 33 34 35 36 37 90 91 92 93 94 95 96 97 98 99 90 91 92 93 94 95 96 97 98 99 6 7 8 9 10 11 79 80 81 82 83 49 50 51 52 53 76 77 78 
51178
13
15 3 10 6 5 4 4 6 6 5 3 11 22 
24 31 56 44 19 22 14 1 13 38 35 16 14 
50 52 64 53 70 41 32 50 64 68 70 47 53 
251 287 347 661 347 771 252 180 410 720 261 646 830 
7 7 7 7 7 7 8 8 8 8 8 8 6 6 6 6 12 12 12 12 12 12 12 12 12 12 12 12 12 12 12 12 12 12 12 12 12 12 11 11 11 11 11 11 11 11 11 11 11 4 4 4 4 4 5 5 5 5 0 0 0 0 0 0 0 0 0 0 0 0 0 0 0 1 1 1 6 6 6 6 10 10 10 9 9 9 9 9 5 5 5 5 3 3 3 3 3 3 11 11 11 11 11 11 11 11 11 11 11 0 0 0 0 0 0 0 0 0 0 0 0 0 0 0 7 7 7 7 7 7 1 1 1 3 3 3 3 3 3 12 12 12 12 12 12 12 12 12 12 12 12 12 12 12 12 12 12 12 12 12 12 2 2 2 2 2 2 2 2 2 2 2 2 2 2 2 2 2 2 2 2 8 8 8 8 8 8 9 9 9 9 9 4 4 4 4 4 10 10 10 