876
100
2
8 8 8 8 8 8 8 8 8 8 8 8 8 8 9 9 9 9 9 9 9 9 9 9 9 9 9 9 11 11 11 11 11 11 11 11 11 11 11 11 11 15 15 15 15 15 15 15 15 15 15 18 18 18 18 18 18 18 18 18 18 18 19 19 19 20 20 20 20 20 20 20 20 24 24 24 24 24 24 24 24 25 25 25 25 25 25 26 26 26 26 26 26 26 26 34 34 34 34 34 34 34 34 34 34 34 34 34 34 45 45 45 45 45 45 45 45 45 45 45 45 45 45 47 47 47 47 47 47 47 47 50 50 50 50 50 50 62 62 62 62 62 62 64 64 64 64 64 64 64 64 66 66 66 66 66 66 66 66 67 67 67 67 67 67 67 67 67 67 67 67 67 67 67 67 67 67 69 69 69 69 69 69 69 69 69 69 69 70 70 70 70 70 70 70 70 70 70 70 70 
95 96 97 98 99 100 101 102 103 104 105 106 107 108 109 110 111 112 113 114 115 116 117 118 119 120 121 122 62 63 64 41 42 43 44 45 46 47 48 49 50 31 32 33 34 35 36 37 38 39 40 177 178 179 180 181 182 183 184 185 186 187 28 29 30 87 88 89 90 91 92 93 94 123 124 125 126 127 128 129 130 137 138 139 140 141 142 65 66 67 68 69 70 71 72 0 1 2 3 4 5 6 7 8 9 10 11 12 13 14 15 16 17 18 19 20 21 22 23 24 25 26 27 73 74 75 76 77 78 79 80 171 172 173 174 175 176 81 82 83 84 85 86 151 152 153 154 155 156 157 158 143 144 145 146 147 148 149 150 188 189 190 191 192 193 194 195 196 197 198 199 131 132 133 134 135 136 51 52 53 54 55 56 57 58 59 60 61 159 160 161 162 163 164 165 166 167 168 169 170 
412 412 412 412 412 412 412 412 412 412 412 412 412 412 424 424 424 424 424 424 424 424 424 424 424 424 424 424 247 247 247 549 549 549 549 549 549 549 549 549 549 549 549 549 549 549 549 549 549 549 549 597 597 597 597 597 597 597 597 597 597 597 247 247 247 487 487 487 487 487 487 487 487 508 508 508 508 508 508 508 508 393 393 393 393 393 393 487 487 487 487 487 487 487 487 412 412 412 412 412 412 412 412 412 412 412 412 412 412 424 424 424 424 424 424 424 424 424 424 424 424 424 424 508 508 508 508 508 508 508 508 848 848 848 848 848 848 393 393 393 393 393 393 539 539 539 539 539 539 539 539 539 539 539 539 539 539 539 539 663 663 663 663 663 663 663 663 663 663 663 663 848 848 848 848 848 848 597 597 597 597 597 597 597 597 597 597 597 663 663 663 663 663 663 663 663 663 663 663 663 
0 1 2 3 4 5 6 7 8 9 10 11 12 13 14 15 16 17 18 19 20 21 22 23 24 25 26 27 28 29 30 31 32 33 34 35 36 37 38 39 40 31 32 33 34 35 36 37 38 39 40 41 42 43 44 45 46 47 48 49 50 51 28 29 30 52 53 54 55 56 57 58 59 60 61 62 63 64 65 66 67 68 69 70 71 72 73 52 53 54 55 56 57 58 59 0 1 2 3 4 5 6 7 8 9 10 11 12 13 14 15 16 17 18 19 20 21 22 23 24 25 26 27 60 61 62 63 64 65 66 67 74 75 76 77 78 79 68 69 70 71 72 73 80 81 82 83 84 85 86 87 80 81 82 83 84 85 86 87 88 89 90 91 92 93 94 95 96 97 98 99 74 75 76 77 78 79 41 42 43 44 45 46 47 48 49 50 51 88 89 90 91 92 93 94 95 96 97 98 99 
52176
11
12 6 8 3 8 10 14 14 11 6 8 
67 25 20 11 64 11 8 9 18 50 24 
70 62 26 19 66 15 34 45 69 67 47 
663 393 487 247 539 549 412 424 597 848 508 
6 6 6 6 6 6 6 6 6 6 6 6 6 6 7 7 7 7 7 7 7 7 7 7 7 7 7 7 3 3 3 5 5 5 5 5 5 5 5 5 5 5 5 5 5 5 5 5 5 5 5 8 8 8 8 8 8 8 8 8 8 8 3 3 3 2 2 2 2 2 2 2 2 10 10 10 10 10 10 10 10 1 1 1 1 1 1 2 2 2 2 2 2 2 2 6 6 6 6 6 6 6 6 6 6 6 6 6 6 7 7 7 7 7 7 7 7 7 7 7 7 7 7 10 10 10 10 10 10 10 10 9 9 9 9 9 9 1 1 1 1 1 1 4 4 4 4 4 4 4 4 4 4 4 4 4 4 4 4 0 0 0 0 0 0 0 0 0 0 0 0 9 9 9 9 9 9 8 8 8 8 8 8 8 8 8 8 8 0 0 0 0 0 0 0 0 0 0 0 0 