791
100
2
1 1 2 2 2 2 2 2 2 2 2 2 3 3 4 4 4 4 4 4 5 5 5 5 5 5 5 5 5 5 5 5 5 5 5 5 5 5 5 5 5 11 11 11 11 13 13 14 14 14 14 15 15 15 15 15 15 16 16 16 17 17 17 17 18 18 18 18 18 21 21 21 21 21 21 21 21 21 23 24 24 25 25 25 25 25 25 25 25 26 26 27 28 28 28 28 28 28 29 29 29 29 31 31 31 31 31 31 31 31 31 31 31 31 31 32 32 33 37 37 37 37 37 37 37 37 37 40 40 40 40 40 40 40 40 40 40 40 40 40 40 40 40 40 40 40 40 40 40 40 40 40 40 43 43 43 43 46 47 47 47 47 48 48 48 51 51 51 52 52 52 52 52 52 52 52 54 57 61 61 61 61 62 62 62 62 62 62 62 62 65 65 65 66 66 67 67 67 67 69 
43 44 178 179 180 181 92 93 94 95 96 97 89 90 182 183 184 185 186 187 176 133 134 135 136 137 138 139 140 141 142 143 144 145 146 147 148 149 150 151 152 115 116 0 1 49 50 64 65 45 46 118 119 120 121 122 123 124 125 126 172 173 174 175 47 48 165 166 167 81 82 83 84 85 98 99 100 101 177 193 194 69 70 71 72 73 158 159 160 12 13 117 6 7 8 9 10 11 74 75 76 77 195 196 197 198 188 189 199 127 128 129 130 131 132 41 42 91 51 52 53 54 55 56 57 58 59 109 110 111 112 113 114 21 22 23 24 25 26 27 28 29 30 31 32 33 34 35 36 37 38 39 40 168 169 170 171 161 86 87 88 157 190 191 192 66 67 68 153 154 155 156 60 61 62 63 20 78 2 3 4 5 14 15 16 17 18 19 106 107 162 163 164 79 80 102 103 104 105 108 
638 638 878 878 878 878 307 307 307 307 307 307 561 561 941 941 941 941 941 941 600 527 527 527 527 527 527 527 527 527 527 527 527 527 527 527 527 527 527 527 527 574 574 638 638 876 876 958 958 876 876 395 395 395 395 395 395 573 573 573 469 469 469 469 958 958 395 395 395 855 855 855 855 855 709 709 709 709 151 809 809 855 855 855 855 855 822 822 822 561 561 935 307 307 307 307 307 307 709 709 709 709 896 896 896 896 642 642 697 289 289 289 289 289 289 574 574 935 395 395 395 395 395 395 573 573 573 289 289 289 289 289 289 527 527 527 527 527 527 527 527 527 527 527 527 527 527 527 527 527 527 527 527 593 593 593 593 455 822 822 822 455 609 609 609 395 395 395 593 593 593 593 469 469 469 469 600 151 878 878 878 878 941 941 941 941 941 941 642 642 609 609 609 809 809 896 896 896 896 697 
0 1 2 3 4 5 6 7 8 9 10 11 12 13 14 15 16 17 18 19 20 21 22 23 24 25 26 27 28 29 30 31 32 33 34 35 36 37 38 39 40 41 42 0 1 43 44 45 46 43 44 47 48 49 50 51 52 53 54 55 56 57 58 59 45 46 60 61 62 63 64 65 66 67 68 69 70 71 72 73 74 63 64 65 66 67 75 76 77 12 13 78 6 7 8 9 10 11 68 69 70 71 79 80 81 82 83 84 85 86 87 88 89 90 91 41 42 78 47 48 49 50 51 52 53 54 55 86 87 88 89 90 91 21 22 23 24 25 26 27 28 29 30 31 32 33 34 35 36 37 38 39 40 92 93 94 95 96 75 76 77 96 97 98 99 60 61 62 92 93 94 95 56 57 58 59 20 72 2 3 4 5 14 15 16 17 18 19 83 84 97 98 99 73 74 79 80 81 82 85 
60738
27
4 5 6 2 1 3 2 6 3 4 6 3 3 2 1 4 4 2 2 2 4 1 1 1 6 2 20 
2 21 15 14 5 48 11 4 16 31 2 18 25 1 27 43 17 13 24 31 21 23 31 46 31 3 5 
61 25 37 18 54 65 32 62 37 67 28 51 47 11 33 52 52 14 66 62 29 57 69 47 40 26 40 
878 855 395 958 600 609 574 941 573 896 307 395 822 638 935 593 469 876 809 642 709 151 697 455 289 561 527 
13 13 0 0 0 0 10 10 10 10 10 10 25 25 7 7 7 7 7 7 4 26 26 26 26 26 26 26 26 26 26 26 26 26 26 26 26 26 26 26 26 6 6 13 13 17 17 3 3 17 17 2 2 2 2 2 2 8 8 8 16 16 16 16 3 3 11 11 11 1 1 1 1 1 20 20 20 20 21 18 18 1 1 1 1 1 12 12 12 25 25 14 10 10 10 10 10 10 20 20 20 20 9 9 9 9 19 19 22 24 24 24 24 24 24 6 6 14 2 2 2 2 2 2 8 8 8 24 24 24 24 24 24 26 26 26 26 26 26 26 26 26 26 26 26 26 26 26 26 26 26 26 26 15 15 15 15 23 12 12 12 23 5 5 5 11 11 11 15 15 15 15 16 16 16 16 4 21 0 0 0 0 7 7 7 7 7 7 19 19 5 5 5 18 18 9 9 9 9 22 