231
100
2
4 5 5 7 7 7 7 8 9 9 10 10 11 11 11 11 11 11 11 11 11 12 12 12 12 12 13 13 13 13 13 14 14 14 14 14 14 14 14 16 16 16 16 16 19 19 19 19 19 19 19 19 19 19 19 19 19 19 19 19 19 19 19 19 19 20 20 20 20 20 23 23 23 23 23 24 24 24 24 24 24 24 24 24 24 24 24 24 24 24 24 24 24 24 24 24 24 26 27 27 27 27 27 27 27 27 27 29 30 30 30 31 31 31 31 31 31 31 32 34 34 36 36 36 36 36 36 38 38 39 39 39 39 40 40 40 40 40 40 40 41 41 41 42 42 47 47 47 47 47 47 47 47 47 47 47 48 48 48 48 48 49 49 49 50 50 50 50 50 51 57 57 57 57 57 59 59 59 59 59 61 61 61 61 61 61 61 63 63 63 63 63 63 63 63 63 63 69 69 69 
107 129 130 171 172 173 174 97 10 11 8 9 131 132 149 150 151 152 153 154 155 26 27 28 29 30 21 22 23 24 25 102 103 104 105 106 161 162 163 187 188 189 190 191 76 77 78 79 80 81 82 83 84 85 86 87 88 89 90 91 92 93 94 95 96 122 123 124 125 126 192 193 194 195 196 164 44 45 46 47 48 49 50 51 52 53 54 55 56 57 58 59 60 61 62 63 64 7 145 146 147 148 31 32 33 34 35 0 140 141 142 197 198 199 165 166 167 168 170 143 144 127 65 66 67 68 69 121 169 1 2 12 13 180 181 182 183 184 185 186 108 109 110 119 120 98 99 100 101 14 15 16 17 18 19 20 175 176 177 178 179 36 37 38 75 114 115 116 117 128 118 3 4 5 6 156 157 158 159 160 133 134 135 136 137 138 139 39 40 41 42 43 70 71 72 73 74 111 112 113 
246 322 322 213 213 213 213 691 469 469 469 469 282 282 748 748 748 748 748 748 748 361 361 361 361 361 361 361 361 361 361 615 615 615 615 615 764 764 764 536 536 536 536 536 959 959 959 959 959 959 959 959 959 959 959 959 959 959 959 959 959 959 959 959 959 532 532 532 532 532 227 227 227 227 227 873 959 959 959 959 959 959 959 959 959 959 959 959 959 959 959 959 959 959 959 959 959 691 895 895 895 895 615 615 615 615 615 246 957 957 957 594 594 594 526 526 526 526 982 238 238 661 532 532 532 532 532 661 476 322 322 282 282 167 167 167 167 167 167 167 957 957 957 238 238 895 895 895 895 748 748 748 748 748 748 748 678 678 678 678 678 764 764 764 873 526 526 526 526 476 982 213 213 213 213 678 678 678 678 678 167 167 167 167 167 167 167 536 536 536 536 536 227 227 227 227 227 594 594 594 
0 1 2 3 4 5 6 7 8 9 8 9 10 11 12 13 14 15 16 17 18 19 20 21 22 23 19 20 21 22 23 24 25 26 27 28 29 30 31 32 33 34 35 36 37 38 39 40 41 42 43 44 45 46 47 48 49 50 51 52 53 54 55 56 57 58 59 60 61 62 63 64 65 66 67 68 37 38 39 40 41 42 43 44 45 46 47 48 49 50 51 52 53 54 55 56 57 7 69 70 71 72 24 25 26 27 28 0 73 74 75 76 77 78 79 80 81 82 83 84 85 86 58 59 60 61 62 86 87 1 2 10 11 88 89 90 91 92 93 94 73 74 75 84 85 69 70 71 72 12 13 14 15 16 17 18 95 96 97 98 99 29 30 31 68 79 80 81 82 87 83 3 4 5 6 95 96 97 98 99 88 89 90 91 92 93 94 32 33 34 35 36 63 64 65 66 67 76 77 78 
61321
25
1 4 5 7 1 2 3 5 5 2 2 1 5 1 5 3 5 7 3 1 1 4 2 4 21 
36 27 16 40 4 5 30 12 48 34 11 8 23 24 14 31 20 11 14 38 32 7 9 31 19 
38 47 63 61 29 39 41 13 59 42 39 26 63 50 27 69 36 47 49 51 57 57 10 50 24 
661 895 536 167 246 322 957 361 678 238 282 691 227 873 615 594 532 748 764 476 982 213 469 526 959 
4 5 5 21 21 21 21 11 22 22 22 22 10 10 17 17 17 17 17 17 17 7 7 7 7 7 7 7 7 7 7 14 14 14 14 14 18 18 18 2 2 2 2 2 24 24 24 24 24 24 24 24 24 24 24 24 24 24 24 24 24 24 24 24 24 16 16 16 16 16 12 12 12 12 12 13 24 24 24 24 24 24 24 24 24 24 24 24 24 24 24 24 24 24 24 24 24 11 1 1 1 1 14 14 14 14 14 4 6 6 6 15 15 15 23 23 23 23 20 9 9 0 16 16 16 16 16 0 19 5 5 10 10 3 3 3 3 3 3 3 6 6 6 9 9 1 1 1 1 17 17 17 17 17 17 17 8 8 8 8 8 18 18 18 13 23 23 23 23 19 20 21 21 21 21 8 8 8 8 8 3 3 3 3 3 3 3 2 2 2 2 2 12 12 12 12 12 15 15 15 