213
100
2
2 2 2 3 3 3 3 3 3 3 3 3 4 4 4 6 7 13 13 13 13 13 13 13 18 18 18 18 18 20 20 20 21 21 21 21 21 21 21 21 21 21 21 21 21 21 21 22 22 22 22 25 25 25 25 25 26 26 26 26 26 26 26 28 28 28 28 28 30 30 30 30 30 30 30 30 30 30 31 31 31 31 31 31 31 32 32 32 32 32 33 33 33 33 33 33 33 33 33 33 33 33 33 35 35 35 35 35 35 35 35 35 36 36 36 36 37 37 38 38 39 39 39 39 39 39 39 39 39 39 39 39 39 39 39 40 40 40 40 41 41 41 41 42 42 42 42 43 44 44 44 45 45 45 46 46 46 48 48 48 49 51 51 51 51 52 52 53 53 53 53 53 53 53 53 56 56 56 57 57 57 57 57 57 59 59 59 61 61 61 61 61 64 64 64 64 64 64 67 67 
172 173 174 56 57 58 59 139 140 141 142 16 178 179 180 160 11 167 168 169 170 171 30 31 107 108 109 110 111 143 22 23 120 121 122 123 124 125 126 127 128 129 130 131 132 133 134 103 104 105 106 181 182 183 196 197 3 4 5 6 148 149 150 85 86 87 88 89 78 79 80 81 82 95 96 97 98 99 68 69 70 71 72 112 113 63 64 65 66 67 198 199 184 185 186 73 74 75 76 77 144 145 146 47 48 49 50 24 25 26 27 28 83 84 118 119 165 166 114 115 32 33 34 35 36 37 38 39 40 41 42 43 44 45 46 161 162 163 164 7 8 9 10 29 100 101 102 192 60 61 62 175 176 177 157 158 159 154 155 156 15 135 136 137 138 116 117 17 18 19 20 21 0 1 2 151 152 153 12 13 14 51 52 53 92 93 94 188 187 193 194 195 147 189 190 191 54 55 90 91 
612 612 612 595 595 595 595 290 290 290 290 249 254 254 254 638 249 948 948 948 948 948 278 278 891 891 891 891 891 758 278 278 770 770 770 770 770 770 770 770 770 770 770 770 770 770 770 331 331 331 331 816 816 816 799 799 595 595 595 595 745 745 745 590 590 590 590 590 670 670 670 670 670 298 298 298 298 298 670 670 670 670 670 437 437 590 590 590 590 590 505 505 887 887 887 298 298 298 298 298 824 824 824 331 331 331 331 891 891 891 891 891 437 437 157 157 436 436 157 157 770 770 770 770 770 770 770 770 770 770 770 770 770 770 770 420 420 420 420 290 290 290 290 758 824 824 824 512 745 745 745 527 527 527 472 472 472 472 472 472 638 420 420 420 420 436 436 948 948 948 948 948 612 612 612 527 527 527 254 254 254 816 816 816 887 887 887 822 822 836 836 836 512 836 836 836 799 799 505 505 
0 1 2 3 4 5 6 7 8 9 10 11 12 13 14 15 11 16 17 18 19 20 21 22 23 24 25 26 27 28 21 22 29 30 31 32 33 34 35 36 37 38 39 40 41 42 43 44 45 46 47 48 49 50 51 52 3 4 5 6 53 54 55 56 57 58 59 60 61 62 63 64 65 66 67 68 69 70 61 62 63 64 65 71 72 56 57 58 59 60 73 74 75 76 77 66 67 68 69 70 78 79 80 44 45 46 47 23 24 25 26 27 71 72 81 82 83 84 81 82 29 30 31 32 33 34 35 36 37 38 39 40 41 42 43 85 86 87 88 7 8 9 10 28 78 79 80 89 53 54 55 90 91 92 93 94 95 93 94 95 15 85 86 87 88 83 84 16 17 18 19 20 0 1 2 90 91 92 12 13 14 48 49 50 75 76 77 96 96 97 98 99 89 97 98 99 51 52 73 74 
61201
30
1 4 3 2 4 3 5 3 5 1 1 5 3 4 1 3 3 5 2 4 3 2 2 3 5 2 1 2 3 15 
61 22 4 33 3 33 30 25 28 20 43 13 2 3 6 61 45 30 31 40 26 37 25 33 18 13 3 36 46 21 
61 35 57 67 26 59 31 57 32 42 64 53 53 41 49 64 56 33 36 51 44 52 64 42 35 20 7 38 48 39 
822 331 254 505 595 887 670 816 590 758 512 948 612 290 638 836 527 298 437 420 745 436 799 824 891 278 249 157 472 770 
12 12 12 4 4 4 4 13 13 13 13 26 2 2 2 14 26 11 11 11 11 11 25 25 24 24 24 24 24 9 25 25 29 29 29 29 29 29 29 29 29 29 29 29 29 29 29 1 1 1 1 7 7 7 22 22 4 4 4 4 20 20 20 8 8 8 8 8 6 6 6 6 6 17 17 17 17 17 6 6 6 6 6 18 18 8 8 8 8 8 3 3 5 5 5 17 17 17 17 17 23 23 23 1 1 1 1 24 24 24 24 24 18 18 27 27 21 21 27 27 29 29 29 29 29 29 29 29 29 29 29 29 29 29 29 19 19 19 19 13 13 13 13 9 23 23 23 10 20 20 20 16 16 16 28 28 28 28 28 28 14 19 19 19 19 21 21 11 11 11 11 11 12 12 12 16 16 16 2 2 2 7 7 7 5 5 5 0 0 15 15 15 10 15 15 15 22 22 3 3 