146
100
2
5 5 5 6 6 6 6 6 6 6 6 9 9 9 9 9 9 9 9 10 10 10 10 11 11 11 12 12 12 12 13 13 15 15 15 15 20 20 21 21 21 21 21 23 24 24 24 24 24 24 25 25 26 26 26 26 26 26 27 27 27 27 27 27 27 27 27 27 27 30 30 30 30 30 30 30 32 32 32 32 32 32 32 36 36 36 36 36 36 36 36 36 36 36 36 36 36 38 38 38 38 42 42 42 42 42 42 42 42 42 42 42 42 42 42 44 44 44 44 44 52 52 52 52 52 52 52 52 52 52 52 52 52 52 52 52 52 52 52 52 52 52 52 52 52 52 52 52 52 53 53 53 53 53 53 53 54 54 54 55 55 55 55 55 55 55 56 56 56 57 57 61 61 61 61 62 62 63 63 66 66 66 66 66 66 66 66 66 66 66 66 66 66 66 66 66 66 66 66 66 
166 167 168 177 178 52 53 54 55 56 57 44 45 46 47 48 49 169 170 111 112 113 114 58 59 60 97 98 99 100 67 68 179 180 181 182 156 157 115 116 117 118 119 158 11 12 13 14 15 16 175 176 5 6 7 8 9 10 23 24 25 120 121 122 123 124 125 30 31 90 91 92 93 94 95 96 83 84 85 86 87 88 89 76 77 78 79 80 81 82 69 70 71 72 73 74 75 26 27 28 29 171 172 173 174 126 127 128 129 130 131 19 20 21 22 38 39 40 41 42 61 62 63 64 65 66 105 106 107 108 109 110 183 184 185 186 187 188 189 190 191 192 193 194 195 196 197 198 199 159 160 161 162 163 164 165 36 37 43 149 150 151 152 153 154 155 0 1 2 17 18 101 102 103 104 50 51 3 4 32 33 34 35 132 133 134 135 136 137 138 139 140 141 142 143 144 145 146 147 148 
832 832 832 300 300 662 662 662 662 662 662 645 645 645 645 645 645 728 728 469 469 469 469 283 283 283 470 470 470 470 585 585 279 279 279 279 458 458 190 190 190 190 190 824 645 645 645 645 645 645 298 298 662 662 662 662 662 662 283 283 283 906 906 906 906 906 906 585 585 953 953 953 953 953 953 953 919 919 919 919 919 919 919 919 919 919 919 919 919 919 953 953 953 953 953 953 953 470 470 470 470 738 738 738 738 360 360 360 360 360 360 469 469 469 469 190 190 190 190 190 906 906 906 906 906 906 360 360 360 360 360 360 632 632 632 632 632 632 632 632 632 632 632 632 632 632 632 632 632 797 797 797 797 797 797 797 458 458 824 797 797 797 797 797 797 797 832 832 832 728 728 738 738 738 738 298 298 300 300 279 279 279 279 632 632 632 632 632 632 632 632 632 632 632 632 632 632 632 632 632 
0 1 2 3 4 5 6 7 8 9 10 11 12 13 14 15 16 17 18 19 20 21 22 23 24 25 26 27 28 29 30 31 32 33 34 35 36 37 38 39 40 41 42 43 11 12 13 14 15 16 44 45 5 6 7 8 9 10 23 24 25 46 47 48 49 50 51 30 31 52 53 54 55 56 57 58 59 60 61 62 63 64 65 59 60 61 62 63 64 65 52 53 54 55 56 57 58 26 27 28 29 66 67 68 69 70 71 72 73 74 75 19 20 21 22 38 39 40 41 42 46 47 48 49 50 51 70 71 72 73 74 75 76 77 78 79 80 81 82 83 84 85 86 87 88 89 90 91 92 93 94 95 96 97 98 99 36 37 43 93 94 95 96 97 98 99 0 1 2 17 18 66 67 68 69 44 45 3 4 32 33 34 35 76 77 78 79 80 81 82 83 84 85 86 87 88 89 90 91 92 
62546
21
2 2 3 2 6 2 7 7 4 4 1 5 6 4 6 6 7 2 3 4 17 
25 20 11 6 27 13 32 53 12 15 23 21 9 42 6 42 30 9 5 10 52 
62 54 27 63 52 27 36 55 38 66 54 44 24 61 26 52 36 57 56 42 66 
298 458 283 300 906 585 919 797 470 279 824 190 645 738 662 360 953 728 832 469 632 
18 18 18 3 3 14 14 14 14 14 14 12 12 12 12 12 12 17 17 19 19 19 19 2 2 2 8 8 8 8 5 5 9 9 9 9 1 1 11 11 11 11 11 10 12 12 12 12 12 12 0 0 14 14 14 14 14 14 2 2 2 4 4 4 4 4 4 5 5 16 16 16 16 16 16 16 6 6 6 6 6 6 6 6 6 6 6 6 6 6 16 16 16 16 16 16 16 8 8 8 8 13 13 13 13 15 15 15 15 15 15 19 19 19 19 11 11 11 11 11 4 4 4 4 4 4 15 15 15 15 15 15 20 20 20 20 20 20 20 20 20 20 20 20 20 20 20 20 20 7 7 7 7 7 7 7 1 1 10 7 7 7 7 7 7 7 18 18 18 17 17 13 13 13 13 0 0 3 3 9 9 9 9 20 20 20 20 20 20 20 20 20 20 20 20 20 20 20 20 20 