559
100
2
1 1 1 1 2 2 2 2 2 2 2 2 2 2 2 2 2 2 2 2 2 2 3 3 3 3 3 6 6 6 6 6 7 7 7 8 8 8 8 8 9 12 12 12 12 12 12 12 12 12 12 14 15 15 15 15 15 15 15 20 20 20 20 20 20 20 20 20 20 20 21 21 21 26 26 26 26 26 26 26 29 31 31 31 32 32 32 32 33 33 33 33 35 35 35 35 35 35 35 35 35 35 35 35 35 35 35 35 36 36 36 36 36 37 37 40 40 40 41 41 41 41 41 41 42 42 42 42 42 45 45 45 50 50 50 51 51 51 51 51 53 53 53 53 53 53 53 53 53 53 55 55 55 55 55 55 55 55 55 55 55 57 57 57 58 58 58 58 58 59 59 60 60 61 61 62 66 66 66 66 66 66 66 66 66 67 67 67 67 67 69 69 69 69 69 70 70 70 70 70 
84 85 86 87 40 51 92 93 94 95 96 97 98 99 100 101 102 103 104 105 106 107 65 66 67 68 69 41 42 43 44 45 132 133 134 108 109 110 111 112 4 27 28 29 30 31 190 191 192 193 194 5 80 175 180 181 182 183 184 88 89 90 91 169 170 22 23 24 25 26 161 162 163 150 151 152 153 115 116 117 52 118 119 120 0 1 2 3 59 60 61 62 6 7 8 9 10 11 12 13 14 15 16 17 18 19 20 21 35 36 37 38 39 135 136 77 78 79 81 82 83 129 130 131 195 196 197 198 199 121 122 123 32 33 34 113 114 147 148 149 154 155 156 157 158 159 160 137 138 139 73 74 75 76 140 141 142 143 144 145 146 70 71 72 185 186 187 188 189 63 64 176 177 178 179 53 171 172 173 174 54 55 56 57 58 164 165 166 167 168 46 47 48 49 50 124 125 126 127 128 
588 588 588 588 251 855 910 910 910 910 910 910 910 910 910 910 910 910 910 910 910 910 873 873 873 873 873 637 637 637 637 637 749 749 749 910 910 910 910 910 251 637 637 637 637 637 365 365 365 365 365 855 392 982 788 788 788 788 788 655 655 655 655 500 500 873 873 873 873 873 296 296 296 235 235 235 235 833 833 833 392 207 207 207 588 588 588 588 655 655 655 655 910 910 910 910 910 910 910 910 910 910 910 910 910 910 910 910 910 910 910 910 910 522 522 833 833 833 207 207 207 446 446 446 376 376 376 376 376 446 446 446 749 749 749 522 522 632 632 632 908 908 908 908 908 908 908 632 632 632 235 235 235 235 908 908 908 908 908 908 908 296 296 296 307 307 307 307 307 500 500 203 203 833 833 982 203 203 833 833 788 788 788 788 788 307 307 307 307 307 365 365 365 365 365 376 376 376 376 376 
0 1 2 3 4 5 6 7 8 9 10 11 12 13 14 15 16 17 18 19 20 21 22 23 24 25 26 27 28 29 30 31 32 33 34 35 36 37 38 39 4 27 28 29 30 31 40 41 42 43 44 5 45 46 47 48 49 50 51 52 53 54 55 56 57 22 23 24 25 26 58 59 60 61 62 63 64 65 66 67 45 68 69 70 0 1 2 3 52 53 54 55 6 7 8 9 10 11 12 13 14 15 16 17 18 19 20 21 35 36 37 38 39 71 72 65 66 67 68 69 70 73 74 75 76 77 78 79 80 73 74 75 32 33 34 71 72 81 82 83 84 85 86 87 88 89 90 81 82 83 61 62 63 64 84 85 86 87 88 89 90 58 59 60 91 92 93 94 95 56 57 96 97 98 99 46 96 97 98 99 47 48 49 50 51 91 92 93 94 95 40 41 42 43 44 76 77 78 79 80 
64193
26
4 3 4 2 3 3 1 7 1 5 4 5 2 2 2 5 1 3 5 3 1 5 3 5 5 16 
1 21 26 60 7 26 15 53 15 6 20 42 37 61 20 12 2 31 3 51 2 8 41 58 15 2 
32 57 55 66 50 40 29 55 62 12 33 70 51 66 59 69 9 41 20 53 14 36 45 67 66 35 
588 296 235 203 749 833 392 908 982 637 655 376 522 833 500 365 251 207 873 632 855 910 446 307 788 910 
0 0 0 0 16 20 25 25 25 25 25 25 25 25 25 25 25 25 25 25 25 25 18 18 18 18 18 9 9 9 9 9 4 4 4 21 21 21 21 21 16 9 9 9 9 9 15 15 15 15 15 20 6 8 24 24 24 24 24 10 10 10 10 14 14 18 18 18 18 18 1 1 1 2 2 2 2 5 5 5 6 17 17 17 0 0 0 0 10 10 10 10 25 25 25 25 25 25 25 25 25 25 25 25 25 25 25 25 21 21 21 21 21 12 12 5 5 5 17 17 17 22 22 22 11 11 11 11 11 22 22 22 4 4 4 12 12 19 19 19 7 7 7 7 7 7 7 19 19 19 2 2 2 2 7 7 7 7 7 7 7 1 1 1 23 23 23 23 23 14 14 3 3 13 13 8 3 3 13 13 24 24 24 24 24 23 23 23 23 23 15 15 15 15 15 11 11 11 11 11 