567
100
2
2 2 2 2 2 2 2 2 2 2 2 2 2 2 2 7 7 7 7 7 7 7 7 7 7 8 8 8 8 8 8 21 21 21 21 21 21 21 21 21 21 21 21 26 26 26 26 26 26 26 26 26 26 28 28 28 28 28 28 28 28 30 30 30 32 32 32 32 32 32 34 34 34 34 34 37 37 37 37 37 37 37 37 37 37 37 37 37 37 37 37 37 37 40 40 40 40 40 40 40 40 40 40 40 40 40 40 40 44 44 44 44 44 44 44 44 44 44 44 44 44 44 44 47 47 47 47 47 47 47 47 47 47 47 47 47 49 49 49 49 49 49 49 49 49 49 49 49 49 49 49 54 54 54 54 54 54 54 54 54 54 54 54 57 57 57 57 57 57 57 57 59 59 59 61 61 61 61 61 61 61 61 67 67 67 67 67 67 67 67 67 67 67 67 67 67 67 67 67 67 
136 137 138 139 140 141 142 143 144 145 146 147 148 149 150 43 44 45 46 47 48 49 50 51 52 64 65 66 67 68 69 151 152 153 154 155 156 157 158 159 160 161 162 15 16 17 18 19 20 21 22 23 24 174 175 176 177 178 179 180 181 171 172 173 25 26 27 28 29 30 123 124 125 126 127 182 183 184 185 186 187 188 189 190 191 192 193 194 195 196 197 198 199 108 109 110 111 112 113 114 115 116 117 118 119 120 121 122 93 94 95 96 97 98 99 100 101 102 103 104 105 106 107 70 71 72 73 74 163 164 165 166 167 168 169 170 0 1 2 3 4 5 6 7 8 9 10 11 12 13 14 31 32 33 34 35 36 37 38 39 40 41 42 128 129 130 131 132 133 134 135 61 62 63 53 54 55 56 57 58 59 60 75 76 77 78 79 80 81 82 83 84 85 86 87 88 89 90 91 92 
333 333 333 333 333 333 333 333 333 333 333 333 333 333 333 573 573 573 573 573 573 573 573 573 573 338 338 338 338 338 338 593 593 593 593 593 593 593 593 593 593 593 593 573 573 573 573 573 573 573 573 573 573 349 349 349 349 349 349 349 349 875 875 875 338 338 338 338 338 338 213 213 213 213 213 334 334 334 334 334 334 334 334 334 334 334 334 334 334 334 334 334 334 214 214 214 214 214 214 214 214 214 214 214 214 214 214 214 214 214 214 214 214 214 214 214 214 214 214 214 214 214 214 213 213 213 213 213 275 275 275 275 275 275 275 275 333 333 333 333 333 333 333 333 333 333 333 333 333 333 333 593 593 593 593 593 593 593 593 593 593 593 593 275 275 275 275 275 275 275 275 875 875 875 349 349 349 349 349 349 349 349 334 334 334 334 334 334 334 334 334 334 334 334 334 334 334 334 334 334 
0 1 2 3 4 5 6 7 8 9 10 11 12 13 14 15 16 17 18 19 20 21 22 23 24 25 26 27 28 29 30 31 32 33 34 35 36 37 38 39 40 41 42 15 16 17 18 19 20 21 22 23 24 43 44 45 46 47 48 49 50 51 52 53 25 26 27 28 29 30 54 55 56 57 58 59 60 61 62 63 64 65 66 67 68 69 70 71 72 73 74 75 76 77 78 79 80 81 82 83 84 85 86 87 88 89 90 91 77 78 79 80 81 82 83 84 85 86 87 88 89 90 91 54 55 56 57 58 92 93 94 95 96 97 98 99 0 1 2 3 4 5 6 7 8 9 10 11 12 13 14 31 32 33 34 35 36 37 38 39 40 41 42 92 93 94 95 96 97 98 99 51 52 53 43 44 45 46 47 48 49 50 59 60 61 62 63 64 65 66 67 68 69 70 71 72 73 74 75 76 
37773
10
6 15 10 15 8 5 8 3 12 18 
8 2 7 40 28 34 47 30 21 37 
32 49 26 44 61 47 57 59 54 67 
338 333 573 214 349 213 275 875 593 334 
1 1 1 1 1 1 1 1 1 1 1 1 1 1 1 2 2 2 2 2 2 2 2 2 2 0 0 0 0 0 0 8 8 8 8 8 8 8 8 8 8 8 8 2 2 2 2 2 2 2 2 2 2 4 4 4 4 4 4 4 4 7 7 7 0 0 0 0 0 0 5 5 5 5 5 9 9 9 9 9 9 9 9 9 9 9 9 9 9 9 9 9 9 3 3 3 3 3 3 3 3 3 3 3 3 3 3 3 3 3 3 3 3 3 3 3 3 3 3 3 3 3 3 5 5 5 5 5 6 6 6 6 6 6 6 6 1 1 1 1 1 1 1 1 1 1 1 1 1 1 1 8 8 8 8 8 8 8 8 8 8 8 8 6 6 6 6 6 6 6 6 7 7 7 4 4 4 4 4 4 4 4 9 9 9 9 9 9 9 9 9 9 9 9 9 9 9 9 9 9 