588
100
2
3 3 3 3 3 4 4 4 4 4 4 4 4 4 6 6 6 6 6 9 9 10 10 10 10 10 10 10 10 10 10 10 10 10 10 11 11 11 11 11 11 11 11 11 21 21 21 21 21 21 22 22 22 22 22 22 22 22 22 22 22 22 22 22 22 22 24 24 24 24 24 24 24 24 24 24 26 26 26 26 26 26 26 26 26 29 29 29 29 29 29 29 33 33 33 33 33 33 33 33 33 33 34 34 34 39 39 44 44 44 44 44 45 45 45 45 46 46 46 46 46 46 46 51 51 51 54 54 56 56 56 56 56 56 56 56 56 56 56 56 56 56 56 59 59 59 59 59 59 59 59 59 61 61 61 61 61 61 61 61 61 61 61 61 61 61 62 62 62 62 62 62 64 64 64 64 68 68 68 68 68 68 68 68 68 68 68 68 68 68 68 68 68 70 70 70 70 70 70 70 
107 108 109 110 111 50 51 52 53 54 55 56 57 58 152 153 154 155 156 126 127 22 21 24 23 26 25 28 27 30 29 32 31 34 33 157 158 159 160 161 162 163 164 165 166 167 168 169 170 171 5 6 7 8 9 10 11 12 13 85 86 87 88 89 90 91 92 93 94 95 96 97 98 99 100 101 143 144 145 146 147 148 149 150 151 59 60 61 62 63 64 65 66 67 68 69 70 71 72 73 74 75 123 124 125 176 177 0 1 2 3 4 172 173 174 175 193 194 195 196 197 198 199 102 103 104 19 20 178 179 180 181 182 183 184 185 186 187 188 189 190 191 192 76 77 78 79 80 81 82 83 84 14 15 16 17 18 35 36 37 38 39 40 41 42 43 44 45 46 47 48 49 112 113 114 115 105 106 128 129 130 131 132 133 134 135 136 137 138 139 140 141 142 116 117 118 119 120 121 122 
556 556 556 556 556 367 367 367 367 367 367 367 367 367 552 552 552 552 552 201 201 738 738 738 738 738 738 738 738 738 738 738 738 738 738 950 950 950 950 950 950 950 950 950 708 708 708 708 708 708 367 367 367 367 367 367 367 367 367 496 496 496 496 496 496 496 789 789 789 789 789 789 789 789 789 789 662 662 662 662 662 662 662 662 662 496 496 496 496 496 496 496 789 789 789 789 789 789 789 789 789 789 649 649 649 398 398 556 556 556 556 556 312 312 312 312 531 531 531 531 531 531 531 649 649 649 201 201 432 432 432 432 432 432 432 432 432 432 432 432 432 432 432 662 662 662 662 662 662 662 662 662 552 552 552 552 552 950 950 950 950 950 950 950 950 950 708 708 708 708 708 708 312 312 312 312 398 398 432 432 432 432 432 432 432 432 432 432 432 432 432 432 432 531 531 531 531 531 531 531 
0 1 2 3 4 5 6 7 8 9 10 11 12 13 14 15 16 17 18 19 20 21 21 22 22 23 23 24 24 25 25 26 26 27 27 28 29 30 31 32 33 34 35 36 37 38 39 40 41 42 5 6 7 8 9 10 11 12 13 43 44 45 46 47 48 49 50 51 52 53 54 55 56 57 58 59 60 61 62 63 64 65 66 67 68 43 44 45 46 47 48 49 50 51 52 53 54 55 56 57 58 59 69 70 71 72 73 0 1 2 3 4 74 75 76 77 78 79 80 81 82 83 84 69 70 71 19 20 85 86 87 88 89 90 91 92 93 94 95 96 97 98 99 60 61 62 63 64 65 66 67 68 14 15 16 17 18 28 29 30 31 32 33 34 35 36 37 38 39 40 41 42 74 75 76 77 72 73 85 86 87 88 89 90 91 92 93 94 95 96 97 98 99 78 79 80 81 82 83 84 
58717
15
2 3 9 5 9 2 5 7 7 6 7 4 10 9 15 
39 34 4 3 26 9 6 22 10 21 46 45 24 11 56 
68 51 22 44 59 54 61 29 10 62 70 64 33 61 68 
398 649 367 556 662 201 552 496 738 708 531 312 789 950 432 
3 3 3 3 3 2 2 2 2 2 2 2 2 2 6 6 6 6 6 5 5 8 8 8 8 8 8 8 8 8 8 8 8 8 8 13 13 13 13 13 13 13 13 13 9 9 9 9 9 9 2 2 2 2 2 2 2 2 2 7 7 7 7 7 7 7 12 12 12 12 12 12 12 12 12 12 4 4 4 4 4 4 4 4 4 7 7 7 7 7 7 7 12 12 12 12 12 12 12 12 12 12 1 1 1 0 0 3 3 3 3 3 11 11 11 11 10 10 10 10 10 10 10 1 1 1 5 5 14 14 14 14 14 14 14 14 14 14 14 14 14 14 14 4 4 4 4 4 4 4 4 4 6 6 6 6 6 13 13 13 13 13 13 13 13 13 9 9 9 9 9 9 11 11 11 11 0 0 14 14 14 14 14 14 14 14 14 14 14 14 14 14 14 10 10 10 10 10 10 10 