625
100
2
1 1 1 1 1 1 1 1 1 1 1 6 6 6 6 6 6 6 6 6 6 6 6 6 6 6 8 8 8 8 8 8 8 8 8 11 11 11 11 11 11 11 11 11 11 11 11 11 11 11 11 11 13 13 13 13 13 13 13 15 15 15 15 17 17 17 17 17 17 17 17 17 17 17 17 17 17 17 20 20 20 20 20 20 20 20 20 26 26 26 26 26 26 26 26 26 26 26 30 30 30 30 32 32 32 32 32 32 32 32 32 32 32 32 32 32 32 32 35 35 35 35 35 35 35 35 35 37 37 37 37 41 41 41 41 41 41 41 43 43 43 43 43 43 43 43 45 45 45 45 45 45 45 45 53 53 53 53 53 53 53 53 53 53 53 53 53 53 53 53 53 64 64 64 64 67 67 67 67 67 67 67 67 67 68 68 68 68 68 68 68 68 68 68 68 68 68 68 68 68 
87 88 89 90 91 92 93 94 95 96 97 63 64 65 66 67 68 69 70 71 72 73 74 75 76 77 118 119 120 121 122 123 124 125 126 154 155 156 157 158 159 160 161 162 163 164 165 166 167 168 169 170 131 132 133 134 135 136 137 127 128 129 130 11 12 13 14 15 16 17 18 19 20 21 22 23 24 25 175 176 177 178 179 180 181 182 183 0 1 2 3 4 5 6 7 8 9 10 171 172 173 174 184 185 186 187 188 189 190 191 192 193 194 195 196 197 198 199 26 27 28 29 30 31 32 33 34 59 60 61 62 52 53 54 55 56 57 58 146 147 148 149 150 151 152 153 138 139 140 141 142 143 144 145 35 36 37 38 39 40 41 42 43 44 45 46 47 48 49 50 51 98 99 100 101 78 79 80 81 82 83 84 85 86 102 103 104 105 106 107 108 109 110 111 112 113 114 115 116 117 
362 362 362 362 362 362 362 362 362 362 362 319 319 319 319 319 319 319 319 319 319 319 319 319 319 319 444 444 444 444 444 444 444 444 444 863 863 863 863 863 863 863 863 863 863 863 863 863 863 863 863 863 595 595 595 595 595 595 595 662 662 662 662 319 319 319 319 319 319 319 319 319 319 319 319 319 319 319 646 646 646 646 646 646 646 646 646 362 362 362 362 362 362 362 362 362 362 362 805 805 805 805 623 623 623 623 623 623 623 623 623 623 623 623 623 623 623 623 444 444 444 444 444 444 444 444 444 662 662 662 662 595 595 595 595 595 595 595 392 392 392 392 392 392 392 392 392 392 392 392 392 392 392 392 863 863 863 863 863 863 863 863 863 863 863 863 863 863 863 863 863 805 805 805 805 646 646 646 646 646 646 646 646 646 623 623 623 623 623 623 623 623 623 623 623 623 623 623 623 623 
0 1 2 3 4 5 6 7 8 9 10 11 12 13 14 15 16 17 18 19 20 21 22 23 24 25 26 27 28 29 30 31 32 33 34 35 36 37 38 39 40 41 42 43 44 45 46 47 48 49 50 51 52 53 54 55 56 57 58 59 60 61 62 11 12 13 14 15 16 17 18 19 20 21 22 23 24 25 63 64 65 66 67 68 69 70 71 0 1 2 3 4 5 6 7 8 9 10 72 73 74 75 76 77 78 79 80 81 82 83 84 85 86 87 88 89 90 91 26 27 28 29 30 31 32 33 34 59 60 61 62 52 53 54 55 56 57 58 92 93 94 95 96 97 98 99 92 93 94 95 96 97 98 99 35 36 37 38 39 40 41 42 43 44 45 46 47 48 49 50 51 72 73 74 75 63 64 65 66 67 68 69 70 71 76 77 78 79 80 81 82 83 84 85 86 87 88 89 90 91 
56385
10
8 11 4 4 9 16 7 9 17 15 
43 1 15 30 8 32 13 20 11 6 
45 26 37 64 35 68 41 67 53 17 
392 362 662 805 444 623 595 646 863 319 
1 1 1 1 1 1 1 1 1 1 1 9 9 9 9 9 9 9 9 9 9 9 9 9 9 9 4 4 4 4 4 4 4 4 4 8 8 8 8 8 8 8 8 8 8 8 8 8 8 8 8 8 6 6 6 6 6 6 6 2 2 2 2 9 9 9 9 9 9 9 9 9 9 9 9 9 9 9 7 7 7 7 7 7 7 7 7 1 1 1 1 1 1 1 1 1 1 1 3 3 3 3 5 5 5 5 5 5 5 5 5 5 5 5 5 5 5 5 4 4 4 4 4 4 4 4 4 2 2 2 2 6 6 6 6 6 6 6 0 0 0 0 0 0 0 0 0 0 0 0 0 0 0 0 8 8 8 8 8 8 8 8 8 8 8 8 8 8 8 8 8 3 3 3 3 7 7 7 7 7 7 7 7 7 5 5 5 5 5 5 5 5 5 5 5 5 5 5 5 5 