2
100
2
3 3 3 3 3 3 3 3 3 3 4 4 4 4 4 9 9 9 9 9 9 9 9 9 10 10 10 10 10 10 10 10 10 10 13 13 13 13 13 13 13 13 22 22 22 22 22 22 22 23 23 23 23 23 23 23 23 23 23 23 23 23 23 23 23 24 24 24 24 24 24 24 24 24 24 24 28 28 28 28 28 28 28 28 28 28 28 39 39 39 39 39 40 40 40 40 40 40 40 40 40 40 45 45 45 45 45 45 45 45 45 45 45 49 49 49 49 49 49 50 50 50 50 50 50 50 50 50 50 50 50 50 50 50 50 50 50 55 55 55 55 55 55 55 55 55 55 55 55 55 55 55 56 56 56 56 56 56 56 56 56 56 56 56 56 56 56 56 56 56 58 58 58 58 58 58 58 58 58 59 59 59 59 59 59 59 59 60 60 60 60 60 67 67 67 70 70 70 70 70 
24 25 26 27 28 29 30 31 32 33 87 88 89 90 91 170 171 172 173 174 175 176 177 178 0 1 2 3 4 5 6 7 8 9 102 103 104 105 106 107 108 109 137 138 139 140 141 142 143 113 114 115 116 117 118 92 93 94 95 96 97 98 99 100 101 119 120 121 122 123 124 125 126 127 128 129 159 160 161 162 163 164 165 166 167 168 169 10 11 12 13 14 55 56 57 58 59 60 61 62 63 64 34 35 36 37 38 39 40 41 192 193 194 49 50 51 52 53 54 65 66 67 68 69 70 71 72 73 74 75 152 153 154 155 156 157 158 42 43 44 45 46 47 48 179 180 181 182 183 184 185 186 130 131 132 133 134 135 136 76 77 78 79 80 81 82 83 84 85 86 15 16 17 18 19 20 21 22 23 144 145 146 147 148 149 150 151 195 196 197 198 199 110 111 112 187 188 189 190 191 
176 176 176 176 176 176 176 176 176 176 554 554 554 554 554 177 177 177 177 177 177 177 177 177 176 176 176 176 176 176 176 176 176 176 927 927 927 927 927 927 927 927 792 792 792 792 792 792 792 884 884 884 884 884 884 350 350 350 350 350 350 350 350 350 350 178 178 178 178 178 178 178 178 178 178 178 613 613 613 613 613 613 613 613 613 613 613 554 554 554 554 554 350 350 350 350 350 350 350 350 350 350 927 927 927 927 927 927 927 927 801 801 801 884 884 884 884 884 884 178 178 178 178 178 178 178 178 178 178 178 345 345 345 345 345 345 345 792 792 792 792 792 792 792 854 854 854 854 854 854 854 854 345 345 345 345 345 345 345 613 613 613 613 613 613 613 613 613 613 613 177 177 177 177 177 177 177 177 177 854 854 854 854 854 854 854 854 654 654 654 654 654 801 801 801 654 654 654 654 654 
0 1 2 3 4 5 6 7 8 9 10 11 12 13 14 15 16 17 18 19 20 21 22 23 0 1 2 3 4 5 6 7 8 9 24 25 26 27 28 29 30 31 32 33 34 35 36 37 38 39 40 41 42 43 44 45 46 47 48 49 50 51 52 53 54 55 56 57 58 59 60 61 62 63 64 65 66 67 68 69 70 71 72 73 74 75 76 10 11 12 13 14 45 46 47 48 49 50 51 52 53 54 24 25 26 27 28 29 30 31 77 78 79 39 40 41 42 43 44 55 56 57 58 59 60 61 62 63 64 65 80 81 82 83 84 85 86 32 33 34 35 36 37 38 87 88 89 90 91 92 93 94 80 81 82 83 84 85 86 66 67 68 69 70 71 72 73 74 75 76 15 16 17 18 19 20 21 22 23 87 88 89 90 91 92 93 94 95 96 97 98 99 77 78 79 95 96 97 98 99 
51508
13
11 9 7 11 8 6 10 5 7 3 10 5 8 
24 9 50 28 13 23 3 4 22 45 23 60 55 
50 58 56 56 45 49 10 39 55 67 40 70 59 
178 177 345 613 927 884 176 554 792 801 350 654 854 
6 6 6 6 6 6 6 6 6 6 7 7 7 7 7 1 1 1 1 1 1 1 1 1 6 6 6 6 6 6 6 6 6 6 4 4 4 4 4 4 4 4 8 8 8 8 8 8 8 5 5 5 5 5 5 10 10 10 10 10 10 10 10 10 10 0 0 0 0 0 0 0 0 0 0 0 3 3 3 3 3 3 3 3 3 3 3 7 7 7 7 7 10 10 10 10 10 10 10 10 10 10 4 4 4 4 4 4 4 4 9 9 9 5 5 5 5 5 5 0 0 0 0 0 0 0 0 0 0 0 2 2 2 2 2 2 2 8 8 8 8 8 8 8 12 12 12 12 12 12 12 12 2 2 2 2 2 2 2 3 3 3 3 3 3 3 3 3 3 3 1 1 1 1 1 1 1 1 1 12 12 12 12 12 12 12 12 11 11 11 11 11 9 9 9 11 11 11 11 11 