609
100
2
2 2 6 6 9 9 9 9 9 9 9 10 10 10 10 12 12 12 12 16 16 19 19 19 19 19 20 20 20 20 20 22 22 22 22 22 22 22 22 22 22 22 22 23 23 23 23 23 23 23 23 23 23 25 25 25 25 25 25 27 27 31 31 31 31 31 31 31 31 31 31 31 32 32 32 32 32 32 32 32 33 33 33 33 33 33 34 34 34 34 34 34 34 35 35 35 35 35 35 35 35 36 36 36 37 37 37 37 37 37 37 37 37 43 43 43 43 43 43 43 43 43 43 43 43 43 43 43 43 43 43 46 46 46 46 46 47 48 50 50 50 50 50 50 50 50 50 50 52 52 52 52 52 53 53 53 57 57 57 57 57 60 60 60 60 60 60 60 60 60 60 60 61 61 61 61 61 62 62 62 62 62 63 63 63 63 63 63 63 63 63 63 63 63 63 63 63 63 63 63 
19 20 180 181 86 87 88 89 90 91 92 97 98 99 100 93 94 95 96 0 1 131 132 133 134 135 143 144 145 146 147 104 105 106 107 108 109 110 81 82 83 84 85 149 150 151 152 166 167 168 169 170 171 66 67 68 69 70 71 111 112 161 162 163 164 165 53 54 55 56 57 58 177 178 179 156 157 158 159 160 137 38 39 40 41 42 4 5 6 7 8 9 10 15 16 17 18 11 12 13 14 153 154 155 31 32 33 34 35 36 37 59 60 182 183 184 185 186 187 188 189 190 191 192 193 194 195 196 197 198 199 21 22 23 24 25 148 80 172 173 174 175 176 26 27 28 29 30 136 43 44 45 46 101 102 103 75 76 77 78 79 61 62 63 64 65 47 48 49 50 51 52 138 139 140 141 142 72 73 74 2 3 113 114 115 116 117 118 119 120 121 122 123 124 125 126 127 128 129 130 
873 873 536 536 204 204 204 204 204 204 204 624 624 624 624 786 786 786 786 873 873 809 809 809 809 809 199 199 199 199 199 696 696 696 696 696 696 696 489 489 489 489 489 376 376 376 376 404 404 404 404 404 404 641 641 641 641 641 641 677 677 914 914 914 914 914 641 641 641 641 641 641 699 699 699 298 298 298 298 298 239 489 489 489 489 489 204 204 204 204 204 204 204 786 786 786 786 624 624 624 624 743 743 743 696 696 696 696 696 696 696 677 677 401 401 401 401 401 401 401 401 401 401 401 401 401 401 401 401 401 401 809 809 809 809 809 694 239 564 564 564 564 564 199 199 199 199 199 694 376 376 376 376 743 743 743 298 298 298 298 298 914 914 914 914 914 404 404 404 404 404 404 564 564 564 564 564 699 699 699 536 536 401 401 401 401 401 401 401 401 401 401 401 401 401 401 401 401 401 401 
0 1 2 3 4 5 6 7 8 9 10 11 12 13 14 15 16 17 18 0 1 19 20 21 22 23 24 25 26 27 28 29 30 31 32 33 34 35 36 37 38 39 40 41 42 43 44 45 46 47 48 49 50 51 52 53 54 55 56 57 58 59 60 61 62 63 51 52 53 54 55 56 64 65 66 67 68 69 70 71 72 36 37 38 39 40 4 5 6 7 8 9 10 15 16 17 18 11 12 13 14 73 74 75 29 30 31 32 33 34 35 57 58 76 77 78 79 80 81 82 83 84 85 86 87 88 89 90 91 92 93 19 20 21 22 23 94 72 95 96 97 98 99 24 25 26 27 28 94 41 42 43 44 73 74 75 67 68 69 70 71 59 60 61 62 63 45 46 47 48 49 50 95 96 97 98 99 64 65 66 2 3 76 77 78 79 80 81 82 83 84 85 86 87 88 89 90 91 92 93 
52728
21
7 5 3 7 3 1 5 2 5 4 5 4 4 1 6 5 2 2 5 6 18 
9 50 32 22 36 47 32 2 20 23 31 12 10 33 23 19 6 27 22 25 43 
34 61 62 37 53 52 57 16 50 52 60 35 35 48 60 46 62 37 33 31 63 
204 564 699 696 743 694 298 873 199 376 914 786 624 239 404 809 536 677 489 641 401 
7 7 16 16 0 0 0 0 0 0 0 12 12 12 12 11 11 11 11 7 7 15 15 15 15 15 8 8 8 8 8 3 3 3 3 3 3 3 18 18 18 18 18 9 9 9 9 14 14 14 14 14 14 19 19 19 19 19 19 17 17 10 10 10 10 10 19 19 19 19 19 19 2 2 2 6 6 6 6 6 13 18 18 18 18 18 0 0 0 0 0 0 0 11 11 11 11 12 12 12 12 4 4 4 3 3 3 3 3 3 3 17 17 20 20 20 20 20 20 20 20 20 20 20 20 20 20 20 20 20 20 15 15 15 15 15 5 13 1 1 1 1 1 8 8 8 8 8 5 9 9 9 9 4 4 4 6 6 6 6 6 10 10 10 10 10 14 14 14 14 14 14 1 1 1 1 1 2 2 2 16 16 20 20 20 20 20 20 20 20 20 20 20 20 20 20 20 20 20 20 