720
100
2
1 1 1 1 1 1 4 4 4 4 4 6 6 7 7 7 7 7 7 7 7 7 7 7 7 7 7 7 7 7 7 9 9 9 9 12 12 12 12 14 14 14 14 15 16 16 16 16 16 16 16 16 16 16 16 16 16 16 16 16 16 16 17 17 17 17 17 19 19 20 20 20 20 20 21 21 21 21 21 21 22 22 22 22 23 23 23 23 23 25 25 25 26 26 26 29 29 29 29 31 31 31 31 32 32 32 32 32 33 33 33 33 33 33 33 34 34 35 35 35 35 35 37 37 37 39 39 39 39 39 39 39 39 39 45 45 45 47 47 47 47 47 47 47 48 48 48 48 49 49 49 49 49 49 49 50 50 50 50 54 54 56 56 56 57 57 57 57 58 58 58 58 58 58 58 58 59 59 59 59 59 59 62 62 62 64 64 66 66 66 66 66 67 67 68 68 68 68 68 68 
194 195 196 197 198 199 69 70 71 72 73 187 188 164 165 166 167 48 49 50 51 52 53 54 55 56 57 58 59 60 61 125 126 127 128 43 134 135 136 89 90 91 66 35 80 81 82 83 17 18 19 20 21 22 23 24 25 26 27 28 29 30 155 156 157 158 42 185 186 6 7 8 9 10 108 109 110 111 112 113 44 45 46 47 117 118 119 120 121 39 40 41 129 130 131 144 145 146 147 140 141 142 143 171 172 173 174 175 74 75 76 77 78 79 148 159 160 84 85 86 87 88 189 190 191 31 32 33 34 92 93 94 192 193 36 37 38 168 169 170 99 100 101 102 95 96 97 98 114 176 177 178 179 180 181 62 63 64 65 115 116 182 183 184 13 14 15 16 137 138 139 103 104 105 106 107 149 150 151 152 153 154 161 162 163 67 68 11 12 122 123 124 132 133 0 1 2 3 4 5 
359 359 359 359 359 359 285 285 285 285 285 776 776 897 897 897 897 604 604 604 604 604 604 604 604 604 604 604 604 604 604 454 454 454 454 461 959 959 959 917 917 917 528 461 967 967 967 967 604 604 604 604 604 604 604 604 604 604 604 604 604 604 361 361 361 361 528 922 922 285 285 285 285 285 214 214 214 214 214 214 967 967 967 967 212 212 212 212 212 917 917 917 575 575 575 929 929 929 929 290 290 290 290 283 283 283 283 283 214 214 214 214 214 214 823 380 380 212 212 212 212 212 253 253 253 454 454 454 454 575 575 575 525 525 959 959 959 677 677 677 290 290 290 290 929 929 929 929 823 265 265 265 265 265 265 361 361 361 361 380 380 300 300 300 897 897 897 897 677 677 677 283 283 283 283 283 265 265 265 265 265 265 300 300 300 922 922 776 776 253 253 253 525 525 359 359 359 359 359 359 
0 1 2 3 4 5 6 7 8 9 10 11 12 13 14 15 16 17 18 19 20 21 22 23 24 25 26 27 28 29 30 31 32 33 34 35 36 37 38 39 40 41 42 35 43 44 45 46 17 18 19 20 21 22 23 24 25 26 27 28 29 30 47 48 49 50 42 51 52 6 7 8 9 10 53 54 55 56 57 58 43 44 45 46 59 60 61 62 63 39 40 41 64 65 66 67 68 69 70 71 72 73 74 75 76 77 78 79 53 54 55 56 57 58 80 81 82 59 60 61 62 63 83 84 85 31 32 33 34 64 65 66 86 87 36 37 38 88 89 90 71 72 73 74 67 68 69 70 80 91 92 93 94 95 96 47 48 49 50 81 82 97 98 99 13 14 15 16 88 89 90 75 76 77 78 79 91 92 93 94 95 96 97 98 99 51 52 11 12 83 84 85 86 87 0 1 2 3 4 5 
51037
26
3 2 5 6 4 4 4 1 5 6 5 3 4 2 3 3 4 2 2 3 1 4 6 3 1 14 
47 19 23 1 17 16 9 12 4 21 32 26 31 39 12 56 7 6 34 37 33 29 49 14 14 7 
58 64 35 68 50 22 39 15 20 33 58 39 47 67 45 62 57 66 54 66 49 48 59 25 17 16 
677 922 212 359 361 967 454 461 285 214 283 575 290 525 959 300 897 776 380 253 823 929 265 917 528 604 
3 3 3 3 3 3 8 8 8 8 8 17 17 16 16 16 16 25 25 25 25 25 25 25 25 25 25 25 25 25 25 6 6 6 6 7 14 14 14 23 23 23 24 7 5 5 5 5 25 25 25 25 25 25 25 25 25 25 25 25 25 25 4 4 4 4 24 1 1 8 8 8 8 8 9 9 9 9 9 9 5 5 5 5 2 2 2 2 2 23 23 23 11 11 11 21 21 21 21 12 12 12 12 10 10 10 10 10 9 9 9 9 9 9 20 18 18 2 2 2 2 2 19 19 19 6 6 6 6 11 11 11 13 13 14 14 14 0 0 0 12 12 12 12 21 21 21 21 20 22 22 22 22 22 22 4 4 4 4 18 18 15 15 15 16 16 16 16 0 0 0 10 10 10 10 10 22 22 22 22 22 22 15 15 15 1 1 17 17 19 19 19 13 13 3 3 3 3 3 3 