986
100
2
2 2 2 2 2 2 2 2 2 2 2 8 8 8 8 8 8 8 8 8 8 8 11 11 11 11 11 11 11 11 11 11 11 12 12 12 12 12 12 12 12 12 13 13 13 13 13 13 13 13 16 16 16 16 16 16 16 19 19 19 19 19 19 19 19 19 19 19 19 19 19 19 19 19 19 24 24 24 24 24 24 24 26 26 26 29 29 29 36 36 36 36 36 36 36 36 37 37 37 37 37 37 37 37 39 39 39 39 39 39 39 39 39 42 42 42 42 42 42 42 42 43 43 43 43 43 43 43 43 43 43 43 45 45 45 45 48 48 48 48 48 48 48 48 48 48 48 48 48 48 48 48 48 48 55 55 55 55 55 55 55 55 55 55 55 55 55 55 55 55 55 55 59 59 59 59 59 59 59 59 62 62 62 62 62 62 62 62 62 62 62 63 63 63 63 63 63 64 64 64 
136 137 138 139 140 141 142 143 144 145 146 22 23 24 25 26 27 28 29 30 31 32 11 12 13 14 15 16 17 18 19 20 21 104 105 106 107 108 109 110 111 112 88 89 90 91 92 93 94 95 75 76 77 78 79 80 81 154 155 156 157 158 159 160 161 162 163 164 165 166 167 168 169 170 171 50 51 52 53 54 55 56 194 195 196 191 192 193 42 43 44 45 46 47 48 49 97 96 99 98 101 100 103 102 33 34 35 36 37 38 39 40 41 172 173 174 175 176 177 178 179 180 181 182 183 184 185 186 187 188 189 190 150 151 152 153 0 1 2 3 4 5 6 7 8 9 10 197 198 199 132 133 134 135 57 58 59 60 61 62 63 64 65 66 67 68 69 70 71 72 73 74 113 114 115 116 117 118 119 120 121 122 123 124 125 126 127 128 129 130 131 85 86 87 82 83 84 147 148 149 
803 803 803 803 803 803 803 803 803 803 803 270 270 270 270 270 270 270 270 270 270 270 270 270 270 270 270 270 270 270 270 270 270 963 963 963 963 963 963 963 963 963 201 201 201 201 201 201 201 201 198 198 198 198 198 198 198 605 605 605 605 605 605 605 605 605 605 605 605 605 605 605 605 605 605 198 198 198 198 198 198 198 284 284 284 822 822 822 201 201 201 201 201 201 201 201 198 198 198 198 198 198 198 198 963 963 963 963 963 963 963 963 963 925 925 925 925 925 925 925 925 528 528 528 528 528 528 528 528 528 528 528 535 535 535 535 803 803 803 803 803 803 803 803 803 803 803 321 321 321 535 535 535 535 605 605 605 605 605 605 605 605 605 605 605 605 605 605 605 605 605 605 925 925 925 925 925 925 925 925 528 528 528 528 528 528 528 528 528 528 528 822 822 822 284 284 284 321 321 321 
0 1 2 3 4 5 6 7 8 9 10 11 12 13 14 15 16 17 18 19 20 21 11 12 13 14 15 16 17 18 19 20 21 22 23 24 25 26 27 28 29 30 31 32 33 34 35 36 37 38 39 40 41 42 43 44 45 46 47 48 49 50 51 52 53 54 55 56 57 58 59 60 61 62 63 39 40 41 42 43 44 45 64 65 66 67 68 69 31 32 33 34 35 36 37 38 70 70 71 71 72 72 73 73 22 23 24 25 26 27 28 29 30 74 75 76 77 78 79 80 81 82 83 84 85 86 87 88 89 90 91 92 93 94 95 96 0 1 2 3 4 5 6 7 8 9 10 97 98 99 93 94 95 96 46 47 48 49 50 51 52 53 54 55 56 57 58 59 60 61 62 63 74 75 76 77 78 79 80 81 82 83 84 85 86 87 88 89 90 91 92 67 68 69 64 65 66 97 98 99 
54775
13
8 4 3 8 7 11 11 3 11 9 3 4 18 
13 37 29 42 16 8 2 48 43 12 26 45 19 
36 37 63 59 24 11 48 64 62 39 63 48 55 
201 198 822 925 198 270 803 321 528 963 284 535 605 
6 6 6 6 6 6 6 6 6 6 6 5 5 5 5 5 5 5 5 5 5 5 5 5 5 5 5 5 5 5 5 5 5 9 9 9 9 9 9 9 9 9 0 0 0 0 0 0 0 0 4 4 4 4 4 4 4 12 12 12 12 12 12 12 12 12 12 12 12 12 12 12 12 12 12 4 4 4 4 4 4 4 10 10 10 2 2 2 0 0 0 0 0 0 0 0 1 1 1 1 1 1 1 1 9 9 9 9 9 9 9 9 9 3 3 3 3 3 3 3 3 8 8 8 8 8 8 8 8 8 8 8 11 11 11 11 6 6 6 6 6 6 6 6 6 6 6 7 7 7 11 11 11 11 12 12 12 12 12 12 12 12 12 12 12 12 12 12 12 12 12 12 3 3 3 3 3 3 3 3 8 8 8 8 8 8 8 8 8 8 8 2 2 2 10 10 10 7 7 7 