835
100
2
1 1 1 1 1 1 1 1 1 1 1 2 2 2 2 2 3 3 5 5 7 7 8 8 8 9 9 9 9 9 9 9 9 9 10 10 10 14 14 14 14 14 18 18 18 18 22 22 22 22 22 22 22 22 23 23 23 23 23 23 23 23 23 23 23 23 28 28 28 28 29 29 29 29 29 29 31 31 31 31 31 36 36 36 36 36 36 37 37 37 37 37 37 37 37 37 37 37 37 37 37 37 37 37 37 37 37 37 37 39 39 39 39 41 41 41 41 45 45 45 48 48 48 48 48 48 49 49 49 51 51 51 51 52 52 52 54 54 55 55 55 55 55 55 55 56 56 56 56 56 56 56 56 56 56 56 56 56 56 57 57 58 58 58 58 58 58 58 58 58 58 59 59 59 59 60 60 60 65 65 65 66 68 68 68 68 68 68 68 68 68 68 68 68 68 68 68 68 68 68 
76 77 78 79 80 28 29 30 31 32 33 37 38 39 40 41 81 82 42 43 64 65 136 137 87 67 68 69 5 6 7 8 9 10 88 89 90 11 12 13 14 15 18 19 159 160 109 110 111 112 129 130 131 132 145 146 147 148 149 150 151 152 153 154 20 21 181 25 26 27 120 121 122 123 124 125 0 1 2 3 4 16 17 155 156 157 158 24 34 35 36 182 183 184 185 186 187 188 189 190 191 192 193 194 195 196 197 198 199 46 47 48 49 171 172 173 174 126 127 128 70 71 72 73 74 75 117 118 119 50 51 52 53 175 176 177 22 23 161 162 163 164 165 166 167 54 55 56 57 58 59 60 61 62 63 83 84 85 86 44 45 138 139 140 141 142 143 144 178 179 180 113 114 115 116 133 134 135 168 169 170 66 91 92 93 94 95 96 97 98 99 100 101 102 103 104 105 106 107 108 
821 821 821 821 821 903 903 903 903 903 903 175 175 175 175 175 954 954 861 861 575 575 512 512 402 377 377 377 903 903 903 903 903 903 504 504 504 175 175 175 175 175 861 861 674 674 584 584 584 584 585 585 585 585 632 632 632 163 163 163 163 163 163 163 575 575 203 377 377 377 997 997 997 997 997 997 821 821 821 821 821 954 954 559 559 559 559 402 504 504 504 706 706 706 706 706 706 706 706 706 706 706 706 706 706 706 706 706 706 584 584 584 584 814 814 814 814 247 247 247 997 997 997 997 997 997 247 247 247 585 585 585 585 595 595 595 512 512 982 982 982 982 982 982 982 632 632 632 163 163 163 163 163 163 163 559 559 559 559 674 674 982 982 982 982 982 982 982 224 224 224 814 814 814 814 595 595 595 224 224 224 203 706 706 706 706 706 706 706 706 706 706 706 706 706 706 706 706 706 706 
0 1 2 3 4 5 6 7 8 9 10 11 12 13 14 15 16 17 18 19 20 21 22 23 24 25 26 27 5 6 7 8 9 10 28 29 30 11 12 13 14 15 18 19 31 32 33 34 35 36 37 38 39 40 41 42 43 44 45 46 47 48 49 50 20 21 51 25 26 27 52 53 54 55 56 57 0 1 2 3 4 16 17 58 59 60 61 24 28 29 30 62 63 64 65 66 67 68 69 70 71 72 73 74 75 76 77 78 79 33 34 35 36 80 81 82 83 84 85 86 52 53 54 55 56 57 84 85 86 37 38 39 40 87 88 89 22 23 90 91 92 93 94 95 96 41 42 43 44 45 46 47 48 49 50 58 59 60 61 31 32 90 91 92 93 94 95 96 97 98 99 80 81 82 83 87 88 89 97 98 99 51 62 63 64 65 66 67 68 69 70 71 72 73 74 75 76 77 78 79 
62765
24
2 6 2 1 3 4 3 1 2 3 7 2 5 2 3 5 3 6 7 4 4 3 4 18 
5 29 8 28 45 41 52 8 3 23 23 18 2 7 9 1 10 1 55 22 36 58 22 37 
18 48 54 66 49 59 60 37 36 56 56 57 14 23 28 31 37 9 58 39 56 65 51 68 
861 997 512 203 247 814 595 402 954 632 163 674 175 575 377 821 504 903 982 584 559 224 585 706 
15 15 15 15 15 17 17 17 17 17 17 12 12 12 12 12 8 8 0 0 13 13 2 2 7 14 14 14 17 17 17 17 17 17 16 16 16 12 12 12 12 12 0 0 11 11 19 19 19 19 22 22 22 22 9 9 9 10 10 10 10 10 10 10 13 13 3 14 14 14 1 1 1 1 1 1 15 15 15 15 15 8 8 20 20 20 20 7 16 16 16 23 23 23 23 23 23 23 23 23 23 23 23 23 23 23 23 23 23 19 19 19 19 5 5 5 5 4 4 4 1 1 1 1 1 1 4 4 4 22 22 22 22 6 6 6 2 2 18 18 18 18 18 18 18 9 9 9 10 10 10 10 10 10 10 20 20 20 20 11 11 18 18 18 18 18 18 18 21 21 21 5 5 5 5 6 6 6 21 21 21 3 23 23 23 23 23 23 23 23 23 23 23 23 23 23 23 23 23 23 