730
100
2
1 1 1 1 1 1 1 1 3 3 3 3 3 3 3 3 3 3 3 3 3 3 6 6 7 7 7 7 7 7 7 7 7 15 15 15 15 15 15 17 17 17 17 17 17 17 17 17 17 18 18 18 18 18 18 18 18 18 18 18 18 18 18 18 18 18 18 19 19 19 20 20 20 20 20 20 20 20 20 20 20 20 20 20 20 20 20 24 24 24 24 24 24 24 28 28 28 28 28 28 28 28 33 33 38 38 38 38 38 38 38 40 40 40 40 40 40 41 41 41 41 41 41 41 47 47 47 47 47 47 47 47 50 50 54 54 54 54 54 54 54 54 56 56 56 56 56 56 57 57 57 57 57 57 57 61 61 61 61 61 61 61 63 63 65 65 66 66 66 66 66 66 66 66 66 67 67 67 67 67 67 67 67 67 67 67 67 67 67 69 69 69 69 69 69 69 69 69 69 69 
124 125 126 127 128 129 130 131 104 105 106 107 108 109 110 148 149 150 151 152 153 154 132 133 166 167 168 169 170 171 172 173 174 183 184 185 186 187 188 70 71 72 73 74 75 102 103 48 47 87 88 89 90 91 92 93 76 77 78 79 80 81 82 83 84 85 86 197 198 199 39 40 41 42 43 44 56 57 58 59 60 61 62 63 64 65 66 49 50 51 52 53 54 55 175 176 177 178 179 180 181 182 45 46 8 9 10 11 12 13 14 142 143 144 145 146 147 155 156 157 158 159 160 161 0 1 2 3 4 5 6 7 22 23 189 190 191 192 193 194 195 196 111 112 113 114 115 116 15 16 17 18 19 20 21 117 118 119 120 121 122 123 164 165 162 163 24 25 26 27 28 29 30 31 32 94 95 96 97 98 99 100 101 33 34 35 36 37 38 134 135 136 137 138 139 140 141 67 68 69 
907 907 907 907 907 907 907 907 737 737 737 737 737 737 737 429 429 429 429 429 429 429 749 749 892 892 892 892 892 892 892 892 892 333 333 333 333 333 333 434 434 434 434 434 434 742 742 965 965 279 279 279 279 279 279 279 158 158 158 158 158 158 158 158 158 158 158 448 448 448 434 434 434 434 434 434 158 158 158 158 158 158 158 158 158 158 158 279 279 279 279 279 279 279 936 936 936 936 936 936 936 936 742 742 737 737 737 737 737 737 737 584 584 584 584 584 584 186 186 186 186 186 186 186 907 907 907 907 907 907 907 907 749 749 651 651 651 651 651 651 651 651 584 584 584 584 584 584 429 429 429 429 429 429 429 186 186 186 186 186 186 186 682 682 682 682 892 892 892 892 892 892 892 892 892 936 936 936 936 936 936 936 936 333 333 333 333 333 333 651 651 651 651 651 651 651 651 448 448 448 
0 1 2 3 4 5 6 7 8 9 10 11 12 13 14 15 16 17 18 19 20 21 22 23 24 25 26 27 28 29 30 31 32 33 34 35 36 37 38 39 40 41 42 43 44 45 46 47 47 48 49 50 51 52 53 54 55 56 57 58 59 60 61 62 63 64 65 66 67 68 39 40 41 42 43 44 55 56 57 58 59 60 61 62 63 64 65 48 49 50 51 52 53 54 69 70 71 72 73 74 75 76 45 46 8 9 10 11 12 13 14 77 78 79 80 81 82 83 84 85 86 87 88 89 0 1 2 3 4 5 6 7 22 23 90 91 92 93 94 95 96 97 77 78 79 80 81 82 15 16 17 18 19 20 21 83 84 85 86 87 88 89 98 99 98 99 24 25 26 27 28 29 30 31 32 69 70 71 72 73 74 75 76 33 34 35 36 37 38 90 91 92 93 94 95 96 97 66 67 68 
55896
17
7 6 2 2 8 6 7 2 9 8 8 3 6 1 7 7 11 
3 17 6 63 54 40 41 17 7 28 1 19 15 17 3 18 18 
38 20 50 65 69 56 61 33 66 67 47 69 67 17 57 24 20 
737 434 749 682 651 584 186 742 892 936 907 448 333 965 429 279 158 
10 10 10 10 10 10 10 10 0 0 0 0 0 0 0 14 14 14 14 14 14 14 2 2 8 8 8 8 8 8 8 8 8 12 12 12 12 12 12 1 1 1 1 1 1 7 7 13 13 15 15 15 15 15 15 15 16 16 16 16 16 16 16 16 16 16 16 11 11 11 1 1 1 1 1 1 16 16 16 16 16 16 16 16 16 16 16 15 15 15 15 15 15 15 9 9 9 9 9 9 9 9 7 7 0 0 0 0 0 0 0 5 5 5 5 5 5 6 6 6 6 6 6 6 10 10 10 10 10 10 10 10 2 2 4 4 4 4 4 4 4 4 5 5 5 5 5 5 14 14 14 14 14 14 14 6 6 6 6 6 6 6 3 3 3 3 8 8 8 8 8 8 8 8 8 9 9 9 9 9 9 9 9 12 12 12 12 12 12 4 4 4 4 4 4 4 4 11 11 11 