707
100
2
2 4 4 5 5 5 5 5 5 5 5 5 6 6 6 6 7 7 7 8 8 8 8 8 9 9 11 11 11 11 13 16 16 16 16 16 16 16 16 16 16 16 18 21 22 22 22 22 23 23 23 24 24 24 24 24 24 24 24 24 26 26 26 26 27 28 31 31 31 31 31 31 31 32 32 32 32 32 35 35 35 35 35 35 39 40 40 40 40 40 40 42 42 42 42 43 43 43 43 43 43 43 43 43 43 43 43 43 43 43 44 44 44 44 44 46 46 46 47 47 47 47 53 53 53 53 53 53 53 53 53 53 53 53 53 56 56 56 56 56 60 63 63 63 63 65 65 65 65 65 67 67 67 67 68 68 68 68 68 68 68 68 68 68 68 68 68 68 68 68 69 69 69 69 69 69 69 70 70 70 70 70 70 70 70 70 70 70 70 70 70 70 70 70 70 70 70 70 70 70 
84 85 86 135 136 137 138 139 44 45 46 47 106 107 108 109 51 52 53 65 118 119 120 121 78 79 150 151 152 153 66 122 123 124 125 126 127 128 129 130 131 132 110 140 8 9 10 11 115 116 117 16 17 18 177 178 179 180 181 182 80 81 82 83 183 19 30 100 101 102 103 104 105 170 171 172 173 174 24 25 60 61 62 63 0 1 2 141 142 143 144 111 112 113 114 145 146 147 148 149 67 68 69 70 71 72 12 13 14 15 42 91 92 93 94 48 49 50 20 21 22 23 31 32 33 34 35 36 37 38 39 40 41 175 176 3 4 5 6 7 43 87 88 89 90 95 96 97 98 99 26 27 28 29 184 185 186 187 188 189 190 191 192 193 194 195 196 197 198 199 73 74 75 76 77 133 134 54 55 56 57 58 59 64 154 155 156 157 158 159 160 161 162 163 164 165 166 167 168 169 
571 830 830 588 588 588 588 588 222 222 222 222 966 966 966 966 321 321 321 311 727 727 727 727 245 245 226 226 226 226 258 832 832 832 832 832 699 699 699 699 699 699 251 368 222 222 222 222 264 264 264 321 321 321 654 654 654 654 654 654 812 812 812 812 919 311 258 427 427 427 427 427 427 167 167 167 167 167 245 245 812 812 812 812 571 830 830 888 888 888 888 304 304 304 304 803 803 803 803 803 427 427 427 427 427 427 966 966 966 966 251 304 304 304 304 264 264 264 727 727 727 727 832 832 832 832 832 699 699 699 699 699 699 549 549 588 588 588 588 588 368 888 888 888 888 803 803 803 803 803 226 226 226 226 852 852 852 852 852 852 852 852 852 852 852 852 852 852 852 852 167 167 167 167 167 549 549 654 654 654 654 654 654 919 852 852 852 852 852 852 852 852 852 852 852 852 852 852 852 852 
0 1 2 3 4 5 6 7 8 9 10 11 12 13 14 15 16 17 18 19 20 21 22 23 24 25 26 27 28 29 30 31 32 33 34 35 36 37 38 39 40 41 42 43 8 9 10 11 44 45 46 16 17 18 47 48 49 50 51 52 53 54 55 56 57 19 30 58 59 60 61 62 63 64 65 66 67 68 24 25 53 54 55 56 0 1 2 69 70 71 72 73 74 75 76 77 78 79 80 81 58 59 60 61 62 63 12 13 14 15 42 73 74 75 76 44 45 46 20 21 22 23 31 32 33 34 35 36 37 38 39 40 41 82 83 3 4 5 6 7 43 69 70 71 72 77 78 79 80 81 26 27 28 29 84 85 86 87 88 89 90 91 92 93 94 95 96 97 98 99 64 65 66 67 68 82 83 47 48 49 50 51 52 57 84 85 86 87 88 89 90 91 92 93 94 95 96 97 98 99 
60523
26
1 1 2 5 1 3 5 4 2 6 5 4 1 3 4 5 2 4 1 6 6 4 1 4 4 16 
21 13 4 16 18 23 43 42 9 16 32 40 8 7 8 5 53 5 2 24 31 6 27 26 11 68 
60 31 40 53 44 46 65 44 35 53 69 63 28 24 47 56 69 22 39 70 43 43 70 35 67 70 
368 258 830 832 251 264 803 304 245 699 167 888 311 321 727 588 549 222 571 654 427 966 919 812 226 852 
18 2 2 15 15 15 15 15 17 17 17 17 21 21 21 21 13 13 13 12 14 14 14 14 8 8 24 24 24 24 1 3 3 3 3 3 9 9 9 9 9 9 4 0 17 17 17 17 5 5 5 13 13 13 19 19 19 19 19 19 23 23 23 23 22 12 1 20 20 20 20 20 20 10 10 10 10 10 8 8 23 23 23 23 18 2 2 11 11 11 11 7 7 7 7 6 6 6 6 6 20 20 20 20 20 20 21 21 21 21 4 7 7 7 7 5 5 5 14 14 14 14 3 3 3 3 3 9 9 9 9 9 9 16 16 15 15 15 15 15 0 11 11 11 11 6 6 6 6 6 24 24 24 24 25 25 25 25 25 25 25 25 25 25 25 25 25 25 25 25 10 10 10 10 10 16 16 19 19 19 19 19 19 22 25 25 25 25 25 25 25 25 25 25 25 25 25 25 25 25 