204
100
2
6 6 6 6 6 6 6 9 9 10 10 10 10 14 14 14 14 14 14 14 14 14 14 14 16 16 16 16 16 16 16 19 19 19 22 22 22 22 22 24 28 28 28 28 34 34 34 34 34 34 35 35 35 35 35 36 36 36 36 36 36 36 40 40 40 40 40 40 40 40 40 40 40 40 41 41 41 41 41 41 42 42 42 42 42 42 42 42 42 42 42 42 43 43 43 43 43 43 44 44 44 44 44 48 48 51 51 54 54 54 54 54 54 54 54 54 54 54 54 54 54 54 54 54 54 54 57 57 57 57 57 58 58 58 58 58 58 59 60 60 60 60 60 60 60 61 61 61 61 65 65 65 65 65 65 65 65 65 68 68 68 68 68 68 68 68 68 68 68 68 68 68 68 68 68 69 69 69 69 69 69 70 70 70 70 70 70 70 70 70 70 70 70 70 70 70 70 70 70 70 
168 169 170 171 172 173 174 92 93 27 28 29 30 55 56 57 58 59 60 61 158 159 160 161 31 32 33 9 10 11 12 24 25 26 50 51 52 53 54 137 107 108 138 139 86 87 88 89 90 91 34 35 36 37 38 13 14 15 16 17 18 19 175 176 177 178 179 180 162 163 164 165 166 167 80 81 82 83 84 85 74 75 76 77 78 79 44 45 46 47 48 49 7 8 145 146 147 148 149 150 151 152 153 105 106 103 104 40 41 154 155 156 157 187 188 189 190 191 192 193 194 195 196 197 198 199 140 141 142 143 144 181 182 183 184 185 186 39 42 43 126 127 128 129 130 94 95 96 97 98 99 100 101 102 109 110 111 112 20 21 22 23 68 69 70 71 72 73 0 1 2 3 4 5 6 62 63 64 65 66 67 131 132 133 134 135 136 113 114 115 116 117 118 119 120 121 122 123 124 125 
279 279 279 279 279 279 279 408 408 284 284 284 284 286 286 286 286 286 286 286 428 428 428 428 341 341 341 284 284 284 284 341 341 341 716 716 716 716 716 857 890 890 577 577 981 981 981 981 981 981 716 716 716 716 716 286 286 286 286 286 286 286 269 269 269 269 269 269 663 663 663 663 663 663 670 670 670 670 670 670 670 670 670 670 670 670 981 981 981 981 981 981 408 408 739 739 739 739 363 363 363 363 363 399 399 399 399 890 890 860 860 860 860 895 895 895 895 895 895 895 895 895 895 895 895 895 396 396 396 396 396 476 476 476 476 476 476 857 577 577 396 396 396 396 396 739 739 739 739 363 363 363 363 363 860 860 860 860 428 428 428 428 663 663 663 663 663 663 279 279 279 279 279 279 279 269 269 269 269 269 269 476 476 476 476 476 476 895 895 895 895 895 895 895 895 895 895 895 895 895 
0 1 2 3 4 5 6 7 8 9 10 11 12 13 14 15 16 17 18 19 20 21 22 23 24 25 26 9 10 11 12 24 25 26 27 28 29 30 31 32 33 34 35 36 37 38 39 40 41 42 27 28 29 30 31 13 14 15 16 17 18 19 43 44 45 46 47 48 49 50 51 52 53 54 55 56 57 58 59 60 55 56 57 58 59 60 37 38 39 40 41 42 7 8 61 62 63 64 65 66 67 68 69 70 71 70 71 33 34 72 73 74 75 76 77 78 79 80 81 82 83 84 85 86 87 88 89 90 91 92 93 94 95 96 97 98 99 32 35 36 89 90 91 92 93 61 62 63 64 65 66 67 68 69 72 73 74 75 20 21 22 23 49 50 51 52 53 54 0 1 2 3 4 5 6 43 44 45 46 47 48 94 95 96 97 98 99 76 77 78 79 80 81 82 83 84 85 86 87 88 
56991
21
2 6 7 4 6 5 6 2 5 3 2 6 1 6 4 2 4 4 7 5 13 
9 41 14 14 34 22 40 28 44 16 48 58 24 40 43 28 10 54 6 57 54 
43 42 36 68 42 35 69 54 65 19 51 70 59 68 61 60 16 65 68 60 70 
408 670 286 428 981 716 269 890 363 341 399 476 857 663 739 577 284 860 279 396 895 
18 18 18 18 18 18 18 0 0 16 16 16 16 2 2 2 2 2 2 2 3 3 3 3 9 9 9 16 16 16 16 9 9 9 5 5 5 5 5 12 7 7 15 15 4 4 4 4 4 4 5 5 5 5 5 2 2 2 2 2 2 2 6 6 6 6 6 6 13 13 13 13 13 13 1 1 1 1 1 1 1 1 1 1 1 1 4 4 4 4 4 4 0 0 14 14 14 14 8 8 8 8 8 10 10 10 10 7 7 17 17 17 17 20 20 20 20 20 20 20 20 20 20 20 20 20 19 19 19 19 19 11 11 11 11 11 11 12 15 15 19 19 19 19 19 14 14 14 14 8 8 8 8 8 17 17 17 17 3 3 3 3 13 13 13 13 13 13 18 18 18 18 18 18 18 6 6 6 6 6 6 11 11 11 11 11 11 20 20 20 20 20 20 20 20 20 20 20 20 20 