468
100
2
3 3 3 3 4 5 5 5 5 5 6 6 6 6 6 8 8 8 8 8 8 8 8 8 8 12 12 12 12 12 14 14 14 14 14 14 14 14 14 14 14 14 14 18 18 18 18 18 18 18 19 19 19 19 19 19 19 21 21 21 21 21 21 21 21 21 21 21 21 24 24 25 25 30 30 30 30 30 30 30 30 31 31 31 34 34 34 34 34 34 34 36 36 36 36 36 36 37 37 38 38 38 38 39 39 39 39 39 39 39 39 39 39 42 42 42 42 42 42 42 42 42 42 42 42 42 43 43 43 43 43 43 43 45 45 46 46 46 46 46 46 46 46 46 46 46 46 46 50 50 50 53 53 57 57 57 57 57 57 57 57 58 58 58 58 58 58 58 58 60 60 60 60 60 60 60 60 62 62 62 62 62 62 62 64 64 64 65 65 65 65 65 65 65 65 65 65 66 66 66 
187 188 189 190 99 161 162 163 164 165 62 63 64 65 66 50 51 52 53 54 55 56 184 185 186 57 58 59 60 61 135 136 137 138 139 140 141 142 143 144 145 146 147 100 101 102 122 123 124 125 15 16 17 18 19 20 21 25 26 27 28 29 10 11 12 13 14 71 72 153 154 67 68 169 170 171 172 173 174 175 176 166 167 168 126 127 128 129 130 131 132 191 192 193 194 195 196 151 152 4 43 44 45 104 103 106 105 155 156 157 158 159 160 177 178 179 180 181 182 183 133 134 46 47 48 49 84 85 86 87 88 89 90 120 121 30 31 32 33 34 35 36 37 38 39 40 41 42 197 198 199 97 98 69 70 107 108 109 110 111 112 5 6 7 8 9 81 82 83 73 74 75 76 77 78 79 80 113 114 115 116 117 118 119 22 23 24 0 1 2 3 91 92 93 94 95 96 148 149 150 
283 283 283 283 158 613 613 613 613 613 693 693 693 693 693 919 919 919 919 919 919 919 921 921 921 602 602 602 602 602 823 823 823 823 823 823 823 823 823 823 823 823 823 649 649 649 438 438 438 438 919 919 919 919 919 919 919 602 602 602 602 602 693 693 693 693 693 413 413 690 690 413 413 236 236 236 236 236 236 236 236 259 259 259 634 634 634 634 634 634 634 302 302 302 302 302 302 262 262 158 649 649 649 322 322 322 322 586 586 586 586 586 586 758 758 758 758 758 758 758 619 619 438 438 438 438 634 634 634 634 634 634 634 619 619 823 823 823 823 823 823 823 823 823 823 823 823 823 747 747 747 262 262 690 690 586 586 586 586 586 586 613 613 613 613 613 259 259 259 236 236 236 236 236 236 236 236 758 758 758 758 758 758 758 921 921 921 283 283 283 283 302 302 302 302 302 302 747 747 747 
0 1 2 3 4 5 6 7 8 9 10 11 12 13 14 15 16 17 18 19 20 21 22 23 24 25 26 27 28 29 30 31 32 33 34 35 36 37 38 39 40 41 42 43 44 45 46 47 48 49 15 16 17 18 19 20 21 25 26 27 28 29 10 11 12 13 14 50 51 52 53 50 51 54 55 56 57 58 59 60 61 62 63 64 65 66 67 68 69 70 71 72 73 74 75 76 77 78 79 4 43 44 45 80 80 81 81 82 83 84 85 86 87 88 89 90 91 92 93 94 95 96 46 47 48 49 65 66 67 68 69 70 71 95 96 30 31 32 33 34 35 36 37 38 39 40 41 42 97 98 99 78 79 52 53 82 83 84 85 86 87 5 6 7 8 9 62 63 64 54 55 56 57 58 59 60 61 88 89 90 91 92 93 94 22 23 24 0 1 2 3 72 73 74 75 76 77 97 98 99 
59014
22
7 7 7 5 4 6 2 2 2 1 5 3 3 5 2 3 8 3 4 6 2 13 
8 42 34 12 3 36 37 39 42 4 5 50 8 6 24 31 30 18 18 39 21 14 
19 62 43 21 65 65 53 39 45 38 58 66 64 21 57 58 60 38 42 57 25 46 
919 758 634 602 283 302 262 322 619 158 613 747 921 693 690 259 236 649 438 586 413 823 
4 4 4 4 9 10 10 10 10 10 13 13 13 13 13 0 0 0 0 0 0 0 12 12 12 3 3 3 3 3 21 21 21 21 21 21 21 21 21 21 21 21 21 17 17 17 18 18 18 18 0 0 0 0 0 0 0 3 3 3 3 3 13 13 13 13 13 20 20 14 14 20 20 16 16 16 16 16 16 16 16 15 15 15 2 2 2 2 2 2 2 5 5 5 5 5 5 6 6 9 17 17 17 7 7 7 7 19 19 19 19 19 19 1 1 1 1 1 1 1 8 8 18 18 18 18 2 2 2 2 2 2 2 8 8 21 21 21 21 21 21 21 21 21 21 21 21 21 11 11 11 6 6 14 14 19 19 19 19 19 19 10 10 10 10 10 15 15 15 16 16 16 16 16 16 16 16 1 1 1 1 1 1 1 12 12 12 4 4 4 4 5 5 5 5 5 5 11 11 11 