32
100
2
1 1 1 1 1 1 1 1 1 1 1 1 1 1 3 3 3 3 3 3 3 3 3 3 4 4 4 4 6 6 6 6 7 7 7 7 7 7 7 7 7 7 7 7 7 7 7 7 7 7 7 7 7 7 7 7 7 7 7 7 7 7 7 7 7 7 7 7 7 8 8 8 8 8 10 10 10 11 11 11 11 11 12 12 13 13 13 13 13 13 13 13 13 15 15 15 15 15 15 17 17 17 18 18 18 23 23 24 24 25 25 25 25 26 26 26 26 26 26 26 26 27 27 27 27 27 28 28 28 28 28 28 29 29 29 29 31 33 34 34 34 34 34 34 35 35 35 42 43 43 43 43 43 46 47 47 48 48 48 48 48 51 51 51 51 51 53 53 54 54 54 54 55 55 55 55 55 55 55 55 55 56 57 58 58 58 58 63 63 64 64 64 64 64 67 67 67 67 67 70 
161 162 163 164 165 156 157 158 159 160 28 29 30 31 166 167 102 103 104 176 177 178 179 180 168 169 170 171 10 11 12 13 172 173 189 190 191 38 37 40 39 42 41 44 43 46 45 48 47 50 49 52 51 54 53 56 55 58 57 60 59 62 61 64 63 66 65 68 67 194 195 196 197 198 118 119 120 126 127 128 129 130 174 175 109 110 111 112 121 122 123 124 125 138 139 140 141 142 143 144 145 146 16 17 18 192 193 182 147 84 85 86 87 148 149 150 151 152 74 75 76 88 89 90 91 92 77 78 79 80 81 181 183 184 185 186 137 136 93 94 95 96 97 98 99 100 101 108 113 114 115 116 117 199 187 188 5 6 7 8 9 0 1 2 3 4 14 15 24 25 26 27 32 33 82 83 19 20 21 22 23 131 107 132 133 134 135 154 155 34 35 36 105 106 69 70 71 72 73 153 
322 322 322 322 322 657 657 657 657 657 829 829 829 829 506 506 899 899 899 634 634 634 634 634 181 181 181 181 829 829 829 829 329 329 981 981 981 437 437 437 437 437 437 437 437 437 437 437 437 437 437 437 437 437 437 437 437 437 437 437 437 437 437 437 437 437 437 437 437 357 357 357 357 357 536 536 536 904 904 904 904 904 257 257 245 245 245 245 403 403 403 403 403 210 210 210 210 210 210 456 456 456 899 899 899 277 277 333 981 245 245 245 245 207 207 207 207 207 536 536 536 403 403 403 403 403 904 904 904 904 904 719 817 817 817 817 914 914 210 210 210 210 210 210 456 456 456 981 207 207 207 207 207 422 362 362 657 657 657 657 657 322 322 322 322 322 506 506 181 181 181 181 329 329 257 257 634 634 634 634 634 719 333 817 817 817 817 362 362 981 981 981 277 277 357 357 357 357 357 422 
0 1 2 3 4 5 6 7 8 9 10 11 12 13 14 15 16 17 18 19 20 21 22 23 24 25 26 27 10 11 12 13 28 29 30 31 32 33 33 34 34 35 35 36 36 37 37 38 38 39 39 40 40 41 41 42 42 43 43 44 44 45 45 46 46 47 47 48 48 49 50 51 52 53 54 55 56 57 58 59 60 61 62 63 64 65 66 67 68 69 70 71 72 73 74 75 76 77 78 79 80 81 16 17 18 82 83 84 85 64 65 66 67 86 87 88 89 90 54 55 56 68 69 70 71 72 57 58 59 60 61 91 92 93 94 95 96 96 73 74 75 76 77 78 79 80 81 85 86 87 88 89 90 97 98 99 5 6 7 8 9 0 1 2 3 4 14 15 24 25 26 27 28 29 62 63 19 20 21 22 23 91 84 92 93 94 95 98 99 30 31 32 82 83 49 50 51 52 53 97 
49407
27
5 1 4 2 2 2 1 3 6 1 5 4 1 2 3 3 5 5 3 5 1 2 4 5 5 4 16 
1 46 4 3 7 12 24 3 15 31 26 13 24 47 17 7 3 13 10 11 28 23 29 1 8 1 7 
51 70 54 53 55 55 57 18 34 33 43 25 42 63 35 64 55 27 26 28 56 64 58 48 67 6 7 
322 422 181 506 329 257 333 899 210 914 207 245 981 362 456 981 634 403 536 904 719 277 817 657 357 829 437 
0 0 0 0 0 23 23 23 23 23 25 25 25 25 3 3 7 7 7 16 16 16 16 16 2 2 2 2 25 25 25 25 4 4 15 15 15 26 26 26 26 26 26 26 26 26 26 26 26 26 26 26 26 26 26 26 26 26 26 26 26 26 26 26 26 26 26 26 26 24 24 24 24 24 18 18 18 19 19 19 19 19 5 5 11 11 11 11 17 17 17 17 17 8 8 8 8 8 8 14 14 14 7 7 7 21 21 6 12 11 11 11 11 10 10 10 10 10 18 18 18 17 17 17 17 17 19 19 19 19 19 20 22 22 22 22 9 9 8 8 8 8 8 8 14 14 14 12 10 10 10 10 10 1 13 13 23 23 23 23 23 0 0 0 0 0 3 3 2 2 2 2 4 4 5 5 16 16 16 16 16 20 6 22 22 22 22 13 13 15 15 15 21 21 24 24 24 24 24 1 