382
100
2
1 1 1 1 1 1 8 8 8 8 8 8 8 8 8 8 8 8 8 8 9 9 9 9 10 10 10 10 10 10 10 10 10 12 12 12 12 13 13 13 13 13 13 13 13 13 17 17 17 17 17 17 17 17 17 24 24 24 24 24 24 24 24 24 24 24 24 24 24 27 27 27 27 27 27 27 27 27 27 27 27 28 28 28 28 28 28 28 28 28 30 30 30 30 30 30 30 32 32 32 32 32 32 32 32 32 35 35 35 35 35 36 36 36 36 36 36 36 36 36 36 39 39 39 39 39 39 41 41 43 43 43 43 43 43 43 43 43 44 44 44 44 44 44 44 44 44 44 44 50 50 50 51 51 53 53 53 53 53 53 53 53 53 53 53 53 53 53 53 53 62 62 62 62 63 63 63 63 63 63 63 63 63 63 65 65 65 65 65 65 66 66 66 66 66 66 66 66 66 66 
154 155 156 157 158 159 55 56 57 58 59 60 61 62 63 64 65 66 67 68 42 43 44 45 149 150 151 121 122 123 124 125 126 170 171 172 173 106 107 108 109 110 20 21 22 23 81 82 83 84 85 86 87 88 89 6 7 8 9 10 11 12 13 14 15 16 17 18 19 90 91 92 93 94 95 96 144 145 146 147 148 46 47 48 49 50 51 52 53 54 69 70 71 72 73 74 75 129 130 131 132 133 134 135 136 137 37 38 39 40 41 174 175 176 177 178 179 180 181 182 183 27 28 29 30 31 32 152 153 97 98 99 100 101 102 103 104 105 184 185 186 187 188 189 76 77 78 79 80 24 25 26 127 128 0 1 2 3 4 5 190 191 192 193 194 195 196 197 198 199 33 34 35 36 111 112 113 114 115 116 117 118 119 120 138 139 140 141 142 143 160 161 162 163 164 165 166 167 168 169 
737 737 737 737 737 737 160 160 160 160 160 160 160 160 160 160 160 160 160 160 966 966 966 966 375 375 375 270 270 270 270 270 270 516 516 516 516 597 597 597 597 597 966 966 966 966 193 193 193 193 193 193 193 193 193 160 160 160 160 160 160 160 160 160 160 160 160 160 160 854 854 854 854 854 854 854 472 472 472 472 472 193 193 193 193 193 193 193 193 193 854 854 854 854 854 854 854 499 499 499 499 499 499 499 499 499 597 597 597 597 597 284 284 284 284 284 284 284 284 284 284 270 270 270 270 270 270 707 707 499 499 499 499 499 499 499 499 499 391 391 391 391 391 391 472 472 472 472 472 375 375 375 707 707 737 737 737 737 737 737 863 863 863 863 863 863 863 863 863 863 516 516 516 516 284 284 284 284 284 284 284 284 284 284 391 391 391 391 391 391 863 863 863 863 863 863 863 863 863 863 
0 1 2 3 4 5 6 7 8 9 10 11 12 13 14 15 16 17 18 19 20 21 22 23 24 25 26 27 28 29 30 31 32 33 34 35 36 37 38 39 40 41 20 21 22 23 42 43 44 45 46 47 48 49 50 6 7 8 9 10 11 12 13 14 15 16 17 18 19 51 52 53 54 55 56 57 58 59 60 61 62 42 43 44 45 46 47 48 49 50 51 52 53 54 55 56 57 63 64 65 66 67 68 69 70 71 37 38 39 40 41 72 73 74 75 76 77 78 79 80 81 27 28 29 30 31 32 82 83 63 64 65 66 67 68 69 70 71 84 85 86 87 88 89 58 59 60 61 62 24 25 26 82 83 0 1 2 3 4 5 90 91 92 93 94 95 96 97 98 99 33 34 35 36 72 73 74 75 76 77 78 79 80 81 84 85 86 87 88 89 90 91 92 93 94 95 96 97 98 99 
48116
15
6 10 7 6 3 6 9 9 4 5 5 2 10 4 14 
1 36 27 44 10 10 32 17 12 27 13 41 53 9 8 
53 63 30 65 50 39 43 28 62 44 35 51 66 13 24 
737 284 854 391 375 270 499 193 516 472 597 707 863 966 160 
0 0 0 0 0 0 14 14 14 14 14 14 14 14 14 14 14 14 14 14 13 13 13 13 4 4 4 5 5 5 5 5 5 8 8 8 8 10 10 10 10 10 13 13 13 13 7 7 7 7 7 7 7 7 7 14 14 14 14 14 14 14 14 14 14 14 14 14 14 2 2 2 2 2 2 2 9 9 9 9 9 7 7 7 7 7 7 7 7 7 2 2 2 2 2 2 2 6 6 6 6 6 6 6 6 6 10 10 10 10 10 1 1 1 1 1 1 1 1 1 1 5 5 5 5 5 5 11 11 6 6 6 6 6 6 6 6 6 3 3 3 3 3 3 9 9 9 9 9 4 4 4 11 11 0 0 0 0 0 0 12 12 12 12 12 12 12 12 12 12 8 8 8 8 1 1 1 1 1 1 1 1 1 1 3 3 3 3 3 3 12 12 12 12 12 12 12 12 12 12 