608
100
2
1 2 2 4 4 4 10 10 10 10 10 10 10 10 13 13 13 13 13 13 13 13 13 15 15 15 15 15 15 15 15 17 17 17 17 18 18 18 18 18 18 18 18 18 18 18 18 18 18 21 21 21 21 21 21 21 21 21 21 21 21 21 21 21 21 21 21 21 21 24 25 25 25 26 26 26 29 29 29 29 29 29 29 29 31 31 31 31 31 32 32 32 32 32 32 32 32 32 32 32 32 32 32 35 35 35 38 38 38 38 38 38 38 38 38 38 38 38 38 38 38 46 46 46 46 47 47 47 47 47 47 47 48 54 54 54 54 54 54 54 54 57 57 57 57 57 57 57 62 62 62 62 62 62 62 62 62 62 62 62 62 62 62 62 62 63 63 63 63 63 63 63 63 63 63 63 63 63 64 64 64 64 64 64 64 66 66 66 66 66 66 66 66 69 69 70 70 70 70 70 
155 193 194 73 74 75 23 24 25 26 27 28 29 30 156 157 158 159 160 161 162 163 164 6 7 8 9 10 11 12 13 121 122 123 124 89 90 91 92 93 94 95 55 56 57 58 59 60 61 165 166 167 168 169 170 42 43 44 45 46 47 48 178 179 180 181 182 183 184 132 103 104 105 3 4 5 185 186 187 188 189 190 191 192 195 196 197 198 199 35 36 37 38 39 40 41 114 115 116 117 118 119 120 70 71 72 133 134 135 136 137 138 139 140 96 97 98 99 100 101 102 31 32 33 34 141 142 143 144 145 146 147 69 106 107 108 109 110 111 112 113 125 126 127 128 129 130 131 171 172 173 174 175 176 177 0 14 15 16 17 18 19 20 21 22 49 50 51 52 53 54 148 149 150 151 152 153 154 62 63 64 65 66 67 68 76 77 78 79 80 81 82 83 1 2 84 85 86 87 88 
773 919 919 350 350 350 194 194 194 194 194 194 194 194 392 392 392 392 392 392 392 392 392 194 194 194 194 194 194 194 194 210 210 210 210 459 459 459 459 459 459 459 176 176 176 176 176 176 176 687 687 687 687 687 687 176 176 176 176 176 176 176 602 602 602 602 602 602 602 389 937 937 937 350 350 350 383 383 383 383 383 383 383 383 379 379 379 379 379 459 459 459 459 459 459 459 380 380 380 380 380 380 380 937 937 937 580 580 580 580 580 580 580 580 380 380 380 380 380 380 380 210 210 210 210 251 251 251 251 251 251 251 389 580 580 580 580 580 580 580 580 251 251 251 251 251 251 251 434 434 434 434 434 434 434 773 392 392 392 392 392 392 392 392 392 687 687 687 687 687 687 434 434 434 434 434 434 434 602 602 602 602 602 602 602 383 383 383 383 383 383 383 383 919 919 379 379 379 379 379 
0 1 2 3 4 5 6 7 8 9 10 11 12 13 14 15 16 17 18 19 20 21 22 6 7 8 9 10 11 12 13 23 24 25 26 27 28 29 30 31 32 33 34 35 36 37 38 39 40 41 42 43 44 45 46 34 35 36 37 38 39 40 47 48 49 50 51 52 53 54 55 56 57 3 4 5 58 59 60 61 62 63 64 65 66 67 68 69 70 27 28 29 30 31 32 33 71 72 73 74 75 76 77 55 56 57 78 79 80 81 82 83 84 85 71 72 73 74 75 76 77 23 24 25 26 86 87 88 89 90 91 92 54 78 79 80 81 82 83 84 85 86 87 88 89 90 91 92 93 94 95 96 97 98 99 0 14 15 16 17 18 19 20 21 22 41 42 43 44 45 46 93 94 95 96 97 98 99 47 48 49 50 51 52 53 58 59 60 61 62 63 64 65 1 2 66 67 68 69 70 
42616
18
7 2 6 7 3 1 7 7 8 5 7 8 1 4 3 8 7 9 
18 2 21 47 25 24 18 21 10 31 62 38 1 17 4 29 32 13 
32 69 63 57 35 48 21 64 15 70 63 54 62 46 26 66 38 62 
459 919 687 251 937 389 176 602 194 379 434 580 773 210 350 383 380 392 
12 1 1 14 14 14 8 8 8 8 8 8 8 8 17 17 17 17 17 17 17 17 17 8 8 8 8 8 8 8 8 13 13 13 13 0 0 0 0 0 0 0 6 6 6 6 6 6 6 2 2 2 2 2 2 6 6 6 6 6 6 6 7 7 7 7 7 7 7 5 4 4 4 14 14 14 15 15 15 15 15 15 15 15 9 9 9 9 9 0 0 0 0 0 0 0 16 16 16 16 16 16 16 4 4 4 11 11 11 11 11 11 11 11 16 16 16 16 16 16 16 13 13 13 13 3 3 3 3 3 3 3 5 11 11 11 11 11 11 11 11 3 3 3 3 3 3 3 10 10 10 10 10 10 10 12 17 17 17 17 17 17 17 17 17 2 2 2 2 2 2 10 10 10 10 10 10 10 7 7 7 7 7 7 7 15 15 15 15 15 15 15 15 1 1 9 9 9 9 9 