670
100
2
1 1 1 1 1 1 1 1 1 1 1 1 1 1 1 1 1 4 4 4 4 4 4 10 10 10 10 14 14 14 14 15 15 15 15 15 15 15 15 15 15 15 15 15 15 15 15 15 15 21 21 21 21 21 21 21 21 21 21 21 21 21 21 21 21 21 21 22 22 22 22 22 24 24 24 25 25 25 25 25 25 25 25 25 25 25 25 25 32 32 32 32 32 32 32 32 32 32 32 32 32 32 32 32 32 32 32 32 32 32 32 32 32 32 32 32 32 32 32 32 32 32 32 43 43 43 43 43 43 47 47 47 47 47 59 59 59 59 59 59 59 59 59 59 59 59 59 65 65 65 65 65 65 65 65 65 65 65 65 65 67 67 67 67 67 67 67 67 67 67 68 68 68 68 68 68 68 68 68 68 68 68 69 69 69 69 69 69 69 69 69 69 69 69 69 69 69 69 69 69 
88 89 90 91 92 93 94 95 96 97 98 99 100 101 102 103 104 123 124 125 126 127 128 27 28 29 30 23 24 25 26 49 50 51 52 53 54 55 56 57 58 59 60 61 62 63 64 65 66 31 32 33 34 35 36 37 38 39 40 41 42 43 44 45 46 47 48 129 130 131 132 133 147 148 149 134 135 136 137 138 139 140 141 142 143 144 145 146 0 1 2 3 4 5 6 7 8 9 10 11 12 13 14 15 16 182 183 184 185 186 187 188 189 190 191 192 193 194 195 196 197 198 199 17 18 19 20 21 22 67 68 69 70 71 75 76 77 78 79 80 81 82 83 84 85 86 87 72 73 74 160 161 162 163 164 165 166 167 168 169 150 151 152 153 154 155 156 157 158 159 171 170 173 172 175 174 177 176 179 178 181 180 105 106 107 108 109 110 111 112 113 114 115 116 117 118 119 120 121 122 
915 915 915 915 915 915 915 915 915 915 915 915 915 915 915 915 915 688 688 688 688 688 688 484 484 484 484 484 484 484 484 713 713 713 713 713 713 713 713 713 713 713 713 713 713 713 713 713 713 713 713 713 713 713 713 713 713 713 713 713 713 713 713 713 713 713 713 625 625 625 625 625 673 673 673 182 182 182 182 182 182 182 182 182 182 182 182 182 915 915 915 915 915 915 915 915 915 915 915 915 915 915 915 915 915 575 575 575 575 575 575 575 575 575 575 575 575 575 575 575 575 575 575 688 688 688 688 688 688 625 625 625 625 625 182 182 182 182 182 182 182 182 182 182 182 182 182 673 673 673 452 452 452 452 452 452 452 452 452 452 452 452 452 452 452 452 452 452 452 452 733 733 733 733 733 733 733 733 733 733 733 733 575 575 575 575 575 575 575 575 575 575 575 575 575 575 575 575 575 575 
0 1 2 3 4 5 6 7 8 9 10 11 12 13 14 15 16 17 18 19 20 21 22 23 24 25 26 23 24 25 26 27 28 29 30 31 32 33 34 35 36 37 38 39 40 41 42 43 44 27 28 29 30 31 32 33 34 35 36 37 38 39 40 41 42 43 44 45 46 47 48 49 50 51 52 53 54 55 56 57 58 59 60 61 62 63 64 65 0 1 2 3 4 5 6 7 8 9 10 11 12 13 14 15 16 66 67 68 69 70 71 72 73 74 75 76 77 78 79 80 81 82 83 17 18 19 20 21 22 45 46 47 48 49 53 54 55 56 57 58 59 60 61 62 63 64 65 50 51 52 84 85 86 87 88 89 90 91 92 93 84 85 86 87 88 89 90 91 92 93 94 94 95 95 96 96 97 97 98 98 99 99 66 67 68 69 70 71 72 73 74 75 76 77 78 79 80 81 82 83 
61231
10
3 18 4 6 13 17 5 18 6 10 
24 15 10 4 25 1 22 32 68 65 
65 21 14 43 59 32 47 69 68 67 
673 713 484 688 182 915 625 575 733 452 
5 5 5 5 5 5 5 5 5 5 5 5 5 5 5 5 5 3 3 3 3 3 3 2 2 2 2 2 2 2 2 1 1 1 1 1 1 1 1 1 1 1 1 1 1 1 1 1 1 1 1 1 1 1 1 1 1 1 1 1 1 1 1 1 1 1 1 6 6 6 6 6 0 0 0 4 4 4 4 4 4 4 4 4 4 4 4 4 5 5 5 5 5 5 5 5 5 5 5 5 5 5 5 5 5 7 7 7 7 7 7 7 7 7 7 7 7 7 7 7 7 7 7 3 3 3 3 3 3 6 6 6 6 6 4 4 4 4 4 4 4 4 4 4 4 4 4 0 0 0 9 9 9 9 9 9 9 9 9 9 9 9 9 9 9 9 9 9 9 9 8 8 8 8 8 8 8 8 8 8 8 8 7 7 7 7 7 7 7 7 7 7 7 7 7 7 7 7 7 7 