736
100
2
1 1 1 1 1 1 1 1 1 1 1 1 1 1 1 1 1 1 1 1 1 1 1 2 2 3 3 3 3 3 3 3 3 3 3 3 3 3 3 6 6 6 6 6 6 8 8 8 9 9 9 11 11 13 13 13 13 13 13 13 13 13 13 13 13 13 13 16 16 18 18 18 19 19 19 19 19 19 26 26 26 26 26 26 26 26 34 34 37 37 37 37 37 37 37 37 37 37 37 37 37 37 40 40 40 40 40 40 40 40 40 40 40 40 40 40 41 41 41 45 45 45 45 45 45 45 45 48 48 48 52 52 52 52 52 52 52 52 52 52 52 52 52 52 53 53 53 53 53 53 53 53 55 55 55 55 55 55 55 55 55 55 55 55 55 55 55 55 55 55 58 58 58 58 58 58 58 58 59 59 59 59 59 59 59 59 59 59 59 59 59 59 66 66 66 66 66 66 66 66 
152 153 154 155 156 157 158 159 160 94 95 96 97 98 99 100 101 164 165 166 167 168 169 51 52 88 89 90 91 92 93 192 193 194 195 196 197 198 199 61 62 63 64 65 66 69 70 71 127 128 129 23 24 170 171 172 173 174 175 176 177 39 40 41 42 43 44 86 87 45 46 47 178 179 180 181 182 183 184 185 186 187 188 189 190 191 67 68 25 26 27 28 29 30 9 10 11 12 13 14 15 16 130 131 132 133 134 135 136 137 138 139 140 141 142 143 161 162 163 144 145 146 147 148 149 150 151 48 49 50 102 103 104 105 106 107 108 109 110 111 112 113 114 115 119 120 121 122 123 124 125 126 0 1 2 3 4 5 6 7 8 116 117 118 17 18 19 20 21 22 53 54 55 56 57 58 59 60 72 73 74 75 76 77 78 79 80 81 82 83 84 85 31 32 33 34 35 36 37 38 
836 836 836 836 836 836 836 836 836 500 500 500 500 500 500 500 500 624 624 624 624 624 624 592 592 656 656 656 656 656 656 709 709 709 709 709 709 709 709 672 672 672 672 672 672 610 610 610 839 839 839 592 592 968 968 968 968 968 968 968 968 672 672 672 672 672 672 903 903 610 610 610 251 251 251 251 251 251 431 431 431 431 431 431 431 431 903 903 656 656 656 656 656 656 500 500 500 500 500 500 500 500 194 194 194 194 194 194 194 194 194 194 194 194 194 194 235 235 235 927 927 927 927 927 927 927 927 839 839 839 194 194 194 194 194 194 194 194 194 194 194 194 194 194 927 927 927 927 927 927 927 927 836 836 836 836 836 836 836 836 836 235 235 235 624 624 624 624 624 624 968 968 968 968 968 968 968 968 251 251 251 251 251 251 431 431 431 431 431 431 431 431 709 709 709 709 709 709 709 709 
0 1 2 3 4 5 6 7 8 9 10 11 12 13 14 15 16 17 18 19 20 21 22 23 24 25 26 27 28 29 30 31 32 33 34 35 36 37 38 39 40 41 42 43 44 45 46 47 48 49 50 23 24 51 52 53 54 55 56 57 58 39 40 41 42 43 44 59 60 45 46 47 61 62 63 64 65 66 67 68 69 70 71 72 73 74 59 60 25 26 27 28 29 30 9 10 11 12 13 14 15 16 75 76 77 78 79 80 81 82 83 84 85 86 87 88 89 90 91 92 93 94 95 96 97 98 99 48 49 50 75 76 77 78 79 80 81 82 83 84 85 86 87 88 92 93 94 95 96 97 98 99 0 1 2 3 4 5 6 7 8 89 90 91 17 18 19 20 21 22 51 52 53 54 55 56 57 58 61 62 63 64 65 66 67 68 69 70 71 72 73 74 31 32 33 34 35 36 37 38 
59780
16
6 8 6 9 6 2 3 3 8 8 8 3 6 2 8 14 
19 13 3 1 6 16 41 8 1 3 45 9 1 2 26 40 
59 58 37 55 13 34 55 18 37 66 53 48 55 11 59 52 
251 968 656 836 672 903 235 610 500 709 927 839 624 592 431 194 
3 3 3 3 3 3 3 3 3 8 8 8 8 8 8 8 8 12 12 12 12 12 12 13 13 2 2 2 2 2 2 9 9 9 9 9 9 9 9 4 4 4 4 4 4 7 7 7 11 11 11 13 13 1 1 1 1 1 1 1 1 4 4 4 4 4 4 5 5 7 7 7 0 0 0 0 0 0 14 14 14 14 14 14 14 14 5 5 2 2 2 2 2 2 8 8 8 8 8 8 8 8 15 15 15 15 15 15 15 15 15 15 15 15 15 15 6 6 6 10 10 10 10 10 10 10 10 11 11 11 15 15 15 15 15 15 15 15 15 15 15 15 15 15 10 10 10 10 10 10 10 10 3 3 3 3 3 3 3 3 3 6 6 6 12 12 12 12 12 12 1 1 1 1 1 1 1 1 0 0 0 0 0 0 14 14 14 14 14 14 14 14 9 9 9 9 9 9 9 9 