337
100
2
6 6 6 6 6 6 6 6 9 9 9 9 10 10 10 10 10 10 10 10 10 10 10 10 10 10 14 14 14 14 14 14 14 14 15 15 15 15 15 15 15 15 19 19 23 23 23 23 23 23 23 23 23 23 23 23 23 23 23 24 24 24 24 24 24 24 24 24 24 24 24 24 24 24 26 26 26 26 26 26 26 28 28 29 29 29 29 29 29 29 29 29 29 29 29 29 33 33 33 34 34 34 34 34 34 34 34 34 39 39 39 39 39 39 39 39 39 39 39 39 39 40 40 40 40 40 40 40 40 40 40 40 40 40 40 40 45 45 45 45 46 46 46 46 46 46 46 46 48 48 48 48 48 48 48 48 48 51 51 51 51 51 51 51 51 52 52 52 54 54 54 54 54 54 54 55 55 55 55 55 55 55 55 55 63 63 63 63 67 67 67 67 67 67 67 67 67 67 67 67 
157 158 159 160 161 162 163 164 184 185 186 187 44 45 46 47 48 49 140 141 142 143 144 145 146 147 34 35 36 37 38 39 40 41 26 27 28 29 30 31 32 33 81 82 12 13 14 15 16 17 99 100 101 102 103 104 105 106 107 121 122 123 124 125 126 127 128 129 130 131 132 133 134 135 168 169 170 171 172 173 174 42 43 175 176 177 178 179 180 181 182 183 153 154 155 156 165 166 167 50 51 52 53 54 55 56 57 58 148 149 150 151 152 192 193 194 195 196 197 198 199 59 60 61 62 63 64 65 66 67 68 69 70 71 72 73 188 189 190 191 18 19 20 21 22 23 24 25 108 109 110 111 112 92 93 94 95 0 1 2 3 4 5 6 7 96 97 98 74 75 76 77 78 79 80 83 84 85 86 87 88 89 90 91 8 9 10 11 136 137 138 139 113 114 115 116 117 118 119 120 
490 490 490 490 490 490 490 490 735 735 735 735 782 782 782 782 782 782 238 238 238 238 238 238 238 238 606 606 606 606 606 606 606 606 606 606 606 606 606 606 606 606 388 388 782 782 782 782 782 782 414 414 414 414 414 414 414 414 414 660 660 660 660 660 660 660 660 660 660 660 660 660 660 660 667 667 667 667 667 667 667 388 388 338 338 338 338 338 338 338 338 338 948 948 948 948 479 479 479 414 414 414 414 414 414 414 414 414 280 280 280 280 280 752 752 752 752 752 752 752 752 660 660 660 660 660 660 660 660 660 660 660 660 660 660 660 853 853 853 853 238 238 238 238 238 238 238 238 280 280 280 280 280 948 948 948 948 490 490 490 490 490 490 490 490 479 479 479 667 667 667 667 667 667 667 338 338 338 338 338 338 338 338 338 735 735 735 735 853 853 853 853 752 752 752 752 752 752 752 752 
0 1 2 3 4 5 6 7 8 9 10 11 12 13 14 15 16 17 18 19 20 21 22 23 24 25 26 27 28 29 30 31 32 33 26 27 28 29 30 31 32 33 34 35 12 13 14 15 16 17 36 37 38 39 40 41 42 43 44 45 46 47 48 49 50 51 52 53 54 55 56 57 58 59 60 61 62 63 64 65 66 34 35 67 68 69 70 71 72 73 74 75 76 77 78 79 80 81 82 36 37 38 39 40 41 42 43 44 83 84 85 86 87 88 89 90 91 92 93 94 95 45 46 47 48 49 50 51 52 53 54 55 56 57 58 59 96 97 98 99 18 19 20 21 22 23 24 25 83 84 85 86 87 76 77 78 79 0 1 2 3 4 5 6 7 80 81 82 60 61 62 63 64 65 66 67 68 69 70 71 72 73 74 75 8 9 10 11 96 97 98 99 88 89 90 91 92 93 94 95 
56474
15
8 5 6 4 8 4 9 2 8 7 4 8 3 9 15 
6 39 10 9 10 45 29 19 14 26 29 39 33 23 24 
51 48 23 63 46 67 55 28 15 54 48 67 52 34 40 
490 280 782 735 238 853 338 388 606 667 948 752 479 414 660 
0 0 0 0 0 0 0 0 3 3 3 3 2 2 2 2 2 2 4 4 4 4 4 4 4 4 8 8 8 8 8 8 8 8 8 8 8 8 8 8 8 8 7 7 2 2 2 2 2 2 13 13 13 13 13 13 13 13 13 14 14 14 14 14 14 14 14 14 14 14 14 14 14 14 9 9 9 9 9 9 9 7 7 6 6 6 6 6 6 6 6 6 10 10 10 10 12 12 12 13 13 13 13 13 13 13 13 13 1 1 1 1 1 11 11 11 11 11 11 11 11 14 14 14 14 14 14 14 14 14 14 14 14 14 14 14 5 5 5 5 4 4 4 4 4 4 4 4 1 1 1 1 1 10 10 10 10 0 0 0 0 0 0 0 0 12 12 12 9 9 9 9 9 9 9 6 6 6 6 6 6 6 6 6 3 3 3 3 5 5 5 5 11 11 11 11 11 11 11 11 