782
100
2
2 2 2 2 3 3 3 3 3 3 3 7 7 7 7 24 24 24 24 25 25 25 25 25 25 25 25 25 25 25 25 26 26 26 26 26 26 26 26 26 26 27 27 27 27 27 27 27 27 28 28 28 28 28 29 29 29 33 33 33 33 35 35 35 35 35 35 35 35 35 39 39 39 39 39 39 39 39 39 39 39 39 39 39 42 42 42 42 42 42 42 42 42 42 42 43 43 45 45 45 45 45 47 47 47 47 47 48 48 48 48 48 48 48 48 48 48 48 48 49 49 49 49 49 49 49 49 49 49 49 49 49 49 49 49 49 49 49 49 49 49 50 50 50 50 50 50 50 52 52 52 54 54 54 54 54 54 54 55 55 55 55 55 55 55 55 61 61 61 62 62 62 62 62 62 62 62 66 66 66 66 66 66 66 66 68 68 68 68 68 68 68 68 68 68 68 68 68 68 68 
15 16 17 18 88 89 90 91 92 93 94 57 58 59 60 0 1 2 3 20 19 22 21 24 23 26 25 28 27 30 29 32 31 34 33 36 35 38 37 40 39 119 120 121 122 123 124 125 126 161 162 163 164 165 166 167 168 11 12 13 14 185 186 187 188 189 190 191 95 96 127 128 129 130 131 132 133 134 135 136 137 138 139 140 141 142 143 144 4 5 6 7 8 9 10 68 69 102 103 104 105 106 97 98 99 100 101 151 152 153 154 177 178 179 180 181 182 183 184 41 42 43 44 45 46 47 48 70 71 72 73 74 75 76 77 78 79 80 81 82 83 84 85 86 87 155 156 157 158 159 160 107 108 109 110 145 146 147 148 149 150 49 50 51 52 53 54 55 56 192 193 194 195 196 197 198 199 111 112 113 114 115 116 117 118 61 62 63 64 65 66 67 169 170 171 172 173 174 175 176 
909 909 909 909 418 418 418 418 418 418 418 682 682 682 682 909 909 909 909 785 785 785 785 785 785 785 785 785 785 785 785 170 170 170 170 170 170 170 170 170 170 901 901 901 901 901 901 901 901 470 470 470 470 470 992 992 992 682 682 682 682 969 969 969 969 969 969 969 691 691 832 832 832 832 832 832 832 832 832 832 832 832 832 832 962 962 962 962 418 418 418 418 418 418 418 691 691 335 335 445 445 445 335 335 445 445 445 986 986 986 986 543 543 543 543 543 543 543 543 901 901 901 901 901 901 901 901 832 832 832 832 832 832 832 832 832 832 832 832 832 832 962 962 962 962 397 397 397 492 492 492 986 986 986 986 397 397 397 492 492 492 470 470 470 470 470 992 992 992 819 819 819 819 819 819 819 819 543 543 543 543 543 543 543 543 969 969 969 969 969 969 969 819 819 819 819 819 819 819 819 
0 1 2 3 4 5 6 7 8 9 10 11 12 13 14 0 1 2 3 15 15 16 16 17 17 18 18 19 19 20 20 21 21 22 22 23 23 24 24 25 25 26 27 28 29 30 31 32 33 34 35 36 37 38 39 40 41 11 12 13 14 42 43 44 45 46 47 48 49 50 51 52 53 54 55 56 57 58 59 60 61 62 63 64 65 66 67 68 4 5 6 7 8 9 10 49 50 69 70 71 72 73 69 70 71 72 73 74 75 76 77 78 79 80 81 82 83 84 85 26 27 28 29 30 31 32 33 51 52 53 54 55 56 57 58 59 60 61 62 63 64 65 66 67 68 86 87 88 89 90 91 74 75 76 77 86 87 88 89 90 91 34 35 36 37 38 39 40 41 92 93 94 95 96 97 98 99 78 79 80 81 82 83 84 85 42 43 44 45 46 47 48 92 93 94 95 96 97 98 99 
70557
19
7 8 4 4 2 5 2 4 3 6 8 4 8 3 3 3 5 7 14 
35 62 2 48 35 26 45 7 29 25 48 42 27 45 52 50 28 3 39 
68 68 24 54 43 26 47 33 61 25 66 50 49 47 55 54 55 42 49 
969 819 909 986 691 170 335 682 992 785 543 962 901 445 492 397 470 418 832 
2 2 2 2 17 17 17 17 17 17 17 7 7 7 7 2 2 2 2 9 9 9 9 9 9 9 9 9 9 9 9 5 5 5 5 5 5 5 5 5 5 12 12 12 12 12 12 12 12 16 16 16 16 16 8 8 8 7 7 7 7 0 0 0 0 0 0 0 4 4 18 18 18 18 18 18 18 18 18 18 18 18 18 18 11 11 11 11 17 17 17 17 17 17 17 4 4 6 6 13 13 13 6 6 13 13 13 3 3 3 3 10 10 10 10 10 10 10 10 12 12 12 12 12 12 12 12 18 18 18 18 18 18 18 18 18 18 18 18 18 18 11 11 11 11 15 15 15 14 14 14 3 3 3 3 15 15 15 14 14 14 16 16 16 16 16 8 8 8 1 1 1 1 1 1 1 1 10 10 10 10 10 10 10 10 0 0 0 0 0 0 0 1 1 1 1 1 1 1 1 