528
100
2
1 1 1 1 2 2 2 2 2 2 2 2 2 2 2 2 2 3 3 3 3 3 3 3 3 3 3 3 3 3 3 3 3 3 3 3 3 3 3 3 3 3 7 7 7 9 9 9 9 9 9 9 9 9 9 9 9 9 9 9 9 9 9 9 9 9 9 9 10 10 10 10 10 10 10 11 11 11 11 11 11 11 11 11 12 12 14 14 17 17 17 17 19 20 20 20 20 20 20 22 22 22 22 22 23 23 23 23 23 23 23 23 25 25 25 26 26 27 27 29 29 29 29 30 31 31 31 36 36 36 36 36 36 36 40 40 40 40 41 41 41 44 44 45 45 45 46 53 53 53 53 53 53 53 53 53 54 54 54 54 54 56 56 59 59 59 59 61 61 61 62 62 62 62 62 62 62 63 63 63 63 63 63 63 64 64 65 65 65 66 66 66 67 67 67 68 68 68 68 68 
180 181 182 183 84 85 95 96 97 98 173 174 175 176 177 178 179 86 87 80 81 82 83 49 50 51 52 53 54 55 56 57 58 59 60 61 62 63 64 65 66 67 45 46 47 42 43 44 146 23 24 25 26 27 28 29 30 31 32 33 34 35 36 37 38 39 40 41 108 109 110 111 112 113 114 163 164 165 166 92 19 20 21 22 4 5 17 18 119 120 121 122 79 117 118 6 7 8 9 147 148 149 115 116 134 135 136 137 68 69 70 71 72 73 74 102 103 93 94 88 89 90 91 160 170 171 172 156 157 158 159 192 193 194 104 105 106 107 153 154 155 161 162 189 190 191 48 99 100 101 195 196 197 138 139 140 127 128 129 130 123 141 142 75 76 77 78 186 187 188 124 125 126 10 11 12 13 14 15 16 0 1 2 3 198 199 167 168 169 143 144 145 131 132 133 150 151 152 184 185 
742 742 742 742 375 375 507 507 507 507 487 487 487 487 892 892 892 642 642 259 259 259 259 487 487 487 487 487 487 487 487 487 487 487 487 487 487 487 487 487 487 487 436 436 436 436 436 436 452 487 487 487 487 487 487 487 487 487 487 487 487 487 487 487 487 487 487 487 498 498 498 498 222 222 222 797 797 797 797 692 259 259 259 259 375 375 642 642 569 569 569 569 692 816 816 507 507 507 507 865 865 865 510 510 903 903 903 903 498 498 498 498 222 222 222 510 510 816 816 569 569 569 569 813 975 975 975 388 388 388 388 613 613 613 903 903 903 903 834 834 834 510 510 525 525 525 452 865 865 865 714 714 714 834 834 834 388 388 388 388 813 510 510 797 797 797 797 622 622 622 975 975 975 487 487 487 487 892 892 892 742 742 742 742 372 372 622 622 622 525 525 525 613 613 613 714 714 714 372 372 
0 1 2 3 4 5 6 7 8 9 10 11 12 13 14 15 16 17 18 19 20 21 22 23 24 25 26 27 28 29 30 31 32 33 34 35 36 37 38 39 40 41 42 43 44 42 43 44 45 23 24 25 26 27 28 29 30 31 32 33 34 35 36 37 38 39 40 41 46 47 48 49 50 51 52 53 54 55 56 57 19 20 21 22 4 5 17 18 58 59 60 61 57 62 63 6 7 8 9 64 65 66 67 68 69 70 71 72 46 47 48 49 50 51 52 67 68 62 63 58 59 60 61 73 74 75 76 77 78 79 80 81 82 83 69 70 71 72 84 85 86 87 88 89 90 91 45 64 65 66 92 93 94 84 85 86 77 78 79 80 73 87 88 53 54 55 56 95 96 97 74 75 76 10 11 12 13 14 15 16 0 1 2 3 98 99 95 96 97 89 90 91 81 82 83 92 93 94 98 99 
58354
29
2 3 4 3 3 2 4 2 4 4 3 4 3 1 4 2 4 3 3 3 2 3 4 4 1 1 3 2 19 
2 22 36 31 45 3 11 20 23 2 7 17 36 11 10 22 2 53 41 61 44 2 1 3 9 30 10 64 3 
12 53 54 62 66 14 59 27 40 20 9 29 67 19 23 26 62 68 53 65 56 63 63 11 46 54 25 68 9 
375 865 388 975 525 642 797 816 903 507 436 569 613 692 498 510 487 714 834 622 510 892 742 259 452 813 222 372 487 
22 22 22 22 0 0 9 9 9 9 16 16 16 16 21 21 21 5 5 23 23 23 23 28 28 28 28 28 28 28 28 28 28 28 28 28 28 28 28 28 28 28 10 10 10 10 10 10 24 28 28 28 28 28 28 28 28 28 28 28 28 28 28 28 28 28 28 28 14 14 14 14 26 26 26 6 6 6 6 13 23 23 23 23 0 0 5 5 11 11 11 11 13 7 7 9 9 9 9 1 1 1 15 15 8 8 8 8 14 14 14 14 26 26 26 15 15 7 7 11 11 11 11 25 3 3 3 2 2 2 2 12 12 12 8 8 8 8 18 18 18 20 20 4 4 4 24 1 1 1 17 17 17 18 18 18 2 2 2 2 25 20 20 6 6 6 6 19 19 19 3 3 3 16 16 16 16 21 21 21 22 22 22 22 27 27 19 19 19 4 4 4 12 12 12 17 17 17 27 27 