511
100
2
1 1 6 6 6 6 12 12 12 12 12 12 12 12 17 17 18 18 18 18 18 18 18 18 18 18 18 22 22 22 22 22 22 22 22 24 24 24 24 25 25 25 25 26 26 26 26 26 26 26 26 26 26 26 26 26 26 31 31 31 31 31 31 31 31 31 34 34 34 34 34 34 36 36 36 41 41 41 41 41 41 41 41 41 41 41 41 41 41 42 42 42 42 42 42 42 42 42 42 42 44 44 44 44 45 45 45 45 45 45 45 45 45 46 46 46 46 46 46 46 46 46 47 47 47 47 49 49 49 49 49 49 49 49 51 51 51 51 51 51 51 51 51 51 51 51 51 51 51 51 51 51 53 53 53 53 53 53 53 53 53 53 53 53 53 53 53 53 53 53 53 53 53 53 53 53 53 53 54 54 54 54 54 54 55 55 55 61 61 61 61 61 61 61 61 61 64 64 66 66 
196 197 35 36 37 38 159 160 161 162 163 164 165 166 167 168 198 199 169 170 171 172 173 174 175 176 177 126 127 128 129 130 131 132 133 2 3 4 5 122 123 124 125 75 76 77 78 79 80 81 82 83 84 85 86 87 88 104 105 106 107 108 109 110 111 112 178 179 180 181 182 183 184 185 186 43 44 45 46 47 48 49 50 51 52 53 54 55 56 152 153 154 155 156 157 158 100 101 102 103 96 97 98 99 57 58 59 60 61 62 63 64 65 143 144 145 146 147 148 149 150 151 39 40 41 42 27 28 29 30 31 32 33 34 187 188 189 190 191 192 193 194 195 113 114 115 116 117 118 119 120 121 89 90 91 92 93 94 95 6 7 8 9 10 11 12 13 14 15 18 19 20 21 22 23 24 25 26 66 67 68 69 70 71 72 73 74 134 135 136 137 138 139 140 141 142 0 1 16 17 
724 724 245 245 245 245 391 391 391 391 391 391 391 391 979 979 216 216 190 190 190 190 190 190 190 190 190 781 781 781 781 781 781 781 781 245 245 245 245 414 414 414 414 399 399 399 399 399 399 399 399 399 399 399 399 399 399 326 326 326 326 326 326 326 326 326 856 856 856 856 856 856 289 289 289 399 399 399 399 399 399 399 399 399 399 399 399 399 399 520 520 520 520 520 520 520 453 453 453 453 453 453 453 453 326 326 326 326 326 326 326 326 326 392 392 392 392 392 392 392 392 392 414 414 414 414 781 781 781 781 781 781 781 781 719 719 719 719 719 719 719 719 719 392 392 392 392 392 392 392 392 392 520 520 520 520 520 520 520 391 391 391 391 391 391 391 391 979 979 190 190 190 190 190 190 190 190 190 856 856 856 856 856 856 289 289 289 719 719 719 719 719 719 719 719 719 724 724 216 216 
0 1 2 3 4 5 6 7 8 9 10 11 12 13 14 15 16 17 18 19 20 21 22 23 24 25 26 27 28 29 30 31 32 33 34 2 3 4 5 35 36 37 38 39 40 41 42 43 44 45 46 47 48 49 50 51 52 53 54 55 56 57 58 59 60 61 62 63 64 65 66 67 68 69 70 39 40 41 42 43 44 45 46 47 48 49 50 51 52 71 72 73 74 75 76 77 78 79 80 81 78 79 80 81 53 54 55 56 57 58 59 60 61 82 83 84 85 86 87 88 89 90 35 36 37 38 27 28 29 30 31 32 33 34 91 92 93 94 95 96 97 98 99 82 83 84 85 86 87 88 89 90 71 72 73 74 75 76 77 6 7 8 9 10 11 12 13 14 15 18 19 20 21 22 23 24 25 26 62 63 64 65 66 67 68 69 70 91 92 93 94 95 96 97 98 99 0 1 16 17 
47534
16
9 3 4 2 7 8 4 9 2 9 6 4 2 8 9 14 
51 36 6 18 42 12 42 46 17 31 34 25 1 22 18 26 
61 55 24 66 53 53 44 51 53 45 54 47 64 49 53 41 
719 289 245 216 520 391 453 392 979 326 856 414 724 781 190 399 
12 12 2 2 2 2 5 5 5 5 5 5 5 5 8 8 3 3 14 14 14 14 14 14 14 14 14 13 13 13 13 13 13 13 13 2 2 2 2 11 11 11 11 15 15 15 15 15 15 15 15 15 15 15 15 15 15 9 9 9 9 9 9 9 9 9 10 10 10 10 10 10 1 1 1 15 15 15 15 15 15 15 15 15 15 15 15 15 15 4 4 4 4 4 4 4 6 6 6 6 6 6 6 6 9 9 9 9 9 9 9 9 9 7 7 7 7 7 7 7 7 7 11 11 11 11 13 13 13 13 13 13 13 13 0 0 0 0 0 0 0 0 0 7 7 7 7 7 7 7 7 7 4 4 4 4 4 4 4 5 5 5 5 5 5 5 5 8 8 14 14 14 14 14 14 14 14 14 10 10 10 10 10 10 1 1 1 0 0 0 0 0 0 0 0 0 12 12 3 3 