119
100
2
2 2 6 6 6 6 6 6 6 7 7 7 7 7 7 7 8 8 8 8 8 8 8 8 8 8 8 8 8 8 8 8 8 8 9 9 9 11 12 12 12 12 12 15 15 15 15 15 15 15 19 19 19 19 19 21 21 21 21 21 21 24 24 24 25 25 25 25 25 25 25 25 25 25 26 26 26 26 26 27 27 27 27 27 27 28 28 28 28 29 29 29 29 29 29 29 29 29 29 29 29 29 29 30 30 30 30 30 30 30 33 33 33 33 33 33 33 33 33 33 33 33 33 33 33 33 33 33 33 33 33 33 33 33 33 36 36 36 36 36 36 36 37 40 40 41 41 41 41 41 42 42 42 42 42 47 47 47 47 47 47 48 48 48 48 48 49 49 49 49 53 53 53 53 53 61 61 61 61 61 61 61 61 62 62 62 62 62 66 66 66 66 66 66 66 66 66 66 66 66 
143 144 96 97 98 99 100 101 102 135 136 137 138 139 140 141 117 118 119 120 121 122 123 124 125 126 127 128 129 130 131 132 133 134 61 62 63 142 150 151 152 153 154 89 90 91 92 93 94 95 161 162 163 164 165 155 156 157 158 159 160 34 35 36 188 189 190 191 79 80 81 82 83 84 170 171 172 173 174 68 69 70 71 72 73 166 167 168 169 43 44 45 46 47 48 49 2 3 4 5 6 7 8 110 111 112 113 114 115 116 103 104 105 106 107 108 109 16 17 18 19 20 21 22 23 24 25 26 27 28 29 30 31 32 33 9 10 11 12 13 14 15 37 0 1 183 184 185 186 187 38 39 40 41 42 55 56 57 58 59 60 50 51 52 53 54 85 86 87 88 74 75 76 77 78 192 193 194 195 196 197 198 199 145 146 147 148 149 64 65 66 67 175 176 177 178 179 180 181 182 
920 920 724 724 724 724 724 724 724 469 469 469 469 469 469 469 861 861 861 861 861 861 861 861 861 861 861 861 861 861 861 861 861 861 527 527 527 770 453 453 453 453 453 810 810 810 810 810 810 810 334 334 334 334 334 315 315 315 315 315 315 527 527 527 762 762 762 762 390 390 390 390 390 390 733 733 733 733 733 390 390 390 390 390 390 194 194 194 194 810 810 810 810 810 810 810 724 724 724 724 724 724 724 449 449 449 449 449 449 449 449 449 449 449 449 449 449 861 861 861 861 861 861 861 861 861 861 861 861 861 861 861 861 861 861 469 469 469 469 469 469 469 770 920 920 617 617 617 617 617 453 453 453 453 453 315 315 315 315 315 315 334 334 334 334 334 194 194 194 194 733 733 733 733 733 651 651 651 651 651 651 651 651 617 617 617 617 617 762 762 762 762 651 651 651 651 651 651 651 651 
0 1 2 3 4 5 6 7 8 9 10 11 12 13 14 15 16 17 18 19 20 21 22 23 24 25 26 27 28 29 30 31 32 33 34 35 36 37 38 39 40 41 42 43 44 45 46 47 48 49 50 51 52 53 54 55 56 57 58 59 60 34 35 36 61 62 63 64 65 66 67 68 69 70 71 72 73 74 75 65 66 67 68 69 70 76 77 78 79 43 44 45 46 47 48 49 2 3 4 5 6 7 8 80 81 82 83 84 85 86 80 81 82 83 84 85 86 16 17 18 19 20 21 22 23 24 25 26 27 28 29 30 31 32 33 9 10 11 12 13 14 15 37 0 1 87 88 89 90 91 38 39 40 41 42 55 56 57 58 59 60 50 51 52 53 54 76 77 78 79 71 72 73 74 75 92 93 94 95 96 97 98 99 87 88 89 90 91 61 62 63 64 92 93 94 95 96 97 98 99 
60800
17
4 6 5 8 7 6 5 4 7 7 1 5 2 3 5 7 18 
25 21 19 61 15 25 12 28 7 30 11 41 2 9 26 6 8 
66 47 48 66 29 27 42 49 36 33 37 62 40 24 53 29 33 
762 315 334 651 810 390 453 194 469 449 770 617 920 527 733 724 861 
12 12 15 15 15 15 15 15 15 8 8 8 8 8 8 8 16 16 16 16 16 16 16 16 16 16 16 16 16 16 16 16 16 16 13 13 13 10 6 6 6 6 6 4 4 4 4 4 4 4 2 2 2 2 2 1 1 1 1 1 1 13 13 13 0 0 0 0 5 5 5 5 5 5 14 14 14 14 14 5 5 5 5 5 5 7 7 7 7 4 4 4 4 4 4 4 15 15 15 15 15 15 15 9 9 9 9 9 9 9 9 9 9 9 9 9 9 16 16 16 16 16 16 16 16 16 16 16 16 16 16 16 16 16 16 8 8 8 8 8 8 8 10 12 12 11 11 11 11 11 6 6 6 6 6 1 1 1 1 1 1 2 2 2 2 2 7 7 7 7 14 14 14 14 14 3 3 3 3 3 3 3 3 11 11 11 11 11 0 0 0 0 3 3 3 3 3 3 3 3 