947
100
2
1 1 1 1 1 1 1 1 1 1 1 1 4 4 4 4 4 4 13 13 13 13 13 13 13 17 17 17 17 17 17 17 17 17 17 17 17 17 17 17 17 17 23 23 23 23 24 24 24 24 24 24 24 25 25 25 25 25 25 25 25 25 25 25 25 27 27 27 27 27 27 28 28 28 28 28 28 28 28 28 28 28 29 29 29 29 29 29 29 29 29 29 29 29 29 29 29 29 29 29 30 30 30 30 30 30 30 30 30 30 30 36 36 36 36 37 37 37 37 37 37 37 37 37 37 37 37 39 39 39 39 39 39 39 39 39 39 39 39 39 39 39 39 39 39 39 39 39 39 39 42 42 42 42 42 42 42 42 42 42 42 42 42 42 42 42 42 47 47 47 47 47 47 47 47 47 47 47 47 47 65 65 65 65 65 65 67 67 67 67 67 67 67 67 67 67 67 67 67 67 
115 116 117 118 119 120 121 122 123 124 125 126 167 168 169 170 171 172 100 101 102 103 104 105 106 150 151 152 153 154 155 156 157 158 159 160 161 162 163 164 165 166 93 94 95 96 173 174 175 176 177 178 179 138 139 140 141 142 143 144 145 146 147 148 149 180 181 182 183 184 185 127 128 129 130 131 132 133 134 135 136 137 186 187 188 189 190 191 192 193 194 195 196 42 43 44 45 197 198 199 18 19 20 21 22 23 24 111 112 113 114 107 108 109 110 0 1 2 3 4 5 6 7 8 9 10 11 71 72 73 74 75 76 77 78 79 80 81 53 54 55 56 57 58 59 60 61 62 63 64 25 26 27 28 29 30 31 32 33 34 35 36 37 38 39 40 41 12 13 14 15 16 17 46 47 48 49 50 51 52 65 66 67 68 69 70 82 83 84 85 86 87 88 89 90 91 92 97 98 99 
310 310 310 310 310 310 310 310 310 310 310 310 872 872 872 872 872 872 511 511 511 511 511 511 511 899 899 899 899 899 899 899 899 899 899 899 899 899 899 899 899 899 151 151 151 151 220 220 220 220 220 220 220 564 564 564 564 564 564 564 564 564 564 564 564 806 806 806 806 806 806 604 604 604 604 604 604 604 604 604 604 604 487 487 487 487 487 487 487 487 487 487 487 151 151 151 151 628 628 628 511 511 511 511 511 511 511 913 913 913 913 913 913 913 913 310 310 310 310 310 310 310 310 310 310 310 310 604 604 604 604 604 604 604 604 604 604 604 564 564 564 564 564 564 564 564 564 564 564 564 899 899 899 899 899 899 899 899 899 899 899 899 899 899 899 899 899 872 872 872 872 872 872 220 220 220 220 220 220 220 806 806 806 806 806 806 487 487 487 487 487 487 487 487 487 487 487 628 628 628 
0 1 2 3 4 5 6 7 8 9 10 11 12 13 14 15 16 17 18 19 20 21 22 23 24 25 26 27 28 29 30 31 32 33 34 35 36 37 38 39 40 41 42 43 44 45 46 47 48 49 50 51 52 53 54 55 56 57 58 59 60 61 62 63 64 65 66 67 68 69 70 71 72 73 74 75 76 77 78 79 80 81 82 83 84 85 86 87 88 89 90 91 92 42 43 44 45 93 94 95 18 19 20 21 22 23 24 96 97 98 99 96 97 98 99 0 1 2 3 4 5 6 7 8 9 10 11 71 72 73 74 75 76 77 78 79 80 81 53 54 55 56 57 58 59 60 61 62 63 64 25 26 27 28 29 30 31 32 33 34 35 36 37 38 39 40 41 12 13 14 15 16 17 46 47 48 49 50 51 52 65 66 67 68 69 70 82 83 84 85 86 87 88 89 90 91 92 93 94 95 
59097
12
11 12 7 6 11 4 6 7 4 12 3 17 
28 25 13 27 29 30 4 24 23 1 29 17 
39 39 30 65 67 36 47 47 29 37 67 42 
604 564 511 806 487 913 872 220 151 310 628 899 
9 9 9 9 9 9 9 9 9 9 9 9 6 6 6 6 6 6 2 2 2 2 2 2 2 11 11 11 11 11 11 11 11 11 11 11 11 11 11 11 11 11 8 8 8 8 7 7 7 7 7 7 7 1 1 1 1 1 1 1 1 1 1 1 1 3 3 3 3 3 3 0 0 0 0 0 0 0 0 0 0 0 4 4 4 4 4 4 4 4 4 4 4 8 8 8 8 10 10 10 2 2 2 2 2 2 2 5 5 5 5 5 5 5 5 9 9 9 9 9 9 9 9 9 9 9 9 0 0 0 0 0 0 0 0 0 0 0 1 1 1 1 1 1 1 1 1 1 1 1 11 11 11 11 11 11 11 11 11 11 11 11 11 11 11 11 11 6 6 6 6 6 6 7 7 7 7 7 7 7 3 3 3 3 3 3 4 4 4 4 4 4 4 4 4 4 4 10 10 10 