968
100
2
6 6 6 6 6 6 6 6 6 6 6 6 7 7 7 7 8 8 8 8 10 10 10 11 11 11 11 11 11 11 11 11 11 11 15 15 17 17 17 17 17 20 20 20 20 20 20 20 20 23 23 23 23 23 23 29 29 29 29 29 29 36 36 36 36 36 38 38 38 38 38 38 42 42 44 44 44 44 44 44 44 44 44 44 46 46 46 46 46 46 46 46 46 46 46 46 46 46 46 46 47 47 47 47 48 48 48 48 49 49 49 49 49 49 49 49 49 49 50 50 50 50 50 50 50 50 50 50 50 50 53 53 53 53 53 53 53 55 55 55 56 56 56 56 56 56 56 56 56 56 57 57 57 57 57 57 57 61 61 61 61 61 61 61 61 62 62 62 62 62 62 62 62 62 62 62 62 62 62 67 67 68 68 68 68 68 68 68 68 68 68 69 69 69 69 69 69 69 69 69 
191 192 193 194 195 196 197 198 199 137 138 139 100 101 102 103 104 105 106 107 49 50 51 41 42 43 44 45 46 47 48 52 53 54 179 180 61 62 63 64 65 23 24 25 26 27 28 29 30 20 21 22 31 32 33 94 95 96 97 98 99 36 37 38 39 40 173 174 175 176 177 178 118 119 84 85 86 87 88 89 90 91 92 93 74 75 76 77 78 79 80 81 82 83 55 56 57 58 59 60 12 13 14 15 16 17 18 19 140 141 142 143 144 145 146 147 148 149 72 73 181 182 183 184 185 186 187 188 189 190 150 151 152 153 154 155 156 9 10 11 108 109 110 111 112 113 114 115 116 117 130 131 132 133 134 135 136 165 166 167 168 169 170 171 172 157 158 159 160 161 162 163 164 66 67 68 69 70 71 34 35 120 121 122 123 124 125 126 127 128 129 0 1 2 3 4 5 6 7 8 
584 584 584 584 584 584 584 584 584 505 505 505 711 711 711 711 889 889 889 889 289 289 289 621 621 621 621 621 621 621 621 635 635 635 258 258 442 442 442 442 442 621 621 621 621 621 621 621 621 289 289 289 635 635 635 989 989 989 989 989 989 442 442 442 442 442 788 788 788 788 788 788 751 751 961 961 961 961 961 961 961 961 961 961 961 961 961 961 961 961 961 961 961 961 989 989 989 989 989 989 711 711 711 711 889 889 889 889 802 802 802 802 802 802 802 802 802 802 751 751 165 165 165 165 165 165 165 165 165 165 930 930 930 930 930 930 930 505 505 505 802 802 802 802 802 802 802 802 802 802 930 930 930 930 930 930 930 436 436 436 436 436 436 436 436 436 436 436 436 436 436 436 436 788 788 788 788 788 788 258 258 165 165 165 165 165 165 165 165 165 165 584 584 584 584 584 584 584 584 584 
0 1 2 3 4 5 6 7 8 9 10 11 12 13 14 15 16 17 18 19 20 21 22 23 24 25 26 27 28 29 30 31 32 33 34 35 36 37 38 39 40 23 24 25 26 27 28 29 30 20 21 22 31 32 33 41 42 43 44 45 46 36 37 38 39 40 47 48 49 50 51 52 53 54 55 56 57 58 59 60 61 62 63 64 55 56 57 58 59 60 61 62 63 64 41 42 43 44 45 46 12 13 14 15 16 17 18 19 65 66 67 68 69 70 71 72 73 74 53 54 75 76 77 78 79 80 81 82 83 84 85 86 87 88 89 90 91 9 10 11 65 66 67 68 69 70 71 72 73 74 85 86 87 88 89 90 91 92 93 94 95 96 97 98 99 92 93 94 95 96 97 98 99 47 48 49 50 51 52 34 35 75 76 77 78 79 80 81 82 83 84 0 1 2 3 4 5 6 7 8 
65079
17
8 5 10 10 4 3 6 2 4 9 3 2 8 3 7 6 10 
61 17 49 44 7 10 29 15 8 6 6 42 11 11 53 38 50 
62 36 56 46 47 23 46 67 48 69 55 50 20 23 57 62 68 
436 442 802 961 711 289 989 258 889 584 505 751 621 635 930 788 165 
9 9 9 9 9 9 9 9 9 10 10 10 4 4 4 4 8 8 8 8 5 5 5 12 12 12 12 12 12 12 12 13 13 13 7 7 1 1 1 1 1 12 12 12 12 12 12 12 12 5 5 5 13 13 13 6 6 6 6 6 6 1 1 1 1 1 15 15 15 15 15 15 11 11 3 3 3 3 3 3 3 3 3 3 3 3 3 3 3 3 3 3 3 3 6 6 6 6 6 6 4 4 4 4 8 8 8 8 2 2 2 2 2 2 2 2 2 2 11 11 16 16 16 16 16 16 16 16 16 16 14 14 14 14 14 14 14 10 10 10 2 2 2 2 2 2 2 2 2 2 14 14 14 14 14 14 14 0 0 0 0 0 0 0 0 0 0 0 0 0 0 0 0 15 15 15 15 15 15 7 7 16 16 16 16 16 16 16 16 16 16 9 9 9 9 9 9 9 9 9 