189
100
2
6 6 6 6 6 6 6 6 6 6 7 7 7 9 9 9 9 9 9 9 9 9 9 12 12 12 12 12 12 12 15 15 15 16 16 16 20 20 20 29 29 29 29 29 29 29 29 29 29 29 29 29 29 29 29 29 30 30 31 31 31 31 31 31 31 32 32 32 32 32 32 32 32 32 32 32 33 33 33 33 33 33 33 33 35 35 35 35 35 35 35 35 36 36 36 36 36 36 36 36 36 36 36 36 39 39 39 39 43 43 43 43 43 43 43 43 43 43 43 43 43 43 43 43 43 44 44 44 44 44 44 44 44 44 45 45 45 45 45 50 50 50 50 50 50 50 50 50 50 50 50 50 50 50 50 50 54 54 54 54 55 55 55 55 55 55 55 55 55 57 57 57 57 59 59 59 59 59 59 59 59 59 59 59 61 61 61 61 63 63 63 63 63 68 68 68 68 68 68 68 
94 95 96 97 98 99 100 101 102 103 30 31 32 39 40 41 42 43 44 45 46 47 48 58 59 60 61 62 63 64 10 11 12 36 37 38 33 34 35 13 14 15 16 17 18 19 20 21 22 193 194 195 196 197 198 199 92 93 23 24 25 26 27 28 29 173 174 175 176 177 178 179 180 181 182 183 84 85 86 87 88 89 90 91 76 77 78 79 80 81 82 83 56 57 0 1 2 3 4 5 6 7 8 9 169 170 171 172 139 140 141 142 143 144 145 146 147 148 149 150 151 152 153 154 155 160 161 162 163 164 165 166 167 168 188 189 190 191 192 108 109 110 111 112 113 114 115 116 117 118 119 120 121 122 123 124 184 185 186 187 125 126 127 128 129 130 131 132 133 104 105 106 107 65 66 67 68 69 70 71 72 73 74 75 156 157 158 159 134 135 136 137 138 49 50 51 52 53 54 55 
503 503 503 503 503 503 503 503 503 503 449 449 449 352 352 352 352 352 352 352 352 352 352 728 728 728 728 728 728 728 449 449 449 846 846 846 846 846 846 352 352 352 352 352 352 352 352 352 352 482 482 482 482 482 482 482 710 710 728 728 728 728 728 728 728 668 668 668 668 668 668 668 668 668 668 668 542 542 542 542 542 542 542 542 542 542 542 542 542 542 542 542 710 710 503 503 503 503 503 503 503 503 503 503 602 602 602 602 479 479 479 479 479 479 479 479 479 479 479 479 479 479 479 479 479 650 650 650 650 650 650 650 650 650 344 344 344 344 344 479 479 479 479 479 479 479 479 479 479 479 479 479 479 479 479 479 924 924 924 924 650 650 650 650 650 650 650 650 650 602 602 602 602 668 668 668 668 668 668 668 668 668 668 668 924 924 924 924 344 344 344 344 344 482 482 482 482 482 482 482 
0 1 2 3 4 5 6 7 8 9 10 11 12 13 14 15 16 17 18 19 20 21 22 23 24 25 26 27 28 29 10 11 12 30 31 32 30 31 32 13 14 15 16 17 18 19 20 21 22 33 34 35 36 37 38 39 40 41 23 24 25 26 27 28 29 42 43 44 45 46 47 48 49 50 51 52 53 54 55 56 57 58 59 60 53 54 55 56 57 58 59 60 40 41 0 1 2 3 4 5 6 7 8 9 61 62 63 64 65 66 67 68 69 70 71 72 73 74 75 76 77 78 79 80 81 82 83 84 85 86 87 88 89 90 91 92 93 94 95 65 66 67 68 69 70 71 72 73 74 75 76 77 78 79 80 81 96 97 98 99 82 83 84 85 86 87 88 89 90 61 62 63 64 42 43 44 45 46 47 48 49 50 51 52 96 97 98 99 91 92 93 94 95 33 34 35 36 37 38 39 
55826
14
4 9 11 10 2 4 3 8 7 5 3 10 7 17 
54 44 32 9 30 39 7 33 12 45 16 6 29 43 
61 55 59 29 36 57 15 35 31 63 20 36 68 50 
924 650 668 352 710 602 449 542 728 344 846 503 482 479 
11 11 11 11 11 11 11 11 11 11 6 6 6 3 3 3 3 3 3 3 3 3 3 8 8 8 8 8 8 8 6 6 6 10 10 10 10 10 10 3 3 3 3 3 3 3 3 3 3 12 12 12 12 12 12 12 4 4 8 8 8 8 8 8 8 2 2 2 2 2 2 2 2 2 2 2 7 7 7 7 7 7 7 7 7 7 7 7 7 7 7 7 4 4 11 11 11 11 11 11 11 11 11 11 5 5 5 5 13 13 13 13 13 13 13 13 13 13 13 13 13 13 13 13 13 1 1 1 1 1 1 1 1 1 9 9 9 9 9 13 13 13 13 13 13 13 13 13 13 13 13 13 13 13 13 13 0 0 0 0 1 1 1 1 1 1 1 1 1 5 5 5 5 2 2 2 2 2 2 2 2 2 2 2 0 0 0 0 9 9 9 9 9 12 12 12 12 12 12 12 