367
100
2
1 1 1 1 3 3 3 3 3 3 3 5 5 5 5 6 6 8 8 8 8 8 8 8 8 8 8 8 8 8 8 8 8 8 8 10 10 11 11 11 13 13 13 13 13 13 13 13 13 13 13 13 13 13 13 13 13 13 13 13 13 13 13 13 15 15 15 15 17 17 17 17 19 19 20 21 21 21 21 21 21 21 21 21 22 23 23 23 23 23 23 26 26 26 26 26 27 28 28 28 28 28 28 28 28 28 29 29 29 30 30 30 30 30 30 32 32 32 32 32 34 34 34 34 34 35 35 35 35 35 35 36 36 36 36 36 37 42 42 43 43 43 43 44 44 45 45 45 45 46 46 46 46 46 46 46 46 48 48 48 48 50 50 50 50 51 51 51 52 52 52 54 54 60 62 62 62 62 62 62 62 63 63 63 63 63 66 66 66 66 66 67 70 70 70 70 70 70 70 70 
68 69 70 71 168 169 170 149 150 151 152 64 65 66 67 179 180 40 41 48 49 50 51 52 53 54 55 56 57 58 59 60 61 62 63 171 172 197 198 199 17 18 125 126 127 128 129 130 19 20 21 22 23 24 25 26 27 28 29 30 31 32 33 34 11 12 13 14 0 1 2 3 120 121 167 174 175 176 177 178 145 146 147 148 191 139 140 141 142 143 144 192 193 194 195 196 122 161 162 163 164 157 158 159 160 136 112 113 114 173 165 166 106 107 108 131 132 133 134 135 72 73 96 153 154 42 43 44 45 46 47 115 116 117 118 119 105 155 156 85 86 87 88 89 90 80 81 82 83 7 8 9 10 123 124 137 138 101 102 103 104 97 98 99 100 110 111 74 4 5 6 35 36 109 75 76 77 78 79 15 16 186 187 188 189 190 181 182 183 184 185 84 91 92 93 94 95 37 38 39 
301 301 301 301 879 879 879 786 786 786 786 467 467 467 467 812 812 232 232 952 952 952 952 952 952 952 952 952 952 952 952 952 952 952 952 237 237 169 169 169 232 232 370 370 370 370 370 370 952 952 952 952 952 952 952 952 952 952 952 952 952 952 952 952 467 467 467 467 301 301 301 301 921 921 519 942 942 942 942 942 715 715 715 715 476 563 563 563 563 921 921 782 782 782 782 782 233 169 169 169 169 662 662 662 662 769 223 223 223 579 393 393 223 223 223 757 757 757 757 757 921 921 233 562 562 370 370 370 370 370 370 757 757 757 757 757 769 879 879 563 563 563 563 921 921 715 715 715 715 786 786 786 786 562 562 879 879 662 662 662 662 169 169 169 169 393 393 519 879 879 879 237 237 579 942 942 942 942 942 812 812 222 222 222 222 222 222 222 222 222 222 476 782 782 782 782 782 169 169 169 
0 1 2 3 4 5 6 7 8 9 10 11 12 13 14 15 16 17 18 19 20 21 22 23 24 25 26 27 28 29 30 31 32 33 34 35 36 37 38 39 17 18 40 41 42 43 44 45 19 20 21 22 23 24 25 26 27 28 29 30 31 32 33 34 11 12 13 14 0 1 2 3 46 47 48 49 50 51 52 53 54 55 56 57 58 59 60 61 62 63 64 65 66 67 68 69 70 71 72 73 74 75 76 77 78 79 80 81 82 83 84 85 80 81 82 86 87 88 89 90 46 47 70 91 92 40 41 42 43 44 45 86 87 88 89 90 79 93 94 59 60 61 62 63 64 54 55 56 57 7 8 9 10 91 92 93 94 75 76 77 78 71 72 73 74 84 85 48 4 5 6 35 36 83 49 50 51 52 53 15 16 95 96 97 98 99 95 96 97 98 99 58 65 66 67 68 69 37 38 39 
61922
29
4 4 4 5 2 1 2 2 1 3 2 6 2 1 4 4 1 4 5 3 2 5 2 1 5 3 4 2 16 
28 5 28 21 6 30 30 8 22 3 10 13 19 27 23 21 28 3 26 29 23 63 34 20 32 11 1 42 8 
50 15 48 62 62 60 51 13 67 52 54 35 34 34 43 45 37 46 70 30 44 66 46 51 36 70 17 46 13 
169 467 662 942 812 579 393 232 476 879 237 370 921 233 563 715 769 786 782 223 921 222 562 519 757 169 301 879 952 
26 26 26 26 9 9 9 17 17 17 17 1 1 1 1 4 4 7 7 28 28 28 28 28 28 28 28 28 28 28 28 28 28 28 28 10 10 25 25 25 7 7 11 11 11 11 11 11 28 28 28 28 28 28 28 28 28 28 28 28 28 28 28 28 1 1 1 1 26 26 26 26 12 12 23 3 3 3 3 3 15 15 15 15 8 14 14 14 14 20 20 18 18 18 18 18 13 0 0 0 0 2 2 2 2 16 19 19 19 5 6 6 19 19 19 24 24 24 24 24 12 12 13 22 22 11 11 11 11 11 11 24 24 24 24 24 16 27 27 14 14 14 14 20 20 15 15 15 15 17 17 17 17 22 22 27 27 2 2 2 2 0 0 0 0 6 6 23 9 9 9 10 10 5 3 3 3 3 3 4 4 21 21 21 21 21 21 21 21 21 21 8 18 18 18 18 18 25 25 25 