352
100
2
3 3 3 3 3 3 3 3 5 5 5 5 5 5 6 6 6 6 6 7 7 7 7 10 10 13 18 18 18 18 18 18 18 19 19 19 19 20 20 20 20 21 21 22 22 22 22 22 22 22 22 22 24 24 24 24 24 24 24 24 24 24 24 24 24 24 24 24 24 24 24 24 24 24 24 24 24 26 26 26 26 26 26 27 27 27 27 27 28 28 28 28 28 29 29 29 29 29 31 31 31 35 35 35 35 35 36 36 36 36 36 36 36 36 36 36 36 36 36 36 36 36 36 36 36 37 37 37 37 37 37 37 37 37 40 40 40 40 40 42 42 44 44 44 49 49 51 51 51 51 53 53 53 53 53 53 53 53 53 55 57 57 57 57 57 59 59 59 59 59 59 59 60 60 60 60 62 63 63 63 63 63 66 66 66 66 66 66 66 66 69 69 69 69 69 69 69 69 69 69 
98 99 100 83 84 85 86 87 194 195 196 197 198 199 93 94 95 96 97 37 38 39 40 144 145 52 101 102 103 104 105 170 171 43 44 45 46 19 20 21 22 139 140 33 34 35 36 88 89 90 91 92 25 177 178 179 180 181 106 107 108 109 110 111 112 113 114 115 116 117 118 119 120 121 122 123 124 125 126 127 128 129 130 3 4 5 6 7 47 48 49 50 51 14 15 16 17 18 0 1 2 26 27 28 29 30 58 59 60 61 62 63 64 65 66 67 68 69 70 71 72 73 74 75 76 77 78 79 80 81 82 141 142 143 154 155 156 157 158 41 42 131 132 133 23 24 186 187 188 189 172 173 174 175 134 135 136 137 138 176 165 166 167 168 169 160 161 162 163 164 31 32 150 151 152 153 159 53 54 55 56 57 190 191 192 193 146 147 148 149 182 183 184 185 8 9 10 11 12 13 
682 682 682 813 813 813 813 813 952 952 952 952 952 952 520 520 520 520 520 594 594 594 594 482 482 638 333 333 333 333 333 199 199 948 948 948 948 594 594 594 594 644 644 948 948 948 948 163 163 163 163 163 638 926 926 926 926 926 294 294 294 294 294 294 294 294 294 294 294 294 294 294 294 294 294 294 294 529 529 529 529 529 529 813 813 813 813 813 163 163 163 163 163 520 520 520 520 520 682 682 682 333 333 333 333 333 294 294 294 294 294 294 294 294 294 294 294 294 294 294 294 294 294 294 294 529 529 529 529 529 529 830 830 830 947 947 947 947 947 644 644 830 830 830 482 482 769 769 769 769 836 836 836 836 947 947 947 947 947 457 308 308 308 308 308 308 308 308 308 308 199 199 836 836 836 836 457 926 926 926 926 926 798 798 798 798 769 769 769 769 798 798 798 798 952 952 952 952 952 952 
0 1 2 3 4 5 6 7 8 9 10 11 12 13 14 15 16 17 18 19 20 21 22 23 24 25 26 27 28 29 30 31 32 33 34 35 36 19 20 21 22 37 38 33 34 35 36 39 40 41 42 43 25 44 45 46 47 48 49 50 51 52 53 54 55 56 57 58 59 60 61 62 63 64 65 66 67 68 69 70 71 72 73 3 4 5 6 7 39 40 41 42 43 14 15 16 17 18 0 1 2 26 27 28 29 30 49 50 51 52 53 54 55 56 57 58 59 60 61 62 63 64 65 66 67 68 69 70 71 72 73 74 75 76 77 78 79 80 81 37 38 74 75 76 23 24 82 83 84 85 86 87 88 89 77 78 79 80 81 90 91 92 93 94 95 91 92 93 94 95 31 32 86 87 88 89 90 44 45 46 47 48 96 97 98 99 82 83 84 85 96 97 98 99 8 9 10 11 12 13 
58583
22
5 4 4 1 4 5 4 5 6 4 3 6 5 1 5 3 5 5 2 2 2 19 
57 66 53 13 7 18 51 6 26 19 3 5 24 55 40 37 22 3 18 10 21 24 
59 69 60 24 20 35 66 29 37 22 31 69 63 62 53 44 28 27 59 49 42 36 
308 798 836 638 594 333 769 520 529 948 682 952 926 457 947 830 163 813 199 482 644 294 
10 10 10 17 17 17 17 17 11 11 11 11 11 11 7 7 7 7 7 4 4 4 4 19 19 3 5 5 5 5 5 18 18 9 9 9 9 4 4 4 4 20 20 9 9 9 9 16 16 16 16 16 3 12 12 12 12 12 21 21 21 21 21 21 21 21 21 21 21 21 21 21 21 21 21 21 21 8 8 8 8 8 8 17 17 17 17 17 16 16 16 16 16 7 7 7 7 7 10 10 10 5 5 5 5 5 21 21 21 21 21 21 21 21 21 21 21 21 21 21 21 21 21 21 21 8 8 8 8 8 8 15 15 15 14 14 14 14 14 20 20 15 15 15 19 19 6 6 6 6 2 2 2 2 14 14 14 14 14 13 0 0 0 0 0 0 0 0 0 0 18 18 2 2 2 2 13 12 12 12 12 12 1 1 1 1 6 6 6 6 1 1 1 1 11 11 11 11 11 11 