447
100
2
2 2 2 2 2 2 2 2 2 7 7 7 7 7 7 7 7 7 7 7 9 9 9 9 9 13 13 15 15 15 15 15 19 19 19 19 19 19 19 19 21 21 21 21 21 21 21 24 24 24 24 24 25 25 26 26 26 26 26 26 26 26 27 27 27 27 27 27 27 29 29 29 29 29 29 29 29 29 29 29 29 30 30 30 30 30 30 30 30 30 30 30 31 31 31 31 31 31 31 31 31 31 31 32 32 32 34 34 34 34 34 34 35 35 35 35 35 35 35 35 35 35 35 35 38 38 42 42 42 42 42 42 42 42 42 42 42 42 42 47 47 47 47 47 49 49 49 49 49 49 49 49 49 49 51 51 51 51 51 51 51 51 51 51 51 54 54 54 54 54 54 54 54 54 54 54 54 54 54 54 54 56 57 57 60 60 60 60 60 60 60 60 60 60 69 69 69 69 69 70 
112 113 114 115 116 117 118 119 120 32 33 34 35 36 37 38 39 103 104 105 139 140 141 142 143 124 125 47 48 49 50 51 9 10 11 12 13 14 15 16 62 63 64 65 66 67 68 27 28 29 30 31 182 183 194 195 196 197 198 121 122 123 40 41 42 43 44 45 46 184 185 186 187 188 189 190 191 192 193 137 138 126 127 128 129 130 131 132 133 134 135 136 154 155 156 157 158 159 160 161 162 163 164 17 18 19 165 166 167 168 169 170 0 1 2 3 4 5 6 7 8 59 60 61 25 26 81 82 83 84 85 86 87 88 89 90 91 79 80 20 21 22 23 24 171 172 173 174 175 176 177 178 179 180 92 93 94 95 96 97 98 99 100 101 102 106 107 108 109 110 111 144 145 146 147 148 149 150 151 152 153 199 52 53 69 70 71 72 73 74 75 76 77 78 54 55 56 57 58 181 
575 575 575 575 575 575 575 575 575 477 477 477 477 477 477 477 477 607 607 607 785 785 785 785 785 578 578 535 535 535 535 535 477 477 477 477 477 477 477 477 577 577 577 577 577 577 577 535 535 535 535 535 182 182 593 593 593 593 593 681 681 681 577 577 577 577 577 577 577 986 986 986 986 986 986 986 986 986 986 259 259 578 578 578 578 578 578 578 578 578 578 578 540 540 540 540 540 540 540 540 540 540 540 607 607 607 571 571 571 571 571 571 575 575 575 575 575 575 575 575 575 681 681 681 578 578 578 578 578 578 578 578 578 578 578 578 578 259 259 785 785 785 785 785 957 957 957 957 957 957 957 957 957 957 540 540 540 540 540 540 540 540 540 540 540 571 571 571 571 571 571 957 957 957 957 957 957 957 957 957 957 363 182 182 986 986 986 986 986 986 986 986 986 986 593 593 593 593 593 363 
0 1 2 3 4 5 6 7 8 9 10 11 12 13 14 15 16 17 18 19 20 21 22 23 24 25 26 27 28 29 30 31 9 10 11 12 13 14 15 16 32 33 34 35 36 37 38 27 28 29 30 31 39 40 41 42 43 44 45 46 47 48 32 33 34 35 36 37 38 49 50 51 52 53 54 55 56 57 58 59 60 61 62 63 64 65 66 67 68 69 70 71 72 73 74 75 76 77 78 79 80 81 82 17 18 19 83 84 85 86 87 88 0 1 2 3 4 5 6 7 8 46 47 48 25 26 61 62 63 64 65 66 67 68 69 70 71 59 60 20 21 22 23 24 89 90 91 92 93 94 95 96 97 98 72 73 74 75 76 77 78 79 80 81 82 83 84 85 86 87 88 89 90 91 92 93 94 95 96 97 98 99 39 40 49 50 51 52 53 54 55 56 57 58 41 42 43 44 45 99 
64014
17
10 5 5 11 11 8 2 7 2 3 6 2 9 5 1 3 10 
29 15 26 30 31 7 13 21 25 7 34 29 2 9 56 26 49 
60 24 69 42 51 19 38 27 57 32 54 42 35 47 70 35 54 
986 535 593 578 540 477 578 577 182 607 571 259 575 785 363 681 957 
12 12 12 12 12 12 12 12 12 5 5 5 5 5 5 5 5 9 9 9 13 13 13 13 13 6 6 1 1 1 1 1 5 5 5 5 5 5 5 5 7 7 7 7 7 7 7 1 1 1 1 1 8 8 2 2 2 2 2 15 15 15 7 7 7 7 7 7 7 0 0 0 0 0 0 0 0 0 0 11 11 3 3 3 3 3 3 3 3 3 3 3 4 4 4 4 4 4 4 4 4 4 4 9 9 9 10 10 10 10 10 10 12 12 12 12 12 12 12 12 12 15 15 15 6 6 3 3 3 3 3 3 3 3 3 3 3 11 11 13 13 13 13 13 16 16 16 16 16 16 16 16 16 16 4 4 4 4 4 4 4 4 4 4 4 10 10 10 10 10 10 16 16 16 16 16 16 16 16 16 16 14 8 8 0 0 0 0 0 0 0 0 0 0 2 2 2 2 2 14 