463
100
2
2 2 2 4 7 7 7 7 10 11 11 11 11 11 19 19 19 19 19 24 24 24 24 24 24 24 24 24 24 24 24 24 24 24 24 24 24 25 25 25 25 25 29 29 29 29 29 30 30 30 31 32 35 35 35 35 35 36 36 36 36 36 37 37 37 37 37 38 38 38 38 38 39 39 39 39 39 40 40 40 40 40 42 42 42 42 42 42 42 43 43 43 43 44 44 44 44 44 44 44 44 46 46 46 46 46 46 46 46 46 46 47 47 47 47 49 49 49 50 50 50 50 50 52 52 52 52 52 52 52 52 52 52 52 55 55 55 56 56 56 56 56 57 57 57 57 57 57 57 57 57 59 59 59 59 59 59 59 59 59 59 61 61 61 61 61 61 61 61 61 61 61 61 61 61 61 61 61 61 61 62 62 63 63 65 65 65 65 65 66 66 66 66 66 66 66 66 66 66 68 
115 116 117 52 63 64 65 66 123 137 138 139 140 141 37 38 39 40 41 199 163 164 165 166 167 168 169 170 171 172 173 174 175 176 177 178 179 14 15 16 17 18 184 185 186 187 188 134 135 136 93 151 3 147 148 149 150 189 190 191 192 193 111 4 5 6 7 194 195 196 197 198 152 153 154 155 156 101 102 103 104 105 89 90 91 92 180 181 114 82 83 84 85 50 124 125 126 127 128 182 183 77 78 79 80 81 118 119 120 121 122 62 161 162 88 0 1 2 106 107 108 109 110 8 94 95 96 97 98 142 143 144 145 146 47 48 49 9 10 11 12 13 129 130 131 132 133 53 54 55 56 51 72 73 74 75 76 158 157 160 159 112 113 20 21 22 23 24 25 26 27 28 29 30 31 32 33 34 35 36 86 87 99 100 42 43 44 45 46 57 58 59 60 61 67 68 69 70 71 19 
538 538 538 371 288 288 288 288 459 391 391 391 391 391 890 890 890 890 890 263 553 553 553 553 553 553 553 553 553 553 553 553 553 553 553 553 553 890 890 890 890 890 501 501 501 501 501 161 161 161 275 411 371 974 974 974 974 753 753 753 753 753 622 288 288 288 288 589 589 589 589 589 583 583 583 583 583 401 401 401 401 401 650 650 650 650 723 723 595 650 650 650 650 275 520 520 520 520 520 693 693 401 401 401 401 401 805 805 805 805 805 622 387 387 595 538 538 538 805 805 805 805 805 459 520 520 520 520 520 486 486 486 486 486 161 161 161 391 391 391 391 391 486 486 486 486 486 974 974 974 974 411 583 583 583 583 583 201 201 201 201 387 387 553 553 553 553 553 553 553 553 553 553 553 553 553 553 553 553 553 723 723 693 693 501 501 501 501 501 753 753 753 753 753 589 589 589 589 589 263 
0 1 2 3 4 5 6 7 8 9 10 11 12 13 14 15 16 17 18 19 20 21 22 23 24 25 26 27 28 29 30 31 32 33 34 35 36 14 15 16 17 18 37 38 39 40 41 42 43 44 45 46 3 47 48 49 50 51 52 53 54 55 56 4 5 6 7 57 58 59 60 61 62 63 64 65 66 67 68 69 70 71 72 73 74 75 76 77 78 72 73 74 75 45 79 80 81 82 83 84 85 67 68 69 70 71 86 87 88 89 90 56 91 92 78 0 1 2 86 87 88 89 90 8 79 80 81 82 83 93 94 95 96 97 42 43 44 9 10 11 12 13 93 94 95 96 97 47 48 49 50 46 62 63 64 65 66 98 98 99 99 91 92 20 21 22 23 24 25 26 27 28 29 30 31 32 33 34 35 36 76 77 84 85 37 38 39 40 41 51 52 53 54 55 57 58 59 60 61 19 
55745
27
1 1 1 1 5 2 4 4 1 1 3 5 5 2 3 2 1 5 5 5 4 5 5 5 2 5 17 
10 32 37 31 44 47 42 7 4 24 2 36 40 44 30 42 42 29 38 52 35 19 39 46 59 11 24 
52 59 47 44 52 61 43 37 35 68 49 66 46 63 55 62 47 65 66 57 57 25 59 50 59 56 61 
459 411 622 275 520 387 650 288 371 263 538 753 401 693 161 723 595 501 589 486 974 890 583 805 201 391 553 
10 10 10 8 7 7 7 7 0 25 25 25 25 25 21 21 21 21 21 9 26 26 26 26 26 26 26 26 26 26 26 26 26 26 26 26 26 21 21 21 21 21 17 17 17 17 17 14 14 14 3 1 8 20 20 20 20 11 11 11 11 11 2 7 7 7 7 18 18 18 18 18 22 22 22 22 22 12 12 12 12 12 6 6 6 6 15 15 16 6 6 6 6 3 4 4 4 4 4 13 13 12 12 12 12 12 23 23 23 23 23 2 5 5 16 10 10 10 23 23 23 23 23 0 4 4 4 4 4 19 19 19 19 19 14 14 14 25 25 25 25 25 19 19 19 19 19 20 20 20 20 1 22 22 22 22 22 24 24 24 24 5 5 26 26 26 26 26 26 26 26 26 26 26 26 26 26 26 26 26 15 15 13 13 17 17 17 17 17 11 11 11 11 11 18 18 18 18 18 9 