31
100
2
1 1 1 1 1 1 2 2 2 2 2 2 3 3 3 3 3 3 3 3 3 3 3 3 3 3 8 8 8 8 8 8 8 8 8 8 8 8 8 8 9 9 9 10 12 12 13 13 13 13 13 13 16 16 16 19 19 19 25 25 25 25 25 25 26 26 26 26 26 26 26 30 30 30 30 31 31 31 31 31 31 31 31 31 31 31 33 33 33 33 33 33 33 34 35 35 35 35 35 35 35 36 36 36 36 36 36 36 38 38 38 38 38 39 39 39 39 39 39 41 41 41 41 41 41 41 41 41 41 42 44 44 45 45 48 48 48 48 48 48 48 48 48 48 48 50 50 50 50 50 50 50 50 50 50 50 50 51 53 53 53 53 53 53 53 55 57 57 57 57 60 60 60 60 60 60 61 61 61 61 61 61 61 63 63 63 63 63 63 66 66 66 66 66 70 70 70 70 70 70 
46 47 48 49 50 51 139 140 141 142 143 144 26 27 28 29 30 31 32 33 34 35 36 37 38 39 12 13 14 15 16 17 18 19 20 21 22 23 24 25 52 53 54 165 132 133 0 1 2 3 4 5 40 41 42 68 69 70 130 131 71 72 73 74 134 135 136 137 55 56 57 60 61 62 63 95 96 97 98 99 100 189 190 191 192 193 108 109 110 111 112 176 177 138 129 75 76 77 78 79 80 158 159 160 161 162 163 164 86 87 88 89 90 123 124 125 126 127 128 166 167 168 169 113 114 115 116 117 118 94 58 59 44 45 64 65 66 67 93 6 7 8 9 10 11 146 145 148 147 150 149 152 151 154 153 156 155 183 101 102 103 104 105 106 107 43 119 120 121 122 194 195 196 197 198 199 91 92 184 185 186 187 188 157 178 179 180 181 182 81 82 83 84 85 170 171 172 173 174 175 
299 299 299 299 299 299 886 886 886 886 886 886 401 401 401 401 401 401 401 401 401 401 401 401 401 401 401 401 401 401 401 401 401 401 401 401 401 401 401 401 617 617 617 205 846 846 299 299 299 299 299 299 617 617 617 837 837 837 568 568 427 427 427 427 495 495 495 495 837 837 837 427 427 427 427 375 375 375 375 375 375 207 207 207 207 207 407 407 407 407 407 379 379 333 506 375 375 375 375 375 375 840 840 840 840 840 840 840 407 407 407 407 407 506 506 506 506 506 506 199 199 199 199 506 506 506 506 506 506 506 568 568 846 846 495 495 495 495 333 886 886 886 886 886 886 911 911 911 911 911 911 911 911 911 911 911 911 232 840 840 840 840 840 840 840 205 199 199 199 199 862 862 862 862 862 862 379 379 795 795 795 795 795 232 795 795 795 795 795 207 207 207 207 207 862 862 862 862 862 862 
0 1 2 3 4 5 6 7 8 9 10 11 12 13 14 15 16 17 18 19 20 21 22 23 24 25 12 13 14 15 16 17 18 19 20 21 22 23 24 25 26 27 28 29 30 31 0 1 2 3 4 5 26 27 28 32 33 34 35 36 37 38 39 40 41 42 43 44 32 33 34 37 38 39 40 45 46 47 48 49 50 51 52 53 54 55 56 57 58 59 60 61 62 63 64 45 46 47 48 49 50 65 66 67 68 69 70 71 56 57 58 59 60 72 73 74 75 76 77 78 79 80 81 72 73 74 75 76 77 64 35 36 30 31 41 42 43 44 63 6 7 8 9 10 11 82 82 83 83 84 84 85 85 86 86 87 87 88 65 66 67 68 69 70 71 29 78 79 80 81 89 90 91 92 93 94 61 62 95 96 97 98 99 88 95 96 97 98 99 51 52 53 54 55 89 90 91 92 93 94 
55281
23
3 4 6 1 1 2 2 6 1 1 6 7 5 4 6 5 2 6 5 3 4 6 14 
9 26 50 34 35 12 25 31 51 10 1 36 31 25 60 33 33 2 61 19 41 39 3 
16 48 50 48 42 45 44 35 63 55 13 53 66 30 70 38 61 48 63 26 57 41 8 
617 495 911 333 506 846 568 375 232 205 299 840 207 427 862 407 379 886 795 837 199 506 401 
10 10 10 10 10 10 17 17 17 17 17 17 22 22 22 22 22 22 22 22 22 22 22 22 22 22 22 22 22 22 22 22 22 22 22 22 22 22 22 22 0 0 0 9 5 5 10 10 10 10 10 10 0 0 0 19 19 19 6 6 13 13 13 13 1 1 1 1 19 19 19 13 13 13 13 7 7 7 7 7 7 12 12 12 12 12 15 15 15 15 15 16 16 3 4 7 7 7 7 7 7 11 11 11 11 11 11 11 15 15 15 15 15 21 21 21 21 21 21 20 20 20 20 21 21 21 21 21 21 4 6 6 5 5 1 1 1 1 3 17 17 17 17 17 17 2 2 2 2 2 2 2 2 2 2 2 2 8 11 11 11 11 11 11 11 9 20 20 20 20 14 14 14 14 14 14 16 16 18 18 18 18 18 8 18 18 18 18 18 12 12 12 12 12 14 14 14 14 14 14 