253
100
2
5 5 7 7 7 7 7 7 7 7 7 7 7 14 14 14 14 14 14 14 15 15 15 15 17 17 17 17 17 17 17 17 17 17 17 23 23 23 23 23 23 23 23 23 29 29 29 29 29 29 29 29 29 29 36 36 36 36 36 36 36 36 36 36 37 37 37 37 37 37 37 37 37 39 39 39 39 39 39 39 39 39 39 42 42 42 42 42 42 42 42 42 42 42 42 42 42 42 43 43 43 43 47 47 47 47 47 47 47 47 47 47 47 47 47 47 47 47 47 47 47 47 47 48 48 48 48 48 48 48 48 48 48 48 52 52 52 52 52 52 52 52 52 52 55 55 55 55 55 55 58 58 58 58 58 58 64 64 64 64 64 64 64 64 64 64 64 64 64 64 64 64 64 65 65 65 65 65 65 65 65 65 67 67 67 67 68 68 68 68 68 68 68 69 69 69 69 69 70 70 
198 199 123 124 125 126 127 128 129 130 131 132 133 186 187 188 189 190 191 192 98 99 100 101 87 88 89 90 91 92 93 94 95 96 97 173 174 175 176 177 178 179 180 181 54 55 56 57 58 59 60 61 62 63 44 45 46 47 48 49 50 51 52 53 83 84 85 86 193 194 195 196 197 134 135 136 137 138 139 140 141 142 143 64 65 66 67 24 25 26 27 28 29 30 31 32 33 34 20 21 22 23 182 183 184 185 156 157 158 159 160 161 162 163 164 165 166 167 168 169 170 171 172 2 3 4 5 6 7 8 9 10 11 12 73 74 75 76 77 78 79 80 81 82 150 151 152 153 154 155 144 145 146 147 148 149 106 107 108 109 110 111 112 113 114 115 116 117 118 119 120 121 122 35 36 37 38 39 40 41 42 43 102 103 104 105 13 14 15 16 17 18 19 68 69 70 71 72 0 1 
946 946 448 448 448 448 448 448 448 448 448 448 448 242 242 242 242 242 242 242 301 301 301 301 276 276 276 276 276 276 276 276 276 276 276 492 492 492 492 492 492 492 492 492 746 746 746 746 746 746 746 746 746 746 746 746 746 746 746 746 746 746 746 746 344 344 344 344 786 786 786 786 786 705 705 705 705 705 705 705 705 705 705 344 344 344 344 276 276 276 276 276 276 276 276 276 276 276 301 301 301 301 859 859 859 859 1000 1000 1000 1000 1000 1000 1000 1000 1000 1000 1000 1000 1000 1000 1000 1000 1000 448 448 448 448 448 448 448 448 448 448 448 705 705 705 705 705 705 705 705 705 705 301 301 301 301 301 301 301 301 301 301 301 301 1000 1000 1000 1000 1000 1000 1000 1000 1000 1000 1000 1000 1000 1000 1000 1000 1000 492 492 492 492 492 492 492 492 492 859 859 859 859 242 242 242 242 242 242 242 786 786 786 786 786 946 946 
0 1 2 3 4 5 6 7 8 9 10 11 12 13 14 15 16 17 18 19 20 21 22 23 24 25 26 27 28 29 30 31 32 33 34 35 36 37 38 39 40 41 42 43 44 45 46 47 48 49 50 51 52 53 44 45 46 47 48 49 50 51 52 53 54 55 56 57 58 59 60 61 62 63 64 65 66 67 68 69 70 71 72 54 55 56 57 24 25 26 27 28 29 30 31 32 33 34 20 21 22 23 73 74 75 76 77 78 79 80 81 82 83 84 85 86 87 88 89 90 91 92 93 2 3 4 5 6 7 8 9 10 11 12 63 64 65 66 67 68 69 70 71 72 94 95 96 97 98 99 94 95 96 97 98 99 77 78 79 80 81 82 83 84 85 86 87 88 89 90 91 92 93 35 36 37 38 39 40 41 42 43 73 74 75 76 13 14 15 16 17 18 19 58 59 60 61 62 0 1 
59240
13
4 7 10 11 9 4 5 10 6 2 4 11 17 
47 14 29 7 23 37 37 39 55 5 15 17 47 
67 68 36 48 65 42 69 52 58 70 43 42 64 
859 242 746 448 492 344 786 705 301 946 301 276 1000 
9 9 3 3 3 3 3 3 3 3 3 3 3 1 1 1 1 1 1 1 10 10 10 10 11 11 11 11 11 11 11 11 11 11 11 4 4 4 4 4 4 4 4 4 2 2 2 2 2 2 2 2 2 2 2 2 2 2 2 2 2 2 2 2 5 5 5 5 6 6 6 6 6 7 7 7 7 7 7 7 7 7 7 5 5 5 5 11 11 11 11 11 11 11 11 11 11 11 10 10 10 10 0 0 0 0 12 12 12 12 12 12 12 12 12 12 12 12 12 12 12 12 12 3 3 3 3 3 3 3 3 3 3 3 7 7 7 7 7 7 7 7 7 7 8 8 8 8 8 8 8 8 8 8 8 8 12 12 12 12 12 12 12 12 12 12 12 12 12 12 12 12 12 4 4 4 4 4 4 4 4 4 0 0 0 0 1 1 1 1 1 1 1 6 6 6 6 6 9 9 