270
100
2
1 1 1 1 1 1 2 2 2 2 3 3 3 3 3 3 3 4 4 4 6 6 7 7 7 7 7 7 7 8 8 8 12 12 12 12 12 12 12 12 12 14 14 14 14 14 14 14 15 15 18 20 21 21 21 21 21 22 22 23 23 23 23 23 23 23 23 27 27 27 27 27 31 31 31 31 31 32 32 32 32 36 36 37 37 37 37 38 38 38 38 38 38 38 40 40 40 44 44 45 45 45 45 45 45 45 45 45 45 45 45 45 45 45 45 45 45 45 45 48 48 49 49 49 49 49 49 49 49 49 50 50 51 51 51 51 53 53 53 53 53 53 53 54 57 57 57 57 57 57 57 58 60 60 60 60 60 61 61 61 61 63 63 63 63 63 63 63 63 63 63 63 63 63 63 63 63 63 63 63 63 66 66 66 66 67 67 67 67 67 68 68 68 68 68 70 70 70 70 70 
119 120 157 158 159 160 121 122 123 124 152 153 154 155 156 130 131 64 65 66 85 86 67 68 69 70 71 37 38 94 95 96 185 186 187 188 189 27 28 57 58 136 137 138 139 140 141 142 52 53 51 50 48 49 144 145 146 39 40 89 90 91 92 93 17 18 19 22 23 24 25 26 125 126 127 128 129 78 77 80 79 97 98 132 133 20 21 134 135 59 60 61 62 63 29 30 31 81 82 161 162 163 164 165 166 167 168 169 170 171 172 173 174 175 176 177 178 179 180 0 1 6 7 8 9 72 73 74 75 76 15 16 83 84 87 88 41 42 43 44 45 46 47 151 54 55 56 181 182 183 184 143 10 11 12 13 14 2 3 4 5 99 100 101 102 103 104 105 106 107 108 109 110 111 112 113 114 115 116 117 118 147 148 149 150 32 33 34 35 36 195 196 197 198 199 190 191 192 193 194 
885 885 578 578 578 578 936 936 936 936 889 889 889 889 889 511 511 936 936 936 977 977 530 530 530 530 530 749 749 822 822 822 439 439 439 439 439 749 749 347 347 590 590 590 590 944 944 944 482 482 345 345 482 482 969 969 969 347 347 864 864 864 864 864 936 936 936 530 530 530 530 530 394 394 394 394 394 360 360 360 360 152 152 719 719 977 977 487 487 864 864 864 864 864 822 822 822 152 152 563 563 563 563 563 563 563 563 563 563 563 563 563 563 563 563 563 563 563 563 885 885 936 936 936 936 394 394 394 394 394 511 511 719 719 487 487 590 590 590 590 944 944 944 737 969 969 969 935 935 935 935 737 889 889 889 889 889 578 578 578 578 563 563 563 563 563 563 563 563 563 563 563 563 563 563 563 563 563 563 563 563 935 935 935 935 439 439 439 439 439 761 761 761 761 761 761 761 761 761 761 
0 1 2 3 4 5 6 7 8 9 10 11 12 13 14 15 16 17 18 19 20 21 22 23 24 25 26 27 28 29 30 31 32 33 34 35 36 27 28 37 38 39 40 41 42 43 44 45 46 47 48 48 46 47 49 50 51 37 38 52 53 54 55 56 17 18 19 22 23 24 25 26 57 58 59 60 61 62 62 63 63 64 65 66 67 20 21 68 69 52 53 54 55 56 29 30 31 64 65 70 71 72 73 74 75 76 77 78 79 80 81 82 83 84 85 86 87 88 89 0 1 6 7 8 9 57 58 59 60 61 15 16 66 67 68 69 39 40 41 42 43 44 45 90 49 50 51 91 92 93 94 90 10 11 12 13 14 2 3 4 5 70 71 72 73 74 75 76 77 78 79 80 81 82 83 84 85 86 87 88 89 91 92 93 94 32 33 34 35 36 95 96 97 98 99 95 96 97 98 99 
66234
27
5 5 2 2 4 5 5 2 2 5 2 3 2 3 2 2 4 1 2 4 3 2 4 5 1 3 20 
3 68 15 37 14 12 7 32 38 23 6 21 36 8 7 3 57 18 12 2 4 1 1 31 54 14 45 
60 70 21 51 53 67 27 32 51 38 37 57 44 40 12 50 66 20 22 49 23 48 61 49 58 53 63 
889 761 482 719 590 439 530 360 487 864 977 969 152 822 749 511 935 345 347 936 936 885 578 394 737 944 563 
21 21 22 22 22 22 19 19 19 19 0 0 0 0 0 15 15 20 20 20 10 10 6 6 6 6 6 14 14 13 13 13 5 5 5 5 5 14 14 18 18 4 4 4 4 25 25 25 2 2 17 17 2 2 11 11 11 18 18 9 9 9 9 9 20 20 20 6 6 6 6 6 23 23 23 23 23 7 7 7 7 12 12 3 3 10 10 8 8 9 9 9 9 9 13 13 13 12 12 26 26 26 26 26 26 26 26 26 26 26 26 26 26 26 26 26 26 26 26 21 21 19 19 19 19 23 23 23 23 23 15 15 3 3 8 8 4 4 4 4 25 25 25 24 11 11 11 16 16 16 16 24 0 0 0 0 0 22 22 22 22 26 26 26 26 26 26 26 26 26 26 26 26 26 26 26 26 26 26 26 26 16 16 16 16 5 5 5 5 5 1 1 1 1 1 1 1 1 1 1 