611
100
2
2 2 2 2 2 3 3 3 3 3 4 4 4 5 5 5 5 6 6 6 6 6 6 6 6 6 6 6 6 6 6 6 6 6 6 7 7 7 7 8 8 8 8 8 10 10 10 10 10 10 10 10 10 10 10 10 10 10 11 11 11 11 11 13 13 13 13 19 19 19 19 19 22 22 22 22 22 23 23 23 23 23 23 23 23 23 23 26 26 26 26 26 28 28 28 28 28 29 29 31 31 31 31 31 33 33 33 33 33 34 34 34 34 35 35 35 35 35 35 35 36 36 36 36 36 37 37 37 37 37 37 38 38 38 38 40 40 40 40 41 41 43 43 43 46 46 46 46 46 47 47 47 47 49 49 49 49 49 50 50 52 52 52 53 53 53 53 53 53 53 56 56 56 57 57 60 60 65 67 67 68 68 68 68 68 68 68 68 68 69 69 69 69 69 69 69 69 69 69 69 
67 68 69 70 71 184 185 186 187 188 170 171 172 81 82 83 84 180 181 182 183 44 45 46 47 48 49 50 51 52 53 54 55 56 57 135 136 137 138 90 91 197 198 199 21 22 23 24 25 26 27 28 29 30 31 32 33 34 153 154 155 156 157 77 78 79 80 0 1 2 3 4 92 93 94 95 96 63 64 65 66 13 14 15 16 147 148 194 195 196 39 40 72 73 74 75 76 173 174 189 190 191 192 193 177 149 150 151 152 163 164 165 166 125 126 127 128 160 161 162 158 159 144 145 146 113 114 115 116 131 132 129 130 175 176 35 36 37 38 178 179 167 168 169 122 123 124 85 86 105 106 107 108 58 59 60 61 62 120 121 117 118 119 109 110 111 112 141 142 143 10 11 12 97 98 133 134 104 139 140 17 18 19 20 5 6 7 8 9 99 100 101 102 103 87 88 89 41 42 43 
620 620 620 620 620 170 170 170 170 170 876 876 876 822 822 822 822 314 314 314 314 839 839 839 839 839 839 839 839 839 839 839 839 839 839 833 833 833 833 722 722 816 816 816 839 839 839 839 839 839 839 839 839 839 839 839 839 839 394 394 394 394 394 178 178 178 178 620 620 620 620 620 867 867 867 867 867 178 178 178 178 822 822 822 822 871 871 270 270 270 722 722 867 867 867 867 867 862 862 214 214 214 214 214 411 713 713 713 713 540 540 540 540 447 447 447 447 381 381 381 344 344 403 403 403 447 447 447 447 950 950 950 950 874 874 833 833 833 833 260 260 895 895 895 403 403 403 871 871 713 713 713 713 394 394 394 394 394 344 344 381 381 381 540 540 540 540 895 895 895 876 876 876 862 862 874 874 411 260 260 314 314 314 314 170 170 170 170 170 214 214 214 214 214 270 270 270 816 816 816 
0 1 2 3 4 5 6 7 8 9 10 11 12 13 14 15 16 17 18 19 20 21 22 23 24 25 26 27 28 29 30 31 32 33 34 35 36 37 38 39 40 41 42 43 21 22 23 24 25 26 27 28 29 30 31 32 33 34 44 45 46 47 48 49 50 51 52 0 1 2 3 4 53 54 55 56 57 49 50 51 52 13 14 15 16 58 59 60 61 62 39 40 53 54 55 56 57 63 64 65 66 67 68 69 70 71 72 73 74 75 76 77 78 79 80 81 82 83 84 85 86 87 88 89 90 79 80 81 82 91 92 91 92 93 94 35 36 37 38 95 96 97 98 99 88 89 90 58 59 71 72 73 74 44 45 46 47 48 86 87 83 84 85 75 76 77 78 97 98 99 10 11 12 63 64 93 94 70 95 96 17 18 19 20 5 6 7 8 9 65 66 67 68 69 60 61 62 41 42 43 
59559
27
4 5 5 4 4 2 3 2 2 3 4 5 3 3 5 2 3 2 1 3 4 4 4 5 2 2 14 
6 31 3 35 34 37 26 41 8 35 13 22 4 8 11 36 43 29 33 36 5 33 7 2 38 23 6 
68 69 68 37 53 38 69 67 26 52 23 28 56 69 49 50 53 57 65 46 23 47 40 19 60 46 10 
314 214 170 447 540 950 270 260 722 381 178 867 876 816 394 344 895 862 411 403 822 713 833 620 874 871 839 
23 23 23 23 23 2 2 2 2 2 12 12 12 20 20 20 20 0 0 0 0 26 26 26 26 26 26 26 26 26 26 26 26 26 26 22 22 22 22 8 8 13 13 13 26 26 26 26 26 26 26 26 26 26 26 26 26 26 14 14 14 14 14 10 10 10 10 23 23 23 23 23 11 11 11 11 11 10 10 10 10 20 20 20 20 25 25 6 6 6 8 8 11 11 11 11 11 17 17 1 1 1 1 1 18 21 21 21 21 4 4 4 4 3 3 3 3 9 9 9 15 15 19 19 19 3 3 3 3 5 5 5 5 24 24 22 22 22 22 7 7 16 16 16 19 19 19 25 25 21 21 21 21 14 14 14 14 14 15 15 9 9 9 4 4 4 4 16 16 16 12 12 12 17 17 24 24 18 7 7 0 0 0 0 2 2 2 2 2 1 1 1 1 1 6 6 6 13 13 13 