160
100
2
2 2 2 2 3 3 3 3 3 3 4 4 5 5 5 5 5 5 8 8 8 8 8 8 8 8 8 8 9 9 9 9 9 13 13 14 14 14 17 17 17 17 17 17 17 17 17 17 20 20 20 20 20 20 20 20 20 20 20 20 20 21 21 21 21 21 21 29 32 33 33 33 33 33 33 34 34 34 34 34 37 41 41 41 41 41 41 41 41 41 43 43 43 43 44 44 44 44 44 45 45 45 45 45 45 46 46 46 46 46 47 47 47 47 48 48 48 48 48 48 48 48 48 48 48 48 48 48 48 48 49 50 50 50 50 50 50 50 51 51 51 51 51 51 51 52 52 53 53 53 53 54 54 54 57 57 57 57 59 59 59 59 59 59 59 59 59 59 59 59 59 60 60 60 60 61 62 62 62 62 62 65 66 66 66 66 66 67 68 68 68 68 68 69 70 70 70 70 70 70 
171 172 173 174 67 182 183 184 185 186 43 44 61 62 63 64 65 66 131 132 133 134 99 100 101 102 103 104 105 106 107 108 109 145 146 151 152 153 75 76 77 78 79 10 11 155 156 157 158 159 160 161 162 163 164 165 166 167 168 169 170 12 13 14 15 16 17 4 80 114 115 116 117 118 119 38 39 40 41 42 68 188 189 190 191 192 147 148 149 150 110 111 112 113 176 177 178 179 180 22 23 24 25 26 27 28 29 30 31 32 90 91 92 93 69 70 71 72 73 74 141 142 143 144 194 195 196 197 198 199 154 18 19 20 21 138 139 140 135 136 137 120 121 122 123 33 34 86 87 88 89 35 36 37 130 45 46 47 48 49 50 51 52 53 54 55 56 57 58 59 60 0 1 2 3 193 94 95 96 97 98 187 5 6 7 8 9 181 81 82 83 84 85 175 124 125 126 127 128 129 
348 348 348 348 567 241 241 241 241 241 636 636 791 791 791 791 791 791 210 210 210 210 271 271 271 271 271 271 707 707 707 707 707 217 217 478 478 478 379 379 379 379 379 636 636 454 454 454 832 832 832 832 832 832 832 832 832 832 832 832 832 791 791 791 791 791 791 567 276 967 967 967 967 967 967 379 379 379 379 379 276 564 564 564 564 564 830 830 830 830 500 500 500 500 405 405 405 405 405 271 271 271 271 271 271 707 707 707 707 707 500 500 500 500 967 967 967 967 967 967 628 628 628 628 687 687 687 687 687 687 247 210 210 210 210 286 286 286 286 286 286 628 628 628 628 217 217 830 830 830 830 478 478 478 247 454 454 454 832 832 832 832 832 832 832 832 832 832 832 832 832 348 348 348 348 747 405 405 405 405 405 968 241 241 241 241 241 968 564 564 564 564 564 747 687 687 687 687 687 687 
0 1 2 3 4 5 6 7 8 9 10 11 12 13 14 15 16 17 18 19 20 21 22 23 24 25 26 27 28 29 30 31 32 33 34 35 36 37 38 39 40 41 42 10 11 43 44 45 46 47 48 49 50 51 52 53 54 55 56 57 58 12 13 14 15 16 17 4 59 60 61 62 63 64 65 38 39 40 41 42 59 66 67 68 69 70 71 72 73 74 75 76 77 78 79 80 81 82 83 22 23 24 25 26 27 28 29 30 31 32 75 76 77 78 60 61 62 63 64 65 84 85 86 87 88 89 90 91 92 93 94 18 19 20 21 95 96 97 95 96 97 84 85 86 87 33 34 71 72 73 74 35 36 37 94 43 44 45 46 47 48 49 50 51 52 53 54 55 56 57 58 0 1 2 3 98 79 80 81 82 83 99 5 6 7 8 9 99 66 67 68 69 70 98 88 89 90 91 92 93 
56821
25
5 5 4 4 4 3 4 6 6 3 1 1 5 6 1 2 5 1 2 3 4 6 1 5 13 
41 9 43 2 41 14 8 33 5 50 32 61 17 8 3 13 44 49 4 17 48 48 65 3 20 
68 46 47 60 53 54 50 48 21 51 37 69 34 45 29 52 62 57 17 57 51 70 67 66 59 
564 707 500 348 830 478 210 967 791 286 276 747 379 271 567 217 405 247 636 454 628 687 968 241 832 
3 3 3 3 14 23 23 23 23 23 18 18 8 8 8 8 8 8 6 6 6 6 13 13 13 13 13 13 1 1 1 1 1 15 15 5 5 5 12 12 12 12 12 18 18 19 19 19 24 24 24 24 24 24 24 24 24 24 24 24 24 8 8 8 8 8 8 14 10 7 7 7 7 7 7 12 12 12 12 12 10 0 0 0 0 0 4 4 4 4 2 2 2 2 16 16 16 16 16 13 13 13 13 13 13 1 1 1 1 1 2 2 2 2 7 7 7 7 7 7 20 20 20 20 21 21 21 21 21 21 17 6 6 6 6 9 9 9 9 9 9 20 20 20 20 15 15 4 4 4 4 5 5 5 17 19 19 19 24 24 24 24 24 24 24 24 24 24 24 24 24 3 3 3 3 11 16 16 16 16 16 22 23 23 23 23 23 22 0 0 0 0 0 11 21 21 21 21 21 21 