176
100
2
2 2 3 3 3 3 3 5 5 5 5 5 5 5 5 5 5 5 5 7 7 7 7 7 7 7 7 7 7 7 7 7 7 7 7 7 7 7 7 7 7 7 10 10 10 10 10 10 10 10 10 12 12 12 12 14 14 14 14 14 14 14 14 14 14 24 24 24 24 24 24 24 24 24 24 24 24 25 25 25 25 25 25 25 25 25 25 27 29 29 29 29 29 29 29 29 29 30 30 30 30 30 30 30 30 30 30 30 30 30 30 30 30 30 30 30 30 30 30 30 30 30 30 32 32 32 32 32 32 32 32 32 32 35 35 35 35 37 37 37 37 37 37 37 37 37 37 38 38 38 38 38 48 48 48 48 52 52 52 52 52 52 52 52 52 52 52 52 52 52 52 52 52 56 58 58 58 58 58 58 58 63 63 63 63 63 63 63 63 63 63 63 63 63 63 63 66 66 66 66 
75 76 147 148 149 150 151 166 167 168 169 170 171 172 181 182 183 184 185 174 175 176 177 178 179 180 107 108 109 110 111 112 113 114 115 116 117 118 119 120 121 122 88 89 90 91 92 93 94 95 96 196 197 198 199 123 124 125 126 127 128 129 130 131 132 77 78 79 80 81 82 83 84 85 86 0 1 65 66 67 68 69 70 71 72 73 74 173 42 43 44 45 46 47 48 49 50 156 157 158 159 160 161 162 163 164 165 26 27 28 29 30 31 32 33 34 35 36 37 38 39 40 41 55 56 57 58 59 60 61 62 63 64 152 153 154 155 186 187 188 189 190 191 192 193 194 195 2 3 4 5 6 133 134 135 136 97 98 99 100 101 102 103 104 105 106 7 8 9 10 11 12 13 87 19 20 21 22 23 24 25 14 15 16 17 18 137 138 139 140 141 142 143 144 145 146 51 52 53 54 
344 344 402 402 402 402 402 771 771 771 771 771 771 771 912 912 912 912 912 803 803 803 803 803 803 803 534 534 534 534 534 534 534 534 534 534 534 534 534 534 534 534 442 442 442 442 442 442 442 442 442 646 646 646 646 188 188 188 188 188 188 188 188 188 188 788 788 788 788 788 788 788 788 788 788 344 344 788 788 788 788 788 788 788 788 788 788 594 442 442 442 442 442 442 442 442 442 563 563 563 563 563 563 563 563 563 563 534 534 534 534 534 534 534 534 534 534 534 534 534 534 534 534 188 188 188 188 188 188 188 188 188 188 974 974 974 974 346 346 346 346 346 346 346 346 346 346 402 402 402 402 402 974 974 974 974 563 563 563 563 563 563 563 563 563 563 771 771 771 771 771 771 771 594 803 803 803 803 803 803 803 912 912 912 912 912 346 346 346 346 346 346 346 346 346 346 646 646 646 646 
0 1 2 3 4 5 6 7 8 9 10 11 12 13 14 15 16 17 18 19 20 21 22 23 24 25 26 27 28 29 30 31 32 33 34 35 36 37 38 39 40 41 42 43 44 45 46 47 48 49 50 51 52 53 54 55 56 57 58 59 60 61 62 63 64 65 66 67 68 69 70 71 72 73 74 0 1 65 66 67 68 69 70 71 72 73 74 75 42 43 44 45 46 47 48 49 50 76 77 78 79 80 81 82 83 84 85 26 27 28 29 30 31 32 33 34 35 36 37 38 39 40 41 55 56 57 58 59 60 61 62 63 64 86 87 88 89 90 91 92 93 94 95 96 97 98 99 2 3 4 5 6 86 87 88 89 76 77 78 79 80 81 82 83 84 85 7 8 9 10 11 12 13 75 19 20 21 22 23 24 25 14 15 16 17 18 90 91 92 93 94 95 96 97 98 99 51 52 53 54 
56722
14
10 7 4 7 5 10 4 1 10 5 2 10 9 16 
30 5 35 7 3 24 12 27 14 5 2 37 10 7 
52 52 48 58 38 25 66 56 32 63 24 63 29 30 
563 771 974 803 402 788 646 594 188 912 344 346 442 534 
10 10 4 4 4 4 4 1 1 1 1 1 1 1 9 9 9 9 9 3 3 3 3 3 3 3 13 13 13 13 13 13 13 13 13 13 13 13 13 13 13 13 12 12 12 12 12 12 12 12 12 6 6 6 6 8 8 8 8 8 8 8 8 8 8 5 5 5 5 5 5 5 5 5 5 10 10 5 5 5 5 5 5 5 5 5 5 7 12 12 12 12 12 12 12 12 12 0 0 0 0 0 0 0 0 0 0 13 13 13 13 13 13 13 13 13 13 13 13 13 13 13 13 8 8 8 8 8 8 8 8 8 8 2 2 2 2 11 11 11 11 11 11 11 11 11 11 4 4 4 4 4 2 2 2 2 0 0 0 0 0 0 0 0 0 0 1 1 1 1 1 1 1 7 3 3 3 3 3 3 3 9 9 9 9 9 11 11 11 11 11 11 11 11 11 11 6 6 6 6 