752
100
2
2 2 2 5 5 5 5 5 5 7 7 7 7 8 8 8 8 11 11 11 11 13 18 19 19 20 20 20 20 24 24 24 24 25 25 25 25 25 27 27 27 27 27 27 28 28 28 28 28 28 30 30 30 30 33 33 33 33 33 33 33 33 36 36 36 39 39 39 39 39 41 41 41 41 41 41 41 41 41 41 41 41 41 41 41 41 41 42 42 42 42 44 44 44 44 44 44 44 44 44 44 44 44 44 44 44 44 44 44 44 44 44 44 45 45 45 45 45 49 49 50 50 50 50 50 50 50 52 52 52 52 52 52 52 52 52 52 52 52 52 52 52 52 52 52 53 54 54 55 55 56 56 56 56 58 58 58 58 60 60 60 60 60 60 60 60 60 60 60 61 61 61 61 61 61 61 62 62 62 62 62 62 62 63 63 63 66 66 66 66 67 67 67 67 68 68 68 68 70 70 
183 184 185 50 51 52 53 44 45 87 88 89 90 23 24 118 119 154 155 156 157 145 43 13 14 176 177 178 179 139 140 141 142 91 92 93 94 95 169 170 171 172 173 22 7 8 165 166 167 168 3 4 5 6 123 124 125 126 150 151 152 153 180 181 182 113 114 115 116 117 96 97 98 99 100 101 102 103 104 105 106 107 108 109 110 111 112 9 10 11 12 33 34 35 36 37 70 71 72 73 74 75 76 77 78 79 80 81 82 83 84 85 86 65 66 67 68 69 15 16 158 159 160 54 55 56 57 128 127 130 129 132 131 134 133 136 135 146 147 29 30 31 32 148 149 21 137 138 143 144 58 59 60 61 17 18 19 20 120 121 122 194 195 196 197 46 47 48 49 38 39 40 41 42 198 199 25 26 27 28 62 63 64 0 1 2 190 191 192 193 186 187 188 189 161 162 163 164 174 175 
307 307 307 211 211 211 211 190 190 518 518 518 518 393 393 575 575 362 362 362 362 453 469 393 393 960 960 960 960 337 337 337 337 246 246 246 246 246 796 796 796 796 796 469 190 190 597 597 597 597 211 211 211 211 671 671 671 671 158 158 158 158 512 512 512 919 919 919 919 919 488 488 488 488 488 488 488 488 488 488 488 488 488 488 488 488 488 518 518 518 518 246 246 246 246 246 488 488 488 488 488 488 488 488 488 488 488 488 488 488 488 488 488 919 919 919 919 919 575 575 899 899 899 671 671 671 671 192 192 192 192 192 192 192 192 192 192 811 811 337 337 337 337 860 860 453 811 811 860 860 158 158 158 158 362 362 362 362 899 899 899 550 550 550 550 597 597 597 597 796 796 796 796 796 296 296 960 960 960 960 512 512 512 307 307 307 547 547 547 547 547 547 547 547 550 550 550 550 296 296 
0 1 2 3 4 5 6 7 8 9 10 11 12 13 14 15 16 17 18 19 20 21 22 13 14 23 24 25 26 27 28 29 30 31 32 33 34 35 36 37 38 39 40 22 7 8 41 42 43 44 3 4 5 6 45 46 47 48 49 50 51 52 53 54 55 56 57 58 59 60 61 62 63 64 65 66 67 68 69 70 71 72 73 74 75 76 77 9 10 11 12 31 32 33 34 35 61 62 63 64 65 66 67 68 69 70 71 72 73 74 75 76 77 56 57 58 59 60 15 16 78 79 80 45 46 47 48 81 81 82 82 83 83 84 84 85 85 86 87 27 28 29 30 88 89 21 86 87 88 89 49 50 51 52 17 18 19 20 78 79 80 90 91 92 93 41 42 43 44 36 37 38 39 40 94 95 23 24 25 26 53 54 55 0 1 2 96 97 98 99 96 97 98 99 90 91 92 93 94 95 
51031
26
5 3 2 5 3 4 4 2 4 4 5 1 4 5 2 4 4 1 2 3 2 2 4 4 4 17 
52 2 52 39 50 66 5 5 60 28 25 13 33 27 61 24 20 18 8 36 52 8 33 7 11 41 
52 63 54 45 60 67 30 28 68 60 44 53 50 61 70 52 62 27 19 62 55 49 56 42 58 44 
192 307 811 919 899 547 211 190 550 597 246 453 671 796 296 337 960 469 393 512 860 575 158 518 362 488 
1 1 1 6 6 6 6 7 7 23 23 23 23 18 18 21 21 24 24 24 24 11 17 18 18 16 16 16 16 15 15 15 15 10 10 10 10 10 13 13 13 13 13 17 7 7 9 9 9 9 6 6 6 6 12 12 12 12 22 22 22 22 19 19 19 3 3 3 3 3 25 25 25 25 25 25 25 25 25 25 25 25 25 25 25 25 25 23 23 23 23 10 10 10 10 10 25 25 25 25 25 25 25 25 25 25 25 25 25 25 25 25 25 3 3 3 3 3 21 21 4 4 4 12 12 12 12 0 0 0 0 0 0 0 0 0 0 2 2 15 15 15 15 20 20 11 2 2 20 20 22 22 22 22 24 24 24 24 4 4 4 8 8 8 8 9 9 9 9 13 13 13 13 13 14 14 16 16 16 16 19 19 19 1 1 1 5 5 5 5 5 5 5 5 8 8 8 8 14 14 