694
100
2
1 1 1 3 3 3 3 5 5 5 5 5 5 7 7 7 7 7 7 8 8 8 8 8 8 9 9 9 9 9 10 10 10 15 15 15 15 15 15 15 15 15 15 15 15 15 15 15 16 16 17 17 17 17 17 17 17 17 17 18 18 18 18 18 18 18 18 18 18 18 18 18 21 21 21 21 21 21 21 21 21 24 25 25 25 25 33 33 33 33 38 38 38 38 38 38 38 38 38 38 38 38 38 38 38 38 38 39 39 39 39 40 40 40 40 42 42 42 42 42 45 45 45 45 45 45 45 45 45 45 48 48 48 48 48 50 50 50 50 51 51 54 54 54 54 54 56 56 56 56 59 59 59 59 59 59 60 60 60 60 62 62 62 62 64 64 64 64 64 64 64 64 64 64 66 66 66 66 66 66 66 66 66 66 68 68 68 68 68 69 69 69 69 69 69 69 70 70 70 70 
135 136 137 115 161 162 163 150 151 152 153 154 155 164 120 121 122 123 124 189 190 191 192 193 194 125 126 127 128 129 94 95 96 48 49 59 60 61 62 63 64 65 66 67 68 69 70 71 33 34 165 166 167 168 169 174 175 176 177 35 36 37 38 39 40 41 42 43 44 45 46 47 86 87 88 89 130 131 132 133 134 195 156 157 158 159 72 73 74 75 146 147 148 149 30 31 32 98 97 100 99 102 101 104 103 106 105 170 171 172 173 196 197 198 199 3 178 179 180 181 14 15 16 17 18 25 26 27 28 29 76 77 78 79 80 0 1 2 160 182 183 184 185 186 187 188 90 91 92 93 7 8 9 10 11 12 82 83 84 85 138 4 5 6 13 50 51 52 53 54 107 108 109 110 55 56 57 58 116 117 118 119 139 140 141 142 143 144 145 19 20 21 22 23 24 81 111 112 113 114 
400 400 400 872 411 411 411 230 230 230 230 230 230 316 647 647 647 647 647 218 218 218 218 218 218 259 259 259 259 259 972 972 972 229 229 867 867 867 867 867 867 867 867 867 867 867 867 867 229 229 274 274 274 274 274 459 459 459 459 867 867 867 867 867 867 867 867 867 867 867 867 867 736 736 736 736 838 838 838 838 838 704 963 963 963 963 736 736 736 736 964 964 964 964 972 972 972 467 467 467 467 467 467 467 467 467 467 820 820 820 820 551 551 551 551 872 936 936 936 936 647 647 647 647 647 259 259 259 259 259 838 838 838 838 838 400 400 400 822 611 611 307 307 307 307 307 964 964 964 964 230 230 230 230 230 230 963 963 963 963 822 411 411 411 316 274 274 274 274 274 820 820 820 820 459 459 459 459 936 936 936 936 611 611 307 307 307 307 307 218 218 218 218 218 218 704 551 551 551 551 
0 1 2 3 4 5 6 7 8 9 10 11 12 13 14 15 16 17 18 19 20 21 22 23 24 25 26 27 28 29 30 31 32 33 34 35 36 37 38 39 40 41 42 43 44 45 46 47 33 34 48 49 50 51 52 53 54 55 56 35 36 37 38 39 40 41 42 43 44 45 46 47 57 58 59 60 61 62 63 64 65 66 67 68 69 70 57 58 59 60 71 72 73 74 30 31 32 75 75 76 76 77 77 78 78 79 79 80 81 82 83 84 85 86 87 3 88 89 90 91 14 15 16 17 18 25 26 27 28 29 61 62 63 64 65 0 1 2 92 93 94 95 96 97 98 99 71 72 73 74 7 8 9 10 11 12 67 68 69 70 92 4 5 6 13 48 49 50 51 52 80 81 82 83 53 54 55 56 88 89 90 91 93 94 95 96 97 98 99 19 20 21 22 23 24 66 84 85 86 87 
59378
25
5 6 4 4 3 1 6 1 4 1 5 5 3 4 4 2 1 5 4 3 5 4 2 5 13 
54 8 38 40 10 7 5 24 25 3 7 17 1 17 21 15 50 21 39 3 9 42 51 38 15 
68 69 56 70 38 64 59 69 60 42 45 64 50 66 33 16 62 48 64 62 45 66 66 38 18 
307 218 964 551 972 316 230 704 963 872 647 274 400 459 736 229 822 838 820 411 259 936 611 467 867 
12 12 12 9 19 19 19 6 6 6 6 6 6 5 10 10 10 10 10 1 1 1 1 1 1 20 20 20 20 20 4 4 4 15 15 24 24 24 24 24 24 24 24 24 24 24 24 24 15 15 11 11 11 11 11 13 13 13 13 24 24 24 24 24 24 24 24 24 24 24 24 24 14 14 14 14 17 17 17 17 17 7 8 8 8 8 14 14 14 14 2 2 2 2 4 4 4 23 23 23 23 23 23 23 23 23 23 18 18 18 18 3 3 3 3 9 21 21 21 21 10 10 10 10 10 20 20 20 20 20 17 17 17 17 17 12 12 12 16 22 22 0 0 0 0 0 2 2 2 2 6 6 6 6 6 6 8 8 8 8 16 19 19 19 5 11 11 11 11 11 18 18 18 18 13 13 13 13 21 21 21 21 22 22 0 0 0 0 0 1 1 1 1 1 1 7 3 3 3 3 