830
100
2
1 1 1 1 1 2 2 2 2 2 2 2 2 2 2 4 4 4 4 7 7 7 7 7 7 7 7 7 7 7 7 7 7 7 7 7 8 8 8 8 8 8 8 8 8 8 8 8 9 9 9 10 10 10 10 10 10 10 10 10 10 10 10 10 10 10 10 10 10 10 10 11 11 11 14 14 14 20 20 20 22 22 22 22 25 25 25 25 25 25 26 26 26 26 28 30 30 30 30 30 30 30 32 32 32 32 32 32 32 33 33 33 37 37 37 37 39 39 39 41 42 42 42 42 42 42 42 42 45 45 45 45 45 45 47 47 47 48 48 48 49 49 49 49 49 50 50 50 50 50 50 51 51 52 52 52 52 52 52 52 52 52 53 53 53 53 53 53 53 53 53 53 53 53 58 58 58 58 58 58 58 58 59 61 61 61 61 61 61 62 62 62 62 62 62 63 63 63 68 69 
153 154 155 156 157 37 38 39 40 41 15 84 85 86 87 10 42 43 44 54 55 56 57 58 59 60 61 62 63 64 65 66 67 68 69 70 80 5 6 7 8 9 16 17 18 81 82 83 120 121 122 109 110 111 19 20 21 22 23 24 25 26 27 28 29 30 31 32 33 34 35 174 175 176 90 91 92 106 107 108 36 45 46 47 11 12 13 14 151 152 74 75 76 165 198 116 117 118 112 113 114 115 183 184 185 186 77 78 79 51 52 53 98 99 100 101 95 96 97 133 48 49 50 177 178 179 180 181 140 141 142 143 144 119 162 163 164 195 196 197 128 129 130 131 132 146 145 148 147 150 149 88 89 0 1 2 3 4 170 171 172 173 134 135 136 93 189 190 191 192 158 159 160 161 71 72 73 123 124 125 126 127 199 102 103 104 105 193 194 166 167 168 169 187 188 137 138 139 94 182 
273 273 273 273 273 953 953 953 953 953 731 703 703 703 703 731 813 813 813 772 772 772 772 772 772 772 772 772 772 772 772 772 772 772 772 772 917 953 953 953 953 953 813 813 813 911 911 911 513 513 513 720 720 720 772 772 772 772 772 772 772 772 772 772 772 772 772 772 772 772 772 287 287 287 800 800 800 468 468 468 917 911 911 911 703 703 703 703 542 542 800 800 800 248 769 953 953 953 694 694 694 694 294 294 294 294 468 468 468 720 720 720 694 694 694 694 953 953 953 714 513 513 513 487 487 487 487 487 704 704 704 704 704 714 187 187 187 478 478 478 704 704 704 704 704 904 904 904 904 904 904 542 542 273 273 273 273 273 432 432 432 432 187 187 187 248 988 988 988 988 432 432 432 432 287 287 287 487 487 487 487 487 225 294 294 294 294 237 237 988 988 988 988 237 237 478 478 478 769 225 
0 1 2 3 4 5 6 7 8 9 10 11 12 13 14 10 15 16 17 18 19 20 21 22 23 24 25 26 27 28 29 30 31 32 33 34 35 5 6 7 8 9 15 16 17 36 37 38 39 40 41 42 43 44 18 19 20 21 22 23 24 25 26 27 28 29 30 31 32 33 34 45 46 47 48 49 50 51 52 53 35 36 37 38 11 12 13 14 54 55 48 49 50 56 57 58 59 60 61 62 63 64 65 66 67 68 51 52 53 42 43 44 61 62 63 64 58 59 60 69 39 40 41 70 71 72 73 74 75 76 77 78 79 69 80 81 82 83 84 85 75 76 77 78 79 86 86 87 87 88 88 54 55 0 1 2 3 4 89 90 91 92 80 81 82 56 93 94 95 96 89 90 91 92 45 46 47 70 71 72 73 74 97 65 66 67 68 98 99 93 94 95 96 98 99 83 84 85 57 97 
63917
29
3 1 3 3 5 1 5 3 1 3 5 4 1 4 4 3 3 3 2 4 1 5 3 3 1 4 2 3 17 
48 8 47 11 2 59 45 14 26 30 1 53 2 52 32 50 4 9 61 2 28 42 10 8 41 30 25 20 7 
63 22 53 58 8 69 49 26 53 39 52 62 4 53 61 50 8 42 62 25 68 58 33 22 45 37 51 32 10 
478 917 187 287 953 225 704 800 248 953 273 988 731 432 294 904 813 513 237 703 769 487 720 911 714 694 542 468 772 
10 10 10 10 10 4 4 4 4 4 12 19 19 19 19 12 16 16 16 28 28 28 28 28 28 28 28 28 28 28 28 28 28 28 28 28 1 4 4 4 4 4 16 16 16 23 23 23 17 17 17 22 22 22 28 28 28 28 28 28 28 28 28 28 28 28 28 28 28 28 28 3 3 3 7 7 7 27 27 27 1 23 23 23 19 19 19 19 26 26 7 7 7 8 20 9 9 9 25 25 25 25 14 14 14 14 27 27 27 22 22 22 25 25 25 25 9 9 9 24 17 17 17 21 21 21 21 21 6 6 6 6 6 24 2 2 2 0 0 0 6 6 6 6 6 15 15 15 15 15 15 26 26 10 10 10 10 10 13 13 13 13 2 2 2 8 11 11 11 11 13 13 13 13 3 3 3 21 21 21 21 21 5 14 14 14 14 18 18 11 11 11 11 18 18 0 0 0 20 5 