636
100
2
1 1 1 1 1 1 1 1 1 1 4 4 4 4 4 5 6 6 6 6 9 9 9 10 10 10 11 11 11 11 11 11 11 11 11 11 11 11 11 11 11 11 11 11 15 15 15 15 15 15 15 15 15 15 15 15 15 15 15 15 15 15 15 15 15 15 15 15 15 15 15 15 16 16 16 16 16 16 16 18 18 18 18 18 19 19 19 19 19 22 25 25 25 25 27 27 27 27 27 28 28 28 28 28 28 28 28 28 28 28 29 29 29 29 30 30 30 30 35 35 35 35 35 37 37 37 37 37 37 38 38 38 38 41 41 41 41 41 41 41 41 41 43 43 43 43 43 43 43 45 46 46 46 46 46 46 48 48 48 49 49 50 50 50 50 50 50 50 50 50 50 51 51 51 52 52 52 52 53 53 53 54 54 54 60 60 65 65 65 65 65 65 66 67 67 67 67 67 67 67 
84 85 86 87 88 16 17 18 19 89 178 179 180 142 143 128 5 6 7 8 181 182 183 156 157 158 54 55 56 57 58 59 60 61 62 63 64 65 66 67 68 69 70 71 72 73 144 145 104 105 106 107 108 109 26 27 28 29 30 31 32 33 34 35 36 37 38 39 40 41 42 43 44 45 161 162 163 164 165 94 95 96 97 98 0 1 2 3 4 9 174 175 176 177 79 80 81 82 83 123 124 125 126 127 48 49 50 51 52 53 114 115 116 117 110 111 112 113 166 167 168 169 170 99 100 101 102 103 15 192 171 172 173 146 147 148 194 195 196 197 198 199 13 14 46 47 133 134 135 193 186 187 188 189 190 191 23 24 25 184 185 74 75 76 77 78 118 119 120 121 122 130 131 132 90 91 92 93 10 11 12 20 21 22 159 160 150 151 152 153 154 155 129 149 136 137 138 139 140 141 
659 659 659 659 659 509 509 509 509 983 319 319 319 965 965 739 509 509 509 509 900 900 900 711 711 711 477 477 477 477 477 477 477 477 477 477 477 477 477 477 477 477 477 477 482 482 282 282 863 863 863 863 863 863 477 477 477 477 477 477 477 477 477 477 477 477 477 477 477 477 477 477 482 482 535 535 535 535 535 995 995 995 995 995 659 659 659 659 659 983 512 512 512 512 995 995 995 995 995 280 280 280 280 280 863 863 863 863 863 863 987 987 987 987 987 987 987 987 407 407 407 407 407 280 280 280 280 280 739 771 850 850 850 803 803 803 512 512 512 512 512 512 965 965 282 282 803 803 803 171 748 748 748 748 748 748 711 711 711 741 741 535 535 535 535 535 407 407 407 407 407 850 850 850 512 512 512 512 319 319 319 900 900 900 741 741 748 748 748 748 748 748 771 171 512 512 512 512 512 512 
0 1 2 3 4 5 6 7 8 9 10 11 12 13 14 15 5 6 7 8 16 17 18 19 20 21 22 23 24 25 26 27 28 29 30 31 32 33 34 35 36 37 38 39 40 41 42 43 44 45 46 47 48 49 22 23 24 25 26 27 28 29 30 31 32 33 34 35 36 37 38 39 40 41 50 51 52 53 54 55 56 57 58 59 0 1 2 3 4 9 60 61 62 63 55 56 57 58 59 64 65 66 67 68 44 45 46 47 48 49 69 70 71 72 69 70 71 72 73 74 75 76 77 64 65 66 67 68 15 78 79 80 81 82 83 84 85 86 87 88 89 90 13 14 42 43 82 83 84 91 92 93 94 95 96 97 19 20 21 98 99 50 51 52 53 54 73 74 75 76 77 79 80 81 60 61 62 63 10 11 12 16 17 18 98 99 92 93 94 95 96 97 78 91 85 86 87 88 89 90 
62089
25
6 3 1 3 4 5 2 5 4 2 5 5 2 3 1 5 3 4 1 2 3 1 6 6 18 
46 4 38 10 29 18 4 1 25 15 16 28 15 41 45 35 9 1 1 49 38 5 15 41 11 
65 53 66 48 30 27 43 19 52 16 50 37 43 43 67 50 54 6 22 60 51 37 28 67 15 
748 319 771 711 987 995 965 659 512 482 535 280 282 803 171 407 900 509 983 741 850 739 863 512 477 
7 7 7 7 7 17 17 17 17 18 1 1 1 6 6 21 17 17 17 17 16 16 16 3 3 3 24 24 24 24 24 24 24 24 24 24 24 24 24 24 24 24 24 24 9 9 12 12 22 22 22 22 22 22 24 24 24 24 24 24 24 24 24 24 24 24 24 24 24 24 24 24 9 9 10 10 10 10 10 5 5 5 5 5 7 7 7 7 7 18 8 8 8 8 5 5 5 5 5 11 11 11 11 11 22 22 22 22 22 22 4 4 4 4 4 4 4 4 15 15 15 15 15 11 11 11 11 11 21 2 20 20 20 13 13 13 23 23 23 23 23 23 6 6 12 12 13 13 13 14 0 0 0 0 0 0 3 3 3 19 19 10 10 10 10 10 15 15 15 15 15 20 20 20 8 8 8 8 1 1 1 16 16 16 19 19 0 0 0 0 0 0 2 14 23 23 23 23 23 23 