56
100
2
5 5 5 5 5 5 5 7 8 8 8 8 8 8 8 8 8 8 8 8 8 8 8 8 8 8 10 10 10 10 10 10 10 12 12 12 12 12 12 12 12 12 12 12 12 12 13 13 15 15 15 15 15 15 15 15 15 16 16 16 16 16 16 16 18 18 18 18 18 18 18 18 18 18 18 18 18 18 18 18 18 18 18 18 18 19 19 19 19 19 19 19 21 21 23 23 26 26 28 28 28 28 28 28 28 29 29 29 29 29 29 29 29 29 29 29 29 32 32 33 33 34 34 34 34 34 34 34 34 34 34 34 34 34 34 34 34 35 35 37 37 37 37 39 39 39 39 39 39 39 39 40 40 40 40 40 40 40 42 42 42 42 42 45 45 45 45 45 50 50 50 50 50 50 50 50 50 50 55 55 55 57 57 57 57 57 57 57 59 59 59 62 62 69 69 69 70 70 70 70 
110 111 112 113 114 115 116 33 143 144 145 146 147 148 149 150 163 164 165 166 167 41 42 43 44 45 181 182 183 184 185 186 187 7 98 99 100 101 102 103 104 21 22 23 24 25 96 97 191 192 168 169 170 171 172 173 174 151 152 153 154 155 156 157 158 159 160 161 162 121 122 123 124 125 126 127 128 129 130 131 132 133 134 135 136 105 106 107 108 109 119 120 137 138 117 118 46 47 34 35 36 37 38 39 40 85 86 87 88 89 0 1 2 3 4 5 6 94 95 90 91 69 70 71 72 73 74 75 76 77 78 79 80 81 82 83 84 92 93 196 197 198 199 8 9 10 11 12 13 14 15 57 58 59 60 61 62 63 64 65 66 67 68 16 17 18 19 20 50 51 52 53 54 55 56 178 179 180 175 176 177 26 27 28 29 30 31 32 193 194 195 48 49 188 189 190 139 140 141 142 
898 898 898 898 898 898 898 152 248 248 248 248 248 248 248 248 327 327 327 327 327 548 548 548 548 548 388 388 830 830 830 830 830 152 368 368 368 368 368 368 368 548 548 548 548 548 852 852 717 717 195 195 195 195 195 195 195 358 358 358 358 358 358 358 544 544 544 544 544 222 222 222 222 222 222 222 222 222 222 222 222 222 222 222 222 154 154 154 154 154 263 263 874 874 887 887 852 852 368 368 368 368 368 368 368 154 154 154 154 154 898 898 898 898 898 898 898 887 887 263 263 222 222 222 222 222 222 222 222 222 222 222 222 222 222 222 222 874 874 743 743 743 743 248 248 248 248 248 248 248 248 358 358 358 358 358 358 358 544 544 544 544 544 327 327 327 327 327 195 195 195 195 195 195 195 796 796 796 796 796 796 388 388 830 830 830 830 830 472 472 472 717 717 472 472 472 743 743 743 743 
0 1 2 3 4 5 6 7 8 9 10 11 12 13 14 15 16 17 18 19 20 21 22 23 24 25 26 27 28 29 30 31 32 7 33 34 35 36 37 38 39 21 22 23 24 25 40 41 42 43 44 45 46 47 48 49 50 51 52 53 54 55 56 57 58 59 60 61 62 63 64 65 66 67 68 69 70 71 72 73 74 75 76 77 78 79 80 81 82 83 84 85 86 87 88 89 40 41 33 34 35 36 37 38 39 79 80 81 82 83 0 1 2 3 4 5 6 88 89 84 85 63 64 65 66 67 68 69 70 71 72 73 74 75 76 77 78 86 87 90 91 92 93 8 9 10 11 12 13 14 15 51 52 53 54 55 56 57 58 59 60 61 62 16 17 18 19 20 44 45 46 47 48 49 50 94 95 96 94 95 96 26 27 28 29 30 31 32 97 98 99 42 43 97 98 99 90 91 92 93 
45174
21
5 2 2 7 1 5 8 5 4 7 7 7 3 5 2 2 3 2 5 2 16 
19 15 13 15 7 18 8 8 37 12 5 16 50 8 19 21 59 10 10 23 18 
29 62 26 50 12 42 39 45 70 28 29 40 55 12 33 35 69 57 57 32 34 
154 717 852 195 152 544 248 327 743 368 898 358 796 548 263 874 472 388 830 887 222 
10 10 10 10 10 10 10 4 6 6 6 6 6 6 6 6 7 7 7 7 7 13 13 13 13 13 17 17 18 18 18 18 18 4 9 9 9 9 9 9 9 13 13 13 13 13 2 2 1 1 3 3 3 3 3 3 3 11 11 11 11 11 11 11 5 5 5 5 5 20 20 20 20 20 20 20 20 20 20 20 20 20 20 20 20 0 0 0 0 0 14 14 15 15 19 19 2 2 9 9 9 9 9 9 9 0 0 0 0 0 10 10 10 10 10 10 10 19 19 14 14 20 20 20 20 20 20 20 20 20 20 20 20 20 20 20 20 15 15 8 8 8 8 6 6 6 6 6 6 6 6 11 11 11 11 11 11 11 5 5 5 5 5 7 7 7 7 7 3 3 3 3 3 3 3 12 12 12 12 12 12 17 17 18 18 18 18 18 16 16 16 1 1 16 16 16 8 8 8 8 