202
100
2
2 2 2 2 2 2 2 2 2 2 2 2 6 6 6 13 13 13 13 13 13 14 14 14 14 14 14 14 14 14 14 14 14 14 14 16 16 16 17 17 17 17 17 17 19 19 20 20 20 20 20 20 21 21 27 27 27 27 27 27 27 29 29 29 29 29 29 29 29 29 30 30 30 30 30 30 31 31 31 31 31 31 31 31 31 31 31 31 31 31 31 31 31 31 31 31 31 31 33 33 33 33 34 34 34 37 37 37 37 37 37 37 37 37 37 37 37 37 44 44 44 44 44 44 44 44 44 44 44 44 44 44 44 44 44 44 44 44 44 44 44 44 44 44 44 44 50 50 50 51 51 51 51 51 51 56 56 56 56 56 56 56 56 56 56 62 62 62 62 63 63 63 63 63 63 63 63 63 63 63 64 64 64 64 64 64 64 64 64 64 64 64 64 70 70 70 70 70 70 70 
86 87 88 89 90 91 92 93 94 95 96 97 35 36 37 46 47 48 49 50 51 38 39 40 41 42 43 155 156 157 158 159 160 161 162 12 13 14 21 22 23 24 25 26 52 53 15 16 17 18 19 20 44 45 139 140 141 142 143 144 145 193 194 195 196 197 198 199 163 164 149 150 151 152 153 154 118 119 120 121 122 123 124 125 126 127 0 1 2 3 4 5 6 7 8 9 10 11 165 166 167 168 146 147 148 180 181 182 183 184 185 186 187 188 189 190 191 192 76 77 78 79 80 81 82 83 84 85 169 170 171 172 173 174 175 176 177 178 179 54 55 56 57 58 59 60 102 103 104 70 71 72 73 74 75 27 28 29 30 31 32 33 34 68 69 98 99 100 101 128 129 130 131 132 133 134 135 136 137 138 105 106 107 108 109 110 111 112 113 114 115 116 117 61 62 63 64 65 66 67 
274 274 274 274 274 274 274 274 274 274 274 274 292 292 292 480 480 480 480 480 480 566 566 566 566 566 566 241 241 241 241 241 241 241 241 292 292 292 566 566 566 566 566 566 456 456 480 480 480 480 480 480 456 456 878 878 878 878 878 878 878 590 590 590 590 590 590 590 591 591 451 451 451 451 451 451 697 697 697 697 697 697 697 697 697 697 274 274 274 274 274 274 274 274 274 274 274 274 813 813 813 813 963 963 963 451 451 451 451 451 451 451 451 451 451 451 451 451 697 697 697 697 697 697 697 697 697 697 487 487 487 487 487 487 487 487 487 487 487 878 878 878 878 878 878 878 963 963 963 451 451 451 451 451 451 241 241 241 241 241 241 241 241 591 591 813 813 813 813 487 487 487 487 487 487 487 487 487 487 487 451 451 451 451 451 451 451 451 451 451 451 451 451 590 590 590 590 590 590 590 
0 1 2 3 4 5 6 7 8 9 10 11 12 13 14 15 16 17 18 19 20 21 22 23 24 25 26 27 28 29 30 31 32 33 34 12 13 14 21 22 23 24 25 26 35 36 15 16 17 18 19 20 35 36 37 38 39 40 41 42 43 44 45 46 47 48 49 50 51 52 53 54 55 56 57 58 59 60 61 62 63 64 65 66 67 68 0 1 2 3 4 5 6 7 8 9 10 11 69 70 71 72 73 74 75 76 77 78 79 80 81 82 83 84 85 86 87 88 59 60 61 62 63 64 65 66 67 68 89 90 91 92 93 94 95 96 97 98 99 37 38 39 40 41 42 43 73 74 75 53 54 55 56 57 58 27 28 29 30 31 32 33 34 51 52 69 70 71 72 89 90 91 92 93 94 95 96 97 98 99 76 77 78 79 80 81 82 83 84 85 86 87 88 44 45 46 47 48 49 50 
51775
15
7 10 6 11 8 6 12 3 2 4 3 7 2 6 13 
29 31 14 44 14 13 2 34 19 33 6 27 29 30 37 
70 44 17 63 56 20 31 50 21 62 16 44 56 51 64 
590 697 566 487 241 480 274 963 456 813 292 878 591 451 451 
6 6 6 6 6 6 6 6 6 6 6 6 10 10 10 5 5 5 5 5 5 2 2 2 2 2 2 4 4 4 4 4 4 4 4 10 10 10 2 2 2 2 2 2 8 8 5 5 5 5 5 5 8 8 11 11 11 11 11 11 11 0 0 0 0 0 0 0 12 12 13 13 13 13 13 13 1 1 1 1 1 1 1 1 1 1 6 6 6 6 6 6 6 6 6 6 6 6 9 9 9 9 7 7 7 14 14 14 14 14 14 14 14 14 14 14 14 14 1 1 1 1 1 1 1 1 1 1 3 3 3 3 3 3 3 3 3 3 3 11 11 11 11 11 11 11 7 7 7 13 13 13 13 13 13 4 4 4 4 4 4 4 4 12 12 9 9 9 9 3 3 3 3 3 3 3 3 3 3 3 14 14 14 14 14 14 14 14 14 14 14 14 14 0 0 0 0 0 0 0 