950
100
2
1 1 3 3 3 3 3 3 7 7 10 10 10 10 10 10 12 12 12 12 13 13 14 14 14 14 14 14 14 14 14 14 14 14 14 14 14 15 15 15 15 15 15 15 15 17 17 17 17 18 18 18 18 18 18 18 18 18 18 18 18 18 20 21 21 21 21 21 21 21 21 22 22 22 22 22 22 22 22 22 22 24 24 24 24 24 24 24 24 24 24 24 24 24 24 28 28 28 28 28 30 30 30 30 30 30 33 33 38 38 38 38 41 41 41 41 41 41 41 41 42 42 42 42 42 47 47 47 47 47 47 47 47 48 53 53 55 55 55 55 55 55 55 55 55 55 55 55 55 56 56 56 56 56 56 59 59 59 59 59 59 59 61 61 61 61 61 61 61 61 62 62 62 62 62 62 62 63 63 63 63 63 68 68 68 68 68 68 68 68 68 68 68 68 68 69 69 69 69 69 
134 135 112 113 114 115 116 117 104 105 37 38 39 40 41 42 45 46 47 48 43 44 133 81 82 83 84 85 86 87 88 89 90 91 92 93 94 10 11 12 13 14 15 20 21 16 17 18 19 142 143 144 145 146 147 148 65 66 67 68 69 70 154 118 119 56 57 58 59 60 61 170 171 172 173 174 175 176 195 196 197 23 24 25 26 27 28 29 30 31 32 33 34 35 36 149 150 151 152 153 108 109 110 111 8 9 198 199 100 101 102 103 2 3 4 5 6 7 63 64 177 178 179 180 181 162 163 164 165 166 167 168 169 22 0 1 182 183 184 185 186 187 49 50 51 52 53 54 55 95 96 97 98 99 62 188 189 190 191 192 193 194 125 126 127 128 129 130 131 132 71 72 73 74 75 76 77 120 121 122 123 124 136 137 138 139 140 141 155 156 157 158 159 160 161 78 79 80 106 107 
277 277 975 975 975 975 975 975 299 299 804 804 804 804 804 804 449 449 449 449 510 510 557 895 895 895 895 895 895 895 895 895 895 895 895 895 895 804 804 804 804 804 804 510 510 449 449 449 449 303 303 303 303 303 303 303 675 675 675 675 675 675 954 430 430 675 675 675 675 675 675 784 784 784 784 784 784 784 1000 1000 1000 895 895 895 895 895 895 895 895 895 895 895 895 895 895 977 977 977 977 977 421 421 421 421 299 299 248 248 421 421 421 421 975 975 975 975 975 975 430 430 307 307 307 307 307 181 181 181 181 181 181 181 181 557 277 277 790 790 790 790 790 790 303 303 303 303 303 303 303 977 977 977 977 977 954 706 706 706 706 706 706 706 181 181 181 181 181 181 181 181 784 784 784 784 784 784 784 307 307 307 307 307 790 790 790 790 790 790 706 706 706 706 706 706 706 1000 1000 1000 248 248 
0 1 2 3 4 5 6 7 8 9 10 11 12 13 14 15 16 17 18 19 20 21 22 23 24 25 26 27 28 29 30 31 32 33 34 35 36 10 11 12 13 14 15 20 21 16 17 18 19 37 38 39 40 41 42 43 44 45 46 47 48 49 50 51 52 44 45 46 47 48 49 53 54 55 56 57 58 59 60 61 62 23 24 25 26 27 28 29 30 31 32 33 34 35 36 63 64 65 66 67 68 69 70 71 8 9 72 73 68 69 70 71 2 3 4 5 6 7 51 52 74 75 76 77 78 79 80 81 82 83 84 85 86 22 0 1 87 88 89 90 91 92 37 38 39 40 41 42 43 63 64 65 66 67 50 93 94 95 96 97 98 99 79 80 81 82 83 84 85 86 53 54 55 56 57 58 59 74 75 76 77 78 87 88 89 90 91 92 93 94 95 96 97 98 99 60 61 62 72 73 
63932
21
7 5 6 3 2 4 2 1 6 7 2 7 6 1 2 6 8 2 4 5 14 
22 28 3 22 21 30 33 20 55 59 7 18 18 14 1 10 47 13 12 42 14 
62 56 41 69 41 38 69 56 68 68 30 55 21 48 53 15 61 15 17 63 24 
784 977 975 1000 430 421 248 954 790 706 299 303 675 557 277 804 181 510 449 307 895 
14 14 2 2 2 2 2 2 10 10 15 15 15 15 15 15 18 18 18 18 17 17 13 20 20 20 20 20 20 20 20 20 20 20 20 20 20 15 15 15 15 15 15 17 17 18 18 18 18 11 11 11 11 11 11 11 12 12 12 12 12 12 7 4 4 12 12 12 12 12 12 0 0 0 0 0 0 0 3 3 3 20 20 20 20 20 20 20 20 20 20 20 20 20 20 1 1 1 1 1 5 5 5 5 10 10 6 6 5 5 5 5 2 2 2 2 2 2 4 4 19 19 19 19 19 16 16 16 16 16 16 16 16 13 14 14 8 8 8 8 8 8 11 11 11 11 11 11 11 1 1 1 1 1 7 9 9 9 9 9 9 9 16 16 16 16 16 16 16 16 0 0 0 0 0 0 0 19 19 19 19 19 8 8 8 8 8 8 9 9 9 9 9 9 9 3 3 3 6 6 