341
100
2
1 1 1 1 1 1 1 3 4 4 4 4 4 4 6 6 10 10 10 10 11 11 11 11 11 12 13 13 13 13 13 13 13 13 13 13 15 15 15 15 15 15 15 15 15 15 15 15 15 15 16 16 16 17 17 17 18 18 18 18 18 18 18 18 18 18 19 19 19 19 21 22 22 22 22 26 26 26 26 26 26 29 29 29 29 29 29 35 35 35 37 38 38 38 38 38 38 38 39 39 41 41 41 41 41 42 42 42 42 42 42 42 42 42 42 42 42 42 48 48 48 48 48 48 49 50 50 50 50 51 52 52 53 53 53 53 53 53 53 54 54 56 56 56 57 57 57 57 58 58 59 59 59 59 59 59 59 59 59 59 59 59 59 59 59 59 59 59 59 59 64 64 64 64 64 64 64 64 64 64 64 64 64 64 64 64 64 64 64 64 64 64 64 66 66 69 69 69 69 69 
81 82 83 84 174 175 176 90 112 113 114 115 116 117 100 101 125 126 127 128 195 196 197 198 199 70 94 95 96 97 31 30 33 32 35 34 53 54 55 148 149 91 92 93 60 61 62 63 64 65 132 139 140 36 37 38 150 151 152 153 44 45 46 47 48 49 170 171 172 173 25 144 145 146 147 133 134 135 136 137 138 0 1 2 3 122 123 109 110 111 7 41 42 43 26 27 28 29 193 194 14 15 141 142 143 118 119 120 121 87 88 89 8 9 10 11 12 13 105 106 107 108 85 86 131 16 17 18 19 130 129 124 50 75 76 77 78 79 80 51 52 102 103 104 71 72 73 74 39 40 56 57 58 59 177 178 179 180 181 182 183 184 185 186 187 188 189 190 191 192 66 67 68 69 4 5 6 154 155 156 157 158 159 160 161 162 163 164 165 166 167 168 169 98 99 20 21 22 23 24 
386 386 386 386 310 310 310 288 567 567 567 567 567 567 282 282 199 199 199 199 970 970 970 970 970 690 383 383 383 383 718 718 718 718 718 718 324 324 324 908 908 979 979 979 930 930 930 930 930 930 150 899 899 324 324 324 212 212 212 212 930 930 930 930 930 930 481 481 481 481 690 515 515 515 515 513 513 513 513 513 513 386 386 386 386 439 439 357 357 357 288 979 979 979 383 383 383 383 882 882 282 282 319 319 319 934 934 934 934 357 357 357 567 567 567 567 567 567 934 934 934 934 439 439 274 199 199 199 199 473 473 274 150 513 513 513 513 513 513 899 899 319 319 319 515 515 515 515 908 908 212 212 212 212 526 526 526 526 526 526 526 526 526 526 526 526 526 526 526 526 481 481 481 481 310 310 310 526 526 526 526 526 526 526 526 526 526 526 526 526 526 526 526 882 882 970 970 970 970 970 
0 1 2 3 4 5 6 7 8 9 10 11 12 13 14 15 16 17 18 19 20 21 22 23 24 25 26 27 28 29 30 30 31 31 32 32 33 34 35 36 37 38 39 40 41 42 43 44 45 46 47 48 49 33 34 35 50 51 52 53 41 42 43 44 45 46 54 55 56 57 25 58 59 60 61 62 63 64 65 66 67 0 1 2 3 68 69 70 71 72 7 38 39 40 26 27 28 29 73 74 14 15 75 76 77 78 79 80 81 70 71 72 8 9 10 11 12 13 78 79 80 81 68 69 82 16 17 18 19 83 83 82 47 62 63 64 65 66 67 48 49 75 76 77 58 59 60 61 36 37 50 51 52 53 84 85 86 87 88 89 90 91 92 93 94 95 96 97 98 99 54 55 56 57 4 5 6 84 85 86 87 88 89 90 91 92 93 94 95 96 97 98 99 73 74 20 21 22 23 24 
55482
28
1 4 3 4 2 4 3 1 6 4 2 3 2 4 6 2 4 1 2 3 1 6 5 3 1 4 3 16 
12 42 15 22 39 18 35 16 4 1 15 15 16 13 26 29 19 51 6 41 3 15 11 13 49 10 1 59 
21 48 17 57 66 59 42 53 42 29 58 38 54 38 53 48 64 52 41 56 37 18 69 13 52 50 64 64 
690 934 324 515 882 212 357 150 567 386 908 979 899 383 513 439 481 473 282 319 288 930 970 718 274 199 310 526 
9 9 9 9 26 26 26 20 8 8 8 8 8 8 18 18 25 25 25 25 22 22 22 22 22 0 13 13 13 13 23 23 23 23 23 23 2 2 2 10 10 11 11 11 21 21 21 21 21 21 7 12 12 2 2 2 5 5 5 5 21 21 21 21 21 21 16 16 16 16 0 3 3 3 3 14 14 14 14 14 14 9 9 9 9 15 15 6 6 6 20 11 11 11 13 13 13 13 4 4 18 18 19 19 19 1 1 1 1 6 6 6 8 8 8 8 8 8 1 1 1 1 15 15 24 25 25 25 25 17 17 24 7 14 14 14 14 14 14 12 12 19 19 19 3 3 3 3 10 10 5 5 5 5 27 27 27 27 27 27 27 27 27 27 27 27 27 27 27 27 16 16 16 16 26 26 26 27 27 27 27 27 27 27 27 27 27 27 27 27 27 27 27 4 4 22 22 22 22 22 