632
100
2
1 1 1 1 1 1 1 1 1 1 1 3 3 3 3 3 3 3 4 4 4 4 4 4 4 5 5 5 5 5 5 5 5 5 5 5 5 5 5 5 5 5 8 8 8 8 8 8 8 16 16 16 16 16 18 18 18 18 18 18 18 18 18 18 18 19 19 19 19 19 25 25 25 25 25 25 26 26 26 26 33 33 33 33 33 33 33 33 33 33 33 33 33 37 37 37 37 37 37 37 37 37 37 39 39 39 39 44 44 44 44 44 44 44 44 44 44 47 47 47 47 47 47 49 49 49 49 49 49 49 49 49 49 49 49 49 50 50 50 50 50 50 50 50 50 50 50 50 50 50 50 50 50 50 50 50 50 50 50 50 52 52 52 52 52 52 52 52 52 52 52 52 52 52 60 60 60 60 60 60 60 60 61 61 61 61 61 61 61 61 61 61 61 61 61 70 70 70 70 70 
54 55 56 57 58 59 60 61 62 63 64 25 26 27 28 29 30 31 42 43 44 45 46 47 48 11 12 13 14 15 16 17 107 108 109 110 111 112 113 114 115 116 18 19 20 21 22 23 24 195 196 197 198 199 0 1 2 3 4 5 6 7 8 9 10 182 183 184 185 186 117 118 119 120 121 122 103 104 105 106 123 124 125 126 127 128 129 130 131 132 133 134 135 136 137 138 139 140 141 142 143 144 145 76 77 78 79 32 33 34 35 36 37 38 39 40 41 70 71 72 73 74 75 80 81 82 83 84 85 86 87 88 89 90 91 92 93 94 95 96 97 98 99 100 101 102 160 161 162 163 164 165 166 167 168 169 170 171 172 173 146 147 148 149 150 151 152 153 154 155 156 157 158 159 187 188 189 190 191 192 193 194 65 66 67 68 69 174 175 176 177 178 179 180 181 49 50 51 52 53 
298 298 298 298 298 298 298 298 298 298 298 951 951 951 951 951 951 951 781 781 781 781 781 781 781 951 951 951 951 951 951 951 789 789 789 789 789 789 789 789 789 789 781 781 781 781 781 781 781 491 491 491 491 491 298 298 298 298 298 298 298 298 298 298 298 516 516 516 516 516 303 303 303 303 303 303 335 335 335 335 264 264 264 264 264 264 264 264 264 264 264 264 264 709 709 709 709 709 709 709 709 709 709 335 335 335 335 789 789 789 789 789 789 789 789 789 789 303 303 303 303 303 303 264 264 264 264 264 264 264 264 264 264 264 264 264 709 709 709 709 709 709 709 709 709 709 360 360 360 360 360 360 360 360 360 360 360 360 360 360 360 360 360 360 360 360 360 360 360 360 360 360 360 360 214 214 214 214 214 214 214 214 516 516 516 516 516 214 214 214 214 214 214 214 214 491 491 491 491 491 
0 1 2 3 4 5 6 7 8 9 10 11 12 13 14 15 16 17 18 19 20 21 22 23 24 11 12 13 14 15 16 17 25 26 27 28 29 30 31 32 33 34 18 19 20 21 22 23 24 35 36 37 38 39 0 1 2 3 4 5 6 7 8 9 10 40 41 42 43 44 45 46 47 48 49 50 51 52 53 54 55 56 57 58 59 60 61 62 63 64 65 66 67 68 69 70 71 72 73 74 75 76 77 51 52 53 54 25 26 27 28 29 30 31 32 33 34 45 46 47 48 49 50 55 56 57 58 59 60 61 62 63 64 65 66 67 68 69 70 71 72 73 74 75 76 77 78 79 80 81 82 83 84 85 86 87 88 89 90 91 78 79 80 81 82 83 84 85 86 87 88 89 90 91 92 93 94 95 96 97 98 99 40 41 42 43 44 92 93 94 95 96 97 98 99 35 36 37 38 39 
48759
12
11 5 5 6 4 7 10 14 8 7 13 10 
1 19 16 25 26 4 37 50 60 3 33 5 
18 61 70 47 39 8 50 52 61 5 49 44 
298 516 491 303 335 781 709 360 214 951 264 789 
0 0 0 0 0 0 0 0 0 0 0 9 9 9 9 9 9 9 5 5 5 5 5 5 5 9 9 9 9 9 9 9 11 11 11 11 11 11 11 11 11 11 5 5 5 5 5 5 5 2 2 2 2 2 0 0 0 0 0 0 0 0 0 0 0 1 1 1 1 1 3 3 3 3 3 3 4 4 4 4 10 10 10 10 10 10 10 10 10 10 10 10 10 6 6 6 6 6 6 6 6 6 6 4 4 4 4 11 11 11 11 11 11 11 11 11 11 3 3 3 3 3 3 10 10 10 10 10 10 10 10 10 10 10 10 10 6 6 6 6 6 6 6 6 6 6 7 7 7 7 7 7 7 7 7 7 7 7 7 7 7 7 7 7 7 7 7 7 7 7 7 7 7 7 8 8 8 8 8 8 8 8 1 1 1 1 1 8 8 8 8 8 8 8 8 2 2 2 2 2 