628
100
2
2 2 2 4 4 4 4 4 4 4 4 4 4 4 4 4 4 4 4 6 6 6 6 6 6 7 7 7 7 7 7 14 14 14 14 14 14 14 14 16 16 16 16 16 16 16 16 16 16 16 18 18 19 19 19 21 21 21 21 21 21 21 21 21 21 21 21 23 23 25 25 25 25 25 25 25 26 26 26 26 26 26 31 31 31 34 34 34 39 39 39 39 39 39 41 41 41 41 41 41 41 41 42 42 42 42 42 42 42 42 42 42 42 42 42 42 42 42 43 43 43 43 43 43 43 43 43 43 43 43 43 43 43 43 47 47 47 47 47 47 48 48 48 52 52 52 52 52 52 52 53 53 53 53 53 54 54 54 54 54 54 55 55 55 56 56 56 58 58 58 58 58 60 62 62 62 64 64 64 64 64 64 64 64 64 66 66 66 66 66 66 66 66 70 70 70 70 70 70 70 
140 141 142 4 3 6 5 8 7 10 9 12 11 14 13 16 15 18 17 155 156 157 158 159 160 88 89 90 91 92 93 185 186 187 188 189 190 191 192 172 102 103 94 95 96 97 98 99 100 101 153 154 82 83 84 167 168 169 170 171 143 144 145 146 147 148 149 118 119 193 194 195 196 197 198 199 85 86 87 150 151 152 52 53 54 76 77 78 25 26 27 28 29 30 42 43 44 45 46 47 48 49 40 41 120 121 122 123 124 125 126 127 128 129 130 131 132 133 67 68 104 105 106 107 108 109 110 111 112 113 114 115 116 117 179 180 181 182 183 184 0 1 2 60 61 62 63 64 65 66 79 80 81 50 51 19 20 21 22 23 24 176 177 178 173 174 175 55 56 57 58 59 39 164 165 166 161 162 163 134 135 136 137 138 139 31 32 33 34 35 36 37 38 69 70 71 72 73 74 75 
283 283 283 700 700 700 700 700 700 700 700 700 700 700 700 700 700 700 700 317 317 317 317 317 317 586 586 586 586 586 586 623 623 623 623 623 623 623 623 177 782 782 212 212 212 212 212 212 212 212 881 881 686 686 686 347 347 347 347 347 389 389 389 389 389 389 389 495 495 950 950 950 950 950 950 950 819 819 819 335 335 335 686 686 686 819 819 819 586 586 586 586 586 586 212 212 212 212 212 212 212 212 782 782 327 327 327 327 327 327 327 327 327 327 327 327 327 327 495 495 327 327 327 327 327 327 327 327 327 327 327 327 327 327 848 848 848 848 848 848 283 283 283 389 389 389 389 389 389 389 335 335 335 881 881 317 317 317 317 317 317 735 735 735 594 594 594 347 347 347 347 347 177 594 594 594 735 735 735 848 848 848 848 848 848 623 623 623 623 623 623 623 623 950 950 950 950 950 950 950 
0 1 2 3 3 4 4 5 5 6 6 7 7 8 8 9 9 10 10 11 12 13 14 15 16 17 18 19 20 21 22 23 24 25 26 27 28 29 30 31 32 33 34 35 36 37 38 39 40 41 42 43 44 45 46 47 48 49 50 51 52 53 54 55 56 57 58 59 60 61 62 63 64 65 66 67 68 69 70 71 72 73 44 45 46 68 69 70 17 18 19 20 21 22 34 35 36 37 38 39 40 41 32 33 74 75 76 77 78 79 80 81 82 83 84 85 86 87 59 60 74 75 76 77 78 79 80 81 82 83 84 85 86 87 88 89 90 91 92 93 0 1 2 52 53 54 55 56 57 58 71 72 73 42 43 11 12 13 14 15 16 94 95 96 97 98 99 47 48 49 50 51 31 97 98 99 94 95 96 88 89 90 91 92 93 23 24 25 26 27 28 29 30 61 62 63 64 65 66 67 
53321
20
3 1 3 8 5 7 7 6 2 3 6 3 2 8 6 3 8 2 3 14 
55 16 19 14 21 21 25 7 16 56 6 26 23 4 47 26 16 18 2 42 
64 60 31 66 58 52 70 39 42 62 54 34 43 4 64 53 41 53 48 43 
735 177 686 623 347 389 950 586 782 594 317 819 495 700 848 335 212 881 283 327 
18 18 18 13 13 13 13 13 13 13 13 13 13 13 13 13 13 13 13 10 10 10 10 10 10 7 7 7 7 7 7 3 3 3 3 3 3 3 3 1 8 8 16 16 16 16 16 16 16 16 17 17 2 2 2 4 4 4 4 4 5 5 5 5 5 5 5 12 12 6 6 6 6 6 6 6 11 11 11 15 15 15 2 2 2 11 11 11 7 7 7 7 7 7 16 16 16 16 16 16 16 16 8 8 19 19 19 19 19 19 19 19 19 19 19 19 19 19 12 12 19 19 19 19 19 19 19 19 19 19 19 19 19 19 14 14 14 14 14 14 18 18 18 5 5 5 5 5 5 5 15 15 15 17 17 10 10 10 10 10 10 0 0 0 9 9 9 4 4 4 4 4 1 9 9 9 0 0 0 14 14 14 14 14 14 3 3 3 3 3 3 3 3 6 6 6 6 6 6 6 