506
100
2
2 2 2 2 2 3 3 3 3 3 3 3 3 3 3 3 3 3 3 6 6 6 6 6 6 6 8 8 8 8 8 8 8 10 10 10 10 11 11 13 13 13 13 13 13 13 13 14 14 14 14 14 15 15 15 15 15 15 15 22 22 22 25 25 25 25 26 26 26 26 26 26 26 29 29 29 29 29 29 30 30 30 30 30 41 41 41 41 41 41 41 42 42 43 43 44 44 44 44 44 44 44 44 44 44 44 44 44 44 44 44 44 44 44 44 44 45 45 45 45 45 45 45 45 45 47 47 47 47 48 48 48 50 50 50 50 50 50 50 52 52 52 54 54 54 55 55 55 56 56 56 56 56 56 56 58 58 58 58 58 58 58 58 58 58 60 60 60 60 60 60 60 60 60 60 61 61 61 61 64 64 64 64 66 66 66 66 66 66 66 66 66 66 66 67 67 67 67 67 67 
39 40 41 42 43 52 53 54 55 56 57 58 148 149 150 151 152 153 154 66 67 68 69 70 71 72 155 156 157 158 159 160 161 87 88 89 90 93 94 0 1 2 3 4 129 130 131 91 92 162 163 164 5 6 7 8 9 10 11 172 173 174 125 126 127 128 19 20 21 22 23 24 25 95 96 97 98 99 100 120 121 122 123 124 139 140 141 33 34 35 36 47 48 37 38 73 74 75 76 77 78 175 176 177 178 183 184 185 186 187 188 189 190 191 192 193 179 180 181 182 79 80 81 82 83 62 63 64 65 44 45 46 165 166 167 168 169 170 171 84 85 86 197 198 199 194 195 196 12 13 14 15 16 17 18 26 27 28 29 30 31 32 49 50 51 132 133 134 135 136 137 138 59 60 61 101 102 103 104 116 117 118 119 105 106 107 108 109 110 111 112 113 114 115 145 146 147 142 143 144 
981 981 981 981 981 368 368 368 368 368 368 368 497 497 497 497 497 497 497 927 927 927 927 927 927 927 789 789 789 789 789 789 789 526 526 526 526 442 442 981 981 981 981 981 645 645 645 553 553 754 754 754 368 368 368 368 368 368 368 375 375 375 697 697 697 697 927 927 927 927 927 927 927 187 187 187 187 187 187 401 401 401 401 401 327 327 327 526 526 526 526 553 553 442 442 187 187 187 187 187 187 913 913 913 913 999 999 999 999 999 999 999 999 999 999 999 730 730 730 730 401 401 401 401 401 697 697 697 697 645 645 645 657 657 657 657 657 657 657 327 327 327 854 854 854 545 545 545 497 497 497 497 497 497 497 789 789 789 789 789 789 789 754 754 754 657 657 657 657 657 657 657 375 375 375 913 913 913 913 730 730 730 730 999 999 999 999 999 999 999 999 999 999 999 545 545 545 854 854 854 
0 1 2 3 4 5 6 7 8 9 10 11 12 13 14 15 16 17 18 19 20 21 22 23 24 25 26 27 28 29 30 31 32 33 34 35 36 37 38 0 1 2 3 4 39 40 41 42 43 44 45 46 5 6 7 8 9 10 11 47 48 49 50 51 52 53 19 20 21 22 23 24 25 54 55 56 57 58 59 60 61 62 63 64 65 66 67 33 34 35 36 42 43 37 38 54 55 56 57 58 59 68 69 70 71 72 73 74 75 76 77 78 79 80 81 82 83 84 85 86 60 61 62 63 64 50 51 52 53 39 40 41 87 88 89 90 91 92 93 65 66 67 94 95 96 97 98 99 12 13 14 15 16 17 18 26 27 28 29 30 31 32 44 45 46 87 88 89 90 91 92 93 47 48 49 68 69 70 71 83 84 85 86 72 73 74 75 76 77 78 79 80 81 82 97 98 99 94 95 96 
65641
21
2 4 5 4 7 3 6 3 7 7 4 7 4 3 2 3 3 3 5 7 11 
11 25 2 45 6 41 29 55 50 8 10 3 44 13 14 54 14 22 30 3 44 
43 47 13 64 26 52 44 67 60 58 41 15 61 48 42 67 58 60 45 56 66 
442 697 981 730 927 327 187 545 657 789 526 368 913 645 553 854 754 375 401 497 999 
2 2 2 2 2 11 11 11 11 11 11 11 19 19 19 19 19 19 19 4 4 4 4 4 4 4 9 9 9 9 9 9 9 10 10 10 10 0 0 2 2 2 2 2 13 13 13 14 14 16 16 16 11 11 11 11 11 11 11 17 17 17 1 1 1 1 4 4 4 4 4 4 4 6 6 6 6 6 6 18 18 18 18 18 5 5 5 10 10 10 10 14 14 0 0 6 6 6 6 6 6 12 12 12 12 20 20 20 20 20 20 20 20 20 20 20 3 3 3 3 18 18 18 18 18 1 1 1 1 13 13 13 8 8 8 8 8 8 8 5 5 5 15 15 15 7 7 7 19 19 19 19 19 19 19 9 9 9 9 9 9 9 16 16 16 8 8 8 8 8 8 8 17 17 17 12 12 12 12 3 3 3 3 20 20 20 20 20 20 20 20 20 20 20 7 7 7 15 15 15 