390
100
2
2 2 2 2 8 8 8 8 8 8 8 8 8 8 8 10 10 10 10 10 10 10 10 10 10 10 11 11 11 11 12 12 12 12 12 12 12 12 12 12 12 12 13 13 13 13 13 13 13 16 16 16 17 17 17 17 17 17 17 20 20 21 21 22 22 22 22 25 25 25 25 25 25 25 27 27 27 27 27 27 28 28 29 29 29 29 29 29 29 29 29 29 29 29 29 29 29 29 29 29 33 33 33 33 35 36 36 36 36 36 36 36 36 36 36 36 38 38 38 38 38 38 38 41 41 41 41 41 41 41 41 41 41 41 41 41 41 41 43 44 44 44 44 44 44 44 45 45 47 47 47 47 48 48 50 50 50 50 50 50 50 50 50 50 50 50 50 50 50 51 51 51 51 51 51 51 51 51 51 51 51 51 51 51 55 55 55 55 55 55 55 62 62 62 62 64 64 64 67 67 
100 101 102 103 35 36 37 38 39 40 41 76 77 78 79 49 50 51 161 162 163 164 165 166 167 168 191 192 193 194 87 88 89 90 91 4 5 6 7 8 9 10 184 185 186 187 188 189 190 15 16 17 139 140 141 142 143 144 145 152 153 159 160 148 149 150 151 116 117 118 119 120 121 122 146 147 11 12 13 14 198 199 154 155 156 157 158 30 31 32 33 34 108 109 110 111 112 113 114 115 0 1 2 3 138 195 196 197 92 93 94 95 96 97 98 99 67 68 69 70 71 72 73 169 170 171 172 173 174 175 176 177 178 179 180 181 182 183 104 52 53 54 55 56 57 58 74 75 63 64 65 66 59 60 82 83 84 85 86 61 62 18 19 20 21 22 23 24 25 123 124 125 126 127 128 129 130 131 132 133 134 135 136 137 42 43 44 45 46 47 48 26 27 28 29 105 106 107 80 81 
996 996 996 996 629 629 629 629 629 629 629 866 866 866 866 975 975 975 738 738 738 738 738 738 738 738 864 864 864 864 961 961 961 961 961 629 629 629 629 629 629 629 282 282 282 282 282 282 282 975 975 975 338 338 338 338 338 338 338 848 848 220 220 758 758 758 758 589 589 589 589 589 589 589 582 582 866 866 866 866 727 727 406 406 406 406 406 961 961 961 961 961 825 825 825 825 825 825 825 825 996 996 996 996 992 867 867 867 825 825 825 825 825 825 825 825 589 589 589 589 589 589 589 668 668 668 668 668 668 668 668 668 668 668 668 668 668 668 992 338 338 338 338 338 338 338 582 582 758 758 758 758 848 848 406 406 406 406 406 220 220 738 738 738 738 738 738 738 738 668 668 668 668 668 668 668 668 668 668 668 668 668 668 668 282 282 282 282 282 282 282 864 864 864 864 867 867 867 727 727 
0 1 2 3 4 5 6 7 8 9 10 11 12 13 14 15 16 17 18 19 20 21 22 23 24 25 26 27 28 29 30 31 32 33 34 4 5 6 7 8 9 10 35 36 37 38 39 40 41 15 16 17 42 43 44 45 46 47 48 49 50 51 52 53 54 55 56 57 58 59 60 61 62 63 64 65 11 12 13 14 66 67 68 69 70 71 72 30 31 32 33 34 73 74 75 76 77 78 79 80 0 1 2 3 81 82 83 84 73 74 75 76 77 78 79 80 57 58 59 60 61 62 63 85 86 87 88 89 90 91 92 93 94 95 96 97 98 99 81 42 43 44 45 46 47 48 64 65 53 54 55 56 49 50 68 69 70 71 72 51 52 18 19 20 21 22 23 24 25 85 86 87 88 89 90 91 92 93 94 95 96 97 98 99 35 36 37 38 39 40 41 26 27 28 29 82 83 84 66 67 
67433
20
2 3 5 1 2 3 2 7 7 4 4 5 8 7 7 4 2 8 4 15 
28 10 29 35 21 36 27 25 13 2 11 12 29 8 17 22 20 10 8 41 
67 16 50 43 50 64 45 38 55 33 62 29 36 12 44 47 48 50 27 51 
727 975 406 992 220 867 582 589 282 996 864 961 825 629 338 758 848 738 866 668 
9 9 9 9 13 13 13 13 13 13 13 18 18 18 18 1 1 1 17 17 17 17 17 17 17 17 10 10 10 10 11 11 11 11 11 13 13 13 13 13 13 13 8 8 8 8 8 8 8 1 1 1 14 14 14 14 14 14 14 16 16 4 4 15 15 15 15 7 7 7 7 7 7 7 6 6 18 18 18 18 0 0 2 2 2 2 2 11 11 11 11 11 12 12 12 12 12 12 12 12 9 9 9 9 3 5 5 5 12 12 12 12 12 12 12 12 7 7 7 7 7 7 7 19 19 19 19 19 19 19 19 19 19 19 19 19 19 19 3 14 14 14 14 14 14 14 6 6 15 15 15 15 16 16 2 2 2 2 2 4 4 17 17 17 17 17 17 17 17 19 19 19 19 19 19 19 19 19 19 19 19 19 19 19 8 8 8 8 8 8 8 10 10 10 10 5 5 5 0 0 