988
100
2
1 1 1 1 1 2 2 3 3 3 3 3 3 3 3 3 3 3 3 3 3 3 3 3 3 3 3 5 5 5 5 5 5 5 5 5 5 5 6 6 6 8 8 8 8 8 8 8 8 8 8 8 8 11 11 11 18 18 18 18 18 18 18 18 18 18 18 18 18 26 26 26 26 26 26 26 26 26 26 26 30 30 30 30 30 30 33 33 33 33 33 33 33 33 33 33 33 33 33 33 33 33 33 35 35 35 35 35 35 35 35 35 35 35 35 35 39 39 40 40 40 43 43 43 44 44 44 44 44 44 44 44 44 44 44 45 45 45 46 46 46 46 46 46 46 48 48 48 54 54 54 54 54 54 54 54 54 54 54 54 54 54 54 54 54 56 56 56 56 56 56 57 57 57 57 57 57 59 59 59 59 59 59 59 59 59 59 59 59 60 60 60 66 66 66 67 67 67 69 69 
75 76 77 78 79 198 199 43 44 45 86 87 88 89 90 91 92 93 94 95 96 97 98 99 100 101 102 177 178 179 180 181 56 57 58 59 60 61 192 193 194 116 117 7 8 9 103 104 105 106 107 108 109 121 122 123 32 33 34 35 36 37 182 183 184 185 186 187 188 80 81 82 83 84 85 0 1 2 3 4 69 70 71 72 73 74 10 11 12 13 14 15 16 17 18 19 20 21 22 23 24 25 26 46 47 48 49 50 51 52 159 160 161 162 163 164 41 42 142 143 144 53 54 55 165 166 167 168 169 170 148 149 150 151 152 195 196 197 139 138 141 140 118 119 120 189 190 191 130 131 132 133 134 171 172 173 174 175 176 110 111 112 113 114 115 124 125 126 127 128 129 153 154 155 156 157 158 27 28 29 30 31 62 63 64 65 66 67 68 145 146 147 38 39 40 135 136 137 5 6 
859 859 859 859 859 655 655 335 335 335 603 603 603 603 603 603 603 603 603 603 603 603 603 603 603 603 603 980 980 980 980 980 975 975 975 975 975 975 559 559 559 729 729 335 335 335 702 702 702 702 702 702 702 301 301 301 975 975 975 975 975 975 716 716 716 716 716 716 716 169 169 169 169 169 169 859 859 859 859 859 169 169 169 169 169 169 603 603 603 603 603 603 603 603 603 603 603 603 603 603 603 603 603 702 702 702 702 702 702 702 585 585 585 585 585 585 729 729 182 182 182 301 301 301 612 612 612 612 612 612 696 696 696 696 696 989 989 989 222 222 222 222 182 182 182 589 589 589 696 696 696 696 696 218 218 218 218 218 218 585 585 585 585 585 585 612 612 612 612 612 612 218 218 218 218 218 218 980 980 980 980 980 716 716 716 716 716 716 716 589 589 589 559 559 559 989 989 989 655 655 
0 1 2 3 4 5 6 7 8 9 10 11 12 13 14 15 16 17 18 19 20 21 22 23 24 25 26 27 28 29 30 31 32 33 34 35 36 37 38 39 40 41 42 7 8 9 43 44 45 46 47 48 49 50 51 52 32 33 34 35 36 37 53 54 55 56 57 58 59 60 61 62 63 64 65 0 1 2 3 4 60 61 62 63 64 65 10 11 12 13 14 15 16 17 18 19 20 21 22 23 24 25 26 43 44 45 46 47 48 49 66 67 68 69 70 71 41 42 72 73 74 50 51 52 75 76 77 78 79 80 81 82 83 84 85 86 87 88 89 89 90 90 72 73 74 91 92 93 81 82 83 84 85 94 95 96 97 98 99 66 67 68 69 70 71 75 76 77 78 79 80 94 95 96 97 98 99 27 28 29 30 31 53 54 55 56 57 58 59 91 92 93 38 39 40 86 87 88 5 6 
60283
20
3 3 5 3 6 2 6 2 5 6 2 5 7 6 3 7 3 3 6 17 
11 45 5 48 44 46 26 8 44 5 2 1 18 54 3 8 40 6 35 3 
43 67 59 60 56 46 30 39 54 18 69 26 59 57 8 35 46 66 54 33 
301 989 980 589 612 222 169 729 696 975 655 859 716 218 335 702 182 559 585 603 
11 11 11 11 11 10 10 14 14 14 19 19 19 19 19 19 19 19 19 19 19 19 19 19 19 19 19 2 2 2 2 2 9 9 9 9 9 9 17 17 17 7 7 14 14 14 15 15 15 15 15 15 15 0 0 0 9 9 9 9 9 9 12 12 12 12 12 12 12 6 6 6 6 6 6 11 11 11 11 11 6 6 6 6 6 6 19 19 19 19 19 19 19 19 19 19 19 19 19 19 19 19 19 15 15 15 15 15 15 15 18 18 18 18 18 18 7 7 16 16 16 0 0 0 4 4 4 4 4 4 8 8 8 8 8 1 1 1 5 5 5 5 16 16 16 3 3 3 8 8 8 8 8 13 13 13 13 13 13 18 18 18 18 18 18 4 4 4 4 4 4 13 13 13 13 13 13 2 2 2 2 2 12 12 12 12 12 12 12 3 3 3 17 17 17 1 1 1 10 10 