554
100
2
1 1 1 2 2 2 2 6 6 6 6 6 6 6 8 8 8 9 10 10 10 12 12 12 12 12 12 12 13 13 14 16 16 16 18 21 21 21 23 23 23 23 23 23 23 23 23 23 23 23 23 23 23 23 23 23 23 23 24 24 24 24 24 24 24 25 25 25 25 25 28 28 28 28 28 28 28 28 28 28 28 28 28 28 28 28 28 28 28 28 28 28 34 34 35 35 35 36 36 36 36 37 37 37 38 38 38 40 40 40 40 40 40 40 40 40 42 42 42 42 42 42 42 42 42 42 43 43 43 43 43 43 44 44 44 45 46 46 46 46 46 48 48 50 50 50 50 51 52 52 52 52 52 52 53 53 53 54 54 54 56 56 56 56 56 56 57 57 57 58 58 58 60 60 60 60 61 61 61 61 61 64 64 64 67 67 67 67 67 67 67 67 67 68 70 70 70 70 70 70 
123 124 125 24 25 26 27 194 195 196 197 67 68 69 35 36 37 34 21 22 23 18 19 20 3 4 5 6 65 66 147 143 144 145 17 14 15 16 72 73 74 75 76 77 78 79 80 81 82 83 84 85 86 87 88 89 90 91 176 177 178 179 180 164 165 28 29 11 12 13 198 199 38 39 40 41 42 43 44 45 46 47 48 49 50 51 52 53 54 55 56 57 129 130 157 158 159 112 113 114 115 169 170 171 187 188 189 136 137 138 139 140 97 98 99 100 148 149 150 151 190 191 192 0 1 2 166 167 168 92 93 135 181 182 183 131 107 108 109 110 111 152 153 31 32 33 193 30 116 117 118 119 141 142 184 185 186 94 95 96 172 173 174 175 63 64 126 127 128 101 102 103 160 161 162 163 58 59 60 61 62 132 133 134 154 155 156 104 105 106 120 121 122 146 7 8 9 10 70 71 
275 275 275 786 786 786 786 627 627 627 627 994 994 994 306 306 306 324 448 448 448 448 448 448 786 786 786 786 821 821 363 691 691 691 324 306 306 306 291 291 291 291 291 291 291 291 291 291 291 291 291 291 291 291 291 291 291 291 275 275 275 275 275 614 614 821 821 994 994 994 200 200 291 291 291 291 291 291 291 291 291 291 291 291 291 291 291 291 291 291 291 291 531 531 471 471 471 607 607 607 607 831 831 831 570 570 570 958 958 958 958 958 607 607 607 607 254 254 254 254 379 379 379 275 275 275 795 795 795 531 531 554 948 948 948 554 958 958 958 958 958 174 174 691 691 691 519 363 254 254 254 254 174 174 456 456 456 471 471 471 833 833 833 833 614 614 795 795 795 831 831 831 833 833 833 833 275 275 275 275 275 948 948 948 456 456 456 570 570 570 379 379 379 519 627 627 627 627 200 200 
0 1 2 3 4 5 6 7 8 9 10 11 12 13 14 15 16 17 18 19 20 18 19 20 3 4 5 6 21 22 23 24 25 26 17 14 15 16 27 28 29 30 31 32 33 34 35 36 37 38 39 40 41 42 43 44 45 46 47 48 49 50 51 52 53 21 22 11 12 13 54 55 27 28 29 30 31 32 33 34 35 36 37 38 39 40 41 42 43 44 45 46 56 57 58 59 60 61 62 63 64 65 66 67 68 69 70 71 72 73 74 75 61 62 63 64 76 77 78 79 80 81 82 0 1 2 83 84 85 56 57 86 87 88 89 86 71 72 73 74 75 90 91 24 25 26 92 23 76 77 78 79 90 91 93 94 95 58 59 60 96 97 98 99 52 53 83 84 85 65 66 67 96 97 98 99 47 48 49 50 51 87 88 89 93 94 95 68 69 70 80 81 82 92 7 8 9 10 54 55 
52345
30
5 3 4 3 4 4 3 2 5 3 3 2 4 4 3 3 2 1 1 3 3 3 2 2 0 1 3 1 3 20 
24 10 56 53 42 6 38 28 40 42 37 13 36 2 35 43 24 14 9 8 6 16 48 34 58 43 44 50 1 23 
61 12 60 67 52 70 67 70 46 67 58 25 40 12 54 57 56 51 18 21 25 50 52 43 68 45 64 68 42 28 
275 448 833 456 254 627 570 200 958 379 831 821 607 786 471 795 614 363 324 306 994 691 174 531 397 554 948 519 275 291 
28 28 28 13 13 13 13 5 5 5 5 20 20 20 19 19 19 18 1 1 1 1 1 1 13 13 13 13 11 11 17 21 21 21 18 19 19 19 29 29 29 29 29 29 29 29 29 29 29 29 29 29 29 29 29 29 29 29 0 0 0 0 0 16 16 11 11 20 20 20 7 7 29 29 29 29 29 29 29 29 29 29 29 29 29 29 29 29 29 29 29 29 23 23 14 14 14 12 12 12 12 10 10 10 6 6 6 8 8 8 8 8 12 12 12 12 4 4 4 4 9 9 9 28 28 28 15 15 15 23 23 25 26 26 26 25 8 8 8 8 8 22 22 21 21 21 27 17 4 4 4 4 22 22 3 3 3 14 14 14 2 2 2 2 16 16 15 15 15 10 10 10 2 2 2 2 0 0 0 0 0 26 26 26 3 3 3 6 6 6 9 9 9 27 5 5 5 5 7 7 