262
100
2
2 2 2 2 2 2 2 2 4 4 4 4 4 4 4 8 8 8 8 8 8 8 8 8 11 12 12 13 13 13 13 13 14 14 14 14 14 14 18 19 19 19 19 22 22 22 22 22 22 24 24 25 25 25 31 31 32 32 32 32 32 32 32 32 32 32 32 32 32 32 32 32 32 32 32 35 35 35 35 35 35 35 35 35 35 36 36 36 36 36 36 36 36 36 36 36 36 36 36 40 40 40 40 41 41 41 41 41 41 48 48 48 48 48 48 52 52 52 52 52 52 54 54 54 54 54 56 56 56 56 56 56 56 56 56 58 58 58 58 58 58 61 61 61 61 61 62 62 62 62 62 62 62 62 62 62 62 62 62 62 62 62 62 62 62 62 63 63 63 63 63 63 63 64 65 65 65 65 65 65 66 66 68 68 68 68 68 68 68 68 68 68 68 68 68 68 68 68 68 68 
182 183 62 63 64 65 66 67 54 55 121 122 123 124 125 85 86 87 88 89 90 91 47 48 38 49 50 166 167 168 169 173 174 175 176 177 178 179 24 99 100 101 102 146 147 148 149 22 23 25 26 141 142 143 8 9 115 116 117 118 119 120 2 3 4 5 6 7 92 93 94 95 96 97 98 76 75 78 77 80 79 82 81 84 83 15 16 17 18 19 20 21 68 69 70 71 72 73 74 39 40 41 42 129 130 131 132 133 134 135 136 137 138 139 140 56 57 58 59 60 61 10 11 12 13 14 170 171 172 103 104 105 106 107 108 109 110 111 112 113 114 51 52 53 180 181 43 44 45 46 184 185 186 187 188 189 190 191 192 193 194 195 196 197 198 199 27 28 29 30 126 127 128 31 32 33 34 35 36 37 144 145 0 1 150 151 152 153 154 155 156 157 158 159 160 161 162 163 164 165 
963 963 964 964 964 964 964 964 496 496 359 359 359 359 359 607 607 607 607 607 607 607 296 296 941 822 822 634 634 634 634 543 772 772 772 772 772 772 941 303 303 303 303 775 775 775 775 296 296 822 822 831 831 831 496 496 853 853 853 853 853 853 964 964 964 964 964 964 529 529 529 529 529 529 529 618 618 618 618 618 618 618 618 618 618 607 607 607 607 607 607 607 529 529 529 529 529 529 529 303 303 303 303 727 727 727 727 727 727 841 841 841 841 841 841 853 853 853 853 853 853 359 359 359 359 359 707 707 707 727 727 727 727 727 727 841 841 841 841 841 841 831 831 831 348 348 775 775 775 775 796 796 796 796 796 796 796 796 796 796 796 796 796 796 796 796 634 634 634 634 707 707 707 543 772 772 772 772 772 772 348 348 963 963 796 796 796 796 796 796 796 796 796 796 796 796 796 796 796 796 
0 1 2 3 4 5 6 7 8 9 10 11 12 13 14 15 16 17 18 19 20 21 22 23 24 25 26 27 28 29 30 31 32 33 34 35 36 37 24 38 39 40 41 42 43 44 45 22 23 25 26 46 47 48 8 9 49 50 51 52 53 54 2 3 4 5 6 7 55 56 57 58 59 60 61 62 62 63 63 64 64 65 65 66 66 15 16 17 18 19 20 21 55 56 57 58 59 60 61 38 39 40 41 67 68 69 70 71 72 73 74 75 76 77 78 49 50 51 52 53 54 10 11 12 13 14 79 80 81 67 68 69 70 71 72 73 74 75 76 77 78 46 47 48 82 83 42 43 44 45 84 85 86 87 88 89 90 91 92 93 94 95 96 97 98 99 27 28 29 30 79 80 81 31 32 33 34 35 36 37 82 83 0 1 84 85 86 87 88 89 90 91 92 93 94 95 96 97 98 99 
69311
22
2 4 4 6 6 2 5 3 6 7 2 1 3 1 2 5 2 6 4 7 6 16 
12 13 22 14 32 4 35 56 48 8 8 11 25 13 2 4 61 2 19 32 41 62 
24 63 62 65 52 31 35 63 58 36 22 18 61 64 68 54 66 32 40 36 56 68 
822 634 775 772 853 496 618 707 841 607 296 941 831 543 963 359 348 964 303 529 727 796 
14 14 17 17 17 17 17 17 5 5 15 15 15 15 15 9 9 9 9 9 9 9 10 10 11 0 0 1 1 1 1 13 3 3 3 3 3 3 11 18 18 18 18 2 2 2 2 10 10 0 0 12 12 12 5 5 4 4 4 4 4 4 17 17 17 17 17 17 19 19 19 19 19 19 19 6 6 6 6 6 6 6 6 6 6 9 9 9 9 9 9 9 19 19 19 19 19 19 19 18 18 18 18 20 20 20 20 20 20 8 8 8 8 8 8 4 4 4 4 4 4 15 15 15 15 15 7 7 7 20 20 20 20 20 20 8 8 8 8 8 8 12 12 12 16 16 2 2 2 2 21 21 21 21 21 21 21 21 21 21 21 21 21 21 21 21 1 1 1 1 7 7 7 13 3 3 3 3 3 3 16 16 14 14 21 21 21 21 21 21 21 21 21 21 21 21 21 21 21 21 