474
100
2
3 3 3 3 3 5 5 5 6 6 6 6 6 6 8 8 8 8 8 9 9 9 11 11 11 11 11 11 11 11 11 11 11 11 11 11 11 11 11 11 11 11 11 11 11 13 13 13 17 17 20 20 20 20 20 20 20 26 26 27 28 28 28 28 28 28 28 29 29 30 30 31 31 31 31 31 31 31 31 31 31 31 31 31 31 31 31 31 31 31 31 31 31 31 32 32 32 32 33 33 33 33 37 37 37 37 37 37 37 37 37 37 37 40 42 42 43 43 43 43 43 45 45 45 45 45 45 45 50 50 50 50 55 55 55 55 55 55 56 56 56 56 56 58 58 58 58 58 58 58 59 59 59 59 59 59 59 60 60 60 60 60 60 60 62 62 62 63 64 64 64 64 64 64 64 64 64 66 66 66 66 66 66 66 67 67 67 67 67 67 67 67 67 69 69 69 70 70 70 70 
102 103 104 105 106 45 46 47 171 172 173 174 175 176 69 70 168 169 170 193 194 195 71 72 73 74 75 76 77 78 79 80 81 82 83 84 85 86 87 88 89 90 91 92 93 5 6 7 67 68 60 61 62 63 64 65 66 114 115 150 50 51 52 53 54 55 56 48 49 14 15 22 23 24 25 26 27 28 29 30 31 32 33 34 35 36 37 38 39 40 41 42 43 44 128 129 130 131 196 197 198 199 0 1 2 3 4 132 133 134 135 136 137 167 57 58 138 139 140 141 142 177 178 179 180 181 182 183 94 95 96 97 107 108 109 110 111 112 116 117 118 119 120 157 158 159 160 161 162 163 59 187 188 189 190 191 192 143 144 145 146 147 148 149 184 185 186 113 16 17 18 8 9 10 11 12 13 121 122 123 124 125 126 127 164 165 166 151 152 153 154 155 156 19 20 21 98 99 100 101 
323 323 323 323 323 232 232 232 380 380 380 380 380 380 702 702 823 823 823 305 305 305 168 168 852 852 852 852 852 852 852 852 852 852 852 852 852 852 852 852 852 852 852 852 852 232 232 232 679 679 839 839 839 839 839 839 839 316 316 394 839 839 839 839 839 839 839 679 679 702 702 168 168 852 852 852 852 852 852 852 852 852 852 852 852 852 852 852 852 852 852 852 852 852 845 845 845 845 876 876 876 876 323 323 323 323 323 999 999 999 999 999 999 932 316 316 175 175 175 175 175 276 276 276 276 276 276 276 845 845 845 845 999 999 999 999 999 999 175 175 175 175 175 843 843 843 843 843 843 843 394 598 598 598 598 598 598 843 843 843 843 843 843 843 417 417 417 932 823 823 823 380 380 380 380 380 380 276 276 276 276 276 276 276 417 417 417 598 598 598 598 598 598 305 305 305 876 876 876 876 
0 1 2 3 4 5 6 7 8 9 10 11 12 13 14 15 16 17 18 19 20 21 22 23 24 25 26 27 28 29 30 31 32 33 34 35 36 37 38 39 40 41 42 43 44 5 6 7 45 46 47 48 49 50 51 52 53 54 55 56 47 48 49 50 51 52 53 45 46 14 15 22 23 24 25 26 27 28 29 30 31 32 33 34 35 36 37 38 39 40 41 42 43 44 57 58 59 60 61 62 63 64 0 1 2 3 4 65 66 67 68 69 70 71 54 55 72 73 74 75 76 77 78 79 80 81 82 83 57 58 59 60 65 66 67 68 69 70 72 73 74 75 76 84 85 86 87 88 89 90 56 91 92 93 94 95 96 84 85 86 87 88 89 90 97 98 99 71 16 17 18 8 9 10 11 12 13 77 78 79 80 81 82 83 97 98 99 91 92 93 94 95 96 19 20 21 61 62 63 64 
63221
21
7 2 2 5 2 3 6 2 1 1 5 3 4 6 3 3 4 6 7 7 21 
20 26 8 3 17 62 37 11 27 40 43 8 32 6 5 9 33 59 45 58 11 
28 42 30 37 29 67 55 31 59 63 56 64 50 64 13 69 70 67 66 60 31 
839 316 702 323 679 417 999 168 394 932 175 823 845 380 232 305 876 598 276 843 852 
3 3 3 3 3 14 14 14 13 13 13 13 13 13 2 2 11 11 11 15 15 15 7 7 20 20 20 20 20 20 20 20 20 20 20 20 20 20 20 20 20 20 20 20 20 14 14 14 4 4 0 0 0 0 0 0 0 1 1 8 0 0 0 0 0 0 0 4 4 2 2 7 7 20 20 20 20 20 20 20 20 20 20 20 20 20 20 20 20 20 20 20 20 20 12 12 12 12 16 16 16 16 3 3 3 3 3 6 6 6 6 6 6 9 1 1 10 10 10 10 10 18 18 18 18 18 18 18 12 12 12 12 6 6 6 6 6 6 10 10 10 10 10 19 19 19 19 19 19 19 8 17 17 17 17 17 17 19 19 19 19 19 19 19 5 5 5 9 11 11 11 13 13 13 13 13 13 18 18 18 18 18 18 18 5 5 5 17 17 17 17 17 17 15 15 15 16 16 16 16 