279
100
2
6 6 6 6 6 6 6 6 6 8 8 8 8 8 8 8 8 8 8 8 8 8 8 8 8 8 8 8 8 8 8 10 10 10 10 10 10 10 10 10 15 15 15 15 15 15 15 15 15 15 15 15 15 15 15 15 15 17 17 17 17 17 17 22 22 22 22 23 23 23 23 23 23 23 23 25 25 25 25 25 25 27 27 27 27 27 27 27 27 28 28 28 28 28 28 28 28 28 28 28 28 34 34 34 34 34 34 34 34 36 36 39 39 39 39 39 39 39 39 39 42 42 42 42 42 42 42 42 44 44 44 44 44 44 47 47 47 47 47 47 47 47 47 56 56 58 58 58 58 58 58 58 58 61 61 61 61 61 61 61 61 61 61 61 61 61 62 62 62 62 62 62 62 62 62 62 62 62 62 62 62 64 64 64 70 70 70 70 70 70 70 70 70 70 70 70 70 70 70 70 
31 32 33 34 35 36 37 38 39 111 112 113 114 115 116 117 118 119 153 154 155 156 157 158 159 160 161 162 163 164 165 0 1 2 3 4 5 6 7 8 120 121 122 123 124 125 126 127 134 135 136 137 138 139 140 141 142 175 176 177 178 179 180 143 144 109 110 81 82 83 84 85 86 87 88 128 129 130 131 132 133 67 68 69 70 71 72 73 74 166 167 168 169 170 171 172 173 174 181 182 183 145 146 147 148 149 150 151 152 65 66 9 10 11 12 13 14 15 16 17 40 41 42 43 44 45 46 47 75 76 77 78 79 80 48 49 50 51 52 53 54 55 56 63 64 101 102 103 104 105 106 107 108 18 19 20 21 22 23 24 25 26 27 28 29 30 89 90 91 92 93 94 95 96 97 57 58 59 60 61 62 98 99 100 185 184 187 186 189 188 191 190 193 192 195 194 197 196 199 198 
911 911 911 911 911 911 911 911 911 880 880 880 880 880 880 880 880 880 276 276 276 276 276 276 276 276 276 276 276 276 276 911 911 911 911 911 911 911 911 911 370 370 370 370 370 370 370 370 671 671 671 671 671 671 671 671 671 743 743 743 743 743 743 979 979 410 410 358 358 358 358 358 358 358 358 706 706 706 706 706 706 358 358 358 358 358 358 358 358 285 285 285 285 285 285 285 285 285 505 505 505 324 324 324 324 324 324 324 324 410 410 880 880 880 880 880 880 880 880 880 370 370 370 370 370 370 370 370 706 706 706 706 706 706 671 671 671 671 671 671 671 671 671 979 979 324 324 324 324 324 324 324 324 276 276 276 276 276 276 276 276 276 276 276 276 276 285 285 285 285 285 285 285 285 285 743 743 743 743 743 743 505 505 505 701 701 701 701 701 701 701 701 701 701 701 701 701 701 701 701 
0 1 2 3 4 5 6 7 8 9 10 11 12 13 14 15 16 17 18 19 20 21 22 23 24 25 26 27 28 29 30 0 1 2 3 4 5 6 7 8 31 32 33 34 35 36 37 38 39 40 41 42 43 44 45 46 47 48 49 50 51 52 53 54 55 56 57 58 59 60 61 62 63 64 65 66 67 68 69 70 71 58 59 60 61 62 63 64 65 72 73 74 75 76 77 78 79 80 81 82 83 84 85 86 87 88 89 90 91 56 57 9 10 11 12 13 14 15 16 17 31 32 33 34 35 36 37 38 66 67 68 69 70 71 39 40 41 42 43 44 45 46 47 54 55 84 85 86 87 88 89 90 91 18 19 20 21 22 23 24 25 26 27 28 29 30 72 73 74 75 76 77 78 79 80 48 49 50 51 52 53 81 82 83 92 92 93 93 94 94 95 95 96 96 97 97 98 98 99 99 
55322
14
8 8 9 2 8 8 2 9 6 9 3 6 9 13 
15 34 8 22 23 70 22 28 17 6 28 25 15 8 
42 58 39 56 27 70 36 62 62 10 64 44 47 61 
370 324 880 979 358 701 410 285 743 911 505 706 671 276 
9 9 9 9 9 9 9 9 9 2 2 2 2 2 2 2 2 2 13 13 13 13 13 13 13 13 13 13 13 13 13 9 9 9 9 9 9 9 9 9 0 0 0 0 0 0 0 0 12 12 12 12 12 12 12 12 12 8 8 8 8 8 8 3 3 6 6 4 4 4 4 4 4 4 4 11 11 11 11 11 11 4 4 4 4 4 4 4 4 7 7 7 7 7 7 7 7 7 10 10 10 1 1 1 1 1 1 1 1 6 6 2 2 2 2 2 2 2 2 2 0 0 0 0 0 0 0 0 11 11 11 11 11 11 12 12 12 12 12 12 12 12 12 3 3 1 1 1 1 1 1 1 1 13 13 13 13 13 13 13 13 13 13 13 13 13 7 7 7 7 7 7 7 7 7 8 8 8 8 8 8 10 10 10 5 5 5 5 5 5 5 5 5 5 5 5 5 5 5 5 