957
100
2
11 11 11 11 11 11 11 13 13 13 13 13 13 13 13 13 13 14 14 14 14 14 14 14 15 15 15 15 15 15 15 16 17 17 17 17 17 17 17 18 18 18 18 18 18 19 19 19 19 19 19 19 19 21 21 21 21 21 21 21 21 21 23 23 23 23 23 24 24 24 24 28 28 28 28 28 28 28 28 28 28 28 28 28 28 28 28 28 29 29 29 29 29 29 29 29 29 29 29 29 29 34 36 36 36 36 36 36 37 37 42 42 42 42 42 42 42 42 42 42 42 42 42 42 42 42 42 42 42 42 42 44 44 44 44 44 44 44 45 45 45 45 45 45 45 45 45 48 48 48 48 50 51 51 51 51 51 52 52 52 52 54 54 54 54 55 55 56 56 58 58 58 58 58 59 60 60 60 60 65 65 65 65 65 65 65 65 65 65 69 69 69 69 69 69 69 70 70 70 70 
53 54 55 56 57 58 59 138 139 140 17 18 19 20 21 22 23 10 11 12 13 14 15 16 90 91 92 93 94 95 96 107 189 190 191 192 193 194 195 157 158 159 160 163 164 135 136 137 102 103 104 105 106 0 1 2 3 4 5 6 165 166 88 89 101 167 168 185 186 187 188 114 115 116 117 118 119 120 121 122 123 124 125 126 127 128 129 130 62 63 24 25 26 27 28 29 30 196 197 198 199 64 48 49 50 51 52 31 161 162 175 176 177 178 71 72 73 74 75 76 77 78 79 80 81 82 83 84 85 86 87 147 148 149 150 45 46 47 7 8 9 179 180 181 182 183 184 131 132 133 134 174 169 170 171 172 173 39 40 41 42 108 109 43 44 60 61 65 66 152 153 154 155 156 151 110 111 112 113 141 142 143 144 145 146 67 68 69 70 32 33 34 35 36 37 38 97 98 99 100 
489 489 489 489 489 489 489 996 996 996 482 482 482 482 482 482 482 482 482 482 482 482 482 482 247 247 247 247 247 247 247 290 272 272 272 272 272 272 272 947 947 947 947 274 274 863 863 863 568 568 568 568 568 489 489 489 489 489 489 489 278 278 890 890 408 186 186 462 462 462 462 529 529 529 529 529 529 529 529 529 529 529 529 529 529 529 529 529 890 890 247 247 247 247 247 247 247 374 374 374 374 408 568 568 568 568 568 290 395 395 390 390 390 390 529 529 529 529 529 529 529 529 529 529 529 529 529 529 529 529 529 421 421 421 421 863 863 863 996 996 996 802 802 802 802 802 802 421 421 421 421 381 844 844 844 844 844 947 947 947 947 395 395 274 274 278 278 186 186 844 844 844 844 844 381 390 390 390 390 802 802 802 802 802 802 462 462 462 462 272 272 272 272 272 272 272 374 374 374 374 
0 1 2 3 4 5 6 7 8 9 10 11 12 13 14 15 16 10 11 12 13 14 15 16 17 18 19 20 21 22 23 24 25 26 27 28 29 30 31 32 33 34 35 36 37 38 39 40 41 42 43 44 45 0 1 2 3 4 5 6 46 47 48 49 50 51 52 53 54 55 56 57 58 59 60 61 62 63 64 65 66 67 68 69 70 71 72 73 48 49 17 18 19 20 21 22 23 74 75 76 77 50 41 42 43 44 45 24 78 79 80 81 82 83 57 58 59 60 61 62 63 64 65 66 67 68 69 70 71 72 73 84 85 86 87 38 39 40 7 8 9 88 89 90 91 92 93 84 85 86 87 94 95 96 97 98 99 32 33 34 35 78 79 36 37 46 47 51 52 95 96 97 98 99 94 80 81 82 83 88 89 90 91 92 93 53 54 55 56 25 26 27 28 29 30 31 74 75 76 77 
52373
23
2 3 7 4 1 2 4 4 3 7 2 5 2 6 7 4 7 5 4 1 1 2 17 
23 13 15 42 23 37 44 18 19 11 18 19 21 45 13 29 17 51 24 16 50 23 28 
29 45 29 60 34 54 48 52 44 21 54 36 55 65 14 70 69 58 65 36 59 56 42 
890 996 247 390 408 395 421 947 863 489 274 568 278 802 482 374 272 844 462 290 381 186 529 
9 9 9 9 9 9 9 1 1 1 14 14 14 14 14 14 14 14 14 14 14 14 14 14 2 2 2 2 2 2 2 19 16 16 16 16 16 16 16 7 7 7 7 10 10 8 8 8 11 11 11 11 11 9 9 9 9 9 9 9 12 12 0 0 4 21 21 18 18 18 18 22 22 22 22 22 22 22 22 22 22 22 22 22 22 22 22 22 0 0 2 2 2 2 2 2 2 15 15 15 15 4 11 11 11 11 11 19 5 5 3 3 3 3 22 22 22 22 22 22 22 22 22 22 22 22 22 22 22 22 22 6 6 6 6 8 8 8 1 1 1 13 13 13 13 13 13 6 6 6 6 20 17 17 17 17 17 7 7 7 7 5 5 10 10 12 12 21 21 17 17 17 17 17 20 3 3 3 3 13 13 13 13 13 13 18 18 18 18 16 16 16 16 16 16 16 15 15 15 15 