706
100
2
3 3 3 3 8 8 8 8 8 8 9 14 14 14 14 14 15 15 15 15 19 19 19 19 19 19 19 19 19 19 19 19 19 20 20 20 20 20 20 20 21 21 21 22 22 22 22 22 22 22 22 22 22 22 22 22 22 24 24 24 24 25 25 25 25 25 25 25 25 25 25 25 25 25 25 25 25 25 26 26 26 26 27 27 27 27 27 27 28 28 28 28 29 29 29 29 29 29 30 30 30 30 30 30 30 30 32 32 32 33 33 33 33 33 33 33 33 33 34 34 34 34 35 35 36 38 38 38 38 41 41 41 41 42 42 42 42 44 44 44 44 44 44 44 44 51 51 51 51 53 53 53 53 54 57 57 57 57 57 57 57 57 57 57 57 57 57 57 57 57 57 58 58 58 58 58 60 60 60 60 61 61 61 61 61 61 62 62 62 62 68 68 68 68 68 68 69 69 69 69 
186 187 188 189 92 93 94 95 96 97 154 171 172 173 174 175 176 177 178 179 98 99 100 101 102 103 104 112 113 114 115 116 117 191 192 193 194 195 107 108 109 110 111 133 134 135 136 180 181 182 183 184 185 78 79 80 81 145 146 147 148 153 155 156 157 158 159 160 161 162 163 164 165 166 167 168 169 170 53 54 55 56 137 138 139 140 141 142 149 150 151 152 4 5 6 7 8 9 20 21 22 23 24 25 26 124 190 38 39 40 41 42 27 28 29 30 31 32 125 126 127 128 143 144 105 118 119 120 121 196 197 198 199 43 44 45 46 82 83 84 85 86 87 122 123 57 58 59 60 88 89 90 91 61 10 62 63 64 65 66 67 68 69 70 71 72 73 74 75 76 77 11 12 13 14 15 16 17 18 19 47 48 49 50 51 52 0 1 2 3 106 33 34 35 36 37 129 130 131 132 
520 520 520 520 867 867 867 867 867 867 352 314 314 314 314 314 228 228 228 228 567 567 567 567 567 567 567 900 900 900 900 900 900 417 417 417 417 417 670 670 338 338 338 794 794 794 794 508 508 508 508 508 508 256 256 256 256 717 717 717 717 375 448 448 448 448 448 448 448 448 448 448 448 448 448 448 448 448 256 256 256 256 571 571 571 571 571 571 453 453 453 453 867 867 867 867 867 867 567 567 567 567 567 567 567 701 348 670 670 338 338 338 900 900 900 900 900 900 407 407 407 407 623 623 701 407 407 407 407 194 194 194 194 794 794 794 794 571 571 571 571 571 571 623 623 717 717 717 717 453 453 453 453 375 352 448 448 448 448 448 448 448 448 448 448 448 448 448 448 448 448 314 314 314 314 314 228 228 228 228 508 508 508 508 508 508 520 520 520 520 348 417 417 417 417 417 194 194 194 194 
0 1 2 3 4 5 6 7 8 9 10 11 12 13 14 15 16 17 18 19 20 21 22 23 24 25 26 27 28 29 30 31 32 33 34 35 36 37 38 39 40 41 42 43 44 45 46 47 48 49 50 51 52 53 54 55 56 57 58 59 60 61 62 63 64 65 66 67 68 69 70 71 72 73 74 75 76 77 53 54 55 56 78 79 80 81 82 83 84 85 86 87 4 5 6 7 8 9 20 21 22 23 24 25 26 88 89 38 39 40 41 42 27 28 29 30 31 32 90 91 92 93 94 95 88 90 91 92 93 96 97 98 99 43 44 45 46 78 79 80 81 82 83 94 95 57 58 59 60 84 85 86 87 61 10 62 63 64 65 66 67 68 69 70 71 72 73 74 75 76 77 11 12 13 14 15 16 17 18 19 47 48 49 50 51 52 0 1 2 3 89 33 34 35 36 37 96 97 98 99 
51520
23
6 4 4 4 6 3 6 1 4 7 6 1 4 5 1 1 5 4 2 4 4 2 16 
8 34 22 28 22 21 27 25 22 19 19 9 3 14 30 32 20 15 20 24 41 35 25 
29 38 42 53 61 33 44 54 26 30 33 57 62 58 36 68 68 60 32 51 69 44 57 
867 407 794 453 508 338 571 375 256 567 900 352 520 314 701 348 417 228 670 717 194 623 448 
12 12 12 12 0 0 0 0 0 0 11 13 13 13 13 13 17 17 17 17 9 9 9 9 9 9 9 10 10 10 10 10 10 16 16 16 16 16 18 18 5 5 5 2 2 2 2 4 4 4 4 4 4 8 8 8 8 19 19 19 19 7 22 22 22 22 22 22 22 22 22 22 22 22 22 22 22 22 8 8 8 8 6 6 6 6 6 6 3 3 3 3 0 0 0 0 0 0 9 9 9 9 9 9 9 14 15 18 18 5 5 5 10 10 10 10 10 10 1 1 1 1 21 21 14 1 1 1 1 20 20 20 20 2 2 2 2 6 6 6 6 6 6 21 21 19 19 19 19 3 3 3 3 7 11 22 22 22 22 22 22 22 22 22 22 22 22 22 22 22 22 13 13 13 13 13 17 17 17 17 4 4 4 4 4 4 12 12 12 12 15 16 16 16 16 16 20 20 20 20 