584
100
2
1 1 1 1 1 2 5 5 5 5 7 7 7 7 7 7 9 9 9 9 9 9 9 9 9 10 10 10 10 10 10 10 10 10 10 10 10 10 10 10 10 10 16 16 16 16 16 16 18 18 18 18 18 18 18 18 18 20 20 20 20 20 20 21 21 21 21 21 21 25 25 25 25 25 25 25 25 25 25 25 25 25 25 25 27 30 30 30 30 32 34 34 34 34 35 35 35 35 35 35 37 37 37 37 37 38 38 38 39 39 39 39 39 40 40 41 41 41 41 41 41 41 44 44 44 44 47 47 47 52 52 52 52 52 52 52 52 52 55 55 55 55 55 55 55 55 55 55 55 55 55 55 55 55 56 56 57 57 57 57 57 57 58 58 60 60 61 61 62 62 62 62 62 62 62 62 62 62 62 62 62 62 62 62 62 63 63 63 65 65 65 65 66 70 70 70 70 70 70 70 
108 109 110 111 112 84 122 123 124 125 132 133 134 135 136 137 48 49 50 51 115 116 117 118 119 168 169 170 171 172 173 174 175 176 177 178 179 180 181 182 183 184 94 95 96 97 98 99 16 17 18 19 157 158 159 160 161 142 143 144 145 146 147 69 70 71 72 73 74 63 64 65 66 67 68 100 101 102 103 104 85 86 87 88 5 80 81 82 83 156 154 155 120 121 42 43 44 45 46 47 75 76 77 78 79 126 127 128 0 1 2 3 4 162 163 20 21 22 23 24 92 93 6 7 8 9 105 106 107 185 186 187 10 11 12 13 14 15 188 189 190 191 57 58 59 60 61 62 194 195 196 197 198 199 90 91 89 52 53 54 55 56 113 114 166 167 164 165 25 26 27 28 29 30 31 32 33 34 35 36 37 38 39 40 41 129 130 131 138 139 140 141 193 192 148 149 150 151 152 153 
483 483 483 483 483 208 341 341 341 341 425 425 425 425 425 425 960 960 960 960 719 719 719 719 719 741 741 741 741 741 741 741 741 741 741 741 741 741 741 741 741 741 959 959 959 959 959 959 960 960 960 960 195 195 195 195 195 653 653 653 653 653 653 889 889 889 889 889 889 889 889 889 889 889 889 214 214 214 214 214 652 652 652 652 208 652 652 652 652 393 484 484 593 593 959 959 959 959 959 959 214 214 214 214 214 325 325 325 483 483 483 483 483 460 460 719 719 719 719 719 593 593 341 341 341 341 325 325 325 205 205 205 425 425 425 425 425 425 963 963 963 963 653 653 653 653 653 653 220 220 220 220 220 220 484 484 393 195 195 195 195 195 460 460 151 151 151 151 741 741 741 741 741 741 741 741 741 741 741 741 741 741 741 741 741 205 205 205 963 963 963 963 744 744 220 220 220 220 220 220 
0 1 2 3 4 5 6 7 8 9 10 11 12 13 14 15 16 17 18 19 20 21 22 23 24 25 26 27 28 29 30 31 32 33 34 35 36 37 38 39 40 41 42 43 44 45 46 47 16 17 18 19 48 49 50 51 52 53 54 55 56 57 58 59 60 61 62 63 64 59 60 61 62 63 64 65 66 67 68 69 70 71 72 73 5 70 71 72 73 74 75 76 77 78 42 43 44 45 46 47 65 66 67 68 69 79 80 81 0 1 2 3 4 82 83 20 21 22 23 24 77 78 6 7 8 9 79 80 81 84 85 86 10 11 12 13 14 15 87 88 89 90 53 54 55 56 57 58 91 92 93 94 95 96 75 76 74 48 49 50 51 52 82 83 97 98 97 98 25 26 27 28 29 30 31 32 33 34 35 36 37 38 39 40 41 84 85 86 87 88 89 90 99 99 91 92 93 94 95 96 
57503
23
6 1 6 1 3 5 6 4 3 4 5 4 6 2 4 2 2 5 5 1 6 2 17 
16 32 21 66 52 25 7 9 38 55 9 25 20 34 5 34 40 18 1 2 55 60 10 
35 57 25 70 63 37 52 18 47 65 41 30 55 56 44 41 58 57 39 27 70 61 62 
959 393 889 744 205 214 425 960 325 963 719 652 653 484 341 593 460 195 483 208 220 151 741 
18 18 18 18 18 19 14 14 14 14 6 6 6 6 6 6 7 7 7 7 10 10 10 10 10 22 22 22 22 22 22 22 22 22 22 22 22 22 22 22 22 22 0 0 0 0 0 0 7 7 7 7 17 17 17 17 17 12 12 12 12 12 12 2 2 2 2 2 2 2 2 2 2 2 2 5 5 5 5 5 11 11 11 11 19 11 11 11 11 1 13 13 15 15 0 0 0 0 0 0 5 5 5 5 5 8 8 8 18 18 18 18 18 16 16 10 10 10 10 10 15 15 14 14 14 14 8 8 8 4 4 4 6 6 6 6 6 6 9 9 9 9 12 12 12 12 12 12 20 20 20 20 20 20 13 13 1 17 17 17 17 17 16 16 21 21 21 21 22 22 22 22 22 22 22 22 22 22 22 22 22 22 22 22 22 4 4 4 9 9 9 9 3 3 20 20 20 20 20 20 