653
100
2
1 1 1 1 1 1 1 4 4 4 4 4 4 4 4 4 4 4 4 4 4 6 6 6 6 6 9 9 11 11 11 11 11 11 11 12 12 12 12 12 12 12 12 13 13 13 13 13 16 16 16 16 16 17 17 17 17 17 17 17 17 18 18 19 19 19 19 19 19 19 19 19 19 19 19 19 19 19 21 21 21 21 21 21 21 24 24 24 24 24 28 28 28 28 28 28 28 28 28 31 31 35 35 35 36 36 36 36 36 36 36 36 36 36 36 36 36 36 36 36 36 36 36 36 36 36 36 36 36 37 37 37 37 37 37 41 41 41 47 47 47 47 47 47 48 48 48 48 54 54 54 54 54 54 54 54 54 54 58 58 58 58 58 58 59 59 59 59 61 61 61 61 61 61 62 62 62 62 62 62 63 63 63 63 63 63 67 67 67 67 67 68 68 68 68 70 70 70 70 70 
78 79 80 81 82 83 84 115 116 117 118 119 120 121 122 123 124 125 126 127 128 63 64 65 66 67 99 100 68 69 70 71 72 73 74 53 54 55 56 57 58 59 60 48 49 50 51 52 43 44 45 46 47 35 36 37 38 39 40 41 42 148 149 21 22 23 24 25 28 29 30 31 32 33 34 135 136 137 0 1 2 3 4 5 6 90 91 92 93 94 85 86 87 88 89 164 165 166 167 26 27 104 105 106 101 102 103 150 151 152 153 154 155 156 157 7 8 9 10 11 12 13 14 15 16 17 18 19 20 168 169 170 171 172 173 75 76 77 180 181 182 183 184 185 191 192 193 194 61 62 107 108 109 110 111 112 113 114 174 175 176 177 178 179 95 96 97 98 129 130 131 132 133 134 158 159 160 161 162 163 138 139 140 141 142 143 195 196 197 198 199 144 145 146 147 186 187 188 189 190 
561 561 561 561 561 561 561 422 422 422 422 422 422 422 422 422 422 422 422 422 422 991 991 991 991 991 543 543 818 818 818 818 818 818 818 870 870 870 870 870 870 870 870 412 412 412 412 412 412 412 412 412 412 870 870 870 870 870 870 870 870 878 878 991 991 991 991 991 818 818 818 818 818 818 818 511 511 511 561 561 561 561 561 561 561 343 343 343 343 343 343 343 343 343 343 429 429 429 429 543 543 551 551 551 551 551 551 549 549 549 549 549 549 549 549 422 422 422 422 422 422 422 422 422 422 422 422 422 422 474 474 474 474 474 474 511 511 511 819 819 819 819 819 819 463 463 463 463 878 878 549 549 549 549 549 549 549 549 156 156 156 156 156 156 429 429 429 429 474 474 474 474 474 474 156 156 156 156 156 156 819 819 819 819 819 819 775 775 775 775 775 463 463 463 463 775 775 775 775 775 
0 1 2 3 4 5 6 7 8 9 10 11 12 13 14 15 16 17 18 19 20 21 22 23 24 25 26 27 28 29 30 31 32 33 34 35 36 37 38 39 40 41 42 43 44 45 46 47 43 44 45 46 47 35 36 37 38 39 40 41 42 48 49 21 22 23 24 25 28 29 30 31 32 33 34 50 51 52 0 1 2 3 4 5 6 53 54 55 56 57 53 54 55 56 57 58 59 60 61 26 27 62 63 64 62 63 64 65 66 67 68 69 70 71 72 7 8 9 10 11 12 13 14 15 16 17 18 19 20 73 74 75 76 77 78 50 51 52 79 80 81 82 83 84 85 86 87 88 48 49 65 66 67 68 69 70 71 72 89 90 91 92 93 94 58 59 60 61 73 74 75 76 77 78 89 90 91 92 93 94 79 80 81 82 83 84 95 96 97 98 99 85 86 87 88 95 96 97 98 99 
57808
18
4 5 5 7 5 3 5 3 4 2 6 2 6 7 8 6 8 14 
48 6 24 11 67 35 13 19 28 18 47 9 37 1 12 58 36 4 
68 19 28 19 70 36 16 41 59 54 63 31 61 21 17 62 54 36 
463 991 343 818 775 551 412 511 429 878 819 543 474 561 870 156 549 422 
13 13 13 13 13 13 13 17 17 17 17 17 17 17 17 17 17 17 17 17 17 1 1 1 1 1 11 11 3 3 3 3 3 3 3 14 14 14 14 14 14 14 14 6 6 6 6 6 6 6 6 6 6 14 14 14 14 14 14 14 14 9 9 1 1 1 1 1 3 3 3 3 3 3 3 7 7 7 13 13 13 13 13 13 13 2 2 2 2 2 2 2 2 2 2 8 8 8 8 11 11 5 5 5 5 5 5 16 16 16 16 16 16 16 16 17 17 17 17 17 17 17 17 17 17 17 17 17 17 12 12 12 12 12 12 7 7 7 10 10 10 10 10 10 0 0 0 0 9 9 16 16 16 16 16 16 16 16 15 15 15 15 15 15 8 8 8 8 12 12 12 12 12 12 15 15 15 15 15 15 10 10 10 10 10 10 4 4 4 4 4 0 0 0 0 4 4 4 4 4 