713
100
2
1 1 1 1 4 4 4 5 5 5 5 5 5 6 6 6 6 6 6 6 6 6 6 10 10 11 11 11 13 13 13 15 15 16 16 16 16 16 17 17 17 17 17 19 21 21 21 21 21 21 22 22 22 22 22 22 22 22 22 22 22 25 27 27 27 27 27 27 27 27 27 27 27 28 28 28 28 28 32 32 32 32 32 32 33 33 33 33 33 34 34 34 34 34 35 35 35 35 35 37 37 37 37 37 37 40 40 40 40 40 40 40 40 40 40 40 40 40 40 42 42 42 42 42 42 42 44 44 44 44 44 44 45 45 45 45 45 46 46 46 46 46 46 52 53 53 53 53 53 53 54 54 54 54 54 55 55 55 55 55 55 57 57 57 57 58 58 59 59 59 60 60 60 60 60 64 64 64 64 67 67 67 67 67 67 67 67 67 67 67 67 67 67 67 67 67 67 67 68 68 
43 62 63 64 28 29 30 61 13 14 15 16 17 8 9 10 11 12 38 39 40 41 42 31 32 70 71 72 4 5 6 23 24 78 79 80 81 82 18 19 20 21 22 0 144 145 146 147 148 149 99 100 101 102 103 104 170 171 172 173 174 7 1 2 3 127 128 129 130 131 25 26 27 84 85 86 87 88 33 34 35 36 37 98 73 74 75 76 77 150 151 152 153 154 122 123 124 125 83 50 51 52 53 54 55 184 185 186 187 188 189 190 191 192 193 194 195 196 197 167 168 169 94 95 96 97 143 65 66 67 68 69 179 180 181 182 183 155 156 157 158 159 160 126 44 45 46 47 48 49 89 90 91 92 93 137 138 139 140 141 142 175 176 177 178 198 199 119 120 121 56 57 58 59 60 161 162 163 164 132 133 134 135 136 105 106 107 108 109 110 111 112 113 114 115 116 117 118 165 166 
993 706 706 706 184 184 184 738 296 296 296 296 296 296 296 296 296 296 387 387 387 387 387 896 896 246 246 246 184 184 184 896 896 747 747 747 747 747 387 387 387 387 387 993 777 777 777 777 777 777 355 355 355 355 355 355 964 964 964 964 964 738 706 706 706 462 462 462 462 462 246 246 246 786 786 786 786 786 747 747 747 747 747 879 786 786 786 786 786 773 773 773 773 773 412 412 412 412 879 355 355 355 355 355 355 301 301 301 301 301 301 301 301 301 301 301 301 301 301 435 435 435 412 412 412 412 336 462 462 462 462 462 483 483 483 483 483 955 955 955 955 955 955 336 777 777 777 777 777 777 773 773 773 773 773 955 955 955 955 955 955 421 421 421 421 599 599 435 435 435 964 964 964 964 964 421 421 421 421 483 483 483 483 483 301 301 301 301 301 301 301 301 301 301 301 301 301 301 599 599 
0 1 2 3 4 5 6 7 8 9 10 11 12 8 9 10 11 12 13 14 15 16 17 18 19 20 21 22 4 5 6 18 19 23 24 25 26 27 13 14 15 16 17 0 28 29 30 31 32 33 34 35 36 37 38 39 40 41 42 43 44 7 1 2 3 45 46 47 48 49 20 21 22 50 51 52 53 54 23 24 25 26 27 55 50 51 52 53 54 56 57 58 59 60 61 62 63 64 55 34 35 36 37 38 39 65 66 67 68 69 70 71 72 73 74 75 76 77 78 79 80 81 61 62 63 64 82 45 46 47 48 49 83 84 85 86 87 88 89 90 91 92 93 82 28 29 30 31 32 33 56 57 58 59 60 88 89 90 91 92 93 94 95 96 97 98 99 79 80 81 40 41 42 43 44 94 95 96 97 83 84 85 86 87 65 66 67 68 69 70 71 72 73 74 75 76 77 78 98 99 
55207
24
1 3 4 5 5 6 2 4 1 6 5 5 1 3 5 5 5 6 2 1 5 3 3 14 
5 42 57 45 5 46 58 35 44 21 28 16 1 1 34 27 6 22 10 32 22 11 4 40 
25 59 64 67 6 55 68 42 52 53 33 32 19 27 54 44 17 37 15 35 60 27 13 67 
738 435 421 483 296 955 599 412 336 777 786 747 993 706 773 462 387 355 896 879 964 246 184 301 
12 13 13 13 22 22 22 0 4 4 4 4 4 4 4 4 4 4 16 16 16 16 16 18 18 21 21 21 22 22 22 18 18 11 11 11 11 11 16 16 16 16 16 12 9 9 9 9 9 9 17 17 17 17 17 17 20 20 20 20 20 0 13 13 13 15 15 15 15 15 21 21 21 10 10 10 10 10 11 11 11 11 11 19 10 10 10 10 10 14 14 14 14 14 7 7 7 7 19 17 17 17 17 17 17 23 23 23 23 23 23 23 23 23 23 23 23 23 23 1 1 1 7 7 7 7 8 15 15 15 15 15 3 3 3 3 3 5 5 5 5 5 5 8 9 9 9 9 9 9 14 14 14 14 14 5 5 5 5 5 5 2 2 2 2 6 6 1 1 1 20 20 20 20 20 2 2 2 2 3 3 3 3 3 23 23 23 23 23 23 23 23 23 23 23 23 23 23 6 6 