83
100
2
1 1 1 1 1 1 3 3 3 3 3 3 4 5 7 7 7 7 7 7 7 7 7 9 9 9 9 12 12 12 12 12 12 12 12 12 12 14 14 14 14 15 15 15 15 15 15 16 16 17 17 17 17 17 17 17 17 19 19 19 19 19 19 19 19 19 19 19 19 20 20 20 20 20 20 20 20 20 20 20 20 20 20 20 20 20 20 20 20 20 21 21 21 21 23 23 23 23 23 23 23 23 23 23 23 23 24 25 25 25 26 26 26 28 29 29 29 29 29 29 29 29 29 29 31 31 31 31 31 31 36 36 36 36 36 39 39 39 39 39 39 39 39 44 46 46 46 46 46 46 49 49 53 53 53 53 53 53 53 53 53 54 54 55 55 55 55 55 55 55 64 64 64 64 66 66 66 66 66 66 66 69 69 69 69 69 69 69 69 69 69 69 69 69 69 69 69 69 69 69 
79 80 33 34 35 36 114 115 116 117 118 119 13 12 110 111 112 155 156 157 158 159 160 126 127 128 129 144 145 146 147 148 149 2 3 4 5 86 87 88 89 135 136 137 138 139 140 141 142 143 124 125 64 65 66 67 68 163 164 165 166 178 179 180 52 53 54 55 56 107 108 109 181 182 183 184 185 186 187 0 1 130 131 132 133 134 37 38 39 40 120 121 122 123 188 189 190 191 192 193 194 195 196 197 198 199 113 69 70 71 14 15 16 106 6 7 8 9 10 11 90 91 92 93 50 51 23 24 25 26 81 82 83 84 85 41 42 43 44 45 46 47 48 49 27 28 29 30 31 32 161 162 167 168 169 17 18 19 20 21 22 150 151 57 58 59 60 152 153 154 174 175 176 177 170 171 172 173 61 62 63 72 73 74 75 76 77 78 94 95 96 97 98 99 100 101 102 103 104 105 
528 528 339 339 339 339 514 514 514 514 514 514 173 173 854 854 854 195 195 195 195 195 195 299 299 299 299 312 312 312 312 312 312 339 339 339 339 889 889 889 889 381 381 381 381 381 381 794 794 477 628 628 421 421 421 421 421 518 518 518 518 429 429 429 421 421 421 421 421 577 577 577 588 588 588 588 588 588 588 528 528 943 943 943 943 943 889 889 889 889 909 909 909 909 535 535 535 535 535 535 535 535 535 535 535 535 543 577 577 577 854 854 854 543 514 514 514 514 514 514 909 909 909 909 628 628 299 299 299 299 943 943 943 943 943 381 381 381 381 381 381 794 794 477 312 312 312 312 312 312 850 850 307 307 307 195 195 195 195 195 195 850 850 518 518 518 518 307 307 307 608 608 608 608 608 608 608 608 429 429 429 588 588 588 588 588 588 588 535 535 535 535 535 535 535 535 535 535 535 535 
0 1 2 3 4 5 6 7 8 9 10 11 12 12 13 14 15 16 17 18 19 20 21 22 23 24 25 26 27 28 29 30 31 2 3 4 5 32 33 34 35 36 37 38 39 40 41 42 43 44 45 46 47 48 49 50 51 52 53 54 55 56 57 58 47 48 49 50 51 59 60 61 62 63 64 65 66 67 68 0 1 69 70 71 72 73 32 33 34 35 74 75 76 77 78 79 80 81 82 83 84 85 86 87 88 89 90 59 60 61 13 14 15 90 6 7 8 9 10 11 74 75 76 77 45 46 22 23 24 25 69 70 71 72 73 36 37 38 39 40 41 42 43 44 26 27 28 29 30 31 91 92 93 94 95 16 17 18 19 20 21 91 92 52 53 54 55 93 94 95 96 97 98 99 96 97 98 99 56 57 58 62 63 64 65 66 67 68 78 79 80 81 82 83 84 85 86 87 88 89 
53310
25
4 6 1 3 3 2 4 2 3 6 7 1 6 6 3 2 4 5 1 4 2 5 4 4 12 
19 3 17 20 7 49 64 17 53 12 20 4 7 15 19 1 1 20 24 14 16 17 9 21 23 
55 29 44 25 26 54 66 31 55 46 69 5 53 39 66 20 12 36 28 20 39 19 31 29 69 
518 514 477 577 854 850 608 628 307 312 588 173 195 381 429 528 339 943 543 889 794 421 299 909 535 
15 15 16 16 16 16 1 1 1 1 1 1 11 11 4 4 4 12 12 12 12 12 12 22 22 22 22 9 9 9 9 9 9 16 16 16 16 19 19 19 19 13 13 13 13 13 13 20 20 2 7 7 21 21 21 21 21 0 0 0 0 14 14 14 21 21 21 21 21 3 3 3 10 10 10 10 10 10 10 15 15 17 17 17 17 17 19 19 19 19 23 23 23 23 24 24 24 24 24 24 24 24 24 24 24 24 18 3 3 3 4 4 4 18 1 1 1 1 1 1 23 23 23 23 7 7 22 22 22 22 17 17 17 17 17 13 13 13 13 13 13 20 20 2 9 9 9 9 9 9 5 5 8 8 8 12 12 12 12 12 12 5 5 0 0 0 0 8 8 8 6 6 6 6 6 6 6 6 14 14 14 10 10 10 10 10 10 10 24 24 24 24 24 24 24 24 24 24 24 24 