844
100
2
1 1 1 1 1 1 1 1 4 4 4 4 4 4 4 4 4 4 4 4 7 7 7 7 7 7 10 10 10 10 10 10 14 14 14 14 14 14 14 14 14 14 14 14 14 14 14 14 14 14 14 14 17 17 17 17 17 17 22 22 22 22 22 22 22 22 29 29 29 29 29 29 29 29 29 47 47 47 47 47 47 47 47 47 49 49 49 49 49 49 49 49 49 49 49 50 50 50 50 50 50 50 50 50 50 50 50 50 50 50 50 50 50 50 50 50 50 50 50 50 50 50 50 53 53 53 53 53 53 53 53 53 53 54 54 54 54 54 54 54 54 54 54 54 54 54 54 61 61 61 61 61 61 61 61 61 61 61 61 61 61 61 61 61 61 61 67 67 67 67 67 67 67 67 67 67 67 67 67 67 67 67 67 67 67 67 68 68 68 68 68 68 68 68 68 68 68 68 68 68 
186 187 188 189 190 191 192 193 147 148 149 150 151 152 153 154 155 156 157 158 194 195 196 197 198 199 52 53 54 55 56 57 33 32 35 34 37 36 39 38 41 40 43 42 45 44 47 46 49 48 51 50 26 27 28 29 30 31 95 96 97 98 99 100 101 102 75 76 77 78 79 80 81 82 83 66 67 68 69 70 71 72 73 74 136 137 138 139 140 141 142 143 144 145 146 58 59 60 61 62 63 64 65 166 167 168 169 170 171 172 173 174 175 176 177 178 179 180 181 182 183 184 185 133 134 135 159 160 161 162 163 164 165 123 124 125 84 85 86 87 88 89 90 91 92 93 94 8 9 10 11 12 13 14 15 16 17 18 19 126 127 128 129 130 131 132 103 104 105 106 107 108 109 110 111 112 113 114 115 116 117 118 119 120 121 122 0 1 2 3 4 5 6 7 20 21 22 23 24 25 
606 606 606 606 606 606 606 606 901 901 901 901 901 901 901 901 901 901 901 901 309 309 309 309 309 309 604 604 604 604 604 604 610 610 610 610 610 610 610 610 610 610 610 610 610 610 610 610 610 610 610 610 604 604 604 604 604 604 459 459 459 459 459 459 459 459 676 676 676 676 676 676 676 676 676 676 676 676 676 676 676 676 676 676 745 745 745 745 745 745 745 745 745 745 745 459 459 459 459 459 459 459 459 928 928 928 928 928 928 928 928 928 928 928 928 928 928 928 928 928 928 928 928 768 768 768 836 836 836 836 836 836 836 768 768 768 745 745 745 745 745 745 745 745 745 745 745 901 901 901 901 901 901 901 901 901 901 901 901 836 836 836 836 836 836 836 928 928 928 928 928 928 928 928 928 928 928 928 928 928 928 928 928 928 928 928 606 606 606 606 606 606 606 606 309 309 309 309 309 309 
0 1 2 3 4 5 6 7 8 9 10 11 12 13 14 15 16 17 18 19 20 21 22 23 24 25 26 27 28 29 30 31 32 32 33 33 34 34 35 35 36 36 37 37 38 38 39 39 40 40 41 41 26 27 28 29 30 31 42 43 44 45 46 47 48 49 50 51 52 53 54 55 56 57 58 50 51 52 53 54 55 56 57 58 59 60 61 62 63 64 65 66 67 68 69 42 43 44 45 46 47 48 49 70 71 72 73 74 75 76 77 78 79 80 81 82 83 84 85 86 87 88 89 90 91 92 93 94 95 96 97 98 99 90 91 92 59 60 61 62 63 64 65 66 67 68 69 8 9 10 11 12 13 14 15 16 17 18 19 93 94 95 96 97 98 99 70 71 72 73 74 75 76 77 78 79 80 81 82 83 84 85 86 87 88 89 0 1 2 3 4 5 6 7 20 21 22 23 24 25 
71905
11
3 10 11 12 7 6 8 9 8 6 20 
53 14 49 4 53 10 1 29 22 7 50 
54 14 54 61 61 17 68 47 50 68 67 
768 610 745 901 836 604 606 676 459 309 928 
6 6 6 6 6 6 6 6 3 3 3 3 3 3 3 3 3 3 3 3 9 9 9 9 9 9 5 5 5 5 5 5 1 1 1 1 1 1 1 1 1 1 1 1 1 1 1 1 1 1 1 1 5 5 5 5 5 5 8 8 8 8 8 8 8 8 7 7 7 7 7 7 7 7 7 7 7 7 7 7 7 7 7 7 2 2 2 2 2 2 2 2 2 2 2 8 8 8 8 8 8 8 8 10 10 10 10 10 10 10 10 10 10 10 10 10 10 10 10 10 10 10 10 0 0 0 4 4 4 4 4 4 4 0 0 0 2 2 2 2 2 2 2 2 2 2 2 3 3 3 3 3 3 3 3 3 3 3 3 4 4 4 4 4 4 4 10 10 10 10 10 10 10 10 10 10 10 10 10 10 10 10 10 10 10 10 6 6 6 6 6 6 6 6 9 9 9 9 9 9 