558
100
2
2 2 2 2 2 2 2 2 2 2 2 2 2 2 6 6 8 8 11 11 11 11 12 12 12 12 12 12 12 14 14 14 14 14 14 14 14 14 14 14 14 14 15 15 15 15 15 15 15 15 15 15 17 17 17 17 17 17 18 18 18 18 19 19 19 21 21 21 21 21 23 23 23 23 23 24 24 24 25 25 25 25 25 25 25 25 25 25 25 27 27 27 27 27 27 27 29 31 31 31 31 31 31 31 31 31 32 32 34 34 34 34 34 34 34 40 40 40 40 40 40 40 40 41 41 41 41 41 41 41 41 41 41 44 47 48 48 48 48 48 48 48 52 52 52 52 52 52 52 52 53 53 53 53 53 53 53 55 55 55 55 56 56 56 57 57 57 57 57 57 57 57 57 57 57 57 57 57 59 59 59 59 60 60 60 60 60 66 66 66 66 66 66 66 69 70 70 70 70 70 
164 165 166 167 168 169 170 171 172 173 174 175 176 177 16 17 14 15 157 158 159 160 108 109 110 111 112 113 114 178 179 180 181 104 105 89 90 91 92 93 94 95 78 79 80 81 82 182 183 184 185 186 83 84 85 86 87 88 75 76 77 194 129 130 131 195 196 197 198 199 145 146 147 148 149 58 59 60 42 43 44 45 46 52 53 54 55 56 57 35 36 37 38 39 40 41 132 187 188 189 190 191 192 193 33 34 115 116 22 23 24 25 26 27 28 106 107 123 124 125 126 127 128 117 118 119 120 121 122 62 63 64 96 134 133 150 151 152 153 154 155 156 161 162 163 70 71 72 73 74 135 136 137 138 139 140 141 18 19 20 21 142 143 144 0 1 2 3 4 5 6 7 8 9 10 11 12 13 29 30 31 32 47 48 49 50 51 97 98 99 100 101 102 103 61 65 66 67 68 69 
321 321 321 321 321 321 321 321 321 321 321 321 321 321 413 413 413 413 187 187 187 187 889 889 889 889 889 889 889 986 986 986 986 307 307 730 730 730 730 730 730 730 498 498 498 498 498 330 330 330 330 330 675 675 675 675 675 675 990 990 990 539 498 498 498 480 480 480 480 480 999 999 999 999 999 990 990 990 498 498 498 498 498 675 675 675 675 675 675 730 730 730 730 730 730 730 764 695 695 695 695 695 695 695 307 307 875 875 889 889 889 889 889 889 889 875 875 165 165 165 165 165 165 165 165 165 165 165 165 498 498 498 764 328 328 921 921 921 921 921 921 921 826 826 826 999 999 999 999 999 921 921 921 921 921 921 921 187 187 187 187 826 826 826 321 321 321 321 321 321 321 321 321 321 321 321 321 321 986 986 986 986 330 330 330 330 330 695 695 695 695 695 695 695 539 480 480 480 480 480 
0 1 2 3 4 5 6 7 8 9 10 11 12 13 14 15 14 15 16 17 18 19 20 21 22 23 24 25 26 27 28 29 30 31 32 33 34 35 36 37 38 39 40 41 42 43 44 45 46 47 48 49 50 51 52 53 54 55 56 57 58 59 60 61 62 63 64 65 66 67 68 69 70 71 72 56 57 58 40 41 42 43 44 50 51 52 53 54 55 33 34 35 36 37 38 39 73 74 75 76 77 78 79 80 31 32 81 82 20 21 22 23 24 25 26 81 82 83 84 85 86 87 88 83 84 85 86 87 88 60 61 62 73 89 89 90 91 92 93 94 95 96 97 98 99 68 69 70 71 72 90 91 92 93 94 95 96 16 17 18 19 97 98 99 0 1 2 3 4 5 6 7 8 9 10 11 12 13 27 28 29 30 45 46 47 48 49 74 75 76 77 78 79 80 59 63 64 65 66 67 
60169
22
3 7 7 7 2 3 2 4 2 5 5 1 6 4 6 7 5 3 1 1 5 14 
52 48 31 12 32 18 6 14 14 15 23 44 40 11 17 14 21 19 29 18 15 2 
56 53 66 34 40 24 8 59 31 25 52 47 41 55 25 27 70 41 41 69 60 57 
826 921 695 889 875 990 413 986 307 498 999 328 165 187 675 730 480 498 764 539 330 321 
21 21 21 21 21 21 21 21 21 21 21 21 21 21 6 6 6 6 13 13 13 13 3 3 3 3 3 3 3 7 7 7 7 8 8 15 15 15 15 15 15 15 9 9 9 9 9 20 20 20 20 20 14 14 14 14 14 14 5 5 5 19 17 17 17 16 16 16 16 16 10 10 10 10 10 5 5 5 9 9 9 9 9 14 14 14 14 14 14 15 15 15 15 15 15 15 18 2 2 2 2 2 2 2 8 8 4 4 3 3 3 3 3 3 3 4 4 12 12 12 12 12 12 12 12 12 12 12 12 17 17 17 18 11 11 1 1 1 1 1 1 1 0 0 0 10 10 10 10 10 1 1 1 1 1 1 1 13 13 13 13 0 0 0 21 21 21 21 21 21 21 21 21 21 21 21 21 21 7 7 7 7 20 20 20 20 20 2 2 2 2 2 2 2 19 16 16 16 16 16 