106
100
2
2 2 2 2 2 2 3 3 4 4 9 9 9 9 9 12 12 12 12 12 12 12 12 12 13 13 13 13 13 13 13 13 13 14 14 14 14 14 14 14 15 15 15 15 15 15 15 15 15 19 19 19 19 19 19 19 19 19 22 22 22 22 22 22 22 23 23 23 23 23 23 26 26 27 27 27 27 27 27 27 28 28 28 28 28 28 28 28 28 28 28 28 28 31 31 31 31 31 32 32 32 32 32 32 32 36 36 36 36 36 36 36 38 38 40 40 40 40 40 40 40 40 40 40 40 42 42 42 42 42 42 42 42 42 43 43 43 43 43 43 43 43 45 45 45 45 45 45 45 45 45 48 48 49 49 49 49 49 49 49 49 49 50 50 51 51 51 51 51 51 51 51 53 53 53 53 53 53 54 54 54 54 54 54 60 60 60 60 60 60 60 60 66 66 66 66 66 66 66 66 
172 173 174 175 176 177 8 9 6 7 93 94 95 96 97 49 50 51 52 53 54 55 56 57 125 126 127 128 129 130 131 132 133 73 74 75 76 77 78 79 91 92 98 99 100 101 102 103 104 15 16 17 18 19 20 21 22 23 105 106 107 108 109 110 111 178 179 180 181 182 183 162 163 33 34 35 36 37 38 39 114 115 116 117 118 119 120 121 122 123 124 40 41 10 11 12 13 14 42 43 44 45 46 47 48 58 59 60 61 62 63 64 151 152 80 81 82 83 84 85 86 87 88 89 90 24 25 26 27 28 29 30 31 32 164 165 166 167 168 169 170 171 153 154 155 156 157 158 159 160 161 112 113 142 143 144 145 146 147 148 149 150 71 72 134 135 136 137 138 139 140 141 0 1 2 3 4 5 65 66 67 68 69 70 192 193 194 195 196 197 198 199 184 185 186 187 188 189 190 191 
528 528 528 528 528 528 305 305 305 305 586 586 586 586 586 749 749 749 749 749 749 749 749 749 502 502 502 502 502 502 502 502 502 480 480 480 480 480 480 480 245 245 180 180 180 180 180 180 180 749 749 749 749 749 749 749 749 749 759 759 759 759 759 759 759 937 937 937 937 937 937 206 206 480 480 480 480 480 480 480 443 443 443 443 443 443 443 443 443 443 443 245 245 586 586 586 586 586 180 180 180 180 180 180 180 759 759 759 759 759 759 759 557 557 443 443 443 443 443 443 443 443 443 443 443 502 502 502 502 502 502 502 502 502 159 159 159 159 159 159 159 159 344 344 344 344 344 344 344 344 344 557 557 344 344 344 344 344 344 344 344 344 206 206 159 159 159 159 159 159 159 159 528 528 528 528 528 528 937 937 937 937 937 937 980 980 980 980 980 980 980 980 980 980 980 980 980 980 980 980 
0 1 2 3 4 5 6 7 6 7 8 9 10 11 12 13 14 15 16 17 18 19 20 21 22 23 24 25 26 27 28 29 30 31 32 33 34 35 36 37 38 39 40 41 42 43 44 45 46 13 14 15 16 17 18 19 20 21 47 48 49 50 51 52 53 54 55 56 57 58 59 60 61 31 32 33 34 35 36 37 62 63 64 65 66 67 68 69 70 71 72 38 39 8 9 10 11 12 40 41 42 43 44 45 46 47 48 49 50 51 52 53 73 74 62 63 64 65 66 67 68 69 70 71 72 22 23 24 25 26 27 28 29 30 75 76 77 78 79 80 81 82 83 84 85 86 87 88 89 90 91 73 74 83 84 85 86 87 88 89 90 91 60 61 75 76 77 78 79 80 81 82 0 1 2 3 4 5 54 55 56 57 58 59 92 93 94 95 96 97 98 99 92 93 94 95 96 97 98 99 
52619
16
2 6 11 8 2 5 7 9 2 9 2 8 7 6 7 9 
26 23 28 60 15 9 22 13 3 12 38 43 14 2 15 45 
50 54 40 66 28 31 36 42 4 19 48 51 27 53 32 49 
206 937 443 980 245 586 759 502 305 749 557 159 480 528 180 344 
13 13 13 13 13 13 8 8 8 8 5 5 5 5 5 9 9 9 9 9 9 9 9 9 7 7 7 7 7 7 7 7 7 12 12 12 12 12 12 12 4 4 14 14 14 14 14 14 14 9 9 9 9 9 9 9 9 9 6 6 6 6 6 6 6 1 1 1 1 1 1 0 0 12 12 12 12 12 12 12 2 2 2 2 2 2 2 2 2 2 2 4 4 5 5 5 5 5 14 14 14 14 14 14 14 6 6 6 6 6 6 6 10 10 2 2 2 2 2 2 2 2 2 2 2 7 7 7 7 7 7 7 7 7 11 11 11 11 11 11 11 11 15 15 15 15 15 15 15 15 15 10 10 15 15 15 15 15 15 15 15 15 0 0 11 11 11 11 11 11 11 11 13 13 13 13 13 13 1 1 1 1 1 1 3 3 3 3 3 3 3 3 3 3 3 3 3 3 3 3 