109
100
2
2 2 2 2 2 3 3 4 4 4 4 4 5 5 5 5 5 6 6 8 8 8 8 8 8 8 8 8 8 8 8 8 8 8 8 8 8 11 11 11 11 11 13 13 13 13 15 15 16 16 19 19 19 19 19 19 19 19 19 22 22 22 22 22 22 23 23 23 23 23 25 25 25 25 25 26 26 26 26 26 27 27 27 27 27 27 27 27 27 27 28 29 29 30 30 30 30 30 37 37 37 37 37 37 37 37 37 37 38 38 39 41 41 41 41 41 41 41 41 41 43 43 43 43 45 45 45 45 45 45 45 50 50 50 50 50 50 50 53 53 53 53 53 53 53 53 53 53 53 53 53 53 53 53 53 53 53 53 53 53 55 55 55 55 55 58 58 58 58 59 59 59 59 59 59 59 60 64 64 64 64 64 65 65 65 65 65 65 65 66 66 66 66 66 68 68 70 70 70 70 
7 73 74 194 195 46 47 0 165 166 167 168 189 190 191 192 193 187 188 176 143 144 145 146 147 148 149 150 151 152 153 154 155 156 157 158 159 177 178 179 180 181 76 77 78 79 5 6 91 92 182 183 184 185 186 98 99 100 101 102 103 104 105 106 107 85 86 87 88 89 138 139 140 1 2 131 42 43 44 45 115 116 117 118 119 65 66 67 68 69 137 48 49 160 161 162 163 164 55 56 57 58 59 60 61 62 63 64 141 142 136 196 197 198 199 80 81 82 83 84 132 133 134 135 169 170 171 172 173 174 175 75 120 121 122 123 110 90 70 71 72 108 109 20 21 22 23 24 25 26 27 28 29 30 31 32 33 34 35 36 93 94 95 96 97 8 9 10 11 124 125 126 127 128 129 130 19 37 38 39 40 41 50 51 52 53 54 17 18 12 13 14 15 16 3 4 111 112 113 114 
439 325 325 676 676 389 389 439 349 349 349 349 776 776 776 776 776 378 378 830 706 706 706 706 706 706 706 706 706 706 706 706 706 706 706 706 706 801 801 801 801 801 454 454 454 454 389 389 543 543 448 448 448 448 448 377 377 377 377 698 698 698 698 698 698 595 595 595 595 595 664 664 664 325 325 231 454 454 454 454 956 956 956 956 956 595 595 595 595 595 314 543 543 974 974 974 974 974 377 377 377 377 698 698 698 698 698 698 287 287 697 766 766 766 766 956 956 956 956 956 626 626 626 626 646 646 646 646 646 646 646 231 626 626 626 626 697 314 664 664 664 287 287 706 706 706 706 706 706 706 706 706 706 706 706 706 706 706 706 706 974 974 974 974 974 349 349 349 349 646 646 646 646 646 646 646 830 801 801 801 801 801 448 448 448 448 448 378 378 776 776 776 776 776 676 676 766 766 766 766 
0 1 2 3 4 5 6 0 7 8 9 10 11 12 13 14 15 16 17 18 19 20 21 22 23 24 25 26 27 28 29 30 31 32 33 34 35 36 37 38 39 40 41 42 43 44 5 6 45 46 47 48 49 50 51 52 53 54 55 56 57 58 59 60 61 62 63 64 65 66 67 68 69 1 2 70 41 42 43 44 71 72 73 74 75 62 63 64 65 66 76 45 46 77 78 79 80 81 52 53 54 55 56 57 58 59 60 61 82 83 84 85 86 87 88 71 72 73 74 75 89 90 91 92 93 94 95 96 97 98 99 70 89 90 91 92 84 76 67 68 69 82 83 19 20 21 22 23 24 25 26 27 28 29 30 31 32 33 34 35 77 78 79 80 81 7 8 9 10 93 94 95 96 97 98 99 18 36 37 38 39 40 47 48 49 50 51 16 17 11 12 13 14 15 3 4 85 86 87 88 
63449
26
7 1 1 4 3 5 2 2 4 5 1 5 1 4 2 4 1 2 5 5 4 5 2 2 6 17 
45 26 2 43 25 30 3 2 13 11 39 19 28 19 16 41 8 38 27 5 4 23 6 2 22 8 
59 50 4 50 53 55 15 25 26 64 50 65 50 37 29 70 60 53 41 66 58 27 65 68 37 53 
646 231 439 626 664 974 389 325 454 801 697 448 314 377 543 766 830 287 956 776 349 595 378 676 698 706 
2 7 7 23 23 6 6 2 20 20 20 20 19 19 19 19 19 22 22 16 25 25 25 25 25 25 25 25 25 25 25 25 25 25 25 25 25 9 9 9 9 9 8 8 8 8 6 6 14 14 11 11 11 11 11 13 13 13 13 24 24 24 24 24 24 21 21 21 21 21 4 4 4 7 7 1 8 8 8 8 18 18 18 18 18 21 21 21 21 21 12 14 14 5 5 5 5 5 13 13 13 13 24 24 24 24 24 24 17 17 10 15 15 15 15 18 18 18 18 18 3 3 3 3 0 0 0 0 0 0 0 1 3 3 3 3 10 12 4 4 4 17 17 25 25 25 25 25 25 25 25 25 25 25 25 25 25 25 25 25 5 5 5 5 5 20 20 20 20 0 0 0 0 0 0 0 16 9 9 9 9 9 11 11 11 11 11 22 22 19 19 19 19 19 23 23 15 15 15 15 