728
100
2
3 3 3 3 3 3 3 3 3 3 3 3 3 3 3 3 3 3 3 3 3 3 3 3 4 4 4 4 4 4 4 4 4 4 4 4 4 4 4 4 4 4 4 4 6 6 6 6 6 6 6 6 6 6 6 17 17 17 17 17 17 17 17 17 17 17 17 17 17 17 17 22 22 22 22 22 22 22 22 23 23 23 23 23 23 23 23 29 29 29 31 31 31 31 31 37 37 37 38 38 38 38 38 38 38 38 38 38 42 42 42 42 42 42 42 42 42 42 42 42 42 42 42 42 42 42 42 42 42 47 47 47 47 47 47 47 47 47 47 47 47 47 47 47 47 47 47 47 47 51 51 51 51 51 51 51 51 51 51 51 51 58 58 58 58 58 58 58 59 59 59 59 59 59 59 63 63 63 63 63 63 63 63 67 67 67 67 67 69 69 69 69 69 69 69 69 69 69 69 69 
175 176 177 178 179 180 181 182 55 56 57 58 59 60 61 62 63 64 65 66 67 68 69 70 129 130 131 132 133 134 135 136 137 138 139 140 141 142 143 144 145 146 147 148 118 119 120 121 122 123 124 125 126 127 128 8 9 10 11 12 13 14 15 16 17 18 19 20 21 22 23 79 80 81 82 83 84 85 86 71 72 73 74 75 76 77 78 95 96 97 183 184 185 186 187 87 88 89 108 109 110 111 112 113 114 115 116 117 98 99 100 101 102 103 104 105 106 107 44 45 46 47 48 49 50 51 52 53 54 24 25 26 27 28 29 30 31 32 33 34 35 36 37 38 39 40 41 42 43 188 189 190 191 192 193 194 195 196 197 198 199 168 169 170 171 172 173 174 161 162 163 164 165 166 167 0 1 2 3 4 5 6 7 90 91 92 93 94 149 150 151 152 153 154 155 156 157 158 159 160 
428 428 428 428 428 428 428 428 524 524 524 524 524 524 524 524 524 524 524 524 524 524 524 524 437 437 437 437 437 437 437 437 437 437 437 437 437 437 437 437 437 437 437 437 277 277 277 277 277 277 277 277 277 277 277 524 524 524 524 524 524 524 524 524 524 524 524 524 524 524 524 895 895 895 895 895 895 895 895 895 895 895 895 895 895 895 895 727 727 727 347 347 347 347 347 727 727 727 313 313 313 313 313 313 313 313 313 313 313 313 313 313 313 313 313 313 313 313 277 277 277 277 277 277 277 277 277 277 277 437 437 437 437 437 437 437 437 437 437 437 437 437 437 437 437 437 437 437 437 573 573 573 573 573 573 573 573 573 573 573 573 152 152 152 152 152 152 152 152 152 152 152 152 152 152 428 428 428 428 428 428 428 428 347 347 347 347 347 573 573 573 573 573 573 573 573 573 573 573 573 
0 1 2 3 4 5 6 7 8 9 10 11 12 13 14 15 16 17 18 19 20 21 22 23 24 25 26 27 28 29 30 31 32 33 34 35 36 37 38 39 40 41 42 43 44 45 46 47 48 49 50 51 52 53 54 8 9 10 11 12 13 14 15 16 17 18 19 20 21 22 23 55 56 57 58 59 60 61 62 55 56 57 58 59 60 61 62 63 64 65 66 67 68 69 70 63 64 65 71 72 73 74 75 76 77 78 79 80 71 72 73 74 75 76 77 78 79 80 44 45 46 47 48 49 50 51 52 53 54 24 25 26 27 28 29 30 31 32 33 34 35 36 37 38 39 40 41 42 43 81 82 83 84 85 86 87 88 89 90 91 92 93 94 95 96 97 98 99 93 94 95 96 97 98 99 0 1 2 3 4 5 6 7 66 67 68 69 70 81 82 83 84 85 86 87 88 89 90 91 92 
45741
10
3 10 12 8 11 8 16 5 7 20 
29 38 51 3 6 22 3 31 58 4 
37 42 69 63 42 23 17 67 59 47 
727 313 573 428 277 895 524 347 152 437 
3 3 3 3 3 3 3 3 6 6 6 6 6 6 6 6 6 6 6 6 6 6 6 6 9 9 9 9 9 9 9 9 9 9 9 9 9 9 9 9 9 9 9 9 4 4 4 4 4 4 4 4 4 4 4 6 6 6 6 6 6 6 6 6 6 6 6 6 6 6 6 5 5 5 5 5 5 5 5 5 5 5 5 5 5 5 5 0 0 0 7 7 7 7 7 0 0 0 1 1 1 1 1 1 1 1 1 1 1 1 1 1 1 1 1 1 1 1 4 4 4 4 4 4 4 4 4 4 4 9 9 9 9 9 9 9 9 9 9 9 9 9 9 9 9 9 9 9 9 2 2 2 2 2 2 2 2 2 2 2 2 8 8 8 8 8 8 8 8 8 8 8 8 8 8 3 3 3 3 3 3 3 3 7 7 7 7 7 2 2 2 2 2 2 2 2 2 2 2 2 