922
100
2
5 5 5 5 5 5 5 5 5 5 5 6 6 6 6 6 6 6 6 6 6 6 6 6 6 6 6 6 6 6 6 6 8 8 8 8 8 8 8 8 9 9 10 10 10 10 10 10 10 12 12 12 12 12 12 12 13 13 13 13 19 19 19 19 19 19 19 19 19 19 19 22 22 22 22 22 22 22 22 23 23 23 23 23 23 23 23 23 23 25 25 25 25 25 25 25 25 25 27 27 28 28 28 28 28 28 28 28 28 28 30 30 30 30 30 30 30 30 30 30 41 41 41 41 47 47 47 47 47 47 47 47 47 47 48 48 48 48 48 48 48 48 48 53 53 53 53 53 53 53 53 53 55 55 58 58 58 58 58 58 58 58 58 58 59 59 59 62 62 62 62 62 62 62 63 63 63 63 63 63 63 63 69 69 69 69 69 69 69 70 70 70 70 70 70 70 70 70 70 70 
189 190 191 192 193 194 195 196 197 198 199 124 125 126 127 128 129 130 131 132 133 60 61 62 63 64 65 66 67 68 69 70 174 175 176 177 178 179 180 181 152 153 182 183 184 185 186 187 188 167 168 169 170 171 172 173 120 121 122 123 21 22 23 24 25 26 27 28 29 30 31 146 147 148 149 150 151 98 99 154 155 156 157 158 159 160 161 162 163 134 135 136 137 138 139 140 141 142 77 78 110 111 112 113 114 115 116 117 118 119 100 101 102 103 104 105 106 107 108 109 56 57 58 59 11 12 13 14 15 16 17 18 19 20 89 90 91 92 93 94 95 96 97 164 165 166 71 72 73 74 75 76 40 41 79 80 81 82 83 84 85 86 87 88 143 144 145 49 50 51 52 53 54 55 32 33 34 35 36 37 38 39 42 43 44 45 46 47 48 0 1 2 3 4 5 6 7 8 9 10 
571 571 571 571 571 571 571 571 571 571 571 347 347 347 347 347 347 347 347 347 347 978 978 978 978 978 978 978 978 978 978 978 240 240 240 240 240 240 240 240 484 484 782 782 782 782 782 782 782 768 768 768 768 768 768 768 462 462 462 462 978 978 978 978 978 978 978 978 978 978 978 245 245 245 245 245 245 748 748 578 578 578 578 578 578 578 578 578 578 924 924 924 924 924 924 924 924 924 748 748 755 755 755 755 755 755 755 755 755 755 755 755 755 755 755 755 755 755 755 755 462 462 462 462 347 347 347 347 347 347 347 347 347 347 924 924 924 924 924 924 924 924 924 345 345 345 245 245 245 245 245 245 484 484 578 578 578 578 578 578 578 578 578 578 345 345 345 768 768 768 768 768 768 768 240 240 240 240 240 240 240 240 782 782 782 782 782 782 782 571 571 571 571 571 571 571 571 571 571 571 
0 1 2 3 4 5 6 7 8 9 10 11 12 13 14 15 16 17 18 19 20 21 22 23 24 25 26 27 28 29 30 31 32 33 34 35 36 37 38 39 40 41 42 43 44 45 46 47 48 49 50 51 52 53 54 55 56 57 58 59 21 22 23 24 25 26 27 28 29 30 31 60 61 62 63 64 65 66 67 68 69 70 71 72 73 74 75 76 77 78 79 80 81 82 83 84 85 86 66 67 87 88 89 90 91 92 93 94 95 96 87 88 89 90 91 92 93 94 95 96 56 57 58 59 11 12 13 14 15 16 17 18 19 20 78 79 80 81 82 83 84 85 86 97 98 99 60 61 62 63 64 65 40 41 68 69 70 71 72 73 74 75 76 77 97 98 99 49 50 51 52 53 54 55 32 33 34 35 36 37 38 39 42 43 44 45 46 47 48 0 1 2 3 4 5 6 7 8 9 10 
61742
14
8 4 3 6 10 10 7 10 11 2 2 11 7 9 
8 13 53 22 28 6 10 23 6 9 22 5 12 25 
63 41 59 53 30 47 69 58 19 55 27 70 62 48 
240 462 345 245 755 347 782 578 978 484 748 571 768 924 
11 11 11 11 11 11 11 11 11 11 11 5 5 5 5 5 5 5 5 5 5 8 8 8 8 8 8 8 8 8 8 8 0 0 0 0 0 0 0 0 9 9 6 6 6 6 6 6 6 12 12 12 12 12 12 12 1 1 1 1 8 8 8 8 8 8 8 8 8 8 8 3 3 3 3 3 3 10 10 7 7 7 7 7 7 7 7 7 7 13 13 13 13 13 13 13 13 13 10 10 4 4 4 4 4 4 4 4 4 4 4 4 4 4 4 4 4 4 4 4 1 1 1 1 5 5 5 5 5 5 5 5 5 5 13 13 13 13 13 13 13 13 13 2 2 2 3 3 3 3 3 3 9 9 7 7 7 7 7 7 7 7 7 7 2 2 2 12 12 12 12 12 12 12 0 0 0 0 0 0 0 0 6 6 6 6 6 6 6 11 11 11 11 11 11 11 11 11 11 11 