827
100
2
1 1 1 1 1 1 1 2 2 2 2 6 6 6 6 6 6 6 6 6 6 6 8 8 8 8 8 9 9 9 9 10 10 10 10 10 10 10 10 10 10 10 10 10 10 10 10 10 13 13 14 14 14 14 14 14 14 15 15 15 15 15 16 16 16 16 16 16 16 16 16 16 16 16 17 17 17 17 17 17 18 18 18 18 18 18 18 22 22 22 23 23 23 23 23 27 27 27 27 27 27 27 27 27 28 28 28 28 28 28 29 29 29 29 29 29 29 34 34 40 40 40 40 40 40 40 41 41 43 43 43 43 43 43 43 43 43 43 43 43 43 43 43 43 47 47 47 47 47 47 47 47 47 47 47 47 47 47 49 49 49 49 49 49 49 49 49 50 50 50 50 50 50 50 50 50 50 55 55 56 56 56 56 56 56 56 56 56 56 56 56 56 56 60 60 60 60 60 60 60 
144 145 146 147 148 149 150 95 96 97 98 37 38 39 40 41 42 43 44 45 46 47 57 58 59 60 61 167 168 169 170 179 180 181 182 183 86 11 12 13 14 15 16 17 18 19 20 21 126 127 119 120 121 122 123 124 125 22 23 24 25 26 90 91 92 93 94 130 131 132 133 134 135 136 171 172 173 174 175 176 104 105 106 107 108 109 36 101 102 103 62 63 64 65 66 7 8 9 10 128 129 87 88 89 80 81 82 83 84 85 193 194 195 196 197 198 199 177 178 50 51 52 53 54 55 56 48 49 99 100 67 68 69 70 71 72 73 151 152 153 154 155 156 157 0 1 2 3 4 5 6 137 138 139 140 141 142 143 184 185 186 187 188 189 190 191 192 27 28 29 30 74 75 76 77 78 79 117 118 31 32 33 34 35 158 159 160 161 162 163 164 165 166 110 111 112 113 114 115 116 
898 898 898 898 898 898 898 350 350 350 350 542 542 542 542 542 542 542 542 542 542 542 199 199 199 199 199 629 629 629 629 422 422 422 422 422 332 542 542 542 542 542 542 542 542 542 542 542 450 450 892 892 892 892 892 892 892 199 199 199 199 199 558 558 558 558 558 519 519 519 519 519 519 519 691 691 691 691 691 691 165 165 165 165 165 165 332 966 966 966 558 558 558 558 558 350 350 350 350 468 468 966 966 966 165 165 165 165 165 165 918 918 918 918 918 918 918 390 390 892 892 892 892 892 892 892 450 450 468 468 519 519 519 519 519 519 519 702 702 702 702 702 702 702 898 898 898 898 898 898 898 702 702 702 702 702 702 702 288 288 288 288 288 288 288 288 288 629 629 629 629 691 691 691 691 691 691 390 390 422 422 422 422 422 288 288 288 288 288 288 288 288 288 918 918 918 918 918 918 918 
0 1 2 3 4 5 6 7 8 9 10 11 12 13 14 15 16 17 18 19 20 21 22 23 24 25 26 27 28 29 30 31 32 33 34 35 36 11 12 13 14 15 16 17 18 19 20 21 37 38 39 40 41 42 43 44 45 22 23 24 25 26 46 47 48 49 50 51 52 53 54 55 56 57 58 59 60 61 62 63 64 65 66 67 68 69 36 70 71 72 46 47 48 49 50 7 8 9 10 73 74 70 71 72 64 65 66 67 68 69 75 76 77 78 79 80 81 82 83 39 40 41 42 43 44 45 37 38 73 74 51 52 53 54 55 56 57 84 85 86 87 88 89 90 0 1 2 3 4 5 6 84 85 86 87 88 89 90 91 92 93 94 95 96 97 98 99 27 28 29 30 58 59 60 61 62 63 82 83 31 32 33 34 35 91 92 93 94 95 96 97 98 99 75 76 77 78 79 80 81 
56850
19
5 5 4 6 5 7 2 1 7 4 9 7 6 7 2 2 7 3 11 
10 16 2 18 8 14 27 10 1 9 49 16 17 29 13 34 43 22 6 
56 23 27 28 15 40 43 18 47 50 56 43 50 60 41 55 47 27 10 
422 558 350 165 199 892 468 332 898 629 288 519 691 918 450 390 702 966 542 
8 8 8 8 8 8 8 2 2 2 2 18 18 18 18 18 18 18 18 18 18 18 4 4 4 4 4 9 9 9 9 0 0 0 0 0 7 18 18 18 18 18 18 18 18 18 18 18 14 14 5 5 5 5 5 5 5 4 4 4 4 4 1 1 1 1 1 11 11 11 11 11 11 11 12 12 12 12 12 12 3 3 3 3 3 3 7 17 17 17 1 1 1 1 1 2 2 2 2 6 6 17 17 17 3 3 3 3 3 3 13 13 13 13 13 13 13 15 15 5 5 5 5 5 5 5 14 14 6 6 11 11 11 11 11 11 11 16 16 16 16 16 16 16 8 8 8 8 8 8 8 16 16 16 16 16 16 16 10 10 10 10 10 10 10 10 10 9 9 9 9 12 12 12 12 12 12 15 15 0 0 0 0 0 10 10 10 10 10 10 10 10 10 13 13 13 13 13 13 13 