128
100
2
4 4 4 4 4 4 4 5 5 5 5 5 7 7 7 10 10 10 10 10 10 10 11 13 13 13 13 14 14 14 14 14 14 14 14 14 14 14 14 14 14 14 14 15 15 15 15 15 15 15 17 17 17 17 19 19 19 19 19 19 19 19 23 23 23 23 23 23 23 23 23 23 23 23 23 23 23 23 23 23 23 25 25 25 25 25 25 26 26 26 29 29 29 29 29 29 30 30 30 31 31 33 33 33 33 33 33 34 34 34 34 35 35 37 37 37 37 38 38 38 38 38 40 42 42 42 42 42 42 42 43 43 43 43 43 43 47 47 47 47 49 49 49 49 49 49 49 49 49 49 49 49 49 49 49 49 51 51 51 51 51 51 52 56 57 57 57 57 57 57 57 57 57 58 58 58 58 60 60 62 62 62 62 62 62 67 67 67 67 67 68 68 68 68 68 69 69 69 70 70 
87 88 89 29 30 31 32 117 118 119 120 121 62 63 64 113 114 115 116 96 97 98 179 107 108 109 110 136 137 3 4 5 6 54 55 56 57 58 180 181 182 183 184 162 156 157 158 159 160 161 173 174 175 176 33 34 35 36 37 195 196 197 12 13 14 140 141 142 143 144 145 146 147 148 149 150 151 152 153 154 155 198 199 101 102 103 104 0 1 2 130 131 132 133 134 135 19 20 21 138 139 83 84 85 86 177 178 23 24 25 26 171 172 15 16 17 18 7 8 9 10 11 163 164 165 166 167 168 169 170 90 91 92 93 94 95 27 28 99 100 65 66 67 68 69 70 71 72 73 74 75 76 77 78 79 80 44 45 46 47 48 49 43 122 123 124 125 126 127 128 129 111 112 50 51 52 53 105 106 22 38 39 40 41 42 190 191 192 193 194 185 186 187 188 189 59 60 61 81 82 
500 500 500 514 514 514 514 955 955 955 955 955 373 373 373 545 545 545 545 520 520 520 379 877 877 877 877 810 810 514 514 514 514 290 290 290 290 290 152 152 152 152 152 836 472 472 472 472 472 472 646 646 646 646 290 290 290 290 290 859 859 859 373 373 373 337 337 337 337 337 337 337 337 337 337 337 337 337 337 337 337 251 251 968 968 968 968 500 500 500 479 479 479 479 479 479 520 520 520 207 207 968 968 968 968 725 725 877 877 877 877 240 240 545 545 545 545 955 955 955 955 955 224 481 481 481 481 481 481 481 479 479 479 479 479 479 810 810 207 207 337 337 337 337 337 337 337 337 337 337 337 337 337 337 337 337 472 472 472 472 472 472 836 224 481 481 481 481 481 481 481 240 240 646 646 646 646 725 725 379 152 152 152 152 152 558 558 558 558 558 558 558 558 558 558 859 859 859 251 251 
0 1 2 3 4 5 6 7 8 9 10 11 12 13 14 15 16 17 18 19 20 21 22 23 24 25 26 27 28 3 4 5 6 29 30 31 32 33 34 35 36 37 38 39 40 41 42 43 44 45 46 47 48 49 29 30 31 32 33 50 51 52 12 13 14 53 54 55 56 57 58 59 60 61 62 63 64 65 66 67 68 69 70 71 72 73 74 0 1 2 75 76 77 78 79 80 19 20 21 81 82 71 72 73 74 83 84 23 24 25 26 85 86 15 16 17 18 7 8 9 10 11 87 88 89 90 91 92 93 94 75 76 77 78 79 80 27 28 81 82 53 54 55 56 57 58 59 60 61 62 63 64 65 66 67 68 40 41 42 43 44 45 39 87 88 89 90 91 92 93 94 85 86 46 47 48 49 83 84 22 34 35 36 37 38 95 96 97 98 99 95 96 97 98 99 50 51 52 69 70 
51101
25
2 4 1 4 5 3 4 6 7 5 1 4 5 3 2 1 6 2 3 2 4 3 2 5 16 
14 10 15 13 67 4 4 15 42 14 11 17 14 7 35 40 29 25 10 31 25 19 33 5 23 
47 37 52 34 68 26 14 51 57 19 62 58 62 23 57 56 43 70 30 47 33 69 60 38 49 
810 545 836 877 558 500 514 472 481 290 379 646 152 373 240 224 479 251 520 207 968 859 725 955 337 
5 5 5 6 6 6 6 23 23 23 23 23 13 13 13 1 1 1 1 18 18 18 10 3 3 3 3 0 0 6 6 6 6 9 9 9 9 9 12 12 12 12 12 2 7 7 7 7 7 7 11 11 11 11 9 9 9 9 9 21 21 21 13 13 13 24 24 24 24 24 24 24 24 24 24 24 24 24 24 24 24 17 17 20 20 20 20 5 5 5 16 16 16 16 16 16 18 18 18 19 19 20 20 20 20 22 22 3 3 3 3 14 14 1 1 1 1 23 23 23 23 23 15 8 8 8 8 8 8 8 16 16 16 16 16 16 0 0 19 19 24 24 24 24 24 24 24 24 24 24 24 24 24 24 24 24 7 7 7 7 7 7 2 15 8 8 8 8 8 8 8 14 14 11 11 11 11 22 22 10 12 12 12 12 12 4 4 4 4 4 4 4 4 4 4 21 21 21 17 17 