822
100
2
1 3 3 3 3 3 3 5 5 5 5 14 14 14 14 14 14 14 16 16 17 17 17 17 20 20 20 20 20 20 20 21 21 21 21 21 21 23 23 23 24 24 24 25 25 25 25 26 27 30 30 30 30 30 30 30 30 30 30 30 30 31 32 32 32 32 33 35 35 35 35 35 35 35 35 35 35 35 35 35 35 36 36 36 36 36 36 36 36 36 36 36 36 36 36 36 36 36 37 38 38 38 38 38 38 38 41 44 44 44 44 44 44 46 49 49 49 49 49 50 50 50 50 50 50 52 52 52 52 52 52 52 54 54 54 54 54 54 54 55 55 55 58 58 58 58 61 61 61 61 61 62 62 62 62 62 63 63 63 63 63 63 63 65 65 65 65 65 65 65 65 65 65 65 65 65 65 65 65 65 66 66 66 66 66 66 66 67 67 67 67 67 67 67 67 67 67 67 67 70 
47 107 108 109 110 111 112 135 136 137 138 156 157 158 159 160 161 162 113 198 77 78 79 80 142 143 144 145 37 38 39 49 50 51 52 53 54 28 29 30 132 133 134 62 63 64 65 0 98 31 32 33 34 35 36 192 193 194 195 196 197 199 43 44 45 46 106 180 181 182 183 184 185 186 119 120 121 20 21 22 23 163 164 165 166 167 168 169 170 171 172 173 174 175 176 177 178 179 48 125 126 127 128 129 130 131 66 1 2 3 4 5 6 18 151 152 153 154 155 74 75 76 139 140 141 99 100 101 102 103 104 105 40 41 42 7 8 9 10 122 123 124 24 25 26 27 187 188 189 190 191 114 115 116 117 118 11 12 13 14 15 16 17 81 82 83 84 85 86 87 88 89 90 91 92 93 94 95 96 97 67 68 69 70 71 72 73 146 147 148 149 150 55 56 57 58 59 60 19 61 
463 950 950 950 950 950 950 348 348 348 348 157 157 157 157 157 157 157 303 402 415 415 415 415 608 608 608 608 809 809 809 673 673 673 673 673 673 809 809 809 572 572 572 752 752 752 752 463 808 673 673 673 673 673 673 774 774 774 774 774 774 603 752 752 752 752 449 161 161 161 161 161 161 161 582 582 582 415 415 415 415 858 858 858 858 858 858 858 858 858 858 858 858 858 858 858 858 858 808 578 578 578 578 578 578 578 449 950 950 950 950 950 950 303 571 571 571 571 571 582 582 582 159 159 159 578 578 578 578 578 578 578 572 572 572 348 348 348 348 159 159 159 608 608 608 608 422 422 422 422 422 571 571 571 571 571 157 157 157 157 157 157 157 858 858 858 858 858 858 858 858 858 858 858 858 858 858 858 858 858 161 161 161 161 161 161 161 422 422 422 422 422 774 774 774 774 774 774 402 603 
0 1 2 3 4 5 6 7 8 9 10 11 12 13 14 15 16 17 18 19 20 21 22 23 24 25 26 27 28 29 30 31 32 33 34 35 36 28 29 30 37 38 39 40 41 42 43 0 44 31 32 33 34 35 36 45 46 47 48 49 50 51 40 41 42 43 52 53 54 55 56 57 58 59 60 61 62 20 21 22 23 63 64 65 66 67 68 69 70 71 72 73 74 75 76 77 78 79 44 80 81 82 83 84 85 86 52 1 2 3 4 5 6 18 87 88 89 90 91 60 61 62 92 93 94 80 81 82 83 84 85 86 37 38 39 7 8 9 10 92 93 94 24 25 26 27 95 96 97 98 99 87 88 89 90 91 11 12 13 14 15 16 17 63 64 65 66 67 68 69 70 71 72 73 74 75 76 77 78 79 53 54 55 56 57 58 59 95 96 97 98 99 45 46 47 48 49 50 19 51 
58091
23
7 6 6 1 7 3 5 4 6 4 7 4 1 3 4 1 1 1 5 1 3 3 17 
35 21 3 33 38 35 61 20 30 17 14 25 16 24 5 27 31 1 49 16 20 50 36 
66 30 44 41 52 50 67 58 67 35 63 32 46 54 54 37 70 26 62 67 23 55 65 
161 673 950 449 578 582 422 608 774 415 157 752 303 572 348 808 603 463 571 402 809 159 858 
17 2 2 2 2 2 2 14 14 14 14 10 10 10 10 10 10 10 12 19 9 9 9 9 7 7 7 7 20 20 20 1 1 1 1 1 1 20 20 20 13 13 13 11 11 11 11 17 15 1 1 1 1 1 1 8 8 8 8 8 8 16 11 11 11 11 3 0 0 0 0 0 0 0 5 5 5 9 9 9 9 22 22 22 22 22 22 22 22 22 22 22 22 22 22 22 22 22 15 4 4 4 4 4 4 4 3 2 2 2 2 2 2 12 18 18 18 18 18 5 5 5 21 21 21 4 4 4 4 4 4 4 13 13 13 14 14 14 14 21 21 21 7 7 7 7 6 6 6 6 6 18 18 18 18 18 10 10 10 10 10 10 10 22 22 22 22 22 22 22 22 22 22 22 22 22 22 22 22 22 0 0 0 0 0 0 0 6 6 6 6 6 8 8 8 8 8 8 19 16 