453
100
2
7 7 7 7 7 8 8 8 8 8 8 8 8 8 14 14 14 14 14 14 15 15 15 15 15 15 15 15 15 15 17 17 17 17 17 17 17 17 17 17 17 17 17 17 17 17 17 17 17 17 17 17 17 17 17 17 19 19 19 19 19 20 20 20 20 20 20 20 20 28 28 28 28 28 28 28 33 33 34 34 34 34 34 34 34 34 34 34 34 34 34 34 36 36 36 37 37 37 37 37 37 37 37 37 37 37 37 37 37 37 42 42 43 43 43 43 43 43 44 44 44 44 44 44 44 44 44 44 44 44 44 44 44 44 46 46 46 46 46 46 46 46 46 48 48 48 48 48 48 53 53 53 53 56 56 56 56 56 56 56 62 62 62 62 62 62 62 62 62 64 64 64 64 64 64 64 64 64 64 64 64 64 64 64 64 69 69 69 69 69 69 69 69 70 70 70 70 70 70 70 
56 57 58 59 60 160 161 162 163 164 165 166 167 168 143 144 145 146 147 148 37 38 39 40 41 42 43 44 45 46 153 154 155 156 157 158 159 20 21 22 23 24 25 26 27 28 29 176 177 178 179 180 181 182 183 184 0 1 2 3 4 102 103 104 105 106 107 108 109 169 170 171 172 173 174 175 110 111 185 186 187 188 189 190 191 192 112 113 114 115 116 117 197 198 199 127 128 129 130 131 132 133 61 62 63 64 65 66 67 68 76 77 86 87 88 89 90 91 134 135 136 137 138 139 140 141 142 95 96 97 98 99 100 101 118 119 120 121 122 123 124 125 126 14 15 16 17 18 19 193 194 195 196 30 31 32 33 34 35 36 5 6 7 8 9 10 11 12 13 69 70 71 72 73 74 75 47 48 49 50 51 52 53 54 55 78 79 80 81 82 83 84 85 149 150 151 152 92 93 94 
566 566 566 566 566 497 497 497 497 497 497 497 497 497 726 726 726 726 726 726 588 588 588 588 588 588 588 588 588 588 216 216 216 216 216 216 216 588 588 588 588 588 588 588 588 588 588 223 223 223 223 223 223 223 223 223 566 566 566 566 566 901 901 901 901 901 901 901 901 665 665 665 665 665 665 665 867 867 152 152 152 152 152 152 152 152 488 488 488 488 488 488 854 854 854 650 650 650 650 650 650 650 901 901 901 901 901 901 901 901 867 867 488 488 488 488 488 488 307 307 307 307 307 307 307 307 307 650 650 650 650 650 650 650 307 307 307 307 307 307 307 307 307 726 726 726 726 726 726 679 679 679 679 216 216 216 216 216 216 216 497 497 497 497 497 497 497 497 497 665 665 665 665 665 665 665 223 223 223 223 223 223 223 223 223 152 152 152 152 152 152 152 152 679 679 679 679 854 854 854 
0 1 2 3 4 5 6 7 8 9 10 11 12 13 14 15 16 17 18 19 20 21 22 23 24 25 26 27 28 29 30 31 32 33 34 35 36 20 21 22 23 24 25 26 27 28 29 37 38 39 40 41 42 43 44 45 0 1 2 3 4 46 47 48 49 50 51 52 53 54 55 56 57 58 59 60 61 62 63 64 65 66 67 68 69 70 71 72 73 74 75 76 77 78 79 80 81 82 83 84 85 86 46 47 48 49 50 51 52 53 61 62 71 72 73 74 75 76 87 88 89 90 91 92 93 94 95 80 81 82 83 84 85 86 87 88 89 90 91 92 93 94 95 14 15 16 17 18 19 96 97 98 99 30 31 32 33 34 35 36 5 6 7 8 9 10 11 12 13 54 55 56 57 58 59 60 37 38 39 40 41 42 43 44 45 63 64 65 66 67 68 69 70 96 97 98 99 77 78 79 
51390
15
9 7 8 9 7 4 6 7 10 3 6 2 8 5 9 
8 17 34 44 28 53 34 37 15 36 14 33 20 7 17 
62 56 69 46 64 70 43 44 17 70 48 42 37 19 64 
497 216 152 307 665 679 488 650 588 854 726 867 901 566 223 
13 13 13 13 13 0 0 0 0 0 0 0 0 0 10 10 10 10 10 10 8 8 8 8 8 8 8 8 8 8 1 1 1 1 1 1 1 8 8 8 8 8 8 8 8 8 8 14 14 14 14 14 14 14 14 14 13 13 13 13 13 12 12 12 12 12 12 12 12 4 4 4 4 4 4 4 11 11 2 2 2 2 2 2 2 2 6 6 6 6 6 6 9 9 9 7 7 7 7 7 7 7 12 12 12 12 12 12 12 12 11 11 6 6 6 6 6 6 3 3 3 3 3 3 3 3 3 7 7 7 7 7 7 7 3 3 3 3 3 3 3 3 3 10 10 10 10 10 10 5 5 5 5 1 1 1 1 1 1 1 0 0 0 0 0 0 0 0 0 4 4 4 4 4 4 4 14 14 14 14 14 14 14 14 14 2 2 2 2 2 2 2 2 5 5 5 5 9 9 9 