475
100
2
3 3 3 3 3 3 4 4 4 4 4 4 4 4 4 7 7 7 7 7 7 7 7 7 7 7 7 8 8 8 8 8 8 8 8 8 8 8 8 8 8 8 8 8 8 8 8 8 8 8 12 12 12 12 15 15 15 15 15 16 16 16 21 21 22 22 22 22 22 22 23 23 23 23 23 23 23 23 23 23 23 23 24 24 24 25 26 26 26 26 26 26 28 28 28 28 28 28 28 28 28 28 28 28 28 28 28 28 28 28 28 28 28 28 30 30 30 30 30 31 32 32 32 33 33 33 33 33 33 34 34 34 34 34 36 37 37 37 37 38 38 38 38 38 38 38 38 38 38 38 46 46 46 46 46 46 46 46 46 46 46 46 46 46 46 46 46 48 48 48 48 48 48 48 48 48 48 48 49 51 51 51 51 51 51 53 53 53 53 54 54 54 54 55 68 68 68 68 69 70 
21 22 23 24 25 26 86 87 88 89 90 91 120 121 122 16 15 18 17 20 19 0 1 2 3 4 5 123 124 125 126 127 128 59 60 61 153 154 155 156 157 158 159 160 161 162 163 164 165 166 189 190 191 192 173 174 175 176 177 33 34 35 92 93 179 180 181 182 183 184 143 144 145 146 147 148 102 103 104 105 106 107 150 151 152 199 6 7 8 9 10 11 62 63 95 94 97 96 99 98 101 100 76 77 78 79 80 81 109 108 111 110 113 112 129 130 131 132 133 149 12 13 14 27 28 29 30 31 32 114 115 116 117 118 198 185 186 187 188 194 195 196 197 70 71 72 73 74 75 119 82 83 84 36 37 38 39 40 41 42 43 44 45 46 47 48 49 168 167 170 169 172 171 54 55 56 57 58 193 64 65 66 67 68 69 135 136 137 138 50 51 52 53 178 139 140 141 142 134 85 
313 313 313 313 313 313 933 933 933 933 933 933 953 953 953 253 253 253 253 253 253 313 313 313 313 313 313 857 857 857 857 857 857 879 879 879 970 970 970 970 970 970 970 970 970 970 970 970 970 970 483 483 483 483 645 645 645 645 645 879 879 879 934 934 407 407 407 407 407 407 874 874 874 874 874 874 269 269 269 269 269 269 502 502 502 622 933 933 933 933 933 933 934 934 836 836 836 836 836 836 836 836 269 269 269 269 269 269 427 427 427 427 427 427 182 182 182 182 182 217 953 953 953 857 857 857 857 857 857 182 182 182 182 182 930 299 299 299 299 847 847 847 847 874 874 874 874 874 874 217 502 502 502 970 970 970 970 970 970 970 970 970 970 970 970 970 970 695 695 695 695 695 695 645 645 645 645 645 169 407 407 407 407 407 407 299 299 299 299 483 483 483 483 169 847 847 847 847 930 622 
0 1 2 3 4 5 6 7 8 9 10 11 12 13 14 15 15 16 16 17 17 0 1 2 3 4 5 18 19 20 21 22 23 24 25 26 27 28 29 30 31 32 33 34 35 36 37 38 39 40 41 42 43 44 45 46 47 48 49 24 25 26 50 51 52 53 54 55 56 57 58 59 60 61 62 63 64 65 66 67 68 69 70 71 72 73 6 7 8 9 10 11 50 51 74 74 75 75 76 76 77 77 64 65 66 67 68 69 78 78 79 79 80 80 81 82 83 84 85 86 12 13 14 18 19 20 21 22 23 81 82 83 84 85 87 88 89 90 91 92 93 94 95 58 59 60 61 62 63 86 70 71 72 27 28 29 30 31 32 33 34 35 36 37 38 39 40 96 96 97 97 98 98 45 46 47 48 49 99 52 53 54 55 56 57 88 89 90 91 41 42 43 44 99 92 93 94 95 87 73 
64426
24
1 4 6 5 2 3 4 5 6 1 4 6 6 3 6 1 6 4 3 1 3 3 3 14 
25 37 4 30 21 48 38 15 23 36 28 22 23 7 3 49 8 12 4 31 24 8 28 8 
70 53 26 34 28 48 68 48 38 69 28 51 28 7 7 55 33 54 32 38 46 16 28 46 
622 299 933 182 934 695 847 645 874 930 836 407 269 253 313 169 857 483 953 217 502 879 427 970 
14 14 14 14 14 14 2 2 2 2 2 2 18 18 18 13 13 13 13 13 13 14 14 14 14 14 14 16 16 16 16 16 16 21 21 21 23 23 23 23 23 23 23 23 23 23 23 23 23 23 17 17 17 17 7 7 7 7 7 21 21 21 4 4 11 11 11 11 11 11 8 8 8 8 8 8 12 12 12 12 12 12 20 20 20 0 2 2 2 2 2 2 4 4 10 10 10 10 10 10 10 10 12 12 12 12 12 12 22 22 22 22 22 22 3 3 3 3 3 19 18 18 18 16 16 16 16 16 16 3 3 3 3 3 9 1 1 1 1 6 6 6 6 8 8 8 8 8 8 19 20 20 20 23 23 23 23 23 23 23 23 23 23 23 23 23 23 5 5 5 5 5 5 7 7 7 7 7 15 11 11 11 11 11 11 1 1 1 1 17 17 17 17 15 6 6 6 6 9 0 