891
100
2
2 2 2 2 2 3 3 3 3 3 3 3 3 3 3 3 3 4 4 5 5 5 5 6 6 7 7 8 8 8 8 8 8 8 8 12 12 12 12 12 12 12 13 13 13 13 13 13 13 13 13 14 14 14 14 14 15 15 17 17 17 28 28 30 30 30 30 30 30 30 30 31 32 32 32 32 32 32 32 32 32 32 32 32 32 32 32 32 32 32 32 32 32 32 32 32 32 40 40 40 40 40 40 40 42 42 42 42 42 42 42 42 42 45 45 45 45 45 45 45 45 46 46 46 46 46 46 46 46 46 46 46 46 46 46 46 46 46 46 48 48 48 48 48 48 48 52 52 52 52 52 53 53 53 53 53 53 53 53 53 55 55 55 55 55 55 55 55 55 56 59 59 67 67 67 67 67 67 67 67 68 68 68 68 68 68 68 68 68 69 69 69 69 70 70 70 70 70 70 70 
51 52 53 54 55 19 20 21 22 113 114 115 116 117 118 119 120 35 36 5 6 7 8 25 26 23 24 139 140 141 142 189 190 191 192 17 18 146 147 148 149 150 160 161 162 163 164 165 166 167 168 0 1 2 3 4 170 171 143 144 145 180 181 172 173 174 175 176 177 178 179 169 193 194 195 196 197 198 199 121 122 123 124 125 126 127 128 129 130 131 132 133 134 135 136 137 138 182 183 184 185 186 187 188 151 152 153 154 155 156 157 158 159 9 10 11 12 13 14 15 16 79 80 81 82 83 84 85 86 87 88 89 90 91 92 93 94 95 96 27 28 29 30 58 59 60 37 38 39 40 41 104 105 106 107 108 109 110 111 112 42 43 44 45 46 47 48 49 50 71 56 57 63 64 65 66 67 68 69 70 61 62 97 98 99 100 101 102 103 31 32 33 34 72 73 74 75 76 77 78 
444 444 444 444 444 537 537 537 537 852 852 852 852 852 852 852 852 225 225 537 537 537 537 702 702 702 702 459 459 459 459 624 624 624 624 225 225 179 179 179 179 179 744 744 744 744 744 744 744 744 744 444 444 444 444 444 901 901 772 772 772 692 692 158 158 158 158 158 158 158 158 820 955 955 955 955 955 955 955 715 715 715 715 715 715 715 715 715 715 715 715 715 715 715 715 715 715 612 612 612 612 612 612 612 855 855 855 855 855 855 855 855 855 852 852 852 852 852 852 852 852 715 715 715 715 715 715 715 715 715 715 715 715 715 715 715 715 715 715 459 459 459 459 772 772 772 179 179 179 179 179 855 855 855 855 855 855 855 855 855 744 744 744 744 744 744 744 744 744 820 901 901 158 158 158 158 158 158 158 158 692 692 612 612 612 612 612 612 612 624 624 624 624 955 955 955 955 955 955 955 
0 1 2 3 4 5 6 7 8 9 10 11 12 13 14 15 16 17 18 5 6 7 8 19 20 19 20 21 22 23 24 25 26 27 28 17 18 29 30 31 32 33 34 35 36 37 38 39 40 41 42 0 1 2 3 4 43 44 45 46 47 48 49 50 51 52 53 54 55 56 57 58 59 60 61 62 63 64 65 66 67 68 69 70 71 72 73 74 75 76 77 78 79 80 81 82 83 84 85 86 87 88 89 90 91 92 93 94 95 96 97 98 99 9 10 11 12 13 14 15 16 66 67 68 69 70 71 72 73 74 75 76 77 78 79 80 81 82 83 21 22 23 24 45 46 47 29 30 31 32 33 91 92 93 94 95 96 97 98 99 34 35 36 37 38 39 40 41 42 58 43 44 50 51 52 53 54 55 56 57 48 49 84 85 86 87 88 89 90 25 26 27 28 59 60 61 62 63 64 65 
64081
18
5 4 4 7 2 8 4 3 7 2 2 1 9 2 9 5 8 18 
2 3 8 32 28 3 8 17 40 4 6 31 42 15 13 12 30 32 
14 5 48 70 68 45 69 48 68 12 7 56 53 59 55 52 67 46 
444 537 459 955 692 852 624 772 612 225 702 820 855 901 744 179 158 715 
0 0 0 0 0 1 1 1 1 5 5 5 5 5 5 5 5 9 9 1 1 1 1 10 10 10 10 2 2 2 2 6 6 6 6 9 9 15 15 15 15 15 14 14 14 14 14 14 14 14 14 0 0 0 0 0 13 13 7 7 7 4 4 16 16 16 16 16 16 16 16 11 3 3 3 3 3 3 3 17 17 17 17 17 17 17 17 17 17 17 17 17 17 17 17 17 17 8 8 8 8 8 8 8 12 12 12 12 12 12 12 12 12 5 5 5 5 5 5 5 5 17 17 17 17 17 17 17 17 17 17 17 17 17 17 17 17 17 17 2 2 2 2 7 7 7 15 15 15 15 15 12 12 12 12 12 12 12 12 12 14 14 14 14 14 14 14 14 14 11 13 13 16 16 16 16 16 16 16 16 4 4 8 8 8 8 8 8 8 6 6 6 6 3 3 3 3 3 3 3 