699
100
2
3 3 3 3 3 4 4 10 10 10 10 12 12 12 12 12 12 12 12 12 12 12 12 12 12 12 12 12 12 12 12 15 15 15 15 16 16 16 20 20 20 21 21 21 25 25 25 25 26 26 26 26 26 26 26 26 26 26 26 26 26 26 28 28 28 28 28 28 28 28 28 28 28 28 28 28 28 28 28 28 28 28 28 28 28 28 28 28 30 30 30 30 30 30 30 32 32 32 33 33 33 33 34 34 35 35 35 35 35 35 35 35 35 37 37 37 37 37 37 37 37 37 37 37 37 37 38 38 39 39 39 39 39 39 39 40 40 40 40 40 44 44 44 44 47 47 47 47 47 47 50 50 51 51 51 51 51 56 56 56 56 56 56 56 56 59 59 60 60 60 60 61 61 61 61 61 61 62 62 62 62 62 62 63 64 64 64 64 64 64 64 64 65 65 65 65 65 65 65 66 
67 68 69 70 71 150 151 140 141 142 143 171 172 173 174 175 73 74 75 76 77 78 79 80 81 82 83 84 85 86 87 44 45 46 47 95 96 97 41 42 43 38 39 40 31 32 33 34 192 193 194 195 196 197 198 128 129 130 131 132 133 134 104 105 106 165 166 0 1 2 3 4 199 16 17 18 19 20 21 22 23 24 25 26 27 28 29 30 119 120 121 122 123 124 125 35 36 37 167 168 169 170 126 127 62 63 64 113 114 115 116 117 118 107 108 109 110 111 112 88 89 90 91 92 93 94 102 103 55 56 57 58 59 60 61 152 153 154 155 156 7 8 9 10 177 178 179 180 181 182 5 6 135 136 137 138 139 184 185 186 187 188 189 190 191 65 66 98 99 100 101 11 12 13 14 15 183 144 145 146 147 148 149 176 157 158 159 160 161 162 163 164 48 49 50 51 52 53 54 72 
968 968 968 968 968 223 223 802 802 802 802 913 913 913 913 913 390 390 390 390 390 390 390 390 390 390 390 390 390 390 390 295 295 295 295 618 618 618 912 912 912 912 912 912 295 295 295 295 777 777 777 777 777 777 777 840 840 840 840 840 840 840 801 801 801 215 215 968 968 968 968 968 428 390 390 390 390 390 390 390 390 390 390 390 390 390 390 390 166 166 166 166 166 166 166 618 618 618 551 551 551 551 166 166 801 801 801 734 734 734 734 734 734 734 734 734 734 734 734 166 166 166 166 166 166 166 166 166 840 840 840 840 840 840 840 768 768 768 768 768 802 802 802 802 306 306 306 306 306 306 223 223 768 768 768 768 768 903 903 903 903 903 903 903 903 215 215 551 551 551 551 913 913 913 913 913 717 306 306 306 306 306 306 717 903 903 903 903 903 903 903 903 777 777 777 777 777 777 777 428 
0 1 2 3 4 5 6 7 8 9 10 11 12 13 14 15 16 17 18 19 20 21 22 23 24 25 26 27 28 29 30 31 32 33 34 35 36 37 38 39 40 38 39 40 31 32 33 34 41 42 43 44 45 46 47 48 49 50 51 52 53 54 55 56 57 58 59 0 1 2 3 4 60 16 17 18 19 20 21 22 23 24 25 26 27 28 29 30 61 62 63 64 65 66 67 35 36 37 68 69 70 71 72 73 55 56 57 74 75 76 77 78 79 74 75 76 77 78 79 61 62 63 64 65 66 67 72 73 48 49 50 51 52 53 54 80 81 82 83 84 7 8 9 10 85 86 87 88 89 90 5 6 80 81 82 83 84 91 92 93 94 95 96 97 98 58 59 68 69 70 71 11 12 13 14 15 99 85 86 87 88 89 90 99 91 92 93 94 95 96 97 98 41 42 43 44 45 46 47 60 
60978
21
5 6 4 3 2 6 5 5 7 1 7 3 8 1 4 4 7 2 3 2 15 
40 47 33 28 28 35 3 12 26 61 26 16 56 28 10 15 30 34 20 4 12 
51 62 60 35 59 37 28 61 65 63 39 32 64 66 44 25 37 38 21 50 28 
768 306 551 801 215 734 968 913 777 717 840 618 903 428 802 295 166 166 912 223 390 
6 6 6 6 6 19 19 14 14 14 14 7 7 7 7 7 20 20 20 20 20 20 20 20 20 20 20 20 20 20 20 15 15 15 15 11 11 11 18 18 18 18 18 18 15 15 15 15 8 8 8 8 8 8 8 10 10 10 10 10 10 10 3 3 3 4 4 6 6 6 6 6 13 20 20 20 20 20 20 20 20 20 20 20 20 20 20 20 16 16 16 16 16 16 16 11 11 11 2 2 2 2 17 17 3 3 3 5 5 5 5 5 5 5 5 5 5 5 5 16 16 16 16 16 16 16 17 17 10 10 10 10 10 10 10 0 0 0 0 0 14 14 14 14 1 1 1 1 1 1 19 19 0 0 0 0 0 12 12 12 12 12 12 12 12 4 4 2 2 2 2 7 7 7 7 7 9 1 1 1 1 1 1 9 12 12 12 12 12 12 12 12 8 8 8 8 8 8 8 13 