828
100
2
1 1 1 1 1 1 1 4 4 5 5 5 5 5 5 5 5 5 5 5 5 10 10 10 10 10 10 10 10 10 10 10 16 16 16 16 16 16 16 16 16 16 18 18 18 18 19 19 19 19 19 19 19 20 21 21 21 22 22 22 22 22 22 22 25 25 26 26 26 30 30 30 30 30 30 30 31 31 36 36 36 36 36 36 36 36 36 36 37 38 39 39 39 39 39 39 39 39 39 39 39 41 41 41 41 41 44 44 44 45 45 45 45 45 45 45 46 46 46 46 47 47 47 47 47 47 47 47 47 47 47 48 49 49 49 49 49 52 52 52 52 52 52 52 52 53 53 53 53 53 59 59 59 59 59 59 59 60 60 60 60 60 60 60 61 61 63 63 63 63 64 64 64 64 64 64 64 64 66 66 66 66 66 67 67 67 67 67 67 67 67 67 67 70 70 70 70 70 70 70 
78 79 80 81 82 83 84 40 41 183 184 185 186 187 109 110 111 112 113 114 115 120 121 122 123 124 125 126 127 128 129 130 170 171 172 173 174 175 176 88 7 8 137 138 139 140 64 65 178 179 180 181 182 131 106 107 108 157 158 159 160 161 162 163 46 47 85 86 87 150 151 152 153 154 155 156 164 165 0 1 2 3 4 5 6 66 67 68 39 177 116 117 118 119 193 194 195 196 197 198 199 145 146 147 148 149 54 55 56 14 15 16 17 18 19 20 90 91 92 93 21 22 23 24 25 26 27 28 29 30 31 53 188 189 190 191 192 42 43 44 45 166 167 168 169 101 102 103 104 105 69 70 71 72 73 74 75 57 58 59 60 61 62 63 76 77 141 142 143 144 32 33 34 35 36 37 38 89 48 49 50 51 52 9 10 11 12 13 132 133 134 135 136 94 95 96 97 98 99 100 
479 479 479 479 479 479 479 931 931 222 222 222 222 222 878 878 878 878 878 878 878 517 517 517 517 517 517 517 517 517 517 517 490 490 490 490 490 490 490 829 931 931 359 359 359 359 448 448 527 527 527 527 527 982 887 887 887 435 435 435 435 435 435 435 448 448 353 353 353 553 553 553 553 553 553 553 459 459 479 479 479 479 479 479 479 353 353 353 829 435 668 668 668 668 461 461 461 461 461 461 461 423 423 423 423 423 887 887 887 878 878 878 878 878 878 878 668 668 668 668 517 517 517 517 517 517 517 517 517 517 517 982 628 628 628 628 628 359 359 359 359 791 791 791 791 423 423 423 423 423 553 553 553 553 553 553 553 435 435 435 435 435 435 435 459 459 791 791 791 791 490 490 490 490 490 490 490 435 527 527 527 527 527 222 222 222 222 222 628 628 628 628 628 461 461 461 461 461 461 461 
0 1 2 3 4 5 6 7 8 9 10 11 12 13 14 15 16 17 18 19 20 21 22 23 24 25 26 27 28 29 30 31 32 33 34 35 36 37 38 39 7 8 40 41 42 43 44 45 46 47 48 49 50 51 52 53 54 55 56 57 58 59 60 61 44 45 62 63 64 65 66 67 68 69 70 71 72 73 0 1 2 3 4 5 6 62 63 64 39 74 75 76 77 78 79 80 81 82 83 84 85 86 87 88 89 90 52 53 54 14 15 16 17 18 19 20 75 76 77 78 21 22 23 24 25 26 27 28 29 30 31 51 91 92 93 94 95 40 41 42 43 96 97 98 99 86 87 88 89 90 65 66 67 68 69 70 71 55 56 57 58 59 60 61 72 73 96 97 98 99 32 33 34 35 36 37 38 74 46 47 48 49 50 9 10 11 12 13 91 92 93 94 95 79 80 81 82 83 84 85 
54673
22
7 1 2 7 5 7 1 5 5 4 7 4 2 4 5 7 3 3 7 1 2 11 
30 20 19 1 19 16 38 41 5 39 5 18 31 52 49 22 26 21 39 16 4 10 
59 48 25 36 66 64 64 53 67 46 45 52 61 63 67 60 36 44 70 37 16 47 
553 982 448 479 527 490 435 423 222 668 878 359 459 791 628 435 353 887 461 829 931 517 
3 3 3 3 3 3 3 20 20 8 8 8 8 8 10 10 10 10 10 10 10 21 21 21 21 21 21 21 21 21 21 21 5 5 5 5 5 5 5 19 20 20 11 11 11 11 2 2 4 4 4 4 4 1 17 17 17 15 15 15 15 15 15 15 2 2 16 16 16 0 0 0 0 0 0 0 12 12 3 3 3 3 3 3 3 16 16 16 19 6 9 9 9 9 18 18 18 18 18 18 18 7 7 7 7 7 17 17 17 10 10 10 10 10 10 10 9 9 9 9 21 21 21 21 21 21 21 21 21 21 21 1 14 14 14 14 14 11 11 11 11 13 13 13 13 7 7 7 7 7 0 0 0 0 0 0 0 15 15 15 15 15 15 15 12 12 13 13 13 13 5 5 5 5 5 5 5 6 4 4 4 4 4 8 8 8 8 8 14 14 14 14 14 18 18 18 18 18 18 18 