52
100
2
1 1 1 1 1 2 2 3 4 4 4 4 4 4 4 4 4 4 4 4 4 4 4 4 5 5 5 5 5 5 5 5 5 5 5 5 5 5 5 5 5 6 7 7 8 8 9 9 9 9 9 11 11 12 12 12 12 12 12 12 12 12 13 13 13 13 13 17 17 17 17 17 17 17 18 18 18 18 18 20 20 20 20 20 20 20 20 22 22 22 24 24 24 25 25 25 25 25 25 25 25 25 27 27 27 27 27 31 31 31 31 31 32 32 32 32 33 33 33 33 33 36 36 36 37 37 37 38 38 38 38 39 39 39 39 42 42 42 43 43 43 43 43 43 43 43 43 43 43 43 43 43 43 43 45 45 45 51 51 51 53 53 53 53 54 54 59 59 59 59 59 60 60 60 60 60 60 60 60 60 61 63 65 65 65 65 65 67 67 67 69 69 69 69 69 69 69 69 69 69 
171 172 173 174 175 138 139 9 41 7 140 141 142 143 144 145 146 147 148 149 150 151 152 153 44 45 167 168 169 170 31 30 33 32 35 34 37 36 124 125 126 8 182 183 24 25 127 131 132 133 134 166 180 195 196 197 198 199 83 84 85 86 190 191 192 193 194 164 165 102 103 104 105 106 116 117 118 119 120 98 99 100 101 58 59 60 61 157 158 159 121 122 123 107 108 109 110 111 79 80 81 82 69 70 71 72 73 93 94 95 96 97 176 177 178 179 74 75 76 77 78 90 91 92 38 39 40 46 160 161 162 47 48 49 50 187 188 189 5 6 10 11 12 13 14 15 16 17 18 19 20 21 22 23 184 185 186 87 88 89 128 129 130 181 67 68 51 26 27 28 29 0 1 2 3 4 112 113 114 115 52 163 42 43 154 155 156 135 136 137 62 63 64 65 66 53 54 55 56 57 
327 327 327 327 327 749 749 334 335 334 582 582 582 582 582 582 582 582 582 582 582 582 582 582 178 178 823 823 823 823 596 596 596 596 596 596 596 596 698 698 698 335 915 915 178 178 494 929 929 929 929 822 740 633 633 633 633 633 838 838 838 838 737 737 737 737 737 253 253 479 479 479 479 479 182 182 182 182 182 262 262 262 262 838 838 838 838 743 743 743 531 531 531 714 714 714 714 714 262 262 262 262 479 479 479 479 479 714 714 714 714 714 955 955 955 955 182 182 182 182 182 531 531 531 698 698 698 494 431 431 431 929 929 929 929 239 239 239 749 749 582 582 582 582 582 582 582 582 582 582 582 582 582 582 208 208 208 743 743 743 431 431 431 273 253 253 822 823 823 823 823 327 327 327 327 327 955 955 955 955 740 273 915 915 208 208 208 239 239 239 737 737 737 737 737 633 633 633 633 633 
0 1 2 3 4 5 6 7 8 7 9 10 11 12 13 14 15 16 17 18 19 20 21 22 23 24 25 26 27 28 29 29 30 30 31 31 32 32 33 34 35 8 36 37 23 24 38 39 40 41 42 43 44 45 46 47 48 49 50 51 52 53 54 55 56 57 58 59 60 61 62 63 64 65 66 67 68 69 70 71 72 73 74 50 51 52 53 75 76 77 78 79 80 81 82 83 84 85 71 72 73 74 61 62 63 64 65 81 82 83 84 85 86 87 88 89 66 67 68 69 70 78 79 80 33 34 35 38 90 91 92 39 40 41 42 93 94 95 5 6 9 10 11 12 13 14 15 16 17 18 19 20 21 22 96 97 98 75 76 77 90 91 92 99 59 60 43 25 26 27 28 0 1 2 3 4 86 87 88 89 44 99 36 37 96 97 98 93 94 95 54 55 56 57 58 45 46 47 48 49 
56858
29
2 5 2 3 3 1 2 3 1 5 5 1 2 4 5 4 1 5 4 4 3 3 5 4 3 4 1 1 14 
17 18 7 42 24 9 2 45 4 13 25 11 5 20 12 5 11 1 9 5 5 38 17 12 22 32 53 3 4 
54 33 65 67 36 38 43 65 6 69 31 59 8 25 69 59 61 60 39 5 37 53 27 20 51 60 63 4 43 
253 182 915 239 531 494 749 208 335 737 714 822 178 262 633 823 740 327 929 596 698 431 479 838 743 955 273 334 582 
17 17 17 17 17 6 6 27 8 27 28 28 28 28 28 28 28 28 28 28 28 28 28 28 12 12 15 15 15 15 19 19 19 19 19 19 19 19 20 20 20 8 2 2 12 12 5 18 18 18 18 11 16 14 14 14 14 14 23 23 23 23 9 9 9 9 9 0 0 22 22 22 22 22 1 1 1 1 1 13 13 13 13 23 23 23 23 24 24 24 4 4 4 10 10 10 10 10 13 13 13 13 22 22 22 22 22 10 10 10 10 10 25 25 25 25 1 1 1 1 1 4 4 4 20 20 20 5 21 21 21 18 18 18 18 3 3 3 6 6 28 28 28 28 28 28 28 28 28 28 28 28 28 28 7 7 7 24 24 24 21 21 21 26 0 0 11 15 15 15 15 17 17 17 17 17 25 25 25 25 16 26 2 2 7 7 7 3 3 3 9 9 9 9 9 14 14 14 14 14 