269
100
2
1 1 1 1 1 1 4 4 4 4 4 4 4 7 7 7 7 7 7 7 7 7 7 7 7 7 7 7 7 7 9 9 9 9 9 9 10 10 10 10 11 11 11 11 12 12 12 12 12 14 16 16 16 16 18 18 21 21 21 22 22 22 22 22 22 22 22 22 22 23 23 23 23 23 27 27 27 27 27 27 27 27 27 32 32 32 32 32 32 33 33 33 33 33 33 33 34 34 34 34 34 34 35 35 35 35 35 36 36 36 36 36 36 37 37 37 37 37 42 42 42 42 42 42 42 42 42 42 44 44 44 44 44 44 44 44 44 44 44 44 44 48 48 48 48 48 50 50 50 50 50 50 54 54 54 54 54 54 54 54 54 56 56 56 56 57 57 57 57 57 57 58 58 58 58 61 61 61 61 61 61 61 61 61 61 61 61 62 62 62 62 62 62 66 66 66 67 67 67 67 
30 31 32 33 34 35 157 158 159 160 190 191 192 171 172 188 189 128 129 130 131 132 133 134 135 136 137 138 139 140 0 1 2 3 4 5 96 97 98 95 196 197 198 199 141 142 143 144 145 187 74 75 76 77 173 174 193 194 195 118 119 120 121 122 69 70 71 72 73 64 65 66 67 68 50 51 52 53 113 114 115 116 117 165 166 167 168 169 170 175 176 177 178 179 180 39 36 37 38 161 162 163 152 153 154 155 156 181 182 183 184 185 186 78 79 80 81 82 59 60 61 62 63 146 147 148 149 150 17 18 19 20 21 22 23 24 25 26 27 28 29 44 45 46 47 48 123 124 125 126 127 164 102 103 104 105 106 6 7 8 9 99 100 101 151 83 84 85 86 87 88 13 14 54 55 89 90 91 92 93 94 107 108 109 110 111 112 49 15 16 10 11 12 56 57 58 40 41 42 43 
980 980 980 980 980 980 665 665 665 665 285 285 285 441 441 552 552 402 402 402 402 402 402 402 402 402 402 402 402 402 980 980 980 980 980 980 418 418 418 371 151 151 151 151 985 985 985 985 985 252 202 202 202 202 852 852 457 457 457 894 894 894 894 894 393 393 393 393 393 393 393 393 393 393 202 202 202 202 710 710 710 710 710 153 153 153 153 153 153 190 190 190 190 190 190 371 418 418 418 605 605 605 230 230 230 230 230 271 271 271 271 271 271 710 710 710 710 710 894 894 894 894 894 552 552 552 552 552 402 402 402 402 402 402 402 402 402 402 402 402 402 985 985 985 985 985 552 552 552 552 552 728 230 230 230 230 230 665 665 665 665 605 605 605 728 153 153 153 153 153 153 441 441 852 852 190 190 190 190 190 190 271 271 271 271 271 271 252 552 552 285 285 285 457 457 457 151 151 151 151 
0 1 2 3 4 5 6 7 8 9 10 11 12 13 14 15 16 17 18 19 20 21 22 23 24 25 26 27 28 29 0 1 2 3 4 5 30 31 32 33 34 35 36 37 38 39 40 41 42 43 44 45 46 47 48 49 50 51 52 53 54 55 56 57 58 59 60 61 62 58 59 60 61 62 44 45 46 47 63 64 65 66 67 68 69 70 71 72 73 74 75 76 77 78 79 33 30 31 32 80 81 82 83 84 85 86 87 88 89 90 91 92 93 63 64 65 66 67 53 54 55 56 57 94 95 96 97 98 17 18 19 20 21 22 23 24 25 26 27 28 29 38 39 40 41 42 94 95 96 97 98 99 83 84 85 86 87 6 7 8 9 80 81 82 99 68 69 70 71 72 73 13 14 48 49 74 75 76 77 78 79 88 89 90 91 92 93 43 15 16 10 11 12 50 51 52 34 35 36 37 
48018
24
3 2 4 6 4 5 6 5 3 6 2 5 5 5 5 3 1 1 4 2 1 6 3 13 
21 7 11 1 16 22 33 27 10 32 18 12 35 42 22 34 14 50 4 7 10 36 4 7 
66 58 67 9 27 42 61 37 34 57 58 48 54 50 23 56 62 56 54 62 33 61 62 44 
457 441 151 980 202 894 190 710 418 153 852 985 230 552 393 605 252 728 665 552 371 271 285 402 
3 3 3 3 3 3 18 18 18 18 22 22 22 1 1 19 19 23 23 23 23 23 23 23 23 23 23 23 23 23 3 3 3 3 3 3 8 8 8 20 2 2 2 2 11 11 11 11 11 16 4 4 4 4 10 10 0 0 0 5 5 5 5 5 14 14 14 14 14 14 14 14 14 14 4 4 4 4 7 7 7 7 7 9 9 9 9 9 9 6 6 6 6 6 6 20 8 8 8 15 15 15 12 12 12 12 12 21 21 21 21 21 21 7 7 7 7 7 5 5 5 5 5 13 13 13 13 13 23 23 23 23 23 23 23 23 23 23 23 23 23 11 11 11 11 11 13 13 13 13 13 17 12 12 12 12 12 18 18 18 18 15 15 15 17 9 9 9 9 9 9 1 1 10 10 6 6 6 6 6 6 21 21 21 21 21 21 16 19 19 22 22 22 0 0 0 2 2 2 2 