651
100
2
4 4 4 4 4 4 4 7 7 7 7 7 7 7 7 7 7 7 7 7 8 8 8 8 8 15 15 15 15 15 15 15 15 15 15 15 15 15 15 15 15 15 15 15 15 15 15 19 19 19 19 19 19 19 19 19 19 19 19 19 19 23 23 23 23 23 23 23 23 23 23 23 23 23 23 23 23 23 23 24 24 24 24 24 24 26 26 26 26 26 26 26 26 26 26 26 26 26 27 27 27 27 27 27 27 27 27 27 27 27 27 27 27 27 27 27 27 27 27 27 27 27 27 27 27 27 28 28 28 28 29 29 29 29 29 29 29 29 29 29 29 29 29 36 36 36 38 38 38 38 38 38 38 49 49 49 49 49 49 49 49 49 49 49 49 49 55 55 55 55 56 56 56 56 56 56 56 61 61 61 68 68 68 68 68 68 70 70 70 70 70 70 70 70 70 70 70 70 70 70 
170 171 172 173 174 175 176 130 131 132 133 134 135 136 137 138 139 140 141 142 35 36 37 38 39 98 99 100 101 102 103 104 105 106 107 20 21 22 23 24 146 147 148 149 150 151 152 186 187 188 189 190 191 192 193 194 195 196 197 198 199 108 109 110 111 112 113 114 115 116 117 118 119 120 121 122 123 124 125 180 181 182 183 184 185 153 154 155 156 157 158 159 160 161 162 163 164 165 25 26 27 28 29 30 31 32 33 34 61 62 63 64 65 66 67 68 69 70 71 72 73 74 75 76 77 78 166 167 168 169 7 8 9 10 11 12 13 14 15 16 17 18 19 177 178 179 40 41 42 43 44 45 46 85 86 87 88 89 90 91 92 93 94 95 96 97 126 127 128 129 0 1 2 3 4 5 6 143 144 145 79 80 81 82 83 84 47 48 49 50 51 52 53 54 55 56 57 58 59 60 
951 951 951 951 951 951 951 594 594 594 594 594 594 594 594 594 594 594 594 594 784 784 784 784 784 936 936 936 936 936 936 936 936 936 936 784 784 784 784 784 456 456 456 456 456 456 456 595 595 595 595 595 595 595 595 595 595 595 595 595 595 363 363 363 363 363 363 363 363 363 363 363 363 363 363 363 363 363 363 590 590 590 590 590 590 928 928 928 928 928 928 928 928 928 928 928 928 928 936 936 936 936 936 936 936 936 936 936 363 363 363 363 363 363 363 363 363 363 363 363 363 363 363 363 363 363 668 668 668 668 594 594 594 594 594 594 594 594 594 594 594 594 594 579 579 579 456 456 456 456 456 456 456 928 928 928 928 928 928 928 928 928 928 928 928 928 668 668 668 668 951 951 951 951 951 951 951 579 579 579 590 590 590 590 590 590 595 595 595 595 595 595 595 595 595 595 595 595 595 595 
0 1 2 3 4 5 6 7 8 9 10 11 12 13 14 15 16 17 18 19 20 21 22 23 24 25 26 27 28 29 30 31 32 33 34 20 21 22 23 24 35 36 37 38 39 40 41 42 43 44 45 46 47 48 49 50 51 52 53 54 55 56 57 58 59 60 61 62 63 64 65 66 67 68 69 70 71 72 73 74 75 76 77 78 79 80 81 82 83 84 85 86 87 88 89 90 91 92 25 26 27 28 29 30 31 32 33 34 56 57 58 59 60 61 62 63 64 65 66 67 68 69 70 71 72 73 93 94 95 96 7 8 9 10 11 12 13 14 15 16 17 18 19 97 98 99 35 36 37 38 39 40 41 80 81 82 83 84 85 86 87 88 89 90 91 92 93 94 95 96 0 1 2 3 4 5 6 97 98 99 74 75 76 77 78 79 42 43 44 45 46 47 48 49 50 51 52 53 54 55 
65728
11
13 10 4 5 7 3 14 7 13 6 18 
26 15 28 8 15 36 19 4 7 24 23 
49 27 55 15 38 61 70 56 29 68 27 
928 936 668 784 456 579 595 951 594 590 363 
7 7 7 7 7 7 7 8 8 8 8 8 8 8 8 8 8 8 8 8 3 3 3 3 3 1 1 1 1 1 1 1 1 1 1 3 3 3 3 3 4 4 4 4 4 4 4 6 6 6 6 6 6 6 6 6 6 6 6 6 6 10 10 10 10 10 10 10 10 10 10 10 10 10 10 10 10 10 10 9 9 9 9 9 9 0 0 0 0 0 0 0 0 0 0 0 0 0 1 1 1 1 1 1 1 1 1 1 10 10 10 10 10 10 10 10 10 10 10 10 10 10 10 10 10 10 2 2 2 2 8 8 8 8 8 8 8 8 8 8 8 8 8 5 5 5 4 4 4 4 4 4 4 0 0 0 0 0 0 0 0 0 0 0 0 0 2 2 2 2 7 7 7 7 7 7 7 5 5 5 9 9 9 9 9 9 6 6 6 6 6 6 6 6 6 6 6 6 6 6 