795
100
2
2 2 2 2 2 2 4 4 4 4 5 5 5 5 6 6 7 7 7 7 7 7 7 7 7 7 8 8 8 8 8 8 8 9 9 9 9 9 9 9 12 12 12 12 12 12 17 17 17 17 17 17 17 17 17 17 17 17 17 17 17 17 17 17 17 17 19 21 22 22 22 22 22 22 22 23 23 23 23 23 23 31 31 31 31 31 31 31 32 37 37 37 37 37 37 37 38 38 38 38 38 38 38 39 39 39 39 39 39 39 39 40 40 40 40 40 40 40 41 41 41 41 41 43 43 43 43 43 43 43 43 43 43 43 43 43 46 46 46 46 46 46 46 46 46 46 46 46 46 46 46 46 46 46 47 47 52 52 52 52 52 52 52 53 53 53 53 53 56 56 56 56 56 56 56 56 58 58 58 58 58 58 58 59 62 62 62 62 62 67 67 67 67 67 67 68 68 68 68 68 
90 91 92 93 94 95 10 11 12 13 6 7 8 9 154 155 103 104 105 106 107 108 109 110 38 39 156 157 158 159 160 161 162 163 164 165 166 167 24 25 189 190 191 192 193 194 111 112 113 114 115 116 117 123 124 125 126 127 128 129 130 131 132 133 134 135 75 88 96 97 98 99 100 101 102 66 118 119 120 121 122 176 177 178 179 180 181 182 67 183 0 1 2 3 4 5 68 69 70 71 72 73 74 16 17 18 19 20 21 22 23 46 47 48 49 50 51 52 76 77 78 79 80 53 54 55 56 57 58 59 60 61 62 63 64 65 184 185 186 187 188 168 169 170 171 172 173 174 175 195 196 197 198 199 14 15 26 27 28 29 30 31 32 33 34 35 36 37 141 142 143 144 145 146 147 148 81 82 83 84 85 86 87 89 136 137 138 139 140 40 41 42 43 44 45 149 150 151 152 153 
991 991 991 991 991 991 794 794 794 794 794 794 794 794 523 523 829 829 829 829 829 829 829 829 223 223 596 596 596 596 596 596 596 955 955 955 955 955 223 223 351 351 351 351 351 351 492 492 492 492 492 492 492 615 615 615 615 615 615 615 615 615 615 615 615 615 817 317 354 354 354 354 354 354 354 817 973 973 973 973 973 374 374 374 374 374 374 374 317 405 991 991 991 991 991 991 354 354 354 354 354 354 354 829 829 829 829 829 829 829 829 492 492 492 492 492 492 492 973 973 973 973 973 615 615 615 615 615 615 615 615 615 615 615 615 615 854 854 854 854 854 196 196 196 196 196 196 196 196 986 986 986 986 986 523 523 596 596 596 596 596 596 596 955 955 955 955 955 196 196 196 196 196 196 196 196 374 374 374 374 374 374 374 405 854 854 854 854 854 351 351 351 351 351 351 986 986 986 986 986 
0 1 2 3 4 5 6 7 8 9 6 7 8 9 10 11 12 13 14 15 16 17 18 19 20 21 22 23 24 25 26 27 28 29 30 31 32 33 20 21 34 35 36 37 38 39 40 41 42 43 44 45 46 47 48 49 50 51 52 53 54 55 56 57 58 59 60 61 62 63 64 65 66 67 68 60 69 70 71 72 73 74 75 76 77 78 79 80 61 81 0 1 2 3 4 5 62 63 64 65 66 67 68 12 13 14 15 16 17 18 19 40 41 42 43 44 45 46 69 70 71 72 73 47 48 49 50 51 52 53 54 55 56 57 58 59 82 83 84 85 86 87 88 89 90 91 92 93 94 95 96 97 98 99 10 11 22 23 24 25 26 27 28 29 30 31 32 33 87 88 89 90 91 92 93 94 74 75 76 77 78 79 80 81 82 83 84 85 86 34 35 36 37 38 39 95 96 97 98 99 
62006
19
1 1 7 5 5 6 8 7 6 5 8 2 4 1 2 7 7 5 13 
37 21 8 46 9 2 46 22 12 46 7 6 4 19 7 17 31 23 17 
59 32 52 62 53 37 56 38 67 68 39 47 5 23 9 40 58 41 43 
405 317 596 854 955 991 196 354 351 986 829 523 794 817 223 492 374 973 615 
5 5 5 5 5 5 12 12 12 12 12 12 12 12 11 11 10 10 10 10 10 10 10 10 14 14 2 2 2 2 2 2 2 4 4 4 4 4 14 14 8 8 8 8 8 8 15 15 15 15 15 15 15 18 18 18 18 18 18 18 18 18 18 18 18 18 13 1 7 7 7 7 7 7 7 13 17 17 17 17 17 16 16 16 16 16 16 16 1 0 5 5 5 5 5 5 7 7 7 7 7 7 7 10 10 10 10 10 10 10 10 15 15 15 15 15 15 15 17 17 17 17 17 18 18 18 18 18 18 18 18 18 18 18 18 18 3 3 3 3 3 6 6 6 6 6 6 6 6 9 9 9 9 9 11 11 2 2 2 2 2 2 2 4 4 4 4 4 6 6 6 6 6 6 6 6 16 16 16 16 16 16 16 0 3 3 3 3 3 8 8 8 8 8 8 9 9 9 9 9 