82
100
2
1 1 1 1 1 1 1 1 1 1 1 2 2 2 2 3 3 3 3 7 7 7 7 7 7 7 10 10 11 11 12 12 14 14 16 16 16 16 16 16 16 16 16 16 16 16 16 16 18 18 18 19 19 19 19 19 19 19 19 20 20 20 20 20 20 20 20 20 21 21 21 21 21 21 21 22 23 23 23 23 24 24 24 24 24 24 25 25 25 25 25 25 29 29 29 29 34 34 34 34 34 38 38 38 43 43 43 43 43 46 46 46 46 46 46 46 46 46 46 46 46 46 46 48 51 51 51 51 51 53 53 53 53 53 53 55 55 55 55 55 55 56 56 57 57 57 57 57 57 57 57 57 57 57 57 57 57 61 61 61 63 63 63 63 63 63 64 64 64 64 64 64 64 64 64 64 64 64 64 64 64 64 64 64 64 64 66 66 66 66 66 66 66 68 68 68 68 68 68 68 
104 105 106 107 108 86 87 88 89 90 91 189 190 191 192 61 62 63 64 173 174 175 176 177 178 179 141 142 30 31 28 29 139 140 109 110 111 112 113 114 115 116 117 118 119 120 121 122 65 66 67 149 150 151 152 153 154 155 156 166 167 15 16 17 18 48 49 50 193 194 195 196 197 198 199 80 135 136 137 138 75 124 125 126 127 128 5 6 7 8 9 10 157 158 159 123 168 169 170 171 172 186 187 188 0 1 2 3 4 34 35 36 37 38 39 40 41 42 43 44 45 46 47 95 81 82 83 84 85 180 181 182 183 184 185 76 77 78 79 32 33 26 27 160 161 162 163 164 165 51 52 53 54 55 56 57 58 92 93 94 143 144 145 146 147 148 59 60 96 97 98 99 100 19 20 21 22 23 24 25 129 130 131 132 133 134 101 102 103 11 12 13 14 68 69 70 71 72 73 74 
184 184 184 184 184 424 424 424 424 424 424 211 211 211 211 275 275 275 275 290 290 290 290 290 290 290 580 580 192 192 192 192 705 705 949 949 949 949 949 949 949 949 949 949 949 949 949 949 502 502 502 804 804 804 804 804 804 804 804 941 941 275 275 275 275 502 502 502 994 994 994 994 994 994 994 197 920 920 920 920 197 231 231 231 231 231 424 424 424 424 424 424 737 737 737 833 747 747 747 747 747 232 232 232 184 184 184 184 184 949 949 949 949 949 949 949 949 949 949 949 949 949 949 833 231 231 231 231 231 894 894 894 894 894 894 920 920 920 920 705 705 580 580 777 777 777 777 777 777 804 804 804 804 804 804 804 804 737 737 737 777 777 777 777 777 777 941 941 747 747 747 747 747 290 290 290 290 290 290 290 894 894 894 894 894 894 232 232 232 211 211 211 211 994 994 994 994 994 994 994 
0 1 2 3 4 5 6 7 8 9 10 11 12 13 14 15 16 17 18 19 20 21 22 23 24 25 26 27 28 29 28 29 30 31 32 33 34 35 36 37 38 39 40 41 42 43 44 45 46 47 48 49 50 51 52 53 54 55 56 57 58 15 16 17 18 46 47 48 59 60 61 62 63 64 65 66 67 68 69 70 66 71 72 73 74 75 5 6 7 8 9 10 76 77 78 79 80 81 82 83 84 85 86 87 0 1 2 3 4 32 33 34 35 36 37 38 39 40 41 42 43 44 45 79 71 72 73 74 75 88 89 90 91 92 93 67 68 69 70 30 31 26 27 94 95 96 97 98 99 49 50 51 52 53 54 55 56 76 77 78 94 95 96 97 98 99 57 58 80 81 82 83 84 19 20 21 22 23 24 25 88 89 90 91 92 93 85 86 87 11 12 13 14 59 60 61 62 63 64 65 
62989
22
2 3 3 1 2 1 5 5 5 6 8 4 4 2 7 4 7 6 3 2 6 14 
10 29 38 22 20 29 34 24 1 57 19 23 2 14 21 3 7 1 18 11 53 16 
56 61 66 24 64 48 64 51 43 63 57 55 66 55 68 20 64 25 20 12 64 46 
580 737 232 197 941 833 747 231 184 777 804 920 211 705 994 275 290 424 502 192 894 949 
8 8 8 8 8 17 17 17 17 17 17 12 12 12 12 15 15 15 15 16 16 16 16 16 16 16 0 0 19 19 19 19 13 13 21 21 21 21 21 21 21 21 21 21 21 21 21 21 18 18 18 10 10 10 10 10 10 10 10 4 4 15 15 15 15 18 18 18 14 14 14 14 14 14 14 3 11 11 11 11 3 7 7 7 7 7 17 17 17 17 17 17 1 1 1 5 6 6 6 6 6 2 2 2 8 8 8 8 8 21 21 21 21 21 21 21 21 21 21 21 21 21 21 5 7 7 7 7 7 20 20 20 20 20 20 11 11 11 11 13 13 0 0 9 9 9 9 9 9 10 10 10 10 10 10 10 10 1 1 1 9 9 9 9 9 9 4 4 6 6 6 6 6 16 16 16 16 16 16 16 20 20 20 20 20 20 2 2 2 12 12 12 12 14 14 14 14 14 14 14 