203
100
2
4 4 4 4 4 4 4 4 4 4 4 4 4 4 4 4 4 5 5 5 6 6 6 6 6 6 10 10 10 10 10 10 10 12 12 12 12 12 12 12 12 13 13 13 13 13 13 13 14 14 14 14 14 16 16 16 16 16 17 17 20 20 20 20 20 20 20 20 20 21 21 21 21 27 27 28 28 28 28 30 30 30 30 30 30 31 31 36 36 36 36 36 36 36 36 36 36 36 36 36 37 37 37 37 37 37 37 37 37 37 37 37 37 37 41 41 41 41 41 41 41 41 42 42 42 42 42 46 46 46 46 46 46 46 46 47 47 47 47 47 47 47 47 49 49 49 49 49 49 49 49 49 49 49 49 50 50 50 50 50 52 52 52 52 57 57 57 57 57 59 59 59 59 59 59 59 59 59 59 59 59 59 59 63 63 63 63 63 63 63 63 64 64 64 67 67 67 67 67 67 
183 184 185 186 187 188 189 190 60 61 62 63 64 65 66 67 68 191 192 193 79 80 81 82 83 84 41 42 43 44 45 46 47 127 128 129 130 131 132 133 134 26 27 28 29 30 31 32 95 96 97 98 99 155 156 157 158 159 194 195 8 9 10 11 12 13 14 15 16 122 123 85 86 167 168 160 161 162 163 20 21 22 23 24 25 71 72 114 115 116 117 118 119 120 121 48 49 50 51 52 169 170 171 172 173 174 175 176 177 178 179 180 181 182 87 88 89 90 91 92 93 94 69 70 164 165 166 33 34 35 36 37 38 39 40 143 144 145 146 147 148 149 150 135 136 137 138 139 140 141 142 196 197 198 199 53 54 55 56 57 75 76 77 78 124 125 126 73 74 100 101 102 103 104 105 106 107 108 109 110 111 112 113 0 1 2 3 4 5 6 7 17 18 19 58 59 151 152 153 154 
629 629 629 629 629 629 629 629 999 999 999 999 999 999 999 999 999 964 964 964 573 573 573 573 573 573 669 669 669 669 669 669 669 774 774 774 774 774 774 774 774 669 669 669 669 669 669 669 627 627 627 627 627 464 464 464 464 464 399 399 999 999 999 999 999 999 999 999 999 363 363 689 689 443 443 272 272 272 272 573 573 573 573 573 573 689 689 860 860 860 860 860 860 860 860 627 627 627 627 627 991 991 991 991 991 991 991 991 991 991 991 991 991 991 860 860 860 860 860 860 860 860 363 363 495 495 495 774 774 774 774 774 774 774 774 211 211 211 211 211 211 211 211 211 211 211 211 211 211 211 211 717 717 717 717 464 464 464 464 464 272 272 272 272 495 495 495 443 443 991 991 991 991 991 991 991 991 991 991 991 991 991 991 629 629 629 629 629 629 629 629 964 964 964 399 399 717 717 717 717 
0 1 2 3 4 5 6 7 8 9 10 11 12 13 14 15 16 17 18 19 20 21 22 23 24 25 26 27 28 29 30 31 32 33 34 35 36 37 38 39 40 26 27 28 29 30 31 32 41 42 43 44 45 46 47 48 49 50 51 52 8 9 10 11 12 13 14 15 16 53 54 55 56 57 58 59 60 61 62 20 21 22 23 24 25 55 56 63 64 65 66 67 68 69 70 41 42 43 44 45 71 72 73 74 75 76 77 78 79 80 81 82 83 84 63 64 65 66 67 68 69 70 53 54 85 86 87 33 34 35 36 37 38 39 40 88 89 90 91 92 93 94 95 88 89 90 91 92 93 94 95 96 97 98 99 46 47 48 49 50 59 60 61 62 85 86 87 57 58 71 72 73 74 75 76 77 78 79 80 81 82 83 84 0 1 2 3 4 5 6 7 17 18 19 51 52 96 97 98 99 
68354
18
8 4 2 2 7 5 8 6 8 3 2 3 5 2 8 4 9 14 
36 28 21 21 10 14 4 6 47 5 17 42 16 27 12 49 4 37 
41 52 42 31 13 36 63 30 49 64 67 57 50 57 46 67 20 59 
860 272 363 689 669 627 629 573 211 964 399 495 464 443 774 717 999 991 
6 6 6 6 6 6 6 6 16 16 16 16 16 16 16 16 16 9 9 9 7 7 7 7 7 7 4 4 4 4 4 4 4 14 14 14 14 14 14 14 14 4 4 4 4 4 4 4 5 5 5 5 5 12 12 12 12 12 10 10 16 16 16 16 16 16 16 16 16 2 2 3 3 13 13 1 1 1 1 7 7 7 7 7 7 3 3 0 0 0 0 0 0 0 0 5 5 5 5 5 17 17 17 17 17 17 17 17 17 17 17 17 17 17 0 0 0 0 0 0 0 0 2 2 11 11 11 14 14 14 14 14 14 14 14 8 8 8 8 8 8 8 8 8 8 8 8 8 8 8 8 15 15 15 15 12 12 12 12 12 1 1 1 1 11 11 11 13 13 17 17 17 17 17 17 17 17 17 17 17 17 17 17 6 6 6 6 6 6 6 6 9 9 9 10 10 15 15 15 15 