170
100
2
3 3 3 3 3 3 3 3 5 5 5 5 5 5 5 5 9 9 9 9 9 9 9 9 9 9 9 9 17 17 17 17 17 17 17 18 18 18 18 18 18 18 18 18 18 18 18 20 21 21 21 21 21 21 21 21 22 22 22 22 22 22 22 22 22 23 23 23 23 23 23 23 23 24 24 24 24 24 24 24 24 24 24 24 24 24 24 25 25 27 27 27 27 27 27 27 29 29 29 29 29 29 29 29 31 31 31 31 31 31 31 33 36 36 36 36 36 36 36 36 36 37 37 37 37 37 37 37 42 42 42 42 42 42 42 43 43 43 43 43 43 43 43 43 43 44 44 44 44 44 44 44 48 48 48 48 48 48 48 48 48 53 53 53 53 53 53 53 53 53 53 53 53 53 53 54 54 54 54 54 54 54 54 55 55 55 55 55 55 55 55 66 66 66 66 66 66 66 66 66 
65 66 67 68 69 70 71 72 52 53 54 55 35 36 37 38 48 49 50 51 96 97 98 99 100 101 102 103 104 105 106 107 108 109 110 12 13 14 15 137 138 139 140 141 142 143 144 111 16 17 18 19 8 9 10 11 112 113 114 115 116 117 118 119 120 0 1 2 3 4 5 6 7 161 162 163 164 165 166 167 168 169 170 171 172 173 174 135 136 121 122 123 124 125 126 127 20 21 22 23 24 25 26 27 28 29 30 31 32 33 34 47 56 57 58 59 60 61 62 63 64 89 90 91 92 93 94 95 145 146 147 148 149 150 151 87 88 39 40 41 42 43 44 45 46 128 129 130 131 132 133 134 191 192 193 194 195 196 197 198 199 73 74 75 76 77 78 79 80 81 82 83 84 85 86 183 184 185 186 187 188 189 190 175 176 177 178 179 180 181 182 152 153 154 155 156 157 158 159 160 
533 533 533 533 533 533 533 533 503 503 503 503 437 437 437 437 231 231 231 231 599 599 599 599 599 599 599 599 957 957 957 957 957 957 957 437 437 437 437 661 661 661 661 661 661 661 661 417 231 231 231 231 503 503 503 503 735 735 735 735 735 735 735 735 735 533 533 533 533 533 533 533 533 383 383 383 383 383 383 383 383 383 383 383 383 383 383 880 880 485 485 485 485 485 485 485 599 599 599 599 599 599 599 599 957 957 957 957 957 957 957 417 735 735 735 735 735 735 735 735 735 485 485 485 485 485 485 485 813 813 813 813 813 813 813 880 880 661 661 661 661 661 661 661 661 813 813 813 813 813 813 813 202 202 202 202 202 202 202 202 202 383 383 383 383 383 383 383 383 383 383 383 383 383 383 877 877 877 877 877 877 877 877 877 877 877 877 877 877 877 877 202 202 202 202 202 202 202 202 202 
0 1 2 3 4 5 6 7 8 9 10 11 12 13 14 15 16 17 18 19 20 21 22 23 24 25 26 27 28 29 30 31 32 33 34 12 13 14 15 35 36 37 38 39 40 41 42 43 16 17 18 19 8 9 10 11 44 45 46 47 48 49 50 51 52 0 1 2 3 4 5 6 7 53 54 55 56 57 58 59 60 61 62 63 64 65 66 67 68 69 70 71 72 73 74 75 20 21 22 23 24 25 26 27 28 29 30 31 32 33 34 43 44 45 46 47 48 49 50 51 52 69 70 71 72 73 74 75 76 77 78 79 80 81 82 67 68 35 36 37 38 39 40 41 42 76 77 78 79 80 81 82 83 84 85 86 87 88 89 90 91 53 54 55 56 57 58 59 60 61 62 63 64 65 66 92 93 94 95 96 97 98 99 92 93 94 95 96 97 98 99 83 84 85 86 87 88 89 90 91 
57801
15
9 4 8 7 7 4 8 9 1 4 2 8 8 7 14 
22 9 3 17 42 5 54 48 20 5 25 9 18 27 24 
36 21 23 31 44 21 55 66 33 18 43 29 43 37 53 
735 231 533 957 813 503 877 202 417 437 880 599 661 485 383 
2 2 2 2 2 2 2 2 5 5 5 5 9 9 9 9 1 1 1 1 11 11 11 11 11 11 11 11 3 3 3 3 3 3 3 9 9 9 9 12 12 12 12 12 12 12 12 8 1 1 1 1 5 5 5 5 0 0 0 0 0 0 0 0 0 2 2 2 2 2 2 2 2 14 14 14 14 14 14 14 14 14 14 14 14 14 14 10 10 13 13 13 13 13 13 13 11 11 11 11 11 11 11 11 3 3 3 3 3 3 3 8 0 0 0 0 0 0 0 0 0 13 13 13 13 13 13 13 4 4 4 4 4 4 4 10 10 12 12 12 12 12 12 12 12 4 4 4 4 4 4 4 7 7 7 7 7 7 7 7 7 14 14 14 14 14 14 14 14 14 14 14 14 14 14 6 6 6 6 6 6 6 6 6 6 6 6 6 6 6 6 7 7 7 7 7 7 7 7 7 