329
100
2
1 1 1 4 4 4 4 4 4 4 4 4 4 4 4 4 4 4 5 5 5 5 6 6 6 6 7 7 7 7 7 8 9 9 9 9 9 9 9 9 10 13 13 13 13 13 14 14 15 15 15 15 15 15 15 15 15 15 15 15 17 17 20 20 20 20 20 20 20 20 20 20 20 20 20 20 20 20 20 20 20 20 20 20 21 21 21 21 21 21 21 21 21 22 22 22 22 24 24 24 24 25 25 25 29 32 32 33 33 33 33 33 33 34 34 34 35 35 35 35 35 35 35 35 35 35 35 35 35 37 37 37 39 40 40 40 40 41 41 41 41 41 41 43 43 43 43 43 43 43 43 43 44 44 51 51 55 55 55 55 55 55 56 56 56 56 56 60 60 60 60 62 62 62 62 62 63 63 65 65 65 65 67 67 67 67 67 67 68 68 68 68 68 68 68 68 69 69 69 69 
197 198 199 69 70 71 72 73 74 75 76 77 78 79 80 81 82 83 62 63 64 65 48 49 50 51 182 183 184 185 186 177 129 137 138 139 178 179 180 181 133 143 144 145 146 147 60 61 22 23 24 25 162 163 156 157 158 159 160 161 46 47 18 19 20 21 113 114 115 3 4 5 6 7 8 9 10 11 12 13 14 15 16 17 167 168 169 170 171 172 173 174 175 125 126 127 128 104 193 194 195 140 141 142 97 154 155 108 107 110 109 112 111 66 67 68 188 189 190 191 192 148 149 150 151 93 94 95 96 32 152 153 187 40 164 165 166 33 34 35 101 102 103 41 42 43 44 45 121 122 123 124 130 131 105 106 54 55 56 57 58 59 52 53 134 135 136 84 85 86 87 88 89 90 91 92 196 31 36 37 38 39 26 27 28 29 30 132 116 117 118 119 120 98 99 100 176 0 1 2 
244 244 244 935 935 935 935 935 935 935 935 935 935 935 935 935 935 935 516 516 516 516 786 786 786 786 383 383 383 383 383 201 387 645 645 645 444 444 444 444 912 360 360 360 360 360 743 743 786 786 786 786 783 783 250 250 874 874 874 874 743 743 516 516 516 516 952 952 952 935 935 935 935 935 935 935 935 935 935 935 935 935 935 935 903 903 903 903 731 731 731 731 731 472 472 472 472 617 589 589 589 643 643 643 617 172 172 404 404 404 404 404 404 952 952 952 917 917 917 917 917 321 321 321 321 472 472 472 472 387 660 660 890 912 399 399 399 645 645 645 643 643 643 360 360 360 360 360 321 321 321 321 660 660 172 172 250 250 874 874 874 874 783 783 399 399 399 903 903 903 903 731 731 731 731 731 648 201 444 444 444 444 383 383 383 383 383 890 917 917 917 917 917 589 589 589 648 244 244 244 
0 1 2 3 4 5 6 7 8 9 10 11 12 13 14 15 16 17 18 19 20 21 22 23 24 25 26 27 28 29 30 31 32 33 34 35 36 37 38 39 40 41 42 43 44 45 46 47 22 23 24 25 48 49 50 51 52 53 54 55 46 47 18 19 20 21 56 57 58 3 4 5 6 7 8 9 10 11 12 13 14 15 16 17 59 60 61 62 63 64 65 66 67 68 69 70 71 72 73 74 75 76 77 78 72 79 80 81 81 82 82 83 83 56 57 58 84 85 86 87 88 89 90 91 92 68 69 70 71 32 93 94 95 40 96 97 98 33 34 35 76 77 78 41 42 43 44 45 89 90 91 92 93 94 79 80 50 51 52 53 54 55 48 49 96 97 98 59 60 61 62 63 64 65 66 67 99 31 36 37 38 39 26 27 28 29 30 95 84 85 86 87 88 73 74 75 99 0 1 2 
63743
30
1 1 4 5 5 3 4 1 2 4 2 2 1 3 4 3 5 3 4 2 3 3 2 1 1 5 3 4 4 15 
63 10 5 35 13 1 6 9 14 35 15 15 24 9 21 24 7 33 15 37 20 25 32 8 39 21 40 9 22 4 
69 40 20 68 43 69 15 37 17 43 56 55 29 41 60 68 67 33 55 44 34 41 51 63 67 62 56 65 35 20 
648 912 516 917 360 244 786 387 743 321 783 250 617 645 903 589 383 404 874 660 952 643 172 201 890 731 399 444 472 935 
5 5 5 29 29 29 29 29 29 29 29 29 29 29 29 29 29 29 2 2 2 2 6 6 6 6 16 16 16 16 16 23 7 13 13 13 27 27 27 27 1 4 4 4 4 4 8 8 6 6 6 6 10 10 11 11 18 18 18 18 8 8 2 2 2 2 20 20 20 29 29 29 29 29 29 29 29 29 29 29 29 29 29 29 14 14 14 14 25 25 25 25 25 28 28 28 28 12 15 15 15 21 21 21 12 22 22 17 17 17 17 17 17 20 20 20 3 3 3 3 3 9 9 9 9 28 28 28 28 7 19 19 24 1 26 26 26 13 13 13 21 21 21 4 4 4 4 4 9 9 9 9 19 19 22 22 11 11 18 18 18 18 10 10 26 26 26 14 14 14 14 25 25 25 25 25 0 23 27 27 27 27 16 16 16 16 16 24 3 3 3 3 3 15 15 15 0 5 5 5 