328
100
2
5 5 5 5 5 5 5 5 6 6 8 8 8 8 10 10 10 10 10 10 10 10 14 14 14 14 14 16 16 16 16 18 18 18 18 18 19 19 19 20 20 20 20 21 21 21 21 23 23 23 23 23 24 24 24 24 24 25 25 25 25 25 25 25 25 25 25 25 25 25 28 28 28 28 28 29 29 29 29 29 29 29 30 30 30 30 30 31 31 33 33 34 34 34 34 41 41 45 45 45 45 45 45 45 45 45 45 45 45 45 45 45 45 45 45 45 46 46 46 48 48 48 48 48 48 48 48 48 49 49 49 49 49 49 49 49 49 49 49 49 49 49 49 49 49 50 50 50 52 52 52 52 53 53 53 53 54 54 54 56 56 56 56 56 56 56 57 58 58 58 59 59 59 61 61 61 61 61 63 63 63 63 64 64 64 64 64 64 64 64 65 66 66 68 68 68 69 69 69 69 
193 194 195 70 71 72 73 74 159 160 87 88 191 192 43 44 45 46 60 61 62 63 31 32 33 34 35 91 92 93 94 22 23 24 25 26 178 179 180 119 120 121 122 14 15 16 17 82 83 84 85 86 123 124 125 126 127 156 157 158 18 19 20 21 161 162 163 164 165 190 3 4 5 6 7 173 174 175 196 197 198 199 47 48 49 50 51 10 11 176 177 27 28 29 30 97 98 95 96 128 129 130 131 132 133 134 135 136 137 138 139 140 141 142 143 144 170 171 172 39 40 41 42 52 53 54 55 56 99 100 101 102 103 104 105 106 107 108 109 110 111 112 113 114 115 167 168 169 186 187 188 189 182 183 184 185 57 58 59 8 9 64 65 66 67 68 181 145 146 147 116 117 118 75 76 77 89 90 36 37 38 166 152 153 154 155 148 149 150 151 69 12 13 0 1 2 78 79 80 81 
459 459 459 558 558 558 558 558 533 533 483 483 382 382 845 845 845 845 644 644 644 644 610 610 610 610 610 188 188 188 188 610 610 610 610 610 894 894 894 462 462 462 462 845 845 845 845 730 730 730 730 730 352 352 352 352 352 843 843 843 644 644 644 644 846 846 846 846 846 518 558 558 558 558 558 229 229 229 851 851 851 851 730 730 730 730 730 483 483 703 703 188 188 188 188 759 759 759 759 1000 1000 1000 1000 1000 1000 1000 1000 1000 1000 1000 1000 1000 1000 1000 1000 1000 850 850 850 462 462 462 462 352 352 352 352 352 1000 1000 1000 1000 1000 1000 1000 1000 1000 1000 1000 1000 1000 1000 1000 1000 1000 370 370 370 716 716 716 716 730 730 730 730 843 843 843 533 533 846 846 846 846 846 501 370 370 370 850 850 850 229 229 229 703 703 894 894 894 501 730 730 730 730 716 716 716 716 518 382 382 459 459 459 851 851 851 851 
0 1 2 3 4 5 6 7 8 9 10 11 12 13 14 15 16 17 18 19 20 21 22 23 24 25 26 27 28 29 30 22 23 24 25 26 31 32 33 34 35 36 37 14 15 16 17 38 39 40 41 42 43 44 45 46 47 48 49 50 18 19 20 21 51 52 53 54 55 56 3 4 5 6 7 57 58 59 60 61 62 63 38 39 40 41 42 10 11 64 65 27 28 29 30 66 67 66 67 68 69 70 71 72 73 74 75 76 77 78 79 80 81 82 83 84 85 86 87 34 35 36 37 43 44 45 46 47 68 69 70 71 72 73 74 75 76 77 78 79 80 81 82 83 84 88 89 90 91 92 93 94 95 96 97 98 48 49 50 8 9 51 52 53 54 55 99 88 89 90 85 86 87 57 58 59 64 65 31 32 33 99 95 96 97 98 91 92 93 94 56 12 13 0 1 2 60 61 62 63 
67898
27
4 3 5 3 3 2 4 3 2 4 2 3 3 4 1 4 2 2 5 5 5 5 0 4 4 1 17 
20 5 5 46 50 6 10 25 8 53 41 19 29 16 57 10 8 33 14 23 25 24 23 52 29 25 45 
48 68 28 59 58 56 21 54 31 64 45 63 61 34 63 25 66 61 18 30 56 48 24 64 69 65 49 
462 459 558 850 370 533 845 843 483 730 759 894 229 188 501 644 382 703 610 730 846 352 466 716 851 518 1000 
1 1 1 2 2 2 2 2 5 5 8 8 16 16 6 6 6 6 15 15 15 15 18 18 18 18 18 13 13 13 13 18 18 18 18 18 11 11 11 0 0 0 0 6 6 6 6 19 19 19 19 19 21 21 21 21 21 7 7 7 15 15 15 15 20 20 20 20 20 25 2 2 2 2 2 12 12 12 24 24 24 24 19 19 19 19 19 8 8 17 17 13 13 13 13 10 10 10 10 26 26 26 26 26 26 26 26 26 26 26 26 26 26 26 26 26 3 3 3 0 0 0 0 21 21 21 21 21 26 26 26 26 26 26 26 26 26 26 26 26 26 26 26 26 26 4 4 4 23 23 23 23 9 9 9 9 7 7 7 5 5 20 20 20 20 20 14 4 4 4 3 3 3 12 12 12 17 17 11 11 11 14 9 9 9 9 23 23 23 23 25 16 16 1 1 1 24 24 24 24 