682
100
2
3 4 4 4 4 4 4 4 4 6 6 6 7 7 7 8 8 8 8 8 8 10 10 10 10 10 10 12 12 12 12 12 14 14 15 15 15 15 15 19 19 19 19 19 19 19 20 20 22 22 22 22 22 22 24 24 24 24 24 24 24 24 24 24 24 24 25 25 25 25 25 25 26 26 26 26 26 26 26 26 26 26 26 26 26 26 26 26 26 27 27 27 27 27 27 27 27 27 27 27 27 27 27 27 27 28 28 28 29 30 30 30 30 31 31 31 31 31 31 33 33 34 34 34 34 34 35 35 35 37 37 37 41 43 45 45 45 45 45 45 48 49 49 49 49 49 49 50 50 50 50 50 50 51 51 51 51 51 51 51 51 51 51 51 51 51 52 52 52 54 54 55 55 55 55 55 55 57 58 58 59 60 60 60 60 60 60 60 60 61 65 65 65 65 65 67 67 67 68 68 
140 195 196 197 184 185 186 187 188 72 73 74 121 122 123 171 172 173 174 175 176 141 142 143 144 145 146 129 130 131 119 120 158 159 153 154 155 156 157 190 191 192 193 194 46 47 44 45 108 148 149 150 151 152 134 135 136 137 138 139 113 114 115 116 117 118 160 161 162 163 164 165 9 10 11 91 92 93 94 95 96 97 98 99 100 101 102 103 104 132 133 75 76 77 78 79 80 81 82 83 84 85 86 87 88 166 167 168 48 169 170 178 179 60 61 62 63 64 65 30 31 12 13 14 198 199 181 182 183 27 28 29 89 90 54 55 56 57 58 59 0 21 22 23 24 25 26 189 49 50 51 52 53 34 35 36 37 38 32 33 66 67 68 69 70 71 105 106 107 109 110 15 16 17 18 19 20 180 111 112 177 126 127 128 4 5 6 7 8 147 39 40 41 42 43 1 2 3 124 125 
837 559 559 559 681 681 681 681 681 954 954 954 986 986 986 712 712 712 712 712 712 819 819 819 819 819 819 948 948 948 589 589 258 258 580 580 580 580 580 217 217 217 217 217 460 460 460 460 397 715 715 715 715 715 211 211 211 211 211 211 637 637 637 637 637 637 674 674 674 674 674 674 954 954 954 741 741 741 741 741 741 741 741 741 741 741 741 741 741 844 905 741 741 741 741 741 741 741 741 741 741 741 741 741 741 313 313 313 397 440 440 309 309 637 637 637 637 637 637 589 589 986 986 986 341 341 603 603 603 948 948 948 844 905 211 211 211 211 211 211 837 819 819 819 819 819 819 518 715 715 715 715 715 580 580 580 580 580 258 258 674 674 674 674 674 674 313 313 313 440 440 712 712 712 712 712 712 327 309 309 327 603 603 603 681 681 681 681 681 518 217 217 217 217 217 559 559 559 341 341 
0 1 2 3 4 5 6 7 8 9 10 11 12 13 14 15 16 17 18 19 20 21 22 23 24 25 26 27 28 29 30 31 32 33 34 35 36 37 38 39 40 41 42 43 44 45 44 45 46 47 48 49 50 51 52 53 54 55 56 57 58 59 60 61 62 63 64 65 66 67 68 69 9 10 11 70 71 72 73 74 75 76 77 78 79 80 81 82 83 84 85 70 71 72 73 74 75 76 77 78 79 80 81 82 83 86 87 88 46 89 90 91 92 58 59 60 61 62 63 30 31 12 13 14 93 94 95 96 97 27 28 29 84 85 52 53 54 55 56 57 0 21 22 23 24 25 26 98 47 48 49 50 51 34 35 36 37 38 32 33 64 65 66 67 68 69 86 87 88 89 90 15 16 17 18 19 20 99 91 92 99 95 96 97 4 5 6 7 8 98 39 40 41 42 43 1 2 3 93 94 
61368
28
6 3 5 6 1 1 1 6 6 1 5 5 3 3 2 3 2 2 1 2 2 1 5 3 2 3 6 14 
24 4 19 8 57 22 50 24 10 27 22 15 35 7 34 6 14 19 27 30 30 3 4 12 12 28 25 26 
45 67 65 55 59 29 61 31 49 41 50 51 60 34 68 26 51 20 43 54 58 48 60 37 33 52 51 27 
211 559 217 712 327 397 518 637 819 844 715 580 603 986 341 954 258 460 905 440 309 837 681 948 589 313 674 741 
21 1 1 1 22 22 22 22 22 15 15 15 13 13 13 3 3 3 3 3 3 8 8 8 8 8 8 23 23 23 24 24 16 16 11 11 11 11 11 2 2 2 2 2 17 17 17 17 5 10 10 10 10 10 0 0 0 0 0 0 7 7 7 7 7 7 26 26 26 26 26 26 15 15 15 27 27 27 27 27 27 27 27 27 27 27 27 27 27 9 18 27 27 27 27 27 27 27 27 27 27 27 27 27 27 25 25 25 5 19 19 20 20 7 7 7 7 7 7 24 24 13 13 13 14 14 12 12 12 23 23 23 9 18 0 0 0 0 0 0 21 8 8 8 8 8 8 6 10 10 10 10 10 11 11 11 11 11 16 16 26 26 26 26 26 26 25 25 25 19 19 3 3 3 3 3 3 4 20 20 4 12 12 12 22 22 22 22 22 6 2 2 2 2 2 1 1 1 14 14 