676
100
2
1 1 1 1 1 1 1 1 1 1 1 1 1 1 3 3 3 5 7 7 11 11 11 11 11 11 11 12 12 12 12 12 12 12 12 12 13 13 13 13 14 14 14 14 14 19 20 20 20 23 23 23 24 24 24 24 24 24 26 26 26 26 26 28 28 28 28 28 28 28 29 29 29 29 29 29 29 30 30 32 32 32 32 32 32 35 35 35 35 35 37 37 40 40 40 41 41 41 41 41 41 41 42 42 42 42 42 42 42 43 44 44 44 44 44 44 46 47 47 47 47 47 47 47 49 49 49 50 50 50 51 51 51 51 52 52 52 52 55 55 55 55 57 58 58 58 58 58 58 63 63 63 63 63 63 65 65 65 65 65 65 65 65 65 65 65 65 65 65 65 65 65 65 65 65 65 67 67 67 67 68 68 68 68 68 68 68 68 68 68 68 68 68 68 68 68 68 68 68 70 
95 96 97 138 139 140 141 58 59 60 61 62 18 19 124 125 126 118 12 13 98 99 100 101 92 93 94 40 41 42 43 44 134 135 136 137 54 55 56 57 27 28 29 30 31 115 143 144 145 87 88 89 90 91 36 37 38 39 7 8 9 10 11 113 114 119 120 121 122 123 71 70 73 72 75 74 116 155 156 110 150 151 152 153 154 111 112 49 50 51 52 53 24 25 26 0 1 2 20 21 22 23 130 131 132 133 146 147 148 199 79 85 86 63 64 45 76 179 17 65 66 67 68 69 14 15 16 176 177 178 102 103 104 105 32 33 34 35 3 4 5 6 149 46 47 48 106 107 108 142 80 81 82 83 84 77 78 180 181 182 183 184 185 186 187 188 189 190 191 192 193 194 195 196 197 198 127 128 129 117 157 158 159 160 161 162 163 164 165 166 167 168 169 170 171 172 173 174 175 109 
617 617 617 690 690 690 690 700 700 700 700 700 544 544 226 226 226 284 544 544 498 498 498 498 538 538 538 788 788 788 788 788 262 262 262 262 770 770 770 770 788 788 788 788 788 513 690 690 690 493 493 493 294 294 770 770 770 770 700 700 700 700 700 666 666 335 335 335 335 335 784 784 784 784 784 784 306 211 211 168 906 906 906 906 906 671 671 493 493 493 294 294 538 538 538 617 617 617 498 498 498 498 434 434 434 434 675 675 675 757 168 671 671 666 666 513 306 587 284 335 335 335 335 335 226 226 226 768 768 768 434 434 434 434 262 262 262 262 690 690 690 690 314 690 690 690 675 675 675 314 906 906 906 906 906 211 211 502 502 502 502 502 502 502 502 502 502 502 502 502 502 502 502 502 502 502 768 768 768 587 502 502 502 502 502 502 502 502 502 502 502 502 502 502 502 502 502 502 502 757 
0 1 2 3 4 5 6 7 8 9 10 11 12 13 14 15 16 17 12 13 18 19 20 21 22 23 24 25 26 27 28 29 30 31 32 33 34 35 36 37 25 26 27 28 29 38 39 40 41 42 43 44 45 46 34 35 36 37 7 8 9 10 11 47 48 49 50 51 52 53 54 54 55 55 56 56 57 58 59 60 61 62 63 64 65 66 67 42 43 44 45 46 22 23 24 0 1 2 18 19 20 21 68 69 70 71 72 73 74 75 60 66 67 47 48 38 57 76 17 49 50 51 52 53 14 15 16 77 78 79 68 69 70 71 30 31 32 33 3 4 5 6 80 39 40 41 72 73 74 80 61 62 63 64 65 58 59 81 82 83 84 85 86 87 88 89 90 91 92 93 94 95 96 97 98 99 77 78 79 76 81 82 83 84 85 86 87 88 89 90 91 92 93 94 95 96 97 98 99 75 
55873
30
5 1 3 1 2 3 3 5 1 1 4 4 2 2 1 3 5 4 4 1 2 2 3 4 1 3 5 3 3 19 
12 32 29 57 35 1 50 32 43 29 42 1 30 24 47 23 1 11 13 5 1 28 11 12 19 3 28 20 42 65 
14 44 29 63 44 41 67 63 70 46 51 55 65 37 67 35 26 41 24 47 7 44 40 52 44 49 47 58 58 68 
788 168 784 314 671 617 768 906 757 306 434 690 211 294 587 493 700 498 770 284 544 666 538 262 513 226 335 690 675 502 
5 5 5 11 11 11 11 16 16 16 16 16 20 20 25 25 25 19 20 20 17 17 17 17 22 22 22 0 0 0 0 0 23 23 23 23 18 18 18 18 0 0 0 0 0 24 27 27 27 15 15 15 13 13 18 18 18 18 16 16 16 16 16 21 21 26 26 26 26 26 2 2 2 2 2 2 9 12 12 1 7 7 7 7 7 4 4 15 15 15 13 13 22 22 22 5 5 5 17 17 17 17 10 10 10 10 28 28 28 8 1 4 4 21 21 24 9 14 19 26 26 26 26 26 25 25 25 6 6 6 10 10 10 10 23 23 23 23 11 11 11 11 3 27 27 27 28 28 28 3 7 7 7 7 7 12 12 29 29 29 29 29 29 29 29 29 29 29 29 29 29 29 29 29 29 29 6 6 6 14 29 29 29 29 29 29 29 29 29 29 29 29 29 29 29 29 29 29 29 8 