232
100
2
1 1 3 3 3 3 3 3 3 3 3 3 3 3 3 3 3 3 3 3 3 3 4 4 4 4 5 5 5 5 5 6 6 8 8 8 8 13 13 13 13 14 14 14 14 14 14 14 14 14 14 14 14 14 14 14 14 14 14 14 14 14 15 15 16 17 17 17 20 20 20 20 20 20 24 24 24 24 24 25 25 26 26 27 27 27 28 28 29 29 29 29 29 30 30 30 30 30 30 30 30 30 30 32 32 32 32 32 32 32 32 32 32 34 35 35 35 35 35 37 37 37 37 37 37 37 38 38 38 38 38 38 38 38 38 39 39 39 41 41 43 43 43 43 43 43 48 49 49 49 53 53 53 53 53 53 55 55 55 55 55 56 56 56 56 56 56 57 57 57 59 59 60 60 60 60 60 60 60 60 60 62 62 62 62 62 63 63 63 66 66 66 66 70 70 70 70 70 70 70 
79 80 42 43 44 45 46 47 48 49 50 51 52 53 54 55 56 57 58 59 60 61 129 130 138 139 31 32 164 165 166 26 27 86 87 88 89 65 66 168 169 146 2 3 4 5 6 7 8 9 10 11 12 13 14 15 16 17 18 19 20 21 83 84 67 37 38 64 194 195 196 197 198 199 181 182 183 184 185 0 1 170 171 62 63 150 33 34 35 36 161 162 163 119 120 121 122 123 124 125 147 148 149 156 157 158 159 160 151 152 153 154 155 192 172 173 174 175 176 93 94 95 96 97 98 99 140 141 142 22 23 177 178 179 180 186 187 188 24 25 126 127 128 189 190 191 41 100 101 102 85 108 109 110 111 112 103 104 105 106 107 90 91 92 28 29 30 193 39 40 81 82 114 115 116 117 118 131 132 133 134 74 75 76 77 78 135 136 137 143 144 145 113 167 68 69 70 71 72 73 
813 813 307 307 307 307 307 307 307 307 307 307 307 307 307 307 307 307 307 307 307 307 588 588 334 334 473 473 163 163 163 473 473 662 662 725 725 787 787 878 878 525 307 307 307 307 307 307 307 307 307 307 307 307 307 307 307 307 307 307 307 307 684 684 160 787 787 160 531 531 531 531 531 531 991 991 991 991 991 813 813 700 700 684 684 467 662 662 725 725 626 626 626 797 797 797 797 797 797 797 568 568 568 326 326 326 326 326 655 655 655 655 655 359 247 247 247 247 247 797 797 797 797 797 797 797 451 451 451 588 588 399 399 399 399 780 780 780 334 334 451 451 451 832 832 832 525 568 568 568 467 655 655 655 655 655 326 326 326 326 326 626 626 626 163 163 163 211 878 878 700 700 247 247 247 247 247 399 399 399 399 991 991 991 991 991 780 780 780 832 832 832 359 211 531 531 531 531 531 531 
0 1 2 3 4 5 6 7 8 9 10 11 12 13 14 15 16 17 18 19 20 21 22 23 24 25 26 27 28 29 30 26 27 31 32 33 34 35 36 37 38 39 2 3 4 5 6 7 8 9 10 11 12 13 14 15 16 17 18 19 20 21 40 41 42 35 36 42 43 44 45 46 47 48 49 50 51 52 53 0 1 54 55 40 41 56 31 32 33 34 57 58 59 60 61 62 63 64 65 66 67 68 69 70 71 72 73 74 75 76 77 78 79 80 81 82 83 84 85 60 61 62 63 64 65 66 86 87 88 22 23 89 90 91 92 93 94 95 24 25 86 87 88 96 97 98 39 67 68 69 56 75 76 77 78 79 70 71 72 73 74 57 58 59 28 29 30 99 37 38 54 55 81 82 83 84 85 89 90 91 92 49 50 51 52 53 93 94 95 96 97 98 80 99 43 44 45 46 47 48 
52866
29
3 1 3 2 2 2 2 2 3 1 2 5 2 5 2 2 2 1 1 3 4 7 3 6 3 5 5 1 20 
38 14 43 26 1 8 8 4 39 57 15 24 13 35 5 4 13 27 34 29 38 30 5 20 30 32 32 16 3 
43 48 66 59 25 28 29 38 63 70 27 62 17 60 6 41 57 53 66 56 60 37 56 70 49 55 53 17 14 
451 525 832 700 813 662 725 588 780 211 684 991 787 247 473 334 878 467 359 626 399 797 163 531 568 326 655 160 307 
4 4 28 28 28 28 28 28 28 28 28 28 28 28 28 28 28 28 28 28 28 28 7 7 15 15 14 14 22 22 22 14 14 5 5 6 6 12 12 16 16 1 28 28 28 28 28 28 28 28 28 28 28 28 28 28 28 28 28 28 28 28 10 10 27 12 12 27 23 23 23 23 23 23 11 11 11 11 11 4 4 3 3 10 10 17 5 5 6 6 19 19 19 21 21 21 21 21 21 21 24 24 24 25 25 25 25 25 26 26 26 26 26 18 13 13 13 13 13 21 21 21 21 21 21 21 0 0 0 7 7 20 20 20 20 8 8 8 15 15 0 0 0 2 2 2 1 24 24 24 17 26 26 26 26 26 25 25 25 25 25 19 19 19 22 22 22 9 16 16 3 3 13 13 13 13 13 20 20 20 20 11 11 11 11 11 8 8 8 2 2 2 18 9 23 23 23 23 23 23 