855
100
2
1 1 1 1 1 1 1 2 2 2 2 2 2 2 3 3 3 3 4 4 4 4 4 4 4 4 5 5 5 5 5 6 6 6 6 6 6 6 6 8 8 8 12 12 12 12 12 12 12 14 14 14 17 17 17 17 17 18 18 18 18 18 18 18 19 19 19 19 19 19 19 19 20 20 20 20 20 22 22 22 22 22 22 22 22 22 22 22 22 22 22 22 22 22 22 22 22 22 24 24 24 24 24 30 31 31 31 31 31 31 31 35 35 37 37 37 38 38 38 38 38 42 42 42 42 45 45 45 45 45 45 45 45 46 46 49 49 49 49 49 49 49 49 49 49 49 49 49 49 49 49 49 53 53 54 54 54 55 55 55 62 62 62 62 62 65 65 65 66 66 67 67 67 67 67 67 67 68 68 68 69 69 69 69 69 69 69 69 69 69 69 69 69 69 69 69 69 70 70 70 
135 136 137 138 108 109 110 77 78 79 80 61 62 63 103 157 158 159 39 40 41 64 65 66 67 68 52 53 54 55 56 147 148 149 150 151 177 178 179 18 19 20 114 115 116 117 118 119 120 170 171 172 26 27 28 29 30 143 144 145 146 11 12 13 21 22 23 24 25 165 166 167 127 128 129 130 131 7 8 9 10 180 181 182 183 184 185 186 187 188 189 190 191 192 193 194 195 196 160 161 162 163 164 14 139 140 141 142 4 5 6 113 132 111 42 43 44 45 46 47 48 173 174 175 176 133 134 72 73 74 75 76 112 125 126 0 1 2 3 104 105 106 107 57 58 59 60 31 32 33 34 35 168 169 197 198 199 15 16 17 98 99 100 101 102 69 70 71 152 153 49 50 51 121 122 123 124 36 37 38 81 82 83 84 85 86 87 88 89 90 91 92 93 94 95 96 97 154 155 156 
1000 1000 1000 1000 793 793 793 549 549 549 549 677 677 677 390 465 465 465 359 359 359 524 524 524 524 524 963 963 963 963 963 420 420 420 420 420 516 516 516 359 359 359 760 760 667 667 667 667 667 545 545 545 963 963 963 963 963 238 238 238 238 677 677 677 524 524 524 524 524 848 848 848 173 173 173 173 173 549 549 549 549 794 794 794 794 794 794 794 794 794 794 794 794 794 794 794 794 794 574 574 574 574 574 390 220 220 220 220 793 793 793 550 950 550 760 760 667 667 667 667 667 950 950 950 950 189 189 173 173 173 173 173 950 189 189 1000 1000 1000 1000 220 220 220 220 238 238 238 238 420 420 420 420 420 269 269 170 170 170 465 465 465 574 574 574 574 574 848 848 848 269 269 545 545 545 950 950 950 950 516 516 516 794 794 794 794 794 794 794 794 794 794 794 794 794 794 794 794 794 170 170 170 
0 1 2 3 4 5 6 7 8 9 10 11 12 13 14 15 16 17 18 19 20 21 22 23 24 25 26 27 28 29 30 31 32 33 34 35 36 37 38 18 19 20 39 40 41 42 43 44 45 46 47 48 26 27 28 29 30 49 50 51 52 11 12 13 21 22 23 24 25 53 54 55 56 57 58 59 60 7 8 9 10 61 62 63 64 65 66 67 68 69 70 71 72 73 74 75 76 77 78 79 80 81 82 14 83 84 85 86 4 5 6 87 88 87 39 40 41 42 43 44 45 89 90 91 92 93 94 56 57 58 59 60 88 93 94 0 1 2 3 83 84 85 86 49 50 51 52 31 32 33 34 35 95 96 97 98 99 15 16 17 78 79 80 81 82 53 54 55 95 96 46 47 48 89 90 91 92 36 37 38 61 62 63 64 65 66 67 68 69 70 71 72 73 74 75 76 77 97 98 99 
59376
26
4 4 5 2 5 3 3 1 3 2 1 4 4 4 5 1 3 5 2 3 5 3 5 3 3 17 
1 31 24 45 20 14 1 35 4 12 35 2 42 18 4 3 19 12 53 2 6 54 5 3 6 22 
49 49 62 46 45 67 31 37 8 37 45 22 67 49 19 30 65 38 66 18 49 70 17 55 68 69 
1000 220 574 189 173 545 793 550 359 760 950 549 950 238 524 390 848 667 269 677 420 170 963 465 516 794 
0 0 0 0 6 6 6 11 11 11 11 19 19 19 15 23 23 23 8 8 8 14 14 14 14 14 22 22 22 22 22 20 20 20 20 20 24 24 24 8 8 8 9 9 17 17 17 17 17 5 5 5 22 22 22 22 22 13 13 13 13 19 19 19 14 14 14 14 14 16 16 16 4 4 4 4 4 11 11 11 11 25 25 25 25 25 25 25 25 25 25 25 25 25 25 25 25 25 2 2 2 2 2 15 1 1 1 1 6 6 6 7 10 7 9 9 17 17 17 17 17 12 12 12 12 3 3 4 4 4 4 4 10 3 3 0 0 0 0 1 1 1 1 13 13 13 13 20 20 20 20 20 18 18 21 21 21 23 23 23 2 2 2 2 2 16 16 16 18 18 5 5 5 12 12 12 12 24 24 24 25 25 25 25 25 25 25 25 25 25 25 25 25 25 25 25 25 21 21 21 