829
100
2
2 2 2 2 2 2 2 2 6 6 6 6 6 6 6 7 7 7 7 7 7 7 7 7 7 7 7 7 7 7 7 7 7 9 10 10 10 10 12 12 12 12 12 12 13 13 13 13 13 13 13 13 13 13 13 13 13 13 13 13 13 13 13 13 13 13 13 17 17 17 17 17 17 18 18 18 18 19 19 19 19 19 19 21 22 22 22 22 22 22 23 23 23 23 23 23 23 23 23 25 25 30 30 32 32 32 32 32 32 32 32 32 32 33 33 33 33 33 33 33 33 33 36 36 36 38 38 38 38 38 38 38 39 39 39 39 40 40 40 40 43 44 44 44 44 46 46 47 47 47 48 48 48 48 52 52 55 57 57 57 57 57 57 57 57 57 57 57 57 57 57 57 57 58 58 58 58 58 58 58 58 58 58 63 63 63 63 63 63 64 64 64 68 68 68 68 68 68 68 70 
157 158 159 160 161 147 148 149 145 146 198 150 151 152 153 49 50 51 52 53 54 55 56 57 58 59 60 61 62 63 64 65 66 144 136 137 138 139 103 104 105 106 107 108 90 91 92 93 94 15 16 17 18 19 20 21 22 23 24 25 26 27 28 29 30 31 32 183 184 185 186 187 188 132 133 134 135 192 193 194 195 196 197 156 99 100 95 96 97 98 44 45 46 47 48 86 87 88 89 84 85 154 155 38 39 40 41 42 43 179 180 181 182 199 168 169 170 171 172 141 142 143 125 126 127 122 123 124 189 190 191 140 73 74 75 76 34 35 36 37 131 119 120 121 33 8 9 5 6 7 11 12 13 14 101 102 83 0 1 2 3 4 173 174 175 176 177 178 114 115 116 117 118 162 163 164 165 166 167 109 110 111 112 67 68 69 70 71 72 128 129 130 77 78 79 80 81 82 10 113 
759 759 759 759 759 902 902 902 333 333 588 968 968 968 968 282 282 282 282 282 282 282 282 282 282 282 282 282 282 282 282 282 282 176 310 310 310 310 802 802 802 802 802 802 511 511 511 511 511 282 282 282 282 282 282 282 282 282 282 282 282 282 282 282 282 282 282 448 448 448 448 448 448 783 783 783 783 800 800 800 800 800 800 236 592 592 702 702 702 702 511 511 511 511 511 702 702 702 702 592 592 599 599 802 802 802 802 802 802 329 329 329 329 420 590 590 590 590 590 926 926 926 197 197 197 197 197 197 386 386 386 436 783 783 783 783 310 310 310 310 436 926 926 926 176 333 333 902 902 902 968 968 968 968 599 599 236 759 759 759 759 759 968 968 968 968 968 968 590 590 590 590 590 968 968 968 968 968 968 329 329 329 329 448 448 448 448 448 448 386 386 386 800 800 800 800 800 800 588 420 
0 1 2 3 4 5 6 7 8 9 10 11 12 13 14 15 16 17 18 19 20 21 22 23 24 25 26 27 28 29 30 31 32 33 34 35 36 37 38 39 40 41 42 43 44 45 46 47 48 15 16 17 18 19 20 21 22 23 24 25 26 27 28 29 30 31 32 49 50 51 52 53 54 55 56 57 58 59 60 61 62 63 64 65 66 67 68 69 70 71 44 45 46 47 48 68 69 70 71 66 67 72 73 38 39 40 41 42 43 74 75 76 77 78 79 80 81 82 83 84 85 86 87 88 89 87 88 89 90 91 92 93 55 56 57 58 34 35 36 37 93 84 85 86 33 8 9 5 6 7 11 12 13 14 72 73 65 0 1 2 3 4 94 95 96 97 98 99 79 80 81 82 83 94 95 96 97 98 99 74 75 76 77 49 50 51 52 53 54 90 91 92 59 60 61 62 63 64 10 78 
56989
25
2 4 5 2 5 6 6 1 3 3 6 1 4 1 1 5 6 3 4 3 4 4 2 1 18 
6 10 2 22 13 57 19 21 36 38 17 33 22 38 6 33 12 2 32 33 18 6 30 9 7 
46 40 57 25 23 58 68 55 38 64 63 70 23 43 68 57 32 47 58 44 39 48 52 44 13 
333 310 759 592 511 968 800 236 197 386 448 420 702 436 588 590 802 902 329 926 783 968 599 176 282 
2 2 2 2 2 17 17 17 0 0 14 21 21 21 21 24 24 24 24 24 24 24 24 24 24 24 24 24 24 24 24 24 24 23 1 1 1 1 16 16 16 16 16 16 4 4 4 4 4 24 24 24 24 24 24 24 24 24 24 24 24 24 24 24 24 24 24 10 10 10 10 10 10 20 20 20 20 6 6 6 6 6 6 7 3 3 12 12 12 12 4 4 4 4 4 12 12 12 12 3 3 22 22 16 16 16 16 16 16 18 18 18 18 11 15 15 15 15 15 19 19 19 8 8 8 8 8 8 9 9 9 13 20 20 20 20 1 1 1 1 13 19 19 19 23 0 0 17 17 17 21 21 21 21 22 22 7 2 2 2 2 2 5 5 5 5 5 5 15 15 15 15 15 5 5 5 5 5 5 18 18 18 18 10 10 10 10 10 10 9 9 9 6 6 6 6 6 6 14 11 