28
100
2
2 2 4 4 4 4 4 4 4 4 4 4 5 5 5 5 5 5 5 5 5 5 6 6 6 6 6 6 6 6 6 6 7 7 7 7 7 7 7 7 7 7 13 13 13 13 13 13 13 13 15 15 15 15 15 15 15 15 15 15 15 21 21 21 21 21 21 21 21 21 21 23 23 23 23 23 23 23 23 23 23 23 23 23 23 25 25 25 25 25 26 26 26 26 26 26 26 26 26 26 26 26 26 26 26 26 26 26 26 26 26 26 26 26 26 26 27 27 27 27 27 28 28 28 28 29 29 29 29 29 29 29 29 35 35 35 35 35 35 35 35 35 35 46 46 46 46 46 46 46 46 46 46 47 47 47 47 47 47 49 49 49 49 49 49 49 49 54 54 56 56 56 57 57 57 57 57 57 57 60 60 60 60 60 60 68 68 68 68 68 70 70 70 70 70 70 70 70 70 70 
167 168 133 134 135 136 137 138 139 140 141 142 32 33 34 35 36 37 38 39 40 41 143 144 145 146 147 148 149 150 151 152 12 13 14 15 16 17 18 19 20 21 125 126 127 128 129 130 131 132 159 160 161 162 163 164 165 166 169 170 171 190 191 192 193 194 195 196 197 198 199 102 103 104 105 106 107 108 109 110 111 112 113 114 115 185 186 187 188 189 172 173 174 175 176 177 178 116 117 118 119 120 71 72 73 74 75 76 77 78 79 80 81 82 83 84 97 98 99 100 101 122 121 124 123 42 43 44 45 46 47 48 49 2 3 4 5 6 7 8 9 10 11 22 23 24 25 26 27 28 29 30 31 179 180 181 182 183 184 50 51 52 53 54 55 56 57 0 1 58 59 60 90 91 92 93 94 95 96 153 154 155 156 157 158 85 86 87 88 89 61 62 63 64 65 66 67 68 69 70 
631 631 784 784 784 784 784 784 784 784 784 784 826 826 826 826 826 826 826 826 826 826 950 950 950 950 950 950 950 950 950 950 826 826 826 826 826 826 826 826 826 826 266 266 266 266 266 266 266 266 621 621 621 621 621 621 621 621 327 327 327 315 315 315 315 315 315 315 315 315 315 473 473 473 473 473 473 473 473 473 473 473 473 473 473 182 182 182 182 182 327 327 327 327 327 327 327 385 385 385 385 385 473 473 473 473 473 473 473 473 473 473 473 473 473 473 385 385 385 385 385 525 525 525 525 266 266 266 266 266 266 266 266 784 784 784 784 784 784 784 784 784 784 950 950 950 950 950 950 950 950 950 950 902 902 902 902 902 902 621 621 621 621 621 621 621 621 631 631 327 327 327 327 327 327 327 327 327 327 902 902 902 902 902 902 182 182 182 182 182 315 315 315 315 315 315 315 315 315 315 
0 1 2 3 4 5 6 7 8 9 10 11 12 13 14 15 16 17 18 19 20 21 22 23 24 25 26 27 28 29 30 31 12 13 14 15 16 17 18 19 20 21 32 33 34 35 36 37 38 39 40 41 42 43 44 45 46 47 48 49 50 51 52 53 54 55 56 57 58 59 60 61 62 63 64 65 66 67 68 69 70 71 72 73 74 75 76 77 78 79 80 81 82 83 84 85 86 87 88 89 90 91 61 62 63 64 65 66 67 68 69 70 71 72 73 74 87 88 89 90 91 92 92 93 93 32 33 34 35 36 37 38 39 2 3 4 5 6 7 8 9 10 11 22 23 24 25 26 27 28 29 30 31 94 95 96 97 98 99 40 41 42 43 44 45 46 47 0 1 48 49 50 80 81 82 83 84 85 86 94 95 96 97 98 99 75 76 77 78 79 51 52 53 54 55 56 57 58 59 60 
56297
14
5 10 7 2 8 10 6 5 8 2 10 10 3 14 
25 21 26 28 15 5 47 26 13 2 4 6 15 23 
68 70 57 28 49 7 60 27 29 54 35 46 56 26 
182 315 327 525 621 826 902 385 266 631 784 950 327 473 
9 9 10 10 10 10 10 10 10 10 10 10 5 5 5 5 5 5 5 5 5 5 11 11 11 11 11 11 11 11 11 11 5 5 5 5 5 5 5 5 5 5 8 8 8 8 8 8 8 8 4 4 4 4 4 4 4 4 12 12 12 1 1 1 1 1 1 1 1 1 1 13 13 13 13 13 13 13 13 13 13 13 13 13 13 0 0 0 0 0 2 2 2 2 2 2 2 7 7 7 7 7 13 13 13 13 13 13 13 13 13 13 13 13 13 13 7 7 7 7 7 3 3 3 3 8 8 8 8 8 8 8 8 10 10 10 10 10 10 10 10 10 10 11 11 11 11 11 11 11 11 11 11 6 6 6 6 6 6 4 4 4 4 4 4 4 4 9 9 12 12 12 2 2 2 2 2 2 2 6 6 6 6 6 6 0 0 0 0 0 1 1 1 1 1 1 1 1 1 1 