535
100
2
1 1 1 10 10 10 10 10 10 10 10 10 10 10 10 10 10 10 10 10 10 10 10 10 10 15 15 15 15 15 16 16 16 16 16 16 16 16 16 20 20 20 20 20 20 20 20 20 20 20 24 24 24 24 24 24 24 24 24 24 24 24 26 26 26 26 26 26 26 26 26 26 26 30 30 30 30 30 30 30 30 30 30 30 30 30 30 30 33 33 33 33 33 33 33 33 33 33 33 33 33 33 33 36 36 36 36 36 36 36 36 36 37 37 37 37 37 37 37 37 39 39 39 39 39 39 40 40 40 46 46 46 46 46 46 64 64 64 64 64 64 64 64 64 64 64 64 64 64 64 64 64 66 66 66 66 66 66 66 66 68 68 68 68 68 68 68 68 68 68 68 68 68 68 68 68 68 68 68 68 68 68 68 68 68 68 68 68 68 68 68 68 68 68 68 68 68 68 68 68 
126 127 128 25 26 27 28 29 135 136 137 138 139 140 141 142 143 144 145 146 147 148 149 150 151 3 4 5 6 7 103 104 105 106 107 108 109 110 111 62 63 64 65 66 67 68 69 70 71 72 160 161 162 163 164 165 166 167 168 169 170 171 39 40 41 42 43 44 45 46 47 48 49 88 89 90 91 92 93 94 95 96 97 98 99 100 101 102 73 74 75 76 77 78 79 80 81 82 83 84 85 86 87 30 31 32 33 34 35 36 37 38 152 153 154 155 156 157 158 159 129 130 131 132 133 134 0 1 2 120 121 122 123 124 125 8 9 10 11 12 13 14 15 16 17 18 19 20 21 22 23 24 112 113 114 115 116 117 118 119 50 51 52 53 54 55 56 57 58 59 60 61 173 172 175 174 177 176 179 178 181 180 183 182 185 184 187 186 189 188 191 190 193 192 195 194 197 196 199 198 
459 459 459 534 534 534 534 534 912 912 912 912 912 912 912 912 912 912 912 912 912 912 912 912 912 534 534 534 534 534 271 271 271 271 271 271 271 271 271 197 197 197 197 197 197 197 197 197 197 197 249 249 249 249 249 249 249 249 249 249 249 249 197 197 197 197 197 197 197 197 197 197 197 596 596 596 596 596 596 596 596 596 596 596 596 596 596 596 596 596 596 596 596 596 596 596 596 596 596 596 596 596 596 271 271 271 271 271 271 271 271 271 959 959 959 959 959 959 959 959 933 933 933 933 933 933 459 459 459 933 933 933 933 933 933 912 912 912 912 912 912 912 912 912 912 912 912 912 912 912 912 912 959 959 959 959 959 959 959 959 249 249 249 249 249 249 249 249 249 249 249 249 359 359 359 359 359 359 359 359 359 359 359 359 359 359 359 359 359 359 359 359 359 359 359 359 359 359 359 359 
0 1 2 3 4 5 6 7 8 9 10 11 12 13 14 15 16 17 18 19 20 21 22 23 24 3 4 5 6 7 25 26 27 28 29 30 31 32 33 34 35 36 37 38 39 40 41 42 43 44 45 46 47 48 49 50 51 52 53 54 55 56 34 35 36 37 38 39 40 41 42 43 44 57 58 59 60 61 62 63 64 65 66 67 68 69 70 71 57 58 59 60 61 62 63 64 65 66 67 68 69 70 71 25 26 27 28 29 30 31 32 33 72 73 74 75 76 77 78 79 80 81 82 83 84 85 0 1 2 80 81 82 83 84 85 8 9 10 11 12 13 14 15 16 17 18 19 20 21 22 23 24 72 73 74 75 76 77 78 79 45 46 47 48 49 50 51 52 53 54 55 56 86 86 87 87 88 88 89 89 90 90 91 91 92 92 93 93 94 94 95 95 96 96 97 97 98 98 99 99 
54381
10
12 6 15 11 8 3 5 14 9 17 
24 39 30 20 37 1 10 68 16 10 
68 46 33 26 66 40 15 68 36 64 
249 933 596 197 959 459 534 359 271 912 
5 5 5 6 6 6 6 6 9 9 9 9 9 9 9 9 9 9 9 9 9 9 9 9 9 6 6 6 6 6 8 8 8 8 8 8 8 8 8 3 3 3 3 3 3 3 3 3 3 3 0 0 0 0 0 0 0 0 0 0 0 0 3 3 3 3 3 3 3 3 3 3 3 2 2 2 2 2 2 2 2 2 2 2 2 2 2 2 2 2 2 2 2 2 2 2 2 2 2 2 2 2 2 8 8 8 8 8 8 8 8 8 4 4 4 4 4 4 4 4 1 1 1 1 1 1 5 5 5 1 1 1 1 1 1 9 9 9 9 9 9 9 9 9 9 9 9 9 9 9 9 9 4 4 4 4 4 4 4 4 0 0 0 0 0 0 0 0 0 0 0 0 7 7 7 7 7 7 7 7 7 7 7 7 7 7 7 7 7 7 7 7 7 7 7 7 7 7 7 7 