983
100
2
6 6 6 6 6 8 8 8 8 8 9 9 11 11 11 11 12 13 15 15 15 16 16 16 16 16 18 18 18 18 18 18 18 19 19 19 19 19 19 19 19 19 22 22 23 23 25 25 25 25 25 26 26 26 26 26 26 28 28 28 28 28 28 28 28 28 28 28 28 29 29 29 29 29 29 32 32 32 32 32 32 32 33 33 33 33 33 34 34 34 35 35 35 35 35 36 36 36 36 36 41 41 42 42 42 42 42 42 42 42 42 42 42 46 46 46 46 46 46 46 46 47 48 48 48 50 50 50 50 50 51 51 52 52 52 52 53 53 53 53 53 53 53 55 55 55 55 55 55 55 55 55 55 55 55 55 55 55 55 55 55 55 55 57 57 57 59 61 61 61 61 61 61 61 67 67 67 67 67 67 69 69 69 69 69 69 69 69 69 69 69 69 69 69 69 69 69 69 69 69 
51 52 53 54 16 87 88 89 55 56 44 45 38 39 40 41 4 121 163 164 165 138 139 140 141 142 167 168 169 170 171 172 173 95 96 97 98 99 12 13 14 15 80 81 10 11 174 175 176 177 178 0 1 2 3 8 9 132 133 134 135 130 131 107 108 109 110 111 112 115 116 117 118 119 120 125 126 127 128 129 42 43 100 101 122 123 124 5 6 7 102 103 104 105 106 33 34 35 36 37 82 83 90 91 92 93 94 63 64 65 66 67 68 136 137 69 70 71 72 73 74 17 84 85 86 75 76 77 78 79 61 62 57 58 59 60 113 114 21 22 23 24 25 180 181 182 183 184 185 186 187 188 189 190 191 192 193 194 195 196 197 198 199 18 19 20 179 26 27 28 29 30 31 32 46 47 48 49 50 166 143 144 145 146 147 148 149 150 151 152 153 154 155 156 157 158 159 160 161 162 
927 927 927 927 352 711 711 711 492 492 407 407 976 976 976 976 352 502 897 897 897 501 501 501 501 501 316 316 316 316 316 316 316 873 873 873 873 873 976 976 976 976 735 735 407 407 384 384 384 384 384 927 927 927 927 492 492 852 852 852 852 728 728 203 203 203 203 203 203 553 553 553 553 553 553 181 181 181 181 181 735 735 282 282 199 199 199 711 711 711 834 834 834 834 834 873 873 873 873 873 282 282 834 834 834 834 834 203 203 203 203 203 203 848 848 553 553 553 553 553 553 502 199 199 199 181 181 181 181 181 728 728 852 852 852 852 848 848 501 501 501 501 501 956 956 956 956 956 956 956 956 956 956 956 956 956 956 956 956 956 956 956 956 897 897 897 406 316 316 316 316 316 316 316 384 384 384 384 384 406 956 956 956 956 956 956 956 956 956 956 956 956 956 956 956 956 956 956 956 956 
0 1 2 3 4 5 6 7 8 9 10 11 12 13 14 15 4 16 17 18 19 20 21 22 23 24 25 26 27 28 29 30 31 32 33 34 35 36 12 13 14 15 37 38 10 11 39 40 41 42 43 0 1 2 3 8 9 44 45 46 47 48 49 50 51 52 53 54 55 56 57 58 59 60 61 62 63 64 65 66 37 38 67 68 69 70 71 5 6 7 72 73 74 75 76 32 33 34 35 36 67 68 72 73 74 75 76 50 51 52 53 54 55 77 78 56 57 58 59 60 61 16 69 70 71 62 63 64 65 66 48 49 44 45 46 47 77 78 20 21 22 23 24 79 80 81 82 83 84 85 86 87 88 89 90 91 92 93 94 95 96 97 98 17 18 19 99 25 26 27 28 29 30 31 39 40 41 42 43 99 79 80 81 82 83 84 85 86 87 88 89 90 91 92 93 94 95 96 97 98 
64418
24
5 4 7 5 2 5 2 5 4 6 2 2 3 3 5 6 4 1 2 1 3 1 2 20 
25 28 18 32 46 35 28 19 6 29 33 22 8 33 16 28 11 6 8 59 15 13 9 55 
67 52 61 50 53 42 51 36 26 46 41 32 34 48 53 42 19 12 26 67 57 47 23 69 
384 852 316 181 848 834 728 873 927 553 282 735 711 199 501 203 976 352 492 406 897 502 407 956 
8 8 8 8 17 12 12 12 18 18 22 22 16 16 16 16 17 21 20 20 20 14 14 14 14 14 2 2 2 2 2 2 2 7 7 7 7 7 16 16 16 16 11 11 22 22 0 0 0 0 0 8 8 8 8 18 18 1 1 1 1 6 6 15 15 15 15 15 15 9 9 9 9 9 9 3 3 3 3 3 11 11 10 10 13 13 13 12 12 12 5 5 5 5 5 7 7 7 7 7 10 10 5 5 5 5 5 15 15 15 15 15 15 4 4 9 9 9 9 9 9 21 13 13 13 3 3 3 3 3 6 6 1 1 1 1 4 4 14 14 14 14 14 23 23 23 23 23 23 23 23 23 23 23 23 23 23 23 23 23 23 23 23 20 20 20 19 2 2 2 2 2 2 2 0 0 0 0 0 19 23 23 23 23 23 23 23 23 23 23 23 23 23 23 23 23 23 23 23 23 