86
100
2
2 2 2 2 2 3 3 3 3 3 3 3 3 4 4 4 7 7 7 7 7 9 9 9 9 9 9 9 9 9 10 10 10 10 10 11 11 11 11 11 13 13 13 13 13 13 13 13 13 13 13 13 13 13 13 17 17 17 17 17 17 17 17 17 19 19 19 19 19 19 19 19 23 23 23 23 23 23 25 25 25 25 26 26 26 26 26 26 26 28 28 28 28 28 28 34 34 34 34 34 34 34 34 37 37 37 37 37 37 37 37 37 37 37 41 41 41 41 43 43 43 43 43 43 44 44 44 44 44 44 44 44 44 46 46 46 46 46 46 46 46 46 46 46 46 46 46 46 46 46 49 49 49 49 49 49 49 49 49 49 49 49 49 49 49 49 49 49 49 49 49 49 49 49 49 49 50 50 50 50 50 50 59 59 59 59 60 60 60 60 60 60 60 60 60 60 60 69 69 69 
35 36 37 38 39 133 134 135 136 137 138 139 140 197 198 199 30 31 32 33 34 55 56 57 58 59 60 61 62 63 16 17 18 19 20 0 1 2 3 4 161 162 163 164 165 166 167 168 169 170 171 172 173 174 175 21 22 23 24 25 26 27 28 29 95 96 97 98 99 100 101 102 176 177 178 179 180 181 114 115 116 117 103 104 105 106 107 108 109 118 119 120 121 122 123 64 65 66 67 68 69 70 71 82 83 84 85 86 87 88 182 183 184 185 78 79 80 81 89 90 91 92 93 94 141 142 143 144 145 146 147 148 149 5 6 7 8 9 10 11 12 124 125 126 127 128 129 130 131 132 186 187 188 189 190 191 192 193 194 195 196 40 41 42 43 44 45 46 47 48 49 50 51 52 53 54 72 73 74 75 76 77 110 111 112 113 150 151 152 153 154 155 156 157 158 159 160 13 14 15 
689 689 689 689 689 754 754 754 754 754 754 754 754 994 994 994 177 177 177 177 177 173 173 173 173 173 173 173 173 173 177 177 177 177 177 689 689 689 689 689 316 316 316 316 316 316 316 316 316 316 316 316 316 316 316 173 173 173 173 173 173 173 173 173 420 420 420 420 420 420 420 420 252 252 252 252 252 252 763 763 763 763 246 246 246 246 246 246 246 266 266 266 266 266 266 420 420 420 420 420 420 420 420 246 246 246 246 246 246 246 685 685 685 685 763 763 763 763 266 266 266 266 266 266 346 346 346 346 346 346 346 346 346 754 754 754 754 754 754 754 754 346 346 346 346 346 346 346 346 346 686 686 686 686 686 686 686 686 686 686 686 316 316 316 316 316 316 316 316 316 316 316 316 316 316 316 252 252 252 252 252 252 685 685 685 685 686 686 686 686 686 686 686 686 686 686 686 994 994 994 
0 1 2 3 4 5 6 7 8 9 10 11 12 13 14 15 16 17 18 19 20 21 22 23 24 25 26 27 28 29 16 17 18 19 20 0 1 2 3 4 30 31 32 33 34 35 36 37 38 39 40 41 42 43 44 21 22 23 24 25 26 27 28 29 45 46 47 48 49 50 51 52 53 54 55 56 57 58 59 60 61 62 63 64 65 66 67 68 69 70 71 72 73 74 75 45 46 47 48 49 50 51 52 63 64 65 66 67 68 69 76 77 78 79 59 60 61 62 70 71 72 73 74 75 80 81 82 83 84 85 86 87 88 5 6 7 8 9 10 11 12 80 81 82 83 84 85 86 87 88 89 90 91 92 93 94 95 96 97 98 99 30 31 32 33 34 35 36 37 38 39 40 41 42 43 44 53 54 55 56 57 58 76 77 78 79 89 90 91 92 93 94 95 96 97 98 99 13 14 15 
44283
14
6 7 4 5 8 5 4 8 9 9 11 3 6 15 
28 26 25 7 3 2 37 19 9 44 49 4 23 13 
43 37 41 10 46 11 59 34 17 46 60 69 50 49 
266 246 763 177 754 689 685 420 173 346 686 994 252 316 
5 5 5 5 5 4 4 4 4 4 4 4 4 11 11 11 3 3 3 3 3 8 8 8 8 8 8 8 8 8 3 3 3 3 3 5 5 5 5 5 13 13 13 13 13 13 13 13 13 13 13 13 13 13 13 8 8 8 8 8 8 8 8 8 7 7 7 7 7 7 7 7 12 12 12 12 12 12 2 2 2 2 1 1 1 1 1 1 1 0 0 0 0 0 0 7 7 7 7 7 7 7 7 1 1 1 1 1 1 1 6 6 6 6 2 2 2 2 0 0 0 0 0 0 9 9 9 9 9 9 9 9 9 4 4 4 4 4 4 4 4 9 9 9 9 9 9 9 9 9 10 10 10 10 10 10 10 10 10 10 10 13 13 13 13 13 13 13 13 13 13 13 13 13 13 13 12 12 12 12 12 12 6 6 6 6 10 10 10 10 10 10 10 10 10 10 10 11 11 11 