426
100
2
2 2 2 2 2 2 5 5 5 5 5 5 7 7 7 7 7 7 7 7 7 7 7 10 10 10 10 10 10 12 12 12 12 12 12 12 12 12 12 12 12 14 14 14 14 14 14 14 14 14 14 14 22 22 22 22 22 22 22 22 22 22 22 22 24 24 24 24 24 24 24 24 24 24 24 24 27 27 27 27 27 27 27 27 27 27 27 27 28 28 28 28 28 28 28 28 28 28 28 28 28 28 28 28 28 28 28 28 28 28 28 28 28 28 28 28 28 28 28 28 28 28 30 30 30 30 30 30 30 30 30 30 30 30 34 34 34 34 34 34 34 34 34 34 34 34 35 35 35 35 35 35 47 47 47 47 47 47 47 47 47 47 47 47 47 47 47 47 47 47 47 47 47 47 47 47 59 59 61 61 61 61 61 61 61 61 61 61 65 65 68 68 68 68 68 69 69 69 69 69 
6 7 8 9 10 11 0 1 2 3 4 5 41 42 43 44 45 46 47 48 49 50 51 146 147 148 149 150 151 122 123 124 125 126 127 128 129 130 131 132 133 12 13 14 15 16 17 18 19 20 21 22 76 77 78 79 80 81 82 83 84 85 86 87 134 135 136 137 138 139 140 141 142 143 144 145 52 53 54 55 56 57 58 59 60 61 62 63 152 153 154 155 156 157 158 159 160 161 162 163 164 165 166 167 168 169 170 171 172 173 174 175 178 179 180 181 182 183 184 185 186 187 29 30 31 32 33 34 35 36 37 38 39 40 64 65 66 67 68 69 70 71 72 73 74 75 23 24 25 26 27 28 88 89 90 91 92 93 94 95 96 97 98 99 100 101 102 103 104 105 106 107 108 109 110 111 188 189 112 113 114 115 116 117 118 119 120 121 176 177 195 196 197 198 199 190 191 192 193 194 
900 900 900 900 900 900 900 900 900 900 900 900 649 649 649 649 649 649 649 649 649 649 649 802 802 802 802 802 802 848 848 848 848 848 848 848 848 848 848 848 848 649 649 649 649 649 649 649 649 649 649 649 347 347 347 347 347 347 347 347 347 347 347 347 628 628 628 628 628 628 628 628 628 628 628 628 347 347 347 347 347 347 347 347 347 347 347 347 341 341 341 341 341 341 341 341 341 341 341 341 197 197 197 197 197 197 197 197 197 197 197 197 178 178 178 178 178 178 178 178 178 178 848 848 848 848 848 848 848 848 848 848 848 848 628 628 628 628 628 628 628 628 628 628 628 628 802 802 802 802 802 802 341 341 341 341 341 341 341 341 341 341 341 341 197 197 197 197 197 197 197 197 197 197 197 197 170 170 178 178 178 178 178 178 178 178 178 178 170 170 332 332 332 332 332 332 332 332 332 332 
0 1 2 3 4 5 0 1 2 3 4 5 6 7 8 9 10 11 12 13 14 15 16 17 18 19 20 21 22 23 24 25 26 27 28 29 30 31 32 33 34 6 7 8 9 10 11 12 13 14 15 16 35 36 37 38 39 40 41 42 43 44 45 46 47 48 49 50 51 52 53 54 55 56 57 58 35 36 37 38 39 40 41 42 43 44 45 46 59 60 61 62 63 64 65 66 67 68 69 70 71 72 73 74 75 76 77 78 79 80 81 82 83 84 85 86 87 88 89 90 91 92 23 24 25 26 27 28 29 30 31 32 33 34 47 48 49 50 51 52 53 54 55 56 57 58 17 18 19 20 21 22 59 60 61 62 63 64 65 66 67 68 69 70 71 72 73 74 75 76 77 78 79 80 81 82 93 94 83 84 85 86 87 88 89 90 91 92 93 94 95 96 97 98 99 95 96 97 98 99 
49463
11
12 12 12 6 6 10 12 12 2 5 11 
28 28 12 2 10 28 22 24 59 68 7 
47 47 30 5 35 61 27 34 65 69 14 
341 197 848 900 802 178 347 628 170 332 649 
3 3 3 3 3 3 3 3 3 3 3 3 10 10 10 10 10 10 10 10 10 10 10 4 4 4 4 4 4 2 2 2 2 2 2 2 2 2 2 2 2 10 10 10 10 10 10 10 10 10 10 10 6 6 6 6 6 6 6 6 6 6 6 6 7 7 7 7 7 7 7 7 7 7 7 7 6 6 6 6 6 6 6 6 6 6 6 6 0 0 0 0 0 0 0 0 0 0 0 0 1 1 1 1 1 1 1 1 1 1 1 1 5 5 5 5 5 5 5 5 5 5 2 2 2 2 2 2 2 2 2 2 2 2 7 7 7 7 7 7 7 7 7 7 7 7 4 4 4 4 4 4 0 0 0 0 0 0 0 0 0 0 0 0 1 1 1 1 1 1 1 1 1 1 1 1 8 8 5 5 5 5 5 5 5 5 5 5 8 8 9 9 9 9 9 9 9 9 9 9 