998
100
2
14 14 14 14 14 14 14 14 14 15 15 15 15 15 15 15 15 15 15 20 20 20 20 25 25 25 25 25 25 25 25 25 25 25 25 25 25 27 27 27 27 27 27 27 29 29 29 29 29 29 29 29 29 31 31 31 31 31 31 31 31 31 31 31 31 31 31 31 31 31 32 32 32 32 32 32 32 32 32 32 32 32 37 37 37 37 37 37 37 37 37 37 37 37 37 37 42 42 42 42 42 42 42 46 46 46 46 46 46 46 46 46 46 52 52 52 52 52 52 52 52 52 52 52 52 52 52 52 52 52 52 52 52 52 52 52 52 52 52 52 53 53 53 53 53 53 53 53 53 53 53 53 53 53 54 54 54 54 54 54 54 54 54 54 54 54 54 54 54 54 66 66 66 66 66 66 66 66 66 66 66 66 66 66 66 68 68 68 68 68 68 68 68 68 68 68 69 69 69 69 
44 45 46 47 48 49 50 51 52 103 104 105 106 107 108 109 110 111 112 196 197 198 199 53 54 55 56 57 58 59 60 61 62 63 64 65 66 96 97 98 99 100 101 102 0 1 2 3 4 5 6 7 8 23 24 25 26 27 28 29 30 31 32 33 34 35 36 170 171 172 173 174 175 176 177 178 179 180 181 182 183 184 140 141 142 143 144 145 146 147 148 149 150 151 152 153 37 38 39 40 41 42 43 9 10 11 12 13 14 15 16 17 18 185 186 187 188 189 190 191 192 193 194 195 154 155 156 157 158 159 160 161 162 163 164 165 166 167 168 169 82 83 84 85 86 87 88 89 90 91 92 93 94 95 124 125 126 127 128 129 130 131 132 133 134 135 136 137 138 139 67 68 69 70 71 72 73 74 75 76 77 78 79 80 81 113 114 115 116 117 118 119 120 121 122 123 19 20 21 22 
724 724 724 724 724 724 724 724 724 655 655 655 655 655 655 655 655 655 655 787 787 787 787 778 778 778 778 778 778 778 778 778 778 778 778 778 778 991 991 991 991 991 991 991 724 724 724 724 724 724 724 724 724 778 778 778 778 778 778 778 778 778 778 778 778 778 778 956 956 956 707 707 707 707 707 707 707 707 707 707 707 707 856 856 856 856 856 856 856 856 856 856 856 856 856 856 991 991 991 991 991 991 991 655 655 655 655 655 655 655 655 655 655 294 294 294 294 294 294 294 294 294 294 294 788 788 788 788 788 788 788 788 788 788 788 788 788 788 788 788 856 856 856 856 856 856 856 856 856 856 856 856 856 856 788 788 788 788 788 788 788 788 788 788 788 788 788 788 788 788 956 956 956 707 707 707 707 707 707 707 707 707 707 707 707 294 294 294 294 294 294 294 294 294 294 294 787 787 787 787 
0 1 2 3 4 5 6 7 8 9 10 11 12 13 14 15 16 17 18 19 20 21 22 23 24 25 26 27 28 29 30 31 32 33 34 35 36 37 38 39 40 41 42 43 0 1 2 3 4 5 6 7 8 23 24 25 26 27 28 29 30 31 32 33 34 35 36 44 45 46 47 48 49 50 51 52 53 54 55 56 57 58 59 60 61 62 63 64 65 66 67 68 69 70 71 72 37 38 39 40 41 42 43 9 10 11 12 13 14 15 16 17 18 73 74 75 76 77 78 79 80 81 82 83 84 85 86 87 88 89 90 91 92 93 94 95 96 97 98 99 59 60 61 62 63 64 65 66 67 68 69 70 71 72 84 85 86 87 88 89 90 91 92 93 94 95 96 97 98 99 44 45 46 47 48 49 50 51 52 53 54 55 56 57 58 73 74 75 76 77 78 79 80 81 82 83 19 20 21 22 
73221
10
9 11 14 7 14 3 12 4 10 16 
14 52 25 27 37 31 32 20 15 52 
29 68 31 42 53 66 66 69 46 54 
724 294 778 991 856 956 707 787 655 788 
0 0 0 0 0 0 0 0 0 8 8 8 8 8 8 8 8 8 8 7 7 7 7 2 2 2 2 2 2 2 2 2 2 2 2 2 2 3 3 3 3 3 3 3 0 0 0 0 0 0 0 0 0 2 2 2 2 2 2 2 2 2 2 2 2 2 2 5 5 5 6 6 6 6 6 6 6 6 6 6 6 6 4 4 4 4 4 4 4 4 4 4 4 4 4 4 3 3 3 3 3 3 3 8 8 8 8 8 8 8 8 8 8 1 1 1 1 1 1 1 1 1 1 1 9 9 9 9 9 9 9 9 9 9 9 9 9 9 9 9 4 4 4 4 4 4 4 4 4 4 4 4 4 4 9 9 9 9 9 9 9 9 9 9 9 9 9 9 9 9 5 5 5 6 6 6 6 6 6 6 6 6 6 6 6 1 1 1 1 1 1 1 1 1 1 1 7 7 7 7 