569
100
2
2 2 2 2 6 6 6 7 7 7 7 7 7 8 8 8 8 9 9 9 9 9 9 16 16 16 16 16 16 16 16 16 18 18 18 18 18 18 18 18 18 18 18 19 19 19 21 21 21 21 26 26 26 26 28 28 28 28 28 28 28 28 28 28 28 28 28 28 28 28 28 28 28 28 28 28 28 28 29 29 29 29 29 29 29 29 29 31 32 32 33 33 33 33 33 33 33 33 33 33 33 33 33 33 33 33 33 33 33 33 33 33 33 33 35 35 46 46 46 46 46 46 47 47 47 47 47 47 48 48 48 48 48 48 48 48 48 48 48 48 48 48 48 48 48 48 50 50 50 50 54 54 54 54 54 54 54 54 55 55 55 55 55 55 55 55 55 55 55 55 55 55 57 57 57 57 57 57 57 57 57 61 61 61 61 67 67 67 67 67 67 69 69 69 69 69 69 69 69 69 
181 182 183 184 43 44 45 37 38 39 40 41 42 50 51 52 53 54 55 56 57 58 59 137 138 139 140 141 142 143 144 145 167 168 169 170 171 7 8 9 10 11 12 4 5 6 146 147 148 149 13 14 15 16 17 18 19 20 21 22 96 97 98 99 100 101 102 103 104 105 106 107 108 109 110 111 112 113 128 129 130 131 132 133 134 135 136 166 114 115 185 186 187 188 189 190 60 61 62 63 64 65 66 67 68 69 70 71 72 73 74 75 76 77 88 89 122 123 124 125 126 127 116 117 118 119 120 121 78 79 80 81 82 83 84 85 86 23 24 25 26 27 28 29 30 31 46 47 48 49 158 159 160 161 162 163 164 165 150 151 152 153 154 155 156 157 87 32 33 34 35 36 191 192 193 194 195 196 197 198 199 0 1 2 3 90 91 92 93 94 95 172 173 174 175 176 177 178 179 180 
163 163 163 163 300 300 300 613 613 613 613 613 613 626 626 626 626 840 840 840 840 840 840 894 894 894 894 894 894 894 894 894 444 444 444 444 444 613 613 613 613 613 613 300 300 300 264 264 264 264 626 626 626 626 840 840 840 840 840 840 516 516 516 516 516 516 516 516 516 516 516 516 516 516 516 516 516 516 387 387 387 387 387 387 387 387 387 377 723 723 900 900 900 900 900 900 516 516 516 516 516 516 516 516 516 516 516 516 516 516 516 516 516 516 723 723 443 443 443 443 443 443 443 443 443 443 443 443 387 387 387 387 387 387 387 387 387 894 894 894 894 894 894 894 894 894 264 264 264 264 880 880 880 880 880 880 880 880 880 880 880 880 880 880 880 880 377 444 444 444 444 444 761 761 761 761 761 761 761 761 761 163 163 163 163 900 900 900 900 900 900 761 761 761 761 761 761 761 761 761 
0 1 2 3 4 5 6 7 8 9 10 11 12 13 14 15 16 17 18 19 20 21 22 23 24 25 26 27 28 29 30 31 32 33 34 35 36 7 8 9 10 11 12 4 5 6 37 38 39 40 13 14 15 16 17 18 19 20 21 22 41 42 43 44 45 46 47 48 49 50 51 52 53 54 55 56 57 58 59 60 61 62 63 64 65 66 67 68 69 70 71 72 73 74 75 76 41 42 43 44 45 46 47 48 49 50 51 52 53 54 55 56 57 58 69 70 77 78 79 80 81 82 77 78 79 80 81 82 59 60 61 62 63 64 65 66 67 23 24 25 26 27 28 29 30 31 37 38 39 40 83 84 85 86 87 88 89 90 83 84 85 86 87 88 89 90 68 32 33 34 35 36 91 92 93 94 95 96 97 98 99 0 1 2 3 71 72 73 74 75 76 91 92 93 94 95 96 97 98 99 
60637
16
9 8 9 4 6 4 2 1 3 6 6 5 4 9 6 18 
29 54 57 8 9 2 32 31 6 46 33 18 21 16 7 28 
48 55 69 26 28 61 35 55 19 47 67 55 50 48 18 33 
387 880 761 626 840 163 723 377 300 443 900 444 264 894 613 516 
5 5 5 5 8 8 8 14 14 14 14 14 14 3 3 3 3 4 4 4 4 4 4 13 13 13 13 13 13 13 13 13 11 11 11 11 11 14 14 14 14 14 14 8 8 8 12 12 12 12 3 3 3 3 4 4 4 4 4 4 15 15 15 15 15 15 15 15 15 15 15 15 15 15 15 15 15 15 0 0 0 0 0 0 0 0 0 7 6 6 10 10 10 10 10 10 15 15 15 15 15 15 15 15 15 15 15 15 15 15 15 15 15 15 6 6 9 9 9 9 9 9 9 9 9 9 9 9 0 0 0 0 0 0 0 0 0 13 13 13 13 13 13 13 13 13 12 12 12 12 1 1 1 1 1 1 1 1 1 1 1 1 1 1 1 1 7 11 11 11 11 11 2 2 2 2 2 2 2 2 2 5 5 5 5 10 10 10 10 10 10 2 2 2 2 2 2 2 2 2 