666
100
2
1 1 1 1 1 1 1 1 1 1 1 1 1 1 3 3 3 3 3 3 3 3 5 5 10 10 10 10 10 10 10 10 13 13 13 13 14 14 14 14 14 14 14 14 14 16 16 16 16 16 16 16 17 17 17 18 18 18 18 18 18 18 18 19 19 19 19 19 19 19 19 19 27 27 27 27 27 29 29 29 29 29 30 30 30 30 30 30 30 30 30 30 30 30 30 31 31 31 31 31 33 33 33 33 33 33 33 33 35 35 37 37 37 37 37 37 37 37 37 37 37 37 42 42 42 42 42 42 42 42 42 42 42 42 42 42 45 45 45 45 45 45 45 45 45 45 45 45 45 45 45 46 46 46 46 46 48 50 50 51 51 51 51 51 52 52 52 52 52 52 53 53 53 53 53 53 54 54 54 54 54 54 54 59 59 59 59 59 59 59 59 59 61 61 61 61 61 61 61 65 
122 123 124 125 126 127 128 129 130 131 132 133 134 135 143 144 145 146 147 148 149 150 36 37 100 101 102 103 104 105 106 107 38 39 40 41 22 23 32 33 34 35 161 162 163 176 177 178 179 180 181 182 92 93 94 84 85 86 87 88 89 90 91 183 184 185 186 187 188 189 190 191 77 78 79 80 81 72 73 74 75 76 108 109 55 56 57 58 59 60 61 62 52 53 54 151 152 153 154 155 24 25 26 27 28 29 30 31 82 83 111 110 113 112 115 114 117 116 119 118 121 120 0 1 2 3 4 5 6 7 8 9 10 11 12 13 192 193 194 195 196 197 198 14 15 16 17 18 19 20 21 95 96 97 98 99 199 159 160 157 158 42 43 44 170 171 172 173 174 175 164 165 166 167 168 169 45 46 47 48 49 50 51 63 64 65 66 67 68 69 70 71 136 137 138 139 140 141 142 156 
574 574 574 574 574 574 574 574 574 574 574 574 574 574 675 675 675 675 675 675 675 675 693 693 696 696 696 696 696 696 696 696 460 460 460 460 693 693 460 460 460 460 598 598 598 917 917 917 917 917 917 917 209 209 209 382 382 382 382 382 382 382 382 288 288 288 288 288 288 288 288 288 307 307 307 307 307 307 307 307 307 307 635 635 382 382 382 382 382 382 382 382 209 209 209 465 465 465 465 465 696 696 696 696 696 696 696 696 635 635 853 853 853 853 853 853 853 853 853 853 853 853 574 574 574 574 574 574 574 574 574 574 574 574 574 574 178 178 178 178 178 178 178 675 675 675 675 675 675 675 675 465 465 465 465 465 155 899 899 899 899 598 598 598 843 843 843 843 843 843 843 843 843 843 843 843 917 917 917 917 917 917 917 288 288 288 288 288 288 288 288 288 178 178 178 178 178 178 178 155 
0 1 2 3 4 5 6 7 8 9 10 11 12 13 14 15 16 17 18 19 20 21 22 23 24 25 26 27 28 29 30 31 32 33 34 35 22 23 32 33 34 35 36 37 38 39 40 41 42 43 44 45 46 47 48 49 50 51 52 53 54 55 56 57 58 59 60 61 62 63 64 65 66 67 68 69 70 66 67 68 69 70 71 72 49 50 51 52 53 54 55 56 46 47 48 73 74 75 76 77 24 25 26 27 28 29 30 31 71 72 78 78 79 79 80 80 81 81 82 82 83 83 0 1 2 3 4 5 6 7 8 9 10 11 12 13 84 85 86 87 88 89 90 14 15 16 17 18 19 20 21 73 74 75 76 77 91 92 93 92 93 36 37 38 94 95 96 97 98 99 94 95 96 97 98 99 39 40 41 42 43 44 45 57 58 59 60 61 62 63 64 65 84 85 86 87 88 89 90 91 
55223
18
6 7 2 8 2 5 5 8 9 2 7 1 3 6 8 4 3 14 
37 45 50 3 30 31 27 18 19 5 16 48 17 52 10 13 14 1 
37 61 51 45 35 46 29 30 59 14 54 65 30 53 33 14 51 42 
853 178 899 675 635 465 307 382 288 693 917 155 209 843 696 460 598 574 
17 17 17 17 17 17 17 17 17 17 17 17 17 17 3 3 3 3 3 3 3 3 9 9 14 14 14 14 14 14 14 14 15 15 15 15 9 9 15 15 15 15 16 16 16 10 10 10 10 10 10 10 12 12 12 7 7 7 7 7 7 7 7 8 8 8 8 8 8 8 8 8 6 6 6 6 6 6 6 6 6 6 4 4 7 7 7 7 7 7 7 7 12 12 12 5 5 5 5 5 14 14 14 14 14 14 14 14 4 4 0 0 0 0 0 0 0 0 0 0 0 0 17 17 17 17 17 17 17 17 17 17 17 17 17 17 1 1 1 1 1 1 1 3 3 3 3 3 3 3 3 5 5 5 5 5 11 2 2 2 2 16 16 16 13 13 13 13 13 13 13 13 13 13 13 13 10 10 10 10 10 10 10 8 8 8 8 8 8 8 8 8 1 1 1 1 1 1 1 11 