892
100
2
2 2 2 2 2 4 4 4 4 4 4 4 4 4 4 4 4 4 4 5 5 5 5 5 5 7 7 7 7 7 7 7 7 7 7 7 7 7 7 7 7 7 7 7 7 10 10 10 10 10 10 11 11 11 15 15 15 16 18 18 18 18 18 18 20 20 20 20 20 20 20 20 20 20 20 20 20 20 20 20 20 20 20 20 21 21 21 27 27 27 28 28 28 29 29 29 29 29 29 29 29 30 30 30 30 30 30 30 30 30 30 30 30 30 30 33 33 33 36 36 37 39 39 39 42 42 42 42 42 42 46 46 46 46 47 47 47 47 47 47 47 47 47 47 47 47 47 47 47 49 51 51 51 52 52 52 52 53 53 55 55 55 55 55 55 61 61 61 61 62 62 62 62 62 62 62 62 62 62 62 67 67 67 67 67 67 67 67 67 68 68 68 68 68 68 68 68 68 68 68 
169 170 171 172 173 70 71 72 73 74 75 76 77 78 79 80 81 82 83 118 119 153 154 155 156 189 190 191 192 193 194 195 124 125 126 127 128 129 142 143 144 145 146 147 148 183 184 185 186 187 188 180 181 182 150 151 152 165 174 175 176 177 178 179 101 102 103 104 105 106 5 6 7 8 9 10 11 12 13 14 15 16 17 18 87 88 89 84 85 86 115 116 117 107 108 109 110 111 112 113 114 64 65 66 67 68 69 93 94 95 96 97 98 99 100 90 91 92 19 20 149 166 167 168 32 33 34 35 36 37 196 197 198 199 157 158 159 160 161 162 163 164 38 39 40 41 42 43 44 120 54 55 56 21 22 23 24 134 135 136 137 138 139 140 141 57 121 122 123 0 1 2 3 4 58 59 60 61 62 63 51 52 53 45 46 47 48 49 50 25 26 27 28 29 30 31 130 131 132 133 
896 896 896 896 896 202 202 202 202 202 202 202 202 202 202 202 202 202 202 223 223 893 893 893 893 766 766 766 766 766 766 766 633 633 633 633 633 633 377 377 377 377 377 377 377 152 152 152 152 152 152 429 429 429 355 355 355 451 437 437 437 437 437 437 243 243 243 243 243 243 202 202 202 202 202 202 202 202 202 202 202 202 202 202 379 379 379 379 379 379 468 468 468 290 290 290 290 290 290 290 290 243 243 243 243 243 243 290 290 290 290 290 290 290 290 468 468 468 223 223 724 165 165 165 633 633 633 633 633 633 200 200 200 200 552 552 861 861 861 861 861 861 377 377 377 377 377 377 377 724 355 355 355 893 893 893 893 552 552 861 861 861 861 861 861 451 165 165 165 896 896 896 896 896 437 437 437 437 437 437 429 429 429 152 152 152 152 152 152 766 766 766 766 766 766 766 200 200 200 200 
0 1 2 3 4 5 6 7 8 9 10 11 12 13 14 15 16 17 18 19 20 21 22 23 24 25 26 27 28 29 30 31 32 33 34 35 36 37 38 39 40 41 42 43 44 45 46 47 48 49 50 51 52 53 54 55 56 57 58 59 60 61 62 63 64 65 66 67 68 69 5 6 7 8 9 10 11 12 13 14 15 16 17 18 70 71 72 70 71 72 73 74 75 76 77 78 79 80 81 82 83 64 65 66 67 68 69 76 77 78 79 80 81 82 83 73 74 75 19 20 84 85 86 87 32 33 34 35 36 37 88 89 90 91 92 93 94 95 96 97 98 99 38 39 40 41 42 43 44 84 54 55 56 21 22 23 24 92 93 94 95 96 97 98 99 57 85 86 87 0 1 2 3 4 58 59 60 61 62 63 51 52 53 45 46 47 48 49 50 25 26 27 28 29 30 31 88 89 90 91 
44070
21
6 7 2 1 3 8 3 6 5 2 1 6 4 6 4 3 3 7 6 3 14 
20 7 47 16 15 29 28 47 2 5 37 18 5 7 46 39 11 7 10 21 4 
30 68 53 61 51 30 33 55 62 36 49 62 52 42 68 61 67 47 67 27 20 
243 766 552 451 355 290 468 861 896 223 724 437 893 633 200 165 429 377 152 379 202 
8 8 8 8 8 20 20 20 20 20 20 20 20 20 20 20 20 20 20 9 9 12 12 12 12 1 1 1 1 1 1 1 13 13 13 13 13 13 17 17 17 17 17 17 17 18 18 18 18 18 18 16 16 16 4 4 4 3 11 11 11 11 11 11 0 0 0 0 0 0 20 20 20 20 20 20 20 20 20 20 20 20 20 20 19 19 19 19 19 19 6 6 6 5 5 5 5 5 5 5 5 0 0 0 0 0 0 5 5 5 5 5 5 5 5 6 6 6 9 9 10 15 15 15 13 13 13 13 13 13 14 14 14 14 2 2 7 7 7 7 7 7 17 17 17 17 17 17 17 10 4 4 4 12 12 12 12 2 2 7 7 7 7 7 7 3 15 15 15 8 8 8 8 8 11 11 11 11 11 11 16 16 16 18 18 18 18 18 18 1 1 1 1 1 1 1 14 14 14 14 