46
100
2
1 1 1 1 3 3 3 3 10 10 10 11 11 11 12 12 12 13 15 15 15 17 17 17 17 19 19 19 21 21 21 21 21 21 21 22 22 22 23 23 23 23 24 24 24 24 25 25 25 25 25 25 25 25 25 25 25 25 25 25 25 25 25 25 25 25 25 25 25 26 26 26 26 26 26 26 28 28 28 28 28 30 30 31 35 35 36 36 36 37 37 39 39 39 39 39 39 41 41 41 41 41 41 41 42 42 42 42 43 43 43 43 47 47 47 47 47 47 47 48 48 48 48 49 49 49 49 49 49 52 52 52 52 54 54 56 56 56 56 57 57 57 57 59 59 59 60 60 60 60 61 61 61 61 61 62 62 62 63 63 63 63 64 64 64 64 65 65 65 65 66 66 66 68 68 68 68 68 68 68 68 68 68 68 68 68 68 68 68 68 68 68 69 69 69 69 70 70 70 70 
166 167 168 169 143 144 145 195 170 171 172 86 87 88 71 72 73 80 101 102 103 38 39 40 41 155 156 157 150 151 152 119 120 121 122 136 137 138 21 22 23 24 104 105 106 107 91 92 93 98 99 100 175 176 177 178 179 180 181 182 183 184 185 186 187 188 189 190 191 84 85 14 15 16 81 82 162 163 164 165 17 74 75 135 69 70 11 12 13 192 193 46 47 48 116 117 118 194 49 50 51 18 19 20 42 43 44 45 123 124 125 126 139 140 141 142 94 95 96 31 32 33 34 108 109 110 111 133 134 146 147 148 149 127 128 83 35 36 37 112 113 114 115 4 5 6 129 130 131 132 28 29 30 173 174 25 26 27 196 197 198 199 76 77 78 79 0 1 2 3 8 9 10 153 154 52 53 54 55 56 57 58 59 60 61 62 63 64 65 66 67 68 89 90 97 7 158 159 160 161 
481 481 481 481 316 316 316 177 819 819 819 162 162 162 268 268 268 411 537 537 537 752 752 752 752 225 225 225 449 449 449 927 927 927 927 174 174 174 752 752 752 752 919 919 919 919 684 684 684 706 706 706 434 434 434 434 434 434 434 434 434 434 434 434 434 434 434 434 434 661 661 268 268 268 650 650 471 471 471 471 411 650 650 840 661 661 162 162 162 893 893 684 684 684 454 454 454 454 706 706 706 537 537 537 919 919 919 919 352 352 352 352 810 810 810 810 454 454 454 927 927 927 927 352 352 352 352 780 780 794 794 794 794 780 780 840 174 174 174 810 810 810 810 316 316 316 794 794 794 794 449 449 449 577 577 225 225 225 518 518 518 518 471 471 471 471 481 481 481 481 819 819 819 577 577 434 434 434 434 434 434 434 434 434 434 434 434 434 434 434 434 434 893 893 454 177 518 518 518 518 
0 1 2 3 4 5 6 7 8 9 10 11 12 13 14 15 16 17 18 19 20 21 22 23 24 25 26 27 28 29 30 31 32 33 34 35 36 37 21 22 23 24 38 39 40 41 42 43 44 45 46 47 48 49 50 51 52 53 54 55 56 57 58 59 60 61 62 63 64 65 66 14 15 16 67 68 69 70 71 72 17 67 68 73 65 66 11 12 13 74 75 42 43 44 76 77 78 79 45 46 47 18 19 20 38 39 40 41 80 81 82 83 84 85 86 87 76 77 78 31 32 33 34 80 81 82 83 88 89 90 91 92 93 88 89 73 35 36 37 84 85 86 87 4 5 6 90 91 92 93 28 29 30 94 95 25 26 27 96 97 98 99 69 70 71 72 0 1 2 3 8 9 10 94 95 48 49 50 51 52 53 54 55 56 57 58 59 60 61 62 63 64 74 75 79 7 96 97 98 99 
54860
30
2 3 4 3 4 3 4 2 2 4 4 1 1 4 4 4 3 3 2 3 3 3 3 1 3 4 1 2 3 17 
37 21 24 3 52 10 63 61 26 1 47 41 31 17 43 21 19 22 49 25 11 25 12 3 15 28 13 26 39 25 
69 61 42 59 60 66 70 68 35 65 57 69 56 23 49 48 62 56 54 39 36 41 26 69 41 64 28 30 47 68 
893 449 919 316 794 819 518 577 661 481 810 454 840 752 352 927 225 174 780 684 162 706 268 177 537 471 411 650 454 434 
9 9 9 9 3 3 3 23 5 5 5 20 20 20 22 22 22 26 24 24 24 13 13 13 13 16 16 16 1 1 1 15 15 15 15 17 17 17 13 13 13 13 2 2 2 2 19 19 19 21 21 21 29 29 29 29 29 29 29 29 29 29 29 29 29 29 29 29 29 8 8 22 22 22 27 27 25 25 25 25 26 27 27 12 8 8 20 20 20 0 0 19 19 19 28 28 28 11 21 21 21 24 24 24 2 2 2 2 14 14 14 14 10 10 10 10 28 28 28 15 15 15 15 14 14 14 14 18 18 4 4 4 4 18 18 12 17 17 17 10 10 10 10 3 3 3 4 4 4 4 1 1 1 7 7 16 16 16 6 6 6 6 25 25 25 25 9 9 9 9 5 5 5 7 7 29 29 29 29 29 29 29 29 29 29 29 29 29 29 29 29 29 0 0 11 23 6 6 6 6 