434
100
2
1 1 1 1 1 1 1 1 1 1 1 1 1 1 1 5 5 5 5 5 5 5 5 5 5 6 6 6 6 7 7 7 7 7 7 7 7 7 7 7 7 7 7 7 10 10 10 10 11 11 11 11 11 11 18 18 18 18 18 18 18 18 18 18 18 24 24 24 24 24 24 24 24 24 24 24 25 25 25 25 25 25 25 25 25 25 25 25 25 25 25 25 25 25 25 26 26 26 26 26 26 26 28 28 28 28 28 28 28 28 28 32 32 32 37 37 37 37 37 37 38 38 38 38 38 38 38 38 38 38 38 38 44 44 44 44 44 44 44 47 47 47 47 47 53 53 53 53 53 53 53 58 58 58 58 58 58 60 60 60 60 60 60 60 60 60 60 60 60 60 60 60 61 61 61 61 61 61 61 61 61 61 61 61 62 62 68 68 68 68 68 68 68 68 68 68 69 69 69 69 
120 121 122 123 124 125 126 127 102 103 104 105 106 107 108 186 187 188 189 190 191 192 193 194 195 44 45 46 47 157 158 159 160 161 162 163 164 165 166 167 168 169 170 171 25 26 27 28 114 115 116 117 118 119 65 66 67 68 69 70 71 72 73 74 75 54 55 56 57 58 59 60 61 62 63 64 139 140 141 142 143 95 96 97 98 99 100 101 180 181 182 183 151 152 153 81 82 83 84 85 86 87 8 9 10 11 12 13 14 184 185 154 155 156 48 49 50 51 52 53 0 1 2 3 4 5 6 7 172 173 174 175 144 145 146 147 148 149 150 76 77 78 79 80 132 133 134 135 136 137 138 92 93 94 111 112 113 29 30 31 32 33 34 35 36 37 38 39 40 41 42 43 128 129 130 131 196 197 198 199 88 89 90 91 109 110 15 16 17 18 19 20 21 22 23 24 176 177 178 179 
921 921 921 921 921 921 921 921 368 368 368 368 368 368 368 687 687 687 687 687 687 687 687 687 687 359 359 359 359 215 215 215 215 215 215 215 215 215 215 215 215 215 215 215 359 359 359 359 517 517 517 517 517 517 170 170 170 170 170 170 170 170 170 170 170 170 170 170 170 170 170 170 170 170 170 170 328 328 328 328 328 499 499 499 499 499 499 499 724 724 724 724 750 750 750 499 499 499 499 499 499 499 368 368 368 368 368 368 368 417 417 467 467 467 517 517 517 517 517 517 921 921 921 921 921 921 921 921 388 388 388 388 242 242 242 242 242 242 242 328 328 328 328 328 242 242 242 242 242 242 242 750 750 750 467 467 467 215 215 215 215 215 215 215 215 215 215 215 215 215 215 215 388 388 388 388 682 682 682 682 724 724 724 724 417 417 687 687 687 687 687 687 687 687 687 687 682 682 682 682 
0 1 2 3 4 5 6 7 8 9 10 11 12 13 14 15 16 17 18 19 20 21 22 23 24 25 26 27 28 29 30 31 32 33 34 35 36 37 38 39 40 41 42 43 25 26 27 28 44 45 46 47 48 49 50 51 52 53 54 55 56 57 58 59 60 50 51 52 53 54 55 56 57 58 59 60 61 62 63 64 65 66 67 68 69 70 71 72 73 74 75 76 77 78 79 66 67 68 69 70 71 72 8 9 10 11 12 13 14 80 81 82 83 84 44 45 46 47 48 49 0 1 2 3 4 5 6 7 85 86 87 88 89 90 91 92 93 94 95 61 62 63 64 65 89 90 91 92 93 94 95 77 78 79 82 83 84 29 30 31 32 33 34 35 36 37 38 39 40 41 42 43 85 86 87 88 96 97 98 99 73 74 75 76 80 81 15 16 17 18 19 20 21 22 23 24 96 97 98 99 
44935
16
8 4 10 11 5 7 4 2 7 4 6 4 3 7 3 15 
1 38 5 18 25 1 61 28 25 25 11 6 25 44 32 7 
38 61 68 24 47 28 69 62 26 61 37 10 58 53 58 60 
921 388 687 170 328 368 682 417 499 724 517 359 750 242 467 215 
0 0 0 0 0 0 0 0 5 5 5 5 5 5 5 2 2 2 2 2 2 2 2 2 2 11 11 11 11 15 15 15 15 15 15 15 15 15 15 15 15 15 15 15 11 11 11 11 10 10 10 10 10 10 3 3 3 3 3 3 3 3 3 3 3 3 3 3 3 3 3 3 3 3 3 3 4 4 4 4 4 8 8 8 8 8 8 8 9 9 9 9 12 12 12 8 8 8 8 8 8 8 5 5 5 5 5 5 5 7 7 14 14 14 10 10 10 10 10 10 0 0 0 0 0 0 0 0 1 1 1 1 13 13 13 13 13 13 13 4 4 4 4 4 13 13 13 13 13 13 13 12 12 12 14 14 14 15 15 15 15 15 15 15 15 15 15 15 15 15 15 15 1 1 1 1 6 6 6 6 9 9 9 9 7 7 2 2 2 2 2 2 2 2 2 2 6 6 6 6 