115
100
2
1 1 1 2 2 2 2 5 5 5 5 5 5 5 5 5 5 5 6 6 6 6 6 8 8 11 11 11 14 14 14 14 14 16 16 16 16 17 17 17 17 17 17 17 17 17 17 17 17 17 17 17 17 17 19 19 19 19 19 19 20 20 20 20 20 20 20 20 20 20 20 20 20 20 20 20 20 20 20 20 23 23 23 23 23 23 23 23 23 24 24 24 24 26 26 26 26 27 31 31 31 34 34 34 34 34 36 37 37 38 38 38 39 39 39 39 39 41 41 41 41 41 41 41 41 41 42 46 46 46 46 46 46 49 49 49 49 49 49 49 50 50 50 50 50 50 51 51 51 51 52 52 52 52 56 56 57 57 57 57 57 58 58 58 58 58 59 59 59 59 59 61 61 61 63 63 65 65 65 65 65 65 65 65 65 65 66 66 66 67 67 67 68 68 68 68 68 68 69 69 
189 190 191 156 157 158 159 33 34 35 36 25 26 27 93 94 95 96 161 162 163 164 165 174 175 11 12 13 117 118 119 120 121 7 8 9 10 63 64 65 66 67 68 69 70 71 72 73 74 75 76 77 78 79 140 141 142 143 144 145 130 131 132 37 38 39 40 41 42 43 44 45 46 47 48 49 50 51 52 53 192 193 194 195 196 146 147 148 149 150 151 152 153 14 15 16 17 197 183 184 185 107 108 171 172 173 126 101 102 123 124 125 166 167 168 169 170 28 29 30 31 32 160 109 110 111 106 186 187 188 60 61 62 176 177 178 179 180 181 182 54 55 56 57 58 59 85 86 87 88 89 90 91 92 198 199 3 4 5 6 122 18 19 20 21 22 112 113 114 115 116 103 104 105 23 24 133 134 135 136 137 138 139 98 99 100 127 128 129 0 1 2 80 81 82 83 84 97 154 155 
520 520 520 477 477 477 477 572 572 572 572 757 757 757 266 266 266 266 308 308 308 308 308 271 271 757 757 757 274 274 274 274 274 572 572 572 572 179 179 179 179 179 179 179 179 179 179 179 179 179 179 179 179 179 195 195 195 195 195 195 249 249 249 179 179 179 179 179 179 179 179 179 179 179 179 179 179 179 179 179 304 304 304 304 304 510 510 510 510 279 279 279 279 266 266 266 266 660 195 195 195 828 828 453 453 453 486 828 828 542 542 542 285 285 285 285 285 274 274 274 274 274 421 542 542 542 486 676 676 676 249 249 249 272 272 272 272 272 272 272 195 195 195 195 195 195 510 510 510 510 279 279 279 279 276 276 477 477 477 477 421 308 308 308 308 308 285 285 285 285 285 453 453 453 271 271 272 272 272 272 272 272 272 195 195 195 676 676 676 520 520 520 304 304 304 304 304 660 276 276 
0 1 2 3 4 5 6 7 8 9 10 11 12 13 14 15 16 17 18 19 20 21 22 23 24 11 12 13 25 26 27 28 29 7 8 9 10 30 31 32 33 34 35 36 37 38 39 40 41 42 43 44 45 46 47 48 49 50 51 52 53 54 55 30 31 32 33 34 35 36 37 38 39 40 41 42 43 44 45 46 56 57 58 59 60 61 62 63 64 65 66 67 68 14 15 16 17 69 70 71 72 73 74 75 76 77 78 73 74 79 80 81 82 83 84 85 86 25 26 27 28 29 87 79 80 81 78 88 89 90 53 54 55 91 92 93 94 95 96 97 47 48 49 50 51 52 61 62 63 64 65 66 67 68 98 99 3 4 5 6 87 18 19 20 21 22 82 83 84 85 86 75 76 77 23 24 91 92 93 94 95 96 97 70 71 72 88 89 90 0 1 2 56 57 58 59 60 69 98 99 
34881
25
7 3 4 4 2 2 5 2 3 5 1 5 1 4 3 3 4 4 1 5 3 3 3 6 17 
49 46 5 2 56 34 23 8 31 6 36 14 41 24 5 1 5 23 27 39 34 20 38 19 17 
65 66 16 57 69 37 68 63 65 58 42 41 57 52 11 67 26 51 68 59 61 46 41 50 20 
272 676 572 477 276 828 304 271 195 308 486 274 421 279 757 520 266 510 660 285 453 249 542 195 179 
15 15 15 3 3 3 3 2 2 2 2 14 14 14 16 16 16 16 9 9 9 9 9 7 7 14 14 14 11 11 11 11 11 2 2 2 2 24 24 24 24 24 24 24 24 24 24 24 24 24 24 24 24 24 23 23 23 23 23 23 21 21 21 24 24 24 24 24 24 24 24 24 24 24 24 24 24 24 24 24 6 6 6 6 6 17 17 17 17 13 13 13 13 16 16 16 16 18 8 8 8 5 5 20 20 20 10 5 5 22 22 22 19 19 19 19 19 11 11 11 11 11 12 22 22 22 10 1 1 1 21 21 21 0 0 0 0 0 0 0 23 23 23 23 23 23 17 17 17 17 13 13 13 13 4 4 3 3 3 3 12 9 9 9 9 9 19 19 19 19 19 20 20 20 7 7 0 0 0 0 0 0 0 8 8 8 1 1 1 15 15 15 6 6 6 6 6 18 4 4 