591
100
2
3 3 3 3 4 4 4 4 5 5 6 6 6 11 11 11 11 11 11 11 11 11 11 11 11 11 11 11 11 11 12 12 12 12 12 12 12 15 15 15 15 15 15 15 16 16 16 16 19 19 19 19 19 19 21 21 21 21 21 21 21 21 21 21 23 23 23 23 23 23 23 23 23 23 23 23 25 25 25 25 25 25 25 25 25 25 25 25 29 29 33 33 33 33 33 33 33 33 34 34 34 34 34 35 35 35 35 35 35 35 35 35 35 35 35 35 35 35 35 35 36 36 37 37 39 39 42 42 42 42 42 42 42 42 43 43 44 45 45 45 49 49 49 49 49 49 49 49 49 49 49 50 50 50 54 54 54 54 55 56 56 56 56 56 57 57 57 57 57 57 57 57 57 58 58 60 60 60 60 60 60 60 62 62 64 64 64 64 64 64 64 64 65 65 65 65 65 65 65 65 
169 170 171 172 44 161 162 163 88 89 151 152 153 103 104 105 106 107 108 109 110 111 112 113 114 115 116 117 118 119 81 82 83 84 85 86 87 193 194 195 196 197 198 199 4 137 138 139 64 65 66 67 68 69 126 127 128 129 130 131 132 133 190 191 48 49 50 51 52 53 98 99 100 158 134 135 164 165 166 167 168 30 31 32 33 34 35 36 8 9 159 160 184 185 186 187 188 189 70 71 72 122 123 13 14 15 16 17 18 19 20 21 22 23 24 25 26 27 28 29 182 183 101 102 173 174 54 55 56 57 58 59 60 61 74 75 192 45 46 47 154 155 156 157 175 176 177 178 179 180 181 10 11 12 140 141 142 143 73 90 91 5 6 7 76 77 78 79 80 0 1 2 3 124 125 144 145 146 147 148 149 150 120 121 92 93 94 95 96 97 62 63 136 37 38 39 40 41 42 43 
731 731 731 731 413 437 437 437 361 361 494 494 494 245 245 245 245 245 245 245 245 245 245 245 245 245 245 245 245 245 466 466 466 466 466 466 466 710 710 710 710 710 710 710 413 228 228 228 288 288 288 288 288 288 924 924 924 924 993 993 993 993 676 676 288 288 288 288 288 288 411 411 411 337 339 339 744 744 744 744 744 466 466 466 466 466 466 466 361 361 208 208 156 156 156 156 156 156 411 411 411 815 815 245 245 245 245 245 245 245 245 245 245 245 245 245 245 245 245 245 771 771 815 815 433 433 924 924 924 924 993 993 993 993 339 339 456 228 228 228 325 325 325 325 811 811 811 811 811 811 811 494 494 494 325 325 325 325 337 208 208 437 437 437 744 744 744 744 744 731 731 731 731 433 433 811 811 811 811 811 811 811 771 771 156 156 156 156 156 156 676 676 456 710 710 710 710 710 710 710 
0 1 2 3 4 5 6 7 8 9 10 11 12 13 14 15 16 17 18 19 20 21 22 23 24 25 26 27 28 29 30 31 32 33 34 35 36 37 38 39 40 41 42 43 4 44 45 46 47 48 49 50 51 52 53 54 55 56 57 58 59 60 61 62 47 48 49 50 51 52 63 64 65 66 67 68 69 70 71 72 73 30 31 32 33 34 35 36 8 9 74 75 76 77 78 79 80 81 63 64 65 82 83 13 14 15 16 17 18 19 20 21 22 23 24 25 26 27 28 29 84 85 82 83 86 87 53 54 55 56 57 58 59 60 67 68 88 44 45 46 89 90 91 92 93 94 95 96 97 98 99 10 11 12 89 90 91 92 66 74 75 5 6 7 69 70 71 72 73 0 1 2 3 86 87 93 94 95 96 97 98 99 84 85 76 77 78 79 80 81 61 62 88 37 38 39 40 41 42 43 
49472
25
1 6 1 3 2 3 2 2 1 4 5 3 4 7 2 7 2 2 6 4 2 4 3 7 17 
44 19 4 23 39 6 33 34 23 21 25 16 49 49 5 15 23 36 33 21 21 3 4 12 11 
65 23 16 34 58 50 56 37 55 42 57 45 54 60 29 65 43 62 64 42 64 57 56 25 35 
456 288 413 411 433 494 208 815 337 924 744 228 325 811 361 710 339 771 156 993 676 731 437 466 245 
21 21 21 21 2 22 22 22 14 14 5 5 5 24 24 24 24 24 24 24 24 24 24 24 24 24 24 24 24 24 23 23 23 23 23 23 23 15 15 15 15 15 15 15 2 11 11 11 1 1 1 1 1 1 9 9 9 9 19 19 19 19 20 20 1 1 1 1 1 1 3 3 3 8 16 16 10 10 10 10 10 23 23 23 23 23 23 23 14 14 6 6 18 18 18 18 18 18 3 3 3 7 7 24 24 24 24 24 24 24 24 24 24 24 24 24 24 24 24 24 17 17 7 7 4 4 9 9 9 9 19 19 19 19 16 16 0 11 11 11 12 12 12 12 13 13 13 13 13 13 13 5 5 5 12 12 12 12 8 6 6 22 22 22 10 10 10 10 10 21 21 21 21 4 4 13 13 13 13 13 13 13 17 17 18 18 18 18 18 18 20 20 0 15 15 15 15 15 15 15 