20
100
2
1 1 1 1 2 2 2 2 3 3 4 4 4 4 4 8 8 8 9 9 9 9 9 9 10 10 10 10 10 13 13 13 13 13 15 16 17 18 18 18 18 18 18 19 19 19 19 19 22 22 22 22 22 22 22 22 22 23 23 23 25 25 25 25 25 26 26 26 26 26 29 31 32 36 36 36 36 37 38 38 38 38 38 39 39 39 39 39 39 39 39 39 39 41 41 41 42 42 42 42 42 42 42 42 44 44 44 44 44 45 55 55 55 55 55 55 55 55 55 55 55 55 55 55 55 55 55 55 56 56 56 56 56 56 58 58 58 58 58 58 58 58 58 58 58 58 58 58 58 58 58 58 59 60 60 60 61 61 61 61 61 61 61 63 63 63 63 63 64 64 64 64 64 65 65 65 65 65 67 67 67 67 68 68 68 68 68 68 69 69 69 69 69 69 69 69 70 70 70 70 
4 5 6 7 0 1 2 3 73 74 97 98 99 100 70 134 135 136 37 38 39 40 41 71 29 30 31 32 33 24 25 26 27 28 36 77 34 18 19 20 21 22 96 83 84 85 86 87 187 88 89 90 91 92 101 102 103 93 94 95 153 154 155 75 76 163 164 165 166 167 14 23 196 8 9 63 64 35 168 169 170 171 172 43 44 45 46 47 49 50 51 52 53 57 58 59 42 10 11 12 13 54 55 56 156 157 158 159 160 152 197 198 199 137 138 139 140 141 142 143 144 145 146 147 148 149 150 151 161 162 192 193 194 195 15 16 17 113 114 115 116 117 118 119 120 121 122 123 124 125 126 127 109 60 61 62 104 105 106 107 108 128 129 65 66 67 68 69 78 79 80 81 82 182 183 184 185 186 188 189 190 191 173 174 175 176 177 48 178 179 180 181 130 131 132 133 72 110 111 112 
434 434 434 434 434 434 434 434 802 802 330 330 330 330 526 442 442 442 447 447 447 447 447 504 762 762 762 762 762 762 762 762 762 762 759 166 759 447 447 447 447 447 737 776 776 776 776 776 196 670 670 670 670 670 403 403 403 582 582 582 364 364 364 314 314 859 859 859 859 859 526 504 774 802 802 314 314 166 959 959 959 959 959 776 776 776 776 776 670 670 670 670 670 582 582 582 737 330 330 330 330 403 403 403 951 951 951 951 951 448 631 631 631 306 306 306 306 306 306 306 306 306 306 306 306 306 306 306 590 590 559 559 559 559 442 442 442 306 306 306 306 306 306 306 306 306 306 306 306 306 306 306 448 364 364 364 951 951 951 951 951 590 590 859 859 859 859 859 959 959 959 959 959 836 836 836 836 836 982 982 982 982 836 836 836 836 836 196 982 982 982 982 559 559 559 559 774 631 631 631 
0 1 2 3 0 1 2 3 4 5 6 7 8 9 10 11 12 13 14 15 16 17 18 19 20 21 22 23 24 20 21 22 23 24 25 26 25 14 15 16 17 18 27 28 29 30 31 32 33 34 35 36 37 38 39 40 41 42 43 44 45 46 47 48 49 50 51 52 53 54 10 19 55 4 5 48 49 26 56 57 58 59 60 28 29 30 31 32 34 35 36 37 38 42 43 44 27 6 7 8 9 39 40 41 61 62 63 64 65 66 67 68 69 70 71 72 73 74 75 76 77 78 79 80 81 82 83 84 85 86 87 88 89 90 11 12 13 70 71 72 73 74 75 76 77 78 79 80 81 82 83 84 66 45 46 47 61 62 63 64 65 85 86 50 51 52 53 54 56 57 58 59 60 91 92 93 94 95 96 97 98 99 91 92 93 94 95 33 96 97 98 99 87 88 89 90 55 67 68 69 
59898
29
5 4 5 4 5 1 2 3 2 1 5 3 1 1 1 4 1 2 5 4 3 5 1 3 5 5 1 3 15 
9 1 19 67 44 18 56 25 3 32 65 8 15 9 16 4 22 25 22 56 55 38 45 23 26 10 4 22 55 
18 2 39 69 61 42 61 60 36 70 68 58 17 31 37 42 68 36 39 69 70 64 59 41 63 13 29 42 58 
447 434 776 982 951 737 590 364 802 774 836 442 759 504 166 330 196 314 670 559 631 959 448 582 859 762 526 403 306 
1 1 1 1 1 1 1 1 8 8 15 15 15 15 26 11 11 11 0 0 0 0 0 13 25 25 25 25 25 25 25 25 25 25 12 14 12 0 0 0 0 0 5 2 2 2 2 2 16 18 18 18 18 18 27 27 27 23 23 23 7 7 7 17 17 24 24 24 24 24 26 13 9 8 8 17 17 14 21 21 21 21 21 2 2 2 2 2 18 18 18 18 18 23 23 23 5 15 15 15 15 27 27 27 4 4 4 4 4 22 20 20 20 28 28 28 28 28 28 28 28 28 28 28 28 28 28 28 6 6 19 19 19 19 11 11 11 28 28 28 28 28 28 28 28 28 28 28 28 28 28 28 22 7 7 7 4 4 4 4 4 6 6 24 24 24 24 24 21 21 21 21 21 10 10 10 10 10 3 3 3 3 10 10 10 10 10 16 3 3 3 3 19 19 19 19 9 20 20 20 