808
100
2
2 2 2 2 3 3 3 3 3 3 3 3 3 3 3 3 3 4 4 4 4 4 4 4 4 4 6 6 6 6 6 6 6 6 6 6 8 8 8 8 8 12 12 12 12 12 12 12 12 14 14 14 14 14 14 14 14 14 14 14 14 19 19 19 19 19 19 19 19 19 19 19 19 19 22 22 22 22 22 22 25 25 25 25 25 25 25 25 26 26 26 26 26 26 26 26 26 26 26 26 28 30 30 30 30 30 30 30 31 31 33 33 33 33 33 33 35 35 35 35 38 42 42 43 43 43 43 43 43 43 43 43 49 53 53 54 54 54 54 54 54 54 54 54 54 54 54 54 55 55 55 55 55 60 60 60 61 61 61 61 61 61 61 61 61 61 61 61 61 61 61 61 61 64 64 64 64 64 64 64 64 65 65 65 65 65 65 68 68 68 68 68 68 68 68 68 68 68 68 69 
88 89 90 101 61 62 63 64 65 66 67 68 69 70 71 72 73 36 37 38 39 40 116 117 118 119 49 50 51 41 42 43 44 45 108 109 17 18 19 20 21 29 30 31 32 33 153 154 155 26 27 28 156 157 158 159 160 161 162 163 164 4 5 6 7 8 9 10 11 12 13 14 15 16 187 188 189 190 191 192 135 136 137 138 139 140 141 142 0 1 2 123 124 125 126 127 128 129 130 131 120 3 181 182 183 184 185 186 34 35 193 194 195 196 197 198 22 23 24 25 100 133 134 91 92 93 94 95 96 97 98 99 199 121 122 80 81 82 83 84 85 86 87 148 149 150 151 152 143 144 145 146 147 46 47 48 52 53 54 55 56 57 58 59 60 173 174 175 176 177 178 179 180 165 166 167 168 169 170 171 172 102 103 104 105 106 107 74 75 76 77 78 79 110 111 112 113 114 115 132 
269 269 269 821 465 465 465 465 465 465 465 465 465 465 465 465 465 447 447 447 447 447 529 529 529 529 308 308 308 833 833 833 833 833 197 197 447 447 447 447 447 833 833 833 833 833 720 720 720 308 308 308 413 413 413 413 413 413 413 413 413 465 465 465 465 465 465 465 465 465 465 465 465 465 821 821 821 821 821 821 560 560 560 560 560 560 560 560 269 269 269 697 697 697 697 697 697 697 697 697 166 821 944 944 944 944 944 944 197 197 569 569 569 569 569 569 529 529 529 529 166 158 158 697 697 697 697 697 697 697 697 697 305 158 158 560 560 560 560 560 560 560 560 224 224 224 224 224 224 224 224 224 224 720 720 720 413 413 413 413 413 413 413 413 413 249 249 249 249 249 249 249 249 249 249 249 249 249 249 249 249 944 944 944 944 944 944 821 821 821 821 821 821 569 569 569 569 569 569 305 
0 1 2 3 4 5 6 7 8 9 10 11 12 13 14 15 16 17 18 19 20 21 22 23 24 25 26 27 28 29 30 31 32 33 34 35 17 18 19 20 21 29 30 31 32 33 36 37 38 26 27 28 39 40 41 42 43 44 45 46 47 4 5 6 7 8 9 10 11 12 13 14 15 16 48 49 50 51 52 53 54 55 56 57 58 59 60 61 0 1 2 62 63 64 65 66 67 68 69 70 71 3 72 73 74 75 76 77 34 35 78 79 80 81 82 83 22 23 24 25 71 84 85 62 63 64 65 66 67 68 69 70 86 84 85 54 55 56 57 58 59 60 61 87 88 89 90 91 87 88 89 90 91 36 37 38 39 40 41 42 43 44 45 46 47 92 93 94 95 96 97 98 99 92 93 94 95 96 97 98 99 72 73 74 75 76 77 48 49 50 51 52 53 78 79 80 81 82 83 86 
52040
20
3 2 5 6 3 1 8 5 4 6 9 9 1 8 1 6 2 3 5 13 
6 42 6 22 2 49 25 4 4 33 26 14 2 61 28 30 6 12 54 3 
14 53 12 68 26 69 54 8 35 68 43 61 30 64 38 65 31 60 55 19 
308 158 833 821 269 305 560 447 529 569 697 413 821 249 166 944 197 720 224 465 
4 4 4 12 19 19 19 19 19 19 19 19 19 19 19 19 19 7 7 7 7 7 8 8 8 8 0 0 0 2 2 2 2 2 16 16 7 7 7 7 7 2 2 2 2 2 17 17 17 0 0 0 11 11 11 11 11 11 11 11 11 19 19 19 19 19 19 19 19 19 19 19 19 19 3 3 3 3 3 3 6 6 6 6 6 6 6 6 4 4 4 10 10 10 10 10 10 10 10 10 14 12 15 15 15 15 15 15 16 16 9 9 9 9 9 9 8 8 8 8 14 1 1 10 10 10 10 10 10 10 10 10 5 1 1 6 6 6 6 6 6 6 6 18 18 18 18 18 18 18 18 18 18 17 17 17 11 11 11 11 11 11 11 11 11 13 13 13 13 13 13 13 13 13 13 13 13 13 13 13 13 15 15 15 15 15 15 3 3 3 3 3 3 9 9 9 9 9 9 5 