845
100
2
3 3 3 3 3 3 3 3 3 3 3 3 3 8 8 8 8 8 8 8 8 8 8 8 8 8 8 8 16 16 16 16 16 16 16 16 16 16 22 22 22 22 22 25 25 25 25 28 28 28 28 28 28 28 28 28 29 29 29 29 32 32 32 32 32 32 32 32 32 32 32 32 32 32 32 32 37 37 37 37 37 39 39 39 39 39 39 39 44 44 44 44 44 44 44 44 44 44 44 44 44 44 44 44 44 44 44 44 44 45 45 47 47 47 47 47 47 47 47 47 49 49 49 49 49 49 50 50 50 50 50 50 50 50 50 50 50 50 50 51 51 51 51 51 51 52 52 52 52 52 52 59 59 59 59 59 59 61 61 61 61 61 61 61 61 61 61 61 61 61 61 63 63 63 63 63 63 63 63 63 63 63 63 63 63 70 70 70 70 70 70 70 70 70 70 70 70 70 70 70 
126 127 128 129 130 131 132 133 134 135 136 137 138 28 29 30 31 32 190 191 192 193 194 195 196 197 198 199 13 14 15 16 17 76 77 78 79 80 185 186 187 188 189 95 96 97 98 111 112 113 114 115 116 117 118 119 139 140 141 142 151 152 153 154 155 156 99 100 101 102 103 104 105 106 107 108 33 34 35 36 37 88 89 90 91 92 93 94 81 82 83 84 85 86 87 43 44 45 46 66 67 68 69 70 71 72 73 74 75 143 144 47 48 49 50 51 52 53 54 55 145 146 147 148 149 150 0 1 2 3 4 5 6 7 8 9 10 11 12 56 57 58 59 109 110 120 121 122 123 124 125 60 61 62 63 64 65 171 172 173 174 175 176 177 178 179 180 181 182 183 184 157 158 159 160 161 162 163 164 165 166 167 168 169 170 38 39 40 41 42 18 19 20 21 22 23 24 25 26 27 
989 989 989 989 989 989 989 989 989 989 989 989 989 746 746 746 746 746 805 805 805 805 805 805 805 805 805 805 746 746 746 746 746 549 549 549 549 549 647 647 647 647 647 927 927 927 927 711 711 711 711 711 711 711 711 711 276 276 276 276 666 666 666 666 666 666 326 326 326 326 326 326 326 326 326 326 549 549 549 549 549 330 330 330 330 330 330 330 330 330 330 330 330 330 330 927 927 927 927 326 326 326 326 326 326 326 326 326 326 302 302 711 711 711 711 711 711 711 711 711 337 337 337 337 337 337 989 989 989 989 989 989 989 989 989 989 989 989 989 276 276 276 276 302 302 337 337 337 337 337 337 666 666 666 666 666 666 791 791 791 791 791 791 791 953 953 953 953 953 953 953 791 791 791 791 791 791 791 953 953 953 953 953 953 953 647 647 647 647 647 805 805 805 805 805 805 805 805 805 805 
0 1 2 3 4 5 6 7 8 9 10 11 12 13 14 15 16 17 18 19 20 21 22 23 24 25 26 27 13 14 15 16 17 28 29 30 31 32 33 34 35 36 37 38 39 40 41 42 43 44 45 46 47 48 49 50 51 52 53 54 55 56 57 58 59 60 61 62 63 64 65 66 67 68 69 70 28 29 30 31 32 71 72 73 74 75 76 77 71 72 73 74 75 76 77 38 39 40 41 61 62 63 64 65 66 67 68 69 70 78 79 42 43 44 45 46 47 48 49 50 80 81 82 83 84 85 0 1 2 3 4 5 6 7 8 9 10 11 12 51 52 53 54 78 79 80 81 82 83 84 85 55 56 57 58 59 60 86 87 88 89 90 91 92 93 94 95 96 97 98 99 86 87 88 89 90 91 92 93 94 95 96 97 98 99 33 34 35 36 37 18 19 20 21 22 23 24 25 26 27 
66228
15
5 4 7 4 7 6 6 2 5 5 10 10 7 9 13 
22 29 39 25 61 32 49 45 8 16 32 8 61 28 3 
70 51 44 44 63 59 52 51 16 37 44 70 63 47 50 
647 276 330 927 791 666 337 302 746 549 326 805 953 711 989 
14 14 14 14 14 14 14 14 14 14 14 14 14 8 8 8 8 8 11 11 11 11 11 11 11 11 11 11 8 8 8 8 8 9 9 9 9 9 0 0 0 0 0 3 3 3 3 13 13 13 13 13 13 13 13 13 1 1 1 1 5 5 5 5 5 5 10 10 10 10 10 10 10 10 10 10 9 9 9 9 9 2 2 2 2 2 2 2 2 2 2 2 2 2 2 3 3 3 3 10 10 10 10 10 10 10 10 10 10 7 7 13 13 13 13 13 13 13 13 13 6 6 6 6 6 6 14 14 14 14 14 14 14 14 14 14 14 14 14 1 1 1 1 7 7 6 6 6 6 6 6 5 5 5 5 5 5 4 4 4 4 4 4 4 12 12 12 12 12 12 12 4 4 4 4 4 4 4 12 12 12 12 12 12 12 0 0 0 0 0 11 11 11 11 11 11 11 11 11 11 