225
100
2
4 4 4 4 6 6 6 6 6 6 6 6 6 6 6 6 6 6 6 6 6 6 6 6 6 7 7 7 7 7 7 10 10 11 11 11 13 13 13 13 13 13 13 13 13 13 13 13 16 16 19 20 20 20 20 22 22 23 23 23 23 23 23 23 23 23 23 23 24 24 27 27 28 28 29 29 29 30 30 30 30 31 31 33 33 33 33 33 34 34 35 35 35 35 35 37 37 38 38 38 38 38 38 39 39 39 39 39 39 39 39 39 39 39 40 40 41 41 41 41 41 41 44 44 44 44 47 47 47 47 47 47 48 48 48 48 48 49 49 49 49 54 54 55 55 56 56 56 56 56 56 56 56 56 56 56 56 56 56 56 56 57 57 57 57 57 58 58 58 58 58 59 59 59 59 59 59 59 59 59 63 63 63 63 63 64 64 64 64 64 64 67 67 67 67 67 67 70 70 70 
77 78 79 80 175 176 177 178 179 145 146 147 148 149 150 151 152 153 154 155 156 157 158 159 160 97 98 99 100 101 102 70 71 85 86 87 161 162 163 164 165 48 191 192 193 194 195 196 41 50 49 122 123 124 125 141 142 108 109 110 111 112 113 132 133 134 135 136 198 199 31 32 88 89 103 114 115 0 1 2 3 183 184 180 181 33 34 35 72 73 127 128 129 130 131 143 144 25 26 27 28 29 30 74 137 138 139 140 57 58 59 60 61 62 75 76 185 186 187 188 189 190 51 52 53 54 166 90 91 92 93 94 63 64 65 66 67 104 105 106 107 55 56 95 96 9 10 11 12 13 14 15 16 17 18 19 20 21 22 23 24 36 37 38 39 40 126 171 172 173 174 167 168 169 170 4 5 6 7 8 83 84 197 81 82 116 117 118 119 120 121 42 43 44 45 46 47 182 68 69 
980 980 980 980 648 648 648 648 648 428 428 428 428 428 428 428 428 428 428 428 428 428 428 428 428 823 823 823 823 823 823 321 321 342 342 342 524 524 524 524 524 654 243 243 243 243 243 243 654 454 454 379 379 379 379 197 197 452 452 452 452 452 452 405 405 405 405 405 756 756 321 321 493 493 322 276 276 980 980 980 980 294 294 312 312 342 342 342 493 493 282 282 282 282 282 680 680 823 823 823 823 823 823 322 204 204 204 204 452 452 452 452 452 452 276 276 778 778 778 778 778 778 379 379 379 379 483 282 282 282 282 282 405 405 405 405 405 204 204 204 204 197 197 680 680 428 428 428 428 428 428 428 428 428 428 428 428 428 428 428 428 524 524 524 524 524 483 719 719 719 719 719 719 719 719 648 648 648 648 648 312 312 449 294 294 778 778 778 778 778 778 243 243 243 243 243 243 449 756 756 
0 1 2 3 4 5 6 7 8 9 10 11 12 13 14 15 16 17 18 19 20 21 22 23 24 25 26 27 28 29 30 31 32 33 34 35 36 37 38 39 40 41 42 43 44 45 46 47 41 48 48 49 50 51 52 53 54 55 56 57 58 59 60 61 62 63 64 65 66 67 31 32 68 69 70 71 72 0 1 2 3 73 74 75 76 33 34 35 68 69 77 78 79 80 81 82 83 25 26 27 28 29 30 70 84 85 86 87 55 56 57 58 59 60 71 72 88 89 90 91 92 93 49 50 51 52 94 77 78 79 80 81 61 62 63 64 65 84 85 86 87 53 54 82 83 9 10 11 12 13 14 15 16 17 18 19 20 21 22 23 24 36 37 38 39 40 94 95 96 97 98 95 96 97 98 4 5 6 7 8 75 76 99 73 74 88 89 90 91 92 93 42 43 44 45 46 47 99 66 67 
49093
27
1 2 2 1 2 4 6 5 5 2 2 1 4 1 4 3 2 4 6 1 2 5 6 5 6 2 16 
29 28 10 47 37 39 23 23 13 33 22 63 20 13 58 11 31 4 41 16 24 35 7 6 13 29 6 
39 34 27 58 55 49 39 48 57 63 54 70 44 16 59 33 63 30 64 19 70 47 38 59 67 40 56 
322 493 321 483 680 204 452 405 524 312 197 449 379 654 719 342 294 980 778 454 756 282 823 648 243 276 428 
17 17 17 17 23 23 23 23 23 26 26 26 26 26 26 26 26 26 26 26 26 26 26 26 26 22 22 22 22 22 22 2 2 15 15 15 8 8 8 8 8 13 24 24 24 24 24 24 13 19 19 12 12 12 12 10 10 6 6 6 6 6 6 7 7 7 7 7 20 20 2 2 1 1 0 25 25 17 17 17 17 16 16 9 9 15 15 15 1 1 21 21 21 21 21 4 4 22 22 22 22 22 22 0 5 5 5 5 6 6 6 6 6 6 25 25 18 18 18 18 18 18 12 12 12 12 3 21 21 21 21 21 7 7 7 7 7 5 5 5 5 10 10 4 4 26 26 26 26 26 26 26 26 26 26 26 26 26 26 26 26 8 8 8 8 8 3 14 14 14 14 14 14 14 14 23 23 23 23 23 9 9 11 16 16 18 18 18 18 18 18 24 24 24 24 24 24 11 20 20 