865
100
2
1 1 1 1 2 2 11 11 11 11 11 11 12 12 12 13 13 13 13 13 13 17 17 17 17 17 17 17 19 19 19 19 19 19 19 19 19 20 20 20 20 20 20 23 23 23 23 23 23 23 23 23 23 23 23 23 23 23 23 23 26 26 26 26 28 28 28 28 28 28 28 28 28 28 28 28 28 28 28 28 28 28 28 28 32 32 32 32 32 32 32 32 32 32 32 34 34 34 37 37 37 38 38 41 41 41 41 41 41 41 41 41 41 41 41 41 41 41 41 41 41 41 41 41 41 43 43 43 43 44 44 44 44 44 44 45 45 45 45 46 46 46 46 46 46 46 46 46 47 47 47 47 47 47 47 47 48 48 48 50 50 50 50 56 56 56 56 56 56 56 56 56 56 56 56 56 56 56 56 56 56 59 59 59 59 59 59 59 59 59 61 61 61 61 61 61 61 61 69 69 
60 61 62 63 101 102 37 38 39 40 41 42 98 99 100 107 108 109 110 111 112 174 175 176 177 178 179 180 181 182 183 184 185 186 187 188 189 6 7 8 9 10 11 139 140 141 142 143 144 145 146 147 198 199 129 130 131 132 133 134 0 1 2 3 159 160 161 162 135 136 137 138 113 114 115 116 117 118 119 120 121 122 123 124 163 164 165 166 167 168 169 170 171 172 173 156 157 158 12 13 14 4 5 125 126 127 128 15 16 17 18 19 20 72 73 74 75 76 77 78 79 80 81 82 83 103 104 105 106 54 55 56 57 58 59 68 69 70 71 43 44 45 46 47 48 49 50 51 190 191 192 193 194 195 196 197 95 96 97 64 65 66 67 84 85 86 87 88 89 90 91 92 93 94 21 22 23 24 25 26 27 28 29 30 31 32 33 34 35 36 148 149 150 151 152 153 154 155 52 53 
967 967 967 967 799 799 781 781 781 781 781 781 554 554 554 525 525 525 525 525 525 154 154 154 154 154 154 154 879 879 879 879 879 879 879 879 879 781 781 781 781 781 781 867 867 867 867 867 867 867 867 867 996 996 522 522 522 522 522 522 967 967 967 967 423 423 423 423 509 509 509 509 722 722 722 722 722 722 722 722 722 722 722 722 883 883 883 883 883 883 883 883 883 883 883 834 834 834 554 554 554 799 799 627 627 627 627 525 525 525 525 525 525 722 722 722 722 722 722 722 722 722 722 722 722 627 627 627 627 522 522 522 522 522 522 509 509 509 509 867 867 867 867 867 867 867 867 867 891 891 891 891 891 891 891 891 834 834 834 423 423 423 423 883 883 883 883 883 883 883 883 883 883 883 154 154 154 154 154 154 154 879 879 879 879 879 879 879 879 879 891 891 891 891 891 891 891 891 996 996 
0 1 2 3 4 5 6 7 8 9 10 11 12 13 14 15 16 17 18 19 20 21 22 23 24 25 26 27 28 29 30 31 32 33 34 35 36 6 7 8 9 10 11 37 38 39 40 41 42 43 44 45 46 47 48 49 50 51 52 53 0 1 2 3 54 55 56 57 58 59 60 61 62 63 64 65 66 67 68 69 70 71 72 73 74 75 76 77 78 79 80 81 82 83 84 85 86 87 12 13 14 4 5 88 89 90 91 15 16 17 18 19 20 62 63 64 65 66 67 68 69 70 71 72 73 88 89 90 91 48 49 50 51 52 53 58 59 60 61 37 38 39 40 41 42 43 44 45 92 93 94 95 96 97 98 99 85 86 87 54 55 56 57 74 75 76 77 78 79 80 81 82 83 84 21 22 23 24 25 26 27 28 29 30 31 32 33 34 35 36 92 93 94 95 96 97 98 99 46 47 
71123
17
11 4 4 7 2 6 9 3 8 4 2 6 9 6 3 4 12 
32 1 41 17 2 13 23 12 47 28 23 23 19 11 34 28 28 
56 26 43 56 38 41 46 37 61 50 69 44 59 20 48 45 41 
883 967 627 154 799 525 867 554 891 423 996 522 879 781 834 509 722 
1 1 1 1 4 4 13 13 13 13 13 13 7 7 7 5 5 5 5 5 5 3 3 3 3 3 3 3 12 12 12 12 12 12 12 12 12 13 13 13 13 13 13 6 6 6 6 6 6 6 6 6 10 10 11 11 11 11 11 11 1 1 1 1 9 9 9 9 15 15 15 15 16 16 16 16 16 16 16 16 16 16 16 16 0 0 0 0 0 0 0 0 0 0 0 14 14 14 7 7 7 4 4 2 2 2 2 5 5 5 5 5 5 16 16 16 16 16 16 16 16 16 16 16 16 2 2 2 2 11 11 11 11 11 11 15 15 15 15 6 6 6 6 6 6 6 6 6 8 8 8 8 8 8 8 8 14 14 14 9 9 9 9 0 0 0 0 0 0 0 0 0 0 0 3 3 3 3 3 3 3 12 12 12 12 12 12 12 12 12 8 8 8 8 8 8 8 8 10 10 