934
100
2
2 2 2 2 2 3 3 3 3 3 3 3 3 3 3 3 3 5 5 5 5 5 5 5 5 7 7 7 7 7 7 7 7 7 7 7 7 7 7 7 7 7 7 7 7 7 9 9 9 9 9 9 9 9 9 9 9 9 9 9 9 9 9 9 9 9 9 9 9 9 9 9 9 9 9 9 9 9 11 11 11 11 11 14 14 14 14 14 14 14 28 28 28 28 28 28 28 29 29 29 29 29 29 29 30 30 30 30 30 30 30 30 30 30 30 30 32 32 32 32 32 32 32 32 33 33 33 33 33 33 33 33 33 33 33 33 38 38 38 38 38 45 45 45 45 45 47 47 47 47 47 47 47 47 47 47 47 52 52 52 52 52 52 52 52 52 52 52 52 63 63 63 63 63 63 63 63 63 63 63 63 64 64 64 64 64 64 64 64 64 64 64 64 68 68 68 68 68 68 68 
78 79 80 81 82 57 58 59 60 61 62 63 64 65 66 67 68 116 117 118 119 120 121 122 123 157 158 159 160 161 162 163 164 165 166 167 168 69 70 71 72 73 74 75 76 77 146 147 148 149 150 151 152 153 154 155 156 5 6 7 8 9 10 11 12 13 14 15 16 37 38 39 40 41 42 43 44 45 0 1 2 3 4 97 98 99 100 101 102 103 193 194 195 196 197 198 199 83 84 85 86 87 88 89 181 182 183 184 185 186 187 188 189 190 191 192 17 18 19 20 21 22 23 24 169 170 171 172 173 174 175 176 177 178 179 180 141 142 143 144 145 136 137 138 139 140 46 47 48 49 50 51 52 53 54 55 56 25 26 27 28 29 30 31 32 33 34 35 36 124 125 126 127 128 129 130 131 132 133 134 135 104 105 106 107 108 109 110 111 112 113 114 115 90 91 92 93 94 95 96 
262 262 262 262 262 252 252 252 252 252 252 252 252 252 252 252 252 917 917 917 917 917 917 917 917 637 637 637 637 637 637 637 637 637 637 637 637 632 632 632 632 632 632 632 632 632 907 907 907 907 907 907 907 907 907 907 907 252 252 252 252 252 252 252 252 252 252 252 252 632 632 632 632 632 632 632 632 632 262 262 262 262 262 275 275 275 275 275 275 275 644 644 644 644 644 644 644 275 275 275 275 275 275 275 755 755 755 755 755 755 755 755 755 755 755 755 917 917 917 917 917 917 917 917 840 840 840 840 840 840 840 840 840 840 840 840 612 612 612 612 612 612 612 612 612 612 907 907 907 907 907 907 907 907 907 907 907 637 637 637 637 637 637 637 637 637 637 637 637 840 840 840 840 840 840 840 840 840 840 840 840 755 755 755 755 755 755 755 755 755 755 755 755 644 644 644 644 644 644 644 
0 1 2 3 4 5 6 7 8 9 10 11 12 13 14 15 16 17 18 19 20 21 22 23 24 25 26 27 28 29 30 31 32 33 34 35 36 37 38 39 40 41 42 43 44 45 46 47 48 49 50 51 52 53 54 55 56 5 6 7 8 9 10 11 12 13 14 15 16 37 38 39 40 41 42 43 44 45 0 1 2 3 4 57 58 59 60 61 62 63 64 65 66 67 68 69 70 57 58 59 60 61 62 63 71 72 73 74 75 76 77 78 79 80 81 82 17 18 19 20 21 22 23 24 83 84 85 86 87 88 89 90 91 92 93 94 95 96 97 98 99 95 96 97 98 99 46 47 48 49 50 51 52 53 54 55 56 25 26 27 28 29 30 31 32 33 34 35 36 83 84 85 86 87 88 89 90 91 92 93 94 71 72 73 74 75 76 77 78 79 80 81 82 64 65 66 67 68 69 70 
63612
11
8 11 12 5 5 12 7 12 9 12 7 
5 9 33 2 38 3 14 7 7 30 28 
32 47 63 11 45 9 29 52 9 64 68 
917 907 840 262 612 252 275 637 632 755 644 
3 3 3 3 3 5 5 5 5 5 5 5 5 5 5 5 5 0 0 0 0 0 0 0 0 7 7 7 7 7 7 7 7 7 7 7 7 8 8 8 8 8 8 8 8 8 1 1 1 1 1 1 1 1 1 1 1 5 5 5 5 5 5 5 5 5 5 5 5 8 8 8 8 8 8 8 8 8 3 3 3 3 3 6 6 6 6 6 6 6 10 10 10 10 10 10 10 6 6 6 6 6 6 6 9 9 9 9 9 9 9 9 9 9 9 9 0 0 0 0 0 0 0 0 2 2 2 2 2 2 2 2 2 2 2 2 4 4 4 4 4 4 4 4 4 4 1 1 1 1 1 1 1 1 1 1 1 7 7 7 7 7 7 7 7 7 7 7 7 2 2 2 2 2 2 2 2 2 2 2 2 9 9 9 9 9 9 9 9 9 9 9 9 10 10 10 10 10 10 10 