642
100
2
1 1 1 1 1 3 3 3 3 3 3 3 3 6 6 7 7 7 8 8 8 8 8 10 10 11 11 11 18 18 18 18 19 19 19 19 19 19 20 20 20 20 20 20 20 20 20 20 20 20 20 20 20 20 20 20 20 20 20 20 20 20 20 20 20 20 21 21 21 22 22 22 22 22 23 23 23 23 23 23 23 25 25 25 25 25 25 25 25 25 25 25 25 25 25 25 27 27 27 27 27 27 27 28 28 29 29 29 29 29 29 29 29 29 30 30 31 31 31 31 31 38 38 40 40 40 41 41 41 41 41 41 41 41 41 42 42 43 43 44 44 44 46 46 46 46 46 46 46 46 46 46 49 49 49 49 49 49 49 49 49 49 49 49 49 49 49 49 49 49 49 55 55 56 56 58 58 58 58 59 59 60 60 60 60 60 60 60 61 61 61 62 62 70 70 70 70 70 70 70 
193 194 195 196 197 142 143 144 145 146 139 140 141 103 104 123 124 125 109 110 111 112 113 186 187 66 67 68 105 106 107 108 90 91 92 93 94 95 126 127 128 129 116 117 118 119 120 152 153 154 155 156 157 158 159 160 161 162 163 164 165 166 167 168 169 170 25 26 27 96 97 98 99 100 147 148 149 150 151 121 122 175 176 177 178 130 131 132 133 134 32 33 34 35 36 37 69 70 71 72 73 137 138 13 14 28 29 30 31 18 19 20 21 22 135 136 42 43 44 45 46 79 80 15 16 17 38 39 40 41 85 86 87 88 89 114 115 101 102 10 11 12 5 6 7 8 9 74 75 76 77 78 47 48 49 50 51 52 53 54 55 56 57 58 59 60 61 62 63 64 65 181 182 191 192 81 82 83 84 198 199 171 172 188 189 190 23 24 183 184 185 173 174 0 1 2 3 4 179 180 
283 283 283 283 283 401 401 401 401 401 494 494 494 159 159 405 405 405 558 558 558 558 558 580 580 747 747 747 862 862 862 862 813 813 813 813 813 813 575 575 575 575 616 616 616 616 616 700 700 700 700 700 700 700 700 700 700 700 700 700 700 700 700 700 700 700 747 747 747 765 765 765 765 765 684 684 684 684 684 342 342 648 648 648 648 292 292 292 292 292 813 813 813 813 813 813 765 765 765 765 765 392 392 159 159 862 862 862 862 558 558 558 558 558 884 884 616 616 616 616 616 342 342 405 405 405 575 575 575 575 292 292 292 292 292 884 884 392 392 494 494 494 401 401 401 401 401 684 684 684 684 684 700 700 700 700 700 700 700 700 700 700 700 700 700 700 700 700 700 700 700 270 270 506 506 648 648 648 648 318 318 270 270 176 176 176 580 580 176 176 176 506 506 283 283 283 283 283 318 318 
0 1 2 3 4 5 6 7 8 9 10 11 12 13 14 15 16 17 18 19 20 21 22 23 24 25 26 27 28 29 30 31 32 33 34 35 36 37 38 39 40 41 42 43 44 45 46 47 48 49 50 51 52 53 54 55 56 57 58 59 60 61 62 63 64 65 25 26 27 66 67 68 69 70 71 72 73 74 75 76 77 78 79 80 81 82 83 84 85 86 32 33 34 35 36 37 66 67 68 69 70 87 88 13 14 28 29 30 31 18 19 20 21 22 89 90 42 43 44 45 46 76 77 15 16 17 38 39 40 41 82 83 84 85 86 89 90 87 88 10 11 12 5 6 7 8 9 71 72 73 74 75 47 48 49 50 51 52 53 54 55 56 57 58 59 60 61 62 63 64 65 91 92 93 94 78 79 80 81 95 96 91 92 97 98 99 23 24 97 98 99 93 94 0 1 2 3 4 95 96 
56881
24
5 4 4 3 2 2 4 5 3 2 5 5 2 3 2 5 5 6 3 2 2 5 2 19 
3 20 18 3 55 30 25 1 60 59 22 23 27 11 56 8 25 19 7 23 6 20 10 20 
46 41 29 44 60 42 58 70 61 70 27 46 43 21 62 29 41 25 40 38 28 31 60 49 
401 575 862 494 270 884 648 283 176 318 765 684 392 747 506 558 292 813 405 342 159 616 580 700 
7 7 7 7 7 0 0 0 0 0 3 3 3 20 20 18 18 18 15 15 15 15 15 22 22 13 13 13 2 2 2 2 17 17 17 17 17 17 1 1 1 1 21 21 21 21 21 23 23 23 23 23 23 23 23 23 23 23 23 23 23 23 23 23 23 23 13 13 13 10 10 10 10 10 11 11 11 11 11 19 19 6 6 6 6 16 16 16 16 16 17 17 17 17 17 17 10 10 10 10 10 12 12 20 20 2 2 2 2 15 15 15 15 15 5 5 21 21 21 21 21 19 19 18 18 18 1 1 1 1 16 16 16 16 16 5 5 12 12 3 3 3 0 0 0 0 0 11 11 11 11 11 23 23 23 23 23 23 23 23 23 23 23 23 23 23 23 23 23 23 23 4 4 14 14 6 6 6 6 9 9 4 4 8 8 8 22 22 8 8 8 14 14 7 7 7 7 7 9 9 