48
100
2
2 2 3 3 3 3 3 3 3 3 3 3 3 3 3 3 3 3 4 4 4 4 4 11 11 11 11 11 11 11 15 15 15 15 15 15 15 15 19 19 19 19 19 19 19 19 20 20 29 29 29 29 29 29 29 29 31 31 31 31 31 31 31 32 32 32 32 32 32 33 33 33 33 33 33 33 34 34 35 35 35 35 35 35 35 35 35 35 35 35 35 35 36 36 36 36 38 38 38 38 38 38 38 38 38 38 38 38 38 38 40 40 40 40 40 40 40 40 40 40 40 42 42 42 42 42 42 42 42 44 44 44 44 44 44 53 53 53 53 56 56 56 58 58 58 58 58 60 60 60 60 61 61 61 61 61 61 61 61 61 62 62 62 62 62 62 62 62 62 62 62 62 62 62 62 62 62 62 62 62 62 62 62 66 66 66 66 66 66 66 66 66 66 66 66 66 66 66 66 66 
46 47 3 2 5 4 7 6 9 8 11 10 13 12 15 14 17 16 164 165 166 167 168 56 57 58 59 60 61 62 48 49 50 51 52 53 54 55 192 193 194 195 196 197 198 199 0 1 30 31 32 33 34 35 36 37 23 24 25 26 27 28 29 129 130 131 132 133 134 78 79 80 81 82 83 84 90 91 69 70 71 72 73 74 75 142 143 144 145 146 76 77 160 161 162 163 169 170 171 172 173 174 175 176 177 178 179 180 181 182 121 122 123 124 125 126 127 128 139 140 141 110 111 112 113 114 115 116 117 63 64 65 66 67 68 147 148 149 150 118 119 120 85 86 87 88 89 135 136 137 138 183 184 185 186 187 188 189 190 191 92 93 94 95 18 19 20 21 22 96 97 98 99 100 101 102 103 104 105 106 107 108 109 151 152 153 154 155 156 157 158 159 38 39 40 41 42 43 44 45 
776 776 633 633 633 633 633 633 633 633 633 633 633 633 633 633 633 633 517 517 517 517 517 815 815 815 815 815 815 815 984 984 984 984 984 984 984 984 607 607 607 607 607 607 607 607 776 776 984 984 984 984 984 984 984 984 815 815 815 815 815 815 815 489 489 489 489 489 489 346 346 346 346 346 346 346 845 845 346 346 346 346 346 346 346 979 979 979 979 979 845 845 1000 1000 1000 1000 226 226 226 226 226 226 226 226 226 226 226 226 226 226 512 512 512 512 512 512 512 512 941 941 941 512 512 512 512 512 512 512 512 489 489 489 489 489 489 347 347 347 347 941 941 941 979 979 979 979 979 347 347 347 347 968 968 968 968 968 968 968 968 968 1000 1000 1000 1000 517 517 517 517 517 226 226 226 226 226 226 226 226 226 226 226 226 226 226 968 968 968 968 968 968 968 968 968 607 607 607 607 607 607 607 607 
0 1 2 2 3 3 4 4 5 5 6 6 7 7 8 8 9 9 10 11 12 13 14 15 16 17 18 19 20 21 22 23 24 25 26 27 28 29 30 31 32 33 34 35 36 37 0 1 22 23 24 25 26 27 28 29 15 16 17 18 19 20 21 38 39 40 41 42 43 44 45 46 47 48 49 50 51 52 44 45 46 47 48 49 50 53 54 55 56 57 51 52 58 59 60 61 62 63 64 65 66 67 68 69 70 71 72 73 74 75 76 77 78 79 80 81 82 83 84 85 86 76 77 78 79 80 81 82 83 38 39 40 41 42 43 87 88 89 90 84 85 86 53 54 55 56 57 87 88 89 90 91 92 93 94 95 96 97 98 99 58 59 60 61 10 11 12 13 14 62 63 64 65 66 67 68 69 70 71 72 73 74 75 91 92 93 94 95 96 97 98 99 30 31 32 33 34 35 36 37 
63758
16
9 7 4 4 2 7 6 5 8 8 8 5 3 2 8 14 
61 33 53 36 2 11 32 4 15 3 40 35 40 34 19 38 
66 35 60 62 20 31 44 62 29 3 42 58 56 35 66 62 
968 346 347 1000 776 815 489 517 984 633 512 979 941 845 607 226 
4 4 9 9 9 9 9 9 9 9 9 9 9 9 9 9 9 9 7 7 7 7 7 5 5 5 5 5 5 5 8 8 8 8 8 8 8 8 14 14 14 14 14 14 14 14 4 4 8 8 8 8 8 8 8 8 5 5 5 5 5 5 5 6 6 6 6 6 6 1 1 1 1 1 1 1 13 13 1 1 1 1 1 1 1 11 11 11 11 11 13 13 3 3 3 3 15 15 15 15 15 15 15 15 15 15 15 15 15 15 10 10 10 10 10 10 10 10 12 12 12 10 10 10 10 10 10 10 10 6 6 6 6 6 6 2 2 2 2 12 12 12 11 11 11 11 11 2 2 2 2 0 0 0 0 0 0 0 0 0 3 3 3 3 7 7 7 7 7 15 15 15 15 15 15 15 15 15 15 15 15 15 15 0 0 0 0 0 0 0 0 0 14 14 14 14 14 14 14 14 