999
100
2
1 1 1 1 1 1 1 1 3 3 3 8 8 8 8 8 8 8 8 10 10 10 10 10 10 10 10 10 11 11 11 11 11 11 11 14 14 20 20 20 20 20 20 20 20 20 21 21 21 21 21 21 21 21 21 21 21 21 21 21 21 21 21 21 21 21 21 23 23 23 23 23 23 23 23 23 23 23 23 23 23 30 30 30 30 30 30 30 30 30 30 30 30 30 32 32 32 32 32 32 32 32 32 32 32 32 32 36 36 36 36 38 38 38 38 41 41 41 41 41 41 41 41 41 43 43 43 43 43 43 43 45 45 45 45 46 46 46 46 46 46 46 46 46 46 46 46 46 51 51 51 51 51 51 51 51 51 51 51 53 53 53 53 53 53 53 53 53 62 62 62 62 62 62 62 62 62 62 62 66 66 66 66 66 66 66 66 66 66 66 66 68 68 68 68 68 68 68 68 68 
11 12 13 14 15 16 17 18 78 79 80 0 1 2 3 4 5 6 7 191 192 193 194 195 196 197 198 199 124 125 126 127 128 129 130 148 149 46 47 48 49 50 51 52 53 54 37 38 39 40 41 42 43 44 45 179 180 181 182 183 184 185 186 187 188 189 190 168 169 170 171 172 173 174 175 176 177 178 8 9 10 135 136 137 138 139 140 141 142 143 144 145 146 147 159 160 161 162 163 164 165 166 167 131 132 133 134 111 112 113 114 107 108 109 110 150 151 152 153 154 155 156 157 158 28 29 30 31 32 33 34 103 104 105 106 81 82 83 84 85 86 87 88 89 90 91 92 93 35 36 115 116 117 118 119 120 121 122 123 94 95 96 97 98 99 100 101 102 67 68 69 70 71 72 73 74 75 76 77 55 56 57 58 59 60 61 62 63 64 65 66 19 20 21 22 23 24 25 26 27 
634 634 634 634 634 634 634 634 990 990 990 634 634 634 634 634 634 634 634 422 422 422 422 422 422 422 422 422 809 809 809 809 809 809 809 737 737 216 216 216 216 216 216 216 216 216 216 216 216 216 216 216 216 216 216 735 735 735 735 735 735 735 735 735 735 735 735 731 731 731 731 731 731 731 731 731 731 731 990 990 990 891 891 891 891 891 891 891 891 891 891 891 891 891 257 257 257 257 257 257 257 257 257 494 494 494 494 895 895 895 895 895 895 895 895 721 721 721 721 721 721 721 721 721 809 809 809 809 809 809 809 494 494 494 494 891 891 891 891 891 891 891 891 891 891 891 891 891 737 737 721 721 721 721 721 721 721 721 721 257 257 257 257 257 257 257 257 257 731 731 731 731 731 731 731 731 731 731 731 735 735 735 735 735 735 735 735 735 735 735 735 422 422 422 422 422 422 422 422 422 
0 1 2 3 4 5 6 7 8 9 10 0 1 2 3 4 5 6 7 11 12 13 14 15 16 17 18 19 20 21 22 23 24 25 26 27 28 29 30 31 32 33 34 35 36 37 29 30 31 32 33 34 35 36 37 38 39 40 41 42 43 44 45 46 47 48 49 50 51 52 53 54 55 56 57 58 59 60 8 9 10 61 62 63 64 65 66 67 68 69 70 71 72 73 74 75 76 77 78 79 80 81 82 83 84 85 86 87 88 89 90 87 88 89 90 91 92 93 94 95 96 97 98 99 20 21 22 23 24 25 26 83 84 85 86 61 62 63 64 65 66 67 68 69 70 71 72 73 27 28 91 92 93 94 95 96 97 98 99 74 75 76 77 78 79 80 81 82 50 51 52 53 54 55 56 57 58 59 60 38 39 40 41 42 43 44 45 46 47 48 49 11 12 13 14 15 16 17 18 19 
63723
13
11 4 9 9 2 3 9 9 7 8 4 12 13 
23 36 32 10 14 3 20 41 11 1 32 21 30 
62 38 53 68 51 23 21 51 43 8 45 66 46 
731 895 257 422 737 990 216 721 809 634 494 735 891 
9 9 9 9 9 9 9 9 5 5 5 9 9 9 9 9 9 9 9 3 3 3 3 3 3 3 3 3 8 8 8 8 8 8 8 4 4 6 6 6 6 6 6 6 6 6 6 6 6 6 6 6 6 6 6 11 11 11 11 11 11 11 11 11 11 11 11 0 0 0 0 0 0 0 0 0 0 0 5 5 5 12 12 12 12 12 12 12 12 12 12 12 12 12 2 2 2 2 2 2 2 2 2 10 10 10 10 1 1 1 1 1 1 1 1 7 7 7 7 7 7 7 7 7 8 8 8 8 8 8 8 10 10 10 10 12 12 12 12 12 12 12 12 12 12 12 12 12 4 4 7 7 7 7 7 7 7 7 7 2 2 2 2 2 2 2 2 2 0 0 0 0 0 0 0 0 0 0 0 11 11 11 11 11 11 11 11 11 11 11 11 3 3 3 3 3 3 3 3 3 