325
100
2
1 1 1 1 1 3 3 3 3 3 3 3 3 4 4 5 5 5 6 6 6 6 6 6 6 7 7 7 7 7 7 16 16 16 16 16 16 16 18 18 18 18 18 18 18 18 18 18 18 18 24 24 26 26 30 30 30 30 31 31 32 32 32 33 33 33 33 33 33 33 33 33 37 37 37 37 37 37 37 37 37 37 37 37 37 37 37 37 41 41 41 41 41 41 41 41 41 41 41 41 41 41 41 41 42 42 42 42 43 43 43 43 43 43 43 43 43 45 45 45 45 45 45 45 45 45 45 45 45 45 45 45 45 45 45 45 45 45 45 46 46 48 48 48 48 48 48 48 50 50 50 54 54 54 54 54 54 54 54 55 55 55 55 55 55 55 55 55 55 55 56 56 56 56 56 56 56 60 60 60 60 60 60 60 60 60 60 60 60 64 64 64 64 64 64 65 65 65 65 65 
195 196 197 198 199 159 160 161 162 163 164 165 166 50 51 148 149 150 141 142 143 144 145 146 147 189 190 191 192 193 194 97 98 99 100 101 102 103 177 178 179 180 181 182 183 184 185 186 187 188 13 14 58 59 104 105 106 107 52 53 167 168 169 108 109 110 111 112 113 114 115 116 151 152 153 154 155 156 157 158 124 125 126 127 128 129 139 140 130 131 132 133 134 135 136 137 138 31 32 33 34 35 36 37 54 55 56 57 63 64 65 66 67 68 69 70 71 170 171 172 173 174 175 176 80 81 82 83 84 85 88 89 90 91 92 93 94 95 96 86 87 18 19 20 21 22 23 24 15 16 17 72 73 74 75 76 77 78 79 5 6 7 8 9 10 11 12 60 61 62 117 118 119 120 121 122 123 38 39 40 41 42 43 44 45 46 47 48 49 25 26 27 28 29 30 0 1 2 3 4 
926 926 926 926 926 977 977 977 977 977 977 977 977 824 824 639 639 639 234 234 234 234 234 234 234 655 655 655 655 655 655 341 341 341 341 341 341 341 597 597 597 597 597 597 597 597 597 597 597 597 824 824 874 874 635 635 635 635 874 874 431 431 431 696 696 696 696 696 696 696 696 696 298 298 298 298 298 298 298 298 564 564 564 564 564 564 768 768 465 465 465 465 465 465 465 465 465 341 341 341 341 341 341 341 635 635 635 635 696 696 696 696 696 696 696 696 696 685 685 685 685 685 685 685 564 564 564 564 564 564 465 465 465 465 465 465 465 465 465 768 768 234 234 234 234 234 234 234 639 639 639 298 298 298 298 298 298 298 298 977 977 977 977 977 977 977 977 431 431 431 685 685 685 685 685 685 685 597 597 597 597 597 597 597 597 597 597 597 597 655 655 655 655 655 655 926 926 926 926 926 
0 1 2 3 4 5 6 7 8 9 10 11 12 13 14 15 16 17 18 19 20 21 22 23 24 25 26 27 28 29 30 31 32 33 34 35 36 37 38 39 40 41 42 43 44 45 46 47 48 49 13 14 50 51 52 53 54 55 50 51 56 57 58 59 60 61 62 63 64 65 66 67 68 69 70 71 72 73 74 75 76 77 78 79 80 81 82 83 84 85 86 87 88 89 90 91 92 31 32 33 34 35 36 37 52 53 54 55 59 60 61 62 63 64 65 66 67 93 94 95 96 97 98 99 76 77 78 79 80 81 84 85 86 87 88 89 90 91 92 82 83 18 19 20 21 22 23 24 15 16 17 68 69 70 71 72 73 74 75 5 6 7 8 9 10 11 12 56 57 58 93 94 95 96 97 98 99 38 39 40 41 42 43 44 45 46 47 48 49 25 26 27 28 29 30 0 1 2 3 4 
59259
17
8 8 7 6 4 2 9 2 9 7 3 6 2 7 5 3 12 
37 3 45 37 30 37 33 26 41 16 5 7 4 6 1 32 18 
54 55 56 45 42 46 43 31 45 41 50 64 24 48 65 55 60 
298 977 685 564 635 768 696 874 465 341 639 655 824 234 926 431 597 
14 14 14 14 14 1 1 1 1 1 1 1 1 12 12 10 10 10 13 13 13 13 13 13 13 11 11 11 11 11 11 9 9 9 9 9 9 9 16 16 16 16 16 16 16 16 16 16 16 16 12 12 7 7 4 4 4 4 7 7 15 15 15 6 6 6 6 6 6 6 6 6 0 0 0 0 0 0 0 0 3 3 3 3 3 3 5 5 8 8 8 8 8 8 8 8 8 9 9 9 9 9 9 9 4 4 4 4 6 6 6 6 6 6 6 6 6 2 2 2 2 2 2 2 3 3 3 3 3 3 8 8 8 8 8 8 8 8 8 5 5 13 13 13 13 13 13 13 10 10 10 0 0 0 0 0 0 0 0 1 1 1 1 1 1 1 1 15 15 15 2 2 2 2 2 2 2 16 16 16 16 16 16 16 16 16 16 16 16 11 11 11 11 11 11 14 14 14 14 14 