920
100
2
2 2 2 2 4 6 6 6 6 7 7 7 7 8 8 8 9 9 9 9 9 9 9 11 11 11 11 11 12 12 12 12 12 14 14 14 14 14 14 15 20 20 20 20 20 22 22 22 22 24 24 24 24 24 25 25 26 26 26 27 27 27 27 29 29 29 29 32 32 32 32 33 33 33 33 33 33 33 33 34 34 34 34 34 34 34 35 35 37 37 39 39 39 39 39 39 39 39 39 40 40 41 41 41 41 41 41 41 41 45 47 47 47 47 47 47 47 47 47 47 47 49 49 49 49 51 52 52 52 52 53 53 53 53 53 53 58 58 58 58 62 62 62 62 62 62 62 62 62 62 62 62 62 62 62 62 62 62 62 62 63 63 63 63 63 63 63 63 63 64 64 66 66 66 66 67 69 69 69 70 70 70 70 70 70 70 70 70 70 70 70 70 70 70 70 70 70 70 70 70 
78 99 100 175 125 9 10 11 12 5 6 7 8 36 37 38 101 102 103 104 176 177 178 79 80 81 82 83 90 91 92 93 94 56 57 58 13 14 15 140 160 161 162 163 164 136 137 138 139 109 126 127 128 129 119 120 33 34 35 130 131 132 133 95 96 97 98 121 122 123 124 110 111 112 113 114 77 76 0 23 24 25 26 27 179 180 134 135 169 170 28 29 30 31 32 63 64 65 66 1 2 16 17 18 19 165 166 167 168 49 71 72 73 74 75 171 172 173 174 54 55 67 68 69 70 4 50 51 52 53 59 60 61 62 86 87 45 46 47 48 39 181 182 183 184 185 186 187 188 189 190 191 192 193 194 195 196 197 198 199 40 41 42 43 44 105 106 107 108 88 89 115 116 117 118 3 20 21 22 84 85 141 142 143 144 145 146 147 148 149 150 151 152 153 154 155 156 157 158 159 
907 221 221 389 977 398 398 398 398 398 398 398 398 985 985 985 989 989 989 989 216 216 216 790 790 790 790 790 497 497 497 497 497 633 633 633 985 985 985 388 408 408 408 408 408 391 391 391 391 653 536 536 536 536 999 999 633 633 633 363 363 363 363 658 658 658 658 975 975 975 975 790 790 790 790 790 547 547 907 790 790 790 790 790 702 702 566 566 905 905 497 497 497 497 497 658 658 658 658 221 221 989 989 989 989 605 605 605 605 653 790 790 790 790 790 370 370 370 370 999 999 975 975 975 975 977 536 536 536 536 363 363 363 363 566 566 391 391 391 391 388 246 246 246 246 246 246 246 246 246 246 246 246 246 246 246 246 246 246 246 408 408 408 408 408 605 605 605 605 905 905 370 370 370 370 389 216 216 216 702 702 246 246 246 246 246 246 246 246 246 246 246 246 246 246 246 246 246 246 246 
0 1 2 3 4 5 6 7 8 5 6 7 8 9 10 11 12 13 14 15 16 17 18 19 20 21 22 23 24 25 26 27 28 29 30 31 9 10 11 32 33 34 35 36 37 38 39 40 41 42 43 44 45 46 47 48 29 30 31 49 50 51 52 53 54 55 56 57 58 59 60 61 62 63 64 65 66 66 0 19 20 21 22 23 67 68 69 70 71 72 24 25 26 27 28 53 54 55 56 1 2 12 13 14 15 73 74 75 76 42 61 62 63 64 65 77 78 79 80 47 48 57 58 59 60 4 43 44 45 46 49 50 51 52 69 70 38 39 40 41 32 81 82 83 84 85 86 87 88 89 90 91 92 93 94 95 96 97 98 99 33 34 35 36 37 73 74 75 76 71 72 77 78 79 80 3 16 17 18 67 68 81 82 83 84 85 86 87 88 89 90 91 92 93 94 95 96 97 98 99 
54388
28
1 2 4 5 4 4 5 5 2 1 1 4 4 4 2 2 1 3 5 1 4 2 4 3 3 1 4 19 
24 37 6 33 47 9 11 12 34 33 2 24 29 27 2 35 15 14 20 4 32 25 22 8 9 2 41 62 
45 64 7 47 66 41 34 39 70 33 33 52 39 53 40 53 62 26 63 51 49 47 58 14 69 67 63 70 
653 905 398 790 370 989 790 497 702 547 907 536 658 363 221 566 388 633 408 977 975 999 391 985 216 389 605 246 
10 14 14 25 19 2 2 2 2 2 2 2 2 23 23 23 5 5 5 5 24 24 24 6 6 6 6 6 7 7 7 7 7 17 17 17 23 23 23 16 18 18 18 18 18 22 22 22 22 0 11 11 11 11 21 21 17 17 17 13 13 13 13 12 12 12 12 20 20 20 20 3 3 3 3 3 9 9 10 6 6 6 6 6 8 8 15 15 1 1 7 7 7 7 7 12 12 12 12 14 14 5 5 5 5 26 26 26 26 0 3 3 3 3 3 4 4 4 4 21 21 20 20 20 20 19 11 11 11 11 13 13 13 13 15 15 22 22 22 22 16 27 27 27 27 27 27 27 27 27 27 27 27 27 27 27 27 27 27 27 18 18 18 18 18 26 26 26 26 1 1 4 4 4 4 25 24 24 24 8 8 27 27 27 27 27 27 27 27 27 27 27 27 27 27 27 27 27 27 27 