334
100
2
1 1 1 1 1 1 1 1 1 1 1 1 1 1 1 1 1 3 3 3 3 3 3 3 3 6 6 6 6 6 6 8 8 8 8 8 9 9 9 13 13 13 13 13 13 13 13 13 13 13 13 15 15 15 15 16 16 16 16 17 17 17 17 20 20 20 20 20 20 20 20 20 21 21 21 21 21 21 22 22 22 22 22 22 23 23 23 23 25 25 25 25 26 26 26 26 26 27 27 27 27 27 27 28 28 28 28 28 28 31 31 31 31 31 31 31 31 33 33 34 34 34 34 34 34 36 36 36 36 40 40 40 40 43 43 43 43 44 44 44 44 44 44 44 44 44 44 44 44 45 45 45 45 45 45 45 45 45 46 46 48 48 48 48 51 51 51 52 52 52 53 53 54 54 54 57 59 59 60 60 63 63 63 63 65 65 65 66 66 66 66 67 67 67 67 70 70 70 70 70 
115 116 184 185 186 39 40 41 42 43 44 45 46 47 48 49 50 141 142 143 144 125 126 127 128 109 110 111 112 113 114 149 150 151 152 153 175 170 171 5 6 7 8 9 10 11 12 13 14 15 16 55 56 57 58 51 52 53 54 88 89 90 91 172 173 174 154 155 156 157 101 102 103 104 105 106 107 108 84 85 86 87 176 177 78 79 80 81 59 60 61 62 195 196 197 198 199 145 146 147 148 70 71 72 73 74 75 76 77 25 26 27 28 29 30 0 1 158 159 191 192 193 194 178 179 21 22 23 24 160 161 162 163 187 188 189 190 180 181 182 183 17 18 19 20 97 98 99 100 31 32 33 34 35 66 67 68 69 117 118 129 130 131 132 167 168 169 164 165 166 37 38 63 64 65 36 82 83 123 124 137 138 139 140 2 3 4 133 134 135 136 119 120 121 122 92 93 94 95 96 
250 250 917 917 917 597 597 597 597 597 597 597 597 597 597 597 597 294 294 294 294 812 812 812 812 689 689 689 689 689 689 180 180 180 180 180 816 718 718 597 597 597 597 597 597 597 597 597 597 597 597 958 958 958 958 958 958 958 958 327 327 327 327 199 199 199 776 776 776 776 412 412 914 914 914 914 914 914 899 899 899 899 489 489 899 899 899 899 327 327 327 327 617 617 617 617 617 330 330 330 330 412 412 914 914 914 914 914 914 689 689 689 689 689 689 250 250 762 762 412 412 412 412 947 947 812 812 812 812 844 844 844 844 673 673 673 673 617 617 617 617 294 294 294 294 330 330 330 330 180 180 180 180 180 776 776 776 776 762 762 844 844 844 844 921 921 921 921 921 921 718 718 199 199 199 816 489 489 947 947 617 617 617 617 917 917 917 673 673 673 673 412 412 412 412 617 617 617 617 617 
0 1 2 3 4 5 6 7 8 9 10 11 12 13 14 15 16 17 18 19 20 21 22 23 24 25 26 27 28 29 30 31 32 33 34 35 36 37 38 5 6 7 8 9 10 11 12 13 14 15 16 39 40 41 42 39 40 41 42 43 44 45 46 47 48 49 50 51 52 53 54 55 56 57 58 59 60 61 62 63 64 65 66 67 62 63 64 65 43 44 45 46 68 69 70 71 72 73 74 75 76 54 55 56 57 58 59 60 61 25 26 27 28 29 30 0 1 77 78 79 80 81 82 83 84 21 22 23 24 85 86 87 88 89 90 91 92 93 94 95 96 17 18 19 20 73 74 75 76 31 32 33 34 35 50 51 52 53 77 78 85 86 87 88 97 98 99 97 98 99 37 38 47 48 49 36 66 67 83 84 93 94 95 96 2 3 4 89 90 91 92 79 80 81 82 68 69 70 71 72 
62618
26
5 4 2 3 3 6 1 4 2 4 2 4 4 5 2 4 4 4 2 6 4 4 2 3 4 12 
26 22 33 20 51 6 9 44 9 3 1 34 40 8 34 20 27 43 22 21 3 17 20 1 15 1 
70 23 46 54 52 31 57 63 53 44 31 67 48 45 60 45 44 66 59 28 36 25 27 65 16 13 
617 899 762 199 921 689 816 617 718 294 250 412 844 180 947 776 330 673 489 914 812 327 412 917 958 597 
10 10 23 23 23 25 25 25 25 25 25 25 25 25 25 25 25 9 9 9 9 20 20 20 20 5 5 5 5 5 5 13 13 13 13 13 6 8 8 25 25 25 25 25 25 25 25 25 25 25 25 24 24 24 24 24 24 24 24 21 21 21 21 3 3 3 15 15 15 15 22 22 19 19 19 19 19 19 1 1 1 1 18 18 1 1 1 1 21 21 21 21 0 0 0 0 0 16 16 16 16 22 22 19 19 19 19 19 19 5 5 5 5 5 5 10 10 2 2 11 11 11 11 14 14 20 20 20 20 12 12 12 12 17 17 17 17 7 7 7 7 9 9 9 9 16 16 16 16 13 13 13 13 13 15 15 15 15 2 2 12 12 12 12 4 4 4 4 4 4 8 8 3 3 3 6 18 18 14 14 7 7 7 7 23 23 23 17 17 17 17 11 11 11 11 0 0 0 0 0 