851
100
2
1 1 1 1 1 1 1 1 1 1 1 1 1 1 1 7 7 7 7 7 7 12 12 12 12 14 14 14 14 14 14 14 14 14 14 14 14 14 14 14 16 16 16 16 18 18 18 18 18 18 18 23 23 23 23 23 23 23 23 23 23 23 23 23 23 23 24 24 24 24 24 24 24 26 26 26 26 26 26 26 26 26 26 26 26 26 26 26 33 33 33 33 33 33 33 35 35 35 35 35 35 35 35 35 35 35 35 35 35 35 35 35 35 36 36 40 40 40 40 40 40 43 43 43 43 43 43 43 43 43 43 43 43 43 43 43 43 43 43 46 46 47 47 47 47 47 47 47 50 50 50 53 53 53 53 54 54 54 54 54 54 54 54 54 54 57 57 57 57 58 58 58 58 58 58 58 59 59 59 59 59 59 59 59 59 59 60 60 60 60 60 60 60 66 66 67 67 67 70 70 
51 52 53 54 55 56 57 58 59 60 61 62 63 64 65 115 116 117 118 119 120 40 41 42 43 73 74 75 76 77 78 79 80 81 82 83 84 85 86 87 21 22 23 24 169 170 171 172 173 174 175 0 1 2 3 4 5 6 7 8 9 10 11 12 13 14 88 89 90 91 92 93 94 25 26 27 28 29 30 31 32 33 34 35 36 37 38 39 66 67 68 69 70 71 72 121 122 123 124 125 126 127 128 129 130 131 132 133 134 135 136 137 138 139 140 15 16 17 18 19 20 95 96 97 98 99 100 101 102 103 104 105 106 107 108 109 110 111 112 113 114 186 187 188 189 190 191 192 195 196 197 165 166 167 168 176 177 178 179 180 181 182 183 184 185 151 152 153 154 44 45 46 47 48 49 50 155 156 157 158 159 160 161 162 163 164 141 142 143 144 145 146 147 198 199 148 149 150 193 194 
588 588 588 588 588 588 588 588 588 588 588 588 588 588 588 988 988 988 988 988 988 710 710 710 710 151 151 151 151 151 151 151 151 151 151 151 151 151 151 151 710 710 710 710 741 741 741 741 741 741 741 588 588 588 588 588 588 588 588 588 588 588 588 588 588 588 593 593 593 593 593 593 593 151 151 151 151 151 151 151 151 151 151 151 151 151 151 151 593 593 593 593 593 593 593 520 520 520 520 520 520 520 520 520 520 520 520 520 520 520 520 520 520 330 330 988 988 988 988 988 988 520 520 520 520 520 520 520 520 520 520 520 520 520 520 520 520 520 520 330 330 851 851 851 851 851 851 851 609 609 609 420 420 420 420 311 311 311 311 311 311 311 311 311 311 420 420 420 420 741 741 741 741 741 741 741 311 311 311 311 311 311 311 311 311 311 851 851 851 851 851 851 851 565 565 609 609 609 565 565 
0 1 2 3 4 5 6 7 8 9 10 11 12 13 14 15 16 17 18 19 20 21 22 23 24 25 26 27 28 29 30 31 32 33 34 35 36 37 38 39 21 22 23 24 40 41 42 43 44 45 46 0 1 2 3 4 5 6 7 8 9 10 11 12 13 14 47 48 49 50 51 52 53 25 26 27 28 29 30 31 32 33 34 35 36 37 38 39 47 48 49 50 51 52 53 54 55 56 57 58 59 60 61 62 63 64 65 66 67 68 69 70 71 72 73 15 16 17 18 19 20 54 55 56 57 58 59 60 61 62 63 64 65 66 67 68 69 70 71 72 73 74 75 76 77 78 79 80 81 82 83 84 85 86 87 88 89 90 91 92 93 94 95 96 97 84 85 86 87 40 41 42 43 44 45 46 88 89 90 91 92 93 94 95 96 97 74 75 76 77 78 79 80 98 99 81 82 83 98 99 
52915
13
7 10 2 4 7 3 15 4 6 7 2 15 18 
47 54 36 53 24 50 1 12 7 18 66 14 35 
60 59 46 57 33 67 23 16 40 58 70 26 43 
851 311 330 420 593 609 588 710 988 741 565 151 520 
6 6 6 6 6 6 6 6 6 6 6 6 6 6 6 8 8 8 8 8 8 7 7 7 7 11 11 11 11 11 11 11 11 11 11 11 11 11 11 11 7 7 7 7 9 9 9 9 9 9 9 6 6 6 6 6 6 6 6 6 6 6 6 6 6 6 4 4 4 4 4 4 4 11 11 11 11 11 11 11 11 11 11 11 11 11 11 11 4 4 4 4 4 4 4 12 12 12 12 12 12 12 12 12 12 12 12 12 12 12 12 12 12 2 2 8 8 8 8 8 8 12 12 12 12 12 12 12 12 12 12 12 12 12 12 12 12 12 12 2 2 0 0 0 0 0 0 0 5 5 5 3 3 3 3 1 1 1 1 1 1 1 1 1 1 3 3 3 3 9 9 9 9 9 9 9 1 1 1 1 1 1 1 1 1 1 0 0 0 0 0 0 0 10 10 5 5 5 10 10 