837
100
2
1 3 3 3 4 4 5 5 5 5 6 7 7 7 7 7 7 7 8 8 8 8 8 9 9 9 10 10 12 12 14 14 15 15 19 19 19 19 19 19 20 20 21 21 22 22 22 22 23 23 24 24 24 24 26 26 26 26 26 26 26 26 26 26 26 26 26 26 26 26 26 26 26 26 26 26 26 26 32 33 33 33 33 33 33 34 34 34 34 34 34 34 34 34 34 34 34 34 34 34 34 34 34 37 37 37 37 37 37 37 37 37 37 37 37 38 38 38 38 40 41 41 43 43 43 45 45 46 46 46 46 46 46 47 47 50 50 50 55 55 55 56 56 56 56 56 56 56 56 56 56 56 57 57 57 57 60 60 60 60 60 61 61 61 61 61 61 62 62 62 62 62 63 63 63 63 63 63 63 63 65 65 65 66 66 66 66 66 67 67 67 67 67 67 68 68 68 68 68 70 
199 54 55 56 42 43 152 153 154 155 119 48 49 194 195 196 197 198 156 157 158 159 160 79 80 81 167 188 161 162 125 126 120 121 180 181 182 138 139 140 52 53 4 5 57 58 59 60 11 12 133 134 40 41 1 2 3 44 45 46 47 86 87 88 89 90 91 92 93 94 95 96 97 98 99 100 101 102 85 23 24 25 122 123 124 78 61 62 63 64 65 66 67 68 69 70 71 72 73 74 75 76 77 115 116 117 118 176 177 178 179 148 149 150 151 103 104 105 106 10 32 33 82 83 84 30 31 128 127 130 129 132 131 50 51 145 146 147 37 38 39 172 173 174 175 135 136 137 111 112 113 114 6 7 8 9 18 19 20 21 22 28 29 168 169 170 171 26 163 164 165 166 141 142 143 144 107 108 109 110 34 35 36 189 190 191 192 193 27 183 184 185 186 187 13 14 15 16 17 0 
814 672 672 672 679 679 473 473 473 473 283 933 933 929 929 929 929 929 911 911 911 911 911 384 384 384 417 440 772 772 649 649 418 418 617 617 617 734 734 734 457 457 679 679 189 189 189 189 933 933 171 171 457 457 672 672 672 189 189 189 189 792 792 792 792 792 792 792 792 792 792 792 792 792 792 792 792 792 628 384 384 384 554 554 554 628 792 792 792 792 792 792 792 792 792 792 792 792 792 792 792 792 792 430 430 430 430 626 626 626 626 936 936 936 936 430 430 430 430 283 418 418 554 554 554 649 649 293 293 293 293 293 293 171 171 750 750 750 734 734 734 882 882 882 882 750 750 750 936 936 936 936 473 473 473 473 911 911 911 911 911 772 772 594 594 594 594 417 594 594 594 594 882 882 882 882 626 626 626 626 617 617 617 804 804 804 804 804 440 804 804 804 804 804 929 929 929 929 929 814 
0 1 2 3 4 5 6 7 8 9 10 11 12 13 14 15 16 17 18 19 20 21 22 23 24 25 26 27 28 29 30 31 32 33 34 35 36 37 38 39 40 41 4 5 42 43 44 45 11 12 46 47 40 41 1 2 3 42 43 44 45 48 49 50 51 52 53 54 55 56 57 58 59 60 61 62 63 64 65 23 24 25 66 67 68 65 48 49 50 51 52 53 54 55 56 57 58 59 60 61 62 63 64 69 70 71 72 73 74 75 76 77 78 79 80 69 70 71 72 10 32 33 66 67 68 30 31 81 81 82 82 83 83 46 47 84 85 86 37 38 39 87 88 89 90 84 85 86 77 78 79 80 6 7 8 9 18 19 20 21 22 28 29 91 92 93 94 26 91 92 93 94 87 88 89 90 73 74 75 76 34 35 36 95 96 97 98 99 27 95 96 97 98 99 13 14 15 16 17 0 
65956
30
4 5 4 4 3 4 1 1 4 2 5 3 3 2 2 2 2 4 2 1 2 1 5 3 3 1 4 3 3 17 
56 8 37 37 3 5 10 10 22 14 66 19 9 4 24 20 12 61 15 6 7 32 7 33 50 1 37 19 46 26 
63 60 38 63 26 57 62 67 26 45 67 65 33 21 47 24 61 62 41 40 23 34 68 43 56 70 56 55 46 34 
882 911 430 626 672 473 417 440 189 649 804 617 384 679 171 457 772 594 418 283 933 628 929 554 750 814 936 734 293 792 
25 4 4 4 13 13 5 5 5 5 19 20 20 22 22 22 22 22 1 1 1 1 1 12 12 12 6 7 16 16 9 9 18 18 11 11 11 27 27 27 15 15 13 13 8 8 8 8 20 20 14 14 15 15 4 4 4 8 8 8 8 29 29 29 29 29 29 29 29 29 29 29 29 29 29 29 29 29 21 12 12 12 23 23 23 21 29 29 29 29 29 29 29 29 29 29 29 29 29 29 29 29 29 2 2 2 2 3 3 3 3 26 26 26 26 2 2 2 2 19 18 18 23 23 23 9 9 28 28 28 28 28 28 14 14 24 24 24 27 27 27 0 0 0 0 24 24 24 26 26 26 26 5 5 5 5 1 1 1 1 1 16 16 17 17 17 17 6 17 17 17 17 0 0 0 0 3 3 3 3 11 11 11 10 10 10 10 10 7 10 10 10 10 10 22 22 22 22 22 25 