66
100
2
5 5 5 5 5 5 5 5 5 5 5 5 6 6 6 6 6 6 6 6 6 6 6 6 11 11 11 11 11 11 11 11 11 16 16 16 16 16 16 16 16 17 17 17 17 17 19 19 20 20 20 20 20 20 20 20 21 21 21 21 21 21 21 21 21 21 21 21 22 22 22 22 22 22 22 22 22 22 22 22 25 25 25 25 25 25 25 25 35 35 35 35 35 35 35 35 35 35 35 35 37 37 37 37 37 37 37 37 40 40 40 42 42 42 42 42 42 42 42 42 42 42 42 42 42 42 42 42 42 42 42 42 42 42 42 42 42 42 42 42 42 42 42 42 45 45 45 45 45 45 45 45 45 53 53 53 53 53 53 53 53 55 55 56 56 56 64 64 64 64 64 64 64 64 64 64 64 64 64 65 65 65 65 65 65 65 65 65 65 65 65 65 70 70 70 70 70 70 70 70 
56 57 58 59 60 61 62 63 64 65 66 67 88 89 90 91 92 93 94 95 96 97 98 99 144 145 146 147 148 149 150 151 152 153 154 155 156 157 158 159 160 111 112 113 114 115 161 162 124 125 126 127 128 129 130 131 0 1 2 3 4 5 6 7 8 9 10 11 132 133 134 135 136 137 138 139 140 141 142 143 192 193 194 195 196 197 198 199 12 13 14 15 16 17 18 19 20 21 22 23 116 117 118 119 120 121 122 123 163 164 165 41 42 43 44 45 100 101 102 103 104 105 106 107 48 49 50 51 52 53 54 55 68 69 70 71 72 73 74 75 76 77 78 79 24 25 26 27 28 29 30 31 32 33 34 35 36 37 38 39 40 46 47 108 109 110 179 180 181 182 183 184 185 186 187 188 189 190 191 166 167 168 169 170 171 172 173 174 175 176 177 178 80 81 82 83 84 85 86 87 
740 740 740 740 740 740 740 740 740 740 740 740 180 180 180 180 180 180 180 180 180 180 180 180 991 991 991 991 991 991 991 991 991 952 952 952 952 952 952 952 952 783 783 783 783 783 645 645 169 169 169 169 169 169 169 169 740 740 740 740 740 740 740 740 740 740 740 740 710 710 710 710 710 710 710 710 710 710 710 710 286 286 286 286 286 286 286 286 180 180 180 180 180 180 180 180 180 180 180 180 646 646 646 646 646 646 646 646 348 348 348 783 783 783 783 783 646 646 646 646 646 646 646 646 169 169 169 169 169 169 169 169 710 710 710 710 710 710 710 710 710 710 710 710 991 991 991 991 991 991 991 991 991 952 952 952 952 952 952 952 952 645 645 348 348 348 667 667 667 667 667 667 667 667 667 667 667 667 667 667 667 667 667 667 667 667 667 667 667 667 667 667 286 286 286 286 286 286 286 286 
0 1 2 3 4 5 6 7 8 9 10 11 12 13 14 15 16 17 18 19 20 21 22 23 24 25 26 27 28 29 30 31 32 33 34 35 36 37 38 39 40 41 42 43 44 45 46 47 48 49 50 51 52 53 54 55 0 1 2 3 4 5 6 7 8 9 10 11 56 57 58 59 60 61 62 63 64 65 66 67 68 69 70 71 72 73 74 75 12 13 14 15 16 17 18 19 20 21 22 23 76 77 78 79 80 81 82 83 84 85 86 41 42 43 44 45 76 77 78 79 80 81 82 83 48 49 50 51 52 53 54 55 56 57 58 59 60 61 62 63 64 65 66 67 24 25 26 27 28 29 30 31 32 33 34 35 36 37 38 39 40 46 47 84 85 86 87 88 89 90 91 92 93 94 95 96 97 98 99 87 88 89 90 91 92 93 94 95 96 97 98 99 68 69 70 71 72 73 74 75 
59823
12
12 9 8 2 5 8 3 8 8 12 12 13 
5 11 16 19 17 37 40 25 20 6 22 64 
21 45 53 55 42 42 56 70 42 35 42 65 
740 991 952 645 783 646 348 286 169 180 710 667 
0 0 0 0 0 0 0 0 0 0 0 0 9 9 9 9 9 9 9 9 9 9 9 9 1 1 1 1 1 1 1 1 1 2 2 2 2 2 2 2 2 4 4 4 4 4 3 3 8 8 8 8 8 8 8 8 0 0 0 0 0 0 0 0 0 0 0 0 10 10 10 10 10 10 10 10 10 10 10 10 7 7 7 7 7 7 7 7 9 9 9 9 9 9 9 9 9 9 9 9 5 5 5 5 5 5 5 5 6 6 6 4 4 4 4 4 5 5 5 5 5 5 5 5 8 8 8 8 8 8 8 8 10 10 10 10 10 10 10 10 10 10 10 10 1 1 1 1 1 1 1 1 1 2 2 2 2 2 2 2 2 3 3 6 6 6 11 11 11 11 11 11 11 11 11 11 11 11 11 11 11 11 11 11 11 11 11 11 11 11 11 11 7 7 7 7 7 7 7 7 