39
100
2
1 1 1 1 2 2 6 6 6 6 6 6 6 6 8 8 8 12 12 12 12 12 12 12 12 13 13 13 13 13 13 15 15 15 15 15 15 16 16 16 17 17 17 17 17 17 17 17 17 17 17 17 17 17 18 18 18 18 20 20 20 20 20 20 20 20 20 20 20 20 22 22 22 22 22 23 23 23 23 23 23 24 24 24 24 24 24 24 24 25 25 26 26 26 29 32 32 32 32 32 32 35 35 35 36 36 39 39 39 39 39 39 39 39 39 39 39 39 39 39 39 39 39 39 39 39 40 42 42 42 42 43 43 43 44 44 44 44 44 44 44 44 44 44 44 44 45 45 45 45 45 45 47 47 47 50 52 52 52 52 53 53 54 54 54 54 54 54 54 54 54 54 54 54 54 54 54 54 54 54 54 55 55 55 55 55 55 61 61 61 61 62 63 63 63 64 64 65 65 65 
148 149 150 151 160 161 146 147 81 82 83 84 85 86 91 92 93 187 188 189 190 155 37 38 39 181 182 183 184 185 186 162 163 164 165 166 167 22 23 24 54 55 56 57 45 44 47 46 49 48 51 50 53 52 40 41 42 43 114 115 116 117 118 119 120 121 122 123 124 125 80 156 157 158 159 134 135 136 137 138 70 8 9 10 11 12 13 112 113 104 105 14 15 16 191 169 170 171 172 173 174 192 193 194 89 90 127 128 129 130 153 154 87 88 58 59 60 61 62 63 64 65 66 67 68 69 152 106 107 108 109 197 198 199 75 76 77 78 79 175 176 177 178 179 180 196 6 7 0 1 2 3 126 110 111 21 71 72 73 74 4 5 31 32 33 34 35 36 195 95 96 97 98 99 100 139 140 141 142 143 144 25 26 27 28 29 30 17 18 19 20 94 101 102 103 168 145 131 132 133 
972 972 972 972 975 975 885 885 972 972 972 972 972 972 798 798 798 692 692 692 692 352 286 286 286 513 513 513 513 513 513 829 829 829 829 829 829 286 286 286 197 197 197 197 366 366 366 366 366 366 366 366 366 366 197 197 197 197 192 192 192 192 192 192 192 192 192 192 192 192 648 711 711 711 711 772 772 772 772 772 648 972 972 972 972 972 972 349 349 952 952 798 798 798 986 227 227 227 227 227 227 1000 1000 1000 952 952 322 322 322 322 918 918 349 349 192 192 192 192 192 192 192 192 192 192 192 192 767 322 322 322 322 818 818 818 772 772 772 772 772 521 521 521 521 521 521 457 885 885 972 972 972 972 767 918 918 352 711 711 711 711 975 975 829 829 829 829 829 829 882 227 227 227 227 227 227 521 521 521 521 521 521 513 513 513 513 513 513 692 692 692 692 986 1000 1000 1000 882 457 818 818 818 
0 1 2 3 4 5 6 7 8 9 10 11 12 13 14 15 16 17 18 19 20 21 22 23 24 25 26 27 28 29 30 31 32 33 34 35 36 22 23 24 37 38 39 40 41 41 42 42 43 43 44 44 45 45 37 38 39 40 46 47 48 49 50 51 52 53 54 55 56 57 58 59 60 61 62 63 64 65 66 67 58 8 9 10 11 12 13 68 69 70 71 14 15 16 72 73 74 75 76 77 78 79 80 81 70 71 82 83 84 85 86 87 68 69 46 47 48 49 50 51 52 53 54 55 56 57 88 82 83 84 85 89 90 91 63 64 65 66 67 92 93 94 95 96 97 98 6 7 0 1 2 3 88 86 87 21 59 60 61 62 4 5 31 32 33 34 35 36 99 73 74 75 76 77 78 92 93 94 95 96 97 25 26 27 28 29 30 17 18 19 20 72 79 80 81 99 98 89 90 91 
58898
28
1 6 5 4 1 6 3 6 4 1 6 3 4 1 1 2 5 2 3 2 3 4 1 6 2 2 4 12 
40 15 23 39 54 32 8 44 12 44 13 35 17 12 22 2 17 39 12 6 43 22 29 6 24 25 1 20 
47 54 44 42 64 54 26 54 61 64 55 63 18 50 23 53 17 47 16 45 65 52 62 24 39 36 45 39 
767 829 772 322 882 227 798 521 692 457 513 1000 197 352 648 975 366 918 286 885 818 711 986 972 349 952 972 192 
26 26 26 26 15 15 19 19 23 23 23 23 23 23 6 6 6 8 8 8 8 13 18 18 18 10 10 10 10 10 10 1 1 1 1 1 1 18 18 18 12 12 12 12 16 16 16 16 16 16 16 16 16 16 12 12 12 12 27 27 27 27 27 27 27 27 27 27 27 27 14 21 21 21 21 2 2 2 2 2 14 23 23 23 23 23 23 24 24 25 25 6 6 6 22 5 5 5 5 5 5 11 11 11 25 25 3 3 3 3 17 17 24 24 27 27 27 27 27 27 27 27 27 27 27 27 0 3 3 3 3 20 20 20 2 2 2 2 2 7 7 7 7 7 7 9 19 19 26 26 26 26 0 17 17 13 21 21 21 21 15 15 1 1 1 1 1 1 4 5 5 5 5 5 5 7 7 7 7 7 7 10 10 10 10 10 10 8 8 8 8 22 11 11 11 4 9 20 20 20 