275
100
2
5 5 5 9 9 9 11 11 11 11 12 12 12 13 13 13 13 13 13 13 13 13 13 13 14 14 14 14 14 14 21 21 21 21 21 21 21 22 22 22 23 23 23 23 23 23 24 24 24 26 26 26 26 26 26 26 26 26 26 26 26 26 26 26 26 26 26 26 26 26 27 27 29 29 29 29 29 29 32 32 32 34 34 34 35 35 35 37 37 37 37 37 37 37 37 37 37 37 37 37 37 37 37 37 37 37 37 42 42 42 42 42 43 43 45 45 45 45 45 45 46 47 47 47 47 47 47 47 47 47 48 48 48 48 48 48 49 49 49 49 49 49 57 57 57 57 57 57 57 57 57 57 63 63 63 63 63 63 63 63 63 63 63 63 66 66 66 66 66 66 66 66 66 66 66 66 66 66 66 66 66 66 66 66 66 68 68 68 68 68 68 69 69 69 70 70 70 70 70 70 
46 47 48 34 35 36 30 31 32 33 107 108 109 142 143 144 145 146 49 50 51 52 53 54 164 165 166 167 168 169 6 7 8 9 3 4 5 191 192 193 158 159 160 161 162 163 0 1 2 18 19 20 21 22 23 170 171 172 173 174 175 176 177 178 179 180 181 182 183 184 110 111 81 82 83 127 128 129 136 137 138 72 73 74 139 140 141 120 112 113 147 148 149 150 151 185 186 187 188 189 190 130 131 132 133 134 135 10 11 12 70 71 88 89 152 153 154 155 156 157 87 194 195 196 197 198 199 75 76 77 101 102 103 104 105 106 78 79 80 84 85 86 13 14 15 16 17 90 91 92 93 94 114 115 116 117 118 119 40 41 42 43 44 45 24 25 26 27 28 29 55 56 57 58 59 60 61 62 63 64 65 66 67 68 69 95 96 97 98 99 100 37 38 39 121 122 123 124 125 126 
290 290 290 191 191 191 322 322 322 322 357 357 357 185 185 185 185 185 274 274 274 274 274 274 895 895 895 895 895 895 322 322 322 322 191 191 191 389 389 389 627 627 627 627 627 627 290 290 290 274 274 274 274 274 274 460 460 460 460 460 460 460 460 460 460 460 460 460 460 460 708 708 693 693 693 903 903 903 750 750 750 693 693 693 326 326 326 643 823 823 834 834 834 834 834 351 351 351 351 351 351 228 228 228 228 228 228 357 357 357 708 708 823 823 917 917 917 917 917 917 643 893 893 893 893 893 893 903 903 903 228 228 228 228 228 228 750 750 750 326 326 326 185 185 185 185 185 834 834 834 834 834 917 917 917 917 917 917 627 627 627 627 627 627 895 895 895 895 895 895 460 460 460 460 460 460 460 460 460 460 460 460 460 460 460 351 351 351 351 351 351 389 389 389 893 893 893 893 893 893 
0 1 2 3 4 5 6 7 8 9 10 11 12 13 14 15 16 17 18 19 20 21 22 23 24 25 26 27 28 29 6 7 8 9 3 4 5 30 31 32 33 34 35 36 37 38 0 1 2 18 19 20 21 22 23 39 40 41 42 43 44 45 46 47 48 49 50 51 52 53 54 55 56 57 58 59 60 61 62 63 64 56 57 58 65 66 67 68 69 70 71 72 73 74 75 76 77 78 79 80 81 82 83 84 85 86 87 10 11 12 54 55 69 70 88 89 90 91 92 93 68 94 95 96 97 98 99 59 60 61 82 83 84 85 86 87 62 63 64 65 66 67 13 14 15 16 17 71 72 73 74 75 88 89 90 91 92 93 33 34 35 36 37 38 24 25 26 27 28 29 39 40 41 42 43 44 45 46 47 48 49 50 51 52 53 76 77 78 79 80 81 30 31 32 94 95 96 97 98 99 
53795
22
3 4 1 5 2 3 3 6 3 6 2 5 6 6 6 3 3 3 6 3 6 15 
32 11 37 13 37 12 5 45 9 47 27 37 37 13 23 29 29 35 14 22 37 26 
49 21 46 57 43 42 24 63 21 70 42 57 68 26 63 34 47 49 66 69 48 66 
750 322 643 185 823 357 290 917 191 893 708 834 351 274 627 693 903 326 895 389 228 460 
6 6 6 8 8 8 1 1 1 1 5 5 5 3 3 3 3 3 13 13 13 13 13 13 18 18 18 18 18 18 1 1 1 1 8 8 8 19 19 19 14 14 14 14 14 14 6 6 6 13 13 13 13 13 13 21 21 21 21 21 21 21 21 21 21 21 21 21 21 21 10 10 15 15 15 16 16 16 0 0 0 15 15 15 17 17 17 2 4 4 11 11 11 11 11 12 12 12 12 12 12 20 20 20 20 20 20 5 5 5 10 10 4 4 7 7 7 7 7 7 2 9 9 9 9 9 9 16 16 16 20 20 20 20 20 20 0 0 0 17 17 17 3 3 3 3 3 11 11 11 11 11 7 7 7 7 7 7 14 14 14 14 14 14 18 18 18 18 18 18 21 21 21 21 21 21 21 21 21 21 21 21 21 21 21 12 12 12 12 12 12 19 19 19 9 9 9 9 9 9 