980
100
2
1 1 1 1 1 3 3 3 3 3 3 3 3 3 3 3 3 3 5 5 5 5 5 5 5 5 5 5 5 5 5 6 6 6 6 6 6 7 7 8 8 8 8 8 8 9 9 9 9 9 9 9 9 9 17 17 17 17 17 17 17 17 17 17 22 22 22 26 26 26 26 26 26 26 26 26 26 27 27 27 27 27 27 27 27 27 28 28 28 28 28 28 28 28 28 29 29 29 29 29 29 29 29 31 31 31 35 35 35 35 35 35 35 35 35 35 35 35 43 43 43 44 44 44 44 44 45 45 45 45 45 45 45 45 45 45 45 45 45 45 45 45 45 45 45 45 50 50 50 50 50 50 50 50 50 50 50 50 50 50 50 51 51 51 51 51 51 51 51 51 51 51 57 57 57 57 57 57 57 57 57 68 68 68 68 68 68 68 68 68 70 70 70 70 70 70 70 70 70 70 
121 122 123 124 125 95 96 97 98 99 100 101 102 37 38 64 65 66 118 119 120 190 191 192 193 194 195 196 197 198 199 39 40 41 42 43 44 13 14 31 32 33 34 35 36 77 78 79 80 81 82 83 84 85 67 68 69 70 71 72 73 74 75 76 15 16 17 54 55 56 57 58 59 60 61 62 63 45 46 47 48 49 50 51 52 53 181 182 183 184 185 186 187 188 189 5 6 7 8 9 10 11 12 146 147 148 149 150 151 152 153 154 155 156 157 158 159 160 18 19 20 0 1 2 3 4 161 162 163 164 165 166 167 168 169 170 171 172 173 174 175 176 177 178 179 180 103 104 105 106 107 108 109 110 111 112 113 114 115 116 117 126 127 128 129 130 131 132 133 134 135 136 137 138 139 140 141 142 143 144 145 86 87 88 89 90 91 92 93 94 21 22 23 24 25 26 27 28 29 30 
640 640 640 640 640 754 754 754 754 754 754 754 754 886 886 615 615 615 650 650 650 692 692 692 692 692 692 692 692 692 692 565 565 565 565 565 565 886 886 565 565 565 565 565 565 318 318 318 318 318 318 318 318 318 888 888 888 888 888 888 888 888 888 888 615 615 615 888 888 888 888 888 888 888 888 888 888 318 318 318 318 318 318 318 318 318 199 199 199 199 199 199 199 199 199 754 754 754 754 754 754 754 754 613 613 613 337 337 337 337 337 337 337 337 337 337 337 337 650 650 650 640 640 640 640 640 814 814 814 814 814 814 814 814 814 814 814 359 359 359 359 359 359 359 359 359 613 613 613 337 337 337 337 337 337 337 337 337 337 337 337 814 814 814 814 814 814 814 814 814 814 814 359 359 359 359 359 359 359 359 359 199 199 199 199 199 199 199 199 199 692 692 692 692 692 692 692 692 692 692 
0 1 2 3 4 5 6 7 8 9 10 11 12 13 14 15 16 17 18 19 20 21 22 23 24 25 26 27 28 29 30 31 32 33 34 35 36 13 14 31 32 33 34 35 36 37 38 39 40 41 42 43 44 45 46 47 48 49 50 51 52 53 54 55 15 16 17 46 47 48 49 50 51 52 53 54 55 37 38 39 40 41 42 43 44 45 56 57 58 59 60 61 62 63 64 5 6 7 8 9 10 11 12 65 66 67 68 69 70 71 72 73 74 75 76 77 78 79 18 19 20 0 1 2 3 4 80 81 82 83 84 85 86 87 88 89 90 91 92 93 94 95 96 97 98 99 65 66 67 68 69 70 71 72 73 74 75 76 77 78 79 80 81 82 83 84 85 86 87 88 89 90 91 92 93 94 95 96 97 98 99 56 57 58 59 60 61 62 63 64 21 22 23 24 25 26 27 28 29 30 
56710
14
8 11 9 9 10 5 6 3 2 9 3 3 10 12 
3 45 45 9 17 1 6 31 3 28 5 3 5 35 
29 51 57 27 26 44 8 50 7 68 43 22 70 50 
754 814 359 318 888 640 565 613 886 199 650 615 692 337 
5 5 5 5 5 0 0 0 0 0 0 0 0 8 8 11 11 11 10 10 10 12 12 12 12 12 12 12 12 12 12 6 6 6 6 6 6 8 8 6 6 6 6 6 6 3 3 3 3 3 3 3 3 3 4 4 4 4 4 4 4 4 4 4 11 11 11 4 4 4 4 4 4 4 4 4 4 3 3 3 3 3 3 3 3 3 9 9 9 9 9 9 9 9 9 0 0 0 0 0 0 0 0 7 7 7 13 13 13 13 13 13 13 13 13 13 13 13 10 10 10 5 5 5 5 5 1 1 1 1 1 1 1 1 1 1 1 2 2 2 2 2 2 2 2 2 7 7 7 13 13 13 13 13 13 13 13 13 13 13 13 1 1 1 1 1 1 1 1 1 1 1 2 2 2 2 2 2 2 2 2 9 9 9 9 9 9 9 9 9 12 12 12 12 12 12 12 12 12 12 