503
100
2
1 1 1 2 2 2 2 2 2 2 2 2 2 6 6 6 6 6 6 6 6 6 6 6 6 6 6 12 12 12 12 12 16 16 16 16 16 16 16 16 16 16 16 16 16 16 16 18 18 18 18 18 18 18 18 18 18 18 18 18 21 21 21 21 21 21 21 21 21 21 21 21 21 21 32 32 32 32 32 32 32 32 32 32 32 32 32 32 36 36 36 36 36 36 36 36 36 37 37 37 37 37 37 37 37 37 37 37 37 43 43 43 43 43 43 43 43 43 43 43 43 43 44 44 44 45 45 45 45 45 45 45 45 48 48 48 48 48 48 48 48 48 52 52 52 52 52 52 52 52 52 52 52 52 55 55 59 59 59 59 59 59 59 59 59 59 62 62 62 62 62 62 62 62 62 62 67 67 67 67 67 67 67 67 67 67 67 67 67 67 70 70 70 70 70 70 70 70 70 70 
122 123 124 125 126 127 128 129 130 131 132 154 155 74 75 76 77 78 79 80 81 82 83 84 85 86 87 32 33 34 35 36 27 28 29 30 31 190 191 192 193 194 195 196 197 198 199 109 110 111 112 113 114 115 116 117 118 119 120 121 176 177 178 179 180 181 182 183 184 185 186 187 188 189 13 14 15 16 17 18 19 20 21 22 23 24 25 26 133 134 135 136 137 138 139 140 141 142 143 144 145 146 147 148 149 150 151 152 153 47 48 49 50 51 52 53 54 55 56 57 58 59 0 1 2 3 4 5 6 7 8 9 10 88 89 90 91 92 93 94 95 96 97 98 99 100 101 102 103 104 105 106 107 108 11 12 166 167 168 169 170 171 172 173 174 175 156 157 158 159 160 161 162 163 164 165 60 61 62 63 64 65 66 67 68 69 70 71 72 73 37 38 39 40 41 42 43 44 45 46 
633 633 633 642 642 642 642 642 642 642 642 798 798 933 933 933 933 933 933 933 933 933 933 933 933 933 933 947 947 947 947 947 947 947 947 947 947 988 988 988 988 988 988 988 988 988 988 554 554 554 554 554 554 554 554 554 554 554 554 554 237 237 237 237 237 237 237 237 237 237 237 237 237 237 933 933 933 933 933 933 933 933 933 933 933 933 933 933 816 816 816 816 816 816 816 816 816 356 356 356 356 356 356 356 356 356 356 356 356 554 554 554 554 554 554 554 554 554 554 554 554 554 633 633 633 642 642 642 642 642 642 642 642 816 816 816 816 816 816 816 816 816 356 356 356 356 356 356 356 356 356 356 356 356 798 798 608 608 608 608 608 608 608 608 608 608 608 608 608 608 608 608 608 608 608 608 237 237 237 237 237 237 237 237 237 237 237 237 237 237 988 988 988 988 988 988 988 988 988 988 
0 1 2 3 4 5 6 7 8 9 10 11 12 13 14 15 16 17 18 19 20 21 22 23 24 25 26 27 28 29 30 31 27 28 29 30 31 32 33 34 35 36 37 38 39 40 41 42 43 44 45 46 47 48 49 50 51 52 53 54 55 56 57 58 59 60 61 62 63 64 65 66 67 68 13 14 15 16 17 18 19 20 21 22 23 24 25 26 69 70 71 72 73 74 75 76 77 78 79 80 81 82 83 84 85 86 87 88 89 42 43 44 45 46 47 48 49 50 51 52 53 54 0 1 2 3 4 5 6 7 8 9 10 69 70 71 72 73 74 75 76 77 78 79 80 81 82 83 84 85 86 87 88 89 11 12 90 91 92 93 94 95 96 97 98 99 90 91 92 93 94 95 96 97 98 99 55 56 57 58 59 60 61 62 63 64 65 66 67 68 32 33 34 35 36 37 38 39 40 41 
64524
11
5 13 8 10 10 2 3 12 9 14 14 
12 18 2 16 59 2 1 37 36 21 6 
16 43 45 70 62 55 44 52 48 67 32 
947 554 642 988 608 798 633 356 816 237 933 
6 6 6 2 2 2 2 2 2 2 2 5 5 10 10 10 10 10 10 10 10 10 10 10 10 10 10 0 0 0 0 0 0 0 0 0 0 3 3 3 3 3 3 3 3 3 3 1 1 1 1 1 1 1 1 1 1 1 1 1 9 9 9 9 9 9 9 9 9 9 9 9 9 9 10 10 10 10 10 10 10 10 10 10 10 10 10 10 8 8 8 8 8 8 8 8 8 7 7 7 7 7 7 7 7 7 7 7 7 1 1 1 1 1 1 1 1 1 1 1 1 1 6 6 6 2 2 2 2 2 2 2 2 8 8 8 8 8 8 8 8 8 7 7 7 7 7 7 7 7 7 7 7 7 5 5 4 4 4 4 4 4 4 4 4 4 4 4 4 4 4 4 4 4 4 4 9 9 9 9 9 9 9 9 9 9 9 9 9 9 3 3 3 3 3 3 3 3 3 3 