7
100
2
1 1 2 2 2 3 3 4 4 4 4 4 4 4 4 4 4 5 5 5 5 5 6 6 6 6 6 6 6 6 6 9 9 9 10 10 10 10 10 10 13 13 13 16 16 16 16 16 17 17 17 18 18 18 18 18 18 18 19 19 19 19 19 20 20 20 20 21 21 21 21 21 21 21 21 21 24 24 24 24 24 24 24 24 24 24 24 24 24 24 24 24 25 25 25 27 27 27 27 27 27 28 28 28 28 28 30 30 30 30 30 30 30 30 30 30 30 30 30 30 30 34 34 35 35 37 37 37 37 37 39 46 46 46 48 48 48 50 50 50 50 50 50 50 50 50 50 50 50 50 50 50 50 51 51 51 51 51 51 51 51 54 54 54 55 55 55 55 55 55 55 55 58 58 58 58 58 61 61 62 62 65 65 65 66 66 66 67 67 67 67 68 68 68 69 69 69 70 70 70 
170 171 92 93 94 164 165 131 132 133 179 180 58 59 60 61 62 43 44 45 46 47 161 162 163 67 68 69 70 71 125 157 158 159 181 182 183 40 41 42 37 38 39 17 18 19 20 21 55 56 57 52 51 54 53 48 49 50 12 13 14 15 16 72 73 74 75 25 26 27 28 29 63 64 65 66 137 138 139 140 141 142 143 144 145 146 147 148 149 150 151 152 2 3 4 153 154 155 156 119 120 106 107 108 109 110 101 102 103 104 105 112 111 114 113 116 115 118 117 99 100 184 185 177 178 30 173 174 175 176 186 7 8 9 197 198 199 76 77 78 79 80 81 82 83 84 85 86 87 88 89 90 91 95 96 97 98 31 32 33 172 22 23 24 5 6 187 188 189 190 0 1 160 126 127 128 129 123 124 10 11 34 35 36 121 122 130 166 167 168 169 194 195 196 191 192 193 134 135 136 
773 773 554 554 554 828 828 204 204 204 247 247 299 299 299 299 299 763 763 763 763 763 202 202 202 324 324 324 324 324 658 220 220 220 934 934 934 577 577 577 577 577 577 763 763 763 763 763 805 805 805 433 433 433 433 805 805 805 299 299 299 299 299 701 701 701 701 324 324 324 324 324 701 701 701 701 651 651 651 651 651 651 651 651 651 651 651 651 651 651 651 651 554 554 554 462 462 462 462 884 884 665 665 665 665 665 665 665 665 665 665 436 436 436 436 436 436 436 436 884 884 694 694 667 667 658 818 818 818 818 413 204 204 204 255 255 255 651 651 651 651 651 651 651 651 651 651 651 651 651 651 651 651 462 462 462 462 220 220 220 163 202 202 202 828 828 492 492 492 492 773 773 163 818 818 818 818 667 667 247 247 934 934 934 694 694 413 492 492 492 492 872 872 872 872 872 872 255 255 255 
0 1 2 3 4 5 6 7 8 9 10 11 12 13 14 15 16 17 18 19 20 21 22 23 24 25 26 27 28 29 30 31 32 33 34 35 36 37 38 39 37 38 39 17 18 19 20 21 40 41 42 43 43 44 44 40 41 42 12 13 14 15 16 45 46 47 48 25 26 27 28 29 45 46 47 48 49 50 51 52 53 54 55 56 57 58 59 60 61 62 63 64 2 3 4 65 66 67 68 69 70 71 72 73 74 75 71 72 73 74 75 76 76 77 77 78 78 79 79 69 70 80 81 82 83 30 84 85 86 87 88 7 8 9 89 90 91 49 50 51 52 53 54 55 56 57 58 59 60 61 62 63 64 65 66 67 68 31 32 33 92 22 23 24 5 6 93 94 95 96 0 1 92 84 85 86 87 82 83 10 11 34 35 36 80 81 88 93 94 95 96 97 98 99 97 98 99 89 90 91 
56462
29
3 3 2 3 2 5 2 5 4 1 5 4 3 2 2 1 4 3 3 1 2 5 2 4 3 3 4 3 16 
4 6 3 68 4 28 18 6 30 6 4 27 2 34 27 39 55 10 9 51 35 5 1 20 48 10 37 17 24 
46 54 55 69 62 30 18 21 30 37 19 51 25 66 30 66 67 65 51 58 61 16 55 21 70 13 58 18 50 
204 202 828 872 247 665 433 324 436 658 299 462 554 694 884 413 492 934 220 163 667 763 773 701 255 577 818 805 651 
22 22 12 12 12 2 2 0 0 0 4 4 10 10 10 10 10 21 21 21 21 21 1 1 1 7 7 7 7 7 9 18 18 18 17 17 17 25 25 25 25 25 25 21 21 21 21 21 27 27 27 6 6 6 6 27 27 27 10 10 10 10 10 23 23 23 23 7 7 7 7 7 23 23 23 23 28 28 28 28 28 28 28 28 28 28 28 28 28 28 28 28 12 12 12 11 11 11 11 14 14 5 5 5 5 5 5 5 5 5 5 8 8 8 8 8 8 8 8 14 14 13 13 20 20 9 26 26 26 26 15 0 0 0 24 24 24 28 28 28 28 28 28 28 28 28 28 28 28 28 28 28 28 11 11 11 11 18 18 18 19 1 1 1 2 2 16 16 16 16 22 22 19 26 26 26 26 20 20 4 4 17 17 17 13 13 15 16 16 16 16 3 3 3 3 3 3 24 24 24 