610
100
2
1 1 1 1 1 1 1 3 3 3 3 5 5 5 5 5 5 5 5 5 5 5 5 5 5 5 5 5 5 5 5 5 6 6 6 6 10 10 10 10 10 10 11 11 11 12 12 13 13 13 13 13 15 15 15 17 17 18 18 18 18 18 18 18 18 18 23 23 23 23 23 23 23 23 23 23 23 23 23 23 23 23 23 25 25 27 27 27 27 27 30 31 31 31 31 31 32 32 32 32 32 32 33 33 33 33 34 34 36 36 36 36 38 38 38 38 38 38 38 38 40 40 40 40 40 40 40 41 41 41 41 41 41 41 41 41 41 41 43 43 45 45 45 45 45 50 50 50 50 50 51 51 51 51 51 53 53 54 54 54 54 54 54 54 56 56 56 58 58 60 60 60 61 61 61 61 62 62 62 65 65 65 65 67 67 67 69 69 69 69 70 70 70 70 70 70 70 70 70 70 
120 121 122 123 124 125 126 102 103 104 105 32 33 34 35 66 67 68 69 70 71 72 73 74 75 76 77 78 79 80 81 82 11 12 13 14 112 113 114 115 116 117 90 155 156 83 84 176 177 178 167 168 186 187 188 64 65 157 158 159 160 161 162 163 55 56 15 16 17 18 19 20 21 22 23 24 25 26 27 28 29 30 31 45 46 129 130 131 132 133 42 150 151 152 153 154 193 194 195 196 197 198 7 8 9 10 118 119 172 173 174 175 36 37 38 39 40 41 106 107 0 1 2 3 4 5 6 138 139 85 86 87 88 89 179 180 181 182 127 128 145 146 147 148 149 140 141 142 143 144 91 92 93 94 95 43 44 57 58 59 60 61 62 63 183 184 185 50 51 190 191 192 108 109 110 111 47 48 49 134 135 136 137 164 165 166 52 53 54 199 169 170 171 96 97 98 99 100 101 189 
936 936 936 936 936 936 936 818 818 818 818 781 781 781 781 657 657 657 657 657 657 657 657 657 657 657 657 657 657 657 657 657 781 781 781 781 871 871 871 871 871 871 455 258 258 186 186 387 387 387 195 195 296 296 296 157 157 855 855 855 855 855 855 855 157 157 657 657 657 657 657 657 657 657 657 657 657 657 657 657 657 657 657 186 186 680 680 680 680 680 455 271 271 271 271 271 799 799 799 799 799 799 818 818 818 818 267 267 964 964 964 964 871 871 871 871 871 871 267 267 936 936 936 936 936 936 936 844 844 680 680 680 680 680 751 751 751 751 844 844 318 318 318 318 318 318 318 318 318 318 271 271 271 271 271 258 258 855 855 855 855 855 855 855 246 246 246 195 195 871 871 871 964 964 964 964 387 387 387 751 751 751 751 246 246 246 296 296 296 978 871 871 871 799 799 799 799 799 799 978 
0 1 2 3 4 5 6 7 8 9 10 11 12 13 14 15 16 17 18 19 20 21 22 23 24 25 26 27 28 29 30 31 11 12 13 14 32 33 34 35 36 37 38 39 40 41 42 43 44 45 46 47 48 49 50 51 52 53 54 55 56 57 58 59 51 52 15 16 17 18 19 20 21 22 23 24 25 26 27 28 29 30 31 41 42 60 61 62 63 64 38 65 66 67 68 69 70 71 72 73 74 75 7 8 9 10 76 77 78 79 80 81 32 33 34 35 36 37 76 77 0 1 2 3 4 5 6 82 83 60 61 62 63 64 84 85 86 87 82 83 88 89 90 91 92 88 89 90 91 92 65 66 67 68 69 39 40 53 54 55 56 57 58 59 93 94 95 46 47 96 97 98 78 79 80 81 43 44 45 84 85 86 87 93 94 95 48 49 50 99 96 97 98 70 71 72 73 74 75 99 
63974
24
3 3 1 3 4 2 5 6 5 4 6 2 1 7 3 5 7 2 4 2 2 2 4 17 
60 15 11 56 5 41 31 10 45 3 32 12 69 18 13 27 1 34 41 13 11 17 36 5 
70 69 30 67 6 43 51 38 50 33 70 25 70 54 62 41 40 38 65 58 53 18 61 23 
871 296 455 246 781 844 271 871 318 818 799 186 978 855 387 680 936 267 751 195 258 157 964 657 
16 16 16 16 16 16 16 9 9 9 9 4 4 4 4 23 23 23 23 23 23 23 23 23 23 23 23 23 23 23 23 23 4 4 4 4 7 7 7 7 7 7 2 20 20 11 11 14 14 14 19 19 1 1 1 21 21 13 13 13 13 13 13 13 21 21 23 23 23 23 23 23 23 23 23 23 23 23 23 23 23 23 23 11 11 15 15 15 15 15 2 6 6 6 6 6 10 10 10 10 10 10 9 9 9 9 17 17 22 22 22 22 7 7 7 7 7 7 17 17 16 16 16 16 16 16 16 5 5 15 15 15 15 15 18 18 18 18 5 5 8 8 8 8 8 8 8 8 8 8 6 6 6 6 6 20 20 13 13 13 13 13 13 13 3 3 3 19 19 0 0 0 22 22 22 22 14 14 14 18 18 18 18 3 3 3 1 1 1 12 0 0 0 10 10 10 10 10 10 12 