786
100
2
3 3 3 3 3 3 3 3 3 3 3 3 4 4 4 4 7 7 7 7 7 7 7 7 7 7 7 7 7 7 7 7 7 7 8 8 8 8 8 8 8 8 8 8 8 8 8 8 8 8 8 8 11 11 11 11 11 14 14 14 14 14 14 14 14 16 16 16 16 16 16 16 16 16 19 19 19 19 19 19 19 19 19 19 19 19 19 20 20 20 20 20 20 20 20 20 20 20 23 23 23 23 23 23 23 23 23 23 23 23 23 26 26 26 27 27 27 27 27 27 27 27 27 27 30 30 30 30 30 30 30 42 42 42 49 49 49 49 49 51 51 51 51 51 51 51 51 57 57 57 57 57 57 57 63 63 63 63 63 63 63 63 63 63 63 63 63 63 63 63 63 63 63 63 63 63 63 63 63 66 66 66 66 66 66 66 66 66 66 66 66 66 66 66 66 66 66 66 66 66 
188 189 190 191 192 193 194 195 196 197 198 199 154 155 156 157 34 35 36 37 38 39 40 41 42 43 44 45 46 47 48 49 50 51 16 17 18 19 20 21 22 23 24 25 26 27 28 29 30 31 32 33 134 135 136 137 138 139 140 141 142 143 144 145 146 179 180 181 182 183 184 185 186 187 98 99 100 101 102 103 104 105 106 107 108 109 110 158 159 160 161 162 163 164 165 166 167 168 74 75 76 77 78 79 80 81 82 83 84 85 86 131 132 133 169 170 171 172 173 174 175 176 177 178 147 148 149 150 151 152 153 111 112 113 52 53 54 55 56 57 58 59 60 61 62 63 64 124 125 126 127 128 129 130 12 13 14 15 87 88 89 90 91 92 93 94 95 96 97 114 115 116 117 118 119 120 121 122 123 65 66 67 68 69 70 71 72 73 0 1 2 3 4 5 6 7 8 9 10 11 
313 313 313 313 313 313 313 313 313 313 313 313 526 526 526 526 792 792 792 792 792 792 792 792 792 792 792 792 792 792 792 792 792 792 792 792 792 792 792 792 792 792 792 792 792 792 792 792 792 792 792 792 814 814 814 814 814 424 424 424 424 424 424 424 424 334 334 334 334 334 334 334 334 334 901 901 901 901 901 901 901 901 901 901 901 901 901 887 887 887 887 887 887 887 887 887 887 887 901 901 901 901 901 901 901 901 901 901 901 901 901 515 515 515 402 402 402 402 402 402 402 402 402 402 893 893 893 893 893 893 893 515 515 515 814 814 814 814 814 424 424 424 424 424 424 424 424 893 893 893 893 893 893 893 526 526 526 526 887 887 887 887 887 887 887 887 887 887 887 402 402 402 402 402 402 402 402 402 402 334 334 334 334 334 334 334 334 334 313 313 313 313 313 313 313 313 313 313 313 313 
0 1 2 3 4 5 6 7 8 9 10 11 12 13 14 15 16 17 18 19 20 21 22 23 24 25 26 27 28 29 30 31 32 33 16 17 18 19 20 21 22 23 24 25 26 27 28 29 30 31 32 33 34 35 36 37 38 39 40 41 42 43 44 45 46 47 48 49 50 51 52 53 54 55 56 57 58 59 60 61 62 63 64 65 66 67 68 69 70 71 72 73 74 75 76 77 78 79 56 57 58 59 60 61 62 63 64 65 66 67 68 80 81 82 83 84 85 86 87 88 89 90 91 92 93 94 95 96 97 98 99 80 81 82 34 35 36 37 38 39 40 41 42 43 44 45 46 93 94 95 96 97 98 99 12 13 14 15 69 70 71 72 73 74 75 76 77 78 79 83 84 85 86 87 88 89 90 91 92 47 48 49 50 51 52 53 54 55 0 1 2 3 4 5 6 7 8 9 10 11 
63870
11
3 4 5 11 9 13 12 7 8 10 18 
26 4 11 20 16 19 3 30 14 27 7 
42 63 49 63 66 23 66 57 51 63 8 
515 526 814 887 334 901 313 893 424 402 792 
6 6 6 6 6 6 6 6 6 6 6 6 1 1 1 1 10 10 10 10 10 10 10 10 10 10 10 10 10 10 10 10 10 10 10 10 10 10 10 10 10 10 10 10 10 10 10 10 10 10 10 10 2 2 2 2 2 8 8 8 8 8 8 8 8 4 4 4 4 4 4 4 4 4 5 5 5 5 5 5 5 5 5 5 5 5 5 3 3 3 3 3 3 3 3 3 3 3 5 5 5 5 5 5 5 5 5 5 5 5 5 0 0 0 9 9 9 9 9 9 9 9 9 9 7 7 7 7 7 7 7 0 0 0 2 2 2 2 2 8 8 8 8 8 8 8 8 7 7 7 7 7 7 7 1 1 1 1 3 3 3 3 3 3 3 3 3 3 3 9 9 9 9 9 9 9 9 9 9 4 4 4 4 4 4 4 4 4 6 6 6 6 6 6 6 6 6 6 6 6 