504
100
2
1 1 1 1 1 1 2 2 2 2 2 2 2 2 3 3 3 4 4 4 4 8 8 8 8 8 8 8 8 8 8 8 14 14 14 14 14 14 18 18 18 18 18 18 18 18 18 18 18 19 19 19 19 19 19 19 19 19 19 26 26 26 26 26 26 26 26 26 26 27 27 27 27 27 27 27 27 27 27 31 31 31 31 31 31 34 34 34 34 34 34 35 35 35 36 36 36 36 36 36 41 41 41 41 41 41 41 41 41 41 41 41 41 41 41 41 41 41 47 47 47 47 47 47 49 49 49 49 49 49 49 49 49 49 51 51 51 55 55 55 55 55 55 55 55 56 56 56 56 56 58 58 58 58 58 58 58 58 58 58 60 60 60 64 64 64 64 64 64 64 64 64 64 67 67 67 67 68 68 68 68 68 70 70 70 70 70 70 70 70 70 70 70 70 70 70 70 70 70 70 
26 27 28 29 30 31 137 138 139 140 141 142 143 144 134 135 136 173 174 175 176 44 45 46 47 48 0 1 2 3 4 5 38 39 40 41 42 43 32 33 34 35 36 37 21 22 23 24 25 59 60 61 62 63 64 65 66 67 68 49 50 51 52 53 54 55 56 57 58 124 125 126 127 128 129 130 131 132 133 118 119 120 121 122 123 94 95 96 97 98 99 160 161 162 85 86 87 88 89 90 182 183 184 185 186 187 188 189 190 191 192 193 194 195 196 197 198 199 79 80 81 82 83 84 69 70 71 72 73 74 75 76 77 78 14 15 16 6 7 8 9 10 11 12 13 177 178 179 180 181 163 164 165 166 167 168 169 170 171 172 91 92 93 150 151 152 153 154 155 156 157 158 159 17 18 19 20 145 146 147 148 149 100 101 102 103 104 105 106 107 108 109 110 111 112 113 114 115 116 117 
502 502 502 502 502 502 329 329 329 329 329 329 329 329 343 343 343 289 289 289 289 150 150 150 150 150 502 502 502 502 502 502 679 679 679 679 679 679 679 679 679 679 679 679 150 150 150 150 150 204 204 204 204 204 204 204 204 204 204 204 204 204 204 204 204 204 204 204 204 211 211 211 211 211 211 211 211 211 211 935 935 935 935 935 935 997 997 997 997 997 997 518 518 518 997 997 997 997 997 997 620 620 620 620 620 620 620 620 620 620 620 620 620 620 620 620 620 620 935 935 935 935 935 935 211 211 211 211 211 211 211 211 211 211 343 343 343 329 329 329 329 329 329 329 329 564 564 564 564 564 733 733 733 733 733 733 733 733 733 733 518 518 518 733 733 733 733 733 733 733 733 733 733 289 289 289 289 564 564 564 564 564 620 620 620 620 620 620 620 620 620 620 620 620 620 620 620 620 620 620 
0 1 2 3 4 5 6 7 8 9 10 11 12 13 14 15 16 17 18 19 20 21 22 23 24 25 0 1 2 3 4 5 26 27 28 29 30 31 26 27 28 29 30 31 21 22 23 24 25 32 33 34 35 36 37 38 39 40 41 32 33 34 35 36 37 38 39 40 41 42 43 44 45 46 47 48 49 50 51 52 53 54 55 56 57 58 59 60 61 62 63 64 65 66 58 59 60 61 62 63 67 68 69 70 71 72 73 74 75 76 77 78 79 80 81 82 83 84 52 53 54 55 56 57 42 43 44 45 46 47 48 49 50 51 14 15 16 6 7 8 9 10 11 12 13 85 86 87 88 89 90 91 92 93 94 95 96 97 98 99 64 65 66 90 91 92 93 94 95 96 97 98 99 17 18 19 20 85 86 87 88 89 67 68 69 70 71 72 73 74 75 76 77 78 79 80 81 82 83 84 
51259
14
6 5 3 10 8 3 10 4 5 10 6 6 6 18 
14 56 3 27 2 35 58 4 8 19 1 34 31 41 
18 68 51 49 55 60 64 67 18 26 8 36 47 70 
679 564 343 211 329 518 733 289 150 204 502 997 935 620 
10 10 10 10 10 10 4 4 4 4 4 4 4 4 2 2 2 7 7 7 7 8 8 8 8 8 10 10 10 10 10 10 0 0 0 0 0 0 0 0 0 0 0 0 8 8 8 8 8 9 9 9 9 9 9 9 9 9 9 9 9 9 9 9 9 9 9 9 9 3 3 3 3 3 3 3 3 3 3 12 12 12 12 12 12 11 11 11 11 11 11 5 5 5 11 11 11 11 11 11 13 13 13 13 13 13 13 13 13 13 13 13 13 13 13 13 13 13 12 12 12 12 12 12 3 3 3 3 3 3 3 3 3 3 2 2 2 4 4 4 4 4 4 4 4 1 1 1 1 1 6 6 6 6 6 6 6 6 6 6 5 5 5 6 6 6 6 6 6 6 6 6 6 7 7 7 7 1 1 1 1 1 13 13 13 13 13 13 13 13 13 13 13 13 13 13 13 13 13 13 