840
100
2
4 4 5 5 5 5 5 5 5 5 6 6 7 7 7 7 7 7 7 7 8 9 9 9 9 9 9 10 10 10 10 10 10 10 10 10 10 10 10 10 10 10 10 10 10 10 10 10 11 11 11 11 11 17 17 17 17 17 17 17 17 21 21 21 21 21 22 22 23 23 23 23 24 24 24 24 24 24 24 27 27 27 27 27 27 27 27 30 30 30 30 30 30 30 33 34 34 34 34 34 34 34 34 34 34 34 34 34 36 36 36 36 36 39 39 39 39 39 39 39 39 40 40 40 40 40 40 40 40 43 45 45 45 45 45 46 46 46 46 46 46 46 46 48 48 48 48 48 48 48 48 48 48 48 48 48 48 48 49 49 49 49 49 54 54 54 54 54 54 54 54 58 58 58 58 58 61 62 62 62 62 62 62 62 62 64 64 69 69 69 69 69 70 70 70 70 70 70 70 70 
66 67 121 122 123 124 125 126 127 128 185 186 87 88 89 61 62 63 64 65 176 73 74 75 76 77 78 102 103 104 105 106 107 143 144 145 146 147 148 149 150 151 152 153 154 155 156 157 108 109 110 111 112 95 96 97 98 99 100 101 72 15 16 17 18 19 0 1 90 91 92 93 60 21 22 23 24 25 26 163 164 165 166 167 168 169 170 12 13 14 68 69 70 71 129 53 54 55 56 57 58 59 27 28 29 30 31 32 48 49 50 51 52 177 178 179 180 181 182 183 184 2 3 4 5 6 7 8 9 94 158 159 160 161 162 192 193 194 195 196 197 198 199 33 34 35 36 37 38 39 40 41 42 43 44 45 46 47 130 131 132 133 134 79 80 81 82 83 84 85 86 187 188 189 190 191 20 113 114 115 116 117 118 119 120 10 11 171 172 173 174 175 135 136 137 138 139 140 141 142 
184 184 574 574 574 574 574 574 574 574 584 584 257 257 257 501 501 501 501 501 670 484 484 484 484 484 484 885 885 885 885 885 885 325 325 325 325 325 325 325 325 325 325 325 325 325 325 325 868 868 868 868 868 709 709 709 709 709 709 709 861 501 501 501 501 501 184 184 830 830 830 830 861 484 484 484 484 484 484 750 750 750 750 750 750 750 750 257 257 257 830 830 830 830 884 709 709 709 709 709 709 709 885 885 885 885 885 885 868 868 868 868 868 180 180 180 180 180 180 180 180 574 574 574 574 574 574 574 574 884 485 485 485 485 485 889 889 889 889 889 889 889 889 325 325 325 325 325 325 325 325 325 325 325 325 325 325 325 485 485 485 485 485 750 750 750 750 750 750 750 750 855 855 855 855 855 670 180 180 180 180 180 180 180 180 584 584 855 855 855 855 855 889 889 889 889 889 889 889 889 
0 1 2 3 4 5 6 7 8 9 10 11 12 13 14 15 16 17 18 19 20 21 22 23 24 25 26 27 28 29 30 31 32 33 34 35 36 37 38 39 40 41 42 43 44 45 46 47 48 49 50 51 52 53 54 55 56 57 58 59 60 15 16 17 18 19 0 1 61 62 63 64 60 21 22 23 24 25 26 65 66 67 68 69 70 71 72 12 13 14 61 62 63 64 73 53 54 55 56 57 58 59 27 28 29 30 31 32 48 49 50 51 52 74 75 76 77 78 79 80 81 2 3 4 5 6 7 8 9 73 82 83 84 85 86 87 88 89 90 91 92 93 94 33 34 35 36 37 38 39 40 41 42 43 44 45 46 47 82 83 84 85 86 65 66 67 68 69 70 71 72 95 96 97 98 99 20 74 75 76 77 78 79 80 81 10 11 95 96 97 98 99 87 88 89 90 91 92 93 94 
58783
19
7 5 8 6 1 1 8 5 3 4 8 5 2 5 8 6 2 1 15 
17 45 46 10 33 17 27 58 7 23 5 7 6 11 39 9 4 8 10 
34 49 70 34 43 24 54 69 30 30 40 21 64 36 62 24 22 61 48 
709 485 889 885 884 861 750 855 257 830 574 501 584 868 180 484 184 670 325 
16 16 10 10 10 10 10 10 10 10 12 12 8 8 8 11 11 11 11 11 17 15 15 15 15 15 15 3 3 3 3 3 3 18 18 18 18 18 18 18 18 18 18 18 18 18 18 18 13 13 13 13 13 0 0 0 0 0 0 0 5 11 11 11 11 11 16 16 9 9 9 9 5 15 15 15 15 15 15 6 6 6 6 6 6 6 6 8 8 8 9 9 9 9 4 0 0 0 0 0 0 0 3 3 3 3 3 3 13 13 13 13 13 14 14 14 14 14 14 14 14 10 10 10 10 10 10 10 10 4 1 1 1 1 1 2 2 2 2 2 2 2 2 18 18 18 18 18 18 18 18 18 18 18 18 18 18 18 1 1 1 1 1 6 6 6 6 6 6 6 6 7 7 7 7 7 17 14 14 14 14 14 14 14 14 12 12 7 7 7 7 7 2 2 2 2 2 2 2 2 