264
100
2
1 1 1 1 1 1 1 2 3 3 4 4 4 4 4 4 4 4 4 5 5 5 5 5 5 5 5 5 5 5 5 6 6 6 6 6 6 6 6 7 7 8 8 8 11 11 12 12 12 12 12 13 13 13 13 13 13 16 16 16 16 17 17 17 17 17 19 19 19 19 19 19 20 20 23 23 23 23 23 23 23 23 23 23 23 23 23 23 23 23 23 23 23 23 23 23 23 23 23 23 24 24 25 25 26 26 26 26 26 29 29 29 32 32 32 32 32 33 33 34 34 34 34 34 34 35 35 35 35 35 37 37 38 38 38 38 38 38 44 44 44 44 44 44 44 45 45 45 46 46 46 47 47 47 48 48 48 48 48 48 48 48 48 48 48 48 48 48 48 48 48 48 48 48 50 50 51 51 51 51 51 52 52 54 56 56 57 57 64 64 64 64 64 65 67 67 69 69 70 70 
72 73 188 189 190 191 192 124 198 199 31 32 33 34 35 51 52 186 187 46 47 48 49 50 151 152 153 53 54 55 56 10 11 12 13 14 109 110 111 184 185 145 146 147 196 197 19 20 21 22 23 15 16 27 28 29 30 194 195 74 75 112 113 114 115 116 102 103 76 77 78 79 0 1 59 60 68 69 70 71 154 155 156 157 158 159 160 161 162 163 164 165 166 167 168 169 170 171 172 173 132 133 66 67 125 126 127 128 129 36 37 38 61 62 63 64 65 130 131 176 177 178 179 180 7 104 105 106 107 108 117 118 100 101 138 139 140 141 134 135 136 137 148 149 150 41 42 43 142 143 144 24 25 26 80 81 82 83 84 85 86 87 88 89 90 91 92 93 94 95 96 97 98 99 181 182 119 120 121 122 123 174 175 193 39 40 17 18 2 3 4 5 6 183 57 58 44 45 8 9 
333 333 801 801 801 801 801 824 163 163 919 919 919 919 919 609 609 795 795 833 833 833 833 833 485 485 485 874 874 874 874 919 919 919 919 919 675 675 675 158 158 911 911 911 540 540 833 833 833 833 833 609 609 874 874 874 874 947 947 421 421 268 268 268 268 268 869 869 846 846 846 846 333 333 421 421 846 846 846 846 725 725 725 725 725 725 725 725 725 725 725 725 725 725 725 725 725 725 725 725 803 803 869 869 718 718 718 718 718 675 675 675 268 268 268 268 268 787 787 553 553 553 553 553 824 718 718 718 718 718 787 787 803 803 691 691 691 691 691 691 691 691 174 174 174 911 911 911 174 174 174 485 485 485 725 725 725 725 725 725 725 725 725 725 725 725 725 725 725 725 725 725 725 725 325 325 553 553 553 553 553 325 325 407 158 158 795 795 801 801 801 801 801 407 947 947 540 540 163 163 
0 1 2 3 4 5 6 7 8 9 10 11 12 13 14 15 16 17 18 19 20 21 22 23 24 25 26 27 28 29 30 10 11 12 13 14 31 32 33 34 35 36 37 38 39 40 19 20 21 22 23 15 16 27 28 29 30 41 42 43 44 45 46 47 48 49 50 51 52 53 54 55 0 1 43 44 52 53 54 55 56 57 58 59 60 61 62 63 64 65 66 67 68 69 70 71 72 73 74 75 76 77 50 51 78 79 80 81 82 31 32 33 45 46 47 48 49 83 84 85 86 87 88 89 7 78 79 80 81 82 83 84 76 77 90 91 92 93 90 91 92 93 94 95 96 36 37 38 94 95 96 24 25 26 56 57 58 59 60 61 62 63 64 65 66 67 68 69 70 71 72 73 74 75 97 98 85 86 87 88 89 97 98 99 34 35 17 18 2 3 4 5 6 99 41 42 39 40 8 9 
66070
28
5 3 5 2 5 2 2 2 2 5 2 2 2 3 1 2 2 5 5 3 4 4 2 2 1 3 4 20 
4 8 34 11 5 4 19 16 3 17 1 4 7 6 2 24 50 1 26 5 5 38 33 16 54 44 19 23 
6 45 51 69 12 13 25 67 70 32 20 57 56 29 34 38 52 64 35 47 13 44 37 23 65 46 23 48 
919 911 553 540 833 609 869 947 163 268 333 795 158 675 824 803 325 801 718 485 874 691 787 421 407 174 846 725 
10 10 17 17 17 17 17 14 8 8 0 0 0 0 0 5 5 11 11 4 4 4 4 4 19 19 19 20 20 20 20 0 0 0 0 0 13 13 13 12 12 1 1 1 3 3 4 4 4 4 4 5 5 20 20 20 20 7 7 23 23 9 9 9 9 9 6 6 26 26 26 26 10 10 23 23 26 26 26 26 27 27 27 27 27 27 27 27 27 27 27 27 27 27 27 27 27 27 27 27 15 15 6 6 18 18 18 18 18 13 13 13 9 9 9 9 9 22 22 2 2 2 2 2 14 18 18 18 18 18 22 22 15 15 21 21 21 21 21 21 21 21 25 25 25 1 1 1 25 25 25 19 19 19 27 27 27 27 27 27 27 27 27 27 27 27 27 27 27 27 27 27 27 27 16 16 2 2 2 2 2 16 16 24 12 12 11 11 17 17 17 17 17 24 7 7 3 3 8 8 