423
100
2
3 3 3 4 4 4 5 5 5 5 5 5 5 5 5 8 8 8 8 8 8 9 9 9 9 9 9 10 10 10 10 10 14 14 15 15 15 15 15 15 15 15 15 15 15 16 16 20 20 20 20 20 20 20 20 20 20 20 20 20 20 20 20 21 21 21 21 25 25 29 29 29 29 29 29 29 29 29 29 29 29 29 29 29 29 29 29 31 31 31 31 32 32 32 33 33 33 33 38 38 38 38 40 40 40 40 40 40 40 40 40 41 41 41 42 42 42 42 48 48 48 49 49 49 49 49 49 49 49 49 49 49 49 49 50 50 53 53 53 53 53 55 55 55 55 55 55 55 55 56 56 56 56 56 56 56 56 56 56 56 58 58 58 58 58 58 60 60 61 61 61 61 61 63 63 63 63 63 63 64 64 64 64 64 64 64 64 64 64 64 64 70 70 70 70 70 70 70 70 70 
111 112 113 91 92 93 121 122 123 124 125 126 127 45 46 160 168 169 170 171 172 128 129 130 131 132 133 161 162 163 164 165 67 68 98 99 100 101 153 154 155 156 157 158 159 13 14 166 167 73 74 75 76 77 78 79 80 81 82 83 84 85 86 69 70 71 72 32 33 63 64 65 66 49 50 51 52 53 54 55 56 57 58 59 60 61 62 187 188 189 190 3 4 5 149 150 151 152 34 35 36 37 114 115 116 117 136 137 138 139 140 0 1 2 102 103 104 105 191 192 193 6 7 8 9 10 11 12 21 22 23 24 25 26 135 134 106 107 108 109 110 179 180 181 182 183 184 185 186 94 95 96 97 38 39 40 41 42 43 44 15 27 28 29 30 31 47 48 16 17 18 19 20 194 195 196 197 198 199 141 142 143 144 145 146 147 148 87 88 89 90 118 119 120 173 174 175 176 177 178 
413 413 413 698 698 698 527 527 527 527 527 527 527 279 279 413 775 775 775 775 775 940 940 940 940 940 940 870 870 870 870 870 613 613 599 599 599 599 245 245 245 245 245 245 245 279 279 736 736 648 648 648 648 648 648 648 648 648 648 648 648 648 648 416 416 416 416 613 613 416 416 416 416 648 648 648 648 648 648 648 648 648 648 648 648 648 648 634 634 634 634 698 698 698 243 243 243 243 599 599 599 599 878 878 878 878 969 969 969 969 969 413 413 413 878 878 878 878 465 465 465 527 527 527 527 527 527 527 940 940 940 940 940 940 610 610 969 969 969 969 969 751 751 751 751 751 751 751 751 243 243 243 243 245 245 245 245 245 245 245 413 870 870 870 870 870 736 736 775 775 775 775 775 603 603 603 603 603 603 751 751 751 751 751 751 751 751 634 634 634 634 465 465 465 603 603 603 603 603 603 
0 1 2 3 4 5 6 7 8 9 10 11 12 13 14 15 16 17 18 19 20 21 22 23 24 25 26 27 28 29 30 31 32 33 34 35 36 37 38 39 40 41 42 43 44 13 14 45 46 47 48 49 50 51 52 53 54 55 56 57 58 59 60 61 62 63 64 32 33 61 62 63 64 47 48 49 50 51 52 53 54 55 56 57 58 59 60 65 66 67 68 3 4 5 69 70 71 72 34 35 36 37 73 74 75 76 77 78 79 80 81 0 1 2 73 74 75 76 82 83 84 6 7 8 9 10 11 12 21 22 23 24 25 26 85 85 77 78 79 80 81 86 87 88 89 90 91 92 93 69 70 71 72 38 39 40 41 42 43 44 15 27 28 29 30 31 45 46 16 17 18 19 20 94 95 96 97 98 99 86 87 88 89 90 91 92 93 65 66 67 68 82 83 84 94 95 96 97 98 99 
62899
22
8 3 6 4 1 4 2 4 5 3 4 7 5 2 3 4 5 6 2 1 7 14 
55 48 63 33 8 15 14 21 8 3 31 5 10 20 4 40 40 9 5 50 15 20 
64 70 70 56 58 38 25 29 61 41 64 49 58 60 32 42 53 49 16 50 56 29 
751 465 603 243 413 599 613 416 775 413 634 527 870 736 698 878 969 940 279 610 245 648 
9 9 9 14 14 14 11 11 11 11 11 11 11 18 18 4 8 8 8 8 8 17 17 17 17 17 17 12 12 12 12 12 6 6 5 5 5 5 20 20 20 20 20 20 20 18 18 13 13 21 21 21 21 21 21 21 21 21 21 21 21 21 21 7 7 7 7 6 6 7 7 7 7 21 21 21 21 21 21 21 21 21 21 21 21 21 21 10 10 10 10 14 14 14 3 3 3 3 5 5 5 5 15 15 15 15 16 16 16 16 16 9 9 9 15 15 15 15 1 1 1 11 11 11 11 11 11 11 17 17 17 17 17 17 19 19 16 16 16 16 16 0 0 0 0 0 0 0 0 3 3 3 3 20 20 20 20 20 20 20 4 12 12 12 12 12 13 13 8 8 8 8 8 2 2 2 2 2 2 0 0 0 0 0 0 0 0 10 10 10 10 1 1 1 2 2 2 2 2 2 