227
100
2
6 6 6 6 12 12 12 12 14 14 14 14 14 14 14 14 14 14 14 14 14 14 17 17 17 17 17 17 17 17 17 17 18 18 18 18 18 18 18 18 18 18 18 18 18 18 18 18 18 18 18 18 18 18 18 18 18 19 19 19 19 19 19 19 19 26 26 26 26 26 26 26 26 26 26 27 27 27 27 27 27 28 28 28 28 28 28 28 28 28 28 30 30 30 30 30 30 30 30 30 30 32 32 32 32 32 32 35 35 35 35 35 35 35 35 35 35 38 38 38 38 38 38 38 38 38 38 42 42 42 42 42 42 42 42 42 42 43 43 43 43 43 43 53 53 53 53 53 53 53 53 53 53 53 57 57 57 57 57 57 57 57 57 57 57 57 57 57 57 57 57 57 57 57 57 59 59 59 59 59 59 59 59 59 59 69 69 69 69 69 69 69 69 69 69 69 70 70 70 70 
18 19 20 21 196 197 198 199 81 82 83 84 85 86 87 88 89 90 0 1 2 3 107 108 109 110 111 112 113 114 115 116 101 102 103 104 105 106 57 58 59 60 61 62 63 64 185 186 187 188 189 190 191 192 193 194 195 38 39 40 41 42 43 44 45 154 155 156 157 158 159 160 161 162 163 137 138 139 140 141 142 8 9 10 11 12 13 14 15 16 17 175 176 177 178 179 180 181 182 183 184 32 33 34 35 36 37 22 23 24 25 26 27 28 29 30 31 127 128 129 130 131 132 133 134 135 136 117 118 119 120 121 122 123 124 125 126 75 76 77 78 79 80 164 165 166 167 168 169 170 171 172 173 174 65 66 67 68 69 70 71 72 73 74 143 144 145 146 147 148 149 150 151 152 153 91 92 93 94 95 96 97 98 99 100 46 47 48 49 50 51 52 53 54 55 56 4 5 6 7 
922 922 922 922 281 281 281 281 441 441 441 441 441 441 441 441 441 441 922 922 922 922 462 462 462 462 462 462 462 462 462 462 825 825 825 825 825 825 862 862 862 862 862 862 862 862 523 523 523 523 523 523 523 523 523 523 523 862 862 862 862 862 862 862 862 935 935 935 935 935 935 935 935 935 935 666 666 666 666 666 666 441 441 441 441 441 441 441 441 441 441 938 938 938 938 938 938 938 938 938 938 825 825 825 825 825 825 462 462 462 462 462 462 462 462 462 462 177 177 177 177 177 177 177 177 177 177 177 177 177 177 177 177 177 177 177 177 666 666 666 666 666 666 367 367 367 367 367 367 367 367 367 367 367 935 935 935 935 935 935 935 935 935 935 367 367 367 367 367 367 367 367 367 367 367 938 938 938 938 938 938 938 938 938 938 523 523 523 523 523 523 523 523 523 523 523 281 281 281 281 
0 1 2 3 4 5 6 7 8 9 10 11 12 13 14 15 16 17 0 1 2 3 18 19 20 21 22 23 24 25 26 27 28 29 30 31 32 33 34 35 36 37 38 39 40 41 42 43 44 45 46 47 48 49 50 51 52 34 35 36 37 38 39 40 41 53 54 55 56 57 58 59 60 61 62 63 64 65 66 67 68 8 9 10 11 12 13 14 15 16 17 69 70 71 72 73 74 75 76 77 78 28 29 30 31 32 33 18 19 20 21 22 23 24 25 26 27 79 80 81 82 83 84 85 86 87 88 79 80 81 82 83 84 85 86 87 88 63 64 65 66 67 68 89 90 91 92 93 94 95 96 97 98 99 53 54 55 56 57 58 59 60 61 62 89 90 91 92 93 94 95 96 97 98 99 69 70 71 72 73 74 75 76 77 78 42 43 44 45 46 47 48 49 50 51 52 4 5 6 7 
59974
12
10 6 10 10 8 11 10 10 6 4 4 11 
26 18 17 30 18 53 14 38 27 6 12 18 
57 32 35 59 19 57 28 42 43 14 70 69 
935 825 462 938 862 367 441 177 666 922 281 523 
9 9 9 9 10 10 10 10 6 6 6 6 6 6 6 6 6 6 9 9 9 9 2 2 2 2 2 2 2 2 2 2 1 1 1 1 1 1 4 4 4 4 4 4 4 4 11 11 11 11 11 11 11 11 11 11 11 4 4 4 4 4 4 4 4 0 0 0 0 0 0 0 0 0 0 8 8 8 8 8 8 6 6 6 6 6 6 6 6 6 6 3 3 3 3 3 3 3 3 3 3 1 1 1 1 1 1 2 2 2 2 2 2 2 2 2 2 7 7 7 7 7 7 7 7 7 7 7 7 7 7 7 7 7 7 7 7 8 8 8 8 8 8 5 5 5 5 5 5 5 5 5 5 5 0 0 0 0 0 0 0 0 0 0 5 5 5 5 5 5 5 5 5 5 5 3 3 3 3 3 3 3 3 3 3 11 11 11 11 11 11 11 11 11 11 11 10 10 10 10 