439
100
2
1 1 1 1 1 1 1 1 1 1 5 5 5 5 5 5 5 5 6 6 6 6 14 14 14 14 14 14 17 17 17 17 17 17 17 17 17 17 19 19 19 19 19 19 19 21 21 21 21 21 21 21 21 21 21 21 21 25 25 25 25 25 25 25 25 25 25 25 25 29 29 29 29 29 29 29 29 29 29 29 29 29 35 35 35 35 35 35 35 35 35 35 35 38 38 38 38 38 38 38 38 38 38 38 38 38 39 39 39 39 39 39 47 47 47 47 47 47 47 47 47 47 50 50 50 50 50 50 53 53 53 53 53 53 53 53 53 53 53 53 55 55 55 55 55 55 55 55 55 55 55 55 57 57 57 57 57 57 61 61 61 61 63 63 63 63 63 63 63 63 63 63 63 63 63 63 63 63 63 63 66 66 66 66 66 66 66 66 66 66 66 66 67 67 67 67 67 67 67 67 
158 159 160 161 122 123 124 125 126 127 192 193 194 195 196 197 198 199 89 90 91 92 106 107 108 109 110 111 112 113 114 115 116 117 118 119 120 121 82 83 84 85 86 87 88 140 141 142 143 144 145 146 147 148 149 150 151 180 181 182 183 184 185 186 187 188 189 190 191 93 94 95 96 97 98 99 100 101 102 103 104 105 38 39 40 41 42 43 44 18 19 20 21 69 70 71 72 73 74 75 76 77 78 79 80 81 22 23 24 25 26 27 28 29 30 31 32 33 34 35 36 37 4 5 6 7 8 9 162 163 164 165 166 167 168 169 170 171 172 173 45 46 47 48 49 50 51 52 53 54 55 56 174 175 176 177 178 179 0 1 2 3 128 129 130 131 132 133 134 135 136 137 138 139 152 153 154 155 156 157 57 58 59 60 61 62 63 64 65 66 67 68 10 11 12 13 14 15 16 17 
638 638 638 638 515 515 515 515 515 515 237 237 237 237 237 237 237 237 170 170 170 170 317 317 317 317 317 317 208 208 208 208 208 208 208 208 208 208 221 221 221 221 221 221 221 781 781 781 781 781 781 781 781 781 781 781 781 726 726 726 726 726 726 726 726 726 726 726 726 240 240 240 240 240 240 240 240 240 240 240 240 240 221 221 221 221 221 221 221 170 170 170 170 240 240 240 240 240 240 240 240 240 240 240 240 240 317 317 317 317 317 317 208 208 208 208 208 208 208 208 208 208 515 515 515 515 515 515 827 827 827 827 827 827 827 827 827 827 827 827 781 781 781 781 781 781 781 781 781 781 781 781 828 828 828 828 828 828 638 638 638 638 827 827 827 827 827 827 827 827 827 827 827 827 828 828 828 828 828 828 726 726 726 726 726 726 726 726 726 726 726 726 237 237 237 237 237 237 237 237 
0 1 2 3 4 5 6 7 8 9 10 11 12 13 14 15 16 17 18 19 20 21 22 23 24 25 26 27 28 29 30 31 32 33 34 35 36 37 38 39 40 41 42 43 44 45 46 47 48 49 50 51 52 53 54 55 56 57 58 59 60 61 62 63 64 65 66 67 68 69 70 71 72 73 74 75 76 77 78 79 80 81 38 39 40 41 42 43 44 18 19 20 21 69 70 71 72 73 74 75 76 77 78 79 80 81 22 23 24 25 26 27 28 29 30 31 32 33 34 35 36 37 4 5 6 7 8 9 82 83 84 85 86 87 88 89 90 91 92 93 45 46 47 48 49 50 51 52 53 54 55 56 94 95 96 97 98 99 0 1 2 3 82 83 84 85 86 87 88 89 90 91 92 93 94 95 96 97 98 99 57 58 59 60 61 62 63 64 65 66 67 68 10 11 12 13 14 15 16 17 
49843
12
4 12 6 6 12 12 10 7 8 4 6 13 
1 53 1 57 25 21 17 19 5 6 14 29 
61 63 50 63 66 55 47 35 67 35 39 38 
638 827 515 828 726 781 208 221 237 170 317 240 
0 0 0 0 2 2 2 2 2 2 8 8 8 8 8 8 8 8 9 9 9 9 10 10 10 10 10 10 6 6 6 6 6 6 6 6 6 6 7 7 7 7 7 7 7 5 5 5 5 5 5 5 5 5 5 5 5 4 4 4 4 4 4 4 4 4 4 4 4 11 11 11 11 11 11 11 11 11 11 11 11 11 7 7 7 7 7 7 7 9 9 9 9 11 11 11 11 11 11 11 11 11 11 11 11 11 10 10 10 10 10 10 6 6 6 6 6 6 6 6 6 6 2 2 2 2 2 2 1 1 1 1 1 1 1 1 1 1 1 1 5 5 5 5 5 5 5 5 5 5 5 5 3 3 3 3 3 3 0 0 0 0 1 1 1 1 1 1 1 1 1 1 1 1 3 3 3 3 3 3 4 4 4 4 4 4 4 4 4 4 4 4 8 8 8 8 8 8 8 8 