678
100
2
1 1 1 1 1 1 3 3 3 3 3 3 3 4 4 4 4 4 6 6 6 6 6 8 8 8 8 8 8 8 9 9 9 9 9 9 9 9 9 9 11 11 11 11 11 11 11 11 11 11 14 14 14 14 14 14 14 14 14 14 14 14 14 14 14 14 14 14 19 19 19 19 19 19 19 21 21 21 21 21 21 21 21 21 21 21 21 22 22 22 22 22 22 22 24 24 24 24 24 24 24 24 24 24 26 26 26 26 26 26 26 26 26 26 27 27 27 27 27 32 32 35 35 35 35 35 35 35 35 40 40 40 40 40 40 40 40 42 42 42 42 42 42 42 42 43 43 43 43 43 47 47 47 47 47 47 47 47 49 49 49 49 49 49 49 55 55 55 55 55 55 55 55 55 57 57 57 57 57 57 57 64 64 64 64 64 64 64 64 64 64 65 65 67 67 67 67 67 67 67 
75 76 77 78 191 192 158 159 160 161 162 163 164 114 115 116 117 118 145 146 147 148 149 193 194 195 196 197 198 199 50 51 52 53 54 55 56 57 58 59 181 182 183 184 185 186 187 188 189 190 30 31 32 33 34 35 36 37 38 39 121 122 123 124 125 126 127 128 174 175 176 177 178 179 180 0 1 2 3 150 151 152 153 154 155 156 157 165 166 167 168 169 170 171 104 105 106 107 108 109 110 111 112 113 94 95 96 97 98 99 100 101 102 103 13 14 15 16 17 172 173 60 61 62 63 64 65 66 67 137 138 139 140 141 142 143 144 129 130 131 132 133 134 135 136 18 19 20 21 22 79 80 81 82 83 84 85 86 6 7 8 9 10 11 12 87 88 89 90 91 92 93 119 120 68 69 70 71 72 73 74 40 41 42 43 44 45 46 47 48 49 4 5 23 24 25 26 27 28 29 
228 228 228 228 748 748 297 297 297 297 297 297 297 714 714 714 714 714 876 876 876 876 876 736 736 736 736 736 736 736 967 967 967 967 967 967 967 967 967 967 511 511 511 511 511 511 511 511 511 511 967 967 967 967 967 967 967 967 967 967 557 557 557 557 557 557 557 557 514 514 514 514 514 514 514 228 228 228 228 258 258 258 258 258 258 258 258 471 471 471 471 471 471 471 712 712 712 712 712 712 712 712 712 712 712 712 712 712 712 712 712 712 712 712 714 714 714 714 714 652 652 557 557 557 557 557 557 557 557 782 782 782 782 782 782 782 782 782 782 782 782 782 782 782 782 876 876 876 876 876 258 258 258 258 258 258 258 258 297 297 297 297 297 297 297 471 471 471 471 471 471 471 652 652 514 514 514 514 514 514 514 511 511 511 511 511 511 511 511 511 511 748 748 736 736 736 736 736 736 736 
0 1 2 3 4 5 6 7 8 9 10 11 12 13 14 15 16 17 18 19 20 21 22 23 24 25 26 27 28 29 30 31 32 33 34 35 36 37 38 39 40 41 42 43 44 45 46 47 48 49 30 31 32 33 34 35 36 37 38 39 50 51 52 53 54 55 56 57 58 59 60 61 62 63 64 0 1 2 3 65 66 67 68 69 70 71 72 73 74 75 76 77 78 79 80 81 82 83 84 85 86 87 88 89 80 81 82 83 84 85 86 87 88 89 13 14 15 16 17 90 91 50 51 52 53 54 55 56 57 92 93 94 95 96 97 98 99 92 93 94 95 96 97 98 99 18 19 20 21 22 65 66 67 68 69 70 71 72 6 7 8 9 10 11 12 73 74 75 76 77 78 79 90 91 58 59 60 61 62 63 64 40 41 42 43 44 45 46 47 48 49 4 5 23 24 25 26 27 28 29 
60464
15
7 4 10 7 7 7 5 10 8 2 8 2 5 8 10 
22 1 11 3 19 8 6 9 14 1 21 32 4 40 24 
55 21 64 49 57 67 43 14 35 65 47 55 27 42 26 
471 228 511 297 514 736 876 967 557 748 258 652 714 782 712 
1 1 1 1 9 9 3 3 3 3 3 3 3 12 12 12 12 12 6 6 6 6 6 5 5 5 5 5 5 5 7 7 7 7 7 7 7 7 7 7 2 2 2 2 2 2 2 2 2 2 7 7 7 7 7 7 7 7 7 7 8 8 8 8 8 8 8 8 4 4 4 4 4 4 4 1 1 1 1 10 10 10 10 10 10 10 10 0 0 0 0 0 0 0 14 14 14 14 14 14 14 14 14 14 14 14 14 14 14 14 14 14 14 14 12 12 12 12 12 11 11 8 8 8 8 8 8 8 8 13 13 13 13 13 13 13 13 13 13 13 13 13 13 13 13 6 6 6 6 6 10 10 10 10 10 10 10 10 3 3 3 3 3 3 3 0 0 0 0 0 0 0 11 11 4 4 4 4 4 4 4 2 2 2 2 2 2 2 2 2 2 9 9 5 5 5 5 5 5 5 