875
100
2
1 1 1 1 1 3 5 5 5 5 6 7 7 7 7 7 7 7 7 7 8 8 8 8 8 8 8 8 8 9 9 9 9 9 9 9 9 9 9 10 10 10 10 10 12 12 13 13 13 15 15 17 17 17 17 17 17 18 18 18 18 18 18 18 20 20 21 21 21 22 22 22 22 22 22 22 22 22 22 23 23 23 23 23 23 23 23 23 23 23 23 23 23 23 23 23 26 26 26 27 27 27 27 27 27 27 27 27 27 27 30 30 30 30 30 30 31 31 31 31 31 31 33 33 33 33 33 33 33 33 33 34 34 34 36 36 37 37 37 37 37 37 37 37 37 37 37 37 37 37 37 38 38 40 40 43 43 43 44 44 45 45 46 46 46 46 46 49 52 52 53 53 53 53 55 55 55 55 55 56 56 56 56 56 56 56 56 56 56 56 58 58 58 58 62 62 62 62 69 69 
126 127 128 129 130 48 57 58 59 60 63 69 70 174 175 176 177 178 134 135 116 117 118 119 120 121 66 67 68 101 102 103 104 105 185 186 187 188 189 74 75 76 77 78 114 115 153 154 5 61 62 71 72 73 155 156 157 6 7 8 9 49 50 10 158 159 26 27 28 11 12 51 52 53 39 40 41 42 43 151 152 136 137 138 139 140 141 142 143 144 145 146 147 148 149 150 131 132 133 160 161 29 30 31 32 33 110 111 112 113 106 107 108 109 44 45 20 21 22 23 24 25 190 191 192 193 0 1 2 3 4 96 97 98 18 19 81 82 83 84 85 86 87 88 89 90 91 92 93 94 95 79 80 46 47 54 55 56 64 65 99 100 194 195 196 197 169 168 167 166 179 180 181 182 13 14 15 16 17 170 171 172 173 198 199 34 35 36 37 38 122 123 124 125 162 163 164 165 183 184 
169 169 169 169 169 688 155 155 155 155 848 497 497 776 776 776 776 776 851 851 335 335 335 335 335 335 196 196 196 998 998 998 998 998 221 221 221 221 221 209 209 209 209 209 800 800 611 611 688 350 350 895 895 895 464 464 464 155 155 155 155 350 350 848 948 948 196 196 196 497 497 895 895 895 209 209 209 209 209 684 684 703 703 703 703 703 703 703 703 703 703 703 703 703 703 703 286 286 286 386 386 998 998 998 998 998 946 946 946 946 946 946 946 946 800 800 335 335 335 335 335 335 897 897 897 897 169 169 169 169 169 286 286 286 851 851 703 703 703 703 703 703 703 703 703 703 703 703 703 703 703 684 684 611 611 464 464 464 948 948 386 386 273 273 273 273 848 856 856 848 935 935 935 935 776 776 776 776 776 935 935 935 935 905 905 221 221 221 221 221 897 897 897 897 273 273 273 273 905 905 
0 1 2 3 4 5 6 7 8 9 10 11 12 13 14 15 16 17 18 19 20 21 22 23 24 25 26 27 28 29 30 31 32 33 34 35 36 37 38 39 40 41 42 43 44 45 46 47 5 48 49 50 51 52 53 54 55 6 7 8 9 48 49 10 56 57 26 27 28 11 12 50 51 52 39 40 41 42 43 58 59 60 61 62 63 64 65 66 67 68 69 70 71 72 73 74 75 76 77 78 79 29 30 31 32 33 80 81 82 83 80 81 82 83 44 45 20 21 22 23 24 25 84 85 86 87 0 1 2 3 4 75 76 77 18 19 60 61 62 63 64 65 66 67 68 69 70 71 72 73 74 58 59 46 47 53 54 55 56 57 78 79 88 89 90 91 92 93 93 92 94 95 96 97 13 14 15 16 17 94 95 96 97 98 99 34 35 36 37 38 84 85 86 87 88 89 90 91 98 99 
58071
29
2 4 4 4 2 2 5 2 5 2 1 2 5 2 3 3 5 6 4 3 2 4 1 3 2 5 1 1 15 
20 33 46 53 27 56 1 23 9 13 3 7 7 7 17 17 10 8 27 26 12 5 49 8 15 9 46 6 23 
44 58 62 56 45 69 33 38 27 40 13 22 55 36 22 43 22 31 30 34 30 18 52 21 18 56 52 18 37 
948 897 273 935 386 905 169 684 998 611 688 497 776 851 895 464 209 335 946 286 800 155 856 196 350 221 848 848 703 
6 6 6 6 6 10 21 21 21 21 27 11 11 12 12 12 12 12 13 13 17 17 17 17 17 17 23 23 23 8 8 8 8 8 25 25 25 25 25 16 16 16 16 16 20 20 9 9 10 24 24 14 14 14 15 15 15 21 21 21 21 24 24 27 0 0 23 23 23 11 11 14 14 14 16 16 16 16 16 7 7 28 28 28 28 28 28 28 28 28 28 28 28 28 28 28 19 19 19 4 4 8 8 8 8 8 18 18 18 18 18 18 18 18 20 20 17 17 17 17 17 17 1 1 1 1 6 6 6 6 6 19 19 19 13 13 28 28 28 28 28 28 28 28 28 28 28 28 28 28 28 7 7 9 9 15 15 15 0 0 4 4 2 2 2 2 26 22 22 26 3 3 3 3 12 12 12 12 12 3 3 3 3 5 5 25 25 25 25 25 1 1 1 1 2 2 2 2 5 5 