379
100
2
1 1 2 2 2 3 3 3 3 3 3 4 4 4 5 5 5 5 5 5 5 5 8 8 8 8 8 8 10 10 10 10 10 10 10 10 10 10 12 12 12 12 13 15 15 15 15 15 15 19 19 19 20 25 25 25 26 26 26 26 27 27 27 28 28 28 28 28 28 31 31 31 31 31 31 31 31 32 32 32 34 34 34 34 34 34 37 37 37 39 39 39 39 42 42 42 42 42 42 45 45 45 45 45 45 45 45 45 45 45 45 45 45 45 45 45 45 46 46 46 46 47 47 47 47 47 48 48 48 50 50 50 50 50 53 53 53 53 53 53 56 56 56 56 56 56 56 56 56 56 56 56 56 56 56 56 56 56 56 56 56 56 56 56 56 56 56 56 56 57 57 58 58 58 58 58 58 58 58 59 61 61 61 65 65 65 65 65 65 66 67 69 69 69 69 70 70 70 70 70 
169 170 197 198 199 183 184 185 186 187 188 171 172 173 53 54 17 16 19 18 21 20 43 44 45 46 47 48 120 63 64 65 66 67 68 86 87 88 191 192 193 194 55 22 23 24 25 26 27 123 124 125 179 14 15 42 89 90 91 92 74 75 76 29 30 31 32 33 34 129 130 131 132 133 60 61 62 117 118 119 93 94 95 96 97 98 35 36 37 56 57 58 59 80 81 82 83 84 85 151 152 153 154 155 156 157 158 159 160 161 162 163 164 165 166 167 168 77 78 79 28 195 196 49 50 51 180 181 182 69 70 71 72 73 145 146 147 148 149 150 174 175 176 177 178 134 135 136 137 138 139 99 100 101 102 103 104 105 106 107 108 109 110 111 112 113 114 115 116 0 1 11 12 13 140 141 142 143 144 52 126 127 128 5 6 7 8 9 10 190 189 38 39 40 41 121 122 2 3 4 
920 920 353 353 353 949 949 311 311 311 311 743 743 743 551 551 525 525 525 525 525 525 243 243 243 243 243 243 828 741 741 741 741 741 741 623 623 623 286 286 286 286 945 243 243 243 243 243 243 192 192 192 394 551 551 945 441 441 441 441 358 358 358 741 741 741 741 741 741 289 289 289 289 289 358 358 358 759 759 759 173 173 173 173 173 173 623 623 623 441 441 441 441 173 173 173 173 173 173 233 233 233 233 233 233 233 233 233 233 233 233 233 233 233 233 233 233 759 759 759 828 503 503 192 192 192 224 224 224 289 289 289 289 289 501 501 501 501 501 501 772 772 772 772 772 501 501 501 501 501 501 233 233 233 233 233 233 233 233 233 233 233 233 233 233 233 233 233 233 920 920 743 743 743 772 772 772 772 772 394 224 224 224 949 949 311 311 311 311 645 645 286 286 286 286 503 503 353 353 353 
0 1 2 3 4 5 6 7 8 9 10 11 12 13 14 15 16 16 17 17 18 18 19 20 21 22 23 24 25 26 27 28 29 30 31 32 33 34 35 36 37 38 39 19 20 21 22 23 24 40 41 42 43 14 15 39 44 45 46 47 48 49 50 26 27 28 29 30 31 51 52 53 54 55 48 49 50 56 57 58 59 60 61 62 63 64 32 33 34 44 45 46 47 59 60 61 62 63 64 65 66 67 68 69 70 71 72 73 74 75 76 77 78 79 80 81 82 56 57 58 25 83 84 40 41 42 85 86 87 51 52 53 54 55 88 89 90 91 92 93 94 95 96 97 98 88 89 90 91 92 93 65 66 67 68 69 70 71 72 73 74 75 76 77 78 79 80 81 82 0 1 11 12 13 94 95 96 97 98 43 85 86 87 5 6 7 8 9 10 99 99 35 36 37 38 83 84 2 3 4 
43588
26
4 2 3 4 5 2 1 2 6 3 3 1 3 3 1 3 6 2 4 5 1 3 6 3 6 18 
26 3 4 12 31 5 66 47 34 19 32 10 2 48 13 5 10 1 3 56 20 27 53 10 8 45 
39 65 58 69 50 25 67 70 42 47 46 46 70 61 25 5 28 57 65 58 59 31 56 37 15 56 
441 949 743 286 289 551 645 503 173 192 759 828 353 224 945 525 741 920 311 772 394 358 501 623 243 233 
17 17 12 12 12 1 1 18 18 18 18 2 2 2 5 5 15 15 15 15 15 15 24 24 24 24 24 24 11 16 16 16 16 16 16 23 23 23 3 3 3 3 14 24 24 24 24 24 24 9 9 9 20 5 5 14 0 0 0 0 21 21 21 16 16 16 16 16 16 4 4 4 4 4 21 21 21 10 10 10 8 8 8 8 8 8 23 23 23 0 0 0 0 8 8 8 8 8 8 25 25 25 25 25 25 25 25 25 25 25 25 25 25 25 25 25 25 10 10 10 11 7 7 9 9 9 13 13 13 4 4 4 4 4 22 22 22 22 22 22 19 19 19 19 19 22 22 22 22 22 22 25 25 25 25 25 25 25 25 25 25 25 25 25 25 25 25 25 25 17 17 2 2 2 19 19 19 19 19 20 13 13 13 1 1 18 18 18 18 6 6 3 3 3 3 7 7 12 12 12 