555
100
2
1 1 1 1 1 1 1 2 2 2 2 2 2 2 2 2 2 2 10 10 10 10 13 13 13 13 13 13 13 13 13 13 13 15 15 15 15 15 15 15 15 15 16 16 16 16 16 16 16 16 16 16 16 17 17 17 17 17 17 17 17 17 17 17 17 17 17 17 17 17 17 17 18 18 18 18 18 18 18 18 18 18 18 18 18 18 18 18 19 19 19 19 25 25 25 25 25 31 31 31 31 31 31 31 31 31 31 31 32 32 32 32 32 33 33 33 33 33 33 33 33 33 33 33 35 35 35 35 35 35 35 35 35 36 36 36 36 36 36 36 36 36 36 37 37 37 37 37 37 37 37 39 39 39 39 40 40 40 40 43 43 46 46 46 46 46 46 46 46 46 46 48 48 48 48 48 48 48 48 48 48 49 49 49 49 49 49 49 54 54 54 54 54 54 54 54 54 54 58 58 
181 182 183 184 185 186 187 97 98 99 100 101 102 103 104 105 106 107 155 156 157 158 53 54 55 56 57 58 59 60 61 62 63 124 125 126 127 128 129 130 131 132 113 114 115 116 117 118 119 120 121 122 123 22 23 24 25 26 27 28 29 30 31 32 143 144 145 146 147 148 149 150 73 72 75 74 77 76 79 78 81 80 83 82 85 84 87 86 151 152 153 154 108 109 110 111 112 7 8 9 10 11 12 13 14 15 16 17 92 93 94 95 96 42 43 44 45 46 47 48 49 50 51 52 33 34 35 36 37 38 39 40 41 161 162 163 164 165 166 167 168 169 170 64 65 66 67 68 69 70 71 88 89 90 91 18 19 20 21 198 199 133 134 135 136 137 138 139 140 141 142 188 189 190 191 192 193 194 195 196 197 0 1 2 3 4 5 6 171 172 173 174 175 176 177 178 179 180 159 160 
286 286 286 286 286 286 286 689 689 689 689 689 689 689 689 689 689 689 240 240 240 240 417 417 417 417 417 417 417 417 417 417 417 925 925 925 925 925 925 925 925 925 258 258 258 258 258 258 258 258 258 258 258 417 417 417 417 417 417 417 417 417 417 417 946 946 946 946 946 946 946 946 475 475 475 475 475 475 475 475 475 475 475 475 475 475 475 475 424 424 424 424 470 470 470 470 470 689 689 689 689 689 689 689 689 689 689 689 470 470 470 470 470 258 258 258 258 258 258 258 258 258 258 258 925 925 925 925 925 925 925 925 925 629 629 629 629 629 629 629 629 629 629 946 946 946 946 946 946 946 946 424 424 424 424 240 240 240 240 686 686 629 629 629 629 629 629 629 629 629 629 306 306 306 306 306 306 306 306 306 306 286 286 286 286 286 286 286 306 306 306 306 306 306 306 306 306 306 686 686 
0 1 2 3 4 5 6 7 8 9 10 11 12 13 14 15 16 17 18 19 20 21 22 23 24 25 26 27 28 29 30 31 32 33 34 35 36 37 38 39 40 41 42 43 44 45 46 47 48 49 50 51 52 22 23 24 25 26 27 28 29 30 31 32 53 54 55 56 57 58 59 60 61 61 62 62 63 63 64 64 65 65 66 66 67 67 68 68 69 70 71 72 73 74 75 76 77 7 8 9 10 11 12 13 14 15 16 17 73 74 75 76 77 42 43 44 45 46 47 48 49 50 51 52 33 34 35 36 37 38 39 40 41 78 79 80 81 82 83 84 85 86 87 53 54 55 56 57 58 59 60 69 70 71 72 18 19 20 21 88 89 78 79 80 81 82 83 84 85 86 87 90 91 92 93 94 95 96 97 98 99 0 1 2 3 4 5 6 90 91 92 93 94 95 96 97 98 99 88 89 
52427
13
4 4 8 11 10 11 5 11 9 8 7 2 10 
10 19 18 13 48 2 25 16 15 17 1 43 36 
40 39 18 17 54 31 32 33 35 37 49 58 46 
240 424 475 417 306 689 470 258 925 946 286 686 629 
10 10 10 10 10 10 10 5 5 5 5 5 5 5 5 5 5 5 0 0 0 0 3 3 3 3 3 3 3 3 3 3 3 8 8 8 8 8 8 8 8 8 7 7 7 7 7 7 7 7 7 7 7 3 3 3 3 3 3 3 3 3 3 3 9 9 9 9 9 9 9 9 2 2 2 2 2 2 2 2 2 2 2 2 2 2 2 2 1 1 1 1 6 6 6 6 6 5 5 5 5 5 5 5 5 5 5 5 6 6 6 6 6 7 7 7 7 7 7 7 7 7 7 7 8 8 8 8 8 8 8 8 8 12 12 12 12 12 12 12 12 12 12 9 9 9 9 9 9 9 9 1 1 1 1 0 0 0 0 11 11 12 12 12 12 12 12 12 12 12 12 4 4 4 4 4 4 4 4 4 4 10 10 10 10 10 10 10 4 4 4 4 4 4 4 4 4 4 11 11 