698
100
2
1 1 1 1 1 1 1 1 1 1 2 2 2 3 3 3 3 3 3 3 4 4 4 4 5 5 5 5 8 8 8 8 8 8 11 11 11 11 11 11 11 11 12 12 12 12 12 14 14 14 14 14 14 14 16 16 16 16 16 16 16 16 16 16 16 16 16 16 16 16 18 18 18 18 18 20 20 20 20 20 20 21 21 21 21 21 21 21 24 26 26 26 26 26 26 26 26 26 26 26 26 29 29 29 29 29 31 31 31 31 31 31 31 31 32 33 33 33 33 33 33 33 33 33 33 34 34 34 34 34 34 34 37 37 37 37 37 37 37 37 38 38 38 38 38 38 38 38 38 39 39 39 39 39 39 39 39 39 39 39 39 39 39 39 39 39 39 46 46 46 46 46 46 46 49 49 49 49 50 50 50 50 50 50 50 50 50 50 60 60 63 63 63 63 63 63 63 67 67 67 
178 179 180 181 182 183 184 185 186 187 70 71 72 47 48 49 50 51 52 53 174 175 176 177 197 198 199 88 149 150 151 152 153 154 106 107 108 109 110 111 112 113 101 102 103 104 105 13 14 15 16 17 18 19 115 116 117 118 119 120 121 122 123 124 75 76 77 78 79 80 10 11 12 188 189 64 65 66 67 68 69 125 126 127 128 129 130 131 27 155 156 157 158 159 160 161 162 163 164 165 166 42 43 44 45 46 34 35 36 37 38 39 40 41 140 54 55 56 57 58 59 60 61 62 63 81 82 83 84 85 86 87 141 142 143 144 145 146 147 148 114 132 133 134 135 136 137 138 139 28 29 30 31 32 33 89 90 91 92 93 94 95 96 97 98 99 100 190 191 192 193 194 195 196 20 21 22 23 0 1 2 3 4 5 6 7 8 9 73 74 167 168 169 170 171 172 173 24 25 26 
316 316 316 316 316 316 316 316 316 316 994 994 994 478 478 478 478 478 478 478 151 151 151 151 237 237 237 328 836 836 836 836 836 836 326 326 326 326 326 326 326 326 379 379 379 379 379 478 478 478 478 478 478 478 461 461 461 461 461 461 461 461 461 461 749 749 749 749 749 749 994 994 994 633 633 749 749 749 749 749 749 182 182 182 182 182 182 182 328 738 738 738 738 738 738 738 738 738 738 738 738 379 379 379 379 379 326 326 326 326 326 326 326 326 844 461 461 461 461 461 461 461 461 461 461 182 182 182 182 182 182 182 551 551 551 551 551 551 551 551 844 551 551 551 551 551 551 551 551 836 836 836 836 836 836 738 738 738 738 738 738 738 738 738 738 738 738 195 195 195 195 195 195 195 151 151 151 151 316 316 316 316 316 316 316 316 316 316 633 633 195 195 195 195 195 195 195 237 237 237 
0 1 2 3 4 5 6 7 8 9 10 11 12 13 14 15 16 17 18 19 20 21 22 23 24 25 26 27 28 29 30 31 32 33 34 35 36 37 38 39 40 41 42 43 44 45 46 13 14 15 16 17 18 19 47 48 49 50 51 52 53 54 55 56 57 58 59 60 61 62 10 11 12 63 64 57 58 59 60 61 62 65 66 67 68 69 70 71 27 72 73 74 75 76 77 78 79 80 81 82 83 42 43 44 45 46 34 35 36 37 38 39 40 41 84 47 48 49 50 51 52 53 54 55 56 65 66 67 68 69 70 71 85 86 87 88 89 90 91 92 84 85 86 87 88 89 90 91 92 28 29 30 31 32 33 72 73 74 75 76 77 78 79 80 81 82 83 93 94 95 96 97 98 99 20 21 22 23 0 1 2 3 4 5 6 7 8 9 63 64 93 94 95 96 97 98 99 24 25 26 
47767
17
3 3 7 10 1 6 7 2 10 1 8 7 5 4 8 6 12 
2 5 46 1 32 8 3 18 16 5 11 21 12 4 37 16 26 
18 67 63 50 38 39 14 60 33 24 31 34 29 49 38 20 39 
994 237 195 316 844 836 478 633 461 328 326 182 379 151 551 749 738 
3 3 3 3 3 3 3 3 3 3 0 0 0 6 6 6 6 6 6 6 13 13 13 13 1 1 1 9 5 5 5 5 5 5 10 10 10 10 10 10 10 10 12 12 12 12 12 6 6 6 6 6 6 6 8 8 8 8 8 8 8 8 8 8 15 15 15 15 15 15 0 0 0 7 7 15 15 15 15 15 15 11 11 11 11 11 11 11 9 16 16 16 16 16 16 16 16 16 16 16 16 12 12 12 12 12 10 10 10 10 10 10 10 10 4 8 8 8 8 8 8 8 8 8 8 11 11 11 11 11 11 11 14 14 14 14 14 14 14 14 4 14 14 14 14 14 14 14 14 5 5 5 5 5 5 16 16 16 16 16 16 16 16 16 16 16 16 2 2 2 2 2 2 2 13 13 13 13 3 3 3 3 3 3 3 3 3 3 7 7 2 2 2 2 2 2 2 1 1 1 