927
100
2
3 4 4 4 4 4 4 4 5 5 6 6 6 12 12 12 12 12 12 12 12 12 12 12 12 12 12 12 12 12 12 13 13 13 13 13 13 13 14 14 14 14 14 14 14 14 14 14 15 15 15 15 15 15 17 17 17 18 20 20 21 21 21 21 23 23 23 23 23 23 23 23 23 23 23 23 23 23 23 23 23 23 23 25 25 25 25 25 26 26 26 26 26 27 27 27 27 27 27 27 27 27 27 27 27 28 30 30 32 32 32 32 32 32 36 36 36 38 38 38 38 39 39 40 40 40 40 42 42 42 42 42 43 43 44 44 45 45 45 45 45 45 45 45 45 45 45 45 45 45 45 45 45 45 45 45 46 46 46 46 46 46 46 47 47 48 49 49 49 49 51 51 53 56 56 56 56 59 59 59 59 59 59 60 60 60 60 60 60 60 60 62 62 62 62 62 62 62 64 70 
48 183 184 185 186 187 134 135 156 157 163 164 136 138 139 140 141 142 143 144 145 146 147 148 149 150 151 152 153 154 155 43 44 45 46 47 58 59 69 70 71 72 73 31 32 33 34 35 0 88 89 90 91 92 114 115 116 190 36 37 166 167 168 169 108 109 110 111 137 38 39 40 41 42 95 96 97 98 99 123 124 125 126 158 159 160 161 162 49 50 51 52 53 188 189 74 75 76 77 78 178 179 180 181 182 199 196 197 64 65 66 67 170 171 54 55 56 173 174 175 176 132 133 79 80 81 82 191 192 193 194 195 121 122 6 7 12 68 13 14 15 16 17 18 19 20 21 22 23 24 25 26 27 28 29 30 8 9 83 84 85 86 87 10 11 198 60 61 62 63 112 113 177 117 118 119 120 172 100 101 102 103 104 1 2 3 4 5 93 94 57 127 128 129 130 131 106 107 165 105 
720 929 929 929 929 929 165 165 366 366 987 987 813 192 192 192 192 192 192 192 192 192 192 192 192 192 192 192 192 192 192 542 542 542 542 542 421 421 880 880 880 880 880 542 542 542 542 542 720 678 678 678 678 678 222 222 222 354 421 421 811 811 811 811 471 471 471 471 993 880 880 880 880 880 152 152 152 152 152 261 261 261 261 510 510 510 510 510 678 678 678 678 678 309 309 152 152 152 152 152 385 385 385 385 385 985 560 560 471 471 471 471 200 200 222 222 222 232 232 232 232 712 712 261 261 261 261 437 437 437 437 437 712 712 165 165 813 993 192 192 192 192 192 192 192 192 192 192 192 192 192 192 192 192 192 192 366 366 510 510 510 510 510 987 987 328 811 811 811 811 200 200 446 232 232 232 232 446 385 385 385 385 385 929 929 929 929 929 309 309 354 437 437 437 437 437 560 560 328 985 
0 1 2 3 4 5 6 7 8 9 10 11 12 13 14 15 16 17 18 19 20 21 22 23 24 25 26 27 28 29 30 31 32 33 34 35 36 37 38 39 40 41 42 31 32 33 34 35 0 43 44 45 46 47 48 49 50 51 36 37 52 53 54 55 56 57 58 59 60 38 39 40 41 42 61 62 63 64 65 66 67 68 69 70 71 72 73 74 43 44 45 46 47 75 76 61 62 63 64 65 77 78 79 80 81 82 83 84 56 57 58 59 85 86 48 49 50 87 88 89 90 91 92 66 67 68 69 93 94 95 96 97 91 92 6 7 12 60 13 14 15 16 17 18 19 20 21 22 23 24 25 26 27 28 29 30 8 9 70 71 72 73 74 10 11 98 52 53 54 55 85 86 99 87 88 89 90 99 77 78 79 80 81 1 2 3 4 5 75 76 51 93 94 95 96 97 83 84 98 82 
45866
30
2 1 4 1 2 2 1 2 0 5 1 2 1 2 5 5 1 5 5 3 5 2 2 4 5 4 1 5 4 18 
6 6 23 53 39 32 48 5 3 4 23 4 3 27 25 14 18 23 13 17 42 30 13 23 27 38 28 15 21 12 
47 45 32 59 43 51 64 46 55 60 45 44 15 60 46 23 60 27 14 36 62 62 20 40 59 56 70 26 49 45 
987 813 471 446 712 200 328 366 872 929 993 165 720 309 510 880 354 152 542 222 437 560 421 261 385 232 985 678 811 192 
12 9 9 9 9 9 11 11 7 7 0 0 1 29 29 29 29 29 29 29 29 29 29 29 29 29 29 29 29 29 29 18 18 18 18 18 22 22 15 15 15 15 15 18 18 18 18 18 12 27 27 27 27 27 19 19 19 16 22 22 28 28 28 28 2 2 2 2 10 15 15 15 15 15 17 17 17 17 17 23 23 23 23 14 14 14 14 14 27 27 27 27 27 13 13 17 17 17 17 17 24 24 24 24 24 26 21 21 2 2 2 2 5 5 19 19 19 25 25 25 25 4 4 23 23 23 23 20 20 20 20 20 4 4 11 11 1 10 29 29 29 29 29 29 29 29 29 29 29 29 29 29 29 29 29 29 7 7 14 14 14 14 14 0 0 6 28 28 28 28 5 5 3 25 25 25 25 3 24 24 24 24 24 9 9 9 9 9 13 13 16 20 20 20 20 20 21 21 6 26 