155
100
2
1 1 1 2 3 4 4 4 4 4 4 5 6 7 7 7 7 7 8 13 13 13 13 13 13 19 19 19 21 22 22 22 22 22 22 22 22 23 23 23 23 23 23 23 24 24 25 25 25 25 25 25 25 25 26 27 27 27 27 27 27 27 28 28 28 28 28 29 29 29 29 29 29 29 29 30 30 30 30 30 31 31 31 31 31 32 32 32 32 32 36 36 37 37 37 37 40 44 44 44 44 44 44 44 44 44 44 44 44 44 44 44 44 45 46 46 46 46 46 46 46 49 49 49 49 49 49 49 49 50 50 50 50 53 53 53 53 53 53 53 53 54 55 55 55 55 58 58 58 58 58 58 58 58 58 58 58 58 58 58 58 58 60 60 60 60 63 63 63 63 64 64 64 64 65 65 65 65 65 66 66 66 66 66 68 68 68 68 69 69 69 69 69 69 69 69 70 70 70 70 
126 127 128 196 62 25 26 27 51 52 53 18 54 55 56 57 58 59 11 179 180 181 182 183 141 5 6 7 170 166 167 168 169 40 41 42 43 138 139 140 33 34 35 36 119 120 133 134 135 136 137 8 9 10 12 13 14 15 16 17 90 91 4 184 185 186 187 192 193 194 195 162 163 164 165 85 86 87 88 89 114 115 116 117 118 75 76 77 78 79 60 61 142 143 144 145 113 146 147 148 149 150 151 152 153 154 155 156 157 158 159 160 161 96 80 81 82 83 84 44 45 174 175 176 177 178 0 1 2 188 189 190 191 46 47 48 49 50 37 38 39 24 92 93 94 95 97 98 99 100 101 102 103 104 105 106 107 108 109 110 111 112 71 72 73 74 29 30 31 32 28 197 198 199 121 122 123 124 125 19 20 21 22 23 63 64 65 66 129 130 131 132 67 68 69 70 3 171 172 173 
700 700 700 795 797 590 590 590 686 686 686 258 722 498 498 498 498 498 258 606 606 606 606 606 711 590 590 590 595 385 385 385 385 991 991 991 991 491 491 491 991 991 991 991 197 197 950 950 950 950 950 686 686 686 722 498 498 498 498 498 472 472 797 251 251 251 251 586 586 586 586 185 185 185 185 426 426 426 426 426 938 938 938 938 938 426 426 426 426 426 472 472 632 632 632 632 811 951 951 951 951 951 951 951 951 951 951 951 951 951 951 951 951 811 938 938 938 938 938 197 197 225 225 225 225 225 700 700 700 243 243 243 243 950 950 950 950 950 491 491 491 711 632 632 632 632 951 951 951 951 951 951 951 951 951 951 951 951 951 951 951 951 185 185 185 185 385 385 385 385 595 438 438 438 225 225 225 225 225 606 606 606 606 606 251 251 251 251 243 243 243 243 586 586 586 586 795 438 438 438 
0 1 2 3 4 5 6 7 8 9 10 11 12 13 14 15 16 17 11 18 19 20 21 22 23 5 6 7 24 25 26 27 28 29 30 31 32 33 34 35 29 30 31 32 36 37 38 39 40 41 42 8 9 10 12 13 14 15 16 17 43 44 4 45 46 47 48 49 50 51 52 53 54 55 56 57 58 59 60 61 62 63 64 65 66 57 58 59 60 61 43 44 67 68 69 70 71 72 73 74 75 76 77 78 79 80 81 82 83 84 85 86 87 71 62 63 64 65 66 36 37 88 89 90 91 92 0 1 2 93 94 95 96 38 39 40 41 42 33 34 35 23 67 68 69 70 72 73 74 75 76 77 78 79 80 81 82 83 84 85 86 87 53 54 55 56 25 26 27 28 24 97 98 99 88 89 90 91 92 18 19 20 21 22 45 46 47 48 93 94 95 96 49 50 51 52 3 97 98 99 
61265
29
1 1 5 1 5 5 1 3 5 3 1 4 2 3 3 1 5 4 4 4 1 4 5 4 2 4 0 3 16 
21 3 13 2 25 49 5 64 7 4 40 28 27 23 4 13 31 37 50 29 6 22 30 22 24 29 54 1 44 
64 28 66 70 53 65 8 70 27 19 45 68 36 53 25 54 46 55 69 69 26 63 32 23 46 60 59 49 58 
595 797 606 795 950 225 258 438 498 590 811 251 472 491 686 711 938 632 243 586 722 385 426 991 197 185 602 700 951 
27 27 27 3 1 9 9 9 14 14 14 6 20 8 8 8 8 8 6 2 2 2 2 2 15 9 9 9 0 21 21 21 21 23 23 23 23 13 13 13 23 23 23 23 24 24 4 4 4 4 4 14 14 14 20 8 8 8 8 8 12 12 1 11 11 11 11 19 19 19 19 25 25 25 25 22 22 22 22 22 16 16 16 16 16 22 22 22 22 22 12 12 17 17 17 17 10 28 28 28 28 28 28 28 28 28 28 28 28 28 28 28 28 10 16 16 16 16 16 24 24 5 5 5 5 5 27 27 27 18 18 18 18 4 4 4 4 4 13 13 13 15 17 17 17 17 28 28 28 28 28 28 28 28 28 28 28 28 28 28 28 28 25 25 25 25 21 21 21 21 0 7 7 7 5 5 5 5 5 2 2 2 2 2 11 11 11 11 18 18 18 18 19 19 19 19 3 7 7 7 