971
100
2
2 2 2 2 4 4 4 4 4 4 4 4 4 4 4 4 4 4 4 4 4 5 5 5 5 5 7 8 8 8 8 8 8 8 8 8 9 10 10 10 10 10 10 10 10 10 11 11 11 11 12 12 12 12 13 13 13 13 13 19 20 20 20 20 24 24 24 24 24 25 25 26 26 26 26 26 27 28 28 28 28 28 28 29 29 29 29 29 30 30 30 30 30 30 30 30 30 31 31 32 32 32 32 34 34 42 42 42 42 42 42 42 45 45 45 45 47 47 47 47 47 47 49 49 49 49 49 49 50 51 51 51 51 53 53 53 53 53 53 53 53 53 53 55 55 55 55 59 59 59 62 62 62 62 62 63 63 63 63 63 66 66 66 66 66 66 66 66 67 67 67 67 68 68 68 68 68 68 69 69 69 69 69 70 70 70 70 70 70 70 70 70 70 70 70 70 70 70 70 70 
50 51 64 65 183 184 185 186 187 188 189 190 191 192 193 194 195 196 197 198 199 76 37 38 39 40 36 71 72 73 74 75 60 61 62 63 26 22 23 24 25 83 84 85 86 87 139 140 141 142 0 1 176 177 160 161 162 163 164 129 32 33 34 35 2 3 165 166 167 105 106 27 28 29 30 31 21 99 100 101 102 97 98 41 42 43 44 45 130 131 132 120 121 172 173 174 175 81 82 77 78 79 80 148 149 69 70 178 179 180 181 182 116 117 118 119 112 113 114 115 91 92 133 134 135 136 137 138 147 59 88 89 90 122 123 124 125 126 127 46 47 48 49 168 169 170 171 128 103 104 155 156 157 158 159 150 151 152 153 154 54 55 56 57 58 66 67 68 143 144 145 146 93 94 95 96 52 53 107 108 109 110 111 4 5 6 7 8 9 10 11 12 13 14 15 16 17 18 19 20 
768 768 459 459 215 215 215 215 215 215 215 215 215 215 215 215 215 215 215 215 215 621 771 771 771 771 774 460 460 460 460 460 871 871 871 871 774 771 771 771 771 560 560 560 560 560 166 166 166 166 768 768 712 712 424 424 424 424 424 645 871 871 871 871 459 459 778 778 778 195 195 460 460 460 460 460 621 555 555 555 555 251 251 560 560 560 560 560 698 698 698 458 458 990 990 990 990 251 251 555 555 555 555 890 890 195 195 464 464 464 464 464 660 660 660 660 660 660 660 660 458 458 421 421 421 421 421 421 866 645 698 698 698 421 421 421 421 421 421 166 166 166 166 161 161 161 161 866 890 890 189 189 189 189 189 189 189 189 189 189 424 424 424 424 424 778 778 778 161 161 161 161 990 990 990 990 712 712 464 464 464 464 464 215 215 215 215 215 215 215 215 215 215 215 215 215 215 215 215 215 
0 1 2 3 4 5 6 7 8 9 10 11 12 13 14 15 16 17 18 19 20 21 22 23 24 25 26 27 28 29 30 31 32 33 34 35 26 22 23 24 25 36 37 38 39 40 41 42 43 44 0 1 45 46 47 48 49 50 51 52 32 33 34 35 2 3 53 54 55 56 57 27 28 29 30 31 21 58 59 60 61 62 63 36 37 38 39 40 64 65 66 67 68 69 70 71 72 62 63 58 59 60 61 73 74 56 57 75 76 77 78 79 80 81 82 83 80 81 82 83 67 68 84 85 86 87 88 89 90 52 64 65 66 84 85 86 87 88 89 41 42 43 44 91 92 93 94 90 73 74 95 96 97 98 99 95 96 97 98 99 47 48 49 50 51 53 54 55 91 92 93 94 69 70 71 72 45 46 75 76 77 78 79 4 5 6 7 8 9 10 11 12 13 14 15 16 17 18 19 20 
48162
27
4 1 1 5 4 3 2 4 5 5 1 1 2 2 2 6 5 2 3 5 4 4 4 2 4 2 17 
55 19 5 62 45 30 30 5 13 10 50 7 2 2 25 49 42 34 24 8 11 8 30 12 28 28 4 
67 51 27 63 47 51 47 10 66 29 59 9 12 24 42 53 69 59 66 26 53 20 68 68 32 31 70 
161 645 621 189 660 698 458 771 424 560 866 774 768 459 195 421 464 890 778 460 166 871 990 712 555 251 215 
12 12 13 13 26 26 26 26 26 26 26 26 26 26 26 26 26 26 26 26 26 2 7 7 7 7 11 19 19 19 19 19 21 21 21 21 11 7 7 7 7 9 9 9 9 9 20 20 20 20 12 12 23 23 8 8 8 8 8 1 21 21 21 21 13 13 18 18 18 14 14 19 19 19 19 19 2 24 24 24 24 25 25 9 9 9 9 9 5 5 5 6 6 22 22 22 22 25 25 24 24 24 24 17 17 14 14 16 16 16 16 16 4 4 4 4 4 4 4 4 6 6 15 15 15 15 15 15 10 1 5 5 5 15 15 15 15 15 15 20 20 20 20 0 0 0 0 10 17 17 3 3 3 3 3 3 3 3 3 3 8 8 8 8 8 18 18 18 0 0 0 0 22 22 22 22 23 23 16 16 16 16 16 26 26 26 26 26 26 26 26 26 26 26 26 26 26 26 26 26 