438
100
2
5 5 7 7 7 7 8 12 12 12 12 14 14 14 16 16 16 16 16 16 17 17 17 17 17 18 19 19 19 19 19 19 19 19 19 19 21 21 21 21 22 22 22 22 22 22 22 22 23 23 23 23 23 23 24 24 24 24 26 26 26 26 26 26 26 26 26 26 27 27 27 27 28 28 28 28 30 30 30 32 32 32 32 32 32 32 32 32 32 32 32 32 32 32 32 32 33 33 33 33 33 33 33 33 33 33 33 33 33 33 33 33 33 35 35 35 35 35 35 36 36 37 37 39 39 39 39 39 39 39 39 40 41 42 42 43 43 43 43 43 44 44 44 44 44 44 45 45 47 47 47 47 48 48 51 51 51 51 51 52 52 52 52 52 52 53 54 54 54 54 55 55 55 56 56 56 56 57 57 57 59 59 59 59 59 61 61 61 61 61 64 64 64 64 65 65 65 65 65 68 
4 5 48 49 0 1 194 30 31 32 33 170 171 172 140 141 142 143 152 153 160 161 162 163 164 118 127 128 129 130 7 8 9 10 119 120 40 41 42 43 36 37 38 39 68 69 70 71 2 3 195 196 197 198 190 191 192 193 113 114 115 116 159 135 136 137 138 139 44 45 46 47 166 167 168 169 177 178 179 96 97 98 99 100 101 102 103 104 105 106 107 108 109 110 111 112 79 80 81 82 83 84 85 86 87 88 89 90 91 92 93 94 95 58 59 60 61 165 25 34 35 133 134 185 186 187 188 26 27 28 29 132 131 121 122 63 64 65 66 67 14 15 16 17 146 147 144 145 173 174 175 176 18 19 180 181 182 183 184 62 20 21 22 23 24 117 72 73 74 75 11 12 13 148 149 150 151 76 77 78 154 155 156 157 158 123 124 125 126 199 54 55 56 57 6 50 51 52 53 189 
284 284 483 483 284 284 959 838 838 838 838 218 218 218 645 645 645 645 579 579 449 449 449 449 449 607 539 539 539 539 838 838 838 838 882 882 594 594 594 594 594 594 594 594 463 463 463 463 483 483 255 255 255 255 487 487 487 487 809 809 809 809 770 269 269 269 269 269 463 463 463 463 750 750 750 750 479 479 479 624 624 624 624 624 624 624 624 624 624 624 624 624 624 624 624 624 624 624 624 624 624 624 624 624 624 624 624 624 624 624 624 624 624 809 809 809 809 844 607 882 882 704 704 553 553 553 553 539 539 539 539 626 626 704 704 269 269 269 269 269 645 645 645 645 877 877 877 877 268 268 268 268 579 579 276 276 276 276 276 770 449 449 449 449 449 844 750 750 750 750 218 218 218 268 268 268 268 479 479 479 276 276 276 276 276 553 553 553 553 524 487 487 487 487 959 255 255 255 255 524 
0 1 2 3 0 1 4 5 6 7 8 9 10 11 12 13 14 15 16 17 18 19 20 21 22 23 24 25 26 27 5 6 7 8 28 29 30 31 32 33 30 31 32 33 34 35 36 37 2 3 38 39 40 41 42 43 44 45 46 47 48 49 50 51 52 53 54 55 34 35 36 37 56 57 58 59 60 61 62 63 64 65 66 67 68 69 70 71 72 73 74 75 76 77 78 79 63 64 65 66 67 68 69 70 71 72 73 74 75 76 77 78 79 46 47 48 49 80 23 28 29 81 82 83 84 85 86 24 25 26 27 87 87 81 82 51 52 53 54 55 12 13 14 15 88 89 88 89 90 91 92 93 16 17 94 95 96 97 98 50 18 19 20 21 22 80 56 57 58 59 9 10 11 90 91 92 93 60 61 62 94 95 96 97 98 83 84 85 86 99 42 43 44 45 4 38 39 40 41 99 
54421
29
5 2 4 1 4 4 4 1 4 1 2 5 1 2 2 4 1 3 4 1 5 2 3 4 4 4 2 4 17 
51 7 16 8 26 39 21 40 23 26 44 26 61 37 16 19 35 14 47 18 17 5 30 12 28 24 19 22 32 
59 23 44 65 35 61 22 41 65 52 45 43 68 42 48 39 53 55 56 35 52 7 57 19 54 64 36 27 33 
276 483 645 959 809 553 594 626 255 770 877 269 524 704 579 539 844 218 268 607 449 284 479 838 750 487 882 463 624 
21 21 1 1 21 21 3 23 23 23 23 17 17 17 2 2 2 2 14 14 20 20 20 20 20 19 15 15 15 15 23 23 23 23 26 26 6 6 6 6 6 6 6 6 27 27 27 27 1 1 8 8 8 8 25 25 25 25 4 4 4 4 9 11 11 11 11 11 27 27 27 27 24 24 24 24 22 22 22 28 28 28 28 28 28 28 28 28 28 28 28 28 28 28 28 28 28 28 28 28 28 28 28 28 28 28 28 28 28 28 28 28 28 4 4 4 4 16 19 26 26 13 13 5 5 5 5 15 15 15 15 7 7 13 13 11 11 11 11 11 2 2 2 2 10 10 10 10 18 18 18 18 14 14 0 0 0 0 0 9 20 20 20 20 20 16 24 24 24 24 17 17 17 18 18 18 18 22 22 22 0 0 0 0 0 5 5 5 5 12 25 25 25 25 3 8 8 8 8 12 