289
100
2
4 6 6 6 6 6 7 7 8 8 8 8 8 8 8 8 8 8 8 8 9 9 9 9 9 9 11 11 11 11 11 11 12 12 12 14 14 15 15 15 15 15 15 15 15 15 15 17 17 17 17 17 17 20 20 22 22 23 23 23 24 24 24 29 29 29 29 29 29 29 31 32 32 32 32 32 32 32 32 32 32 32 32 32 32 32 32 32 34 34 34 35 35 35 35 35 35 35 35 35 35 35 35 35 35 35 35 35 36 36 36 38 38 38 40 40 42 42 42 42 42 42 42 42 42 42 42 43 43 43 43 43 43 43 43 43 43 47 47 52 52 52 52 52 52 52 52 53 53 53 53 53 53 53 53 54 54 54 54 54 55 55 55 55 55 56 56 56 56 56 56 56 56 56 57 57 57 57 57 57 57 57 60 60 60 60 60 60 61 61 61 61 61 61 61 62 62 64 64 64 
70 132 133 134 135 136 89 90 149 150 151 152 153 154 26 27 28 29 30 31 37 38 39 40 41 42 14 15 16 17 18 19 197 198 199 160 161 20 21 22 23 24 25 49 50 51 52 112 113 43 44 45 46 114 115 137 138 162 163 164 118 119 120 188 189 190 191 192 182 183 0 91 92 93 94 95 96 97 98 99 100 101 102 103 104 105 106 107 111 6 7 71 72 73 74 75 76 77 78 79 80 81 82 83 84 85 86 87 129 130 131 88 47 48 53 54 139 140 60 61 62 141 142 143 144 145 146 147 148 108 109 110 1 2 3 4 5 55 56 116 117 121 122 123 124 125 126 127 128 8 9 10 11 12 13 169 170 171 172 173 35 36 57 58 59 174 175 176 177 155 156 157 158 159 165 166 167 168 184 185 186 187 68 69 178 179 180 181 63 64 65 66 67 195 196 193 194 32 33 34 
297 606 606 606 606 606 770 770 273 273 273 273 273 273 300 300 300 300 300 300 483 483 483 483 483 483 300 300 300 300 300 300 379 379 379 418 418 483 483 483 483 483 483 821 821 821 821 171 171 821 821 821 821 542 542 986 986 360 360 360 986 986 986 395 395 395 395 395 425 425 297 961 961 961 961 961 961 961 961 961 961 961 961 961 961 961 961 961 793 770 770 961 961 961 961 961 961 961 961 961 961 961 961 961 961 961 961 961 527 527 527 793 171 171 542 542 429 429 986 986 986 667 667 667 667 667 667 361 361 527 527 527 606 606 606 606 606 986 986 429 429 667 667 667 667 667 667 361 361 273 273 273 273 273 273 834 834 834 834 834 418 418 360 360 360 405 405 405 405 834 834 834 834 834 405 405 405 405 744 744 744 744 425 425 744 744 744 744 395 395 395 395 395 206 206 206 206 379 379 379 
0 1 2 3 4 5 6 7 8 9 10 11 12 13 14 15 16 17 18 19 20 21 22 23 24 25 14 15 16 17 18 19 26 27 28 29 30 20 21 22 23 24 25 31 32 33 34 35 36 31 32 33 34 37 38 39 40 41 42 43 44 45 46 47 48 49 50 51 52 53 0 54 55 56 57 58 59 60 61 62 63 64 65 66 67 68 69 70 71 6 7 54 55 56 57 58 59 60 61 62 63 64 65 66 67 68 69 70 72 73 74 71 35 36 37 38 75 76 44 45 46 77 78 79 80 81 82 83 84 72 73 74 1 2 3 4 5 39 40 75 76 77 78 79 80 81 82 83 84 8 9 10 11 12 13 85 86 87 88 89 29 30 41 42 43 90 91 92 93 85 86 87 88 89 90 91 92 93 94 95 96 97 52 53 94 95 96 97 47 48 49 50 51 98 99 98 99 26 27 28 
60192
26
1 2 2 2 6 4 2 6 5 5 2 2 6 3 3 5 2 2 6 2 3 1 4 3 4 17 
34 42 43 20 8 56 22 8 54 29 17 14 9 24 36 6 7 29 42 61 12 4 57 23 15 32 
38 52 53 40 53 57 47 11 56 61 38 55 15 42 43 43 34 60 52 62 64 31 60 55 17 35 
793 429 361 542 273 405 986 300 834 395 171 418 483 986 527 606 770 425 667 206 379 297 744 360 821 961 
21 15 15 15 15 15 16 16 4 4 4 4 4 4 7 7 7 7 7 7 12 12 12 12 12 12 7 7 7 7 7 7 20 20 20 11 11 12 12 12 12 12 12 24 24 24 24 10 10 24 24 24 24 3 3 6 6 23 23 23 13 13 13 9 9 9 9 9 17 17 21 25 25 25 25 25 25 25 25 25 25 25 25 25 25 25 25 25 0 16 16 25 25 25 25 25 25 25 25 25 25 25 25 25 25 25 25 25 14 14 14 0 10 10 3 3 1 1 13 13 13 18 18 18 18 18 18 2 2 14 14 14 15 15 15 15 15 6 6 1 1 18 18 18 18 18 18 2 2 4 4 4 4 4 4 8 8 8 8 8 11 11 23 23 23 5 5 5 5 8 8 8 8 8 5 5 5 5 22 22 22 22 17 17 22 22 22 22 9 9 9 9 9 19 19 19 19 20 20 20 