181
100
2
2 2 2 6 6 6 6 6 6 6 7 7 7 7 7 7 7 7 7 7 7 7 7 9 9 9 9 9 9 9 9 9 10 11 11 11 11 11 11 11 11 11 11 11 11 11 11 11 12 12 12 12 12 12 12 12 12 12 12 12 12 12 13 13 14 14 14 15 15 16 16 16 16 16 16 16 16 16 17 17 18 18 24 24 24 26 26 26 26 27 27 27 27 27 27 27 27 27 27 29 29 29 29 29 29 29 29 29 31 31 31 31 31 31 33 33 33 33 35 35 35 35 35 35 35 35 35 35 35 35 35 35 35 37 39 40 40 40 40 42 42 42 43 43 43 43 43 43 43 43 45 45 46 46 49 49 49 49 49 49 49 50 50 50 50 52 52 52 53 53 53 53 53 53 57 57 57 57 57 57 57 62 62 66 66 66 67 67 67 67 68 68 68 68 69 69 70 70 70 70 
174 175 176 64 65 66 59 60 61 98 99 100 101 102 103 104 56 57 58 135 136 137 138 89 90 91 92 93 94 53 54 55 134 118 119 120 121 122 123 124 125 126 127 128 129 130 131 132 69 70 71 72 73 29 30 31 16 17 18 6 7 8 78 79 3 4 5 190 191 48 49 50 51 52 105 183 184 185 62 63 150 151 158 159 160 154 155 156 157 23 24 25 26 27 28 139 140 141 9 10 11 12 13 14 15 74 181 182 194 195 142 143 144 145 177 178 179 180 33 34 35 36 37 38 39 40 41 42 43 44 45 46 47 165 32 19 20 21 22 95 96 97 110 111 112 113 161 162 163 164 80 81 166 167 85 86 87 88 82 83 84 146 147 148 149 133 152 153 196 197 198 199 186 187 0 1 2 114 115 116 117 106 107 75 76 77 172 173 192 193 67 68 188 189 108 109 168 169 170 171 
465 465 465 536 536 536 357 357 357 410 194 194 194 194 194 194 278 278 278 393 393 393 393 344 344 344 344 344 344 710 710 710 911 811 811 811 811 811 811 811 811 811 811 811 811 811 811 811 813 813 813 813 813 710 710 710 278 278 278 357 357 357 431 431 536 536 536 833 833 813 813 813 813 813 669 914 914 914 431 431 934 934 782 782 782 812 812 812 812 344 344 344 344 344 344 624 624 624 410 194 194 194 194 194 194 669 379 379 260 260 875 875 875 875 874 874 874 874 811 811 811 811 811 811 811 811 811 811 811 811 811 811 811 648 911 393 393 393 393 624 624 624 875 875 875 875 590 590 590 590 934 934 626 626 812 812 812 812 782 782 782 590 590 590 590 648 626 626 415 415 415 415 896 896 465 465 465 874 874 874 874 379 379 914 914 914 896 896 152 152 833 833 152 152 260 260 415 415 415 415 
0 1 2 3 4 5 6 7 8 9 10 11 12 13 14 15 16 17 18 19 20 21 22 23 24 25 26 27 28 29 30 31 32 33 34 35 36 37 38 39 40 41 42 43 44 45 46 47 48 49 50 51 52 29 30 31 16 17 18 6 7 8 53 54 3 4 5 55 56 48 49 50 51 52 57 58 59 60 53 54 61 62 63 64 65 66 67 68 69 23 24 25 26 27 28 70 71 72 9 10 11 12 13 14 15 57 73 74 75 76 77 78 79 80 81 82 83 84 33 34 35 36 37 38 39 40 41 42 43 44 45 46 47 85 32 19 20 21 22 70 71 72 77 78 79 80 86 87 88 89 61 62 90 91 66 67 68 69 63 64 65 86 87 88 89 85 90 91 92 93 94 95 96 97 0 1 2 81 82 83 84 73 74 58 59 60 96 97 98 99 55 56 98 99 75 76 92 93 94 95 
60952
30
4 2 6 2 1 3 5 3 6 2 1 2 3 2 2 3 4 2 3 4 3 4 3 2 1 4 1 3 4 15 
53 18 9 53 37 27 12 2 7 31 16 46 16 15 13 9 33 67 6 26 7 7 6 29 6 31 10 24 43 11 
70 45 27 67 52 42 16 57 29 69 29 52 66 68 17 12 57 68 14 49 12 40 12 62 27 43 39 49 50 35 
415 934 344 896 648 624 813 465 194 260 669 626 914 833 431 710 874 152 536 812 278 393 357 379 410 875 911 782 590 811 
7 7 7 18 18 18 22 22 22 24 8 8 8 8 8 8 20 20 20 21 21 21 21 2 2 2 2 2 2 15 15 15 26 29 29 29 29 29 29 29 29 29 29 29 29 29 29 29 6 6 6 6 6 15 15 15 20 20 20 22 22 22 14 14 18 18 18 13 13 6 6 6 6 6 10 12 12 12 14 14 1 1 27 27 27 19 19 19 19 2 2 2 2 2 2 5 5 5 24 8 8 8 8 8 8 10 23 23 9 9 25 25 25 25 16 16 16 16 29 29 29 29 29 29 29 29 29 29 29 29 29 29 29 4 26 21 21 21 21 5 5 5 25 25 25 25 28 28 28 28 1 1 11 11 19 19 19 19 27 27 27 28 28 28 28 4 11 11 0 0 0 0 3 3 7 7 7 16 16 16 16 23 23 12 12 12 3 3 17 17 13 13 17 17 9 9 0 0 0 0 