881
100
2
3 3 4 6 6 6 6 6 6 9 9 10 10 10 10 12 12 13 13 13 13 13 13 15 15 15 15 15 15 16 16 16 16 17 17 17 17 17 17 18 18 20 20 20 20 20 20 21 21 21 21 21 21 21 21 21 21 21 25 25 25 25 25 25 26 26 26 26 26 26 26 26 26 26 26 26 26 26 26 26 27 27 27 27 27 27 29 29 29 29 30 30 30 35 35 35 35 35 35 35 38 38 38 38 38 38 38 38 38 40 40 41 41 41 41 41 41 41 41 41 41 41 41 41 41 41 41 41 41 42 42 42 42 42 42 42 43 43 48 48 50 50 50 50 50 50 51 51 51 51 51 51 51 52 52 52 52 54 54 55 55 59 59 59 59 59 59 60 60 60 60 61 61 61 62 62 63 63 64 64 64 64 64 64 64 66 66 66 66 66 66 66 66 66 69 69 69 69 70 70 
129 130 90 194 195 196 197 148 149 159 160 29 30 31 32 136 137 23 24 25 26 27 28 17 18 19 20 21 22 11 12 13 14 58 59 60 61 62 63 111 112 100 101 102 103 104 105 140 141 142 143 144 145 189 190 191 192 193 33 34 35 36 37 38 113 114 115 116 117 118 119 120 121 122 123 124 125 126 127 128 161 162 163 164 165 166 93 94 95 96 2 146 147 86 87 88 89 106 107 108 41 42 43 44 45 46 97 98 99 176 177 39 40 64 65 66 67 68 69 70 71 72 73 74 75 76 77 78 79 0 1 155 156 150 151 152 15 16 167 168 47 48 49 50 51 52 91 92 7 8 133 134 135 154 153 131 132 169 170 9 10 80 81 82 83 84 85 138 139 157 158 182 183 184 198 199 109 110 185 186 187 188 171 172 173 178 179 180 181 53 54 55 56 57 3 4 5 6 174 175 
430 430 587 999 999 999 999 648 648 301 301 499 499 499 499 892 892 228 228 228 228 228 228 228 228 228 228 228 228 499 499 499 499 370 370 370 370 370 370 974 974 960 960 960 960 960 960 840 840 840 840 840 840 617 617 617 617 617 370 370 370 370 370 370 796 796 796 796 796 796 796 796 796 796 796 796 796 796 796 796 368 368 368 368 368 368 336 336 336 336 587 584 584 336 336 336 336 847 847 847 960 960 960 960 960 960 847 847 847 458 458 974 974 796 796 796 796 796 796 796 796 796 796 796 796 796 796 796 796 430 430 933 933 936 936 936 892 892 728 728 840 840 840 840 840 840 584 584 648 648 936 936 936 298 298 933 933 368 368 301 301 368 368 368 368 368 368 728 728 368 368 207 207 207 309 309 458 458 565 565 565 565 207 207 207 565 565 565 565 617 617 617 617 617 999 999 999 999 309 309 
0 1 2 3 4 5 6 7 8 9 10 11 12 13 14 15 16 17 18 19 20 21 22 17 18 19 20 21 22 11 12 13 14 23 24 25 26 27 28 29 30 31 32 33 34 35 36 37 38 39 40 41 42 43 44 45 46 47 23 24 25 26 27 28 48 49 50 51 52 53 54 55 56 57 58 59 60 61 62 63 64 65 66 67 68 69 70 71 72 73 2 74 75 70 71 72 73 76 77 78 31 32 33 34 35 36 76 77 78 79 80 29 30 48 49 50 51 52 53 54 55 56 57 58 59 60 61 62 63 0 1 81 82 83 84 85 15 16 86 87 37 38 39 40 41 42 74 75 7 8 83 84 85 88 88 81 82 89 90 9 10 64 65 66 67 68 69 86 87 89 90 91 92 93 94 95 79 80 96 97 98 99 91 92 93 96 97 98 99 43 44 45 46 47 3 4 5 6 94 95 
62118
27
2 6 1 4 6 6 2 2 4 2 1 2 6 2 4 2 2 2 6 4 2 3 3 2 3 5 16 
62 20 52 6 21 13 9 3 10 48 4 30 17 18 64 42 12 40 27 29 6 42 61 54 35 21 26 
70 38 52 69 50 15 55 42 16 60 30 51 25 41 66 52 43 63 59 35 51 51 64 60 38 66 41 
309 960 298 999 840 228 301 430 499 728 587 584 370 974 565 933 892 458 368 336 648 936 207 368 847 617 796 
7 7 10 3 3 3 3 20 20 6 6 8 8 8 8 16 16 5 5 5 5 5 5 5 5 5 5 5 5 8 8 8 8 12 12 12 12 12 12 13 13 1 1 1 1 1 1 4 4 4 4 4 4 25 25 25 25 25 12 12 12 12 12 12 26 26 26 26 26 26 26 26 26 26 26 26 26 26 26 26 18 18 18 18 18 18 19 19 19 19 10 11 11 19 19 19 19 24 24 24 1 1 1 1 1 1 24 24 24 17 17 13 13 26 26 26 26 26 26 26 26 26 26 26 26 26 26 26 26 7 7 15 15 21 21 21 16 16 9 9 4 4 4 4 4 4 11 11 20 20 21 21 21 2 2 15 15 23 23 6 6 18 18 18 18 18 18 9 9 23 23 22 22 22 0 0 17 17 14 14 14 14 22 22 22 14 14 14 14 25 25 25 25 25 3 3 3 3 0 0 