969
100
2
1 1 1 1 1 1 1 1 1 1 1 1 7 7 7 12 12 12 12 12 12 12 12 14 14 14 14 14 14 14 14 15 15 15 15 15 15 25 25 25 25 27 27 27 27 27 27 31 31 31 31 31 31 31 31 32 32 32 32 32 32 32 32 32 36 36 36 36 36 36 36 36 37 37 37 37 37 37 37 37 37 37 37 37 37 37 38 38 38 40 40 40 40 40 40 40 40 40 40 40 40 43 43 43 43 43 44 44 44 44 47 47 47 47 47 47 47 47 47 47 47 47 51 51 52 52 53 53 53 53 53 53 53 53 53 53 53 53 53 53 54 54 54 54 54 59 59 63 63 63 63 63 63 64 64 64 64 65 65 65 65 65 65 66 66 66 66 66 66 66 66 66 66 66 68 68 68 68 68 68 69 69 69 69 69 69 69 70 70 70 70 70 70 70 70 70 70 70 70 70 
64 65 66 67 68 69 70 71 180 181 182 183 140 141 142 166 167 168 169 170 171 172 173 112 113 114 115 116 117 118 119 194 195 196 197 198 199 153 154 155 156 147 148 149 150 151 152 101 102 103 104 105 55 56 57 52 53 54 106 107 108 109 145 146 0 1 2 3 4 5 6 7 126 127 128 129 130 131 132 133 134 135 136 137 138 139 163 164 165 120 121 187 188 189 190 191 192 193 184 185 186 47 48 49 50 51 58 59 60 61 124 125 23 24 25 26 27 28 29 30 89 90 143 144 110 111 72 73 74 75 76 77 78 79 80 81 82 83 84 85 12 13 14 122 123 62 63 41 42 43 44 45 46 37 38 39 40 174 175 176 177 178 179 86 87 88 15 16 17 18 19 20 21 22 157 158 159 160 161 162 8 9 10 11 98 99 100 91 92 93 94 95 96 97 31 32 33 34 35 36 
973 973 973 973 973 973 973 973 449 449 449 449 462 462 462 447 447 447 447 447 447 447 447 406 406 406 406 406 406 406 406 656 656 656 656 656 656 171 171 171 171 922 922 922 922 922 922 666 666 666 666 666 785 785 785 785 785 785 636 636 636 636 440 440 973 973 973 973 973 973 973 973 614 614 614 614 614 614 614 614 614 614 614 614 614 614 175 175 175 430 430 420 420 420 420 420 420 420 235 235 235 666 666 666 666 666 636 636 636 636 649 649 406 406 406 406 406 406 406 406 430 430 591 591 649 649 614 614 614 614 614 614 614 614 614 614 614 614 614 614 462 462 462 591 591 440 440 922 922 922 922 922 922 171 171 171 171 582 582 582 582 582 582 175 175 175 447 447 447 447 447 447 447 447 582 582 582 582 582 582 449 449 449 449 235 235 235 420 420 420 420 420 420 420 656 656 656 656 656 656 
0 1 2 3 4 5 6 7 8 9 10 11 12 13 14 15 16 17 18 19 20 21 22 23 24 25 26 27 28 29 30 31 32 33 34 35 36 37 38 39 40 41 42 43 44 45 46 47 48 49 50 51 52 53 54 52 53 54 55 56 57 58 59 60 0 1 2 3 4 5 6 7 61 62 63 64 65 66 67 68 69 70 71 72 73 74 75 76 77 78 79 80 81 82 83 84 85 86 87 88 89 47 48 49 50 51 55 56 57 58 90 91 23 24 25 26 27 28 29 30 78 79 92 93 90 91 61 62 63 64 65 66 67 68 69 70 71 72 73 74 12 13 14 92 93 59 60 41 42 43 44 45 46 37 38 39 40 94 95 96 97 98 99 75 76 77 15 16 17 18 19 20 21 22 94 95 96 97 98 99 8 9 10 11 87 88 89 80 81 82 83 84 85 86 31 32 33 34 35 36 
56649
20
2 8 6 3 5 3 4 6 2 8 2 7 4 8 3 4 6 3 2 14 
47 14 27 38 31 7 25 65 51 1 40 40 1 12 31 32 15 40 32 37 
52 47 63 66 43 54 64 68 54 36 47 70 69 66 32 44 70 69 59 53 
649 406 922 175 666 462 171 582 591 973 430 420 449 447 785 636 656 235 440 614 
9 9 9 9 9 9 9 9 12 12 12 12 5 5 5 13 13 13 13 13 13 13 13 1 1 1 1 1 1 1 1 16 16 16 16 16 16 6 6 6 6 2 2 2 2 2 2 4 4 4 4 4 14 14 14 14 14 14 15 15 15 15 18 18 9 9 9 9 9 9 9 9 19 19 19 19 19 19 19 19 19 19 19 19 19 19 3 3 3 10 10 11 11 11 11 11 11 11 17 17 17 4 4 4 4 4 15 15 15 15 0 0 1 1 1 1 1 1 1 1 10 10 8 8 0 0 19 19 19 19 19 19 19 19 19 19 19 19 19 19 5 5 5 8 8 18 18 2 2 2 2 2 2 6 6 6 6 7 7 7 7 7 7 3 3 3 13 13 13 13 13 13 13 13 7 7 7 7 7 7 12 12 12 12 17 17 17 11 11 11 11 11 11 11 16 16 16 16 16 16 