320
100
2
1 1 1 1 1 1 1 1 1 1 1 1 1 2 2 2 2 2 2 2 2 2 2 2 2 2 3 3 3 3 3 3 3 5 5 5 5 5 5 5 5 5 5 5 5 5 5 5 10 10 10 10 10 10 10 10 10 10 10 11 11 13 13 13 13 13 13 13 13 13 13 13 13 13 13 13 14 14 14 14 14 14 14 14 15 15 15 15 15 15 16 16 16 16 17 19 19 20 20 20 23 23 30 30 30 30 30 30 30 30 31 31 32 32 32 32 32 32 32 32 32 32 32 36 36 36 43 43 43 44 44 44 44 44 44 46 46 46 46 46 46 47 47 47 47 47 47 47 47 47 49 49 49 49 49 49 50 50 52 52 52 52 52 52 52 52 52 52 52 54 54 54 54 54 56 56 57 57 57 57 57 58 58 63 63 63 63 63 63 63 63 63 63 63 63 63 63 63 66 66 
90 91 92 93 129 130 131 132 133 134 123 124 125 26 27 28 29 30 51 52 53 54 55 56 57 58 13 14 15 16 17 181 182 59 60 63 64 65 66 67 68 69 70 71 72 73 74 75 100 101 94 18 19 20 21 22 23 24 25 33 34 156 157 35 36 37 38 39 40 41 42 43 44 45 46 47 183 184 185 186 187 188 189 190 135 136 137 138 139 140 0 1 2 3 50 110 111 126 127 128 48 49 158 159 160 161 162 163 148 149 95 96 169 170 171 172 173 150 151 152 153 154 155 10 11 12 97 98 99 4 5 6 7 8 9 84 85 86 87 88 89 191 192 193 194 195 196 197 108 109 117 118 119 120 121 122 61 62 102 103 104 105 106 107 176 177 178 179 180 112 113 114 115 116 198 199 164 165 166 167 168 31 32 76 77 78 79 80 81 82 83 141 142 143 144 145 146 147 174 175 
791 791 791 791 638 638 638 638 638 638 686 686 686 823 823 823 823 823 887 887 887 887 887 887 887 887 823 823 823 823 823 827 827 366 366 635 635 635 635 635 635 635 635 635 635 635 635 635 193 193 674 887 887 887 887 887 887 887 887 366 366 503 503 635 635 635 635 635 635 635 635 635 635 635 635 635 543 543 543 543 543 543 543 543 619 619 619 619 619 619 791 791 791 791 674 633 633 231 231 231 193 193 272 272 272 272 272 272 624 624 633 633 911 911 911 911 911 170 170 170 170 170 170 686 686 686 231 231 231 638 638 638 638 638 638 619 619 619 619 619 619 886 886 886 886 886 886 886 624 624 170 170 170 170 170 170 503 503 272 272 272 272 272 272 824 824 824 824 824 911 911 911 911 911 488 488 824 824 824 824 824 827 827 543 543 543 543 543 543 543 543 886 886 886 886 886 886 886 488 488 
0 1 2 3 4 5 6 7 8 9 10 11 12 13 14 15 16 17 18 19 20 21 22 23 24 25 13 14 15 16 17 26 27 28 29 30 31 32 33 34 35 36 37 38 39 40 41 42 43 44 45 18 19 20 21 22 23 24 25 28 29 46 47 30 31 32 33 34 35 36 37 38 39 40 41 42 48 49 50 51 52 53 54 55 56 57 58 59 60 61 0 1 2 3 45 62 63 64 65 66 43 44 67 68 69 70 71 72 73 74 62 63 75 76 77 78 79 80 81 82 83 84 85 10 11 12 64 65 66 4 5 6 7 8 9 56 57 58 59 60 61 86 87 88 89 90 91 92 73 74 80 81 82 83 84 85 46 47 67 68 69 70 71 72 93 94 95 96 97 75 76 77 78 79 98 99 93 94 95 96 97 26 27 48 49 50 51 52 53 54 55 86 87 88 89 90 91 92 98 99 
62738
22
2 2 1 8 6 5 4 5 7 6 3 2 5 3 6 2 6 8 2 2 2 13 
56 10 10 14 30 32 1 2 47 1 1 30 52 20 15 13 32 2 19 5 3 5 
66 23 17 63 52 54 16 3 63 44 36 47 57 43 46 50 49 10 31 11 58 13 
488 193 674 543 272 911 791 823 886 638 686 624 824 231 619 503 170 887 633 366 827 635 
6 6 6 6 9 9 9 9 9 9 10 10 10 7 7 7 7 7 17 17 17 17 17 17 17 17 7 7 7 7 7 20 20 19 19 21 21 21 21 21 21 21 21 21 21 21 21 21 1 1 2 17 17 17 17 17 17 17 17 19 19 15 15 21 21 21 21 21 21 21 21 21 21 21 21 21 3 3 3 3 3 3 3 3 14 14 14 14 14 14 6 6 6 6 2 18 18 13 13 13 1 1 4 4 4 4 4 4 11 11 18 18 5 5 5 5 5 16 16 16 16 16 16 10 10 10 13 13 13 9 9 9 9 9 9 14 14 14 14 14 14 8 8 8 8 8 8 8 11 11 16 16 16 16 16 16 15 15 4 4 4 4 4 4 12 12 12 12 12 5 5 5 5 5 0 0 12 12 12 12 12 20 20 3 3 3 3 3 3 3 3 8 8 8 8 8 8 8 0 0 