563
100
2
1 1 1 1 1 1 1 5 8 8 8 8 8 8 8 8 8 8 8 9 9 9 9 9 9 10 10 10 13 13 13 13 13 13 13 13 13 13 13 13 15 15 15 15 15 15 17 21 21 21 21 21 21 22 22 22 22 23 26 26 26 26 26 26 26 26 26 26 27 27 27 27 27 29 29 29 29 29 29 29 29 29 29 30 30 30 30 32 32 32 32 32 32 32 32 33 33 33 33 36 36 36 36 38 38 38 38 38 38 38 38 42 42 42 43 43 43 43 43 43 43 43 43 43 43 43 43 43 43 43 44 44 44 44 44 44 47 47 47 47 47 47 52 52 52 52 52 52 54 54 54 54 54 54 54 61 61 61 61 62 62 62 62 62 62 62 62 62 62 62 65 68 68 68 68 68 68 68 68 68 68 68 68 68 68 68 68 68 68 68 68 68 68 68 70 70 70 70 70 70 
148 149 150 151 152 153 154 170 103 104 105 106 107 108 109 110 25 26 27 142 143 144 145 146 147 16 17 18 63 64 65 66 67 171 172 173 174 175 176 177 130 131 132 133 134 135 57 73 74 75 76 77 78 79 80 81 82 46 68 69 70 71 72 28 29 30 31 32 58 59 60 61 62 47 48 49 50 51 52 53 54 55 56 99 100 101 102 162 163 164 165 166 167 168 169 155 156 157 158 83 84 85 86 8 9 10 11 12 13 14 15 159 160 161 178 179 180 181 182 183 184 185 186 187 188 189 190 191 192 193 40 41 42 43 44 45 194 195 196 197 198 199 19 20 21 22 23 24 0 1 2 3 4 5 6 95 96 97 98 111 112 113 87 88 89 90 91 92 93 94 7 33 34 35 36 37 38 39 114 115 116 117 118 119 120 121 122 123 124 125 126 127 128 129 136 137 138 139 140 141 
669 669 669 669 669 669 669 609 885 885 885 885 885 885 885 885 642 642 642 479 479 479 479 479 479 642 642 642 536 536 536 536 536 649 649 649 649 649 649 649 300 300 300 300 300 300 692 792 792 792 792 792 792 212 212 212 212 692 602 602 602 602 602 536 536 536 536 536 602 602 602 602 602 792 792 792 792 792 792 212 212 212 212 197 197 197 197 281 281 281 281 281 281 281 281 681 681 681 681 197 197 197 197 885 885 885 885 885 885 885 885 810 810 810 792 792 792 792 792 792 792 792 792 792 792 792 792 792 792 792 300 300 300 300 300 300 847 847 847 847 847 847 479 479 479 479 479 479 669 669 669 669 669 669 669 681 681 681 681 810 810 810 281 281 281 281 281 281 281 281 609 649 649 649 649 649 649 649 792 792 792 792 792 792 792 792 792 792 792 792 792 792 792 792 847 847 847 847 847 847 
0 1 2 3 4 5 6 7 8 9 10 11 12 13 14 15 16 17 18 19 20 21 22 23 24 16 17 18 25 26 27 28 29 30 31 32 33 34 35 36 37 38 39 40 41 42 43 44 45 46 47 48 49 50 51 52 53 43 54 55 56 57 58 25 26 27 28 29 54 55 56 57 58 44 45 46 47 48 49 50 51 52 53 59 60 61 62 63 64 65 66 67 68 69 70 71 72 73 74 59 60 61 62 8 9 10 11 12 13 14 15 75 76 77 78 79 80 81 82 83 84 85 86 87 88 89 90 91 92 93 37 38 39 40 41 42 94 95 96 97 98 99 19 20 21 22 23 24 0 1 2 3 4 5 6 71 72 73 74 75 76 77 63 64 65 66 67 68 69 70 7 30 31 32 33 34 35 36 78 79 80 81 82 83 84 85 86 87 88 89 90 91 92 93 94 95 96 97 98 99 
61441
18
8 6 5 5 7 7 6 1 3 6 6 4 3 8 4 1 4 16 
8 47 26 13 1 13 21 17 42 15 9 30 8 32 33 5 22 43 
38 70 27 26 54 68 29 23 62 44 52 36 10 62 61 65 29 68 
885 847 602 536 669 649 792 692 810 300 479 197 642 281 681 609 212 792 
4 4 4 4 4 4 4 15 0 0 0 0 0 0 0 0 12 12 12 10 10 10 10 10 10 12 12 12 3 3 3 3 3 5 5 5 5 5 5 5 9 9 9 9 9 9 7 6 6 6 6 6 6 16 16 16 16 7 2 2 2 2 2 3 3 3 3 3 2 2 2 2 2 6 6 6 6 6 6 16 16 16 16 11 11 11 11 13 13 13 13 13 13 13 13 14 14 14 14 11 11 11 11 0 0 0 0 0 0 0 0 8 8 8 17 17 17 17 17 17 17 17 17 17 17 17 17 17 17 17 9 9 9 9 9 9 1 1 1 1 1 1 10 10 10 10 10 10 4 4 4 4 4 4 4 14 14 14 14 8 8 8 13 13 13 13 13 13 13 13 15 5 5 5 5 5 5 5 17 17 17 17 17 17 17 17 17 17 17 17 17 17 17 17 1 1 1 1 1 1 