621
100
2
1 1 1 1 1 1 1 8 8 8 13 13 13 13 13 13 13 13 13 14 14 14 14 14 14 14 15 15 15 15 15 15 19 19 19 20 20 20 20 20 20 20 20 21 21 21 21 23 23 23 23 23 23 23 23 23 23 23 23 23 23 23 23 23 23 23 23 23 27 27 27 27 28 28 28 30 30 30 30 30 32 32 32 32 32 32 32 34 34 34 34 34 34 37 37 37 37 37 39 39 39 39 39 39 39 39 39 39 39 39 39 40 40 48 48 48 48 48 48 48 48 48 48 48 48 48 48 48 48 48 48 48 48 48 48 48 48 48 48 53 53 53 53 53 53 53 53 53 53 54 54 54 58 58 58 58 58 58 58 58 58 58 58 58 59 59 59 59 59 59 59 59 59 60 60 60 60 60 60 60 60 60 60 60 60 60 60 60 60 60 63 63 63 63 64 64 64 64 64 64 
164 165 166 167 168 169 170 173 174 175 152 153 154 155 156 157 158 159 160 98 99 100 101 102 103 104 113 114 190 191 192 193 161 162 163 139 140 141 176 177 178 179 180 68 69 70 71 194 195 196 197 198 199 124 125 126 127 128 129 130 131 132 133 134 135 136 137 138 43 44 45 46 149 150 151 93 94 95 96 97 142 143 144 145 146 147 148 105 106 107 108 109 110 75 76 77 78 79 19 20 21 22 23 24 25 87 88 89 90 91 92 171 172 26 27 181 182 183 184 185 186 187 188 189 53 54 55 56 57 58 59 60 61 62 63 64 65 66 67 35 36 37 80 81 82 83 84 85 86 72 73 74 10 11 12 13 14 15 16 17 18 32 33 34 0 1 2 3 4 5 6 111 112 7 8 9 38 39 40 41 42 115 116 117 118 119 120 121 122 123 28 29 30 31 47 48 49 50 51 52 
797 797 797 797 797 797 797 492 492 492 848 848 848 848 848 848 848 848 848 539 539 539 539 539 539 539 813 813 483 483 483 483 303 303 303 472 472 472 686 686 686 686 686 615 615 615 615 193 193 193 193 193 193 544 544 544 544 544 544 544 544 544 544 544 544 544 544 544 615 615 615 615 957 957 957 923 923 923 923 923 962 962 962 962 962 962 962 508 508 508 508 508 508 923 923 923 923 923 539 539 539 539 539 539 539 508 508 508 508 508 508 175 175 813 813 430 430 430 430 430 430 430 430 430 544 544 544 544 544 544 544 544 544 544 544 544 544 544 544 472 472 472 962 962 962 962 962 962 962 957 957 957 848 848 848 848 848 848 848 848 848 303 303 303 797 797 797 797 797 797 797 175 175 492 492 492 686 686 686 686 686 430 430 430 430 430 430 430 430 430 483 483 483 483 193 193 193 193 193 193 
0 1 2 3 4 5 6 7 8 9 10 11 12 13 14 15 16 17 18 19 20 21 22 23 24 25 26 27 28 29 30 31 32 33 34 35 36 37 38 39 40 41 42 43 44 45 46 47 48 49 50 51 52 53 54 55 56 57 58 59 60 61 62 63 64 65 66 67 43 44 45 46 68 69 70 71 72 73 74 75 76 77 78 79 80 81 82 83 84 85 86 87 88 71 72 73 74 75 19 20 21 22 23 24 25 83 84 85 86 87 88 89 90 26 27 91 92 93 94 95 96 97 98 99 53 54 55 56 57 58 59 60 61 62 63 64 65 66 67 35 36 37 76 77 78 79 80 81 82 68 69 70 10 11 12 13 14 15 16 17 18 32 33 34 0 1 2 3 4 5 6 89 90 7 8 9 38 39 40 41 42 91 92 93 94 95 96 97 98 99 28 29 30 31 47 48 49 50 51 52 
61039
18
9 3 2 7 7 3 5 3 4 4 7 6 6 3 2 5 9 15 
13 28 15 14 1 19 30 20 15 21 32 23 34 8 40 20 48 23 
58 54 48 39 59 58 37 53 63 27 53 64 39 60 59 60 60 48 
848 957 813 539 797 303 923 472 483 615 962 193 508 492 175 686 430 544 
4 4 4 4 4 4 4 13 13 13 0 0 0 0 0 0 0 0 0 3 3 3 3 3 3 3 2 2 8 8 8 8 5 5 5 7 7 7 15 15 15 15 15 9 9 9 9 11 11 11 11 11 11 17 17 17 17 17 17 17 17 17 17 17 17 17 17 17 9 9 9 9 1 1 1 6 6 6 6 6 10 10 10 10 10 10 10 12 12 12 12 12 12 6 6 6 6 6 3 3 3 3 3 3 3 12 12 12 12 12 12 14 14 2 2 16 16 16 16 16 16 16 16 16 17 17 17 17 17 17 17 17 17 17 17 17 17 17 17 7 7 7 10 10 10 10 10 10 10 1 1 1 0 0 0 0 0 0 0 0 0 5 5 5 4 4 4 4 4 4 4 14 14 13 13 13 15 15 15 15 15 16 16 16 16 16 16 16 16 16 8 8 8 8 11 11 11 11 11 11 