615
100
2
1 3 3 4 4 4 4 4 4 4 6 6 6 6 6 8 8 8 8 8 12 12 12 12 12 13 13 13 13 16 16 16 16 16 16 16 16 16 16 16 16 16 16 16 16 16 16 16 16 16 17 17 17 17 17 18 18 18 18 18 18 18 18 18 18 18 18 18 19 25 25 25 25 25 25 25 25 25 25 25 28 28 28 28 28 28 28 28 28 29 29 29 29 31 31 31 31 31 31 31 35 35 35 35 35 35 35 35 35 35 38 38 39 39 39 39 40 40 40 40 40 40 40 40 40 40 40 40 41 41 41 41 41 43 43 43 43 43 43 44 44 44 44 44 44 44 44 44 44 44 44 44 44 44 44 48 48 48 48 48 48 48 49 49 49 49 49 49 49 49 49 49 50 50 50 50 50 50 50 51 51 57 57 57 57 57 66 66 66 66 66 66 66 70 70 70 70 70 70 70 
2 68 0 80 81 181 182 183 184 185 75 76 77 78 79 100 101 102 103 104 29 30 31 32 33 112 113 114 115 20 21 22 23 24 139 140 141 142 143 144 145 146 147 148 149 150 151 152 153 154 128 129 130 131 132 186 187 188 189 190 191 192 133 134 135 136 137 138 1 162 163 164 165 166 167 10 11 12 13 14 3 4 155 156 157 158 159 160 161 168 169 170 171 116 117 118 119 120 121 122 15 16 17 18 19 123 124 125 126 127 179 180 25 26 27 28 93 94 95 96 97 98 99 105 106 107 108 109 50 51 52 53 54 62 63 64 65 66 67 34 35 36 37 38 39 40 41 42 43 44 45 46 47 48 49 82 83 84 85 86 87 88 69 70 71 72 73 74 89 90 91 92 193 194 195 196 197 198 199 110 111 5 6 7 8 9 55 56 57 58 59 60 61 172 173 174 175 176 177 178 
953 802 953 197 197 291 291 291 291 291 229 229 229 229 229 726 726 726 726 726 601 601 601 601 601 758 758 758 758 601 601 601 601 601 497 497 497 497 497 497 497 497 497 497 497 497 497 497 497 497 352 352 352 352 352 925 925 925 925 925 925 925 999 999 999 999 999 999 802 699 699 699 699 699 699 229 229 229 229 229 197 197 815 815 815 815 815 815 815 915 915 915 915 881 881 881 881 881 881 881 726 726 726 726 726 523 523 523 523 523 904 904 758 758 758 758 881 881 881 881 881 881 881 523 523 523 523 523 352 352 352 352 352 999 999 999 999 999 999 497 497 497 497 497 497 497 497 497 497 497 497 497 497 497 497 815 815 815 815 815 815 815 699 699 699 699 699 699 915 915 915 915 732 732 732 732 732 732 732 904 904 291 291 291 291 291 925 925 925 925 925 925 925 732 732 732 732 732 732 732 
0 1 0 2 3 4 5 6 7 8 9 10 11 12 13 14 15 16 17 18 19 20 21 22 23 24 25 26 27 19 20 21 22 23 28 29 30 31 32 33 34 35 36 37 38 39 40 41 42 43 44 45 46 47 48 49 50 51 52 53 54 55 56 57 58 59 60 61 1 62 63 64 65 66 67 9 10 11 12 13 2 3 68 69 70 71 72 73 74 75 76 77 78 79 80 81 82 83 84 85 14 15 16 17 18 86 87 88 89 90 91 92 24 25 26 27 79 80 81 82 83 84 85 86 87 88 89 90 44 45 46 47 48 56 57 58 59 60 61 28 29 30 31 32 33 34 35 36 37 38 39 40 41 42 43 68 69 70 71 72 73 74 62 63 64 65 66 67 75 76 77 78 93 94 95 96 97 98 99 91 92 4 5 6 7 8 49 50 51 52 53 54 55 93 94 95 96 97 98 99 
65870
19
7 7 6 7 1 5 1 2 5 4 6 5 5 2 7 5 5 4 16 
31 18 25 50 3 6 1 38 8 13 18 12 17 4 28 35 4 29 16 
40 66 49 70 19 25 3 51 35 39 43 16 41 28 48 40 57 49 44 
881 925 699 732 802 229 953 904 726 758 999 601 352 197 815 523 291 915 497 
6 4 6 13 13 16 16 16 16 16 5 5 5 5 5 8 8 8 8 8 11 11 11 11 11 9 9 9 9 11 11 11 11 11 18 18 18 18 18 18 18 18 18 18 18 18 18 18 18 18 12 12 12 12 12 1 1 1 1 1 1 1 10 10 10 10 10 10 4 2 2 2 2 2 2 5 5 5 5 5 13 13 14 14 14 14 14 14 14 17 17 17 17 0 0 0 0 0 0 0 8 8 8 8 8 15 15 15 15 15 7 7 9 9 9 9 0 0 0 0 0 0 0 15 15 15 15 15 12 12 12 12 12 10 10 10 10 10 10 18 18 18 18 18 18 18 18 18 18 18 18 18 18 18 18 14 14 14 14 14 14 14 2 2 2 2 2 2 17 17 17 17 3 3 3 3 3 3 3 7 7 16 16 16 16 16 1 1 1 1 1 1 1 3 3 3 3 3 3 3 