745
100
2
1 1 1 1 1 7 7 7 7 7 7 9 9 10 10 10 10 10 13 13 13 13 13 13 13 13 13 13 13 15 15 15 18 18 18 18 18 21 21 21 21 21 21 21 21 21 21 21 22 22 22 22 22 22 22 22 22 22 28 28 28 31 31 31 31 31 32 32 33 33 33 33 33 33 33 35 35 35 36 36 36 36 36 36 36 36 37 37 37 37 37 37 38 38 38 38 38 38 38 38 38 38 38 38 38 38 38 38 38 38 38 38 38 38 39 39 39 39 39 39 39 39 41 41 41 41 41 41 41 41 41 41 41 41 41 41 41 42 42 42 42 42 42 42 42 42 42 42 42 42 42 43 43 43 47 47 47 47 47 47 47 47 47 47 61 61 61 61 61 61 61 61 62 62 63 63 65 65 65 65 67 67 68 68 68 68 68 70 70 70 70 70 70 70 70 70 70 70 70 70 
53 54 55 56 57 42 43 44 45 46 47 84 85 94 95 96 97 98 37 38 39 40 41 116 117 118 119 120 121 151 152 153 187 188 189 190 60 18 19 20 21 22 5 6 7 8 9 10 159 160 161 162 163 0 1 2 3 4 114 115 36 154 155 156 157 158 90 91 191 192 193 194 195 196 197 86 92 93 142 143 144 145 146 147 11 12 75 148 149 150 66 67 76 77 13 14 15 16 17 122 123 124 125 126 127 128 129 130 131 132 133 134 135 136 58 59 23 24 25 26 27 28 99 100 101 102 103 104 105 106 107 108 109 110 111 112 113 182 183 184 185 186 78 79 80 81 82 83 87 88 89 29 30 31 61 62 63 64 65 48 49 50 51 52 165 164 167 166 169 168 171 170 180 181 176 177 174 175 198 199 172 173 137 138 139 140 141 32 33 34 35 68 69 70 71 72 73 74 178 179 
901 901 901 901 901 707 707 707 707 707 707 549 549 164 164 164 164 164 731 731 731 731 731 865 865 865 865 865 865 976 976 976 268 268 268 268 706 731 731 731 731 731 707 707 707 707 707 707 892 892 892 892 892 901 901 901 901 901 176 176 706 715 715 715 715 715 650 650 340 340 340 340 340 340 340 994 837 837 331 331 331 331 331 331 549 549 994 395 395 395 650 650 837 837 164 164 164 164 164 344 344 344 344 344 344 344 344 344 344 344 344 344 344 344 176 176 865 865 865 865 865 865 344 344 344 344 344 344 344 344 344 344 344 344 344 344 344 676 676 676 676 676 331 331 331 331 331 331 395 395 395 976 976 976 715 715 715 715 715 892 892 892 892 892 206 206 206 206 206 206 206 206 193 193 828 828 828 828 174 174 193 193 676 676 676 676 676 268 268 268 268 340 340 340 340 340 340 340 174 174 
0 1 2 3 4 5 6 7 8 9 10 11 12 13 14 15 16 17 18 19 20 21 22 23 24 25 26 27 28 29 30 31 32 33 34 35 36 18 19 20 21 22 5 6 7 8 9 10 37 38 39 40 41 0 1 2 3 4 42 43 36 44 45 46 47 48 49 50 51 52 53 54 55 56 57 58 59 60 61 62 63 64 65 66 11 12 58 67 68 69 49 50 59 60 13 14 15 16 17 70 71 72 73 74 75 76 77 78 79 80 81 82 83 84 42 43 23 24 25 26 27 28 70 71 72 73 74 75 76 77 78 79 80 81 82 83 84 85 86 87 88 89 61 62 63 64 65 66 67 68 69 29 30 31 44 45 46 47 48 37 38 39 40 41 90 90 91 91 92 92 93 93 94 95 96 97 96 97 98 99 94 95 85 86 87 88 89 32 33 34 35 51 52 53 54 55 56 57 98 99 
53876
24
4 5 2 5 4 1 3 5 2 6 6 3 2 2 5 7 5 5 2 2 6 1 2 15 
18 31 63 13 61 35 15 42 62 7 36 37 35 28 22 33 10 1 9 65 13 18 32 38 
70 47 65 21 61 37 43 68 67 21 42 42 38 39 47 70 38 22 36 70 39 28 37 41 
268 715 828 731 206 994 976 676 193 707 331 395 837 176 892 340 164 901 549 174 865 706 650 344 
17 17 17 17 17 9 9 9 9 9 9 18 18 16 16 16 16 16 3 3 3 3 3 20 20 20 20 20 20 6 6 6 0 0 0 0 21 3 3 3 3 3 9 9 9 9 9 9 14 14 14 14 14 17 17 17 17 17 13 13 21 1 1 1 1 1 22 22 15 15 15 15 15 15 15 5 12 12 10 10 10 10 10 10 18 18 5 11 11 11 22 22 12 12 16 16 16 16 16 23 23 23 23 23 23 23 23 23 23 23 23 23 23 23 13 13 20 20 20 20 20 20 23 23 23 23 23 23 23 23 23 23 23 23 23 23 23 7 7 7 7 7 10 10 10 10 10 10 11 11 11 6 6 6 1 1 1 1 1 14 14 14 14 14 4 4 4 4 4 4 4 4 8 8 2 2 2 2 19 19 8 8 7 7 7 7 7 0 0 0 0 15 15 15 15 15 15 15 19 19 