649
100
2
4 4 4 4 4 4 4 4 5 5 5 5 5 5 6 6 6 6 6 10 10 10 10 12 12 12 12 12 13 13 13 13 13 13 13 13 13 14 14 14 14 14 15 15 15 15 15 15 15 15 15 15 15 15 15 16 16 16 16 16 16 16 16 16 18 18 18 18 23 23 23 23 25 25 25 25 27 27 27 27 27 29 29 30 30 30 30 30 30 30 30 30 30 30 31 31 31 33 33 33 33 33 36 36 36 36 37 37 37 37 37 38 38 40 40 40 40 40 40 41 41 41 41 41 42 42 42 42 42 42 42 42 42 44 44 44 44 44 44 44 44 44 44 44 44 45 45 45 45 45 46 46 46 46 46 46 46 46 46 46 46 46 46 49 49 49 53 53 53 53 53 53 56 56 56 57 57 57 57 57 57 57 62 63 63 63 63 63 63 63 64 64 64 64 64 65 65 65 66 66 
182 19 20 21 22 99 100 101 124 125 126 127 128 129 185 186 187 188 189 1 2 3 4 37 38 39 40 41 72 73 74 75 83 84 85 86 87 23 24 25 26 27 150 151 152 153 154 155 156 157 158 159 160 161 162 175 176 177 178 179 180 183 184 118 133 134 135 136 102 103 104 105 28 29 30 31 106 107 108 109 110 164 165 32 33 34 35 36 166 167 168 169 170 171 195 196 197 198 199 5 6 7 68 69 70 71 76 77 78 79 80 113 114 111 112 137 138 139 63 190 191 192 193 194 8 9 10 11 12 13 172 173 174 64 65 66 67 115 116 117 145 146 147 148 149 140 141 142 143 144 42 43 44 45 46 47 48 49 50 51 52 53 54 181 81 82 88 89 90 91 92 93 130 131 132 55 56 57 58 59 60 163 0 61 62 14 15 16 17 18 119 120 121 122 123 94 95 96 97 98 
436 652 652 652 652 844 844 844 505 505 505 505 505 505 427 427 427 427 427 652 652 652 652 184 184 184 184 184 681 681 681 681 262 262 262 262 262 184 184 184 184 184 214 214 214 214 214 214 214 214 214 214 214 214 214 667 667 667 667 667 667 368 368 498 188 188 188 188 936 936 936 936 681 681 681 681 615 615 615 615 615 464 464 262 262 262 262 262 421 421 421 421 421 421 962 962 962 467 467 844 844 844 936 936 936 936 615 615 615 615 615 418 418 418 418 860 860 860 498 443 443 443 443 443 505 505 505 505 505 505 250 250 250 188 188 188 188 860 860 860 242 242 242 242 242 242 242 242 242 242 214 214 214 214 214 214 214 214 214 214 214 214 214 324 464 464 421 421 421 421 421 421 250 250 250 667 667 667 667 667 667 324 436 368 368 427 427 427 427 427 443 443 443 443 443 962 962 962 467 467 
0 1 2 3 4 5 6 7 8 9 10 11 12 13 14 15 16 17 18 1 2 3 4 19 20 21 22 23 24 25 26 27 28 29 30 31 32 19 20 21 22 23 33 34 35 36 37 38 39 40 41 42 43 44 45 46 47 48 49 50 51 52 53 54 55 56 57 58 59 60 61 62 24 25 26 27 63 64 65 66 67 68 69 28 29 30 31 32 70 71 72 73 74 75 76 77 78 79 80 5 6 7 59 60 61 62 63 64 65 66 67 81 82 81 82 83 84 85 54 86 87 88 89 90 8 9 10 11 12 13 91 92 93 55 56 57 58 83 84 85 94 95 96 97 98 94 95 96 97 98 33 34 35 36 37 38 39 40 41 42 43 44 45 99 68 69 70 71 72 73 74 75 91 92 93 46 47 48 49 50 51 99 0 52 53 14 15 16 17 18 86 87 88 89 90 76 77 78 79 80 
46473
25
1 4 5 4 2 6 1 3 2 2 5 4 5 2 6 3 5 3 3 5 4 1 5 6 13 
4 18 12 13 38 16 49 40 16 29 6 4 41 33 5 31 13 42 4 44 23 16 27 30 15 
62 44 14 25 40 57 57 44 63 49 63 10 64 66 42 65 30 56 33 45 36 40 37 53 46 
436 188 184 681 418 667 324 860 368 464 427 652 443 467 505 962 262 250 844 242 936 498 615 421 214 
0 11 11 11 11 18 18 18 14 14 14 14 14 14 10 10 10 10 10 11 11 11 11 2 2 2 2 2 3 3 3 3 16 16 16 16 16 2 2 2 2 2 24 24 24 24 24 24 24 24 24 24 24 24 24 5 5 5 5 5 5 8 8 21 1 1 1 1 20 20 20 20 3 3 3 3 22 22 22 22 22 9 9 16 16 16 16 16 23 23 23 23 23 23 15 15 15 13 13 18 18 18 20 20 20 20 22 22 22 22 22 4 4 4 4 7 7 7 21 12 12 12 12 12 14 14 14 14 14 14 17 17 17 1 1 1 1 7 7 7 19 19 19 19 19 19 19 19 19 19 24 24 24 24 24 24 24 24 24 24 24 24 24 6 9 9 23 23 23 23 23 23 17 17 17 5 5 5 5 5 5 6 0 8 8 10 10 10 10 10 12 12 12 12 12 15 15 15 13 13 