101
100
2
11 11 11 11 11 11 11 11 11 11 12 12 12 12 12 12 12 12 12 14 14 14 14 14 15 15 15 15 15 15 15 15 15 15 15 15 15 15 15 15 16 16 16 16 16 16 16 16 16 17 17 17 17 17 19 19 19 19 19 19 19 21 21 21 21 21 21 21 22 22 22 22 22 22 22 24 24 24 24 24 24 24 26 26 26 26 26 26 26 26 26 26 26 26 26 26 26 26 29 29 29 29 29 29 29 30 30 30 30 30 30 30 30 30 33 34 34 34 34 34 34 35 35 35 35 35 35 35 35 35 35 35 35 35 35 35 35 37 37 37 37 37 37 37 37 37 37 37 37 37 37 37 37 37 37 38 38 38 38 38 38 39 45 45 45 47 47 48 48 48 48 48 50 52 52 52 52 52 52 54 54 54 54 54 54 54 55 55 55 55 55 55 57 57 61 61 64 64 64 68 
15 16 17 18 69 70 71 72 73 74 19 20 21 22 23 0 1 2 3 10 11 12 13 14 121 122 123 124 125 126 127 128 129 130 131 132 133 134 135 136 196 197 198 115 116 117 118 119 120 54 55 56 57 58 49 50 51 52 53 85 86 199 149 150 151 152 153 154 172 4 5 6 7 8 9 179 180 181 182 183 184 185 162 163 164 59 60 173 174 175 176 177 178 167 168 169 170 171 105 106 107 108 109 110 111 98 99 100 101 102 103 104 194 195 161 43 44 45 46 47 48 24 25 26 27 28 29 30 31 32 33 34 35 36 37 38 39 186 187 188 189 190 191 155 156 157 158 159 160 62 63 64 65 66 67 143 144 145 146 147 148 114 82 83 84 192 193 93 94 95 96 97 68 87 88 89 90 91 92 75 76 77 78 79 80 81 137 138 139 140 141 142 165 166 112 113 40 41 42 61 
502 502 502 502 191 191 191 191 191 191 323 323 323 323 323 502 502 502 502 323 323 323 323 323 212 212 212 212 212 212 212 212 212 212 212 212 212 212 212 212 314 314 314 779 779 779 779 779 779 802 802 802 802 802 802 802 802 802 802 562 562 218 252 252 252 252 252 252 462 191 191 191 191 191 191 821 821 821 821 821 821 821 226 226 226 562 562 888 888 888 888 888 888 558 558 558 558 558 861 861 861 861 861 861 861 861 861 861 861 861 861 861 910 910 295 779 779 779 779 779 779 212 212 212 212 212 212 212 212 212 212 212 212 212 212 212 212 158 158 158 158 158 158 191 191 191 191 191 191 252 252 252 252 252 252 191 191 191 191 191 191 295 226 226 226 567 567 558 558 558 558 558 462 888 888 888 888 888 888 821 821 821 821 821 821 821 158 158 158 158 158 158 567 567 910 910 314 314 314 218 
0 1 2 3 4 5 6 7 8 9 10 11 12 13 14 0 1 2 3 10 11 12 13 14 15 16 17 18 19 20 21 22 23 24 25 26 27 28 29 30 31 32 33 34 35 36 37 38 39 40 41 42 43 44 40 41 42 43 44 45 46 47 48 49 50 51 52 53 54 4 5 6 7 8 9 55 56 57 58 59 60 61 62 63 64 45 46 65 66 67 68 69 70 71 72 73 74 75 76 77 78 79 80 81 82 76 77 78 79 80 81 82 83 84 85 34 35 36 37 38 39 15 16 17 18 19 20 21 22 23 24 25 26 27 28 29 30 86 87 88 89 90 91 92 93 94 95 96 97 48 49 50 51 52 53 92 93 94 95 96 97 85 62 63 64 98 99 71 72 73 74 75 54 65 66 67 68 69 70 55 56 57 58 59 60 61 86 87 88 89 90 91 98 99 83 84 31 32 33 47 
47016
21
3 5 2 1 3 6 6 2 7 5 7 2 1 1 6 6 4 5 6 6 16 
26 17 47 22 16 16 37 19 24 12 29 30 33 21 26 37 11 26 11 21 15 
45 19 57 50 64 34 55 26 54 14 30 61 39 68 52 38 12 48 22 37 35 
226 802 567 462 314 779 158 562 821 323 861 910 295 218 888 191 502 558 191 252 212 
16 16 16 16 18 18 18 18 18 18 9 9 9 9 9 16 16 16 16 9 9 9 9 9 20 20 20 20 20 20 20 20 20 20 20 20 20 20 20 20 4 4 4 5 5 5 5 5 5 1 1 1 1 1 1 1 1 1 1 7 7 13 19 19 19 19 19 19 3 18 18 18 18 18 18 8 8 8 8 8 8 8 0 0 0 7 7 14 14 14 14 14 14 17 17 17 17 17 10 10 10 10 10 10 10 10 10 10 10 10 10 10 11 11 12 5 5 5 5 5 5 20 20 20 20 20 20 20 20 20 20 20 20 20 20 20 20 6 6 6 6 6 6 15 15 15 15 15 15 19 19 19 19 19 19 15 15 15 15 15 15 12 0 0 0 2 2 17 17 17 17 17 3 14 14 14 14 14 14 8 8 8 8 8 8 8 6 6 6 6 6 6 2 2 11 11 4 4 4 13 