368
100
2
2 2 2 2 2 2 2 2 2 2 4 4 4 4 4 4 4 4 4 4 4 4 4 4 4 7 7 7 7 7 7 7 11 11 11 11 15 15 15 15 16 16 16 16 16 16 16 16 16 16 16 16 16 16 16 16 16 16 16 16 18 18 18 18 18 18 18 18 18 18 20 20 20 20 20 20 20 20 20 20 20 20 20 20 20 20 23 23 23 23 23 23 23 23 23 25 25 25 25 25 25 25 25 25 25 25 25 25 25 25 25 25 25 25 25 25 25 25 25 29 29 29 29 29 29 36 36 36 36 36 36 36 36 36 36 36 36 36 40 40 40 40 40 41 41 41 41 41 41 41 41 41 41 41 41 41 41 41 51 51 51 51 51 51 51 51 51 51 51 51 51 51 51 61 61 61 61 61 61 61 61 61 62 62 62 62 62 62 62 63 63 63 63 63 69 69 69 69 69 69 
60 61 62 63 64 65 66 67 68 69 158 159 160 161 162 163 164 165 166 167 168 169 170 171 172 182 183 184 185 186 187 188 36 37 38 39 32 33 34 35 70 71 72 73 74 75 76 77 78 79 80 81 82 83 84 85 143 144 145 146 0 1 2 3 4 5 6 7 8 9 40 41 42 43 44 45 46 47 48 49 50 51 52 53 54 55 173 174 175 176 177 178 179 180 181 125 126 127 128 129 130 131 132 133 134 135 136 137 147 148 149 150 151 152 153 154 155 156 157 194 195 196 197 198 199 95 96 97 98 99 100 101 102 103 104 105 106 107 189 190 191 192 193 56 57 58 59 108 109 110 111 112 113 114 115 116 117 118 10 11 12 13 14 15 16 17 18 19 20 21 22 23 24 86 87 88 89 90 91 92 93 94 25 26 27 28 29 30 31 138 139 140 141 142 119 120 121 122 123 124 
425 425 425 425 425 425 425 425 425 425 986 986 986 986 986 986 986 986 986 986 986 986 986 986 986 496 496 496 496 496 496 496 885 885 885 885 885 885 885 885 939 939 939 939 939 939 939 939 939 939 939 939 939 939 939 939 485 485 485 485 425 425 425 425 425 425 425 425 425 425 939 939 939 939 939 939 939 939 939 939 939 939 939 939 939 939 300 300 300 300 300 300 300 300 300 844 844 844 844 844 844 844 844 844 844 844 844 844 934 934 934 934 934 934 934 934 934 934 934 964 964 964 964 964 964 844 844 844 844 844 844 844 844 844 844 844 844 844 475 475 475 475 475 485 485 485 485 934 934 934 934 934 934 934 934 934 934 934 986 986 986 986 986 986 986 986 986 986 986 986 986 986 986 300 300 300 300 300 300 300 300 300 496 496 496 496 496 496 496 475 475 475 475 475 964 964 964 964 964 964 
0 1 2 3 4 5 6 7 8 9 10 11 12 13 14 15 16 17 18 19 20 21 22 23 24 25 26 27 28 29 30 31 32 33 34 35 32 33 34 35 36 37 38 39 40 41 42 43 44 45 46 47 48 49 50 51 52 53 54 55 0 1 2 3 4 5 6 7 8 9 36 37 38 39 40 41 42 43 44 45 46 47 48 49 50 51 56 57 58 59 60 61 62 63 64 65 66 67 68 69 70 71 72 73 74 75 76 77 78 79 80 81 82 83 84 85 86 87 88 89 90 91 92 93 94 65 66 67 68 69 70 71 72 73 74 75 76 77 95 96 97 98 99 52 53 54 55 78 79 80 81 82 83 84 85 86 87 88 10 11 12 13 14 15 16 17 18 19 20 21 22 23 24 56 57 58 59 60 61 62 63 64 25 26 27 28 29 30 31 95 96 97 98 99 89 90 91 92 93 94 
75121
11
16 6 7 4 9 5 4 13 15 10 11 
16 29 7 11 23 40 16 25 4 2 25 
20 69 62 15 61 63 41 36 51 18 41 
939 964 496 885 300 475 485 844 986 425 934 
9 9 9 9 9 9 9 9 9 9 8 8 8 8 8 8 8 8 8 8 8 8 8 8 8 2 2 2 2 2 2 2 3 3 3 3 3 3 3 3 0 0 0 0 0 0 0 0 0 0 0 0 0 0 0 0 6 6 6 6 9 9 9 9 9 9 9 9 9 9 0 0 0 0 0 0 0 0 0 0 0 0 0 0 0 0 4 4 4 4 4 4 4 4 4 7 7 7 7 7 7 7 7 7 7 7 7 7 10 10 10 10 10 10 10 10 10 10 10 1 1 1 1 1 1 7 7 7 7 7 7 7 7 7 7 7 7 7 5 5 5 5 5 6 6 6 6 10 10 10 10 10 10 10 10 10 10 10 8 8 8 8 8 8 8 8 8 8 8 8 8 8 8 4 4 4 4 4 4 4 4 4 2 2 2 2 2 2 2 5 5 5 5 5 1 1 1 1 1 1 