378
100
2
5 5 6 6 6 6 6 7 7 7 7 7 7 8 8 8 8 8 10 10 10 10 10 10 12 12 12 12 12 12 12 12 12 12 12 18 18 19 19 20 20 20 20 22 22 22 22 22 22 25 27 27 27 27 27 27 28 28 28 28 28 28 28 28 30 30 30 30 30 31 31 34 34 34 34 34 34 34 34 34 34 34 38 38 39 39 40 40 40 42 42 43 43 43 43 43 44 44 44 45 45 45 45 45 45 45 45 45 45 45 45 45 45 45 45 45 45 45 45 45 45 47 47 47 47 47 47 47 47 47 47 47 47 47 47 47 47 49 49 49 49 49 51 51 51 51 51 52 52 52 52 52 52 52 52 52 52 53 53 53 56 56 56 56 56 56 56 56 56 56 56 57 57 58 58 58 62 62 62 62 66 66 66 68 68 68 69 69 69 69 69 69 69 69 69 70 70 70 70 70 
35 36 24 25 26 27 28 50 51 52 53 54 55 64 65 66 67 68 29 30 31 32 33 34 2 3 4 5 6 18 19 20 21 22 23 0 1 89 90 176 177 178 179 189 190 191 192 193 194 159 7 8 9 10 11 12 147 148 149 150 78 79 80 81 13 14 15 16 17 171 172 84 85 137 138 139 140 141 60 61 62 63 157 158 71 72 183 184 185 37 38 142 143 144 145 146 180 181 182 151 152 153 154 155 156 121 122 123 124 125 126 127 128 129 130 131 132 133 134 135 136 105 106 107 108 109 110 111 112 113 114 115 116 117 118 119 120 73 74 75 76 77 91 92 93 94 95 56 57 58 59 99 100 101 102 103 104 82 83 49 195 196 197 198 199 166 165 168 167 170 169 69 70 186 187 188 39 40 41 42 96 97 98 86 87 88 173 174 175 43 44 45 46 47 48 160 161 162 163 164 
429 429 213 213 213 213 213 638 638 638 638 638 638 356 356 356 356 356 170 170 170 170 170 170 213 213 213 213 213 170 170 170 170 170 170 429 429 419 419 604 604 604 604 517 517 517 517 517 517 886 638 638 638 638 638 638 924 924 924 924 311 311 311 311 356 356 356 356 356 608 608 806 806 566 566 566 566 566 311 311 311 311 365 365 806 806 775 775 775 419 419 813 813 813 813 813 458 458 458 460 460 460 460 460 460 692 692 692 692 692 692 692 692 692 692 692 692 692 692 692 692 692 692 692 692 692 692 692 692 692 692 692 692 692 692 692 692 566 566 566 566 566 813 813 813 813 813 924 924 924 924 460 460 460 460 460 460 365 365 886 480 480 480 480 480 945 945 945 945 945 945 608 608 393 393 393 604 604 604 604 458 458 458 775 775 775 393 393 393 517 517 517 517 517 517 480 480 480 480 480 
0 1 2 3 4 5 6 7 8 9 10 11 12 13 14 15 16 17 18 19 20 21 22 23 2 3 4 5 6 18 19 20 21 22 23 0 1 24 25 26 27 28 29 30 31 32 33 34 35 36 7 8 9 10 11 12 37 38 39 40 41 42 43 44 13 14 15 16 17 45 46 47 48 49 50 51 52 53 41 42 43 44 54 55 47 48 56 57 58 24 25 59 60 61 62 63 64 65 66 67 68 69 70 71 72 73 74 75 76 77 78 79 80 81 82 83 84 85 86 87 88 73 74 75 76 77 78 79 80 81 82 83 84 85 86 87 88 49 50 51 52 53 59 60 61 62 63 37 38 39 40 67 68 69 70 71 72 54 55 36 89 90 91 92 93 94 94 95 95 96 96 45 46 97 98 99 26 27 28 29 64 65 66 56 57 58 97 98 99 30 31 32 33 34 35 89 90 91 92 93 
55131
23
2 5 5 2 5 2 2 6 1 4 3 3 6 5 4 5 3 2 6 3 4 6 16 
31 56 6 38 43 34 5 7 25 28 58 56 45 8 20 34 40 19 22 44 28 10 45 
57 70 12 53 51 39 18 27 53 52 69 56 52 30 62 49 68 42 69 66 34 12 47 
608 480 213 365 813 806 429 638 886 924 393 945 460 356 604 566 775 419 517 458 311 170 692 
6 6 2 2 2 2 2 7 7 7 7 7 7 13 13 13 13 13 21 21 21 21 21 21 2 2 2 2 2 21 21 21 21 21 21 6 6 17 17 14 14 14 14 18 18 18 18 18 18 8 7 7 7 7 7 7 9 9 9 9 20 20 20 20 13 13 13 13 13 0 0 5 5 15 15 15 15 15 20 20 20 20 3 3 5 5 16 16 16 17 17 4 4 4 4 4 19 19 19 12 12 12 12 12 12 22 22 22 22 22 22 22 22 22 22 22 22 22 22 22 22 22 22 22 22 22 22 22 22 22 22 22 22 22 22 22 22 15 15 15 15 15 4 4 4 4 4 9 9 9 9 12 12 12 12 12 12 3 3 8 1 1 1 1 1 11 11 11 11 11 11 0 0 10 10 10 14 14 14 14 19 19 19 16 16 16 10 10 10 18 18 18 18 18 18 1 1 1 1 1 