251
100
2
3 4 4 4 6 6 6 6 6 6 6 6 6 7 8 8 8 8 8 8 8 11 11 13 14 14 14 14 14 14 14 14 14 14 14 14 14 14 14 14 14 14 14 14 14 14 14 15 17 17 17 17 18 21 21 21 21 21 22 22 22 22 23 23 23 23 25 25 27 27 27 28 28 28 28 31 31 31 31 31 31 31 31 33 33 33 34 34 34 34 35 35 35 36 36 36 36 38 38 38 38 38 40 40 40 41 41 41 41 43 43 43 43 43 43 45 45 45 45 45 45 45 45 45 45 45 45 45 45 45 45 45 45 45 45 45 45 45 46 46 46 46 46 47 47 47 47 47 47 47 47 47 47 47 47 47 48 48 48 48 48 50 50 50 50 53 53 53 53 56 56 56 56 56 57 57 57 60 60 60 61 61 61 61 61 64 64 64 64 64 65 65 67 67 67 67 67 68 70 70 
97 138 139 140 192 193 194 195 196 79 80 81 82 156 185 186 187 188 189 21 22 19 20 47 177 178 179 118 119 120 121 122 123 124 125 126 127 128 129 130 131 132 133 134 135 136 137 23 75 76 77 78 164 190 191 182 183 184 98 99 100 101 90 91 92 197 141 142 109 110 111 165 166 167 168 48 49 50 51 9 10 11 12 112 113 114 157 158 159 160 62 63 64 148 149 150 151 0 58 59 60 61 174 175 176 152 153 154 155 68 69 70 83 84 85 161 162 163 27 28 29 30 31 32 33 34 35 36 37 38 39 40 41 42 43 44 45 46 1 2 3 66 67 169 170 171 172 173 93 94 95 96 105 106 107 108 13 86 87 88 89 115 116 117 52 71 72 73 74 143 144 145 146 147 102 103 104 24 25 26 198 199 55 56 57 14 15 16 17 18 53 54 4 5 6 7 8 65 180 181 
940 669 669 669 661 661 661 661 661 342 342 342 342 375 584 584 584 584 584 788 788 788 788 821 629 629 629 481 481 481 481 481 481 481 481 481 481 481 481 481 481 481 481 481 481 481 481 821 494 494 494 494 593 269 269 684 684 684 938 938 938 938 311 311 311 399 383 383 647 647 647 847 847 847 847 494 494 494 494 342 342 342 342 264 264 264 169 169 169 169 311 311 311 634 634 634 634 940 938 938 938 938 154 154 154 366 366 366 366 647 647 647 264 264 264 877 877 877 481 481 481 481 481 481 481 481 481 481 481 481 481 481 481 481 481 481 481 481 669 669 669 383 383 180 180 180 180 180 634 634 634 634 366 366 366 366 375 169 169 169 169 877 877 877 593 847 847 847 847 180 180 180 180 180 154 154 154 629 629 629 258 258 684 684 684 584 584 584 584 584 269 269 661 661 661 661 661 399 258 258 
0 1 2 3 4 5 6 7 8 9 10 11 12 13 14 15 16 17 18 19 20 19 20 21 22 23 24 25 26 27 28 29 30 31 32 33 34 35 36 37 38 39 40 41 42 43 44 21 45 46 47 48 49 50 51 52 53 54 55 56 57 58 59 60 61 62 63 64 65 66 67 68 69 70 71 45 46 47 48 9 10 11 12 72 73 74 75 76 77 78 59 60 61 79 80 81 82 0 55 56 57 58 83 84 85 86 87 88 89 65 66 67 72 73 74 90 91 92 25 26 27 28 29 30 31 32 33 34 35 36 37 38 39 40 41 42 43 44 1 2 3 63 64 93 94 95 96 97 79 80 81 82 86 87 88 89 13 75 76 77 78 90 91 92 49 68 69 70 71 93 94 95 96 97 83 84 85 22 23 24 98 99 52 53 54 14 15 16 17 18 50 51 4 5 6 7 8 62 98 99 
51134
28
3 3 3 2 3 1 3 5 5 1 2 4 4 4 2 4 5 1 4 1 3 4 3 3 4 1 2 20 
14 27 40 61 23 23 4 6 47 7 25 36 17 6 21 34 8 3 41 13 33 22 45 21 28 18 8 14 
60 43 57 70 35 68 46 67 56 48 46 47 31 31 65 48 64 38 47 15 43 38 50 61 53 50 11 45 
629 647 154 258 311 399 669 661 180 375 383 634 494 342 269 169 584 940 366 821 264 938 877 684 847 593 788 481 
17 6 6 6 7 7 7 7 7 13 13 13 13 9 16 16 16 16 16 26 26 26 26 19 0 0 0 27 27 27 27 27 27 27 27 27 27 27 27 27 27 27 27 27 27 27 27 19 12 12 12 12 25 14 14 23 23 23 21 21 21 21 4 4 4 5 10 10 1 1 1 24 24 24 24 12 12 12 12 13 13 13 13 20 20 20 15 15 15 15 4 4 4 11 11 11 11 17 21 21 21 21 2 2 2 18 18 18 18 1 1 1 20 20 20 22 22 22 27 27 27 27 27 27 27 27 27 27 27 27 27 27 27 27 27 27 27 27 6 6 6 10 10 8 8 8 8 8 11 11 11 11 18 18 18 18 9 15 15 15 15 22 22 22 25 24 24 24 24 8 8 8 8 8 2 2 2 0 0 0 3 3 23 23 23 16 16 16 16 16 14 14 7 7 7 7 7 5 3 3 