357
100
2
1 1 1 5 5 5 5 5 5 5 5 7 7 7 7 7 7 7 7 7 7 7 7 7 7 7 8 8 8 12 12 12 12 12 12 12 12 12 12 12 12 12 12 12 12 12 12 12 12 12 12 12 12 14 14 14 14 14 15 15 15 15 15 15 17 17 17 17 18 18 18 18 18 18 20 20 20 20 20 22 22 22 22 22 22 25 25 25 25 25 25 25 25 25 25 25 25 25 25 25 28 28 28 32 32 32 32 32 32 32 36 36 36 36 36 36 38 38 38 39 39 39 39 39 39 39 39 42 42 42 42 42 42 42 42 42 42 42 42 45 45 45 45 45 45 48 48 48 48 48 48 48 48 48 48 48 48 48 48 48 48 48 48 48 48 48 54 54 54 54 57 57 57 57 57 57 62 62 62 63 63 63 63 65 65 65 65 65 66 66 66 66 66 68 68 68 69 69 69 69 
100 101 102 64 65 66 67 85 86 87 88 89 90 91 92 93 94 95 96 97 98 99 166 167 168 169 116 117 118 103 104 105 106 107 108 109 149 150 151 152 153 154 155 156 157 158 159 160 161 162 163 164 165 74 75 76 77 78 68 69 70 71 72 73 3 4 5 6 58 59 60 61 62 63 53 54 55 56 57 139 140 141 142 143 144 7 8 9 10 11 12 13 14 15 16 17 18 19 20 21 0 1 2 29 30 31 32 33 34 35 170 171 172 173 174 175 26 27 28 127 128 129 130 131 132 133 134 119 120 121 122 123 124 125 126 179 180 181 182 79 80 81 82 83 84 196 197 198 199 36 37 38 39 40 41 42 43 44 45 46 47 48 49 50 51 52 22 23 24 25 110 111 112 113 114 115 193 194 195 135 136 137 138 188 189 190 191 192 183 184 185 186 187 176 177 178 145 146 147 148 
404 404 404 323 323 323 323 561 561 561 561 466 466 466 466 466 466 466 466 466 466 466 778 778 778 778 871 871 871 519 519 519 519 519 519 519 438 438 438 438 438 438 438 438 438 438 438 438 438 438 438 438 438 461 461 461 461 461 197 197 197 197 197 197 323 323 323 323 197 197 197 197 197 197 461 461 461 461 461 804 804 804 804 804 804 561 561 561 561 466 466 466 466 466 466 466 466 466 466 466 404 404 404 519 519 519 519 519 519 519 812 812 812 812 812 812 871 871 871 930 930 930 930 930 930 930 930 930 930 930 930 930 930 930 930 921 921 921 921 804 804 804 804 804 804 388 388 388 388 438 438 438 438 438 438 438 438 438 438 438 438 438 438 438 438 438 778 778 778 778 812 812 812 812 812 812 516 516 516 921 921 921 921 368 368 368 368 368 368 368 368 368 368 516 516 516 388 388 388 388 
0 1 2 3 4 5 6 7 8 9 10 11 12 13 14 15 16 17 18 19 20 21 22 23 24 25 26 27 28 29 30 31 32 33 34 35 36 37 38 39 40 41 42 43 44 45 46 47 48 49 50 51 52 53 54 55 56 57 58 59 60 61 62 63 3 4 5 6 58 59 60 61 62 63 53 54 55 56 57 64 65 66 67 68 69 7 8 9 10 11 12 13 14 15 16 17 18 19 20 21 0 1 2 29 30 31 32 33 34 35 70 71 72 73 74 75 26 27 28 76 77 78 79 80 81 82 83 76 77 78 79 80 81 82 83 84 85 86 87 64 65 66 67 68 69 88 89 90 91 36 37 38 39 40 41 42 43 44 45 46 47 48 49 50 51 52 22 23 24 25 70 71 72 73 74 75 92 93 94 84 85 86 87 95 96 97 98 99 95 96 97 98 99 92 93 94 88 89 90 91 
55925
17
5 4 4 8 3 3 3 4 11 7 5 4 4 6 6 6 17 
14 5 48 39 8 62 1 5 7 12 65 42 7 15 22 36 12 
20 17 69 42 38 68 28 25 25 32 66 63 54 18 45 57 48 
461 323 388 930 871 516 404 561 466 519 368 921 778 197 804 812 438 
6 6 6 1 1 1 1 7 7 7 7 8 8 8 8 8 8 8 8 8 8 8 12 12 12 12 4 4 4 9 9 9 9 9 9 9 16 16 16 16 16 16 16 16 16 16 16 16 16 16 16 16 16 0 0 0 0 0 13 13 13 13 13 13 1 1 1 1 13 13 13 13 13 13 0 0 0 0 0 14 14 14 14 14 14 7 7 7 7 8 8 8 8 8 8 8 8 8 8 8 6 6 6 9 9 9 9 9 9 9 15 15 15 15 15 15 4 4 4 3 3 3 3 3 3 3 3 3 3 3 3 3 3 3 3 11 11 11 11 14 14 14 14 14 14 2 2 2 2 16 16 16 16 16 16 16 16 16 16 16 16 16 16 16 16 16 12 12 12 12 15 15 15 15 15 15 5 5 5 11 11 11 11 10 10 10 10 10 10 10 10 10 10 5 5 5 2 2 2 2 