168
100
2
1 1 1 1 1 2 2 2 2 5 5 8 9 9 9 9 10 10 11 11 11 12 12 12 13 13 19 19 19 19 19 19 19 20 20 20 20 21 21 21 21 21 21 21 21 21 21 21 22 22 22 22 23 23 23 23 23 23 23 24 27 27 29 29 29 30 31 31 31 32 32 33 33 33 33 33 34 34 34 35 35 35 35 36 36 36 37 37 38 38 38 38 38 38 38 38 38 38 38 38 38 38 38 38 38 38 38 38 38 38 40 42 42 42 43 43 45 45 45 45 45 45 47 47 47 47 47 47 47 47 47 47 47 50 50 50 50 50 50 52 52 52 52 52 52 53 53 53 53 53 53 53 55 55 55 56 56 56 56 56 56 57 57 57 58 58 58 58 58 58 59 59 59 59 59 59 59 59 59 59 59 59 59 59 59 59 59 59 59 61 61 61 61 63 67 67 68 68 68 68 
79 80 81 82 12 189 190 191 192 116 117 65 4 111 112 113 86 87 196 197 198 142 143 144 35 36 145 146 147 148 130 131 132 60 61 24 25 122 123 124 125 126 43 42 45 44 47 46 118 119 120 121 114 115 71 72 73 74 75 110 33 34 167 168 169 11 127 128 129 194 195 54 55 56 57 58 149 150 151 0 1 2 3 164 165 166 16 17 161 162 163 170 171 172 173 174 175 176 177 178 179 180 181 182 183 184 185 186 187 188 59 13 14 15 52 53 9 10 48 49 50 51 37 38 39 40 41 66 67 68 30 31 32 156 157 158 159 160 193 152 153 154 21 22 23 26 27 28 29 76 77 78 139 140 141 199 133 134 135 136 137 88 89 90 83 84 85 62 63 64 91 92 93 94 95 96 97 98 99 100 101 102 103 104 105 106 107 108 109 5 6 7 8 138 69 70 18 19 20 155 
624 624 624 624 661 653 653 653 653 809 809 843 661 330 330 330 468 468 870 870 870 309 309 309 563 563 680 680 680 680 853 853 853 554 554 563 563 715 715 715 715 715 323 323 323 323 323 323 202 202 202 202 169 169 853 853 853 853 853 994 554 554 260 260 260 843 650 650 650 311 311 853 853 853 853 853 821 821 821 624 624 624 624 829 829 829 468 468 459 459 459 644 644 644 644 644 644 644 644 644 644 644 644 644 644 644 644 644 644 644 994 330 330 330 169 169 809 809 202 202 202 202 715 715 715 715 715 650 650 650 853 853 853 444 444 444 444 444 375 360 360 360 309 309 309 680 680 680 680 821 821 821 360 360 360 174 444 444 444 444 444 459 459 459 829 829 829 260 260 260 644 644 644 644 644 644 644 644 644 644 644 644 644 644 644 644 644 644 644 653 653 653 653 375 311 311 870 870 870 174 
0 1 2 3 4 5 6 7 8 9 10 11 4 12 13 14 15 16 17 18 19 20 21 22 23 24 25 26 27 28 29 30 31 32 33 23 24 34 35 36 37 38 39 39 40 40 41 41 42 43 44 45 46 47 48 49 50 51 52 53 32 33 54 55 56 11 57 58 59 60 61 48 49 50 51 52 62 63 64 0 1 2 3 65 66 67 15 16 68 69 70 71 72 73 74 75 76 77 78 79 80 81 82 83 84 85 86 87 88 89 53 12 13 14 46 47 9 10 42 43 44 45 34 35 36 37 38 57 58 59 29 30 31 90 91 92 93 94 95 96 97 98 20 21 22 25 26 27 28 62 63 64 96 97 98 99 90 91 92 93 94 68 69 70 65 66 67 54 55 56 71 72 73 74 75 76 77 78 79 80 81 82 83 84 85 86 87 88 89 5 6 7 8 95 60 61 17 18 19 99 
57919
30
2 2 3 1 3 2 5 5 3 3 1 3 5 3 2 4 2 3 1 1 2 4 4 3 4 1 3 3 3 19 
20 23 11 56 52 5 21 23 38 36 8 21 50 29 10 1 32 12 50 1 13 19 22 9 2 24 31 34 19 38 
27 43 68 68 55 45 47 33 57 58 30 21 56 58 37 35 67 52 63 9 20 53 45 42 61 40 47 53 47 59 
554 169 870 174 360 809 715 853 459 829 843 323 444 260 468 624 311 309 375 661 563 680 202 330 653 994 650 821 853 644 
15 15 15 15 19 24 24 24 24 5 5 10 19 23 23 23 14 14 2 2 2 17 17 17 20 20 21 21 21 21 28 28 28 0 0 20 20 6 6 6 6 6 11 11 11 11 11 11 22 22 22 22 1 1 7 7 7 7 7 25 0 0 13 13 13 10 26 26 26 16 16 7 7 7 7 7 27 27 27 15 15 15 15 9 9 9 14 14 8 8 8 29 29 29 29 29 29 29 29 29 29 29 29 29 29 29 29 29 29 29 25 23 23 23 1 1 5 5 22 22 22 22 6 6 6 6 6 26 26 26 28 28 28 12 12 12 12 12 18 4 4 4 17 17 17 21 21 21 21 27 27 27 4 4 4 3 12 12 12 12 12 8 8 8 9 9 9 13 13 13 29 29 29 29 29 29 29 29 29 29 29 29 29 29 29 29 29 29 29 24 24 24 24 18 16 16 2 2 2 3 