394
100
2
4 4 4 4 4 4 4 4 6 6 6 6 6 6 6 6 6 6 6 6 8 8 8 8 8 8 8 12 12 15 15 15 15 15 15 15 15 15 15 15 15 15 20 20 20 20 20 20 20 23 23 23 23 23 23 23 23 23 23 23 38 38 38 38 38 38 40 40 40 40 40 40 40 40 40 40 40 40 40 40 40 41 41 41 41 41 41 41 41 41 41 47 47 47 47 47 47 47 48 48 48 48 48 48 48 48 48 48 48 48 48 50 50 50 50 50 50 52 52 52 52 52 52 52 52 52 52 52 52 54 54 54 54 54 54 54 54 54 54 57 57 57 57 57 57 57 57 57 57 57 58 58 58 58 58 58 58 58 60 60 60 60 60 60 60 60 60 64 64 64 64 64 64 64 64 64 66 66 66 66 66 66 66 69 69 69 69 69 69 69 69 69 69 70 70 70 70 70 70 70 
66 67 68 69 70 71 72 73 117 118 119 120 121 122 123 124 125 126 127 128 176 177 178 179 180 181 182 191 192 98 99 100 101 102 103 104 105 106 107 108 109 110 74 75 76 77 78 79 80 139 140 141 142 143 144 145 146 147 148 149 111 112 113 114 115 116 0 1 2 3 4 5 6 7 42 43 44 45 46 47 48 129 130 131 132 133 134 135 136 137 138 193 194 195 196 197 198 199 29 30 31 32 33 34 35 36 37 38 39 40 41 60 61 62 63 64 65 8 9 10 11 12 13 14 15 16 17 18 19 81 82 83 84 85 86 87 88 89 90 49 50 51 52 53 54 55 56 57 58 59 183 184 185 186 187 188 189 190 167 168 169 170 171 172 173 174 175 158 159 160 161 162 163 164 165 166 20 21 22 23 24 25 26 150 151 152 153 154 155 156 157 27 28 91 92 93 94 95 96 97 
899 899 899 899 899 899 899 899 371 371 371 371 371 371 371 371 371 371 371 371 261 261 261 261 261 261 261 853 853 910 910 910 910 910 910 910 910 910 910 910 910 910 933 933 933 933 933 933 933 214 214 214 214 214 214 214 214 214 214 214 756 756 756 756 756 756 899 899 899 899 899 899 899 899 933 933 933 933 933 933 933 591 591 591 591 591 591 591 591 591 591 510 510 510 510 510 510 510 910 910 910 910 910 910 910 910 910 910 910 910 910 756 756 756 756 756 756 371 371 371 371 371 371 371 371 371 371 371 371 591 591 591 591 591 591 591 591 591 591 214 214 214 214 214 214 214 214 214 214 214 150 150 150 150 150 150 150 150 640 640 640 640 640 640 640 640 640 640 640 640 640 640 640 640 640 640 261 261 261 261 261 261 261 150 150 150 150 150 150 150 150 853 853 510 510 510 510 510 510 510 
0 1 2 3 4 5 6 7 8 9 10 11 12 13 14 15 16 17 18 19 20 21 22 23 24 25 26 27 28 29 30 31 32 33 34 35 36 37 38 39 40 41 42 43 44 45 46 47 48 49 50 51 52 53 54 55 56 57 58 59 60 61 62 63 64 65 0 1 2 3 4 5 6 7 42 43 44 45 46 47 48 66 67 68 69 70 71 72 73 74 75 76 77 78 79 80 81 82 29 30 31 32 33 34 35 36 37 38 39 40 41 60 61 62 63 64 65 8 9 10 11 12 13 14 15 16 17 18 19 66 67 68 69 70 71 72 73 74 75 49 50 51 52 53 54 55 56 57 58 59 83 84 85 86 87 88 89 90 91 92 93 94 95 96 97 98 99 91 92 93 94 95 96 97 98 99 20 21 22 23 24 25 26 83 84 85 86 87 88 89 90 27 28 76 77 78 79 80 81 82 
56868
12
8 8 7 6 9 11 12 13 2 7 7 10 
4 58 47 38 60 23 6 15 12 8 20 41 
40 69 70 50 64 57 52 48 69 66 40 54 
899 150 510 756 640 214 371 910 853 261 933 591 
0 0 0 0 0 0 0 0 6 6 6 6 6 6 6 6 6 6 6 6 9 9 9 9 9 9 9 8 8 7 7 7 7 7 7 7 7 7 7 7 7 7 10 10 10 10 10 10 10 5 5 5 5 5 5 5 5 5 5 5 3 3 3 3 3 3 0 0 0 0 0 0 0 0 10 10 10 10 10 10 10 11 11 11 11 11 11 11 11 11 11 2 2 2 2 2 2 2 7 7 7 7 7 7 7 7 7 7 7 7 7 3 3 3 3 3 3 6 6 6 6 6 6 6 6 6 6 6 6 11 11 11 11 11 11 11 11 11 11 5 5 5 5 5 5 5 5 5 5 5 1 1 1 1 1 1 1 1 4 4 4 4 4 4 4 4 4 4 4 4 4 4 4 4 4 4 9 9 9 9 9 9 9 1 1 1 1 1 1 1 1 8 8 2 2 2 2 2 2 2 