594
100
2
1 1 1 1 1 1 3 3 3 3 3 3 3 3 3 3 3 3 3 5 5 5 5 6 6 10 10 10 10 10 10 10 10 10 10 12 12 12 12 12 12 17 17 17 17 17 17 17 17 17 17 17 17 17 17 17 17 17 17 17 17 17 17 17 17 17 17 17 18 18 18 18 18 18 18 18 18 18 20 20 20 20 20 20 20 20 21 21 21 21 24 24 24 24 24 29 29 29 29 29 29 33 33 33 33 33 33 33 33 33 33 41 41 41 41 41 41 41 41 41 41 41 41 41 45 45 45 45 45 45 45 45 46 46 47 47 47 47 47 47 48 48 48 48 48 48 48 50 50 50 50 52 52 52 52 52 52 52 57 57 57 57 57 57 57 57 57 57 61 61 61 61 61 61 61 61 61 61 61 61 61 61 61 61 61 64 64 64 64 64 64 64 66 66 66 66 66 66 66 66 
134 135 136 137 138 139 192 193 194 195 196 197 198 199 90 91 92 93 94 147 148 149 150 132 133 101 102 103 104 105 106 107 108 109 110 118 119 120 121 122 123 68 69 70 71 72 73 74 75 76 77 168 169 170 171 172 173 174 175 176 177 178 179 180 181 182 183 184 41 42 43 44 45 46 47 48 49 50 124 125 126 127 128 129 130 131 158 159 160 161 14 15 16 17 18 162 163 164 165 166 167 25 26 27 28 29 30 31 32 33 34 151 152 153 154 155 156 157 35 36 37 38 39 40 78 79 80 81 82 83 84 85 23 24 0 1 2 3 4 5 185 186 187 188 189 190 191 19 20 21 22 111 112 113 114 115 116 117 86 87 88 89 95 96 97 98 99 100 51 52 53 54 55 56 57 58 59 60 61 62 63 64 65 66 67 140 141 142 143 144 145 146 6 7 8 9 10 11 12 13 
238 238 238 238 238 238 617 617 617 617 617 617 617 617 770 770 770 770 770 837 837 837 837 976 976 274 274 274 274 274 274 274 274 274 274 165 165 165 165 165 165 695 695 695 695 695 695 695 695 695 695 838 838 838 838 838 838 838 838 838 838 838 838 838 838 838 838 838 695 695 695 695 695 695 695 695 695 695 590 590 590 590 590 590 590 590 555 555 555 555 770 770 770 770 770 771 771 771 771 771 771 274 274 274 274 274 274 274 274 274 274 883 883 883 883 883 883 883 165 165 165 165 165 165 590 590 590 590 590 590 590 590 976 976 238 238 238 238 238 238 828 828 828 828 828 828 828 837 837 837 837 883 883 883 883 883 883 883 555 555 555 555 771 771 771 771 771 771 838 838 838 838 838 838 838 838 838 838 838 838 838 838 838 838 838 828 828 828 828 828 828 828 617 617 617 617 617 617 617 617 
0 1 2 3 4 5 6 7 8 9 10 11 12 13 14 15 16 17 18 19 20 21 22 23 24 25 26 27 28 29 30 31 32 33 34 35 36 37 38 39 40 41 42 43 44 45 46 47 48 49 50 51 52 53 54 55 56 57 58 59 60 61 62 63 64 65 66 67 41 42 43 44 45 46 47 48 49 50 68 69 70 71 72 73 74 75 76 77 78 79 14 15 16 17 18 80 81 82 83 84 85 25 26 27 28 29 30 31 32 33 34 86 87 88 89 90 91 92 35 36 37 38 39 40 68 69 70 71 72 73 74 75 23 24 0 1 2 3 4 5 93 94 95 96 97 98 99 19 20 21 22 86 87 88 89 90 91 92 76 77 78 79 80 81 82 83 84 85 51 52 53 54 55 56 57 58 59 60 61 62 63 64 65 66 67 93 94 95 96 97 98 99 6 7 8 9 10 11 12 13 
63983
14
2 6 4 4 7 8 10 7 6 6 8 5 10 17 
6 1 21 5 48 3 17 41 12 29 20 3 10 17 
46 47 57 50 64 66 18 52 41 57 45 24 33 61 
976 238 555 837 828 617 695 883 165 771 590 770 274 838 
1 1 1 1 1 1 5 5 5 5 5 5 5 5 11 11 11 11 11 3 3 3 3 0 0 12 12 12 12 12 12 12 12 12 12 8 8 8 8 8 8 6 6 6 6 6 6 6 6 6 6 13 13 13 13 13 13 13 13 13 13 13 13 13 13 13 13 13 6 6 6 6 6 6 6 6 6 6 10 10 10 10 10 10 10 10 2 2 2 2 11 11 11 11 11 9 9 9 9 9 9 12 12 12 12 12 12 12 12 12 12 7 7 7 7 7 7 7 8 8 8 8 8 8 10 10 10 10 10 10 10 10 0 0 1 1 1 1 1 1 4 4 4 4 4 4 4 3 3 3 3 7 7 7 7 7 7 7 2 2 2 2 9 9 9 9 9 9 13 13 13 13 13 13 13 13 13 13 13 13 13 13 13 13 13 4 4 4 4 4 4 4 5 5 5 5 5 5 5 5 