650
100
2
2 2 2 2 2 4 5 6 6 6 6 6 6 6 7 7 8 8 9 9 9 11 14 14 14 18 18 18 18 18 18 18 18 18 18 18 20 21 21 21 21 22 22 22 27 27 27 27 27 27 27 27 27 27 27 32 32 35 35 35 35 35 36 36 37 37 37 38 38 38 38 38 38 38 38 42 42 43 43 43 43 43 43 43 43 43 43 43 43 43 44 44 46 46 46 46 46 47 47 47 47 47 48 49 49 49 49 49 49 50 50 50 50 50 50 50 50 50 50 50 50 50 50 50 50 50 51 51 51 51 51 51 51 51 51 53 54 54 54 55 55 55 55 55 55 55 55 57 57 57 57 57 58 58 58 59 59 59 59 59 59 59 59 59 59 59 59 59 59 59 59 59 59 59 60 60 60 60 60 61 61 61 61 61 61 61 63 63 63 63 66 66 66 67 67 67 67 67 68 68 
85 86 87 88 89 6 5 126 127 128 186 187 188 189 62 63 75 76 41 42 43 30 152 153 154 97 98 99 100 101 21 67 68 69 70 71 37 36 195 196 197 18 19 20 147 148 149 150 151 103 104 105 106 107 108 90 91 135 102 64 65 66 14 15 59 60 61 31 32 33 34 35 144 145 146 16 17 174 175 176 177 178 190 191 192 0 1 2 3 4 55 56 155 156 157 158 159 25 26 27 28 29 58 49 50 51 52 53 54 136 137 138 160 161 162 163 164 165 166 167 168 169 170 171 172 173 7 8 9 130 129 132 131 198 199 57 109 110 111 179 180 181 182 183 72 73 74 44 45 46 47 48 22 23 24 92 93 94 95 96 112 113 114 115 116 117 118 119 120 121 122 123 124 125 77 78 79 80 81 139 140 141 142 143 193 194 10 11 12 13 82 83 84 184 185 38 39 40 133 134 
160 160 160 160 160 807 807 270 270 270 303 303 303 303 671 671 366 366 280 280 280 819 459 459 459 233 233 233 233 233 819 447 447 447 447 447 217 217 642 642 642 280 280 280 677 677 677 677 677 908 908 908 908 908 908 675 675 574 243 472 472 472 671 671 472 472 472 447 447 447 447 447 455 455 455 366 366 728 728 728 728 728 972 972 972 160 160 160 160 160 675 675 615 615 615 615 615 233 233 233 233 233 243 908 908 908 908 908 908 372 372 372 196 196 196 196 196 196 196 196 196 196 196 196 196 196 270 270 270 207 207 207 207 543 543 574 372 372 372 420 420 420 420 420 455 455 455 677 677 677 677 677 459 459 459 615 615 615 615 615 196 196 196 196 196 196 196 196 196 196 196 196 196 196 728 728 728 728 728 420 420 420 420 420 973 973 303 303 303 303 972 972 972 973 973 642 642 642 543 543 
0 1 2 3 4 5 5 6 7 8 9 10 11 12 13 14 15 16 17 18 19 20 21 22 23 24 25 26 27 28 20 29 30 31 32 33 34 34 35 36 37 17 18 19 38 39 40 41 42 43 44 45 46 47 48 49 50 51 52 53 54 55 13 14 53 54 55 29 30 31 32 33 56 57 58 15 16 59 60 61 62 63 64 65 66 0 1 2 3 4 49 50 67 68 69 70 71 24 25 26 27 28 52 43 44 45 46 47 48 72 73 74 75 76 77 78 79 80 81 82 83 84 85 86 87 88 6 7 8 89 89 90 90 91 92 51 72 73 74 93 94 95 96 97 56 57 58 38 39 40 41 42 21 22 23 67 68 69 70 71 75 76 77 78 79 80 81 82 83 84 85 86 87 88 59 60 61 62 63 93 94 95 96 97 98 99 9 10 11 12 64 65 66 98 99 35 36 37 91 92 
47100
29
3 1 3 5 2 6 5 5 5 2 4 1 2 5 3 2 2 3 1 1 1 3 5 2 3 3 5 3 14 
9 35 6 27 7 27 43 55 18 51 6 11 61 18 38 51 32 50 4 35 20 43 46 8 14 35 2 21 50 
22 53 51 57 36 49 60 61 47 51 63 18 67 38 55 68 44 54 5 48 21 66 59 42 58 37 43 67 59 
280 574 270 677 671 908 728 420 233 207 303 819 973 447 455 543 675 372 807 243 217 972 615 366 459 472 160 642 196 
26 26 26 26 26 18 18 2 2 2 10 10 10 10 4 4 23 23 0 0 0 11 24 24 24 8 8 8 8 8 11 13 13 13 13 13 20 20 27 27 27 0 0 0 3 3 3 3 3 5 5 5 5 5 5 16 16 1 19 25 25 25 4 4 25 25 25 13 13 13 13 13 14 14 14 23 23 6 6 6 6 6 21 21 21 26 26 26 26 26 16 16 22 22 22 22 22 8 8 8 8 8 19 5 5 5 5 5 5 17 17 17 28 28 28 28 28 28 28 28 28 28 28 28 28 28 2 2 2 9 9 9 9 15 15 1 17 17 17 7 7 7 7 7 14 14 14 3 3 3 3 3 24 24 24 22 22 22 22 22 28 28 28 28 28 28 28 28 28 28 28 28 28 28 6 6 6 6 6 7 7 7 7 7 12 12 10 10 10 10 21 21 21 12 12 27 27 27 15 15 