302
100
2
1 1 1 1 1 1 1 1 4 4 4 4 4 4 5 5 8 8 8 8 11 11 11 11 12 12 12 13 13 13 13 13 14 14 15 15 15 15 16 16 16 18 18 18 18 18 18 18 18 18 23 23 24 24 24 26 26 26 26 26 26 30 30 30 30 30 30 30 30 30 30 30 34 34 34 34 34 34 35 35 35 36 36 36 36 37 37 37 37 37 37 38 38 38 38 38 38 40 40 40 41 41 41 41 41 42 42 42 42 42 42 42 42 42 42 42 42 42 42 42 42 42 42 42 42 42 42 42 42 42 43 43 46 46 46 46 46 46 46 47 47 47 47 50 50 52 52 52 52 54 54 54 54 54 54 54 54 54 56 56 57 57 57 57 57 57 57 57 58 58 58 58 58 58 58 58 58 58 58 58 58 58 58 58 59 59 59 59 59 59 60 61 64 64 65 65 65 65 66 68 
91 92 93 94 95 96 42 43 184 185 186 187 188 189 50 51 145 146 147 148 110 111 112 113 52 53 54 136 137 138 130 131 196 197 158 159 166 167 78 79 80 191 6 7 85 86 87 88 89 90 14 15 24 25 26 160 161 162 163 164 165 72 73 74 75 76 77 153 154 155 156 157 61 62 63 64 65 66 38 39 40 132 133 134 135 44 45 46 47 48 49 0 1 2 3 4 5 194 195 190 105 106 107 108 109 100 101 102 103 104 20 21 22 23 168 169 170 171 172 173 174 175 176 177 178 179 180 181 182 183 30 31 81 82 83 84 27 28 29 149 150 151 152 192 193 16 17 18 19 139 140 141 142 67 68 69 70 71 34 35 55 56 57 58 59 60 36 37 114 115 116 117 118 119 120 121 122 123 124 125 126 127 128 129 8 9 10 11 12 13 99 41 143 144 97 98 32 33 199 198 
163 163 163 163 163 163 759 759 656 656 656 656 656 656 453 453 383 383 383 383 688 688 688 688 739 739 739 940 940 940 886 886 760 760 242 242 476 476 491 491 491 208 759 759 272 272 272 272 272 272 453 453 739 739 739 688 688 688 688 688 688 980 980 980 980 980 980 355 355 355 355 355 980 980 980 980 980 980 491 491 491 463 463 463 463 272 272 272 272 272 272 163 163 163 163 163 163 251 251 955 761 761 761 761 761 761 761 761 761 761 688 688 688 688 714 714 714 714 714 714 714 714 714 714 714 714 714 714 714 714 886 886 463 463 463 463 940 940 940 457 457 457 457 287 287 383 383 383 383 457 457 457 457 355 355 355 355 355 242 242 688 688 688 688 688 688 476 476 714 714 714 714 714 714 714 714 714 714 714 714 714 714 714 714 656 656 656 656 656 656 955 208 287 287 251 251 760 760 260 260 
0 1 2 3 4 5 6 7 8 9 10 11 12 13 14 15 16 17 18 19 20 21 22 23 24 25 26 27 28 29 30 31 32 33 34 35 36 37 38 39 40 41 6 7 42 43 44 45 46 47 14 15 24 25 26 48 49 50 51 52 53 54 55 56 57 58 59 60 61 62 63 64 54 55 56 57 58 59 38 39 40 65 66 67 68 42 43 44 45 46 47 0 1 2 3 4 5 69 70 71 72 73 74 75 76 72 73 74 75 76 20 21 22 23 77 78 79 80 81 82 83 84 85 86 87 88 89 90 91 92 30 31 65 66 67 68 27 28 29 93 94 95 96 97 98 16 17 18 19 93 94 95 96 60 61 62 63 64 34 35 48 49 50 51 52 53 36 37 77 78 79 80 81 82 83 84 85 86 87 88 89 90 91 92 8 9 10 11 12 13 71 41 97 98 69 70 32 33 99 99 
57683
26
2 2 6 3 4 6 1 4 2 5 2 1 4 2 2 3 4 6 2 6 5 1 3 2 6 16 
40 15 1 16 8 26 18 47 5 41 50 40 36 14 1 12 11 30 15 4 30 66 13 13 18 42 
65 56 38 35 52 57 61 54 23 42 64 60 46 65 18 24 42 34 57 59 54 68 46 43 37 58 
251 242 163 491 383 688 208 457 453 761 287 955 463 760 759 739 688 980 476 656 355 260 940 886 272 714 
2 2 2 2 2 2 14 14 19 19 19 19 19 19 8 8 4 4 4 4 16 16 16 16 15 15 15 22 22 22 23 23 13 13 1 1 18 18 3 3 3 6 14 14 24 24 24 24 24 24 8 8 15 15 15 5 5 5 5 5 5 17 17 17 17 17 17 20 20 20 20 20 17 17 17 17 17 17 3 3 3 12 12 12 12 24 24 24 24 24 24 2 2 2 2 2 2 0 0 11 9 9 9 9 9 9 9 9 9 9 16 16 16 16 25 25 25 25 25 25 25 25 25 25 25 25 25 25 25 25 23 23 12 12 12 12 22 22 22 7 7 7 7 10 10 4 4 4 4 7 7 7 7 20 20 20 20 20 1 1 5 5 5 5 5 5 18 18 25 25 25 25 25 25 25 25 25 25 25 25 25 25 25 25 19 19 19 19 19 19 11 6 10 10 0 0 13 13 21 21 