962
100
2
2 2 2 2 2 2 2 2 3 3 3 3 3 3 3 3 3 7 7 12 12 14 14 14 14 14 14 14 14 14 14 14 16 16 16 16 16 16 18 18 20 20 20 20 20 20 20 23 23 23 23 23 23 27 27 27 27 27 28 29 29 29 29 29 29 29 31 31 32 32 32 32 32 32 32 32 32 32 32 32 32 33 33 33 33 33 33 33 33 33 33 33 36 36 36 36 36 36 36 36 37 37 37 37 37 37 37 38 38 38 38 38 38 38 38 38 38 39 39 39 39 39 39 39 39 39 40 40 40 40 40 40 40 40 43 43 46 46 46 46 46 46 50 50 50 50 50 50 50 50 50 50 50 50 55 55 55 55 55 55 56 56 56 56 56 59 59 59 59 59 59 59 61 61 64 64 64 64 64 64 64 64 64 64 64 64 64 64 64 68 68 69 69 69 69 69 69 69 69 69 
126 127 128 129 130 131 132 133 174 175 176 177 178 179 180 17 18 15 16 38 39 136 137 138 139 140 141 87 88 89 90 91 81 82 83 84 85 86 19 20 59 60 61 62 63 64 65 58 70 71 72 73 74 160 161 162 163 164 47 40 41 42 43 44 45 46 172 173 142 143 48 49 50 51 52 154 155 156 157 158 159 32 33 34 35 36 37 27 28 29 30 31 181 182 183 184 185 186 187 188 165 166 167 168 169 170 171 144 145 146 147 148 149 150 151 152 153 191 192 193 194 195 196 197 198 199 0 1 2 3 4 5 6 7 189 190 21 22 23 24 25 26 68 69 107 108 109 110 111 112 113 114 115 116 75 76 77 78 79 80 53 54 55 56 57 100 101 102 103 104 105 106 66 67 8 9 10 11 12 13 14 92 93 94 95 96 97 98 99 134 135 117 118 119 120 121 122 123 124 125 
161 161 161 161 161 161 161 161 914 914 914 914 914 914 914 983 983 983 983 211 211 503 503 503 503 503 503 751 751 751 751 751 414 414 414 414 414 414 211 211 554 554 554 554 554 554 554 429 617 617 617 617 617 806 806 806 806 806 429 554 554 554 554 554 554 554 373 373 256 256 617 617 617 617 617 366 366 366 366 366 366 414 414 414 414 414 414 751 751 751 751 751 477 477 477 477 477 477 477 477 922 922 922 922 922 922 922 951 951 951 951 951 951 951 951 951 951 884 884 884 884 884 884 884 884 884 161 161 161 161 161 161 161 161 214 214 503 503 503 503 503 503 256 256 951 951 951 951 951 951 951 951 951 951 366 366 366 366 366 366 806 806 806 806 806 922 922 922 922 922 922 922 373 373 914 914 914 914 914 914 914 477 477 477 477 477 477 477 477 214 214 884 884 884 884 884 884 884 884 884 
0 1 2 3 4 5 6 7 8 9 10 11 12 13 14 15 16 15 16 17 18 19 20 21 22 23 24 25 26 27 28 29 30 31 32 33 34 35 17 18 36 37 38 39 40 41 42 43 44 45 46 47 48 49 50 51 52 53 43 36 37 38 39 40 41 42 54 55 56 57 44 45 46 47 48 58 59 60 61 62 63 30 31 32 33 34 35 25 26 27 28 29 64 65 66 67 68 69 70 71 72 73 74 75 76 77 78 79 80 81 82 83 84 85 86 87 88 89 90 91 92 93 94 95 96 97 0 1 2 3 4 5 6 7 98 99 19 20 21 22 23 24 56 57 79 80 81 82 83 84 85 86 87 88 58 59 60 61 62 63 49 50 51 52 53 72 73 74 75 76 77 78 54 55 8 9 10 11 12 13 14 64 65 66 67 68 69 70 71 98 99 89 90 91 92 93 94 95 96 97 
62371
19
7 2 5 2 6 6 1 2 5 8 2 9 7 2 5 6 7 8 10 
3 12 27 32 16 14 23 3 23 2 31 39 37 43 14 32 20 36 38 
64 18 56 50 33 46 28 7 32 40 61 69 59 68 33 55 29 64 50 
914 211 806 256 414 503 429 983 617 161 373 884 922 214 751 366 554 477 951 
9 9 9 9 9 9 9 9 0 0 0 0 0 0 0 7 7 7 7 1 1 5 5 5 5 5 5 14 14 14 14 14 4 4 4 4 4 4 1 1 16 16 16 16 16 16 16 6 8 8 8 8 8 2 2 2 2 2 6 16 16 16 16 16 16 16 10 10 3 3 8 8 8 8 8 15 15 15 15 15 15 4 4 4 4 4 4 14 14 14 14 14 17 17 17 17 17 17 17 17 12 12 12 12 12 12 12 18 18 18 18 18 18 18 18 18 18 11 11 11 11 11 11 11 11 11 9 9 9 9 9 9 9 9 13 13 5 5 5 5 5 5 3 3 18 18 18 18 18 18 18 18 18 18 15 15 15 15 15 15 2 2 2 2 2 12 12 12 12 12 12 12 10 10 0 0 0 0 0 0 0 17 17 17 17 17 17 17 17 13 13 11 11 11 11 11 11 11 11 11 