195
100
2
1 1 1 1 1 1 1 1 1 1 1 1 5 5 5 5 5 9 9 9 9 9 9 9 9 11 11 11 11 11 11 11 11 11 11 11 11 11 11 11 11 11 11 11 11 15 15 15 15 15 16 16 16 16 16 24 24 24 24 25 25 25 25 25 25 25 25 25 25 25 25 26 26 26 26 26 26 26 26 26 31 31 31 31 31 32 32 32 32 32 32 32 32 32 34 34 34 34 34 34 34 34 36 36 36 36 36 36 36 36 36 36 37 37 37 37 37 37 37 37 38 38 38 38 38 38 38 38 38 38 38 38 39 39 39 39 39 39 39 39 39 39 39 39 43 43 43 43 43 43 43 43 43 45 45 45 45 47 47 47 47 47 47 47 47 49 49 49 49 49 55 55 55 55 55 55 55 55 55 55 61 61 61 61 61 61 61 61 68 68 68 68 68 68 68 68 68 69 69 69 
132 133 134 135 136 137 138 139 140 141 142 143 165 166 167 168 169 112 113 114 115 116 117 118 119 170 171 172 173 174 175 176 177 178 179 102 103 104 105 106 107 108 109 110 111 94 95 96 97 98 80 81 82 83 84 153 154 155 156 120 121 122 123 124 125 126 127 128 129 130 131 144 145 146 147 148 149 150 151 152 50 51 52 53 54 188 189 190 191 192 193 194 195 196 45 46 47 48 49 197 198 199 35 36 37 38 39 40 41 42 43 44 17 18 19 20 21 22 23 24 59 60 61 62 63 64 65 66 67 68 69 70 0 1 2 3 4 5 6 7 8 9 10 11 71 72 73 74 75 76 77 78 79 55 56 57 58 180 181 182 183 184 185 186 187 12 13 14 15 16 25 26 27 28 29 30 31 32 33 34 157 158 159 160 161 162 163 164 85 86 87 88 89 90 91 92 93 99 100 101 
970 970 970 970 970 970 970 970 970 970 970 970 316 316 316 316 316 163 163 163 163 163 163 163 163 875 875 875 875 875 875 875 875 875 875 231 231 231 231 231 231 231 231 231 231 774 774 774 774 774 576 576 576 576 576 408 408 408 408 153 153 153 153 153 153 153 153 153 153 153 153 512 512 512 512 512 512 512 512 512 576 576 576 576 576 783 783 783 783 783 783 783 783 783 774 774 774 774 774 185 185 185 231 231 231 231 231 231 231 231 231 231 163 163 163 163 163 163 163 163 153 153 153 153 153 153 153 153 153 153 153 153 970 970 970 970 970 970 970 970 970 970 970 970 512 512 512 512 512 512 512 512 512 408 408 408 408 865 865 865 865 865 865 865 865 316 316 316 316 316 875 875 875 875 875 875 875 875 875 875 865 865 865 865 865 865 865 865 783 783 783 783 783 783 783 783 783 185 185 185 
0 1 2 3 4 5 6 7 8 9 10 11 12 13 14 15 16 17 18 19 20 21 22 23 24 25 26 27 28 29 30 31 32 33 34 35 36 37 38 39 40 41 42 43 44 45 46 47 48 49 50 51 52 53 54 55 56 57 58 59 60 61 62 63 64 65 66 67 68 69 70 71 72 73 74 75 76 77 78 79 50 51 52 53 54 80 81 82 83 84 85 86 87 88 45 46 47 48 49 89 90 91 35 36 37 38 39 40 41 42 43 44 17 18 19 20 21 22 23 24 59 60 61 62 63 64 65 66 67 68 69 70 0 1 2 3 4 5 6 7 8 9 10 11 71 72 73 74 75 76 77 78 79 55 56 57 58 92 93 94 95 96 97 98 99 12 13 14 15 16 25 26 27 28 29 30 31 32 33 34 92 93 94 95 96 97 98 99 80 81 82 83 84 85 86 87 88 89 90 91 
54932
13
4 12 5 9 9 10 8 8 5 5 3 10 12 
24 25 16 32 26 11 9 47 5 15 34 11 1 
45 38 31 68 43 55 37 61 49 34 69 36 39 
408 153 576 783 512 875 163 865 316 774 185 231 970 
12 12 12 12 12 12 12 12 12 12 12 12 8 8 8 8 8 6 6 6 6 6 6 6 6 5 5 5 5 5 5 5 5 5 5 11 11 11 11 11 11 11 11 11 11 9 9 9 9 9 2 2 2 2 2 0 0 0 0 1 1 1 1 1 1 1 1 1 1 1 1 4 4 4 4 4 4 4 4 4 2 2 2 2 2 3 3 3 3 3 3 3 3 3 9 9 9 9 9 10 10 10 11 11 11 11 11 11 11 11 11 11 6 6 6 6 6 6 6 6 1 1 1 1 1 1 1 1 1 1 1 1 12 12 12 12 12 12 12 12 12 12 12 12 4 4 4 4 4 4 4 4 4 0 0 0 0 7 7 7 7 7 7 7 7 8 8 8 8 8 5 5 5 5 5 5 5 5 5 5 7 7 7 7 7 7 7 7 3 3 3 3 3 3 3 3 3 10 10 10 