477
100
2
1 1 1 1 1 1 1 8 8 8 8 8 8 8 8 8 8 8 8 11 11 11 11 11 11 11 11 11 11 11 11 11 13 13 13 13 13 13 13 13 13 13 14 14 14 14 14 14 14 15 15 15 15 15 15 15 15 15 16 16 16 16 16 16 16 16 16 16 16 16 16 21 21 21 21 21 21 21 21 21 24 24 24 24 24 24 24 24 24 24 24 24 24 24 24 24 24 25 25 25 25 25 25 25 25 25 25 25 25 25 34 34 34 34 34 34 34 34 34 34 34 34 34 36 36 36 36 36 36 36 36 41 41 41 41 41 41 41 41 41 41 41 46 46 46 46 46 46 46 46 46 51 51 51 51 51 51 51 51 51 51 51 59 59 59 59 59 59 59 59 63 63 63 63 63 63 63 63 64 64 64 64 64 64 64 64 64 64 68 68 68 68 68 68 68 68 68 68 68 68 
42 43 44 45 46 47 48 188 189 190 191 192 193 194 195 196 197 198 199 110 111 112 113 114 115 116 117 118 119 120 121 122 178 179 180 181 182 183 184 185 186 187 0 1 2 3 4 5 6 71 72 73 74 75 76 77 78 79 97 98 99 100 101 102 103 104 105 106 107 108 109 49 50 51 52 53 54 55 56 57 162 163 164 165 166 167 168 169 142 143 144 145 146 147 148 149 150 58 59 60 61 62 63 64 65 66 67 68 69 70 19 20 21 22 23 24 25 26 27 28 29 30 31 170 171 172 173 174 175 176 177 151 152 153 154 155 156 157 158 159 160 161 88 89 90 91 92 93 94 95 96 131 132 133 134 135 136 137 138 139 140 141 80 81 82 83 84 85 86 87 123 124 125 126 127 128 129 130 32 33 34 35 36 37 38 39 40 41 7 8 9 10 11 12 13 14 15 16 17 18 
927 927 927 927 927 927 927 588 588 588 588 588 588 588 588 588 588 588 588 625 625 625 625 625 625 625 625 625 625 625 625 625 863 863 863 863 863 863 863 863 863 863 927 927 927 927 927 927 927 878 878 878 878 878 878 878 878 878 482 482 482 482 482 482 482 482 482 482 482 482 482 878 878 878 878 878 878 878 878 878 214 214 214 214 214 214 214 214 852 852 852 852 852 852 852 852 852 482 482 482 482 482 482 482 482 482 482 482 482 482 625 625 625 625 625 625 625 625 625 625 625 625 625 507 507 507 507 507 507 507 507 479 479 479 479 479 479 479 479 479 479 479 852 852 852 852 852 852 852 852 852 479 479 479 479 479 479 479 479 479 479 479 214 214 214 214 214 214 214 214 507 507 507 507 507 507 507 507 863 863 863 863 863 863 863 863 863 863 588 588 588 588 588 588 588 588 588 588 588 588 
0 1 2 3 4 5 6 7 8 9 10 11 12 13 14 15 16 17 18 19 20 21 22 23 24 25 26 27 28 29 30 31 32 33 34 35 36 37 38 39 40 41 0 1 2 3 4 5 6 42 43 44 45 46 47 48 49 50 51 52 53 54 55 56 57 58 59 60 61 62 63 42 43 44 45 46 47 48 49 50 64 65 66 67 68 69 70 71 72 73 74 75 76 77 78 79 80 51 52 53 54 55 56 57 58 59 60 61 62 63 19 20 21 22 23 24 25 26 27 28 29 30 31 81 82 83 84 85 86 87 88 89 90 91 92 93 94 95 96 97 98 99 72 73 74 75 76 77 78 79 80 89 90 91 92 93 94 95 96 97 98 99 64 65 66 67 68 69 70 71 81 82 83 84 85 86 87 88 32 33 34 35 36 37 38 39 40 41 7 8 9 10 11 12 13 14 15 16 17 18 
63173
10
13 13 8 9 10 11 8 12 9 7 
11 16 36 15 13 41 24 8 24 1 
34 25 63 21 64 51 59 68 46 14 
625 482 507 878 863 479 214 588 852 927 
9 9 9 9 9 9 9 7 7 7 7 7 7 7 7 7 7 7 7 0 0 0 0 0 0 0 0 0 0 0 0 0 4 4 4 4 4 4 4 4 4 4 9 9 9 9 9 9 9 3 3 3 3 3 3 3 3 3 1 1 1 1 1 1 1 1 1 1 1 1 1 3 3 3 3 3 3 3 3 3 6 6 6 6 6 6 6 6 8 8 8 8 8 8 8 8 8 1 1 1 1 1 1 1 1 1 1 1 1 1 0 0 0 0 0 0 0 0 0 0 0 0 0 2 2 2 2 2 2 2 2 5 5 5 5 5 5 5 5 5 5 5 8 8 8 8 8 8 8 8 8 5 5 5 5 5 5 5 5 5 5 5 6 6 6 6 6 6 6 6 2 2 2 2 2 2 2 2 4 4 4 4 4 4 4 4 4 4 7 7 7 7 7 7 7 7 7 7 7 7 