964
100
2
2 2 6 6 6 7 7 7 7 7 7 7 7 7 7 7 7 7 7 7 7 7 7 7 7 7 7 7 7 7 7 7 7 7 7 7 7 7 7 7 8 8 8 8 8 8 11 11 11 11 11 11 11 14 14 16 16 16 17 17 17 17 17 17 18 18 18 19 19 19 19 19 19 28 28 28 29 29 29 34 34 34 34 34 35 35 35 35 35 35 38 38 39 39 39 39 39 41 41 41 41 41 41 42 42 42 42 43 43 43 43 43 43 44 44 44 44 44 45 45 45 46 46 46 50 50 50 50 50 50 50 50 53 53 53 53 53 53 53 53 53 53 55 55 55 55 55 55 57 57 57 57 57 57 57 57 57 57 58 58 58 58 58 58 58 58 58 58 59 59 59 59 59 61 61 61 61 62 62 62 63 63 63 64 64 64 64 64 66 66 66 66 66 69 69 69 69 69 69 69 
53 54 76 77 78 107 193 194 195 196 11 10 13 12 15 14 17 16 19 18 21 20 23 22 25 24 27 26 29 28 31 30 33 32 35 34 37 36 39 38 58 59 60 61 62 63 129 67 68 69 70 71 72 0 1 121 122 123 40 41 42 43 44 45 177 178 179 47 48 49 50 51 52 168 169 170 2 3 4 142 143 144 145 146 158 159 160 161 162 163 130 131 124 125 126 127 128 132 133 134 135 136 137 138 139 140 141 5 153 154 155 156 157 183 184 185 186 187 180 181 182 55 56 57 92 93 94 95 96 46 90 91 97 98 99 100 101 102 103 104 105 106 79 80 81 82 83 176 188 189 190 191 192 108 109 110 111 112 84 85 86 87 88 89 165 164 171 172 73 74 75 166 167 197 198 199 147 64 65 66 118 119 120 113 114 115 116 117 148 149 150 151 152 6 7 8 9 173 174 175 
401 401 789 789 789 620 259 259 259 259 548 548 548 548 548 548 548 548 548 548 548 548 548 548 548 548 548 548 548 548 548 548 548 548 548 548 548 548 548 548 472 472 472 472 472 472 283 536 536 536 536 536 536 401 401 579 579 579 472 472 472 472 472 472 160 160 160 536 536 536 536 536 536 412 412 412 789 789 789 751 751 751 751 751 554 554 554 554 554 554 952 952 768 768 768 768 768 519 519 519 519 519 519 440 440 440 440 620 153 153 153 153 153 360 360 360 360 360 567 567 567 579 579 579 768 768 768 768 768 283 952 952 519 519 519 519 519 519 440 440 440 440 751 751 751 751 751 587 633 633 633 633 633 153 153 153 153 153 554 554 554 554 554 554 249 249 314 314 412 412 412 314 314 885 885 885 587 160 160 160 567 567 567 360 360 360 360 360 633 633 633 633 633 259 259 259 259 885 885 885 
0 1 2 3 4 5 6 7 8 9 10 10 11 11 12 12 13 13 14 14 15 15 16 16 17 17 18 18 19 19 20 20 21 21 22 22 23 23 24 24 25 26 27 28 29 30 31 32 33 34 35 36 37 0 1 38 39 40 25 26 27 28 29 30 41 42 43 32 33 34 35 36 37 44 45 46 2 3 4 47 48 49 50 51 52 53 54 55 56 57 58 59 60 61 62 63 64 65 66 67 68 69 70 71 72 73 74 5 75 76 77 78 79 80 81 82 83 84 85 86 87 38 39 40 60 61 62 63 64 31 58 59 65 66 67 68 69 70 71 72 73 74 47 48 49 50 51 88 89 90 91 92 93 75 76 77 78 79 52 53 54 55 56 57 94 94 95 96 44 45 46 95 96 97 98 99 88 41 42 43 85 86 87 80 81 82 83 84 89 90 91 92 93 6 7 8 9 97 98 99 
52076
25
3 2 6 5 6 5 6 1 1 5 1 3 5 3 4 2 5 6 4 3 3 3 1 2 15 
6 2 35 57 8 39 41 7 11 34 58 45 43 28 42 38 44 11 7 18 61 16 55 58 7 
29 14 58 66 17 50 53 43 50 55 58 63 57 59 53 50 64 19 69 62 69 46 61 59 7 
789 401 554 633 472 768 519 620 283 751 249 567 153 412 440 952 360 536 259 160 885 579 587 314 548 
1 1 0 0 0 7 18 18 18 18 24 24 24 24 24 24 24 24 24 24 24 24 24 24 24 24 24 24 24 24 24 24 24 24 24 24 24 24 24 24 4 4 4 4 4 4 8 17 17 17 17 17 17 1 1 21 21 21 4 4 4 4 4 4 19 19 19 17 17 17 17 17 17 13 13 13 0 0 0 9 9 9 9 9 2 2 2 2 2 2 15 15 5 5 5 5 5 6 6 6 6 6 6 14 14 14 14 7 12 12 12 12 12 16 16 16 16 16 11 11 11 21 21 21 5 5 5 5 5 8 15 15 6 6 6 6 6 6 14 14 14 14 9 9 9 9 9 22 3 3 3 3 3 12 12 12 12 12 2 2 2 2 2 2 10 10 23 23 13 13 13 23 23 20 20 20 22 19 19 19 11 11 11 16 16 16 16 16 3 3 3 3 3 18 18 18 18 20 20 20 