263
100
2
2 2 2 2 2 2 5 5 6 6 7 7 8 9 9 9 9 9 9 9 10 10 10 10 10 10 11 11 11 11 11 11 12 12 12 12 13 13 13 13 13 13 15 15 15 15 15 15 15 15 15 15 15 15 15 15 15 15 15 15 15 15 18 18 18 18 18 19 19 20 20 20 20 20 20 20 20 20 22 22 22 22 24 24 25 25 26 26 26 26 30 30 30 30 30 30 30 30 34 34 34 34 34 34 34 34 34 34 34 34 34 35 35 35 35 35 37 37 37 37 37 38 41 43 43 43 43 43 43 43 43 43 43 43 43 43 43 43 43 43 44 44 44 44 44 48 48 49 49 50 50 50 50 50 52 52 52 52 52 52 52 52 55 55 55 55 57 57 62 62 62 62 62 62 62 62 62 62 65 65 65 65 65 65 65 65 65 69 69 69 69 69 69 69 69 70 70 70 70 70 
154 155 156 157 158 159 164 165 10 11 8 9 121 84 85 73 74 75 76 77 26 27 28 29 30 31 20 21 22 23 24 25 183 184 185 186 187 195 196 197 198 199 82 83 122 123 124 125 126 127 128 129 130 131 132 133 134 135 136 137 138 139 168 169 170 171 172 162 163 94 95 96 97 15 16 17 18 19 90 91 92 93 42 43 13 14 191 192 193 194 78 79 80 81 69 70 71 72 188 189 190 111 112 113 114 115 149 150 151 152 153 101 102 103 104 105 178 179 180 181 182 12 44 45 46 47 48 49 50 51 52 53 54 55 56 57 58 59 60 61 173 174 175 176 177 147 148 145 146 106 107 108 109 110 0 1 2 3 4 5 166 167 67 68 6 7 160 161 62 63 64 65 66 140 141 142 143 144 116 117 118 119 120 32 33 34 35 36 98 99 100 86 87 88 89 37 38 39 40 41 
518 518 518 518 518 518 641 641 722 722 722 722 488 891 891 663 663 663 663 663 655 655 655 655 655 655 655 655 655 655 655 655 586 586 586 586 636 458 458 458 458 458 631 631 713 603 603 603 603 603 603 603 603 603 603 603 603 603 603 603 603 603 793 793 793 793 793 300 300 943 943 943 943 663 663 663 663 663 415 415 415 415 631 631 891 891 566 566 566 566 415 415 415 415 943 943 943 943 233 233 233 454 454 454 454 454 314 314 314 314 314 454 454 454 454 454 855 855 855 855 855 488 713 603 603 603 603 603 603 603 603 603 603 603 603 603 603 603 603 603 771 771 771 771 771 880 880 880 880 314 314 314 314 314 518 518 518 518 518 518 179 179 300 300 641 641 179 179 793 793 793 793 793 771 771 771 771 771 855 855 855 855 855 586 586 586 586 636 233 233 233 566 566 566 566 458 458 458 458 458 
0 1 2 3 4 5 6 7 8 9 8 9 10 11 12 13 14 15 16 17 18 19 20 21 22 23 18 19 20 21 22 23 24 25 26 27 28 29 30 31 32 33 34 35 36 37 38 39 40 41 42 43 44 45 46 47 48 49 50 51 52 53 54 55 56 57 58 59 60 61 62 63 64 13 14 15 16 17 65 66 67 68 34 35 11 12 69 70 71 72 65 66 67 68 61 62 63 64 73 74 75 76 77 78 79 80 81 82 83 84 85 76 77 78 79 80 86 87 88 89 90 10 36 37 38 39 40 41 42 43 44 45 46 47 48 49 50 51 52 53 91 92 93 94 95 96 97 96 97 81 82 83 84 85 0 1 2 3 4 5 98 99 59 60 6 7 98 99 54 55 56 57 58 91 92 93 94 95 86 87 88 89 90 24 25 26 27 28 73 74 75 69 70 71 72 29 30 31 32 33 
59893
25
4 1 2 1 6 2 3 5 4 6 2 5 5 5 4 4 5 5 2 2 2 2 1 5 17 
22 13 15 8 2 19 34 37 26 10 52 18 34 44 20 12 13 34 48 6 5 9 15 9 15 
30 69 24 38 52 55 69 65 69 11 57 62 35 62 30 65 70 50 49 7 55 25 41 20 43 
415 636 631 488 518 300 233 855 566 655 179 793 454 771 943 586 458 314 880 722 641 891 713 663 603 
4 4 4 4 4 4 20 20 19 19 19 19 3 21 21 23 23 23 23 23 9 9 9 9 9 9 9 9 9 9 9 9 15 15 15 15 1 16 16 16 16 16 2 2 22 24 24 24 24 24 24 24 24 24 24 24 24 24 24 24 24 24 11 11 11 11 11 5 5 14 14 14 14 23 23 23 23 23 0 0 0 0 2 2 21 21 8 8 8 8 0 0 0 0 14 14 14 14 6 6 6 12 12 12 12 12 17 17 17 17 17 12 12 12 12 12 7 7 7 7 7 3 22 24 24 24 24 24 24 24 24 24 24 24 24 24 24 24 24 24 13 13 13 13 13 18 18 18 18 17 17 17 17 17 4 4 4 4 4 4 10 10 5 5 20 20 10 10 11 11 11 11 11 13 13 13 13 13 7 7 7 7 7 15 15 15 15 1 6 6 6 8 8 8 8 16 16 16 16 16 