499
100
2
1 1 1 2 2 2 2 2 2 2 3 3 3 3 3 8 8 8 8 8 8 8 11 11 15 15 15 15 15 15 15 18 18 18 18 18 18 18 18 19 19 19 19 19 19 19 19 19 19 19 20 20 20 20 20 20 20 24 24 24 24 26 26 26 26 27 27 27 27 27 27 27 31 31 33 33 33 33 33 33 33 33 33 33 33 33 33 33 33 33 33 35 35 35 37 37 37 37 37 38 38 38 38 41 41 41 41 42 42 42 42 42 42 42 42 42 42 42 42 42 42 43 43 43 43 43 45 45 45 45 45 45 45 47 47 47 47 47 47 47 49 49 49 49 49 49 54 54 54 54 56 56 56 56 65 65 65 65 65 65 65 65 67 67 67 67 67 67 67 67 67 67 68 68 68 68 68 68 68 68 69 69 69 70 70 70 70 70 70 70 70 70 70 70 70 70 70 70 70 70 
91 92 93 107 108 109 110 111 112 113 121 122 123 124 125 50 51 52 53 54 55 56 24 25 22 23 94 95 96 97 98 180 181 182 175 176 177 178 179 57 58 59 60 65 66 67 68 69 70 71 15 16 17 18 19 20 21 39 40 41 42 146 147 148 149 43 44 45 46 47 48 49 138 139 183 184 185 186 187 188 189 190 191 192 193 194 195 196 197 198 199 0 1 2 26 27 28 29 30 162 163 164 165 150 151 152 153 3 4 5 6 7 8 9 126 127 128 129 130 131 132 10 11 12 13 14 114 115 116 117 118 119 120 154 155 156 157 158 72 73 166 167 168 169 170 171 61 62 63 64 103 104 105 106 133 134 135 136 137 172 173 174 99 100 101 102 140 141 142 143 144 145 159 160 161 34 35 36 37 38 31 32 33 74 75 76 77 78 79 80 81 82 83 84 85 86 87 88 89 90 
432 432 432 971 971 971 971 971 971 971 631 631 631 631 631 669 669 669 669 669 669 669 837 837 837 837 969 969 969 969 969 513 513 513 780 780 780 780 780 938 938 938 938 842 842 842 842 842 842 842 669 669 669 669 669 669 669 938 938 938 938 579 579 579 579 842 842 842 842 842 842 842 250 250 660 660 660 660 660 660 660 660 660 660 660 660 660 660 660 660 660 432 432 432 969 969 969 969 969 309 309 309 309 553 553 553 553 971 971 971 971 971 971 971 556 556 556 556 556 556 556 631 631 631 631 631 556 556 556 556 556 556 556 313 313 313 313 313 250 250 559 559 559 559 559 559 579 579 579 579 553 553 553 553 313 313 313 313 313 923 923 923 309 309 309 309 559 559 559 559 559 559 923 923 923 780 780 780 780 780 513 513 513 660 660 660 660 660 660 660 660 660 660 660 660 660 660 660 660 660 
0 1 2 3 4 5 6 7 8 9 10 11 12 13 14 15 16 17 18 19 20 21 22 23 22 23 24 25 26 27 28 29 30 31 32 33 34 35 36 37 38 39 40 41 42 43 44 45 46 47 15 16 17 18 19 20 21 37 38 39 40 48 49 50 51 41 42 43 44 45 46 47 52 53 54 55 56 57 58 59 60 61 62 63 64 65 66 67 68 69 70 0 1 2 24 25 26 27 28 71 72 73 74 75 76 77 78 3 4 5 6 7 8 9 79 80 81 82 83 84 85 10 11 12 13 14 79 80 81 82 83 84 85 86 87 88 89 90 52 53 91 92 93 94 95 96 48 49 50 51 75 76 77 78 86 87 88 89 90 97 98 99 71 72 73 74 91 92 93 94 95 96 97 98 99 32 33 34 35 36 29 30 31 54 55 56 57 58 59 60 61 62 63 64 65 66 67 68 69 70 
66599
19
7 5 4 3 2 5 4 6 3 7 4 2 7 5 4 5 3 7 17 
2 47 38 18 11 15 41 49 65 8 19 31 42 3 26 18 1 19 33 
42 65 67 69 15 37 56 67 68 20 24 47 45 43 54 68 35 27 70 
971 313 309 513 837 969 553 559 923 669 938 250 556 631 579 780 432 842 660 
16 16 16 0 0 0 0 0 0 0 13 13 13 13 13 9 9 9 9 9 9 9 4 4 4 4 5 5 5 5 5 3 3 3 15 15 15 15 15 10 10 10 10 17 17 17 17 17 17 17 9 9 9 9 9 9 9 10 10 10 10 14 14 14 14 17 17 17 17 17 17 17 11 11 18 18 18 18 18 18 18 18 18 18 18 18 18 18 18 18 18 16 16 16 5 5 5 5 5 2 2 2 2 6 6 6 6 0 0 0 0 0 0 0 12 12 12 12 12 12 12 13 13 13 13 13 12 12 12 12 12 12 12 1 1 1 1 1 11 11 7 7 7 7 7 7 14 14 14 14 6 6 6 6 1 1 1 1 1 8 8 8 2 2 2 2 7 7 7 7 7 7 8 8 8 15 15 15 15 15 3 3 3 18 18 18 18 18 18 18 18 18 18 18 18 18 18 18 18 18 