465
100
2
1 1 1 3 3 3 3 3 3 3 3 3 4 4 4 4 4 4 4 4 4 4 4 4 4 4 4 4 4 4 4 4 4 8 8 8 8 8 8 8 8 11 11 11 11 11 11 11 12 12 12 12 12 12 12 19 19 19 19 19 19 19 19 19 19 19 19 19 19 21 21 21 26 26 26 26 26 26 26 26 26 26 26 26 26 26 26 26 26 26 26 26 26 26 26 26 26 35 35 35 35 35 35 35 35 35 43 43 43 45 45 45 45 45 45 45 45 45 49 49 49 49 49 49 49 49 49 49 49 49 49 51 51 51 51 51 51 51 51 51 51 51 51 51 51 51 54 54 54 54 54 54 54 54 54 54 54 55 55 55 55 55 55 55 56 56 56 56 56 56 56 56 56 56 56 68 68 68 68 68 68 68 68 68 68 68 68 68 68 68 68 68 68 70 70 70 70 70 70 70 
106 107 108 122 123 124 125 126 127 128 129 130 118 119 120 121 193 194 195 196 197 198 199 55 56 57 58 59 60 61 62 63 64 131 132 133 134 135 136 137 138 72 73 74 75 76 77 78 139 140 141 142 143 144 145 23 24 25 26 27 28 29 30 31 32 160 161 162 163 157 158 159 41 42 43 44 45 46 47 175 176 177 178 179 180 181 182 183 184 185 186 187 188 189 190 191 192 109 110 111 112 113 114 115 116 117 0 1 2 97 98 99 100 101 102 103 104 105 12 13 14 15 3 4 5 6 7 8 9 10 11 33 34 35 36 37 38 39 40 48 49 50 51 52 53 54 164 165 166 167 168 169 170 171 172 173 174 69 70 71 65 66 67 68 146 147 148 149 150 151 152 153 154 155 156 79 80 81 82 83 84 85 86 87 88 89 90 91 92 93 94 95 96 16 17 18 19 20 21 22 
994 994 994 517 517 517 517 517 517 517 517 517 779 779 779 779 207 207 207 207 207 207 207 237 237 237 237 237 237 237 237 237 237 288 288 288 288 288 288 288 288 604 604 604 604 604 604 604 474 474 474 474 474 474 474 237 237 237 237 237 237 237 237 237 237 998 998 998 998 796 796 796 604 604 604 604 604 604 604 289 289 289 289 289 289 289 289 289 289 289 289 289 289 289 289 289 289 511 511 511 511 511 511 511 511 511 994 994 994 511 511 511 511 511 511 511 511 511 779 779 779 779 517 517 517 517 517 517 517 517 517 288 288 288 288 288 288 288 288 474 474 474 474 474 474 474 389 389 389 389 389 389 389 389 389 389 389 796 796 796 998 998 998 998 389 389 389 389 389 389 389 389 389 389 389 289 289 289 289 289 289 289 289 289 289 289 289 289 289 289 289 289 289 207 207 207 207 207 207 207 
0 1 2 3 4 5 6 7 8 9 10 11 12 13 14 15 16 17 18 19 20 21 22 23 24 25 26 27 28 29 30 31 32 33 34 35 36 37 38 39 40 41 42 43 44 45 46 47 48 49 50 51 52 53 54 23 24 25 26 27 28 29 30 31 32 55 56 57 58 59 60 61 41 42 43 44 45 46 47 62 63 64 65 66 67 68 69 70 71 72 73 74 75 76 77 78 79 80 81 82 83 84 85 86 87 88 0 1 2 80 81 82 83 84 85 86 87 88 12 13 14 15 3 4 5 6 7 8 9 10 11 33 34 35 36 37 38 39 40 48 49 50 51 52 53 54 89 90 91 92 93 94 95 96 97 98 99 59 60 61 55 56 57 58 89 90 91 92 93 94 95 96 97 98 99 62 63 64 65 66 67 68 69 70 71 72 73 74 75 76 77 78 79 16 17 18 19 20 21 22 
44880
13
11 4 8 9 3 7 7 9 10 3 7 4 18 
54 4 8 35 1 4 11 3 4 21 12 19 26 
56 49 51 45 43 70 26 49 19 55 51 55 68 
389 779 288 511 994 207 604 517 237 796 474 998 289 
4 4 4 7 7 7 7 7 7 7 7 7 1 1 1 1 5 5 5 5 5 5 5 8 8 8 8 8 8 8 8 8 8 2 2 2 2 2 2 2 2 6 6 6 6 6 6 6 10 10 10 10 10 10 10 8 8 8 8 8 8 8 8 8 8 11 11 11 11 9 9 9 6 6 6 6 6 6 6 12 12 12 12 12 12 12 12 12 12 12 12 12 12 12 12 12 12 3 3 3 3 3 3 3 3 3 4 4 4 3 3 3 3 3 3 3 3 3 1 1 1 1 7 7 7 7 7 7 7 7 7 2 2 2 2 2 2 2 2 10 10 10 10 10 10 10 0 0 0 0 0 0 0 0 0 0 0 9 9 9 11 11 11 11 0 0 0 0 0 0 0 0 0 0 0 12 12 12 12 12 12 12 12 12 12 12 12 12 12 12 12 12 12 5 5 5 5 5 5 5 