556
100
2
2 2 2 2 2 2 2 2 2 2 2 10 10 10 10 11 11 11 11 11 11 11 11 11 11 11 16 16 16 16 16 16 16 16 17 17 17 17 17 17 17 17 17 17 18 18 21 21 21 21 22 22 22 22 22 22 22 22 22 22 23 23 23 24 24 24 24 24 27 27 27 27 27 27 27 29 29 29 29 29 29 29 29 30 30 30 30 30 30 30 30 30 30 30 30 30 30 31 31 31 31 31 31 31 31 31 31 31 36 36 36 36 36 36 36 36 36 36 36 36 37 37 37 37 37 37 37 39 39 39 41 41 41 41 41 41 41 44 44 44 44 44 44 44 44 45 45 45 45 45 45 45 46 46 46 46 46 46 46 46 46 46 46 46 46 48 48 48 48 57 57 57 57 57 57 57 57 58 58 58 58 60 60 60 60 60 60 62 62 63 63 63 63 63 63 63 69 69 69 69 
15 16 17 18 19 20 21 22 23 24 25 196 197 198 199 0 1 2 3 4 5 6 7 8 9 10 75 76 77 78 79 80 81 82 50 51 52 53 54 55 56 57 58 59 187 188 177 178 179 180 34 35 36 37 38 39 40 41 42 43 127 128 129 108 109 110 111 112 120 121 122 123 124 125 126 26 27 28 29 30 31 32 33 152 153 154 155 156 157 158 113 114 115 116 117 118 119 165 166 167 168 145 146 147 148 149 150 151 63 64 65 66 67 90 91 92 93 94 95 96 68 69 70 71 72 73 74 60 61 62 189 190 191 192 193 194 195 169 170 171 172 173 174 175 176 101 102 103 104 105 106 107 83 84 85 86 87 88 89 181 182 183 184 185 186 97 98 99 100 137 138 139 140 141 142 143 144 46 47 48 49 159 160 161 162 163 164 44 45 130 131 132 133 134 135 136 11 12 13 14 
356 356 356 356 356 356 356 356 356 356 356 938 938 938 938 356 356 356 356 356 356 356 356 356 356 356 593 593 593 593 593 593 593 593 550 550 550 550 550 550 550 550 550 550 750 750 323 323 323 323 550 550 550 550 550 550 550 550 550 550 150 150 150 946 946 946 946 946 159 159 159 159 159 159 159 593 593 593 593 593 593 593 593 541 541 541 541 541 541 541 628 628 628 628 628 628 628 413 413 413 413 663 663 663 663 663 663 663 946 946 946 946 946 628 628 628 628 628 628 628 159 159 159 159 159 159 159 150 150 150 233 233 233 233 233 233 233 281 281 281 281 281 281 281 281 663 663 663 663 663 663 663 541 541 541 541 541 541 541 700 700 700 700 700 700 413 413 413 413 281 281 281 281 281 281 281 281 323 323 323 323 700 700 700 700 700 700 750 750 233 233 233 233 233 233 233 938 938 938 938 
0 1 2 3 4 5 6 7 8 9 10 11 12 13 14 0 1 2 3 4 5 6 7 8 9 10 15 16 17 18 19 20 21 22 23 24 25 26 27 28 29 30 31 32 33 34 35 36 37 38 23 24 25 26 27 28 29 30 31 32 39 40 41 42 43 44 45 46 47 48 49 50 51 52 53 15 16 17 18 19 20 21 22 54 55 56 57 58 59 60 61 62 63 64 65 66 67 68 69 70 71 72 73 74 75 76 77 78 42 43 44 45 46 61 62 63 64 65 66 67 47 48 49 50 51 52 53 39 40 41 79 80 81 82 83 84 85 86 87 88 89 90 91 92 93 72 73 74 75 76 77 78 54 55 56 57 58 59 60 94 95 96 97 98 99 68 69 70 71 86 87 88 89 90 91 92 93 35 36 37 38 94 95 96 97 98 99 33 34 79 80 81 82 83 84 85 11 12 13 14 
49552
16
7 8 4 4 10 2 4 5 7 7 6 7 8 3 7 11 
30 16 31 10 17 18 21 24 30 41 46 27 44 23 31 2 
46 29 48 69 22 62 58 36 36 63 60 37 57 39 45 11 
541 593 413 938 550 750 323 946 628 233 700 159 281 150 663 356 
15 15 15 15 15 15 15 15 15 15 15 3 3 3 3 15 15 15 15 15 15 15 15 15 15 15 1 1 1 1 1 1 1 1 4 4 4 4 4 4 4 4 4 4 5 5 6 6 6 6 4 4 4 4 4 4 4 4 4 4 13 13 13 7 7 7 7 7 11 11 11 11 11 11 11 1 1 1 1 1 1 1 1 0 0 0 0 0 0 0 8 8 8 8 8 8 8 2 2 2 2 14 14 14 14 14 14 14 7 7 7 7 7 8 8 8 8 8 8 8 11 11 11 11 11 11 11 13 13 13 9 9 9 9 9 9 9 12 12 12 12 12 12 12 12 14 14 14 14 14 14 14 0 0 0 0 0 0 0 10 10 10 10 10 10 2 2 2 2 12 12 12 12 12 12 12 12 6 6 6 6 10 10 10 10 10 10 5 5 9 9 9 9 9 9 9 3 3 3 3 