219
100
2
1 1 1 2 2 2 2 2 3 3 3 3 3 3 3 3 3 4 4 6 8 8 8 8 13 13 13 13 13 13 14 14 15 15 15 15 15 15 15 15 15 15 15 15 15 16 16 16 16 16 17 17 17 17 17 17 18 18 19 19 19 19 19 19 19 19 19 21 21 23 23 23 23 24 24 24 26 26 26 26 26 26 26 27 27 27 27 28 31 31 31 31 31 31 31 31 33 33 33 34 34 35 35 35 35 41 41 41 42 44 44 44 44 44 44 44 47 47 47 47 47 47 48 48 48 48 48 48 48 48 48 48 48 48 48 51 51 53 53 53 53 55 55 55 55 55 55 55 56 56 56 61 61 61 61 61 61 62 62 62 62 62 62 62 62 62 62 62 62 62 63 63 63 63 63 63 64 64 64 64 64 64 64 64 64 64 64 64 65 66 66 66 66 66 66 66 66 66 66 66 
145 146 147 76 77 78 79 80 96 97 98 90 91 92 93 94 95 186 187 44 45 46 47 48 32 33 34 35 36 37 50 51 24 25 26 27 28 29 116 117 118 119 120 121 19 20 21 22 23 136 30 31 137 138 139 140 67 68 176 177 178 179 180 190 191 192 193 56 57 182 183 184 185 108 99 100 3 4 5 6 7 88 89 84 83 86 85 135 81 82 11 12 13 14 15 16 8 9 10 74 75 141 142 143 144 148 149 150 73 189 170 171 172 173 174 175 38 39 40 41 42 43 157 158 159 160 161 162 163 164 165 166 167 168 169 87 49 52 53 54 55 101 102 103 104 0 1 2 105 106 107 194 195 196 197 198 199 122 123 124 125 126 127 128 129 130 131 132 133 134 110 111 112 113 114 115 58 59 60 61 62 188 69 70 71 72 17 18 181 109 63 64 65 66 151 152 153 154 155 156 
664 664 664 185 185 185 185 185 436 436 436 483 483 483 483 483 483 824 824 695 970 970 970 970 865 865 865 865 865 865 706 706 865 865 865 865 865 865 167 167 167 167 167 167 695 970 970 970 970 189 706 706 319 319 319 319 837 837 683 683 683 683 683 351 351 351 351 837 837 166 166 166 166 889 869 869 185 185 185 185 185 478 478 586 586 586 586 281 478 478 483 483 483 483 483 483 436 436 436 869 869 332 332 332 332 174 174 174 889 552 838 838 838 838 838 838 167 167 167 167 167 167 703 703 703 703 703 703 703 703 703 703 703 703 703 281 189 319 319 319 319 332 332 332 332 664 664 664 174 174 174 311 311 311 311 311 311 703 703 703 703 703 703 703 703 703 703 703 703 703 838 838 838 838 838 838 683 683 683 683 683 703 166 166 166 166 824 824 703 552 351 351 351 351 311 311 311 311 311 311 
0 1 2 3 4 5 6 7 8 9 10 11 12 13 14 15 16 17 18 19 20 21 22 23 24 25 26 27 28 29 30 31 24 25 26 27 28 29 32 33 34 35 36 37 19 20 21 22 23 38 30 31 39 40 41 42 43 44 45 46 47 48 49 50 51 52 53 43 44 54 55 56 57 58 59 60 3 4 5 6 7 61 62 63 63 64 64 65 61 62 11 12 13 14 15 16 8 9 10 59 60 66 67 68 69 70 71 72 58 73 74 75 76 77 78 79 32 33 34 35 36 37 80 81 82 83 84 85 86 87 88 89 90 91 92 65 38 39 40 41 42 66 67 68 69 0 1 2 70 71 72 93 94 95 96 97 98 80 81 82 83 84 85 86 87 88 89 90 91 92 74 75 76 77 78 79 45 46 47 48 49 99 54 55 56 57 17 18 99 73 50 51 52 53 93 94 95 96 97 98 
53746
28
1 1 5 2 4 1 3 4 5 2 1 6 4 6 2 3 6 2 4 6 3 1 4 1 6 2 2 13 
24 44 19 18 35 64 41 19 2 26 28 44 23 13 14 1 15 4 8 61 3 6 17 16 3 27 24 48 
42 66 64 21 55 65 56 66 26 31 51 63 64 15 17 55 47 64 16 66 33 15 53 51 31 27 34 62 
889 552 683 837 332 703 174 351 185 478 281 838 166 865 706 664 167 824 970 311 436 695 319 189 483 586 869 703 
15 15 15 8 8 8 8 8 20 20 20 24 24 24 24 24 24 17 17 21 18 18 18 18 13 13 13 13 13 13 14 14 13 13 13 13 13 13 16 16 16 16 16 16 21 18 18 18 18 23 14 14 22 22 22 22 3 3 2 2 2 2 2 7 7 7 7 3 3 12 12 12 12 0 26 26 8 8 8 8 8 9 9 25 25 25 25 10 9 9 24 24 24 24 24 24 20 20 20 26 26 4 4 4 4 6 6 6 0 1 11 11 11 11 11 11 16 16 16 16 16 16 27 27 27 27 27 27 27 27 27 27 27 27 27 10 23 22 22 22 22 4 4 4 4 15 15 15 6 6 6 19 19 19 19 19 19 27 27 27 27 27 27 27 27 27 27 27 27 27 11 11 11 11 11 11 2 2 2 2 2 5 12 12 12 12 17 17 5 1 7 7 7 7 19 19 19 19 19 19 