440
100
2
1 1 1 1 3 3 3 3 3 3 8 8 8 8 10 10 11 11 11 11 14 14 14 14 17 17 17 17 17 17 17 17 17 17 17 17 17 17 17 17 17 18 18 18 18 18 18 18 23 23 23 23 23 23 23 23 23 23 23 26 26 26 26 26 26 26 26 26 28 28 28 28 28 28 28 28 31 31 31 31 31 31 31 31 31 31 31 31 31 31 31 35 35 35 35 35 35 35 35 35 36 36 36 38 38 38 39 39 39 39 39 39 39 39 39 39 41 41 41 41 41 41 41 41 41 41 41 41 41 41 41 41 44 44 44 44 44 44 44 44 44 44 44 44 44 44 44 44 44 45 45 45 45 51 51 51 51 51 51 51 51 51 51 51 51 51 55 55 55 55 55 55 55 55 60 60 60 60 60 60 60 60 60 63 63 63 63 63 63 63 63 63 68 68 68 68 68 68 68 68 
149 150 151 152 126 127 128 129 130 131 20 21 22 23 132 133 153 154 155 156 10 11 12 13 48 49 50 51 52 53 54 55 56 57 58 70 71 72 73 74 75 61 62 63 64 65 66 67 24 25 26 27 28 29 30 31 32 33 34 68 69 41 42 43 44 45 46 47 59 60 35 36 37 38 39 40 134 135 136 137 138 139 140 141 142 143 144 145 146 147 148 157 158 159 160 161 162 163 164 165 103 104 105 100 101 102 116 117 118 119 120 121 122 123 124 125 106 107 108 109 110 111 112 113 114 115 4 5 6 7 8 9 14 15 76 77 78 79 80 81 82 83 84 85 86 87 88 89 90 0 1 2 3 16 17 18 19 91 92 93 94 95 96 97 98 99 192 193 194 195 196 197 198 199 183 184 185 186 187 188 189 190 191 174 175 176 177 178 179 180 181 182 166 167 168 169 170 171 172 173 
996 996 996 996 339 339 339 339 339 339 964 964 964 964 398 398 438 438 438 438 964 964 964 964 602 602 602 602 602 602 602 602 602 602 602 717 717 717 717 717 717 490 490 490 490 490 490 490 602 602 602 602 602 602 602 602 602 602 602 324 324 490 490 490 490 490 490 490 324 324 717 717 717 717 717 717 792 792 792 792 792 792 792 792 792 792 792 792 792 792 792 831 831 831 831 831 831 831 831 831 378 378 378 378 378 378 575 575 575 575 575 575 575 575 575 575 575 575 575 575 575 575 575 575 575 575 339 339 339 339 339 339 398 398 792 792 792 792 792 792 792 792 792 792 792 792 792 792 792 996 996 996 996 438 438 438 438 831 831 831 831 831 831 831 831 831 678 678 678 678 678 678 678 678 956 956 956 956 956 956 956 956 956 956 956 956 956 956 956 956 956 956 678 678 678 678 678 678 678 678 
0 1 2 3 4 5 6 7 8 9 10 11 12 13 14 15 16 17 18 19 10 11 12 13 20 21 22 23 24 25 26 27 28 29 30 31 32 33 34 35 36 37 38 39 40 41 42 43 20 21 22 23 24 25 26 27 28 29 30 44 45 37 38 39 40 41 42 43 44 45 31 32 33 34 35 36 46 47 48 49 50 51 52 53 54 55 56 57 58 59 60 61 62 63 64 65 66 67 68 69 70 71 72 70 71 72 73 74 75 76 77 78 79 80 81 82 73 74 75 76 77 78 79 80 81 82 4 5 6 7 8 9 14 15 46 47 48 49 50 51 52 53 54 55 56 57 58 59 60 0 1 2 3 16 17 18 19 61 62 63 64 65 66 67 68 69 83 84 85 86 87 88 89 90 91 92 93 94 95 96 97 98 99 91 92 93 94 95 96 97 98 99 83 84 85 86 87 88 89 90 
67695
15
9 8 4 11 3 2 10 2 6 4 7 6 4 9 15 
60 55 8 17 36 10 39 26 17 1 18 3 11 35 31 
63 68 14 23 38 44 41 28 28 45 26 41 51 51 44 
956 678 964 602 378 398 575 324 717 996 490 339 438 831 792 
9 9 9 9 11 11 11 11 11 11 2 2 2 2 5 5 12 12 12 12 2 2 2 2 3 3 3 3 3 3 3 3 3 3 3 8 8 8 8 8 8 10 10 10 10 10 10 10 3 3 3 3 3 3 3 3 3 3 3 7 7 10 10 10 10 10 10 10 7 7 8 8 8 8 8 8 14 14 14 14 14 14 14 14 14 14 14 14 14 14 14 13 13 13 13 13 13 13 13 13 4 4 4 4 4 4 6 6 6 6 6 6 6 6 6 6 6 6 6 6 6 6 6 6 6 6 11 11 11 11 11 11 5 5 14 14 14 14 14 14 14 14 14 14 14 14 14 14 14 9 9 9 9 12 12 12 12 13 13 13 13 13 13 13 13 13 1 1 1 1 1 1 1 1 0 0 0 0 0 0 0 0 0 0 0 0 0 0 0 0 0 0 1 1 1 1 1 1 1 1 