412
100
2
1 1 1 1 1 1 4 4 4 4 4 4 4 4 4 6 6 6 6 6 6 6 6 9 10 10 10 10 10 12 12 12 14 15 15 15 17 17 17 17 17 17 18 20 20 20 20 22 22 22 22 22 22 22 23 23 23 23 23 25 25 25 25 25 25 25 25 25 25 25 25 25 25 25 25 25 25 25 27 27 27 27 27 28 28 28 28 29 29 29 29 29 30 30 30 32 32 32 32 32 32 32 32 32 32 32 32 32 32 32 32 32 32 32 32 33 33 33 33 33 35 35 36 36 36 36 40 40 40 41 41 41 42 42 42 42 42 42 42 42 43 43 43 43 43 43 45 45 46 46 46 46 46 47 47 47 50 50 50 50 50 50 52 53 53 56 56 59 59 59 60 60 60 60 60 60 62 62 62 62 62 62 62 62 63 63 63 63 65 65 66 66 66 66 69 69 69 70 70 70 
170 171 172 173 174 175 47 48 49 197 198 199 33 34 35 32 178 179 180 181 182 183 23 22 115 116 117 118 119 156 120 121 15 12 13 14 188 189 136 137 138 139 50 184 185 186 187 6 7 8 42 89 90 91 157 158 159 160 161 83 84 85 86 100 101 102 103 104 105 106 107 108 109 110 111 112 113 114 95 96 97 98 99 59 60 61 62 176 177 51 52 53 194 195 196 78 79 80 81 82 63 64 65 66 67 68 69 70 71 72 73 74 75 76 77 24 25 26 27 28 30 31 149 150 151 152 153 154 155 143 144 145 190 191 192 193 38 39 40 41 167 168 169 129 130 131 165 166 164 122 123 124 125 126 127 128 29 54 55 56 57 58 163 162 148 146 147 140 141 142 0 1 2 3 4 5 87 88 16 17 18 19 20 21 43 44 45 46 36 37 132 133 134 135 92 93 94 9 10 11 
309 309 309 309 309 309 653 653 653 733 733 733 274 274 274 279 268 268 268 268 268 268 394 394 967 967 967 967 967 655 186 186 279 274 274 274 447 447 232 232 232 232 545 748 748 748 748 653 653 653 545 741 741 741 547 547 547 547 547 674 674 674 674 884 884 884 884 884 884 884 884 884 884 884 884 884 884 884 838 838 838 838 838 674 674 674 674 640 640 741 741 741 219 219 219 838 838 838 838 838 884 884 884 884 884 884 884 884 884 884 884 884 884 884 884 967 967 967 967 967 186 186 951 951 951 951 409 409 409 165 165 165 796 796 796 796 232 232 232 232 731 731 731 165 165 165 958 958 656 951 951 951 951 409 409 409 655 547 547 547 547 547 178 178 656 958 958 731 731 731 309 309 309 309 309 309 640 640 268 268 268 268 268 268 748 748 748 748 447 447 796 796 796 796 219 219 219 733 733 733 
0 1 2 3 4 5 6 7 8 9 10 11 12 13 14 15 16 17 18 19 20 21 22 22 23 24 25 26 27 28 29 30 15 12 13 14 31 32 33 34 35 36 37 38 39 40 41 6 7 8 37 42 43 44 45 46 47 48 49 50 51 52 53 54 55 56 57 58 59 60 61 62 63 64 65 66 67 68 69 70 71 72 73 50 51 52 53 74 75 42 43 44 76 77 78 69 70 71 72 73 54 55 56 57 58 59 60 61 62 63 64 65 66 67 68 23 24 25 26 27 29 30 79 80 81 82 83 84 85 86 87 88 89 90 91 92 33 34 35 36 93 94 95 86 87 88 96 97 98 79 80 81 82 83 84 85 28 45 46 47 48 49 99 99 98 96 97 93 94 95 0 1 2 3 4 5 74 75 16 17 18 19 20 21 38 39 40 41 31 32 89 90 91 92 76 77 78 9 10 11 
61030
29
3 2 4 6 4 3 1 5 4 2 3 3 1 4 3 3 3 1 2 1 4 3 6 1 1 5 2 5 15 
30 17 20 1 25 40 6 10 42 45 4 43 18 17 4 4 41 52 29 46 36 22 6 12 6 23 12 27 25 
69 65 63 60 28 47 14 33 66 56 22 59 22 42 70 15 43 53 62 53 46 29 62 50 9 50 35 32 32 
219 447 748 309 674 409 279 967 796 958 653 731 545 232 733 274 165 178 640 656 951 741 268 655 394 547 186 838 884 
3 3 3 3 3 3 10 10 10 14 14 14 15 15 15 6 22 22 22 22 22 22 24 24 7 7 7 7 7 23 26 26 6 15 15 15 1 1 13 13 13 13 12 2 2 2 2 10 10 10 12 21 21 21 25 25 25 25 25 4 4 4 4 28 28 28 28 28 28 28 28 28 28 28 28 28 28 28 27 27 27 27 27 4 4 4 4 18 18 21 21 21 0 0 0 27 27 27 27 27 28 28 28 28 28 28 28 28 28 28 28 28 28 28 28 7 7 7 7 7 26 26 20 20 20 20 5 5 5 16 16 16 8 8 8 8 13 13 13 13 11 11 11 16 16 16 9 9 19 20 20 20 20 5 5 5 23 25 25 25 25 25 17 17 19 9 9 11 11 11 3 3 3 3 3 3 18 18 22 22 22 22 22 22 2 2 2 2 1 1 8 8 8 8 0 0 0 14 14 14 