250
100
2
2 2 2 6 6 6 6 6 6 7 7 7 7 7 7 7 7 7 7 7 7 7 7 8 8 10 10 10 10 10 12 12 12 12 12 12 12 12 12 12 12 12 12 12 12 12 14 14 14 14 14 14 14 14 14 14 15 15 16 16 16 16 16 16 17 17 17 17 17 17 20 20 20 20 20 20 20 20 20 20 20 20 20 20 20 20 20 20 20 20 21 21 21 21 21 21 21 21 21 21 21 21 24 24 24 24 24 24 30 30 30 30 30 31 31 32 32 32 32 32 32 32 32 33 33 33 33 33 33 35 35 35 35 35 35 37 37 37 37 37 37 41 41 41 42 42 42 42 42 42 42 44 44 44 44 44 44 45 45 45 45 45 45 45 45 45 46 46 46 46 46 46 46 49 52 52 55 55 55 55 55 57 57 57 57 57 57 60 60 60 60 60 63 63 65 65 66 66 66 67 
141 142 143 144 145 146 147 148 173 10 9 12 11 14 13 16 15 18 17 20 19 57 95 48 49 90 91 92 93 94 74 75 76 77 78 79 80 81 82 83 84 85 86 87 88 89 113 114 23 24 151 152 153 154 155 156 108 21 70 71 72 73 109 110 181 182 183 184 185 186 58 59 60 61 30 31 32 33 34 35 36 37 38 39 40 41 42 43 44 45 25 26 27 28 29 22 123 124 125 126 127 128 157 158 159 160 161 162 56 62 63 174 175 46 47 194 195 129 130 131 132 133 134 96 97 98 99 100 101 117 118 119 120 121 122 167 168 169 170 171 172 0 1 2 3 4 5 6 7 192 193 50 51 52 53 54 55 102 103 104 105 106 107 196 197 198 199 135 136 137 138 139 140 8 111 112 187 188 189 190 191 64 65 66 67 68 69 176 177 178 179 180 149 150 115 116 163 164 165 166 
236 236 236 367 367 367 367 367 994 768 768 768 768 768 768 768 768 768 768 768 768 281 977 723 723 370 370 370 370 370 866 866 866 866 866 866 866 866 866 866 866 866 866 866 866 866 287 287 723 723 882 882 882 882 882 882 629 281 874 874 874 874 655 655 168 168 168 168 168 168 874 874 874 874 866 866 866 866 866 866 866 866 866 866 866 866 866 866 866 866 370 370 370 370 370 977 754 754 754 754 754 754 421 421 421 421 421 421 629 655 655 711 711 287 287 728 728 518 518 518 518 518 518 754 754 754 754 754 754 518 518 518 518 518 518 255 255 255 255 255 255 236 236 236 367 367 367 367 367 960 960 882 882 882 882 882 882 421 421 421 421 421 421 675 675 675 672 255 255 255 255 255 255 994 711 711 609 609 609 609 609 168 168 168 168 168 168 609 609 609 609 609 960 960 728 728 675 675 675 672 
0 1 2 3 4 5 6 7 8 9 9 10 10 11 11 12 12 13 13 14 14 15 16 17 18 19 20 21 22 23 24 25 26 27 28 29 30 31 32 33 34 35 36 37 38 39 40 41 17 18 42 43 44 45 46 47 48 15 49 50 51 52 53 54 55 56 57 58 59 60 49 50 51 52 24 25 26 27 28 29 30 31 32 33 34 35 36 37 38 39 19 20 21 22 23 16 61 62 63 64 65 66 67 68 69 70 71 72 48 53 54 73 74 40 41 75 76 77 78 79 80 81 82 61 62 63 64 65 66 77 78 79 80 81 82 83 84 85 86 87 88 0 1 2 3 4 5 6 7 89 90 42 43 44 45 46 47 67 68 69 70 71 72 91 92 93 94 83 84 85 86 87 88 8 73 74 95 96 97 98 99 55 56 57 58 59 60 95 96 97 98 99 89 90 75 76 91 92 93 94 
61092
25
2 6 5 6 3 1 4 2 1 1 2 6 2 6 5 6 3 1 6 5 1 2 2 6 16 
32 7 6 32 2 15 16 16 7 46 14 24 8 37 55 14 45 6 17 10 7 30 42 21 12 
65 7 42 35 41 30 20 30 15 67 31 45 14 46 60 44 66 49 57 21 21 52 63 33 20 
728 768 367 518 236 629 874 655 281 672 287 421 723 255 609 882 675 994 168 370 977 711 960 754 866 
4 4 4 2 2 2 2 2 17 1 1 1 1 1 1 1 1 1 1 1 1 8 20 12 12 19 19 19 19 19 24 24 24 24 24 24 24 24 24 24 24 24 24 24 24 24 10 10 12 12 15 15 15 15 15 15 5 8 6 6 6 6 7 7 18 18 18 18 18 18 6 6 6 6 24 24 24 24 24 24 24 24 24 24 24 24 24 24 24 24 19 19 19 19 19 20 23 23 23 23 23 23 11 11 11 11 11 11 5 7 7 21 21 10 10 0 0 3 3 3 3 3 3 23 23 23 23 23 23 3 3 3 3 3 3 13 13 13 13 13 13 4 4 4 2 2 2 2 2 22 22 15 15 15 15 15 15 11 11 11 11 11 11 16 16 16 9 13 13 13 13 13 13 17 21 21 14 14 14 14 14 18 18 18 18 18 18 14 14 14 14 14 22 22 0 0 16 16 16 9 