564
100
2
1 1 2 2 2 2 2 2 4 4 4 4 4 4 4 10 10 10 10 10 15 15 15 15 15 15 17 17 20 20 20 20 20 26 26 26 26 26 26 26 26 27 27 28 28 28 28 28 28 29 30 30 30 30 30 30 32 32 32 33 33 33 33 33 33 33 33 33 34 34 34 34 34 35 35 35 35 35 36 36 38 38 38 38 38 38 38 38 38 38 38 38 39 39 39 39 39 45 46 46 46 46 46 46 46 46 46 46 46 46 47 47 50 50 50 50 50 50 50 50 50 50 50 50 51 51 51 51 51 55 55 55 55 55 60 60 60 60 60 60 60 60 60 60 60 60 62 62 63 63 63 63 63 63 63 63 63 63 63 63 64 64 64 64 64 64 64 65 65 65 65 65 66 66 66 66 66 67 67 67 67 67 67 67 68 68 68 68 68 68 68 68 68 69 69 69 69 69 69 69 
43 44 112 113 114 115 116 117 59 60 61 62 63 64 65 68 69 70 71 72 50 51 52 53 54 55 78 79 129 130 131 132 133 110 111 140 141 142 143 144 145 146 147 0 1 184 185 186 187 97 20 21 22 23 24 25 169 170 171 8 9 10 11 12 13 14 167 168 15 16 17 18 19 80 81 82 83 84 26 27 73 74 75 76 77 160 161 162 163 164 165 166 124 125 126 127 128 49 148 149 150 151 152 153 154 155 156 157 158 159 33 34 2 3 4 5 6 7 134 135 136 137 138 139 92 93 94 95 96 28 29 30 31 32 118 119 120 121 122 123 35 36 37 38 39 40 41 42 98 99 100 101 102 103 104 105 106 107 108 109 85 86 87 88 89 90 91 66 67 56 57 58 188 189 190 191 192 193 194 195 196 197 198 199 45 46 47 48 172 173 174 175 176 177 178 179 180 181 182 183 
984 984 428 428 428 428 428 428 151 151 151 151 151 151 151 388 388 388 388 388 641 641 641 641 641 641 425 425 569 569 569 569 569 908 908 694 694 694 694 694 694 983 983 984 984 638 638 638 638 655 641 641 641 641 641 641 278 278 278 151 151 151 151 151 151 151 972 972 388 388 388 388 388 952 952 952 952 952 425 425 952 952 952 952 952 506 506 506 506 506 506 506 421 421 421 421 421 655 411 411 411 411 411 411 411 411 411 411 411 411 908 908 428 428 428 428 428 428 458 458 458 458 458 458 421 421 421 421 421 569 569 569 569 569 458 458 458 458 458 458 694 694 694 694 694 694 983 983 411 411 411 411 411 411 411 411 411 411 411 411 506 506 506 506 506 506 506 972 972 278 278 278 507 507 507 507 507 630 630 630 630 630 630 630 638 638 638 638 507 507 507 507 507 630 630 630 630 630 630 630 
0 1 2 3 4 5 6 7 8 9 10 11 12 13 14 15 16 17 18 19 20 21 22 23 24 25 26 27 28 29 30 31 32 33 34 35 36 37 38 39 40 41 42 0 1 43 44 45 46 47 20 21 22 23 24 25 48 49 50 8 9 10 11 12 13 14 51 52 15 16 17 18 19 53 54 55 56 57 26 27 53 54 55 56 57 58 59 60 61 62 63 64 65 66 67 68 69 47 70 71 72 73 74 75 76 77 78 79 80 81 33 34 2 3 4 5 6 7 82 83 84 85 86 87 65 66 67 68 69 28 29 30 31 32 82 83 84 85 86 87 35 36 37 38 39 40 41 42 70 71 72 73 74 75 76 77 78 79 80 81 58 59 60 61 62 63 64 51 52 48 49 50 88 89 90 91 92 93 94 95 96 97 98 99 43 44 45 46 88 89 90 91 92 93 94 95 96 97 98 99 
54037
21
2 2 2 6 7 6 5 4 2 5 5 1 6 5 7 6 7 5 3 2 12 
27 26 1 2 4 50 10 28 33 39 35 29 26 20 67 15 38 66 32 17 46 
62 47 28 50 33 60 34 68 65 51 38 45 60 55 69 30 64 68 65 36 63 
983 908 984 428 151 458 388 638 972 421 952 655 694 569 630 641 506 507 278 425 411 
2 2 3 3 3 3 3 3 4 4 4 4 4 4 4 6 6 6 6 6 15 15 15 15 15 15 19 19 13 13 13 13 13 1 1 12 12 12 12 12 12 0 0 2 2 7 7 7 7 11 15 15 15 15 15 15 18 18 18 4 4 4 4 4 4 4 8 8 6 6 6 6 6 10 10 10 10 10 19 19 10 10 10 10 10 16 16 16 16 16 16 16 9 9 9 9 9 11 20 20 20 20 20 20 20 20 20 20 20 20 1 1 3 3 3 3 3 3 5 5 5 5 5 5 9 9 9 9 9 13 13 13 13 13 5 5 5 5 5 5 12 12 12 12 12 12 0 0 20 20 20 20 20 20 20 20 20 20 20 20 16 16 16 16 16 16 16 8 8 18 18 18 17 17 17 17 17 14 14 14 14 14 14 14 7 7 7 7 17 17 17 17 17 14 14 14 14 14 14 14 