770
100
2
1 1 1 1 1 2 2 2 2 2 2 3 3 3 3 3 3 3 3 3 3 3 3 3 3 3 3 4 13 14 14 14 14 14 14 14 14 14 15 15 15 15 15 15 17 17 17 17 17 17 18 18 18 18 18 18 19 19 20 20 22 22 22 23 23 23 23 23 23 23 23 24 24 24 24 24 24 24 24 24 24 25 25 25 26 26 26 26 26 26 26 26 26 26 26 26 26 26 26 26 26 26 26 28 28 29 29 29 29 29 37 37 37 38 38 38 38 38 42 42 42 42 42 44 44 44 44 44 44 46 46 46 46 46 47 47 47 47 47 52 52 52 53 53 53 53 55 55 55 55 55 56 57 57 57 57 57 57 57 57 60 60 60 60 60 63 63 63 64 64 64 64 65 65 65 65 65 65 65 67 67 67 67 67 68 68 68 68 68 68 68 68 68 68 69 69 69 69 69 69 
129 130 131 132 133 172 173 174 175 176 177 87 88 89 90 91 92 93 94 95 96 97 98 99 100 101 102 28 27 168 169 170 171 118 119 120 121 122 152 153 154 155 156 157 50 51 52 53 54 55 44 45 46 47 48 49 58 59 56 57 84 85 86 198 199 75 76 77 78 79 80 194 195 196 197 65 66 67 68 69 70 139 140 141 60 61 62 11 12 13 14 15 16 17 18 19 20 21 22 23 24 25 26 158 159 179 180 181 182 183 165 166 167 134 135 136 137 138 33 34 35 36 37 188 189 190 191 192 193 0 1 2 3 4 113 114 115 116 117 81 82 83 184 185 186 187 160 161 162 163 164 178 38 39 40 41 42 43 103 104 146 147 148 149 150 110 111 112 29 30 31 32 5 6 7 8 9 10 151 105 106 107 108 109 142 143 144 145 123 124 125 126 127 128 71 72 73 74 63 64 
707 707 707 707 707 886 886 886 886 886 886 678 678 678 678 678 678 678 678 678 678 678 678 678 678 678 678 964 964 290 290 290 290 410 410 410 410 410 888 888 888 888 888 888 487 487 487 487 487 487 487 487 487 487 487 487 983 983 983 983 572 572 572 246 246 541 541 541 541 541 541 979 979 979 979 541 541 541 541 541 541 307 307 307 572 572 572 678 678 678 678 678 678 678 678 678 678 678 678 678 678 678 678 263 263 687 687 687 687 687 926 926 926 638 638 638 638 638 410 410 410 410 410 992 992 992 992 992 992 707 707 707 707 707 638 638 638 638 638 307 307 307 178 178 178 178 952 952 952 952 952 673 888 888 888 888 888 888 263 263 952 952 952 952 952 926 926 926 290 290 290 290 886 886 886 886 886 886 673 687 687 687 687 687 178 178 178 178 992 992 992 992 992 992 979 979 979 979 246 246 
0 1 2 3 4 5 6 7 8 9 10 11 12 13 14 15 16 17 18 19 20 21 22 23 24 25 26 27 27 28 29 30 31 32 33 34 35 36 37 38 39 40 41 42 43 44 45 46 47 48 43 44 45 46 47 48 49 50 49 50 51 52 53 54 55 56 57 58 59 60 61 62 63 64 65 56 57 58 59 60 61 66 67 68 51 52 53 11 12 13 14 15 16 17 18 19 20 21 22 23 24 25 26 69 70 71 72 73 74 75 76 77 78 79 80 81 82 83 32 33 34 35 36 84 85 86 87 88 89 0 1 2 3 4 79 80 81 82 83 66 67 68 90 91 92 93 94 95 96 97 98 99 37 38 39 40 41 42 69 70 94 95 96 97 98 76 77 78 28 29 30 31 5 6 7 8 9 10 99 71 72 73 74 75 90 91 92 93 84 85 86 87 88 89 62 63 64 65 54 55 
66406
22
6 3 4 5 5 3 2 3 4 5 6 2 6 1 6 4 5 1 2 6 5 16 
15 22 24 1 29 37 28 25 53 38 17 23 2 56 23 14 55 4 19 44 14 3 
57 26 69 46 67 63 57 52 68 47 18 69 65 65 24 64 60 13 20 68 42 26 
888 572 979 707 687 926 263 307 178 638 487 246 886 673 541 290 952 964 983 992 410 678 
3 3 3 3 3 12 12 12 12 12 12 21 21 21 21 21 21 21 21 21 21 21 21 21 21 21 21 17 17 15 15 15 15 20 20 20 20 20 0 0 0 0 0 0 10 10 10 10 10 10 10 10 10 10 10 10 18 18 18 18 1 1 1 11 11 14 14 14 14 14 14 2 2 2 2 14 14 14 14 14 14 7 7 7 1 1 1 21 21 21 21 21 21 21 21 21 21 21 21 21 21 21 21 6 6 4 4 4 4 4 5 5 5 9 9 9 9 9 20 20 20 20 20 19 19 19 19 19 19 3 3 3 3 3 9 9 9 9 9 7 7 7 8 8 8 8 16 16 16 16 16 13 0 0 0 0 0 0 6 6 16 16 16 16 16 5 5 5 15 15 15 15 12 12 12 12 12 12 13 4 4 4 4 4 8 8 8 8 19 19 19 19 19 19 2 2 2 2 11 11 