818
100
2
4 4 4 4 4 4 4 4 11 11 11 11 11 11 13 13 13 13 13 13 13 13 13 13 13 13 13 13 13 13 13 13 13 13 13 13 13 13 19 19 19 19 19 19 19 19 19 19 19 19 19 19 19 25 25 25 25 25 25 25 25 25 28 28 28 28 28 28 28 28 28 28 28 28 28 30 30 30 30 30 30 30 30 30 30 30 30 30 30 30 30 30 30 30 33 33 33 33 33 33 33 48 48 48 48 48 48 48 48 48 48 48 48 48 48 48 48 48 48 48 58 58 58 58 58 58 58 58 59 59 59 59 59 59 59 59 59 59 59 66 66 66 66 66 66 66 66 66 66 66 66 66 66 66 66 66 66 66 66 70 70 70 70 70 70 70 70 70 70 70 70 70 70 70 70 70 70 70 70 70 70 70 70 70 70 70 70 70 70 70 70 70 70 70 70 70 70 70 70 70 
120 121 122 123 124 125 126 127 101 102 103 104 105 106 75 76 77 78 79 80 81 82 83 84 85 62 63 64 65 66 67 68 69 70 71 72 73 74 86 87 88 89 90 91 92 93 94 95 96 97 98 99 100 139 140 141 142 143 144 145 146 147 25 26 27 28 29 30 31 32 33 34 35 36 37 14 15 16 17 18 19 20 21 22 23 24 38 39 40 41 42 43 44 45 46 47 48 49 50 51 52 8 9 10 11 12 13 159 160 161 162 163 164 165 166 167 168 169 170 171 0 1 2 3 4 5 6 7 148 149 150 151 152 153 154 155 156 157 158 53 54 55 56 57 58 59 60 61 128 129 130 131 132 133 134 135 136 137 138 107 108 109 110 111 112 113 114 115 116 117 118 119 173 172 175 174 177 176 179 178 181 180 183 182 185 184 187 186 189 188 191 190 193 192 195 194 197 196 199 198 
440 440 440 440 440 440 440 440 184 184 184 184 184 184 616 616 616 616 616 616 616 616 616 616 616 207 207 207 207 207 207 207 207 207 207 207 207 207 634 634 634 634 634 634 634 634 323 323 323 323 323 323 323 593 593 593 593 593 593 593 593 593 207 207 207 207 207 207 207 207 207 207 207 207 207 616 616 616 616 616 616 616 616 616 616 616 634 634 634 634 634 634 634 634 323 323 323 323 323 323 323 184 184 184 184 184 184 585 585 585 585 585 585 585 585 585 585 585 585 585 440 440 440 440 440 440 440 440 217 217 217 217 217 217 217 217 217 217 217 593 593 593 593 593 593 593 593 593 217 217 217 217 217 217 217 217 217 217 217 585 585 585 585 585 585 585 585 585 585 585 585 585 694 694 694 694 694 694 694 694 694 694 694 694 694 694 694 694 694 694 694 694 694 694 694 694 694 694 694 694 
0 1 2 3 4 5 6 7 8 9 10 11 12 13 14 15 16 17 18 19 20 21 22 23 24 25 26 27 28 29 30 31 32 33 34 35 36 37 38 39 40 41 42 43 44 45 46 47 48 49 50 51 52 53 54 55 56 57 58 59 60 61 25 26 27 28 29 30 31 32 33 34 35 36 37 14 15 16 17 18 19 20 21 22 23 24 38 39 40 41 42 43 44 45 46 47 48 49 50 51 52 8 9 10 11 12 13 62 63 64 65 66 67 68 69 70 71 72 73 74 0 1 2 3 4 5 6 7 75 76 77 78 79 80 81 82 83 84 85 53 54 55 56 57 58 59 60 61 75 76 77 78 79 80 81 82 83 84 85 62 63 64 65 66 67 68 69 70 71 72 73 74 86 86 87 87 88 88 89 89 90 90 91 91 92 92 93 93 94 94 95 95 96 96 97 97 98 98 99 99 
46469
10
8 9 11 11 6 13 13 8 7 14 
4 25 59 13 11 13 48 19 19 70 
58 66 66 30 48 28 70 30 33 70 
440 593 217 616 184 207 585 634 323 694 
0 0 0 0 0 0 0 0 4 4 4 4 4 4 3 3 3 3 3 3 3 3 3 3 3 5 5 5 5 5 5 5 5 5 5 5 5 5 7 7 7 7 7 7 7 7 8 8 8 8 8 8 8 1 1 1 1 1 1 1 1 1 5 5 5 5 5 5 5 5 5 5 5 5 5 3 3 3 3 3 3 3 3 3 3 3 7 7 7 7 7 7 7 7 8 8 8 8 8 8 8 4 4 4 4 4 4 6 6 6 6 6 6 6 6 6 6 6 6 6 0 0 0 0 0 0 0 0 2 2 2 2 2 2 2 2 2 2 2 1 1 1 1 1 1 1 1 1 2 2 2 2 2 2 2 2 2 2 2 6 6 6 6 6 6 6 6 6 6 6 6 6 9 9 9 9 9 9 9 9 9 9 9 9 9 9 9 9 9 9 9 9 9 9 9 9 9 9 9 9 