977
100
2
1 1 1 1 1 1 1 1 1 1 1 1 1 1 1 3 3 3 3 3 6 6 6 6 6 6 6 6 6 6 6 8 8 8 8 8 8 8 8 8 8 8 14 14 15 15 15 15 15 16 16 16 16 16 16 16 16 17 17 17 18 18 18 18 18 18 21 24 24 24 24 27 27 27 27 28 28 30 30 30 30 30 30 31 31 31 31 31 31 31 31 33 33 33 33 37 37 37 37 37 37 37 37 37 37 37 37 37 37 37 37 37 37 37 37 37 37 37 37 37 40 40 40 40 40 41 41 41 42 42 42 42 42 43 43 43 43 43 43 46 46 46 46 46 46 47 47 50 50 51 51 51 51 51 55 55 55 55 56 56 58 58 58 58 58 58 60 60 60 60 60 60 60 60 60 60 61 61 61 61 61 61 61 62 62 62 62 62 63 63 63 63 70 70 70 70 70 70 70 70 
105 106 107 108 109 110 111 112 113 114 115 116 117 118 119 100 101 102 103 104 71 72 73 74 67 68 69 70 31 42 43 28 188 189 190 191 160 161 162 163 164 165 29 30 128 129 130 131 132 125 126 127 60 61 62 63 149 83 84 85 52 53 54 55 145 146 158 24 25 26 27 20 21 22 23 192 193 133 134 135 136 176 177 57 58 59 178 179 180 181 182 150 151 152 153 154 155 156 157 159 15 16 17 18 19 0 1 2 3 4 5 6 7 8 9 10 11 12 13 14 183 184 185 186 187 49 50 51 44 45 46 47 48 77 78 79 80 147 148 194 195 196 197 198 199 64 65 137 138 56 91 92 93 94 95 96 97 98 66 99 36 37 38 39 40 41 167 166 169 168 171 170 173 172 175 174 81 82 86 87 88 89 90 120 121 122 123 124 32 33 34 35 75 76 139 140 141 142 143 144 
380 380 380 380 380 380 380 380 380 380 380 380 380 380 380 192 192 192 192 192 163 163 163 163 283 283 283 283 691 650 650 691 855 855 855 855 192 192 192 192 192 192 650 650 922 922 922 922 922 726 726 726 482 482 482 482 650 700 700 700 482 482 482 482 728 728 417 283 283 283 283 163 163 163 163 976 976 814 814 814 814 349 349 700 700 700 347 347 347 347 347 472 472 472 472 208 208 208 208 460 192 192 192 192 192 380 380 380 380 380 380 380 380 380 380 380 380 380 380 380 357 357 357 357 357 726 726 726 922 922 922 922 922 814 814 814 814 598 598 759 759 759 759 759 759 728 728 598 598 650 472 472 472 472 208 208 208 208 417 460 192 192 192 192 192 192 941 941 941 941 941 941 941 941 941 941 349 349 347 347 347 347 347 357 357 357 357 357 855 855 855 855 976 976 759 759 759 759 759 759 
0 1 2 3 4 5 6 7 8 9 10 11 12 13 14 15 16 17 18 19 20 21 22 23 24 25 26 27 28 29 30 28 31 32 33 34 35 36 37 38 39 40 29 30 41 42 43 44 45 46 47 48 49 50 51 52 53 54 55 56 49 50 51 52 57 58 59 24 25 26 27 20 21 22 23 60 61 62 63 64 65 66 67 54 55 56 68 69 70 71 72 73 74 75 76 77 78 79 80 81 15 16 17 18 19 0 1 2 3 4 5 6 7 8 9 10 11 12 13 14 82 83 84 85 86 46 47 48 41 42 43 44 45 62 63 64 65 87 88 89 90 91 92 93 94 57 58 87 88 53 73 74 75 76 77 78 79 80 59 81 35 36 37 38 39 40 95 95 96 96 97 97 98 98 99 99 66 67 68 69 70 71 72 82 83 84 85 86 31 32 33 34 60 61 89 90 91 92 93 94 
51407
26
4 2 4 5 3 1 4 4 4 5 2 1 2 2 3 5 1 4 5 1 4 2 6 6 5 15 
6 28 6 15 16 6 37 16 30 60 6 21 30 43 17 31 37 8 40 16 33 18 8 46 3 1 
27 70 24 42 41 8 55 18 43 60 14 56 61 50 31 61 56 63 62 51 51 47 58 70 37 37 
163 976 283 922 726 691 208 482 814 941 650 417 349 598 700 347 460 855 357 650 472 728 192 759 192 380 
25 25 25 25 25 25 25 25 25 25 25 25 25 25 25 24 24 24 24 24 0 0 0 0 2 2 2 2 5 10 10 5 17 17 17 17 22 22 22 22 22 22 10 10 3 3 3 3 3 4 4 4 7 7 7 7 19 14 14 14 7 7 7 7 21 21 11 2 2 2 2 0 0 0 0 1 1 8 8 8 8 12 12 14 14 14 15 15 15 15 15 20 20 20 20 6 6 6 6 16 24 24 24 24 24 25 25 25 25 25 25 25 25 25 25 25 25 25 25 25 18 18 18 18 18 4 4 4 3 3 3 3 3 8 8 8 8 13 13 23 23 23 23 23 23 21 21 13 13 19 20 20 20 20 6 6 6 6 11 16 22 22 22 22 22 22 9 9 9 9 9 9 9 9 9 9 12 12 15 15 15 15 15 18 18 18 18 18 17 17 17 17 1 1 23 23 23 23 23 23 