483
100
2
1 1 1 2 3 3 3 3 3 5 5 5 5 5 5 8 8 8 11 11 11 11 12 12 12 12 13 13 13 13 18 18 18 18 18 19 19 19 19 19 23 25 26 27 27 27 27 27 28 28 28 28 29 30 30 30 30 30 31 31 31 31 31 31 31 31 31 31 31 31 31 33 33 33 34 34 34 34 34 35 36 36 36 36 37 37 37 37 39 39 39 39 39 40 40 41 41 41 41 41 43 43 43 43 43 43 43 43 43 43 44 44 44 44 44 46 46 47 49 49 51 51 52 52 52 52 52 52 52 52 52 52 52 52 52 52 52 52 52 52 52 52 54 54 54 54 54 54 54 56 56 56 56 56 56 56 56 56 56 56 56 56 56 56 56 56 56 56 56 56 56 56 56 56 57 57 57 57 57 57 61 64 64 64 64 64 64 64 65 65 65 65 65 66 66 66 66 66 67 67 
115 116 42 79 30 31 32 33 34 149 150 151 152 174 175 27 28 29 22 23 24 25 18 19 20 21 40 15 16 17 4 5 6 7 8 43 44 45 46 47 26 142 2 35 36 37 38 39 176 177 178 179 117 58 59 60 61 143 53 54 55 56 80 81 82 83 144 145 146 147 148 156 157 158 88 89 90 91 92 3 62 63 64 65 188 189 190 191 74 75 76 77 78 193 194 110 111 112 113 114 101 100 103 102 105 104 107 106 109 108 95 96 97 98 99 0 1 52 198 199 181 182 183 184 185 186 187 159 160 161 162 163 164 165 166 167 168 169 170 171 172 173 41 57 66 67 68 69 70 9 10 11 12 195 196 197 71 72 73 127 128 129 130 131 132 133 134 135 136 137 138 139 140 141 13 14 48 49 50 51 192 120 121 122 123 124 125 126 84 85 86 87 180 93 94 153 154 155 118 119 
242 242 383 816 884 884 884 884 884 480 480 480 480 629 629 843 843 843 974 974 974 974 974 974 974 974 976 843 843 843 884 884 884 884 884 849 849 849 849 849 976 328 383 849 849 849 849 849 273 273 273 273 185 325 325 325 325 479 325 325 325 325 731 731 731 731 767 767 767 767 767 950 950 950 373 373 373 373 373 816 731 731 731 731 932 932 932 932 373 373 373 373 373 154 154 189 189 189 189 189 435 435 435 435 435 435 435 435 435 435 189 189 189 189 189 242 242 185 240 240 757 757 568 568 568 568 568 556 556 556 556 556 556 556 556 556 556 556 556 556 556 556 328 479 767 767 767 767 767 480 480 480 480 871 871 871 950 950 950 556 556 556 556 556 556 556 556 556 556 556 556 556 556 556 629 629 273 273 273 273 891 757 757 568 568 568 568 568 932 932 932 932 891 154 154 871 871 871 240 240 
0 1 2 3 4 5 6 7 8 9 10 11 12 13 14 15 16 17 18 19 20 21 18 19 20 21 22 15 16 17 4 5 6 7 8 23 24 25 26 27 22 28 2 23 24 25 26 27 29 30 31 32 33 34 35 36 37 38 34 35 36 37 39 40 41 42 43 44 45 46 47 48 49 50 51 52 53 54 55 3 39 40 41 42 56 57 58 59 51 52 53 54 55 60 61 62 63 64 65 66 67 67 68 68 69 69 70 70 71 71 62 63 64 65 66 0 1 33 72 73 74 75 76 77 78 79 80 81 82 83 84 85 86 87 88 89 90 91 92 93 94 95 28 38 43 44 45 46 47 9 10 11 12 96 97 98 48 49 50 81 82 83 84 85 86 87 88 89 90 91 92 93 94 95 13 14 29 30 31 32 99 74 75 76 77 78 79 80 56 57 58 59 99 60 61 96 97 98 72 73 
59619
29
4 5 4 2 2 1 4 4 2 5 3 2 5 4 1 3 2 1 1 5 1 5 1 4 1 5 5 3 15 
30 3 31 51 1 1 5 37 40 19 56 5 52 28 25 33 49 61 13 41 30 34 29 11 2 43 31 8 52 
31 18 36 64 46 26 56 65 66 27 66 57 64 57 54 56 67 65 23 44 54 39 47 12 35 43 54 13 56 
325 884 731 757 242 383 480 932 154 849 871 629 568 273 328 950 240 891 976 189 479 373 185 974 816 435 767 843 556 
4 4 5 24 1 1 1 1 1 6 6 6 6 11 11 27 27 27 23 23 23 23 23 23 23 23 18 27 27 27 1 1 1 1 1 9 9 9 9 9 18 14 5 9 9 9 9 9 13 13 13 13 22 0 0 0 0 20 0 0 0 0 2 2 2 2 26 26 26 26 26 15 15 15 21 21 21 21 21 24 2 2 2 2 7 7 7 7 21 21 21 21 21 8 8 19 19 19 19 19 25 25 25 25 25 25 25 25 25 25 19 19 19 19 19 4 4 22 16 16 3 3 12 12 12 12 12 28 28 28 28 28 28 28 28 28 28 28 28 28 28 28 14 20 26 26 26 26 26 6 6 6 6 10 10 10 15 15 15 28 28 28 28 28 28 28 28 28 28 28 28 28 28 28 11 11 13 13 13 13 17 3 3 12 12 12 12 12 7 7 7 7 17 8 8 10 10 10 16 16 