596
100
2
3 3 3 3 3 3 3 3 3 3 3 3 3 5 5 5 5 5 5 5 6 6 6 6 6 11 11 11 11 11 11 11 11 11 11 11 11 11 11 13 13 13 13 13 13 13 13 13 14 14 14 14 14 14 17 17 17 21 21 21 21 21 21 21 21 22 22 22 22 22 22 24 25 25 25 25 25 25 25 27 27 27 27 27 27 27 27 27 27 27 27 27 27 27 27 27 30 30 30 30 30 30 30 30 30 30 30 30 30 30 30 30 31 31 31 31 31 32 33 33 33 33 33 35 35 35 35 35 37 37 37 37 37 37 37 37 37 37 37 38 39 39 39 39 43 43 43 43 43 43 47 47 47 47 47 47 48 48 48 48 48 48 49 49 49 49 49 49 49 49 49 49 49 58 58 58 58 58 58 60 60 60 60 60 60 63 63 63 63 63 63 65 65 65 65 65 65 65 65 65 
84 85 86 87 88 13 14 15 16 17 18 19 117 5 6 7 8 9 10 11 128 129 130 131 132 98 99 100 101 102 103 104 105 106 107 108 109 110 111 140 141 142 143 57 58 59 60 61 133 134 135 136 137 138 68 69 70 43 44 45 46 47 65 66 67 62 63 64 54 55 56 139 89 90 91 92 93 94 95 118 119 120 121 122 0 1 2 3 4 72 73 74 75 76 77 78 154 155 25 26 27 28 29 30 31 32 33 34 35 36 37 38 195 196 197 198 199 12 79 80 81 82 83 162 163 164 165 166 20 21 22 23 24 48 49 50 51 52 53 71 39 40 41 42 185 186 187 188 189 190 191 192 193 194 96 97 173 174 175 176 177 178 123 124 125 126 127 179 180 181 182 183 184 156 157 158 159 160 161 167 168 169 170 171 172 144 145 146 147 148 149 150 151 152 153 112 113 114 115 116 
586 586 586 586 586 533 533 533 533 533 533 533 495 533 533 533 533 533 533 533 320 320 320 320 320 634 634 634 634 634 634 634 634 634 634 634 634 634 634 474 474 474 474 903 903 903 903 903 680 680 680 680 680 680 220 220 220 903 903 903 903 903 844 844 844 844 844 844 220 220 220 174 875 875 875 875 875 875 875 412 412 412 412 412 586 586 586 586 586 875 875 875 875 875 875 875 822 822 634 634 634 634 634 634 634 634 634 634 634 634 634 634 866 866 866 866 866 495 412 412 412 412 412 538 538 538 538 538 320 320 320 320 320 680 680 680 680 680 680 174 474 474 474 474 897 897 897 897 897 897 435 435 435 435 822 822 817 817 817 817 817 817 538 538 538 538 538 599 599 599 599 599 599 817 817 817 817 817 817 599 599 599 599 599 599 897 897 897 897 897 897 435 435 435 435 866 866 866 866 866 
0 1 2 3 4 5 6 7 8 9 10 11 12 5 6 7 8 9 10 11 13 14 15 16 17 18 19 20 21 22 23 24 25 26 27 28 29 30 31 32 33 34 35 36 37 38 39 40 41 42 43 44 45 46 47 48 49 36 37 38 39 40 50 51 52 50 51 52 47 48 49 53 54 55 56 57 58 59 60 61 62 63 64 65 0 1 2 3 4 54 55 56 57 58 59 60 66 67 18 19 20 21 22 23 24 25 26 27 28 29 30 31 68 69 70 71 72 12 61 62 63 64 65 73 74 75 76 77 13 14 15 16 17 41 42 43 44 45 46 53 32 33 34 35 78 79 80 81 82 83 84 85 86 87 66 67 88 89 90 91 92 93 73 74 75 76 77 94 95 96 97 98 99 88 89 90 91 92 93 94 95 96 97 98 99 78 79 80 81 82 83 84 85 86 87 68 69 70 71 72 
63956
20
5 4 5 6 6 6 5 5 1 4 5 5 7 2 6 1 7 3 3 14 
35 13 6 48 49 14 27 3 24 47 13 31 3 30 43 3 25 21 17 11 
49 39 37 58 60 37 33 27 38 65 21 65 5 47 63 32 27 22 22 30 
538 474 320 817 599 680 412 586 174 435 903 866 533 822 897 495 875 844 220 634 
7 7 7 7 7 12 12 12 12 12 12 12 15 12 12 12 12 12 12 12 2 2 2 2 2 19 19 19 19 19 19 19 19 19 19 19 19 19 19 1 1 1 1 10 10 10 10 10 5 5 5 5 5 5 18 18 18 10 10 10 10 10 17 17 17 17 17 17 18 18 18 8 16 16 16 16 16 16 16 6 6 6 6 6 7 7 7 7 7 16 16 16 16 16 16 16 13 13 19 19 19 19 19 19 19 19 19 19 19 19 19 19 11 11 11 11 11 15 6 6 6 6 6 0 0 0 0 0 2 2 2 2 2 5 5 5 5 5 5 8 1 1 1 1 14 14 14 14 14 14 9 9 9 9 13 13 3 3 3 3 3 3 0 0 0 0 0 4 4 4 4 4 4 3 3 3 3 3 3 4 4 4 4 4 4 14 14 14 14 14 14 9 9 9 9 11 11 11 11 11 