488
100
2
4 4 4 4 5 5 5 5 5 5 6 6 6 6 6 7 7 7 8 8 8 8 8 11 11 11 11 11 12 16 16 16 16 16 16 16 16 16 16 16 16 16 16 16 16 16 16 16 16 19 19 19 19 19 19 19 19 20 20 20 20 20 20 21 21 21 23 23 23 23 25 25 25 25 25 27 27 27 27 28 28 28 28 28 28 28 28 29 29 29 29 29 30 30 30 30 31 32 32 32 32 32 32 35 35 36 36 37 37 37 37 37 37 37 37 37 37 37 37 37 37 37 37 37 37 40 40 40 44 44 44 44 45 45 45 45 45 45 46 46 47 47 47 48 48 48 48 48 49 49 49 49 49 56 56 56 56 56 58 58 58 58 58 58 58 59 59 59 59 59 59 59 59 59 59 59 59 59 59 59 59 59 59 59 63 63 63 63 63 63 64 64 64 64 64 65 67 67 67 67 
161 162 163 164 49 50 111 112 113 114 84 85 86 105 106 165 166 167 70 71 72 73 74 190 191 192 193 194 195 128 129 130 131 168 169 170 171 172 173 174 175 176 177 178 179 180 181 182 183 4 5 184 185 186 187 188 189 132 133 134 135 136 137 158 159 160 92 93 94 95 18 19 20 21 22 151 152 123 124 97 98 99 100 101 10 11 12 153 154 155 156 157 66 67 68 69 102 79 80 81 82 83 96 138 139 13 14 196 197 198 199 6 7 8 9 148 149 150 143 144 145 146 147 77 78 140 141 142 29 30 31 32 57 58 59 60 61 62 103 104 125 126 127 118 119 120 121 122 115 116 117 75 76 87 88 89 90 91 63 64 65 0 1 2 3 15 16 17 33 34 35 36 37 38 39 40 41 42 43 44 45 46 47 48 51 52 53 54 55 56 23 24 25 26 27 28 107 108 109 110 
663 663 663 663 605 605 841 841 841 841 185 185 185 927 927 274 274 274 183 183 183 183 183 763 763 763 763 763 464 341 341 341 341 904 904 904 904 904 904 904 904 904 904 904 904 904 904 904 904 605 605 555 555 555 555 555 555 270 270 270 270 270 270 992 992 992 724 724 724 724 183 183 183 183 183 948 948 692 692 315 315 315 315 315 185 185 185 789 789 789 789 789 724 724 724 724 732 315 315 315 315 315 732 286 286 927 927 251 251 251 251 841 841 841 841 249 249 249 836 836 836 836 836 692 692 713 713 713 341 341 341 341 270 270 270 270 270 270 286 286 713 713 713 836 836 836 836 836 249 249 249 948 948 789 789 789 789 789 992 992 992 663 663 663 663 274 274 274 904 904 904 904 904 904 904 904 904 904 904 904 904 904 904 904 555 555 555 555 555 555 763 763 763 763 763 464 251 251 251 251 
0 1 2 3 4 5 6 7 8 9 10 11 12 13 14 15 16 17 18 19 20 21 22 23 24 25 26 27 28 29 30 31 32 33 34 35 36 37 38 39 40 41 42 43 44 45 46 47 48 4 5 49 50 51 52 53 54 55 56 57 58 59 60 61 62 63 64 65 66 67 18 19 20 21 22 68 69 70 71 72 73 74 75 76 10 11 12 77 78 79 80 81 64 65 66 67 82 72 73 74 75 76 82 83 84 13 14 85 86 87 88 6 7 8 9 89 90 91 92 93 94 95 96 70 71 97 98 99 29 30 31 32 55 56 57 58 59 60 83 84 97 98 99 92 93 94 95 96 89 90 91 68 69 77 78 79 80 81 61 62 63 0 1 2 3 15 16 17 33 34 35 36 37 38 39 40 41 42 43 44 45 46 47 48 49 50 51 52 53 54 23 24 25 26 27 28 85 86 87 88 
60475
25
2 5 3 6 5 4 3 2 3 6 4 5 3 1 5 4 2 3 5 4 4 2 2 1 16 
5 29 40 20 28 37 6 6 21 19 5 8 37 31 37 16 35 7 11 23 4 27 27 12 16 
19 56 47 45 32 67 28 36 58 63 37 25 49 32 48 44 46 59 64 30 58 49 37 65 59 
605 789 713 270 315 251 185 927 992 555 841 183 249 732 836 341 286 274 763 724 663 948 692 464 904 
20 20 20 20 0 0 10 10 10 10 6 6 6 7 7 17 17 17 11 11 11 11 11 18 18 18 18 18 23 15 15 15 15 24 24 24 24 24 24 24 24 24 24 24 24 24 24 24 24 0 0 9 9 9 9 9 9 3 3 3 3 3 3 8 8 8 19 19 19 19 11 11 11 11 11 21 21 22 22 4 4 4 4 4 6 6 6 1 1 1 1 1 19 19 19 19 13 4 4 4 4 4 13 16 16 7 7 5 5 5 5 10 10 10 10 12 12 12 14 14 14 14 14 22 22 2 2 2 15 15 15 15 3 3 3 3 3 3 16 16 2 2 2 14 14 14 14 14 12 12 12 21 21 1 1 1 1 1 8 8 8 20 20 20 20 17 17 17 24 24 24 24 24 24 24 24 24 24 24 24 24 24 24 24 9 9 9 9 9 9 18 18 18 18 18 23 5 5 5 5 