839
100
2
2 2 2 3 3 3 3 3 3 3 3 3 3 3 3 3 3 3 3 3 3 3 4 4 4 4 4 4 4 4 4 6 6 6 6 6 6 6 7 7 7 7 7 7 7 7 7 7 9 9 9 9 9 14 14 14 14 14 14 15 15 15 15 15 15 15 15 15 19 20 20 22 22 22 22 22 22 22 22 23 23 23 23 23 23 25 25 26 26 26 26 30 30 30 30 30 30 30 30 30 30 30 30 30 30 32 32 32 32 32 32 32 34 34 34 35 35 35 35 35 38 38 38 38 38 38 40 40 40 40 40 40 40 40 40 40 40 40 40 40 40 40 42 42 42 42 42 42 42 42 42 50 50 50 50 50 50 50 50 50 50 50 50 50 50 50 50 50 50 50 51 51 51 51 51 51 51 51 51 53 53 53 53 61 69 69 69 69 69 69 69 69 69 69 69 69 69 69 69 69 
112 113 114 4 3 6 5 8 7 10 9 12 11 170 171 172 173 174 175 176 177 178 151 152 153 154 155 156 157 158 159 105 106 107 108 109 110 111 160 161 162 163 164 165 166 167 168 169 115 116 117 118 119 120 121 122 123 124 125 142 143 144 145 146 147 148 149 150 183 79 80 97 98 99 100 101 102 103 104 69 70 93 94 95 96 91 92 179 180 181 182 85 86 81 82 83 84 71 72 73 74 75 76 77 78 31 32 33 34 35 36 37 0 1 2 48 49 50 51 52 53 54 55 56 57 58 184 185 186 187 188 189 190 191 192 193 194 195 196 197 198 199 59 60 61 62 63 64 65 66 67 22 23 24 25 26 27 28 29 30 38 39 40 41 42 43 44 45 46 47 13 14 15 16 17 18 19 20 21 87 88 89 90 68 126 127 128 129 130 131 132 133 134 135 136 137 138 139 140 141 
489 489 489 162 162 162 162 162 162 162 162 162 162 172 172 172 172 172 172 172 172 172 604 604 604 604 604 604 604 604 604 993 993 993 993 993 993 993 816 816 816 816 816 816 816 816 816 816 477 477 477 477 477 322 322 322 322 322 322 615 615 615 615 615 615 615 615 615 375 161 161 495 495 495 495 495 495 495 495 161 161 731 731 731 731 728 728 257 257 257 257 728 728 731 731 731 731 495 495 495 495 495 495 495 495 993 993 993 993 993 993 993 489 489 489 477 477 477 477 477 322 322 322 322 322 322 269 269 269 269 269 269 269 269 269 269 269 269 269 269 269 269 615 615 615 615 615 615 615 615 615 604 604 604 604 604 604 604 604 604 816 816 816 816 816 816 816 816 816 816 172 172 172 172 172 172 172 172 172 257 257 257 257 375 269 269 269 269 269 269 269 269 269 269 269 269 269 269 269 269 
0 1 2 3 3 4 4 5 5 6 6 7 7 8 9 10 11 12 13 14 15 16 17 18 19 20 21 22 23 24 25 26 27 28 29 30 31 32 33 34 35 36 37 38 39 40 41 42 43 44 45 46 47 48 49 50 51 52 53 54 55 56 57 58 59 60 61 62 63 64 65 66 67 68 69 70 71 72 73 64 65 74 75 76 77 78 79 80 81 82 83 78 79 74 75 76 77 66 67 68 69 70 71 72 73 26 27 28 29 30 31 32 0 1 2 43 44 45 46 47 48 49 50 51 52 53 84 85 86 87 88 89 90 91 92 93 94 95 96 97 98 99 54 55 56 57 58 59 60 61 62 17 18 19 20 21 22 23 24 25 33 34 35 36 37 38 39 40 41 42 8 9 10 11 12 13 14 15 16 80 81 82 83 63 84 85 86 87 88 89 90 91 92 93 94 95 96 97 98 99 
48593
16
5 2 3 4 9 9 1 2 6 4 10 9 7 8 5 16 
3 20 2 26 3 4 19 25 14 23 7 15 6 22 9 40 
3 23 34 53 51 50 61 30 38 30 50 42 32 30 35 69 
162 161 489 257 172 604 375 728 322 731 816 615 993 495 477 269 
2 2 2 0 0 0 0 0 0 0 0 0 0 4 4 4 4 4 4 4 4 4 5 5 5 5 5 5 5 5 5 12 12 12 12 12 12 12 10 10 10 10 10 10 10 10 10 10 14 14 14 14 14 8 8 8 8 8 8 11 11 11 11 11 11 11 11 11 6 1 1 13 13 13 13 13 13 13 13 1 1 9 9 9 9 7 7 3 3 3 3 7 7 9 9 9 9 13 13 13 13 13 13 13 13 12 12 12 12 12 12 12 2 2 2 14 14 14 14 14 8 8 8 8 8 8 15 15 15 15 15 15 15 15 15 15 15 15 15 15 15 15 11 11 11 11 11 11 11 11 11 5 5 5 5 5 5 5 5 5 10 10 10 10 10 10 10 10 10 10 4 4 4 4 4 4 4 4 4 3 3 3 3 6 15 15 15 15 15 15 15 15 15 15 15 15 15 15 15 15 