344
100
2
1 1 1 4 4 4 4 4 4 4 5 5 5 5 5 5 5 5 5 5 5 5 5 5 9 9 9 9 9 11 11 11 11 11 11 11 11 11 11 11 11 11 11 11 11 11 11 11 12 12 12 12 12 12 17 17 17 17 17 17 17 17 17 17 17 17 17 17 17 17 17 20 20 20 20 20 20 22 22 22 22 23 23 24 24 24 24 24 24 24 24 24 24 24 24 24 24 24 27 27 27 27 27 27 27 28 28 28 28 28 28 28 29 29 29 29 29 29 29 29 29 31 31 31 31 31 31 31 32 32 32 33 33 33 33 33 33 41 41 41 41 41 41 41 49 49 49 49 49 49 50 50 50 50 50 50 50 50 50 51 51 51 56 56 56 56 56 60 60 60 60 60 60 63 63 63 63 63 63 64 64 64 64 64 64 65 65 65 65 65 68 68 68 68 69 69 69 69 69 69 
159 160 161 10 11 12 13 14 15 16 3 4 5 6 7 8 9 86 87 88 89 90 91 92 162 163 164 165 166 81 82 54 55 56 57 58 59 60 61 62 63 64 65 66 67 68 69 70 194 195 196 197 198 199 31 32 33 34 35 36 37 38 39 40 41 42 43 44 45 46 47 131 132 133 134 135 136 190 191 192 193 29 30 128 129 130 17 18 19 20 21 22 23 185 186 187 188 189 105 106 107 108 109 110 111 98 99 100 101 102 103 104 150 151 152 153 154 155 156 157 158 137 138 139 140 141 142 143 83 84 85 71 72 73 74 75 76 121 122 123 124 125 126 127 179 180 181 182 183 184 112 113 114 115 116 117 118 119 120 0 1 2 24 25 26 27 28 173 174 175 176 177 178 167 168 169 170 171 172 144 145 146 147 148 149 93 94 95 96 97 77 78 79 80 48 49 50 51 52 53 
201 201 201 580 580 580 580 580 580 580 580 580 580 580 580 580 580 911 911 911 911 911 911 911 349 349 349 349 349 855 855 721 721 721 721 721 721 721 721 721 721 721 721 721 721 721 721 721 372 372 372 372 372 372 721 721 721 721 721 721 721 721 721 721 721 721 721 721 721 721 721 857 857 857 857 857 857 829 829 829 829 855 855 511 511 511 911 911 911 911 911 911 911 870 870 870 870 870 350 350 350 350 350 350 350 350 350 350 350 350 350 350 932 932 932 932 932 932 932 932 932 363 363 363 363 363 363 363 511 511 511 857 857 857 857 857 857 363 363 363 363 363 363 363 267 267 267 267 267 267 932 932 932 932 932 932 932 932 932 201 201 201 349 349 349 349 349 232 232 232 232 232 232 232 232 232 232 232 232 267 267 267 267 267 267 870 870 870 870 870 829 829 829 829 372 372 372 372 372 372 
0 1 2 3 4 5 6 7 8 9 3 4 5 6 7 8 9 10 11 12 13 14 15 16 17 18 19 20 21 22 23 24 25 26 27 28 29 30 31 32 33 34 35 36 37 38 39 40 41 42 43 44 45 46 24 25 26 27 28 29 30 31 32 33 34 35 36 37 38 39 40 47 48 49 50 51 52 53 54 55 56 22 23 57 58 59 10 11 12 13 14 15 16 60 61 62 63 64 65 66 67 68 69 70 71 65 66 67 68 69 70 71 72 73 74 75 76 77 78 79 80 81 82 83 84 85 86 87 57 58 59 47 48 49 50 51 52 81 82 83 84 85 86 87 88 89 90 91 92 93 72 73 74 75 76 77 78 79 80 0 1 2 17 18 19 20 21 94 95 96 97 98 99 94 95 96 97 98 99 88 89 90 91 92 93 60 61 62 63 64 53 54 55 56 41 42 43 44 45 46 
59698
16
2 3 7 6 6 9 3 7 5 7 4 5 7 6 6 17 
11 1 27 20 49 29 24 4 9 5 22 24 31 60 12 11 
23 51 28 33 64 50 32 5 56 24 68 65 41 63 69 17 
855 201 350 857 267 932 511 580 349 911 829 870 363 232 372 721 
1 1 1 7 7 7 7 7 7 7 7 7 7 7 7 7 7 9 9 9 9 9 9 9 8 8 8 8 8 0 0 15 15 15 15 15 15 15 15 15 15 15 15 15 15 15 15 15 14 14 14 14 14 14 15 15 15 15 15 15 15 15 15 15 15 15 15 15 15 15 15 3 3 3 3 3 3 10 10 10 10 0 0 6 6 6 9 9 9 9 9 9 9 11 11 11 11 11 2 2 2 2 2 2 2 2 2 2 2 2 2 2 5 5 5 5 5 5 5 5 5 12 12 12 12 12 12 12 6 6 6 3 3 3 3 3 3 12 12 12 12 12 12 12 4 4 4 4 4 4 5 5 5 5 5 5 5 5 5 1 1 1 8 8 8 8 8 13 13 13 13 13 13 13 13 13 13 13 13 4 4 4 4 4 4 11 11 11 11 11 10 10 10 10 14 14 14 14 14 14 