867
100
2
3 3 3 3 3 4 4 4 4 4 8 8 8 8 8 8 8 8 8 8 9 9 9 9 9 9 9 9 9 9 9 9 9 9 9 9 9 9 9 9 9 9 9 9 9 9 13 13 16 16 16 16 16 17 17 17 17 18 18 18 18 18 18 24 24 25 25 25 25 25 25 29 29 29 29 29 29 30 30 30 30 30 31 31 31 31 31 31 31 31 31 34 34 34 34 37 37 37 38 38 38 38 38 38 38 38 38 38 38 38 38 38 41 41 41 41 42 42 45 45 51 51 53 53 53 54 54 54 54 54 54 54 54 54 54 54 54 54 54 54 54 54 55 55 55 56 56 56 56 56 56 59 59 59 59 59 59 59 59 59 59 59 59 60 60 60 60 60 60 61 61 61 61 63 63 63 63 64 64 64 64 66 66 67 67 67 67 67 67 67 67 67 67 67 67 68 68 70 70 70 
5 6 7 8 9 0 1 2 3 4 195 196 65 66 67 68 69 70 96 97 130 131 132 133 134 135 189 190 191 192 193 194 98 99 100 101 102 103 104 105 106 107 108 109 110 111 118 119 125 126 127 128 129 91 92 93 94 163 164 165 166 167 168 116 117 12 13 14 15 16 17 157 158 159 160 161 162 122 123 124 181 182 151 152 153 154 155 112 113 114 115 53 54 55 56 156 18 19 32 33 34 35 36 37 38 39 40 41 42 43 44 45 87 88 89 90 63 64 46 47 145 146 77 78 79 48 49 50 51 52 20 21 22 23 24 25 183 184 185 186 187 188 197 198 199 120 121 169 170 171 172 82 83 84 85 86 95 71 72 73 74 75 76 57 58 59 60 61 62 147 148 149 150 177 178 179 180 173 174 175 176 80 81 136 137 138 139 140 141 26 27 28 29 30 31 10 11 142 143 144 
224 224 224 224 224 224 224 224 224 224 437 437 831 831 831 831 831 831 392 392 933 933 933 933 933 933 171 171 171 171 171 171 888 888 888 888 888 888 888 888 888 888 888 888 888 888 429 429 999 999 999 999 999 706 706 706 706 807 807 807 807 807 807 300 300 831 831 831 831 831 831 719 719 719 719 719 719 497 497 497 664 664 264 264 264 264 264 800 800 800 800 706 706 706 706 907 392 392 888 888 888 888 888 888 888 888 888 888 888 888 888 888 800 800 800 800 300 300 429 429 660 660 497 497 497 999 999 999 999 999 933 933 933 933 933 933 819 819 819 819 819 819 352 352 352 660 660 666 666 666 666 264 264 264 264 264 907 719 719 719 719 719 719 807 807 807 807 807 807 666 666 666 666 874 874 874 874 874 874 874 874 664 664 819 819 819 819 819 819 171 171 171 171 171 171 437 437 352 352 352 
0 1 2 3 4 0 1 2 3 4 5 6 7 8 9 10 11 12 13 14 15 16 17 18 19 20 21 22 23 24 25 26 27 28 29 30 31 32 33 34 35 36 37 38 39 40 41 42 43 44 45 46 47 48 49 50 51 52 53 54 55 56 57 58 59 7 8 9 10 11 12 60 61 62 63 64 65 66 67 68 69 70 71 72 73 74 75 76 77 78 79 48 49 50 51 80 13 14 27 28 29 30 31 32 33 34 35 36 37 38 39 40 76 77 78 79 58 59 41 42 81 82 66 67 68 43 44 45 46 47 15 16 17 18 19 20 83 84 85 86 87 88 89 90 91 81 82 92 93 94 95 71 72 73 74 75 80 60 61 62 63 64 65 52 53 54 55 56 57 92 93 94 95 96 97 98 99 96 97 98 99 69 70 83 84 85 86 87 88 21 22 23 24 25 26 5 6 89 90 91 
66949
23
5 3 5 2 2 4 4 2 2 2 1 6 6 6 2 6 3 4 6 5 4 6 14 
31 30 16 13 30 31 17 8 51 24 37 8 29 9 8 18 55 63 54 3 56 9 9 
59 53 54 45 66 41 34 68 56 42 59 25 59 54 37 60 70 64 67 4 61 67 38 
264 497 999 429 664 800 706 437 660 300 907 831 719 933 392 807 352 874 819 224 666 171 888 
19 19 19 19 19 19 19 19 19 19 7 7 11 11 11 11 11 11 14 14 13 13 13 13 13 13 21 21 21 21 21 21 22 22 22 22 22 22 22 22 22 22 22 22 22 22 3 3 2 2 2 2 2 6 6 6 6 15 15 15 15 15 15 9 9 11 11 11 11 11 11 12 12 12 12 12 12 1 1 1 4 4 0 0 0 0 0 5 5 5 5 6 6 6 6 10 14 14 22 22 22 22 22 22 22 22 22 22 22 22 22 22 5 5 5 5 9 9 3 3 8 8 1 1 1 2 2 2 2 2 13 13 13 13 13 13 18 18 18 18 18 18 16 16 16 8 8 20 20 20 20 0 0 0 0 0 10 12 12 12 12 12 12 15 15 15 15 15 15 20 20 20 20 17 17 17 17 17 17 17 17 4 4 18 18 18 18 18 18 21 21 21 21 21 21 7 7 16 16 16 