351
100
2
1 1 1 1 1 1 1 1 1 1 1 1 5 5 5 5 5 5 5 8 8 8 8 8 8 8 8 8 8 8 8 8 8 8 8 8 8 9 9 9 12 12 12 12 12 15 15 15 20 20 20 20 20 20 20 20 20 20 20 20 20 21 21 21 21 22 22 22 22 22 22 22 22 22 23 23 23 23 23 23 23 23 23 23 24 24 24 24 24 26 26 26 26 28 28 28 29 29 29 32 32 32 33 33 33 33 33 33 33 34 34 34 34 36 36 36 36 36 36 36 38 38 38 38 38 38 38 38 38 38 38 38 38 40 40 40 40 40 40 40 40 40 40 40 42 44 44 44 45 45 45 45 45 45 45 45 51 57 57 57 57 59 59 59 59 59 59 59 59 59 59 59 59 59 64 64 64 64 64 64 64 64 64 64 64 64 64 64 64 64 64 64 66 66 66 69 69 69 69 69 
113 114 115 116 117 118 119 195 196 197 198 199 161 162 163 164 165 166 167 174 175 176 177 178 179 180 181 182 183 184 185 186 187 188 189 190 191 45 46 47 56 57 58 59 60 37 38 39 148 149 150 151 152 153 154 155 40 41 42 43 44 157 158 159 160 133 134 135 136 137 138 139 140 141 84 85 86 87 88 192 193 194 142 143 74 75 76 77 78 109 110 111 112 96 97 98 93 94 95 145 146 147 120 121 122 123 124 125 126 89 90 91 92 0 1 2 3 4 5 6 102 103 104 105 106 107 108 168 169 170 171 172 173 65 66 67 68 69 70 71 72 73 82 83 156 99 100 101 48 49 50 51 52 53 54 55 144 61 62 63 64 12 13 14 15 16 17 18 127 128 129 130 131 132 19 20 21 22 23 24 25 26 27 28 29 30 31 32 33 34 35 36 79 80 81 7 8 9 10 11 
605 605 605 605 605 605 605 504 504 504 504 504 800 800 800 800 800 800 800 373 373 373 373 373 373 373 373 373 373 373 373 373 373 373 373 373 373 416 416 416 472 472 472 472 472 416 416 416 544 544 544 544 544 544 544 544 472 472 472 472 472 792 792 792 792 317 317 317 317 317 317 317 317 317 832 832 832 832 832 594 594 594 774 774 832 832 832 832 832 161 161 161 161 272 272 272 272 272 272 888 888 888 584 584 584 584 584 584 584 161 161 161 161 605 605 605 605 605 605 605 584 584 584 584 584 584 584 342 342 342 342 342 342 317 317 317 317 317 317 317 317 317 774 774 956 888 888 888 544 544 544 544 544 544 544 544 956 792 792 792 792 800 800 800 800 800 800 800 342 342 342 342 342 342 373 373 373 373 373 373 373 373 373 373 373 373 373 373 373 373 373 373 594 594 594 504 504 504 504 504 
0 1 2 3 4 5 6 7 8 9 10 11 12 13 14 15 16 17 18 19 20 21 22 23 24 25 26 27 28 29 30 31 32 33 34 35 36 37 38 39 40 41 42 43 44 37 38 39 45 46 47 48 49 50 51 52 40 41 42 43 44 53 54 55 56 57 58 59 60 61 62 63 64 65 66 67 68 69 70 71 72 73 74 75 66 67 68 69 70 76 77 78 79 80 81 82 80 81 82 83 84 85 86 87 88 89 90 91 92 76 77 78 79 0 1 2 3 4 5 6 86 87 88 89 90 91 92 93 94 95 96 97 98 57 58 59 60 61 62 63 64 65 74 75 99 83 84 85 45 46 47 48 49 50 51 52 99 53 54 55 56 12 13 14 15 16 17 18 93 94 95 96 97 98 19 20 21 22 23 24 25 26 27 28 29 30 31 32 33 34 35 36 71 72 73 7 8 9 10 11 
51760
18
5 1 9 8 5 7 7 3 2 7 4 3 4 5 3 6 3 18 
23 42 22 20 12 1 5 23 23 33 21 9 26 1 32 38 28 8 
24 51 40 45 20 36 59 66 40 38 57 15 34 69 44 59 29 64 
832 956 317 544 472 605 800 594 774 584 792 416 161 504 888 342 272 373 
5 5 5 5 5 5 5 13 13 13 13 13 6 6 6 6 6 6 6 17 17 17 17 17 17 17 17 17 17 17 17 17 17 17 17 17 17 11 11 11 4 4 4 4 4 11 11 11 3 3 3 3 3 3 3 3 4 4 4 4 4 10 10 10 10 2 2 2 2 2 2 2 2 2 0 0 0 0 0 7 7 7 8 8 0 0 0 0 0 12 12 12 12 16 16 16 16 16 16 14 14 14 9 9 9 9 9 9 9 12 12 12 12 5 5 5 5 5 5 5 9 9 9 9 9 9 9 15 15 15 15 15 15 2 2 2 2 2 2 2 2 2 8 8 1 14 14 14 3 3 3 3 3 3 3 3 1 10 10 10 10 6 6 6 6 6 6 6 15 15 15 15 15 15 17 17 17 17 17 17 17 17 17 17 17 17 17 17 17 17 17 17 7 7 7 13 13 13 13 13 