870
100
2
3 3 3 3 4 4 4 4 4 4 4 4 9 9 9 9 11 11 11 19 19 19 19 19 19 19 19 19 19 19 19 19 19 19 19 19 24 24 24 24 24 24 24 24 24 24 24 24 25 25 25 25 25 25 25 25 25 25 25 25 25 25 25 25 25 25 30 30 30 30 30 30 30 30 30 30 30 32 32 32 32 32 32 32 32 32 32 32 32 38 38 38 38 38 38 38 38 38 38 38 38 38 38 38 38 38 38 44 44 44 45 45 46 46 46 46 46 46 46 46 46 48 48 48 48 49 49 51 51 51 51 51 51 51 51 52 52 52 52 52 52 52 52 52 54 54 54 54 54 54 54 54 54 54 54 54 59 59 59 59 59 59 59 59 59 59 59 59 60 60 60 60 60 60 60 60 60 60 60 60 60 63 63 63 63 63 63 63 63 63 63 63 67 67 67 67 67 67 67 67 
12 13 14 15 192 193 194 195 196 197 198 199 0 1 2 3 107 108 109 127 128 129 130 131 132 133 134 172 173 174 175 176 177 178 179 180 77 78 79 80 81 82 83 84 85 86 87 88 89 90 91 92 93 94 95 96 97 98 99 100 101 102 103 104 105 106 181 182 183 184 185 186 187 188 189 190 191 36 37 38 39 40 41 42 43 44 45 46 47 48 49 50 51 52 53 54 55 56 57 58 59 60 61 62 63 64 65 16 17 18 125 126 135 136 137 138 139 140 141 142 143 168 169 170 171 110 111 19 20 21 22 23 24 25 26 112 113 114 115 116 117 118 119 120 156 157 158 159 160 161 162 163 164 165 166 167 144 145 146 147 148 149 150 151 152 153 154 155 121 122 123 124 27 28 29 30 31 32 33 34 35 66 67 68 69 70 71 72 73 74 75 76 4 5 6 7 8 9 10 11 
361 361 361 361 549 549 549 549 549 549 549 549 361 361 361 361 701 701 701 451 451 451 451 451 451 451 451 661 661 661 661 661 661 661 661 661 471 471 471 471 471 471 471 471 471 471 471 471 557 557 557 557 557 557 557 557 557 557 557 557 557 557 557 557 557 557 918 918 918 918 918 918 918 918 918 918 918 471 471 471 471 471 471 471 471 471 471 471 471 557 557 557 557 557 557 557 557 557 557 557 557 557 557 557 557 557 557 701 701 701 446 446 857 857 857 857 857 857 857 857 857 197 197 197 197 446 446 451 451 451 451 451 451 451 451 857 857 857 857 857 857 857 857 857 882 882 882 882 882 882 882 882 882 882 882 882 882 882 882 882 882 882 882 882 882 882 882 882 197 197 197 197 661 661 661 661 661 661 661 661 661 918 918 918 918 918 918 918 918 918 918 918 549 549 549 549 549 549 549 549 
0 1 2 3 4 5 6 7 8 9 10 11 0 1 2 3 12 13 14 15 16 17 18 19 20 21 22 23 24 25 26 27 28 29 30 31 32 33 34 35 36 37 38 39 40 41 42 43 44 45 46 47 48 49 50 51 52 53 54 55 56 57 58 59 60 61 62 63 64 65 66 67 68 69 70 71 72 32 33 34 35 36 37 38 39 40 41 42 43 44 45 46 47 48 49 50 51 52 53 54 55 56 57 58 59 60 61 12 13 14 73 74 75 76 77 78 79 80 81 82 83 84 85 86 87 73 74 15 16 17 18 19 20 21 22 75 76 77 78 79 80 81 82 83 88 89 90 91 92 93 94 95 96 97 98 99 88 89 90 91 92 93 94 95 96 97 98 99 84 85 86 87 23 24 25 26 27 28 29 30 31 62 63 64 65 66 67 68 69 70 71 72 4 5 6 7 8 9 10 11 
63249
12
8 12 12 3 8 11 4 9 9 4 2 18 
4 54 24 11 19 30 48 19 46 3 45 25 
67 59 32 44 51 63 60 60 52 9 49 38 
549 882 471 701 451 918 197 661 857 361 446 557 
9 9 9 9 0 0 0 0 0 0 0 0 9 9 9 9 3 3 3 4 4 4 4 4 4 4 4 7 7 7 7 7 7 7 7 7 2 2 2 2 2 2 2 2 2 2 2 2 11 11 11 11 11 11 11 11 11 11 11 11 11 11 11 11 11 11 5 5 5 5 5 5 5 5 5 5 5 2 2 2 2 2 2 2 2 2 2 2 2 11 11 11 11 11 11 11 11 11 11 11 11 11 11 11 11 11 11 3 3 3 10 10 8 8 8 8 8 8 8 8 8 6 6 6 6 10 10 4 4 4 4 4 4 4 4 8 8 8 8 8 8 8 8 8 1 1 1 1 1 1 1 1 1 1 1 1 1 1 1 1 1 1 1 1 1 1 1 1 6 6 6 6 7 7 7 7 7 7 7 7 7 5 5 5 5 5 5 5 5 5 5 5 0 0 0 0 0 0 0 0 