386
100
2
2 2 2 2 2 4 4 4 4 4 4 7 7 12 12 13 13 13 15 15 15 15 15 16 16 16 16 16 16 16 16 16 16 16 16 16 16 16 16 18 18 18 18 18 18 20 20 20 20 20 20 20 20 24 24 24 24 24 24 24 24 27 27 27 27 27 27 27 27 27 27 27 27 27 27 27 27 27 28 28 28 28 28 28 30 30 30 30 30 30 30 30 30 34 34 35 35 35 38 38 38 38 38 38 38 38 38 39 39 39 39 39 41 41 41 41 43 43 43 43 43 43 46 46 46 46 46 47 47 47 47 47 47 48 48 48 50 50 50 50 50 50 50 50 50 50 50 50 50 50 53 53 53 54 55 55 55 55 55 55 55 57 57 57 57 58 64 64 64 64 64 64 64 65 65 65 65 65 65 65 66 68 68 68 68 68 68 68 68 68 68 68 68 70 70 70 70 70 70 70 
122 123 124 125 126 153 88 89 90 91 92 193 194 93 94 158 159 160 45 46 47 48 49 24 23 26 25 28 27 30 29 98 99 100 101 102 176 177 178 116 117 118 119 120 180 18 19 20 21 22 170 171 172 79 80 81 82 83 190 191 192 182 183 184 136 137 138 139 140 141 142 143 144 145 146 147 148 149 181 53 54 55 56 57 103 104 105 106 6 7 8 9 10 13 14 133 134 135 31 32 33 34 35 84 85 86 87 173 174 175 150 151 161 162 163 164 39 40 41 42 43 165 0 1 2 3 4 128 127 130 129 132 131 95 96 97 64 65 66 67 68 69 70 71 72 73 74 75 76 77 110 111 179 5 166 167 168 169 15 16 17 112 113 114 115 121 154 155 156 157 50 51 52 107 108 109 36 37 38 152 44 78 61 62 63 195 196 197 198 199 58 59 60 11 12 185 186 187 188 189 
291 291 291 291 291 194 639 639 639 639 639 529 529 627 627 950 950 950 969 969 969 969 969 532 532 532 532 532 532 532 532 891 891 891 891 891 165 165 165 746 746 746 746 746 999 969 969 969 969 969 606 606 606 218 218 218 218 218 451 451 451 201 201 201 548 548 548 548 548 548 548 548 548 548 548 548 548 548 441 218 218 218 218 218 630 630 630 630 639 639 639 639 639 627 627 545 545 545 891 891 891 891 891 630 630 630 630 195 195 195 726 726 449 449 449 449 746 746 746 746 746 494 291 291 291 291 291 505 505 505 505 505 505 545 545 545 548 548 548 548 548 548 548 548 548 548 548 548 548 548 726 726 708 194 218 218 218 218 950 950 950 449 449 449 449 494 218 218 218 218 606 606 606 195 195 195 165 165 165 708 999 441 201 201 201 515 515 515 515 515 451 451 451 529 529 515 515 515 515 515 
0 1 2 3 4 5 6 7 8 9 10 11 12 13 14 15 16 17 18 19 20 21 22 23 23 24 24 25 25 26 26 27 28 29 30 31 32 33 34 35 36 37 38 39 40 18 19 20 21 22 41 42 43 44 45 46 47 48 49 50 51 52 53 54 55 56 57 58 59 60 61 62 63 64 65 66 67 68 69 44 45 46 47 48 70 71 72 73 6 7 8 9 10 13 14 74 75 76 27 28 29 30 31 70 71 72 73 77 78 79 80 81 82 83 84 85 35 36 37 38 39 86 0 1 2 3 4 87 87 88 88 89 89 74 75 76 55 56 57 58 59 60 61 62 63 64 65 66 67 68 80 81 90 5 91 92 93 94 15 16 17 82 83 84 85 86 91 92 93 94 41 42 43 77 78 79 32 33 34 90 40 69 52 53 54 95 96 97 98 99 49 50 51 11 12 95 96 97 98 99 
53787
28
5 1 3 4 4 5 3 5 3 3 2 5 5 1 4 1 5 4 3 1 2 3 3 3 2 5 1 14 
2 28 39 55 16 15 27 18 35 20 7 68 16 4 30 18 24 41 24 43 39 47 16 13 12 4 53 27 
46 68 65 64 16 20 68 43 48 64 70 70 38 54 38 66 28 57 68 58 53 47 65 55 34 30 65 50 
291 441 195 218 532 969 201 746 545 606 529 515 891 194 630 999 218 449 451 494 726 505 165 950 627 639 708 548 
0 0 0 0 0 13 25 25 25 25 25 10 10 24 24 23 23 23 5 5 5 5 5 4 4 4 4 4 4 4 4 12 12 12 12 12 22 22 22 7 7 7 7 7 15 5 5 5 5 5 9 9 9 16 16 16 16 16 18 18 18 6 6 6 27 27 27 27 27 27 27 27 27 27 27 27 27 27 1 16 16 16 16 16 14 14 14 14 25 25 25 25 25 24 24 8 8 8 12 12 12 12 12 14 14 14 14 2 2 2 20 20 17 17 17 17 7 7 7 7 7 19 0 0 0 0 0 21 21 21 21 21 21 8 8 8 27 27 27 27 27 27 27 27 27 27 27 27 27 27 20 20 26 13 3 3 3 3 23 23 23 17 17 17 17 19 3 3 3 3 9 9 9 2 2 2 22 22 22 26 15 1 6 6 6 11 11 11 11 11 18 18 18 10 10 11 11 11 11 11 