884
100
2
1 1 1 1 1 4 4 4 4 4 6 6 6 6 6 6 6 6 6 6 6 7 7 7 7 7 7 7 10 10 10 10 10 10 10 10 10 10 10 12 12 12 12 12 12 15 15 15 15 15 23 23 23 23 23 23 23 23 23 23 23 23 23 23 23 23 23 24 24 24 24 24 26 26 26 26 26 26 26 26 26 26 26 26 26 26 26 26 26 26 26 26 26 26 26 26 28 28 28 28 28 28 28 28 30 30 30 30 30 30 30 30 30 30 30 30 30 30 30 30 30 30 30 35 35 37 37 37 37 37 40 40 40 40 40 40 41 41 41 41 42 42 42 42 44 44 44 44 44 44 44 44 47 47 47 47 47 51 51 51 51 51 51 51 51 51 51 53 53 53 54 54 54 54 54 58 58 58 67 67 67 67 67 67 67 67 67 68 68 68 68 69 69 69 69 69 69 69 69 69 
152 153 154 155 156 162 163 164 165 166 11 10 13 12 21 22 23 24 25 26 27 14 15 16 17 18 19 20 50 51 52 53 54 55 56 57 58 59 60 61 62 63 64 65 66 170 171 172 173 174 28 29 30 31 32 33 34 35 36 37 38 39 40 41 42 43 44 125 126 127 128 129 157 158 159 160 161 104 105 106 107 108 109 110 111 112 113 114 115 116 117 118 119 120 121 122 144 145 146 147 148 149 150 151 77 78 79 80 81 82 83 84 85 86 87 88 89 90 91 92 93 94 95 134 135 67 68 69 70 71 140 141 142 143 123 124 187 188 189 190 130 131 132 133 96 97 98 99 100 101 102 103 0 1 2 3 4 72 73 74 75 76 5 6 7 8 9 175 176 177 45 46 47 48 49 167 168 169 191 192 193 194 195 196 197 198 199 136 137 138 139 178 179 180 181 182 183 184 185 186 
529 529 529 529 529 359 359 359 359 359 246 246 246 246 551 551 551 551 551 551 551 551 551 551 551 551 551 551 431 431 431 431 431 431 431 431 431 431 431 715 715 715 715 715 715 962 962 962 962 962 431 431 431 431 431 431 431 431 431 431 431 715 715 715 715 715 715 202 202 202 202 202 657 657 657 657 657 226 226 226 226 226 226 226 226 226 226 226 226 226 226 226 226 226 226 226 979 979 979 979 979 979 979 979 226 226 226 226 226 226 226 226 226 226 226 226 226 226 226 226 226 226 226 660 660 202 202 202 202 202 638 638 638 638 660 660 405 405 405 405 638 638 638 638 979 979 979 979 979 979 979 979 529 529 529 529 529 657 657 657 657 657 359 359 359 359 359 822 822 822 962 962 962 962 962 822 822 822 895 895 895 895 895 895 895 895 895 405 405 405 405 895 895 895 895 895 895 895 895 895 
0 1 2 3 4 5 6 7 8 9 10 10 11 11 12 13 14 15 16 17 18 12 13 14 15 16 17 18 19 20 21 22 23 24 25 26 27 28 29 30 31 32 33 34 35 36 37 38 39 40 19 20 21 22 23 24 25 26 27 28 29 30 31 32 33 34 35 41 42 43 44 45 46 47 48 49 50 51 52 53 54 55 56 57 58 59 60 61 62 63 64 65 66 67 68 69 70 71 72 73 74 75 76 77 51 52 53 54 55 56 57 58 59 60 61 62 63 64 65 66 67 68 69 78 79 41 42 43 44 45 80 81 82 83 78 79 84 85 86 87 80 81 82 83 70 71 72 73 74 75 76 77 0 1 2 3 4 46 47 48 49 50 5 6 7 8 9 88 89 90 36 37 38 39 40 88 89 90 91 92 93 94 95 96 97 98 99 84 85 86 87 91 92 93 94 95 96 97 98 99 
55064
16
4 9 5 8 5 5 2 11 3 4 2 5 7 6 5 19 
41 67 26 28 24 15 6 10 53 40 35 4 6 12 1 26 
68 69 51 44 37 54 6 23 58 42 40 51 7 23 47 30 
405 895 657 979 202 962 246 431 822 638 660 359 551 715 529 226 
14 14 14 14 14 11 11 11 11 11 6 6 6 6 12 12 12 12 12 12 12 12 12 12 12 12 12 12 7 7 7 7 7 7 7 7 7 7 7 13 13 13 13 13 13 5 5 5 5 5 7 7 7 7 7 7 7 7 7 7 7 13 13 13 13 13 13 4 4 4 4 4 2 2 2 2 2 15 15 15 15 15 15 15 15 15 15 15 15 15 15 15 15 15 15 15 3 3 3 3 3 3 3 3 15 15 15 15 15 15 15 15 15 15 15 15 15 15 15 15 15 15 15 10 10 4 4 4 4 4 9 9 9 9 10 10 0 0 0 0 9 9 9 9 3 3 3 3 3 3 3 3 14 14 14 14 14 2 2 2 2 2 11 11 11 11 11 8 8 8 5 5 5 5 5 8 8 8 1 1 1 1 1 1 1 1 1 0 0 0 0 1 1 1 1 1 1 1 1 1 