622
100
2
2 2 2 2 2 2 2 5 5 5 5 5 5 6 6 6 7 7 7 7 7 7 8 8 8 8 8 8 8 9 9 12 12 12 14 14 14 14 14 14 14 14 14 14 14 16 16 16 16 16 19 19 24 24 24 26 26 26 26 26 26 27 27 27 27 29 29 29 29 29 31 31 31 31 31 31 31 31 31 31 33 33 33 33 33 33 41 41 41 41 41 41 41 42 42 42 43 43 43 43 43 44 44 44 44 46 46 46 46 46 46 46 46 47 48 48 48 48 48 48 48 48 48 48 48 48 48 48 48 48 48 48 54 54 54 54 54 54 54 54 54 59 59 59 59 59 59 59 59 59 59 59 59 59 59 59 59 59 59 59 59 59 60 60 60 62 62 62 62 64 64 64 64 64 64 64 65 65 65 65 65 67 67 67 67 67 67 68 69 69 69 69 69 69 70 70 70 70 70 70 
113 16 17 18 19 20 21 80 81 82 83 84 85 93 94 95 1 2 3 4 5 6 86 87 88 89 90 91 92 45 46 138 139 140 188 189 190 191 192 193 108 109 110 111 112 29 30 52 53 54 96 97 47 48 49 194 195 196 197 198 199 101 102 103 104 176 177 178 179 180 169 170 171 172 173 174 175 105 106 107 7 8 9 10 11 12 22 23 24 25 26 27 28 13 14 15 50 51 165 166 167 61 62 63 64 77 78 79 40 41 42 43 44 0 144 145 146 147 148 149 150 151 152 153 154 155 156 157 158 159 160 161 181 182 183 184 185 186 31 32 33 162 163 164 114 115 116 117 118 119 120 121 122 123 124 125 126 127 128 129 130 131 141 142 143 98 99 100 187 70 71 72 73 74 75 76 65 66 67 68 69 132 133 134 135 136 137 168 34 35 36 37 38 39 55 56 57 58 59 60 
556 731 731 731 731 731 731 640 640 640 640 640 640 858 858 858 731 731 731 731 731 731 155 155 155 155 155 155 155 865 865 521 521 521 269 269 269 269 269 269 707 707 707 707 707 865 865 783 783 783 242 242 783 783 783 915 915 915 915 915 915 688 688 688 688 948 948 948 948 948 657 657 657 657 657 657 657 168 168 168 640 640 640 640 640 640 155 155 155 155 155 155 155 858 858 858 242 242 904 904 904 688 688 688 688 168 168 168 707 707 707 707 707 556 675 675 675 675 675 675 675 675 675 675 675 675 675 675 675 675 675 675 557 557 557 557 557 557 521 521 521 589 589 589 675 675 675 675 675 675 675 675 675 675 675 675 675 675 675 675 675 675 589 589 589 904 904 904 905 657 657 657 657 657 657 657 948 948 948 948 948 557 557 557 557 557 557 905 269 269 269 269 269 269 915 915 915 915 915 915 
0 1 2 3 4 5 6 7 8 9 10 11 12 13 14 15 1 2 3 4 5 6 16 17 18 19 20 21 22 23 24 25 26 27 28 29 30 31 32 33 34 35 36 37 38 23 24 39 40 41 42 43 39 40 41 44 45 46 47 48 49 50 51 52 53 54 55 56 57 58 59 60 61 62 63 64 65 66 67 68 7 8 9 10 11 12 16 17 18 19 20 21 22 13 14 15 42 43 69 70 71 50 51 52 53 66 67 68 34 35 36 37 38 0 72 73 74 75 76 77 78 79 80 81 82 83 84 85 86 87 88 89 90 91 92 93 94 95 25 26 27 96 97 98 72 73 74 75 76 77 78 79 80 81 82 83 84 85 86 87 88 89 96 97 98 69 70 71 99 59 60 61 62 63 64 65 54 55 56 57 58 90 91 92 93 94 95 99 28 29 30 31 32 33 44 45 46 47 48 49 
62677
21
2 6 6 1 7 3 3 6 2 3 5 3 1 6 5 3 4 6 7 3 18 
19 14 54 2 31 59 31 2 9 43 29 12 62 26 14 6 27 5 8 16 48 
43 69 67 47 64 60 46 7 16 62 65 54 68 70 46 42 44 33 41 24 59 
242 269 557 556 657 589 168 731 865 904 948 521 905 915 707 858 688 640 155 783 675 
3 7 7 7 7 7 7 17 17 17 17 17 17 15 15 15 7 7 7 7 7 7 18 18 18 18 18 18 18 8 8 11 11 11 1 1 1 1 1 1 14 14 14 14 14 8 8 19 19 19 0 0 19 19 19 13 13 13 13 13 13 16 16 16 16 10 10 10 10 10 4 4 4 4 4 4 4 6 6 6 17 17 17 17 17 17 18 18 18 18 18 18 18 15 15 15 0 0 9 9 9 16 16 16 16 6 6 6 14 14 14 14 14 3 20 20 20 20 20 20 20 20 20 20 20 20 20 20 20 20 20 20 2 2 2 2 2 2 11 11 11 5 5 5 20 20 20 20 20 20 20 20 20 20 20 20 20 20 20 20 20 20 5 5 5 9 9 9 12 4 4 4 4 4 4 4 10 10 10 10 10 2 2 2 2 2 2 12 1 1 1 1 1 1 13 13 13 13 13 13 