817
100
2
1 1 1 1 1 1 2 2 2 2 2 2 2 2 2 2 3 3 3 4 4 4 4 6 6 6 6 7 7 7 7 7 7 7 7 7 7 7 7 7 7 7 7 7 7 7 7 7 11 11 11 12 12 12 12 12 12 12 13 13 13 13 13 13 13 13 13 13 13 15 18 18 18 18 22 22 22 22 22 23 25 25 25 25 25 27 27 28 28 29 30 31 31 31 31 35 35 35 35 35 35 38 38 39 39 39 39 40 40 40 40 40 40 40 40 40 40 40 40 40 40 41 41 41 45 45 45 45 46 46 46 46 46 49 51 51 51 51 53 53 53 53 53 53 53 53 53 53 53 53 55 55 56 56 56 56 56 56 56 56 56 56 56 56 56 56 56 56 56 56 56 56 57 57 57 57 57 57 59 59 62 62 62 62 62 63 63 63 63 66 66 66 66 66 68 70 70 70 70 70 
87 11 12 13 14 15 58 59 60 61 62 1 2 3 4 5 121 122 123 124 125 126 127 107 108 109 110 180 181 182 183 184 120 157 158 159 160 161 162 163 164 165 166 167 168 169 170 171 51 52 53 48 49 50 91 92 93 94 6 7 8 9 10 64 63 66 65 68 67 90 185 186 187 188 140 141 142 143 144 95 145 146 147 148 149 178 179 0 133 194 69 54 55 56 57 79 195 196 197 198 199 138 139 174 175 176 177 23 24 25 26 134 135 136 137 152 153 154 155 156 32 16 17 18 19 20 21 22 189 190 191 192 193 88 111 112 113 114 101 102 74 75 76 77 78 80 81 82 83 84 172 173 115 116 117 118 119 33 34 35 36 37 38 39 40 41 42 43 44 45 46 47 150 151 103 104 105 106 85 86 27 28 29 30 31 70 71 72 73 128 129 130 131 132 89 96 97 98 99 100 
258 569 569 569 569 569 901 901 901 901 901 569 569 569 569 569 672 672 672 820 820 820 820 333 333 333 333 838 838 838 838 838 780 808 808 808 808 808 808 808 808 808 808 808 808 808 808 808 579 579 579 579 579 579 363 363 363 363 901 901 901 901 901 644 644 644 644 644 644 742 800 800 800 800 967 967 967 967 967 461 862 862 862 862 862 963 963 258 825 354 742 363 363 363 363 461 594 594 594 594 594 978 978 390 390 390 390 333 333 333 333 703 703 703 703 341 341 341 341 341 780 672 672 672 820 820 820 820 513 513 513 513 513 825 703 703 703 703 978 978 967 967 967 967 967 862 862 862 862 862 724 724 341 341 341 341 341 808 808 808 808 808 808 808 808 808 808 808 808 808 808 808 724 724 390 390 390 390 963 963 838 838 838 838 838 800 800 800 800 513 513 513 513 513 354 594 594 594 594 594 
0 1 2 3 4 5 6 7 8 9 10 1 2 3 4 5 11 12 13 14 15 16 17 18 19 20 21 22 23 24 25 26 27 28 29 30 31 32 33 34 35 36 37 38 39 40 41 42 43 44 45 43 44 45 46 47 48 49 6 7 8 9 10 50 50 51 51 52 52 53 54 55 56 57 58 59 60 61 62 63 64 65 66 67 68 69 70 0 71 72 53 46 47 48 49 63 73 74 75 76 77 78 79 80 81 82 83 18 19 20 21 84 85 86 87 88 89 90 91 92 27 11 12 13 14 15 16 17 93 94 95 96 97 71 84 85 86 87 78 79 58 59 60 61 62 64 65 66 67 68 98 99 88 89 90 91 92 28 29 30 31 32 33 34 35 36 37 38 39 40 41 42 98 99 80 81 82 83 69 70 22 23 24 25 26 54 55 56 57 93 94 95 96 97 72 73 74 75 76 77 
68116
28
2 1 1 3 2 5 5 0 4 3 5 1 3 5 4 5 1 4 5 2 5 1 4 4 4 1 5 15 
55 29 1 3 38 22 2 7 6 13 25 23 11 7 40 46 15 39 1 27 40 28 4 12 18 7 35 7 
57 68 28 41 53 53 13 45 40 13 53 35 12 62 51 66 30 57 2 59 56 49 45 31 63 40 70 56 
724 354 258 672 978 967 901 722 333 644 862 461 579 838 703 513 742 390 569 963 341 825 820 363 800 780 594 808 
2 18 18 18 18 18 6 6 6 6 6 18 18 18 18 18 3 3 3 22 22 22 22 8 8 8 8 13 13 13 13 13 25 27 27 27 27 27 27 27 27 27 27 27 27 27 27 27 12 12 12 12 12 12 23 23 23 23 6 6 6 6 6 9 9 9 9 9 9 16 24 24 24 24 5 5 5 5 5 11 10 10 10 10 10 19 19 2 21 1 16 23 23 23 23 11 26 26 26 26 26 4 4 17 17 17 17 8 8 8 8 14 14 14 14 20 20 20 20 20 25 3 3 3 22 22 22 22 15 15 15 15 15 21 14 14 14 14 4 4 5 5 5 5 5 10 10 10 10 10 0 0 20 20 20 20 20 27 27 27 27 27 27 27 27 27 27 27 27 27 27 27 0 0 17 17 17 17 19 19 13 13 13 13 13 24 24 24 24 15 15 15 15 15 1 26 26 26 26 26 