138
100
2
3 3 3 3 3 3 3 3 3 4 4 4 4 4 4 4 10 10 11 11 11 11 11 11 15 15 15 15 15 15 15 15 15 15 15 18 18 18 18 18 18 18 18 18 18 18 20 20 21 21 21 21 23 23 23 23 23 23 23 23 23 23 23 29 29 30 30 30 30 30 32 32 32 32 32 40 40 40 40 40 40 40 40 40 40 40 42 42 42 42 42 42 42 42 42 42 42 42 42 42 43 43 43 43 43 43 43 43 43 43 43 43 43 43 43 51 51 51 51 51 51 51 51 51 51 51 51 51 51 51 51 51 51 52 52 52 52 52 52 53 53 53 53 53 53 53 53 53 53 53 53 53 54 54 54 54 54 54 54 54 54 54 58 58 58 58 58 58 58 58 69 69 69 69 69 69 69 69 69 69 69 69 69 69 69 69 69 69 69 69 70 70 70 70 70 70 70 70 70 70 
106 107 108 109 110 111 112 113 114 170 171 172 173 174 175 176 63 64 100 101 102 103 104 105 177 178 179 180 181 182 183 184 185 46 47 141 142 143 144 145 146 147 148 149 150 151 33 34 186 187 188 189 70 71 72 73 74 80 81 82 83 84 85 16 17 75 76 77 78 79 52 53 54 55 56 65 66 67 68 69 57 58 59 60 61 62 152 153 154 155 156 157 158 159 133 134 135 136 137 138 18 19 20 21 22 23 0 1 2 3 4 5 6 7 8 190 191 192 193 194 195 196 197 198 199 162 163 164 165 166 167 168 169 94 95 96 97 98 99 160 161 35 36 37 38 39 40 41 42 43 44 45 86 87 88 89 90 91 92 93 139 140 125 126 127 128 129 130 131 132 9 10 11 12 13 14 15 24 25 26 27 28 29 30 31 32 48 49 50 51 115 116 117 118 119 120 121 122 123 124 
533 533 533 533 533 533 533 533 533 230 230 230 230 230 230 230 201 201 182 182 182 182 182 182 774 774 774 774 774 774 774 774 774 426 426 571 571 571 571 571 571 571 571 571 571 571 426 426 468 468 468 468 684 684 684 684 684 445 445 445 445 445 445 201 201 251 251 251 251 251 684 684 684 684 684 251 251 251 251 251 445 445 445 445 445 445 734 734 734 734 734 734 734 734 281 281 281 281 281 281 182 182 182 182 182 182 533 533 533 533 533 533 533 533 533 407 407 407 407 407 407 407 407 407 407 476 476 476 476 476 476 476 476 281 281 281 281 281 281 284 284 571 571 571 571 571 571 571 571 571 571 571 734 734 734 734 734 734 734 734 284 284 476 476 476 476 476 476 476 476 230 230 230 230 230 230 230 774 774 774 774 774 774 774 774 774 468 468 468 468 407 407 407 407 407 407 407 407 407 407 
0 1 2 3 4 5 6 7 8 9 10 11 12 13 14 15 16 17 18 19 20 21 22 23 24 25 26 27 28 29 30 31 32 33 34 35 36 37 38 39 40 41 42 43 44 45 33 34 46 47 48 49 50 51 52 53 54 55 56 57 58 59 60 16 17 61 62 63 64 65 50 51 52 53 54 61 62 63 64 65 55 56 57 58 59 60 66 67 68 69 70 71 72 73 74 75 76 77 78 79 18 19 20 21 22 23 0 1 2 3 4 5 6 7 8 80 81 82 83 84 85 86 87 88 89 90 91 92 93 94 95 96 97 74 75 76 77 78 79 98 99 35 36 37 38 39 40 41 42 43 44 45 66 67 68 69 70 71 72 73 98 99 90 91 92 93 94 95 96 97 9 10 11 12 13 14 15 24 25 26 27 28 29 30 31 32 46 47 48 49 80 81 82 83 84 85 86 87 88 89 
47221
16
6 9 5 8 10 5 7 9 2 6 2 4 8 2 6 11 
11 3 23 42 51 30 4 15 53 23 10 21 51 15 42 18 
43 43 32 54 70 40 69 69 54 40 29 69 58 20 52 53 
182 533 684 734 407 251 230 774 284 445 201 468 476 426 281 571 
1 1 1 1 1 1 1 1 1 6 6 6 6 6 6 6 10 10 0 0 0 0 0 0 7 7 7 7 7 7 7 7 7 13 13 15 15 15 15 15 15 15 15 15 15 15 13 13 11 11 11 11 2 2 2 2 2 9 9 9 9 9 9 10 10 5 5 5 5 5 2 2 2 2 2 5 5 5 5 5 9 9 9 9 9 9 3 3 3 3 3 3 3 3 14 14 14 14 14 14 0 0 0 0 0 0 1 1 1 1 1 1 1 1 1 4 4 4 4 4 4 4 4 4 4 12 12 12 12 12 12 12 12 14 14 14 14 14 14 8 8 15 15 15 15 15 15 15 15 15 15 15 3 3 3 3 3 3 3 3 8 8 12 12 12 12 12 12 12 12 6 6 6 6 6 6 6 7 7 7 7 7 7 7 7 7 11 11 11 11 4 4 4 4 4 4 4 4 4 4 