579
100
2
1 1 1 1 1 1 3 3 3 3 4 4 4 5 5 6 6 6 6 6 7 7 7 7 8 9 9 11 11 11 13 13 13 13 13 15 15 15 15 15 17 17 17 17 18 18 18 18 18 19 19 19 19 21 21 21 21 21 21 21 21 21 21 21 21 21 21 21 21 21 21 21 21 21 21 21 22 22 22 23 23 23 25 25 25 25 25 25 26 26 28 28 28 30 32 32 32 32 32 32 32 33 33 33 33 33 33 33 33 33 33 33 33 33 33 33 33 33 33 33 33 33 33 34 34 38 38 38 39 39 39 41 41 41 41 43 43 43 43 43 45 45 45 46 46 46 46 46 48 48 48 48 49 49 49 49 50 50 53 53 53 56 56 56 56 56 57 58 58 58 59 59 61 61 61 61 61 61 61 61 61 62 62 62 62 62 62 63 63 66 66 67 67 68 68 68 68 68 69 70 
181 182 183 184 185 186 131 132 133 134 90 91 92 44 45 35 36 37 38 39 53 54 55 56 158 189 190 76 77 78 193 194 195 196 197 15 16 17 18 19 177 178 179 180 13 14 101 102 103 94 95 187 188 20 21 22 23 104 105 106 107 108 109 110 111 112 113 114 115 116 117 118 119 120 121 122 27 28 29 125 126 127 128 129 130 96 97 98 170 171 10 11 12 124 49 50 85 86 87 159 160 46 47 48 57 58 59 60 61 62 63 64 65 66 67 68 69 70 71 72 73 74 75 199 93 79 80 81 82 83 84 6 7 8 9 172 173 174 175 176 167 168 169 161 162 163 164 165 152 153 154 155 148 149 150 151 191 192 24 99 100 143 144 145 146 147 198 140 141 142 88 89 135 136 137 138 139 40 41 42 43 0 1 2 3 4 5 51 52 25 26 156 157 30 31 32 33 34 166 123 
242 242 242 242 242 242 670 670 670 670 611 611 611 927 927 611 611 611 611 611 941 941 941 941 636 374 374 955 955 955 393 393 393 393 393 611 611 611 611 611 326 326 326 326 927 927 954 954 954 859 859 629 629 941 941 941 941 882 882 882 882 882 882 882 882 882 882 882 882 882 882 882 882 882 882 882 955 955 955 856 856 856 322 322 322 705 705 705 450 450 611 611 611 862 859 859 705 705 705 242 242 954 954 954 882 882 882 882 882 882 882 882 882 882 882 882 882 882 882 882 882 882 882 281 862 856 856 856 322 322 322 670 670 670 670 680 680 680 680 680 216 216 216 505 505 505 505 505 594 594 594 594 594 594 594 594 505 505 636 242 242 505 505 505 505 505 901 216 216 216 450 450 680 680 680 680 680 326 326 326 326 242 242 242 242 242 242 629 629 374 374 505 505 393 393 393 393 393 901 281 
0 1 2 3 4 5 6 7 8 9 10 11 12 13 14 15 16 17 18 19 20 21 22 23 24 25 26 27 28 29 30 31 32 33 34 15 16 17 18 19 35 36 37 38 13 14 39 40 41 42 43 44 45 20 21 22 23 46 47 48 49 50 51 52 53 54 55 56 57 58 59 60 61 62 63 64 27 28 29 65 66 67 68 69 70 71 72 73 74 75 10 11 12 76 42 43 71 72 73 77 78 39 40 41 46 47 48 49 50 51 52 53 54 55 56 57 58 59 60 61 62 63 64 79 76 65 66 67 68 69 70 6 7 8 9 80 81 82 83 84 85 86 87 88 89 90 91 92 93 94 95 96 93 94 95 96 97 98 24 77 78 88 89 90 91 92 99 85 86 87 74 75 80 81 82 83 84 35 36 37 38 0 1 2 3 4 5 44 45 25 26 97 98 30 31 32 33 34 99 79 
63788
28
1 2 2 4 5 2 2 1 2 4 4 2 3 5 5 1 3 3 1 3 3 6 5 4 3 3 2 19 
34 19 5 48 46 9 19 30 26 7 3 50 18 6 13 57 4 45 8 23 11 1 43 17 25 25 32 21 
70 32 18 49 56 66 63 34 59 21 41 67 33 15 68 69 28 58 53 38 22 62 61 61 39 32 53 33 
281 859 927 594 505 374 629 862 450 941 670 505 954 611 393 901 611 216 636 856 955 242 680 326 322 705 242 882 
21 21 21 21 21 21 10 10 10 10 16 16 16 2 2 13 13 13 13 13 9 9 9 9 18 5 5 20 20 20 14 14 14 14 14 13 13 13 13 13 23 23 23 23 2 2 12 12 12 1 1 6 6 9 9 9 9 27 27 27 27 27 27 27 27 27 27 27 27 27 27 27 27 27 27 27 20 20 20 19 19 19 24 24 24 25 25 25 8 8 16 16 16 7 1 1 25 25 25 26 26 12 12 12 27 27 27 27 27 27 27 27 27 27 27 27 27 27 27 27 27 27 27 0 7 19 19 19 24 24 24 10 10 10 10 22 22 22 22 22 17 17 17 4 4 4 4 4 3 3 3 3 3 3 3 3 11 11 18 26 26 4 4 4 4 4 15 17 17 17 8 8 22 22 22 22 22 23 23 23 23 21 21 21 21 21 21 6 6 5 5 11 11 14 14 14 14 14 15 0 