637
100
2
4 4 4 4 4 4 5 5 5 7 7 7 7 8 8 8 8 8 9 9 9 9 10 10 10 10 12 12 12 12 12 12 12 12 12 12 12 14 14 14 14 14 15 15 15 15 16 16 16 16 16 16 16 16 16 16 16 16 16 17 17 17 17 17 17 23 23 24 24 24 26 26 27 27 27 27 30 30 30 30 30 30 30 30 35 35 35 35 36 36 37 37 37 37 38 38 38 38 39 39 39 39 39 39 41 41 41 41 41 41 41 41 41 41 41 41 41 41 41 41 41 41 41 42 42 43 43 43 43 44 44 44 45 45 45 47 47 47 47 48 48 48 49 49 49 50 50 50 50 50 50 50 50 50 50 50 50 50 50 50 50 50 50 50 50 50 50 50 50 50 54 54 54 56 56 56 56 56 56 56 58 58 58 58 58 60 61 65 65 65 65 65 65 65 65 65 65 65 69 70 
46 47 48 49 50 104 51 52 53 84 85 86 87 54 55 56 57 58 42 43 44 45 30 31 32 33 90 91 92 93 22 23 24 25 195 196 197 94 95 96 97 184 18 19 20 21 0 1 2 3 4 6 7 8 13 14 15 16 17 98 99 100 101 102 198 123 124 129 130 131 145 146 180 181 182 183 77 76 79 78 81 80 83 82 9 10 11 12 178 179 26 27 28 29 37 38 39 40 59 60 61 62 63 199 5 152 153 154 155 156 157 158 159 160 161 162 163 164 165 166 167 168 169 65 66 186 132 133 134 67 68 69 126 127 128 191 192 193 194 142 143 144 139 140 141 70 71 173 174 175 176 177 105 106 107 108 109 110 111 112 113 114 115 116 117 118 119 120 121 122 188 189 190 147 148 149 150 151 88 89 72 73 74 75 41 187 125 185 170 171 172 135 136 137 138 34 35 36 64 103 
346 346 346 346 346 295 841 841 841 611 611 611 611 520 520 520 520 520 736 736 736 736 490 490 490 490 677 677 677 677 490 490 490 490 295 295 295 483 483 483 483 635 736 736 736 736 346 346 346 346 346 841 841 841 520 520 520 520 520 200 200 200 200 200 674 892 892 841 841 841 202 202 158 158 158 158 242 242 242 242 242 242 242 242 611 611 611 611 697 697 677 677 677 677 483 483 483 483 200 200 200 200 200 666 295 719 719 719 719 719 719 719 719 719 719 719 719 719 719 719 719 719 719 892 892 755 265 265 265 841 841 841 265 265 265 394 394 394 394 645 645 645 645 645 645 202 202 722 722 722 722 722 719 719 719 719 719 719 719 719 719 719 719 719 719 719 719 719 719 719 623 623 623 722 722 722 722 722 697 697 158 158 158 158 635 181 755 181 623 623 623 394 394 394 394 295 295 295 674 666 
0 1 2 3 4 5 6 7 8 9 10 11 12 13 14 15 16 17 18 19 20 21 22 23 24 25 26 27 28 29 22 23 24 25 30 31 32 33 34 35 36 37 18 19 20 21 0 1 2 3 4 6 7 8 13 14 15 16 17 38 39 40 41 42 43 44 45 46 47 48 49 50 51 52 53 54 55 55 56 56 57 57 58 58 9 10 11 12 59 60 26 27 28 29 33 34 35 36 38 39 40 41 42 61 5 62 63 64 65 66 67 68 69 70 71 72 73 74 75 76 77 78 79 44 45 80 81 82 83 46 47 48 81 82 83 84 85 86 87 88 89 90 88 89 90 49 50 91 92 93 94 95 62 63 64 65 66 67 68 69 70 71 72 73 74 75 76 77 78 79 96 97 98 91 92 93 94 95 59 60 51 52 53 54 37 99 80 99 96 97 98 84 85 86 87 30 31 32 43 61 
54364
28
1 5 5 4 4 4 1 2 3 2 4 3 4 1 3 4 5 4 4 3 5 3 1 3 1 1 2 18 
60 17 4 27 12 10 17 23 5 26 30 54 7 43 48 47 8 14 9 43 50 24 14 12 39 4 36 41 
65 39 16 58 37 12 69 42 16 50 30 65 35 61 49 65 16 38 15 45 56 44 58 65 70 41 56 50 
181 200 346 158 677 490 674 892 841 202 242 623 611 755 645 394 520 483 736 265 722 841 635 295 666 295 697 719 
2 2 2 2 2 25 8 8 8 12 12 12 12 16 16 16 16 16 18 18 18 18 5 5 5 5 4 4 4 4 5 5 5 5 23 23 23 17 17 17 17 22 18 18 18 18 2 2 2 2 2 8 8 8 16 16 16 16 16 1 1 1 1 1 6 7 7 21 21 21 9 9 3 3 3 3 10 10 10 10 10 10 10 10 12 12 12 12 26 26 4 4 4 4 17 17 17 17 1 1 1 1 1 24 25 27 27 27 27 27 27 27 27 27 27 27 27 27 27 27 27 27 27 7 7 13 19 19 19 21 21 21 19 19 19 15 15 15 15 14 14 14 14 14 14 9 9 20 20 20 20 20 27 27 27 27 27 27 27 27 27 27 27 27 27 27 27 27 27 27 11 11 11 20 20 20 20 20 26 26 3 3 3 3 22 0 13 0 11 11 11 15 15 15 15 23 23 23 6 24 