545
100
2
4 4 4 4 4 4 4 4 4 4 4 4 4 4 4 5 5 5 5 6 6 6 6 6 9 9 9 9 9 10 11 11 12 15 15 15 15 15 15 15 15 15 15 15 15 15 15 15 15 15 15 15 15 15 18 18 19 19 19 21 21 21 21 21 21 23 23 23 23 23 23 23 24 24 24 24 24 26 26 26 26 26 27 27 27 27 27 28 28 28 28 30 30 30 30 30 34 34 34 34 34 34 35 35 35 35 35 35 35 37 37 37 37 37 37 37 38 38 38 38 38 38 38 40 40 40 46 46 46 46 46 46 47 47 47 47 47 47 51 51 51 51 52 52 53 53 53 53 53 53 53 54 54 54 54 54 54 54 54 54 54 54 54 55 55 55 55 55 58 58 58 58 58 59 59 60 60 60 62 62 62 62 62 63 63 63 63 63 64 64 64 64 64 65 65 67 67 67 70 70 
39 40 41 42 43 44 45 46 47 48 49 50 51 52 53 83 84 85 86 72 73 74 75 76 77 78 79 80 81 32 142 143 29 126 127 128 129 130 131 0 1 2 3 4 5 6 7 8 9 10 11 12 13 14 198 199 109 110 111 132 133 134 135 136 137 144 145 146 147 148 149 150 19 20 21 22 23 24 25 26 27 28 102 15 16 17 18 112 113 114 115 183 184 185 186 187 151 152 153 154 155 156 82 157 158 159 160 161 162 56 57 58 87 88 89 90 195 196 197 138 139 140 141 175 176 177 33 34 35 36 37 38 59 60 61 62 63 64 119 120 121 122 30 31 65 66 67 68 69 70 71 96 97 98 99 100 101 103 104 105 106 107 108 188 189 190 191 192 178 179 180 181 182 193 194 123 124 125 168 169 170 171 172 91 92 93 94 95 163 164 165 166 167 173 174 116 117 118 54 55 
657 657 657 657 657 657 657 657 657 657 657 657 657 657 657 829 829 829 829 212 212 212 212 212 587 587 587 587 587 278 776 776 278 625 625 625 625 625 625 657 657 657 657 657 657 657 657 657 657 657 657 657 657 657 435 435 742 742 742 383 383 383 383 383 383 776 776 776 776 776 776 776 212 212 212 212 212 587 587 587 587 587 477 829 829 829 829 679 679 679 679 905 905 905 905 905 877 877 877 877 877 877 477 580 580 580 580 580 580 742 742 742 679 679 679 679 397 397 397 715 715 715 715 826 826 826 625 625 625 625 625 625 383 383 383 383 383 383 715 715 715 715 776 776 776 776 776 776 776 776 776 877 877 877 877 877 877 580 580 580 580 580 580 593 593 593 593 593 957 957 957 957 957 645 645 826 826 826 957 957 957 957 957 905 905 905 905 905 593 593 593 593 593 645 645 397 397 397 435 435 
0 1 2 3 4 5 6 7 8 9 10 11 12 13 14 15 16 17 18 19 20 21 22 23 24 25 26 27 28 29 30 31 29 32 33 34 35 36 37 0 1 2 3 4 5 6 7 8 9 10 11 12 13 14 38 39 40 41 42 43 44 45 46 47 48 49 50 51 52 53 54 55 19 20 21 22 23 24 25 26 27 28 56 15 16 17 18 57 58 59 60 61 62 63 64 65 66 67 68 69 70 71 56 72 73 74 75 76 77 40 41 42 57 58 59 60 78 79 80 81 82 83 84 85 86 87 32 33 34 35 36 37 43 44 45 46 47 48 81 82 83 84 30 31 49 50 51 52 53 54 55 66 67 68 69 70 71 72 73 74 75 76 77 88 89 90 91 92 93 94 95 96 97 98 99 85 86 87 93 94 95 96 97 61 62 63 64 65 88 89 90 91 92 98 99 78 79 80 38 39 
65601
22
1 6 3 6 5 1 3 7 5 5 5 2 2 6 6 3 2 4 5 4 4 15 
27 21 40 15 30 10 19 23 58 6 9 18 59 34 35 38 11 38 55 28 5 4 
35 47 60 46 63 12 37 53 62 24 26 70 65 54 54 67 52 51 64 37 27 15 
477 383 826 625 905 278 742 776 957 212 587 435 645 877 580 397 776 715 593 679 829 657 
21 21 21 21 21 21 21 21 21 21 21 21 21 21 21 20 20 20 20 9 9 9 9 9 10 10 10 10 10 5 16 16 5 3 3 3 3 3 3 21 21 21 21 21 21 21 21 21 21 21 21 21 21 21 11 11 6 6 6 1 1 1 1 1 1 7 7 7 7 7 7 7 9 9 9 9 9 10 10 10 10 10 0 20 20 20 20 19 19 19 19 4 4 4 4 4 13 13 13 13 13 13 0 14 14 14 14 14 14 6 6 6 19 19 19 19 15 15 15 17 17 17 17 2 2 2 3 3 3 3 3 3 1 1 1 1 1 1 17 17 17 17 16 16 7 7 7 7 7 7 7 13 13 13 13 13 13 14 14 14 14 14 14 18 18 18 18 18 8 8 8 8 8 12 12 2 2 2 8 8 8 8 8 4 4 4 4 4 18 18 18 18 18 12 12 15 15 15 11 11 