481
100
2
1 1 1 1 1 1 1 6 6 6 6 6 6 6 6 6 13 13 13 13 13 13 14 14 14 14 14 14 14 15 15 15 15 15 15 15 15 15 15 15 15 17 17 17 18 18 18 18 18 18 19 19 19 19 23 23 23 23 23 23 23 23 23 23 23 23 23 23 23 23 23 23 23 23 23 23 31 31 31 31 31 35 36 37 38 38 38 38 38 38 38 42 42 42 42 42 42 42 43 43 43 43 43 43 43 43 45 45 45 45 45 45 45 47 47 47 47 47 47 47 47 47 47 48 48 48 48 48 48 48 49 49 49 49 50 50 50 50 50 50 50 52 53 53 53 53 53 54 54 54 54 54 54 54 54 54 54 54 54 56 56 56 56 56 57 64 64 64 64 64 64 64 66 67 67 67 67 67 67 67 67 67 67 67 67 67 67 67 67 67 68 68 68 68 68 68 70 70 70 70 
83 147 148 149 150 151 152 81 119 84 85 86 87 88 89 90 190 191 192 193 194 195 123 124 125 126 127 128 129 76 77 78 79 80 134 135 136 137 138 139 140 120 121 122 196 197 198 199 111 112 109 110 104 105 159 160 161 162 163 173 174 175 176 177 178 179 180 181 182 183 184 185 186 187 188 189 29 30 31 32 33 7 172 0 9 10 11 12 13 14 15 165 166 167 168 169 170 171 153 154 155 156 157 158 52 53 130 131 132 50 51 48 49 142 143 144 145 146 133 8 41 42 43 22 23 24 25 26 27 28 106 107 108 118 34 35 36 37 38 39 40 164 113 114 115 116 117 1 2 3 4 5 6 98 99 100 101 102 103 54 55 56 57 58 141 91 92 93 94 95 96 97 82 59 60 61 62 63 64 65 66 67 68 69 70 71 72 73 74 75 16 17 18 19 20 21 44 45 46 47 
783 556 556 556 556 556 556 427 798 794 794 794 794 794 794 794 436 436 436 436 436 436 898 898 898 898 898 898 898 816 816 816 816 816 307 307 307 307 307 307 307 635 635 635 556 556 556 556 906 906 828 828 333 333 980 980 980 980 980 716 716 716 716 716 716 716 716 716 716 716 716 716 716 716 716 716 816 816 816 816 816 427 160 783 794 794 794 794 794 794 794 510 510 510 510 510 510 510 715 715 715 715 715 715 333 333 976 976 976 828 828 906 906 799 799 799 799 799 303 798 635 635 635 898 898 898 898 898 898 898 976 976 976 303 307 307 307 307 307 307 307 934 799 799 799 799 799 556 556 556 556 556 556 715 715 715 715 715 715 980 980 980 980 980 934 510 510 510 510 510 510 510 160 716 716 716 716 716 716 716 716 716 716 716 716 716 716 716 716 716 436 436 436 436 436 436 556 556 556 556 
0 1 2 3 4 5 6 7 8 9 10 11 12 13 14 15 16 17 18 19 20 21 22 23 24 25 26 27 28 29 30 31 32 33 34 35 36 37 38 39 40 41 42 43 44 45 46 47 48 49 50 51 52 53 54 55 56 57 58 59 60 61 62 63 64 65 66 67 68 69 70 71 72 73 74 75 29 30 31 32 33 7 76 0 9 10 11 12 13 14 15 77 78 79 80 81 82 83 84 85 86 87 88 89 52 53 90 91 92 50 51 48 49 93 94 95 96 97 98 8 41 42 43 22 23 24 25 26 27 28 90 91 92 98 34 35 36 37 38 39 40 99 93 94 95 96 97 1 2 3 4 5 6 84 85 86 87 88 89 54 55 56 57 58 99 77 78 79 80 81 82 83 76 59 60 61 62 63 64 65 66 67 68 69 70 71 72 73 74 75 16 17 18 19 20 21 44 45 46 47 
67548
23
1 6 3 5 1 7 1 5 5 1 4 1 6 3 7 7 2 7 6 2 2 1 17 
1 13 45 23 52 42 6 47 15 47 18 6 1 17 14 6 19 15 43 19 18 36 23 
37 68 49 56 57 64 35 53 31 49 70 47 54 47 48 38 45 50 54 43 45 66 67 
783 436 976 980 934 510 427 799 816 303 556 798 556 635 898 794 828 307 715 333 906 160 716 
0 12 12 12 12 12 12 6 11 15 15 15 15 15 15 15 1 1 1 1 1 1 14 14 14 14 14 14 14 8 8 8 8 8 17 17 17 17 17 17 17 13 13 13 10 10 10 10 20 20 16 16 19 19 3 3 3 3 3 22 22 22 22 22 22 22 22 22 22 22 22 22 22 22 22 22 8 8 8 8 8 6 21 0 15 15 15 15 15 15 15 5 5 5 5 5 5 5 18 18 18 18 18 18 19 19 2 2 2 16 16 20 20 7 7 7 7 7 9 11 13 13 13 14 14 14 14 14 14 14 2 2 2 9 17 17 17 17 17 17 17 4 7 7 7 7 7 12 12 12 12 12 12 18 18 18 18 18 18 3 3 3 3 3 4 5 5 5 5 5 5 5 21 22 22 22 22 22 22 22 22 22 22 22 22 22 22 22 22 22 1 1 1 1 1 1 10 10 10 10 