754
100
2
1 1 1 1 1 1 1 1 1 1 10 10 10 10 10 10 10 10 10 10 10 12 12 12 12 12 12 12 12 13 13 13 13 13 13 13 13 13 13 13 13 13 13 13 13 14 14 14 14 14 14 14 14 14 14 14 14 14 14 25 25 25 25 25 25 25 25 25 25 25 26 26 26 26 26 26 26 26 26 26 26 26 26 28 28 28 28 28 28 28 28 28 28 28 28 28 28 28 28 30 30 30 30 30 30 30 34 34 34 34 34 34 34 34 34 34 34 34 34 34 34 34 34 34 37 37 37 37 37 37 37 37 40 40 40 40 40 40 40 40 40 40 40 40 40 40 40 40 43 43 43 43 43 43 43 43 53 53 53 53 53 53 53 53 53 54 54 54 54 54 54 54 54 54 54 58 58 58 58 58 58 58 58 60 60 60 60 60 60 60 60 60 68 68 68 68 68 68 68 68 
165 166 167 168 169 170 171 172 173 174 59 60 61 62 63 64 65 66 67 68 69 106 107 108 109 110 111 112 113 156 157 158 159 160 161 162 163 164 99 100 101 102 103 104 105 114 115 116 117 118 119 120 121 122 123 79 80 81 82 10 11 12 13 14 15 16 17 18 19 20 183 184 185 186 187 188 189 190 191 55 56 57 58 132 133 134 135 136 137 138 139 140 141 142 143 144 145 146 147 38 39 40 41 42 43 44 21 22 23 24 25 26 27 28 45 46 47 48 49 50 51 52 53 54 175 176 177 178 179 180 181 182 83 84 85 86 87 88 89 90 91 92 93 94 95 96 97 98 192 193 194 195 196 197 198 199 29 30 31 32 33 34 35 36 37 0 1 2 3 4 5 6 7 8 9 124 125 126 127 128 129 130 131 70 71 72 73 74 75 76 77 78 148 149 150 151 152 153 154 155 
294 294 294 294 294 294 294 294 294 294 956 956 956 956 956 956 956 956 956 956 956 620 620 620 620 620 620 620 620 631 631 631 631 631 631 631 631 631 716 716 716 716 716 716 716 221 221 221 221 221 221 221 221 221 221 715 715 715 715 956 956 956 956 956 956 956 956 956 956 956 743 743 743 743 743 743 743 743 743 715 715 715 715 362 362 362 362 362 362 362 362 362 362 362 362 362 362 362 362 716 716 716 716 716 716 716 620 620 620 620 620 620 620 620 221 221 221 221 221 221 221 221 221 221 507 507 507 507 507 507 507 507 362 362 362 362 362 362 362 362 362 362 362 362 362 362 362 362 689 689 689 689 689 689 689 689 631 631 631 631 631 631 631 631 631 294 294 294 294 294 294 294 294 294 294 507 507 507 507 507 507 507 507 743 743 743 743 743 743 743 743 743 689 689 689 689 689 689 689 689 
0 1 2 3 4 5 6 7 8 9 10 11 12 13 14 15 16 17 18 19 20 21 22 23 24 25 26 27 28 29 30 31 32 33 34 35 36 37 38 39 40 41 42 43 44 45 46 47 48 49 50 51 52 53 54 55 56 57 58 10 11 12 13 14 15 16 17 18 19 20 59 60 61 62 63 64 65 66 67 55 56 57 58 68 69 70 71 72 73 74 75 76 77 78 79 80 81 82 83 38 39 40 41 42 43 44 21 22 23 24 25 26 27 28 45 46 47 48 49 50 51 52 53 54 84 85 86 87 88 89 90 91 68 69 70 71 72 73 74 75 76 77 78 79 80 81 82 83 92 93 94 95 96 97 98 99 29 30 31 32 33 34 35 36 37 0 1 2 3 4 5 6 7 8 9 84 85 86 87 88 89 90 91 59 60 61 62 63 64 65 66 67 92 93 94 95 96 97 98 99 
56224
11
8 9 10 8 9 11 8 4 7 10 16 
12 26 14 43 13 10 37 14 13 1 28 
34 60 34 68 53 25 58 26 30 54 40 
620 743 221 689 631 956 507 715 716 294 362 
9 9 9 9 9 9 9 9 9 9 5 5 5 5 5 5 5 5 5 5 5 0 0 0 0 0 0 0 0 4 4 4 4 4 4 4 4 4 8 8 8 8 8 8 8 2 2 2 2 2 2 2 2 2 2 7 7 7 7 5 5 5 5 5 5 5 5 5 5 5 1 1 1 1 1 1 1 1 1 7 7 7 7 10 10 10 10 10 10 10 10 10 10 10 10 10 10 10 10 8 8 8 8 8 8 8 0 0 0 0 0 0 0 0 2 2 2 2 2 2 2 2 2 2 6 6 6 6 6 6 6 6 10 10 10 10 10 10 10 10 10 10 10 10 10 10 10 10 3 3 3 3 3 3 3 3 4 4 4 4 4 4 4 4 4 9 9 9 9 9 9 9 9 9 9 6 6 6 6 6 6 6 6 1 1 1 1 1 1 1 1 1 3 3 3 3 3 3 3 3 