322
100
2
1 3 3 3 3 4 4 4 4 4 4 4 4 6 6 6 6 8 8 8 8 9 11 11 11 12 12 12 12 14 14 14 14 14 14 14 18 18 18 18 18 18 20 20 20 20 20 21 21 22 22 22 22 22 22 24 24 24 24 24 24 28 28 28 28 28 28 28 28 29 29 29 29 32 32 32 32 32 32 32 33 33 33 33 34 35 35 35 35 38 38 38 38 39 41 41 42 42 42 42 42 44 44 44 44 44 46 48 48 48 51 51 51 51 51 51 51 53 53 53 53 53 53 54 54 54 54 54 54 54 54 54 54 54 54 54 54 54 54 54 54 54 54 56 56 56 56 56 56 56 56 56 57 57 57 57 57 57 57 57 57 57 57 57 57 57 57 57 57 57 57 57 57 57 59 59 60 60 60 60 62 62 62 62 62 62 64 64 64 66 66 66 66 68 68 68 69 69 69 69 
85 42 43 44 45 96 97 98 99 89 90 91 92 25 26 27 28 65 66 67 68 100 120 121 122 13 14 15 16 152 153 154 73 74 75 76 147 148 149 150 151 106 1 2 3 4 176 184 185 93 101 102 103 104 105 117 118 119 114 115 116 110 111 112 113 17 18 19 20 180 181 182 183 32 33 34 35 193 194 195 86 87 88 84 83 0 80 81 82 9 10 11 12 49 174 175 5 6 7 8 21 50 51 52 53 54 41 186 187 188 61 62 63 64 58 59 60 55 56 57 22 23 24 189 190 191 192 158 159 160 161 162 163 164 165 166 167 168 169 170 171 172 173 196 197 198 199 36 37 38 39 40 29 30 31 177 178 179 127 128 129 130 131 132 133 134 135 136 137 138 139 140 141 142 94 95 46 155 156 157 69 70 71 72 47 48 107 108 109 123 124 125 126 77 78 79 143 144 145 146 
486 320 320 320 320 665 665 665 665 392 392 392 392 641 641 641 641 304 304 304 304 460 861 861 861 641 641 641 641 577 577 577 521 521 521 521 528 528 528 528 528 928 320 320 320 320 383 221 221 963 846 846 846 846 846 778 778 778 877 877 877 799 799 799 799 304 304 304 304 426 426 426 426 521 521 521 521 925 925 925 575 575 575 984 984 486 575 575 575 392 392 392 392 963 243 243 665 665 665 665 460 846 846 846 846 846 928 294 294 294 799 799 799 799 877 877 877 778 778 778 861 861 861 691 691 691 691 170 170 170 170 170 170 170 170 170 170 170 170 170 170 170 170 550 550 550 550 528 528 528 528 528 577 577 577 499 499 499 170 170 170 170 170 170 170 170 170 170 170 170 170 170 170 170 243 243 383 499 499 499 426 426 426 426 221 221 294 294 294 691 691 691 691 925 925 925 550 550 550 550 
0 1 2 3 4 5 6 7 8 9 10 11 12 13 14 15 16 17 18 19 20 21 22 23 24 13 14 15 16 25 26 27 28 29 30 31 32 33 34 35 36 37 1 2 3 4 38 39 40 41 42 43 44 45 46 47 48 49 50 51 52 53 54 55 56 17 18 19 20 57 58 59 60 28 29 30 31 61 62 63 64 65 66 67 67 0 64 65 66 9 10 11 12 41 68 69 5 6 7 8 21 42 43 44 45 46 37 70 71 72 53 54 55 56 50 51 52 47 48 49 22 23 24 73 74 75 76 77 78 79 80 81 82 83 84 85 86 87 88 89 90 91 92 93 94 95 96 32 33 34 35 36 25 26 27 97 98 99 77 78 79 80 81 82 83 84 85 86 87 88 89 90 91 92 68 69 38 97 98 99 57 58 59 60 39 40 70 71 72 73 74 75 76 61 62 63 93 94 95 96 
52116
29
4 1 3 3 5 4 1 3 3 4 2 3 3 4 4 4 4 1 3 4 1 1 4 1 4 2 5 3 16 
56 1 33 48 18 3 18 24 14 28 41 11 24 4 4 8 14 22 32 6 9 33 29 20 54 21 22 57 54 
69 35 35 64 56 20 46 53 57 51 59 53 51 42 38 28 32 39 68 12 42 34 62 60 66 62 44 60 57 
550 486 575 294 528 320 928 778 577 799 243 861 877 665 392 304 521 963 925 641 460 984 426 383 691 221 846 499 170 
1 5 5 5 5 13 13 13 13 14 14 14 14 19 19 19 19 15 15 15 15 20 11 11 11 19 19 19 19 8 8 8 16 16 16 16 4 4 4 4 4 6 5 5 5 5 23 25 25 17 26 26 26 26 26 7 7 7 12 12 12 9 9 9 9 15 15 15 15 22 22 22 22 16 16 16 16 18 18 18 2 2 2 21 21 1 2 2 2 14 14 14 14 17 10 10 13 13 13 13 20 26 26 26 26 26 6 3 3 3 9 9 9 9 12 12 12 7 7 7 11 11 11 24 24 24 24 28 28 28 28 28 28 28 28 28 28 28 28 28 28 28 28 0 0 0 0 4 4 4 4 4 8 8 8 27 27 27 28 28 28 28 28 28 28 28 28 28 28 28 28 28 28 28 10 10 23 27 27 27 22 22 22 22 25 25 3 3 3 24 24 24 24 18 18 18 0 0 0 0 