772
100
2
3 3 3 3 3 3 3 3 5 5 5 6 6 6 6 6 6 6 6 10 12 12 12 12 13 13 13 13 13 16 16 16 18 18 18 18 18 18 18 18 20 20 20 20 20 20 20 20 21 21 21 21 21 21 21 21 22 22 22 22 25 25 25 25 25 25 25 26 26 26 26 26 27 28 28 28 28 28 29 29 29 29 29 29 29 30 30 30 30 30 30 31 31 31 31 31 31 31 31 31 31 31 31 31 31 31 31 31 31 33 33 35 35 37 37 37 37 37 37 37 38 38 38 39 40 40 40 40 40 40 40 42 42 42 43 43 48 48 48 48 48 50 50 50 50 50 54 54 54 54 54 54 54 54 59 59 59 60 60 60 60 61 61 61 61 61 61 61 61 61 61 65 65 65 66 66 66 66 66 66 68 68 69 69 70 70 70 70 70 70 70 70 70 70 70 70 70 70 70 70 
131 132 133 37 38 39 129 130 85 86 87 48 49 50 67 68 69 70 71 72 174 154 155 156 161 162 163 164 165 120 121 122 171 172 173 111 112 3 4 5 56 57 58 59 73 74 75 76 11 12 13 166 167 168 169 170 40 41 42 43 141 142 143 144 145 182 183 14 15 16 17 18 19 44 45 46 47 84 123 175 176 177 178 179 77 8 9 10 117 118 119 134 135 184 185 186 187 188 189 190 191 192 193 194 195 196 197 198 199 180 181 35 36 146 147 148 149 88 89 90 29 30 31 78 136 137 138 139 140 6 7 0 1 2 91 92 124 125 126 127 128 60 61 62 63 64 113 114 115 116 157 158 159 160 21 22 23 150 151 152 153 24 25 26 27 28 51 52 53 54 55 32 33 34 20 79 80 81 82 83 109 110 65 66 93 94 95 96 97 98 99 100 101 102 103 104 105 106 107 108 
209 209 209 789 789 789 197 197 925 925 925 272 272 272 477 477 477 477 477 803 355 982 982 982 389 389 389 389 389 607 607 607 846 846 846 977 977 789 789 789 854 854 854 854 587 587 587 587 272 272 272 341 341 341 341 341 854 854 854 854 584 584 584 584 584 829 829 477 477 477 477 477 803 587 587 587 587 774 206 155 155 155 155 155 774 925 925 925 446 446 446 969 969 786 786 786 786 786 786 786 786 786 786 786 786 786 786 786 786 413 413 977 977 821 821 821 821 446 446 446 607 607 607 206 387 387 387 387 387 197 197 209 209 209 969 969 387 387 387 387 387 584 584 584 584 584 821 821 821 821 333 333 333 333 982 982 982 333 333 333 333 389 389 389 389 389 341 341 341 341 341 846 846 846 355 155 155 155 155 155 413 413 829 829 786 786 786 786 786 786 786 786 786 786 786 786 786 786 786 786 
0 1 2 3 4 5 6 7 8 9 10 11 12 13 14 15 16 17 18 19 20 21 22 23 24 25 26 27 28 29 30 31 32 33 34 35 36 3 4 5 37 38 39 40 41 42 43 44 11 12 13 45 46 47 48 49 37 38 39 40 50 51 52 53 54 55 56 14 15 16 17 18 19 41 42 43 44 57 58 59 60 61 62 63 57 8 9 10 64 65 66 67 68 69 70 71 72 73 74 75 76 77 78 79 80 81 82 83 84 85 86 35 36 87 88 89 90 64 65 66 29 30 31 58 91 92 93 94 95 6 7 0 1 2 67 68 91 92 93 94 95 50 51 52 53 54 87 88 89 90 96 97 98 99 21 22 23 96 97 98 99 24 25 26 27 28 45 46 47 48 49 32 33 34 20 59 60 61 62 63 85 86 55 56 69 70 71 72 73 74 75 76 77 78 79 80 81 82 83 84 
58757
28
3 3 5 2 5 3 1 2 1 4 5 3 4 3 5 1 5 2 4 3 4 2 1 3 3 5 2 16 
6 18 40 31 6 3 29 18 12 20 13 5 20 16 29 10 25 33 37 3 54 25 28 12 30 21 3 31 
21 65 48 43 26 42 39 35 66 22 61 30 28 38 66 27 50 68 54 18 60 69 29 59 37 61 40 70 
272 846 387 969 477 209 206 977 355 854 389 925 587 607 155 803 584 413 821 789 333 829 774 982 446 341 197 786 
5 5 5 19 19 19 26 26 11 11 11 0 0 0 4 4 4 4 4 15 8 23 23 23 10 10 10 10 10 13 13 13 1 1 1 7 7 19 19 19 9 9 9 9 12 12 12 12 0 0 0 25 25 25 25 25 9 9 9 9 16 16 16 16 16 21 21 4 4 4 4 4 15 12 12 12 12 22 6 14 14 14 14 14 22 11 11 11 24 24 24 3 3 27 27 27 27 27 27 27 27 27 27 27 27 27 27 27 27 17 17 7 7 18 18 18 18 24 24 24 13 13 13 6 2 2 2 2 2 26 26 5 5 5 3 3 2 2 2 2 2 16 16 16 16 16 18 18 18 18 20 20 20 20 23 23 23 20 20 20 20 10 10 10 10 10 25 25 25 25 25 1 1 1 8 14 14 14 14 14 17 17 21 21 27 27 27 27 27 27 27 27 27 27 27 27 27 27 27 27 