446
100
2
1 1 1 1 1 1 1 5 5 5 5 5 5 5 5 5 5 5 11 11 11 11 12 12 12 12 12 12 12 12 12 12 12 12 12 12 12 12 13 13 13 13 13 13 13 13 13 13 13 13 13 13 13 13 13 13 15 15 15 15 15 15 15 15 15 15 15 15 15 15 15 15 15 15 17 17 17 17 17 17 17 18 18 18 18 18 18 18 18 18 18 37 37 37 37 37 37 37 37 37 37 37 37 37 38 38 38 38 39 39 39 39 46 46 46 48 48 48 48 48 48 48 48 53 53 53 53 53 53 53 53 53 59 59 59 59 59 59 59 59 59 59 59 59 59 59 59 59 59 59 59 59 59 62 62 62 62 62 62 62 62 62 62 62 62 62 62 62 62 62 62 62 62 62 62 64 64 64 64 64 64 64 64 64 64 65 65 65 68 68 68 70 70 70 70 70 70 70 70 70 
153 154 155 156 157 158 159 140 141 142 143 144 145 146 147 148 149 150 104 105 106 107 132 133 134 135 136 137 138 139 151 152 94 95 96 97 98 99 56 57 58 59 60 61 62 63 64 65 66 67 68 69 70 71 72 73 38 39 40 41 42 43 44 45 46 47 48 49 50 51 52 53 54 55 168 169 170 171 172 173 174 175 176 177 178 179 180 181 182 183 184 112 113 114 32 33 34 35 36 37 108 109 110 111 18 19 20 21 100 101 102 103 91 92 93 160 161 162 163 164 165 166 167 191 192 193 194 195 196 197 198 199 22 23 24 25 26 27 28 29 7 8 9 10 11 12 13 14 15 16 17 30 31 0 1 2 3 4 5 6 115 116 117 118 119 120 121 122 74 75 76 77 78 79 80 81 82 83 84 85 86 87 88 89 90 188 189 190 185 186 187 123 124 125 126 127 128 129 130 131 
595 595 595 595 595 595 595 196 196 196 196 196 196 196 196 196 196 196 243 243 243 243 329 329 329 329 329 329 329 329 254 254 524 524 524 524 524 524 777 777 777 777 777 777 777 777 777 777 777 777 777 777 777 777 777 777 777 777 777 777 777 777 777 777 777 777 777 777 777 777 777 777 777 777 600 600 600 600 600 600 600 633 633 633 633 633 633 633 633 633 633 489 489 489 524 524 524 524 524 524 160 160 160 160 243 243 243 243 160 160 160 160 489 489 489 655 655 655 655 655 655 655 655 989 989 989 989 989 989 989 989 989 329 329 329 329 329 329 329 329 196 196 196 196 196 196 196 196 196 196 196 254 254 595 595 595 595 595 595 595 655 655 655 655 655 655 655 655 600 600 600 600 600 600 600 633 633 633 633 633 633 633 633 633 633 950 950 950 950 950 950 989 989 989 989 989 989 989 989 989 
0 1 2 3 4 5 6 7 8 9 10 11 12 13 14 15 16 17 18 19 20 21 22 23 24 25 26 27 28 29 30 31 32 33 34 35 36 37 38 39 40 41 42 43 44 45 46 47 48 49 50 51 52 53 54 55 38 39 40 41 42 43 44 45 46 47 48 49 50 51 52 53 54 55 56 57 58 59 60 61 62 63 64 65 66 67 68 69 70 71 72 73 74 75 32 33 34 35 36 37 76 77 78 79 18 19 20 21 76 77 78 79 73 74 75 80 81 82 83 84 85 86 87 88 89 90 91 92 93 94 95 96 22 23 24 25 26 27 28 29 7 8 9 10 11 12 13 14 15 16 17 30 31 0 1 2 3 4 5 6 80 81 82 83 84 85 86 87 56 57 58 59 60 61 62 63 64 65 66 67 68 69 70 71 72 97 98 99 97 98 99 88 89 90 91 92 93 94 95 96 
57191
14
7 10 8 9 11 8 3 2 4 3 7 6 4 18 
1 18 12 53 5 48 65 12 11 37 17 12 37 13 
62 64 59 70 59 62 68 59 38 46 62 37 39 15 
595 633 329 989 196 655 950 254 243 489 600 524 160 777 
0 0 0 0 0 0 0 4 4 4 4 4 4 4 4 4 4 4 8 8 8 8 2 2 2 2 2 2 2 2 7 7 11 11 11 11 11 11 13 13 13 13 13 13 13 13 13 13 13 13 13 13 13 13 13 13 13 13 13 13 13 13 13 13 13 13 13 13 13 13 13 13 13 13 10 10 10 10 10 10 10 1 1 1 1 1 1 1 1 1 1 9 9 9 11 11 11 11 11 11 12 12 12 12 8 8 8 8 12 12 12 12 9 9 9 5 5 5 5 5 5 5 5 3 3 3 3 3 3 3 3 3 2 2 2 2 2 2 2 2 4 4 4 4 4 4 4 4 4 4 4 7 7 0 0 0 0 0 0 0 5 5 5 5 5 5 5 5 10 10 10 10 10 10 10 1 1 1 1 1 1 1 1 1 1 6 6 6 6 6 6 3 3 3 3 3 3 3 3 3 