804
100
2
1 1 1 1 1 1 1 1 1 1 2 2 4 4 6 6 6 6 6 6 6 6 6 8 8 8 8 8 9 9 9 9 9 9 9 16 16 16 17 17 17 17 17 17 17 18 18 18 18 18 20 20 21 21 21 21 21 21 21 21 21 26 26 26 26 27 27 29 29 29 29 29 29 29 29 29 29 29 29 29 29 29 29 29 29 29 29 29 29 30 30 30 30 30 30 30 30 30 30 30 30 30 30 31 31 31 32 32 35 36 36 36 36 37 37 37 37 38 38 38 42 42 42 42 42 43 43 44 44 44 49 49 49 49 49 49 49 49 49 49 50 51 51 51 51 51 51 53 53 53 55 55 56 56 56 56 56 57 57 57 57 57 57 58 58 58 58 58 58 58 58 61 61 62 62 62 62 62 62 62 62 62 62 64 64 64 64 64 64 64 64 64 64 64 64 64 64 66 66 66 
135 136 137 138 139 174 175 176 177 178 28 29 67 68 193 194 195 196 41 42 43 44 157 30 31 32 33 34 10 11 23 24 25 26 27 38 39 40 35 36 37 18 19 20 21 158 159 160 161 162 125 126 166 167 168 169 170 179 180 181 182 113 114 115 116 150 151 12 13 173 152 153 154 155 156 89 90 91 92 93 94 95 96 97 98 99 100 101 102 75 76 77 78 79 80 81 82 83 84 85 86 87 88 117 118 119 107 106 140 143 144 145 146 61 62 63 64 103 104 105 183 184 185 186 187 50 51 163 164 165 188 189 190 191 192 0 1 2 3 4 108 171 172 109 110 111 112 197 198 199 65 66 70 71 72 73 74 22 45 46 47 48 49 127 128 129 52 53 54 55 56 141 142 69 5 6 7 8 9 57 58 59 60 120 121 122 123 124 130 131 132 133 134 14 15 16 17 147 148 149 
911 911 911 911 911 999 999 999 999 999 300 300 391 391 456 456 456 456 217 217 217 217 221 626 626 626 626 626 300 300 626 626 626 626 626 709 709 709 709 709 709 217 217 217 217 911 911 911 911 911 729 729 915 915 915 915 915 161 161 161 161 878 878 878 878 536 536 391 391 700 150 150 150 150 150 564 564 564 564 564 564 564 564 564 564 564 564 564 564 564 564 564 564 564 564 564 564 564 564 564 564 564 564 757 757 757 935 935 771 778 778 778 778 878 878 878 878 757 757 757 434 434 434 434 434 729 729 752 752 752 941 941 941 941 941 911 911 911 911 911 771 810 810 778 778 778 778 436 436 436 536 536 150 150 150 150 150 221 911 911 911 911 911 752 752 752 915 915 915 915 915 810 810 700 999 999 999 999 999 161 161 161 161 434 434 434 434 434 941 941 941 941 941 456 456 456 456 436 436 436 
0 1 2 3 4 5 6 7 8 9 10 11 12 13 14 15 16 17 18 19 20 21 22 23 24 25 26 27 10 11 23 24 25 26 27 28 29 30 28 29 30 18 19 20 21 31 32 33 34 35 36 37 38 39 40 41 42 43 44 45 46 47 48 49 50 51 52 12 13 53 54 55 56 57 58 59 60 61 62 63 64 65 66 67 68 69 70 71 72 59 60 61 62 63 64 65 66 67 68 69 70 71 72 73 74 75 76 76 77 78 79 80 81 47 48 49 50 73 74 75 82 83 84 85 86 36 37 87 88 89 90 91 92 93 94 0 1 2 3 4 77 95 96 78 79 80 81 97 98 99 51 52 54 55 56 57 58 22 31 32 33 34 35 87 88 89 38 39 40 41 42 95 96 53 5 6 7 8 9 43 44 45 46 82 83 84 85 86 90 91 92 93 94 14 15 16 17 97 98 99 
63412
28
5 5 3 2 4 3 1 3 1 3 5 2 5 1 5 2 5 0 4 4 4 1 5 5 2 4 2 14 
42 49 16 4 6 31 29 53 35 44 1 2 21 32 1 20 29 6 6 26 21 6 18 8 51 36 27 29 
64 64 17 29 64 38 62 66 50 58 49 9 58 32 62 43 56 67 17 37 62 57 57 9 61 51 55 30 
434 941 709 391 456 757 700 436 771 752 911 300 915 935 999 729 150 529 217 878 161 221 911 626 810 778 536 564 
10 10 10 10 10 14 14 14 14 14 11 11 3 3 4 4 4 4 18 18 18 18 21 23 23 23 23 23 11 11 23 23 23 23 23 2 2 2 2 2 2 18 18 18 18 22 22 22 22 22 15 15 12 12 12 12 12 20 20 20 20 19 19 19 19 26 26 3 3 6 16 16 16 16 16 27 27 27 27 27 27 27 27 27 27 27 27 27 27 27 27 27 27 27 27 27 27 27 27 27 27 27 27 5 5 5 13 13 8 25 25 25 25 19 19 19 19 5 5 5 0 0 0 0 0 15 15 9 9 9 1 1 1 1 1 10 10 10 10 10 8 24 24 25 25 25 25 7 7 7 26 26 16 16 16 16 16 21 22 22 22 22 22 9 9 9 12 12 12 12 12 24 24 6 14 14 14 14 14 20 20 20 20 0 0 0 0 0 1 1 1 1 1 4 4 4 4 7 7 7 