113
100
2
6 6 7 11 11 11 11 11 11 11 14 14 14 14 14 14 14 14 14 16 16 17 17 17 17 17 17 17 18 18 18 18 18 18 18 18 19 19 19 19 19 19 19 19 19 19 19 22 22 23 23 23 23 23 23 23 23 25 25 25 28 31 31 31 31 31 31 31 31 31 31 31 31 31 31 36 36 36 36 36 36 36 36 36 36 36 36 36 39 39 39 39 39 39 39 39 42 42 42 42 46 46 46 48 48 48 48 51 51 51 51 56 56 56 56 56 56 56 56 60 60 60 61 61 61 61 61 61 61 61 61 61 63 63 63 63 63 63 63 63 65 65 65 67 67 67 67 67 67 67 67 67 67 67 67 67 68 68 68 68 68 68 68 68 68 68 68 68 68 68 68 68 68 68 68 68 68 68 68 68 68 68 69 69 69 69 69 69 69 69 69 69 69 69 69 69 70 70 70 70 
45 46 60 61 62 63 64 65 66 67 143 144 145 146 147 148 149 150 151 96 97 68 69 70 71 72 73 74 111 112 113 114 115 116 117 118 156 157 158 159 160 161 162 163 164 0 1 98 99 88 89 90 91 92 93 94 95 119 120 121 2 3 4 5 6 7 8 9 21 22 23 24 25 26 27 169 170 171 172 173 174 175 176 177 178 179 180 181 49 50 51 52 53 54 55 56 19 20 47 48 140 141 142 152 153 154 155 165 166 167 168 28 29 30 31 32 33 34 35 57 58 59 186 187 188 189 190 191 192 193 194 195 133 132 135 134 137 136 139 138 100 101 102 10 11 12 13 14 15 16 17 18 103 104 105 106 36 37 38 39 40 41 42 43 44 107 108 109 110 75 76 77 78 79 80 81 82 83 84 85 86 87 196 197 198 199 122 123 124 125 126 127 128 129 130 131 182 183 184 185 
164 164 909 171 171 171 171 171 171 171 985 985 985 985 985 985 985 985 985 201 201 386 386 386 386 386 386 386 319 319 319 319 319 319 319 319 158 158 158 158 158 158 158 158 158 164 164 632 632 407 407 407 407 407 407 407 407 333 333 333 909 171 171 171 171 171 171 171 386 386 386 386 386 386 386 510 510 510 510 510 510 510 510 510 510 510 510 510 407 407 407 407 407 407 407 407 201 201 632 632 559 559 559 584 584 584 584 663 663 663 663 319 319 319 319 319 319 319 319 333 333 333 304 304 304 304 304 304 304 304 304 304 569 569 569 569 569 569 569 569 559 559 559 985 985 985 985 985 985 985 985 985 584 584 584 584 158 158 158 158 158 158 158 158 158 663 663 663 663 510 510 510 510 510 510 510 510 510 510 510 510 510 852 852 852 852 304 304 304 304 304 304 304 304 304 304 852 852 852 852 
0 1 2 3 4 5 6 7 8 9 10 11 12 13 14 15 16 17 18 19 20 21 22 23 24 25 26 27 28 29 30 31 32 33 34 35 36 37 38 39 40 41 42 43 44 0 1 45 46 47 48 49 50 51 52 53 54 55 56 57 2 3 4 5 6 7 8 9 21 22 23 24 25 26 27 58 59 60 61 62 63 64 65 66 67 68 69 70 47 48 49 50 51 52 53 54 19 20 45 46 71 72 73 74 75 76 77 78 79 80 81 28 29 30 31 32 33 34 35 55 56 57 82 83 84 85 86 87 88 89 90 91 92 92 93 93 94 94 95 95 71 72 73 10 11 12 13 14 15 16 17 18 74 75 76 77 36 37 38 39 40 41 42 43 44 78 79 80 81 58 59 60 61 62 63 64 65 66 67 68 69 70 96 97 98 99 82 83 84 85 86 87 88 89 90 91 96 97 98 99 
45915
18
4 3 2 8 9 10 9 3 7 7 1 4 2 2 4 8 4 13 
69 46 16 23 14 61 19 25 11 17 7 63 22 6 48 18 51 36 
70 65 42 39 67 69 68 60 31 31 28 63 42 19 67 56 68 68 
852 559 201 407 985 304 158 333 171 386 909 569 632 164 584 319 663 510 
13 13 10 8 8 8 8 8 8 8 4 4 4 4 4 4 4 4 4 2 2 9 9 9 9 9 9 9 15 15 15 15 15 15 15 15 6 6 6 6 6 6 6 6 6 13 13 12 12 3 3 3 3 3 3 3 3 7 7 7 10 8 8 8 8 8 8 8 9 9 9 9 9 9 9 17 17 17 17 17 17 17 17 17 17 17 17 17 3 3 3 3 3 3 3 3 2 2 12 12 1 1 1 14 14 14 14 16 16 16 16 15 15 15 15 15 15 15 15 7 7 7 5 5 5 5 5 5 5 5 5 5 11 11 11 11 11 11 11 11 1 1 1 4 4 4 4 4 4 4 4 4 14 14 14 14 6 6 6 6 6 6 6 6 6 16 16 16 16 17 17 17 17 17 17 17 17 17 17 17 17 17 0 0 0 0 5 5 5 5 5 5 5 5 5 5 0 0 0 0 