167
100
2
1 1 1 1 1 2 2 2 2 2 2 3 4 4 4 7 7 7 7 7 7 9 9 9 9 9 10 10 10 11 11 11 11 11 11 11 11 11 15 15 15 15 15 15 15 17 17 17 18 18 18 19 19 19 19 25 25 25 29 29 29 29 29 29 29 29 29 29 29 29 29 29 31 31 31 31 31 32 32 32 33 34 34 34 34 34 35 35 35 35 35 35 35 35 35 35 37 37 37 39 39 39 39 39 45 45 45 45 45 45 45 45 45 45 45 45 45 46 48 48 48 48 48 48 48 49 50 50 50 50 50 51 51 51 52 52 52 52 52 53 53 53 53 53 53 53 53 53 53 53 53 53 53 53 56 56 56 56 56 57 57 57 58 58 58 59 59 59 59 59 59 59 59 59 59 59 59 59 59 59 60 60 62 62 62 62 63 63 63 63 66 66 68 68 68 69 70 70 70 70 
38 39 40 41 42 90 91 92 93 94 95 108 162 163 164 109 110 111 112 113 114 134 135 136 137 138 192 193 194 196 197 198 199 67 68 69 70 71 0 1 2 3 4 86 87 159 160 161 122 123 124 58 59 60 61 77 78 79 51 52 53 54 99 100 101 102 103 33 34 35 36 37 104 105 106 107 154 55 56 57 125 126 127 128 129 130 43 44 180 181 5 6 7 8 9 10 131 132 133 62 63 64 65 66 72 73 74 75 11 15 16 17 18 19 20 190 191 195 182 183 184 185 48 49 50 80 81 82 83 84 85 96 97 98 21 22 23 24 25 165 166 167 168 169 170 171 172 173 174 175 176 177 178 179 76 186 187 188 189 45 46 47 12 13 14 139 140 141 142 143 144 145 146 147 148 149 150 151 152 153 88 89 118 119 120 121 155 156 157 158 115 116 26 27 28 117 29 30 31 32 
980 980 980 980 980 487 487 487 487 487 487 259 571 571 571 649 649 649 649 649 649 773 773 773 773 773 238 238 238 652 652 652 652 758 758 758 758 758 980 980 980 980 980 233 233 664 664 664 715 715 715 379 379 379 379 368 368 368 379 379 379 379 232 232 232 232 232 758 758 758 758 758 945 945 945 945 720 368 368 368 779 661 661 661 661 661 233 233 590 590 487 487 487 487 487 487 214 214 214 232 232 232 232 232 945 945 945 945 259 649 649 649 649 649 649 158 158 471 737 737 737 737 715 715 715 779 661 661 661 661 661 214 214 214 773 773 773 773 773 524 524 524 524 524 524 524 524 524 524 524 524 524 524 524 720 626 626 626 626 664 664 664 571 571 571 524 524 524 524 524 524 524 524 524 524 524 524 524 524 524 590 590 737 737 737 737 626 626 626 626 158 158 238 238 238 471 652 652 652 652 
0 1 2 3 4 5 6 7 8 9 10 11 12 13 14 15 16 17 18 19 20 21 22 23 24 25 26 27 28 29 30 31 32 33 34 35 36 37 0 1 2 3 4 38 39 40 41 42 43 44 45 46 47 48 49 50 51 52 46 47 48 49 53 54 55 56 57 33 34 35 36 37 58 59 60 61 62 50 51 52 63 64 65 66 67 68 38 39 69 70 5 6 7 8 9 10 71 72 73 53 54 55 56 57 58 59 60 61 11 15 16 17 18 19 20 74 75 76 77 78 79 80 43 44 45 63 64 65 66 67 68 71 72 73 21 22 23 24 25 81 82 83 84 85 86 87 88 89 90 91 92 93 94 95 62 96 97 98 99 40 41 42 12 13 14 81 82 83 84 85 86 87 88 89 90 91 92 93 94 95 69 70 77 78 79 80 96 97 98 99 74 75 26 27 28 76 29 30 31 32 
57553
26
1 4 4 5 3 1 1 3 4 3 1 5 2 4 5 6 4 3 2 5 5 2 3 6 3 15 
33 31 11 34 4 3 31 25 19 37 46 1 15 56 9 7 48 10 45 29 11 35 17 2 18 53 
49 45 70 50 58 45 56 32 29 51 69 15 35 63 52 45 62 68 66 39 29 60 57 35 48 59 
779 945 652 661 571 259 720 368 379 214 471 980 233 626 773 649 737 238 158 232 758 590 664 487 715 524 
11 11 11 11 11 23 23 23 23 23 23 5 4 4 4 15 15 15 15 15 15 14 14 14 14 14 17 17 17 2 2 2 2 20 20 20 20 20 11 11 11 11 11 12 12 22 22 22 24 24 24 8 8 8 8 7 7 7 8 8 8 8 19 19 19 19 19 20 20 20 20 20 1 1 1 1 6 7 7 7 0 3 3 3 3 3 12 12 21 21 23 23 23 23 23 23 9 9 9 19 19 19 19 19 1 1 1 1 5 15 15 15 15 15 15 18 18 10 16 16 16 16 24 24 24 0 3 3 3 3 3 9 9 9 14 14 14 14 14 25 25 25 25 25 25 25 25 25 25 25 25 25 25 25 6 13 13 13 13 22 22 22 4 4 4 25 25 25 25 25 25 25 25 25 25 25 25 25 25 25 21 21 16 16 16 16 13 13 13 13 18 18 17 17 17 10 2 2 2 2 