79
100
2
3 3 3 3 3 3 3 3 3 3 3 3 3 3 3 3 13 13 13 13 13 13 13 13 13 13 13 13 17 17 17 17 17 17 17 17 17 17 17 17 17 20 20 20 20 20 20 20 21 21 21 21 21 21 21 21 21 21 21 21 21 24 24 24 24 24 24 24 24 24 24 24 24 24 24 24 24 24 24 24 24 24 24 24 24 24 29 29 29 29 29 29 29 29 29 29 29 29 29 29 29 29 29 29 29 29 29 29 29 29 31 31 31 34 34 34 35 35 35 35 35 35 35 35 35 35 39 39 39 39 39 39 39 39 39 39 40 40 40 40 40 40 40 40 40 40 40 40 40 40 40 44 44 44 47 47 47 47 48 48 48 50 50 50 60 60 60 60 60 60 60 60 60 60 60 60 60 61 61 61 61 61 61 61 61 61 61 61 61 68 68 68 68 68 68 68 68 68 68 68 
97 98 99 100 101 102 103 104 105 106 107 108 109 45 46 47 61 62 63 64 65 66 67 68 69 70 71 72 164 165 166 167 168 169 170 171 172 173 174 175 176 154 155 156 157 13 14 15 73 74 75 76 77 78 79 80 81 82 83 84 85 16 17 18 19 20 21 22 23 24 25 26 27 48 49 50 51 52 53 54 55 56 57 58 59 60 189 190 191 192 193 194 195 196 197 198 199 0 1 2 3 4 5 6 7 8 9 10 11 12 161 162 163 158 159 160 126 127 128 129 130 131 132 133 134 135 116 117 118 119 120 121 122 123 124 125 151 152 153 177 178 179 180 181 182 183 184 185 186 187 188 136 137 138 41 42 43 44 113 114 115 110 111 112 28 29 30 31 32 33 34 35 36 37 38 39 40 139 140 141 142 143 144 145 146 147 148 149 150 86 87 88 89 90 91 92 93 94 95 96 
208 208 208 208 208 208 208 208 208 208 208 208 208 200 200 200 902 902 902 902 902 902 902 902 902 902 902 902 903 903 903 903 903 903 903 903 903 903 903 903 903 163 163 163 163 200 200 200 569 569 569 569 569 569 569 569 569 569 569 569 569 902 902 902 902 902 902 902 902 902 902 902 902 569 569 569 569 569 569 569 569 569 569 569 569 569 934 934 934 934 934 934 934 934 934 934 934 208 208 208 208 208 208 208 208 208 208 208 208 208 495 495 495 490 490 490 532 532 532 532 532 532 532 532 532 532 532 532 532 532 532 532 532 532 532 532 683 683 683 487 487 487 487 487 487 487 487 487 487 487 487 683 683 683 163 163 163 163 490 490 490 495 495 495 903 903 903 903 903 903 903 903 903 903 903 903 903 487 487 487 487 487 487 487 487 487 487 487 487 934 934 934 934 934 934 934 934 934 934 934 
0 1 2 3 4 5 6 7 8 9 10 11 12 13 14 15 16 17 18 19 20 21 22 23 24 25 26 27 28 29 30 31 32 33 34 35 36 37 38 39 40 41 42 43 44 13 14 15 45 46 47 48 49 50 51 52 53 54 55 56 57 16 17 18 19 20 21 22 23 24 25 26 27 45 46 47 48 49 50 51 52 53 54 55 56 57 58 59 60 61 62 63 64 65 66 67 68 0 1 2 3 4 5 6 7 8 9 10 11 12 69 70 71 72 73 74 75 76 77 78 79 80 81 82 83 84 75 76 77 78 79 80 81 82 83 84 85 86 87 88 89 90 91 92 93 94 95 96 97 98 99 85 86 87 41 42 43 44 72 73 74 69 70 71 28 29 30 31 32 33 34 35 36 37 38 39 40 88 89 90 91 92 93 94 95 96 97 98 99 58 59 60 61 62 63 64 65 66 67 68 
60358
12
4 10 3 3 12 11 13 3 3 12 13 13 
20 35 34 40 40 29 3 3 31 13 21 17 
47 39 48 44 61 68 29 20 50 24 24 60 
163 532 490 683 487 934 208 200 495 902 569 903 
6 6 6 6 6 6 6 6 6 6 6 6 6 7 7 7 9 9 9 9 9 9 9 9 9 9 9 9 11 11 11 11 11 11 11 11 11 11 11 11 11 0 0 0 0 7 7 7 10 10 10 10 10 10 10 10 10 10 10 10 10 9 9 9 9 9 9 9 9 9 9 9 9 10 10 10 10 10 10 10 10 10 10 10 10 10 5 5 5 5 5 5 5 5 5 5 5 6 6 6 6 6 6 6 6 6 6 6 6 6 8 8 8 2 2 2 1 1 1 1 1 1 1 1 1 1 1 1 1 1 1 1 1 1 1 1 3 3 3 4 4 4 4 4 4 4 4 4 4 4 4 3 3 3 0 0 0 0 2 2 2 8 8 8 11 11 11 11 11 11 11 11 11 11 11 11 11 4 4 4 4 4 4 4 4 4 4 4 4 5 5 5 5 5 5 5 5 5 5 5 