77
100
2
2 2 2 4 4 4 5 5 5 6 6 6 6 7 7 7 7 7 7 8 8 8 8 8 8 8 8 8 8 10 10 10 10 10 11 14 14 14 15 15 15 17 17 17 17 17 18 18 18 18 18 18 18 18 18 20 20 20 20 20 20 20 21 21 22 22 22 22 22 28 28 28 28 33 33 35 35 35 35 35 35 35 35 35 35 35 35 36 36 37 38 38 40 40 40 40 40 40 40 40 41 41 41 41 41 41 41 43 43 43 47 47 47 47 47 47 47 49 49 49 49 49 49 49 49 49 49 49 50 50 50 50 50 51 51 51 51 51 52 52 55 55 55 55 56 56 56 57 57 57 57 57 57 57 57 57 57 57 57 57 57 57 57 57 57 57 58 58 58 58 58 61 61 61 61 62 62 62 62 65 65 65 66 66 66 66 66 66 66 66 66 66 66 66 66 66 66 66 66 66 
100 101 102 144 145 146 56 62 63 69 70 71 72 89 112 113 114 115 116 64 65 66 67 68 128 129 130 131 132 50 51 52 53 54 117 103 104 105 92 93 94 123 124 125 126 127 75 76 77 78 29 30 31 32 33 147 6 133 134 135 136 137 7 8 19 20 21 22 23 9 10 11 12 90 91 46 47 48 49 95 96 97 118 119 120 121 122 138 139 13 73 74 38 39 40 79 80 81 110 111 0 1 2 35 36 37 170 179 180 181 98 99 14 15 16 17 18 34 82 83 84 85 86 41 42 43 44 45 24 25 26 27 28 57 58 59 60 61 87 88 171 172 173 174 3 4 5 55 182 183 184 185 186 187 188 189 190 191 192 193 194 195 196 197 198 199 175 176 177 178 106 140 141 142 143 166 167 168 169 107 108 109 148 149 150 151 152 153 154 155 156 157 158 159 160 161 162 163 164 165 
619 619 619 492 492 492 845 572 572 955 955 955 955 765 459 459 459 459 459 615 615 615 615 615 530 530 530 530 530 987 987 987 987 987 411 536 536 536 889 889 889 647 647 647 647 647 260 260 260 260 987 987 987 987 987 433 845 403 403 403 403 403 572 572 615 615 615 615 615 955 955 955 955 721 721 260 260 260 260 173 173 173 754 754 754 754 754 478 478 765 721 721 889 889 889 173 173 173 486 486 619 619 619 536 536 536 421 312 312 312 486 486 459 459 459 459 459 411 754 754 754 754 754 647 647 647 647 647 530 530 530 530 530 403 403 403 403 403 478 478 659 659 659 659 492 492 492 433 572 572 572 572 572 572 572 572 572 572 572 572 572 572 572 572 572 572 343 343 343 343 421 659 659 659 659 343 343 343 343 312 312 312 572 572 572 572 572 572 572 572 572 572 572 572 572 572 572 572 572 572 
0 1 2 3 4 5 6 7 8 9 10 11 12 13 14 15 16 17 18 19 20 21 22 23 24 25 26 27 28 29 30 31 32 33 34 35 36 37 38 39 40 41 42 43 44 45 46 47 48 49 29 30 31 32 33 50 6 51 52 53 54 55 7 8 19 20 21 22 23 9 10 11 12 56 57 46 47 48 49 58 59 60 61 62 63 64 65 66 67 13 56 57 38 39 40 58 59 60 68 69 0 1 2 35 36 37 70 71 72 73 68 69 14 15 16 17 18 34 61 62 63 64 65 41 42 43 44 45 24 25 26 27 28 51 52 53 54 55 66 67 74 75 76 77 3 4 5 50 78 79 80 81 82 83 84 85 86 87 88 89 90 91 92 93 94 95 96 97 98 99 70 74 75 76 77 96 97 98 99 71 72 73 78 79 80 81 82 83 84 85 86 87 88 89 90 91 92 93 94 95 
57591
27
3 4 4 3 4 3 1 1 3 5 5 1 5 5 2 2 1 3 4 3 2 5 2 5 1 5 18 
15 18 58 43 55 4 11 20 35 8 10 7 35 8 40 33 5 2 6 14 36 7 5 20 41 17 57 
40 35 62 65 61 56 49 57 40 22 18 37 49 50 47 38 20 41 28 41 52 47 21 51 58 49 66 
889 260 343 312 659 492 411 433 173 615 987 765 754 530 486 721 845 619 955 536 478 459 572 403 421 647 572 
17 17 17 5 5 5 16 22 22 18 18 18 18 11 21 21 21 21 21 9 9 9 9 9 13 13 13 13 13 10 10 10 10 10 6 19 19 19 0 0 0 25 25 25 25 25 1 1 1 1 10 10 10 10 10 7 16 23 23 23 23 23 22 22 9 9 9 9 9 18 18 18 18 15 15 1 1 1 1 8 8 8 12 12 12 12 12 20 20 11 15 15 0 0 0 8 8 8 14 14 17 17 17 19 19 19 24 3 3 3 14 14 21 21 21 21 21 6 12 12 12 12 12 25 25 25 25 25 13 13 13 13 13 23 23 23 23 23 20 20 4 4 4 4 5 5 5 7 26 26 26 26 26 26 26 26 26 26 26 26 26 26 26 26 26 26 2 2 2 2 24 4 4 4 4 2 2 2 2 3 3 3 26 26 26 26 26 26 26 26 26 26 26 26 26 26 26 26 26 26 