142
100
2
2 2 2 2 2 2 2 2 2 2 2 5 5 5 5 5 7 7 7 7 8 8 8 8 9 9 9 10 10 10 10 10 11 11 11 11 14 20 20 20 20 20 21 22 22 25 25 25 25 25 26 26 27 27 27 27 27 27 27 27 27 27 27 27 27 27 27 27 27 30 30 30 30 31 32 33 34 34 34 34 34 34 34 37 37 37 37 38 38 38 38 38 38 38 38 38 39 39 39 39 39 40 40 40 40 41 41 41 41 41 41 41 41 42 43 43 43 44 44 44 44 44 44 44 44 44 44 44 44 44 44 44 44 44 44 44 44 44 45 45 45 45 45 45 46 46 46 46 46 46 46 51 51 51 51 51 51 52 53 53 53 53 53 53 54 54 54 55 55 55 58 58 58 58 58 58 58 58 58 58 63 63 63 63 63 63 63 63 63 63 64 65 65 65 65 65 68 68 68 68 
87 88 89 90 91 92 93 94 95 85 86 96 97 98 99 100 69 70 71 72 176 177 178 179 148 149 150 37 38 39 40 41 144 145 146 147 42 27 28 29 30 31 36 76 77 151 152 153 154 155 188 189 121 122 123 124 125 126 127 128 129 130 131 132 133 134 135 136 137 16 17 18 19 157 78 167 43 44 74 108 109 110 111 170 171 9 10 0 1 2 3 4 5 6 7 8 11 12 13 14 15 102 101 104 103 185 186 187 79 80 81 82 113 112 164 165 166 196 197 198 199 52 53 54 55 56 57 58 59 60 61 62 63 64 65 66 67 68 139 138 141 140 143 142 32 33 34 35 24 25 26 45 46 47 48 49 190 73 168 169 172 173 174 175 114 115 116 75 158 159 83 84 160 161 162 163 20 21 22 23 191 192 193 194 195 105 106 107 50 51 156 180 181 182 183 184 117 118 119 120 
692 692 692 692 692 383 383 383 383 644 644 866 866 866 866 866 352 352 352 352 680 680 680 680 794 794 794 259 259 259 259 259 268 268 268 268 823 259 259 259 259 259 823 983 983 398 398 398 398 398 851 851 445 445 445 445 445 445 445 445 445 445 445 445 445 445 445 445 445 352 352 352 352 611 338 994 983 983 338 188 188 188 188 658 658 644 644 692 692 692 692 692 383 383 383 383 866 866 866 866 866 952 952 952 952 474 474 474 188 188 188 188 321 321 464 464 464 553 553 553 553 445 445 445 445 445 445 445 445 445 445 445 445 445 445 445 445 445 673 673 673 673 673 673 268 268 268 268 794 794 794 398 398 398 398 398 273 611 246 246 152 152 152 152 464 464 464 994 246 246 658 658 152 152 152 152 680 680 680 680 685 685 685 685 685 474 474 474 851 851 273 685 685 685 685 685 553 553 553 553 
0 1 2 3 4 5 6 7 8 9 10 11 12 13 14 15 16 17 18 19 20 21 22 23 24 25 26 27 28 29 30 31 32 33 34 35 36 27 28 29 30 31 36 37 38 39 40 41 42 43 44 45 46 47 48 49 50 51 52 53 54 55 56 57 58 59 60 61 62 16 17 18 19 63 64 65 37 38 64 66 67 68 69 70 71 9 10 0 1 2 3 4 5 6 7 8 11 12 13 14 15 72 72 73 73 74 75 76 66 67 68 69 77 77 78 79 80 81 82 83 84 46 47 48 49 50 51 52 53 54 55 56 57 58 59 60 61 62 85 85 86 86 87 87 32 33 34 35 24 25 26 39 40 41 42 43 88 63 89 90 91 92 93 94 78 79 80 65 89 90 70 71 91 92 93 94 20 21 22 23 95 96 97 98 99 74 75 76 44 45 88 95 96 97 98 99 81 82 83 84 
51612
29
4 1 2 5 2 4 2 5 2 3 1 5 4 4 4 3 4 1 2 1 1 4 1 5 5 2 3 3 17 
7 33 37 63 53 53 40 25 22 41 51 2 11 8 44 9 2 14 2 31 32 34 41 10 5 26 43 45 27 
30 55 58 65 55 58 40 51 34 63 64 38 46 58 68 46 38 21 37 52 34 41 42 20 39 63 54 45 44 
352 994 658 685 246 152 952 398 983 474 273 692 268 680 553 794 383 823 644 611 338 188 321 259 866 851 464 673 445 
11 11 11 11 11 16 16 16 16 18 18 24 24 24 24 24 0 0 0 0 13 13 13 13 15 15 15 23 23 23 23 23 12 12 12 12 17 23 23 23 23 23 17 8 8 7 7 7 7 7 25 25 28 28 28 28 28 28 28 28 28 28 28 28 28 28 28 28 28 0 0 0 0 19 20 1 8 8 20 21 21 21 21 2 2 18 18 11 11 11 11 11 16 16 16 16 24 24 24 24 24 6 6 6 6 9 9 9 21 21 21 21 22 22 26 26 26 14 14 14 14 28 28 28 28 28 28 28 28 28 28 28 28 28 28 28 28 28 27 27 27 27 27 27 12 12 12 12 15 15 15 7 7 7 7 7 10 19 4 4 5 5 5 5 26 26 26 1 4 4 2 2 5 5 5 5 13 13 13 13 3 3 3 3 3 9 9 9 25 25 10 3 3 3 3 3 14 14 14 14 