764
100
2
5 5 6 6 6 6 6 8 8 8 8 8 9 10 10 10 10 10 10 10 10 10 15 15 15 15 15 16 16 16 16 16 17 17 17 17 17 17 17 20 20 20 20 20 24 24 24 24 24 24 24 24 25 27 27 27 27 28 28 28 28 28 30 30 30 30 30 32 34 34 34 35 35 35 35 35 37 37 37 38 38 38 38 38 42 42 42 42 42 42 42 43 43 43 43 43 44 44 44 44 47 47 47 47 47 47 47 50 50 50 50 50 50 50 50 50 50 53 53 53 53 53 56 56 56 56 56 56 56 56 56 56 56 56 57 57 57 57 57 57 57 57 57 57 57 57 57 57 58 58 58 58 58 60 60 60 60 60 61 61 61 65 65 65 66 66 66 66 66 69 69 69 69 69 69 69 69 69 69 69 69 70 70 70 70 70 70 70 70 70 70 70 70 70 70 70 70 70 70 70 
37 38 148 149 150 151 152 32 33 34 35 36 100 107 108 109 110 111 122 123 124 125 86 87 88 89 90 117 118 119 120 121 7 8 9 10 11 0 1 57 58 59 60 61 96 97 98 99 53 54 55 56 67 48 49 50 51 39 40 41 42 43 153 154 155 156 157 52 161 162 163 91 92 93 94 95 84 85 169 181 182 183 184 185 76 77 22 23 24 25 26 71 72 73 74 75 44 45 46 47 12 175 176 177 178 179 180 13 14 15 16 17 164 165 166 167 168 27 28 29 30 31 18 19 20 21 158 159 160 170 171 172 173 174 186 187 188 189 190 191 192 193 194 195 196 197 198 199 2 3 4 5 6 62 63 64 65 66 126 127 128 68 69 70 112 113 114 115 116 78 129 130 131 132 133 101 102 103 104 105 106 79 80 81 82 83 134 135 136 137 138 139 140 141 142 143 144 145 146 147 
978 978 314 314 314 314 314 707 707 707 707 707 236 622 622 622 622 622 950 950 950 950 181 181 181 181 181 940 940 940 940 940 707 707 707 707 707 978 978 349 349 349 349 349 300 300 300 300 491 491 491 491 540 491 491 491 491 349 349 349 349 349 543 543 543 543 543 540 300 300 300 666 666 666 666 666 276 276 654 245 245 245 245 245 276 276 181 181 181 181 181 666 666 666 666 666 300 300 300 300 236 621 621 621 621 621 621 622 622 622 622 622 501 501 501 501 501 940 940 940 940 940 950 950 950 950 578 578 578 986 986 986 986 986 864 864 864 864 864 864 864 864 864 864 864 864 864 864 314 314 314 314 314 543 543 543 543 543 578 578 578 300 300 300 501 501 501 501 501 654 986 986 986 986 986 621 621 621 621 621 621 245 245 245 245 245 864 864 864 864 864 864 864 864 864 864 864 864 864 864 
0 1 2 3 4 5 6 7 8 9 10 11 12 13 14 15 16 17 18 19 20 21 22 23 24 25 26 27 28 29 30 31 7 8 9 10 11 0 1 32 33 34 35 36 37 38 39 40 41 42 43 44 45 41 42 43 44 32 33 34 35 36 46 47 48 49 50 45 51 52 53 54 55 56 57 58 59 60 61 62 63 64 65 66 59 60 22 23 24 25 26 54 55 56 57 58 37 38 39 40 12 67 68 69 70 71 72 13 14 15 16 17 73 74 75 76 77 27 28 29 30 31 18 19 20 21 78 79 80 81 82 83 84 85 86 87 88 89 90 91 92 93 94 95 96 97 98 99 2 3 4 5 6 46 47 48 49 50 78 79 80 51 52 53 73 74 75 76 77 61 81 82 83 84 85 67 68 69 70 71 72 62 63 64 65 66 86 87 88 89 90 91 92 93 94 95 96 97 98 99 
59628
23
5 1 1 5 5 5 5 2 4 4 5 2 5 1 4 3 3 5 6 5 5 5 14 
16 25 9 35 30 38 8 37 24 24 6 5 10 37 10 56 34 56 47 20 50 15 57 
53 32 47 43 60 70 17 42 44 27 58 17 50 69 56 61 65 69 69 28 66 42 70 
940 540 236 666 543 245 707 276 300 491 314 978 622 654 950 578 300 986 621 349 501 181 864 
11 11 10 10 10 10 10 6 6 6 6 6 2 12 12 12 12 12 14 14 14 14 21 21 21 21 21 0 0 0 0 0 6 6 6 6 6 11 11 19 19 19 19 19 8 8 8 8 9 9 9 9 1 9 9 9 9 19 19 19 19 19 4 4 4 4 4 1 16 16 16 3 3 3 3 3 7 7 13 5 5 5 5 5 7 7 21 21 21 21 21 3 3 3 3 3 8 8 8 8 2 18 18 18 18 18 18 12 12 12 12 12 20 20 20 20 20 0 0 0 0 0 14 14 14 14 15 15 15 17 17 17 17 17 22 22 22 22 22 22 22 22 22 22 22 22 22 22 10 10 10 10 10 4 4 4 4 4 15 15 15 16 16 16 20 20 20 20 20 13 17 17 17 17 17 18 18 18 18 18 18 5 5 5 5 5 22 22 22 22 22 22 22 22 22 22 22 22 22 22 