981
100
2
1 1 1 1 1 1 1 1 1 1 1 1 1 1 1 1 1 1 1 1 1 1 1 1 1 1 1 3 3 3 3 3 7 7 7 7 7 7 7 7 7 7 7 7 7 7 7 7 7 7 7 7 7 7 7 7 7 7 7 7 7 7 7 7 7 7 11 11 11 11 11 11 11 11 13 13 13 13 13 13 13 18 18 18 18 18 18 18 18 21 21 21 21 21 27 30 30 34 34 34 34 35 35 35 35 35 35 39 39 39 39 39 39 41 41 41 41 41 41 41 41 41 43 43 43 43 43 43 43 44 44 44 44 45 45 47 47 47 47 47 50 50 50 50 50 50 50 50 50 51 53 53 53 53 53 57 57 57 57 57 57 57 59 59 59 59 59 59 59 59 59 60 60 62 62 62 62 62 62 62 62 62 64 64 64 64 64 64 64 65 65 65 65 70 70 70 70 70 70 70 
135 136 137 138 139 97 98 99 100 48 49 50 51 52 53 54 55 56 57 58 59 60 61 62 63 64 65 177 178 179 180 181 33 32 35 34 37 36 39 38 41 40 43 42 45 44 47 46 9 10 11 12 13 14 15 16 17 18 19 20 21 22 23 24 25 26 141 142 143 144 145 146 147 148 182 183 184 185 186 187 188 89 90 91 92 93 129 130 131 81 82 83 84 85 132 198 199 5 6 7 8 107 108 109 110 111 112 101 102 103 104 105 106 162 163 164 165 166 167 168 169 170 155 156 157 158 159 160 161 86 87 88 94 171 172 0 1 2 3 4 149 66 67 68 69 70 71 72 73 140 193 194 195 196 197 122 123 124 125 126 127 128 113 114 115 116 117 118 119 120 121 133 134 189 190 191 192 27 28 29 30 31 74 75 76 77 78 79 80 173 174 175 176 150 151 152 153 154 95 96 
681 681 681 681 681 257 257 257 257 345 345 345 345 345 345 345 345 345 345 345 345 345 345 345 345 345 345 494 494 494 494 494 652 652 652 652 652 652 652 652 652 652 652 652 652 652 652 652 345 345 345 345 345 345 345 345 345 345 345 345 345 345 345 345 345 345 745 745 745 745 745 745 745 745 592 592 592 592 592 592 592 324 324 324 324 324 192 192 192 324 324 324 324 324 330 386 386 257 257 257 257 933 933 933 933 933 933 933 933 933 933 933 933 798 798 798 798 798 798 798 798 798 803 803 803 803 803 803 803 192 192 192 330 577 577 681 681 681 681 681 873 745 745 745 745 745 745 745 745 873 201 201 201 201 201 803 803 803 803 803 803 803 798 798 798 798 798 798 798 798 798 577 577 665 665 665 665 494 494 494 494 494 592 592 592 592 592 592 592 665 665 665 665 201 201 201 201 201 386 386 
0 1 2 3 4 5 6 7 8 9 10 11 12 13 14 15 16 17 18 19 20 21 22 23 24 25 26 27 28 29 30 31 32 32 33 33 34 34 35 35 36 36 37 37 38 38 39 39 9 10 11 12 13 14 15 16 17 18 19 20 21 22 23 24 25 26 40 41 42 43 44 45 46 47 48 49 50 51 52 53 54 55 56 57 58 59 60 61 62 55 56 57 58 59 63 64 65 5 6 7 8 66 67 68 69 70 71 66 67 68 69 70 71 72 73 74 75 76 77 78 79 80 81 82 83 84 85 86 87 60 61 62 63 88 89 0 1 2 3 4 90 40 41 42 43 44 45 46 47 90 91 92 93 94 95 81 82 83 84 85 86 87 72 73 74 75 76 77 78 79 80 88 89 96 97 98 99 27 28 29 30 31 48 49 50 51 52 53 54 96 97 98 99 91 92 93 94 95 64 65 
55824
18
1 5 5 2 9 5 4 7 8 7 3 8 4 1 6 2 5 18 
50 1 53 30 41 18 62 13 7 43 18 11 1 27 35 45 3 1 
51 47 70 70 59 21 65 64 7 57 44 50 34 44 39 60 62 7 
873 681 201 386 798 324 665 592 652 803 192 745 257 330 933 577 494 345 
1 1 1 1 1 12 12 12 12 17 17 17 17 17 17 17 17 17 17 17 17 17 17 17 17 17 17 16 16 16 16 16 8 8 8 8 8 8 8 8 8 8 8 8 8 8 8 8 17 17 17 17 17 17 17 17 17 17 17 17 17 17 17 17 17 17 11 11 11 11 11 11 11 11 7 7 7 7 7 7 7 5 5 5 5 5 10 10 10 5 5 5 5 5 13 3 3 12 12 12 12 14 14 14 14 14 14 14 14 14 14 14 14 4 4 4 4 4 4 4 4 4 9 9 9 9 9 9 9 10 10 10 13 15 15 1 1 1 1 1 0 11 11 11 11 11 11 11 11 0 2 2 2 2 2 9 9 9 9 9 9 9 4 4 4 4 4 4 4 4 4 15 15 6 6 6 6 16 16 16 16 16 7 7 7 7 7 7 7 6 6 6 6 2 2 2 2 2 3 3 