787
100
2
4 4 4 4 4 4 6 6 6 6 6 6 6 6 6 6 8 8 8 8 8 9 9 9 9 9 9 9 9 11 11 11 11 17 17 17 17 17 21 21 21 21 21 21 21 21 21 21 21 21 21 21 22 22 22 22 22 22 22 22 24 24 24 24 28 28 28 28 28 28 28 41 41 41 41 41 42 42 42 42 42 42 42 42 45 45 45 45 45 45 45 45 45 45 45 45 45 45 45 45 45 45 46 46 46 46 46 46 46 46 47 47 47 47 47 47 47 47 47 51 51 51 51 51 51 51 51 51 51 51 53 53 53 53 53 53 53 53 57 57 57 57 57 57 57 57 57 57 57 57 57 57 60 60 60 60 60 60 60 60 60 60 62 64 64 64 64 64 64 64 64 64 64 64 64 64 64 64 64 64 64 64 67 67 67 67 67 67 67 67 67 67 68 68 68 68 68 68 68 68 
71 72 73 74 75 110 92 93 94 95 96 97 98 99 100 101 33 34 35 36 37 76 77 78 79 80 81 82 83 60 61 62 63 16 17 18 19 20 138 139 140 141 142 143 144 145 146 147 148 149 150 151 102 103 104 105 106 107 108 109 29 30 31 32 175 176 177 178 179 180 181 0 1 2 3 4 21 22 23 24 25 26 27 28 192 193 194 195 196 197 198 199 6 7 8 9 10 11 12 13 14 15 52 53 54 55 56 57 58 59 5 130 131 132 133 134 135 136 137 163 164 165 166 167 168 169 170 171 172 173 111 112 113 114 115 116 117 118 38 39 40 41 42 43 44 45 46 47 48 49 50 51 182 183 184 185 186 187 188 189 190 191 174 119 120 121 122 123 124 125 126 127 128 129 162 64 65 66 67 68 69 70 152 153 154 155 156 157 158 159 160 161 84 85 86 87 88 89 90 91 
650 650 650 650 650 242 748 748 748 748 748 748 748 748 748 748 272 272 272 272 272 419 419 419 419 419 419 419 419 315 315 315 315 272 272 272 272 272 377 377 377 377 377 377 377 377 377 377 377 377 377 377 315 315 315 315 315 315 315 315 315 315 315 315 485 485 485 485 485 485 485 650 650 650 650 650 419 419 419 419 419 419 419 419 432 432 432 432 432 432 432 432 748 748 748 748 748 748 748 748 748 748 315 315 315 315 315 315 315 315 242 482 482 482 482 482 482 482 482 367 367 367 367 367 367 367 367 367 367 367 482 482 482 482 482 482 482 482 377 377 377 377 377 377 377 377 377 377 377 377 377 377 410 410 410 410 410 410 410 410 410 410 628 367 367 367 367 367 367 367 367 367 367 367 628 485 485 485 485 485 485 485 410 410 410 410 410 410 410 410 410 410 432 432 432 432 432 432 432 432 
0 1 2 3 4 5 6 7 8 9 10 11 12 13 14 15 16 17 18 19 20 21 22 23 24 25 26 27 28 29 30 31 32 16 17 18 19 20 33 34 35 36 37 38 39 40 41 42 43 44 45 46 47 48 49 50 51 52 53 54 29 30 31 32 55 56 57 58 59 60 61 0 1 2 3 4 21 22 23 24 25 26 27 28 62 63 64 65 66 67 68 69 6 7 8 9 10 11 12 13 14 15 47 48 49 50 51 52 53 54 5 70 71 72 73 74 75 76 77 78 79 80 81 82 83 84 85 86 87 88 70 71 72 73 74 75 76 77 33 34 35 36 37 38 39 40 41 42 43 44 45 46 89 90 91 92 93 94 95 96 97 98 99 78 79 80 81 82 83 84 85 86 87 88 99 55 56 57 58 59 60 61 89 90 91 92 93 94 95 96 97 98 62 63 64 65 66 67 68 69 
44214
14
5 8 1 11 8 1 8 10 4 7 10 8 5 14 
4 22 4 51 45 62 9 6 11 28 60 47 8 21 
41 46 47 64 68 64 42 45 24 64 67 53 17 57 
650 315 242 367 432 628 419 748 315 485 410 482 272 377 
0 0 0 0 0 2 7 7 7 7 7 7 7 7 7 7 12 12 12 12 12 6 6 6 6 6 6 6 6 8 8 8 8 12 12 12 12 12 13 13 13 13 13 13 13 13 13 13 13 13 13 13 1 1 1 1 1 1 1 1 8 8 8 8 9 9 9 9 9 9 9 0 0 0 0 0 6 6 6 6 6 6 6 6 4 4 4 4 4 4 4 4 7 7 7 7 7 7 7 7 7 7 1 1 1 1 1 1 1 1 2 11 11 11 11 11 11 11 11 3 3 3 3 3 3 3 3 3 3 3 11 11 11 11 11 11 11 11 13 13 13 13 13 13 13 13 13 13 13 13 13 13 10 10 10 10 10 10 10 10 10 10 5 3 3 3 3 3 3 3 3 3 3 3 5 9 9 9 9 9 9 9 10 10 10 10 10 10 10 10 10 10 4 4 4 4 4 4 4 4 