587
100
2
3 3 3 3 3 3 3 3 3 3 3 3 4 4 4 4 4 4 4 4 4 4 4 5 5 5 5 5 5 5 5 5 5 8 8 8 14 14 14 14 14 14 14 14 14 14 16 16 16 16 16 16 16 16 16 21 21 21 21 21 21 21 21 21 21 21 21 21 21 21 24 24 24 24 24 24 24 24 24 24 24 26 26 26 26 26 26 26 26 26 28 28 28 28 32 32 32 32 32 32 32 32 32 32 40 40 40 43 43 44 44 48 48 48 54 54 54 54 56 56 56 56 56 56 56 56 56 56 56 56 56 56 56 63 63 63 63 63 63 63 63 63 63 63 63 65 65 65 65 65 65 65 65 65 67 67 67 67 67 67 67 67 67 67 67 67 68 68 68 68 68 68 68 68 68 68 68 68 68 68 68 68 68 68 68 68 68 68 69 69 69 69 69 69 69 69 69 70 70 70 
154 155 156 157 158 159 160 161 162 163 164 165 70 71 72 73 74 75 76 77 78 79 80 36 37 38 39 40 41 42 43 44 45 111 112 113 23 24 25 26 27 28 29 30 31 32 145 146 147 148 149 150 151 152 153 118 119 120 121 122 123 124 125 126 127 128 129 130 131 132 12 13 14 15 16 17 18 19 20 21 22 188 189 190 191 192 193 194 195 196 114 115 116 117 166 167 168 169 170 171 172 173 174 175 197 198 199 109 110 107 108 33 34 35 90 91 92 93 55 56 57 58 59 60 61 62 63 64 65 66 67 68 69 176 177 178 179 180 181 182 183 184 185 186 187 46 47 48 49 50 51 52 53 54 0 1 2 3 4 5 6 7 8 9 10 11 94 95 96 97 98 99 100 101 102 103 133 134 135 136 137 138 139 140 141 142 143 144 81 82 83 84 85 86 87 88 89 104 105 106 
980 980 980 980 980 980 980 980 980 980 980 980 249 249 249 249 249 249 249 249 249 249 249 880 880 880 880 880 880 880 880 880 880 231 231 231 880 880 880 880 880 880 880 880 880 880 442 442 442 442 442 442 442 442 442 711 711 711 711 711 711 711 711 711 711 711 711 711 711 711 249 249 249 249 249 249 249 249 249 249 249 191 191 191 191 191 191 191 191 191 486 486 486 486 269 269 269 269 269 269 269 269 269 269 199 199 199 214 214 214 214 231 231 231 486 486 486 486 711 711 711 711 711 711 711 711 711 711 711 711 711 711 711 409 409 409 409 409 409 409 409 409 409 409 409 442 442 442 442 442 442 442 442 442 980 980 980 980 980 980 980 980 980 980 980 980 269 269 269 269 269 269 269 269 269 269 409 409 409 409 409 409 409 409 409 409 409 409 191 191 191 191 191 191 191 191 191 199 199 199 
0 1 2 3 4 5 6 7 8 9 10 11 12 13 14 15 16 17 18 19 20 21 22 23 24 25 26 27 28 29 30 31 32 33 34 35 23 24 25 26 27 28 29 30 31 32 36 37 38 39 40 41 42 43 44 45 46 47 48 49 50 51 52 53 54 55 56 57 58 59 12 13 14 15 16 17 18 19 20 21 22 60 61 62 63 64 65 66 67 68 69 70 71 72 73 74 75 76 77 78 79 80 81 82 83 84 85 86 87 86 87 33 34 35 69 70 71 72 45 46 47 48 49 50 51 52 53 54 55 56 57 58 59 88 89 90 91 92 93 94 95 96 97 98 99 36 37 38 39 40 41 42 43 44 0 1 2 3 4 5 6 7 8 9 10 11 73 74 75 76 77 78 79 80 81 82 88 89 90 91 92 93 94 95 96 97 98 99 60 61 62 63 64 65 66 67 68 83 84 85 
50921
12
12 10 4 3 11 2 9 3 12 9 10 15 
3 32 28 8 4 43 16 40 63 26 5 21 
67 68 54 48 24 44 65 70 68 69 14 56 
980 269 486 231 249 214 442 199 409 191 880 711 
0 0 0 0 0 0 0 0 0 0 0 0 4 4 4 4 4 4 4 4 4 4 4 10 10 10 10 10 10 10 10 10 10 3 3 3 10 10 10 10 10 10 10 10 10 10 6 6 6 6 6 6 6 6 6 11 11 11 11 11 11 11 11 11 11 11 11 11 11 11 4 4 4 4 4 4 4 4 4 4 4 9 9 9 9 9 9 9 9 9 2 2 2 2 1 1 1 1 1 1 1 1 1 1 7 7 7 5 5 5 5 3 3 3 2 2 2 2 11 11 11 11 11 11 11 11 11 11 11 11 11 11 11 8 8 8 8 8 8 8 8 8 8 8 8 6 6 6 6 6 6 6 6 6 0 0 0 0 0 0 0 0 0 0 0 0 1 1 1 1 1 1 1 1 1 1 8 8 8 8 8 8 8 8 8 8 8 8 9 9 9 9 9 9 9 9 9 7 7 7 