371
100
2
3 3 3 3 3 4 4 5 5 5 5 5 5 7 7 7 7 7 7 11 11 11 11 11 12 12 12 12 12 12 14 14 14 17 17 17 17 17 17 18 18 18 23 23 23 23 23 23 27 27 27 27 27 27 28 28 28 28 28 29 29 29 30 30 30 34 34 34 34 34 34 34 34 34 37 37 37 37 37 37 37 37 37 38 38 38 38 39 40 40 40 40 40 40 40 40 40 40 41 41 41 44 44 44 44 44 44 44 44 44 44 44 47 47 47 47 47 47 47 47 47 47 47 47 50 50 50 50 50 50 50 50 50 50 50 51 51 51 51 51 51 51 51 51 54 54 54 54 54 56 56 56 56 56 56 56 56 57 57 57 57 57 57 61 62 62 62 62 62 62 62 62 62 62 62 62 64 64 66 66 66 66 66 66 66 66 67 67 67 67 69 69 69 69 69 69 69 69 69 69 
178 179 180 181 182 176 177 106 107 108 109 110 111 157 158 159 160 161 162 130 131 132 133 134 33 34 35 36 37 38 80 81 82 24 25 26 27 28 29 59 60 61 74 75 76 77 78 79 92 93 94 95 96 97 144 145 146 147 148 39 40 41 98 99 100 124 125 126 127 128 129 183 184 185 42 43 44 45 46 47 30 31 32 153 154 155 156 163 135 136 137 138 48 49 50 51 52 53 62 63 64 195 196 197 198 199 7 8 9 10 11 12 164 165 166 167 168 169 170 171 172 173 174 175 65 66 67 68 69 70 19 20 21 22 23 88 89 90 91 190 191 192 193 194 54 55 56 57 58 186 187 188 189 83 84 85 86 13 14 15 16 17 18 87 112 113 114 115 116 117 118 119 120 121 122 123 5 6 0 1 2 3 4 71 72 73 149 150 151 152 139 140 141 142 143 101 102 103 104 105 
381 381 381 381 381 691 691 786 786 786 786 786 786 349 349 349 349 349 349 188 188 188 188 188 448 448 448 448 448 448 637 637 637 448 448 448 448 448 448 852 852 852 657 657 657 657 657 657 699 699 699 699 699 699 296 296 296 296 296 852 852 852 283 283 283 888 888 888 888 888 888 243 243 243 657 657 657 657 657 657 637 637 637 493 493 493 493 357 983 983 983 983 699 699 699 699 699 699 283 283 283 406 406 406 406 406 786 786 786 786 786 786 169 169 169 169 169 169 169 169 169 169 169 169 888 888 888 888 888 888 188 188 188 188 188 983 983 983 983 442 442 442 442 442 296 296 296 296 296 902 902 902 902 493 493 493 493 349 349 349 349 349 349 357 169 169 169 169 169 169 169 169 169 169 169 169 691 691 381 381 381 381 381 243 243 243 902 902 902 902 442 442 442 442 442 406 406 406 406 406 
0 1 2 3 4 5 6 7 8 9 10 11 12 13 14 15 16 17 18 19 20 21 22 23 24 25 26 27 28 29 30 31 32 24 25 26 27 28 29 33 34 35 36 37 38 39 40 41 42 43 44 45 46 47 48 49 50 51 52 33 34 35 53 54 55 56 57 58 59 60 61 62 63 64 36 37 38 39 40 41 30 31 32 65 66 67 68 69 70 71 72 73 42 43 44 45 46 47 53 54 55 74 75 76 77 78 7 8 9 10 11 12 79 80 81 82 83 84 85 86 87 88 89 90 56 57 58 59 60 61 19 20 21 22 23 70 71 72 73 91 92 93 94 95 48 49 50 51 52 96 97 98 99 65 66 67 68 13 14 15 16 17 18 69 79 80 81 82 83 84 85 86 87 88 89 90 5 6 0 1 2 3 4 62 63 64 96 97 98 99 91 92 93 94 95 74 75 76 77 78 
50851
21
6 6 4 1 5 4 6 2 3 4 3 5 3 6 5 6 3 5 5 6 12 
23 12 40 39 51 56 34 4 18 38 14 44 30 5 3 7 34 28 11 27 47 
37 17 51 61 69 67 50 64 29 56 37 69 41 44 66 57 66 54 50 40 62 
657 448 983 357 442 902 888 691 852 493 637 406 283 786 381 349 243 296 188 699 169 
14 14 14 14 14 7 7 13 13 13 13 13 13 15 15 15 15 15 15 18 18 18 18 18 1 1 1 1 1 1 10 10 10 1 1 1 1 1 1 8 8 8 0 0 0 0 0 0 19 19 19 19 19 19 17 17 17 17 17 8 8 8 12 12 12 6 6 6 6 6 6 16 16 16 0 0 0 0 0 0 10 10 10 9 9 9 9 3 2 2 2 2 19 19 19 19 19 19 12 12 12 11 11 11 11 11 13 13 13 13 13 13 20 20 20 20 20 20 20 20 20 20 20 20 6 6 6 6 6 6 18 18 18 18 18 2 2 2 2 4 4 4 4 4 17 17 17 17 17 5 5 5 5 9 9 9 9 15 15 15 15 15 15 3 20 20 20 20 20 20 20 20 20 20 20 20 7 7 14 14 14 14 14 16 16 16 5 5 5 5 4 4 4 4 4 11 11 11 11 11 