631
100
2
3 3 3 3 3 5 5 5 5 5 9 9 10 10 10 10 12 12 12 13 13 13 13 13 13 13 14 14 14 14 14 14 16 16 17 19 19 19 19 21 21 21 23 23 24 24 24 24 24 24 26 26 26 26 26 27 27 27 27 27 28 28 29 29 29 30 30 31 31 32 32 34 34 34 34 34 34 34 34 34 34 34 34 34 34 34 34 34 34 34 37 37 38 38 39 39 39 39 39 39 40 40 40 40 43 43 43 43 44 44 44 44 44 49 50 50 50 51 51 52 52 52 54 54 55 55 56 56 56 57 57 57 57 58 58 58 58 58 58 58 58 58 58 58 58 58 58 58 58 58 58 58 58 58 58 58 60 60 60 60 62 62 62 62 62 63 63 63 63 64 64 64 64 64 64 65 65 65 65 65 65 65 66 66 66 67 67 68 68 68 68 70 70 70 70 70 70 70 70 70 
194 195 196 197 198 26 27 28 29 30 167 168 175 176 177 178 19 20 21 16 17 18 35 36 37 38 5 6 7 8 9 199 60 61 122 22 23 24 25 191 192 193 65 66 119 120 121 126 127 128 160 161 162 163 164 114 115 116 169 170 32 33 179 180 181 42 43 92 93 90 91 137 138 139 140 141 142 143 144 145 146 147 148 149 150 151 152 153 154 155 69 70 67 68 124 125 187 188 189 190 113 108 109 110 171 172 173 174 101 102 103 165 166 100 55 56 57 185 186 44 45 46 34 136 94 95 47 48 49 156 157 158 159 182 183 184 123 71 72 73 74 75 76 77 78 79 80 81 82 83 84 85 86 87 88 89 129 130 131 132 50 51 52 53 54 111 112 10 11 58 59 104 105 106 107 12 13 14 15 62 63 64 133 134 135 117 118 96 97 98 99 39 40 41 0 1 2 3 4 31 
696 696 696 696 696 694 694 694 694 694 736 736 405 405 405 405 484 484 484 484 484 484 619 619 619 619 694 694 694 694 694 942 417 417 539 619 619 619 619 281 281 281 929 929 205 205 205 205 205 205 436 436 436 436 436 894 894 894 287 287 417 417 765 765 765 929 929 944 944 978 978 376 376 376 376 376 376 376 376 376 376 376 376 376 376 376 376 376 376 376 978 978 944 944 916 916 792 792 792 792 950 858 858 858 503 503 503 503 858 858 858 807 807 950 894 894 894 525 525 205 205 205 539 792 916 916 205 205 205 911 911 911 911 383 383 383 792 376 376 376 376 376 376 376 376 376 376 376 376 376 376 376 376 376 376 376 911 911 911 911 436 436 436 436 436 807 807 736 736 287 287 503 503 503 503 405 405 405 405 765 765 765 383 383 383 525 525 792 792 792 792 281 281 281 696 696 696 696 696 942 
0 1 2 3 4 5 6 7 8 9 10 11 12 13 14 15 16 17 18 16 17 18 19 20 21 22 5 6 7 8 9 23 24 25 26 19 20 21 22 27 28 29 30 31 32 33 34 35 36 37 38 39 40 41 42 43 44 45 46 47 24 25 48 49 50 30 31 51 52 53 54 55 56 57 58 59 60 61 62 63 64 65 66 67 68 69 70 71 72 73 53 54 51 52 74 75 76 77 78 79 80 81 82 83 84 85 86 87 81 82 83 88 89 80 43 44 45 90 91 32 33 34 26 92 74 75 35 36 37 93 94 95 96 97 98 99 92 55 56 57 58 59 60 61 62 63 64 65 66 67 68 69 70 71 72 73 93 94 95 96 38 39 40 41 42 88 89 10 11 46 47 84 85 86 87 12 13 14 15 48 49 50 97 98 99 90 91 76 77 78 79 27 28 29 0 1 2 3 4 23 
57720
30
1 3 2 4 5 1 3 2 3 2 3 2 3 5 2 3 3 2 2 2 1 4 4 4 5 1 2 4 3 19 
40 40 32 10 26 17 58 31 24 44 29 39 27 5 16 21 12 23 27 51 54 57 39 13 3 14 9 43 24 34 
49 44 37 65 62 54 66 38 52 63 65 55 50 14 28 70 13 30 64 67 58 60 68 19 70 70 63 64 56 58 
950 858 978 405 436 539 383 944 205 807 765 916 894 694 417 281 484 929 287 525 792 911 792 619 696 942 736 503 205 376 
24 24 24 24 24 13 13 13 13 13 26 26 3 3 3 3 16 16 16 16 16 16 23 23 23 23 13 13 13 13 13 25 14 14 5 23 23 23 23 15 15 15 17 17 8 8 8 28 28 28 4 4 4 4 4 12 12 12 18 18 14 14 10 10 10 17 17 7 7 2 2 29 29 29 29 29 29 29 29 29 29 29 29 29 29 29 29 29 29 29 2 2 7 7 11 11 22 22 22 22 0 1 1 1 27 27 27 27 1 1 1 9 9 0 12 12 12 19 19 8 8 8 5 20 11 11 28 28 28 21 21 21 21 6 6 6 20 29 29 29 29 29 29 29 29 29 29 29 29 29 29 29 29 29 29 29 21 21 21 21 4 4 4 4 4 9 9 26 26 18 18 27 27 27 27 3 3 3 3 10 10 10 6 6 6 19 19 22 22 22 22 15 15 15 24 24 24 24 24 25 