852
100
2
2 3 3 5 5 5 5 5 5 5 5 8 8 10 10 10 10 14 14 14 14 14 16 16 16 18 18 18 18 18 18 18 18 18 18 18 18 18 18 18 22 22 22 22 22 22 22 22 22 22 22 22 22 22 22 22 22 22 22 22 22 22 25 25 25 25 25 25 25 25 33 33 33 33 33 33 33 33 36 36 36 36 36 36 36 36 37 37 37 37 37 37 37 37 38 38 38 38 38 38 38 38 38 38 40 40 40 40 44 44 44 44 44 45 45 45 45 47 47 47 50 50 50 50 50 50 50 51 51 51 53 53 53 53 53 53 56 56 56 56 56 56 56 56 57 57 57 57 57 57 58 58 58 58 58 58 60 60 60 60 60 60 60 60 60 60 60 60 60 61 61 61 61 61 61 61 61 61 61 61 61 61 61 61 64 64 64 64 64 64 64 64 68 68 68 68 68 68 68 68 
126 11 12 184 185 186 187 188 189 190 191 1 2 165 166 167 168 108 109 110 111 112 49 50 51 169 170 171 172 173 174 175 176 177 178 179 180 181 182 183 156 157 158 159 160 161 162 163 164 22 23 24 94 95 96 97 98 99 100 101 102 103 70 71 72 73 74 75 76 77 62 63 64 65 66 67 68 69 86 87 88 89 90 91 92 93 78 79 80 81 82 83 84 85 52 53 54 55 56 57 58 59 60 61 113 114 115 116 17 18 19 20 21 104 105 106 107 127 128 129 130 131 132 133 134 135 0 117 118 119 120 121 122 123 124 125 192 193 194 195 196 197 198 199 150 151 152 153 154 155 144 145 146 147 148 149 40 41 42 43 44 45 46 47 48 13 14 15 16 25 26 27 28 29 30 31 32 33 34 35 36 37 38 39 3 4 5 6 7 8 9 10 136 137 138 139 140 141 142 143 
165 844 844 429 429 429 429 429 429 429 429 844 844 427 427 427 427 941 941 941 941 941 868 868 868 851 851 851 851 851 851 851 851 851 851 851 851 851 851 851 416 416 416 416 416 416 416 416 416 868 868 868 345 345 345 345 345 345 345 345 345 345 900 900 900 900 900 900 900 900 900 900 900 900 900 900 900 900 159 159 159 159 159 159 159 159 159 159 159 159 159 159 159 159 345 345 345 345 345 345 345 345 345 345 555 555 555 555 941 941 941 941 941 555 555 555 555 448 448 448 795 795 795 795 795 795 165 448 448 448 795 795 795 795 795 795 388 388 388 388 388 388 388 388 892 892 892 892 892 892 892 892 892 892 892 892 416 416 416 416 416 416 416 416 416 427 427 427 427 851 851 851 851 851 851 851 851 851 851 851 851 851 851 851 429 429 429 429 429 429 429 429 388 388 388 388 388 388 388 388 
0 1 2 3 4 5 6 7 8 9 10 1 2 11 12 13 14 15 16 17 18 19 20 21 22 23 24 25 26 27 28 29 30 31 32 33 34 35 36 37 38 39 40 41 42 43 44 45 46 20 21 22 47 48 49 50 51 52 53 54 55 56 57 58 59 60 61 62 63 64 57 58 59 60 61 62 63 64 65 66 67 68 69 70 71 72 65 66 67 68 69 70 71 72 47 48 49 50 51 52 53 54 55 56 73 74 75 76 15 16 17 18 19 73 74 75 76 77 78 79 80 81 82 83 84 85 0 77 78 79 80 81 82 83 84 85 86 87 88 89 90 91 92 93 94 95 96 97 98 99 94 95 96 97 98 99 38 39 40 41 42 43 44 45 46 11 12 13 14 23 24 25 26 27 28 29 30 31 32 33 34 35 36 37 3 4 5 6 7 8 9 10 86 87 88 89 90 91 92 93 
59523
16
8 3 9 6 6 3 10 8 2 5 1 8 4 8 4 15 
5 47 22 50 57 16 22 36 3 14 2 25 40 56 10 18 
64 51 60 53 58 22 38 37 8 44 50 33 45 68 60 61 
429 448 416 795 892 868 345 159 844 941 165 900 555 388 427 851 
10 8 8 0 0 0 0 0 0 0 0 8 8 14 14 14 14 9 9 9 9 9 5 5 5 15 15 15 15 15 15 15 15 15 15 15 15 15 15 15 2 2 2 2 2 2 2 2 2 5 5 5 6 6 6 6 6 6 6 6 6 6 11 11 11 11 11 11 11 11 11 11 11 11 11 11 11 11 7 7 7 7 7 7 7 7 7 7 7 7 7 7 7 7 6 6 6 6 6 6 6 6 6 6 12 12 12 12 9 9 9 9 9 12 12 12 12 1 1 1 3 3 3 3 3 3 10 1 1 1 3 3 3 3 3 3 13 13 13 13 13 13 13 13 4 4 4 4 4 4 4 4 4 4 4 4 2 2 2 2 2 2 2 2 2 14 14 14 14 15 15 15 15 15 15 15 15 15 15 15 15 15 15 15 0 0 0 0 0 0 0 0 13 13 13 13 13 13 13 13 