536
100
2
1 1 1 1 4 4 4 4 4 4 4 4 4 4 4 4 4 4 4 4 6 6 6 6 6 6 6 6 6 6 10 10 10 10 10 10 10 10 10 10 10 10 10 10 10 10 16 16 17 17 17 17 17 17 17 17 17 17 17 17 17 17 17 17 19 19 19 22 22 22 22 22 22 22 22 22 22 22 22 23 23 23 23 23 23 23 23 23 26 26 26 26 31 31 31 31 31 31 31 31 31 31 31 31 31 32 32 32 32 32 32 32 32 32 33 33 33 33 33 33 33 33 33 33 33 33 33 39 39 39 39 39 39 40 40 40 40 40 40 40 40 40 40 40 42 42 42 42 42 42 46 46 46 46 46 46 46 46 46 46 47 47 47 47 49 49 49 49 49 49 51 51 51 51 51 51 51 51 51 51 51 51 51 61 61 61 61 61 61 66 66 66 66 66 66 66 66 69 69 69 
75 76 77 78 5 4 7 6 9 8 11 10 13 12 15 14 17 16 19 18 150 151 152 153 154 155 156 157 158 159 48 49 50 51 52 53 54 55 56 57 58 59 60 61 62 63 114 115 30 31 32 33 34 35 36 37 38 39 40 41 42 43 44 45 197 198 199 189 190 191 192 193 194 195 196 0 1 2 3 105 106 107 108 109 110 111 112 113 160 161 162 163 170 171 172 173 174 175 176 177 178 179 180 181 182 79 80 81 82 83 84 85 86 87 46 47 133 134 135 136 137 138 139 140 141 142 143 183 184 185 186 187 188 116 117 118 119 120 121 122 123 124 125 126 164 165 166 167 168 169 20 21 22 23 24 25 26 27 28 29 88 89 90 91 144 145 146 147 148 149 92 93 94 95 96 97 98 99 100 101 102 103 104 127 128 129 130 131 132 67 68 69 70 71 72 73 74 64 65 66 
395 395 395 395 370 370 370 370 370 370 370 370 370 370 370 370 370 370 370 370 640 640 640 640 640 640 640 640 640 640 605 605 605 605 605 605 605 605 605 605 605 605 605 605 605 605 519 519 605 605 605 605 605 605 605 605 605 605 605 605 605 605 605 605 639 639 639 240 240 240 240 240 240 240 240 395 395 395 395 314 314 314 314 314 314 314 314 314 392 392 392 392 954 954 954 954 954 954 954 954 954 954 954 954 954 314 314 314 314 314 314 314 314 314 519 519 714 714 714 714 714 714 714 714 714 714 714 934 934 934 934 934 934 714 714 714 714 714 714 714 714 714 714 714 757 757 757 757 757 757 640 640 640 640 640 640 640 640 640 640 392 392 392 392 757 757 757 757 757 757 954 954 954 954 954 954 954 954 954 954 954 954 954 934 934 934 934 934 934 240 240 240 240 240 240 240 240 639 639 639 
0 1 2 3 4 4 5 5 6 6 7 7 8 8 9 9 10 10 11 11 12 13 14 15 16 17 18 19 20 21 22 23 24 25 26 27 28 29 30 31 32 33 34 35 36 37 38 39 22 23 24 25 26 27 28 29 30 31 32 33 34 35 36 37 40 41 42 43 44 45 46 47 48 49 50 0 1 2 3 51 52 53 54 55 56 57 58 59 60 61 62 63 64 65 66 67 68 69 70 71 72 73 74 75 76 51 52 53 54 55 56 57 58 59 38 39 77 78 79 80 81 82 83 84 85 86 87 88 89 90 91 92 93 77 78 79 80 81 82 83 84 85 86 87 94 95 96 97 98 99 12 13 14 15 16 17 18 19 20 21 60 61 62 63 94 95 96 97 98 99 64 65 66 67 68 69 70 71 72 73 74 75 76 88 89 90 91 92 93 43 44 45 46 47 48 49 50 40 41 42 
60291
13
2 11 9 13 8 4 3 6 6 10 8 4 16 
16 33 23 31 22 1 19 42 39 6 4 26 10 
33 40 32 51 66 22 69 49 61 46 4 47 17 
519 714 314 954 240 395 639 757 934 640 370 392 605 
5 5 5 5 10 10 10 10 10 10 10 10 10 10 10 10 10 10 10 10 9 9 9 9 9 9 9 9 9 9 12 12 12 12 12 12 12 12 12 12 12 12 12 12 12 12 0 0 12 12 12 12 12 12 12 12 12 12 12 12 12 12 12 12 6 6 6 4 4 4 4 4 4 4 4 5 5 5 5 2 2 2 2 2 2 2 2 2 11 11 11 11 3 3 3 3 3 3 3 3 3 3 3 3 3 2 2 2 2 2 2 2 2 2 0 0 1 1 1 1 1 1 1 1 1 1 1 8 8 8 8 8 8 1 1 1 1 1 1 1 1 1 1 1 7 7 7 7 7 7 9 9 9 9 9 9 9 9 9 9 11 11 11 11 7 7 7 7 7 7 3 3 3 3 3 3 3 3 3 3 3 3 3 8 8 8 8 8 8 4 4 4 4 4 4 4 4 6 6 6 