848
100
2
4 4 4 4 4 4 4 4 4 4 4 4 4 4 4 12 12 14 14 15 18 18 18 20 20 20 20 20 20 20 20 20 20 20 20 20 20 20 20 23 23 25 25 25 25 25 25 26 26 26 26 26 26 26 26 26 26 26 26 26 26 26 26 26 27 27 27 27 27 32 32 32 34 34 34 34 34 36 36 36 36 37 37 37 37 37 37 37 37 38 38 38 38 38 38 39 39 40 40 40 40 40 40 40 43 43 44 44 44 44 44 44 45 45 48 48 48 48 48 48 48 48 49 49 49 49 49 49 49 49 49 49 49 55 55 55 55 55 55 55 55 55 55 55 55 55 55 55 55 55 55 56 56 56 56 56 56 56 56 57 57 58 58 58 58 60 60 61 61 61 61 61 61 62 62 62 62 62 62 62 62 62 62 62 62 64 64 64 64 64 68 68 68 68 68 68 69 69 69 69 
23 24 25 26 27 28 161 162 163 164 185 186 187 188 189 87 88 112 113 133 119 120 121 0 1 2 3 4 5 179 180 181 182 183 184 129 130 131 132 196 197 69 70 71 122 123 124 134 135 136 137 138 139 140 141 142 143 144 145 146 147 148 149 150 72 73 74 75 76 41 42 43 64 65 66 67 68 159 160 198 199 173 174 175 176 177 178 15 16 151 152 153 154 155 156 106 107 114 115 116 117 118 157 158 165 166 95 96 125 126 127 128 17 18 97 98 99 100 101 20 21 22 44 45 46 108 109 110 111 35 36 37 38 19 47 48 49 50 51 52 53 54 55 56 57 58 59 60 61 62 63 89 90 91 92 93 94 102 103 77 78 6 7 8 9 104 105 190 191 192 193 194 195 81 82 83 84 85 86 29 30 31 32 33 34 10 11 12 13 14 167 168 169 170 171 172 39 40 79 80 
433 433 433 433 433 433 217 217 217 217 631 631 631 631 631 374 374 721 721 427 568 568 568 433 433 433 433 433 433 526 526 526 526 526 526 720 720 720 720 547 547 987 987 987 665 665 665 418 418 418 418 418 418 418 418 418 418 418 418 418 418 418 418 418 794 794 794 794 794 987 987 987 794 794 794 794 794 852 852 543 543 749 749 749 749 749 749 374 374 878 878 878 878 878 878 426 426 254 254 254 254 254 694 694 453 453 426 426 466 466 466 466 721 721 254 254 254 254 254 568 568 568 665 665 665 466 466 466 466 720 720 720 720 427 418 418 418 418 418 418 418 418 418 418 418 418 418 418 418 418 418 878 878 878 878 878 878 694 694 852 852 217 217 217 217 453 453 572 572 572 572 572 572 749 749 749 749 749 749 526 526 526 526 526 526 631 631 631 631 631 572 572 572 572 572 572 547 547 543 543 
0 1 2 3 4 5 6 7 8 9 10 11 12 13 14 15 16 17 18 19 20 21 22 0 1 2 3 4 5 23 24 25 26 27 28 29 30 31 32 33 34 35 36 37 38 39 40 41 42 43 44 45 46 47 48 49 50 51 52 53 54 55 56 57 58 59 60 61 62 35 36 37 58 59 60 61 62 63 64 65 66 67 68 69 70 71 72 15 16 73 74 75 76 77 78 79 80 81 82 83 84 85 86 87 88 89 79 80 90 91 92 93 17 18 81 82 83 84 85 20 21 22 38 39 40 90 91 92 93 29 30 31 32 19 41 42 43 44 45 46 47 48 49 50 51 52 53 54 55 56 57 73 74 75 76 77 78 86 87 63 64 6 7 8 9 88 89 94 95 96 97 98 99 67 68 69 70 71 72 23 24 25 26 27 28 10 11 12 13 14 94 95 96 97 98 99 33 34 65 66 
56368
24
3 6 5 2 6 5 2 4 5 3 6 6 2 6 2 2 4 3 2 1 4 2 2 17 
25 4 27 23 61 40 43 4 4 25 37 20 36 38 39 36 44 18 40 15 20 12 14 26 
32 20 34 69 68 48 60 58 64 49 62 62 57 56 44 69 49 48 56 55 49 37 45 55 
987 433 794 547 572 254 453 217 631 665 749 526 852 878 426 543 466 568 694 427 720 374 721 418 
1 1 1 1 1 1 7 7 7 7 8 8 8 8 8 21 21 22 22 19 17 17 17 1 1 1 1 1 1 11 11 11 11 11 11 20 20 20 20 3 3 0 0 0 9 9 9 23 23 23 23 23 23 23 23 23 23 23 23 23 23 23 23 23 2 2 2 2 2 0 0 0 2 2 2 2 2 12 12 15 15 10 10 10 10 10 10 21 21 13 13 13 13 13 13 14 14 5 5 5 5 5 18 18 6 6 14 14 16 16 16 16 22 22 5 5 5 5 5 17 17 17 9 9 9 16 16 16 16 20 20 20 20 19 23 23 23 23 23 23 23 23 23 23 23 23 23 23 23 23 23 13 13 13 13 13 13 18 18 12 12 7 7 7 7 6 6 4 4 4 4 4 4 10 10 10 10 10 10 11 11 11 11 11 11 8 8 8 8 8 4 4 4 4 4 4 3 3 15 15 