116
100
2
4 4 4 4 4 4 4 4 4 7 7 7 7 8 9 9 9 9 9 12 12 12 12 13 13 15 15 15 15 15 15 15 16 16 16 16 17 17 17 17 17 19 19 19 19 21 21 21 21 21 21 21 21 21 22 22 23 23 23 23 23 24 24 24 24 26 26 26 26 26 27 27 27 27 27 27 30 30 31 32 32 33 33 33 33 33 35 35 35 35 35 36 36 36 36 37 37 37 37 37 38 38 38 38 42 42 42 42 43 43 43 43 43 43 43 43 47 47 47 47 50 51 51 53 53 53 54 54 54 55 55 55 55 55 55 55 55 55 55 55 55 55 55 55 55 57 57 57 57 59 59 59 59 59 63 63 63 63 63 63 63 63 63 63 63 63 63 63 63 63 63 63 63 64 64 64 64 64 64 64 65 65 66 66 66 66 66 66 66 66 66 66 66 66 66 66 67 67 70 70 
56 57 58 59 60 91 92 93 94 19 20 21 22 120 65 66 67 68 69 9 10 11 12 32 33 182 183 184 185 186 76 77 23 24 178 179 149 150 151 152 153 112 113 114 115 173 174 175 176 177 147 148 196 197 126 127 0 1 2 3 4 108 109 110 111 14 15 16 17 18 154 155 156 105 106 107 30 31 125 198 199 86 87 88 89 90 81 82 83 84 85 5 6 7 8 191 192 193 194 195 101 100 103 102 128 73 74 75 61 62 63 64 41 42 43 44 187 188 189 190 13 180 181 145 146 78 54 55 104 157 158 159 160 161 162 163 164 165 166 167 168 169 170 171 172 123 124 50 51 36 37 38 39 40 70 71 72 129 130 131 132 133 134 135 136 137 138 139 140 141 142 143 144 45 46 47 48 49 34 35 121 122 25 26 27 28 29 116 117 118 119 95 96 97 98 99 52 53 79 80 
758 758 758 758 758 318 318 318 318 575 575 575 575 236 852 852 852 852 852 575 575 575 575 543 543 297 297 297 297 297 637 637 543 543 611 611 701 701 701 701 701 160 160 160 160 576 576 576 576 576 490 490 418 418 510 510 758 758 758 758 758 286 286 286 286 852 852 852 852 852 332 332 332 437 437 437 637 637 521 977 977 232 232 232 232 232 232 232 232 232 232 318 318 318 318 951 951 951 951 951 680 680 680 680 298 437 437 437 286 286 286 286 160 160 160 160 517 517 517 517 236 667 667 538 538 521 510 510 298 844 844 844 844 844 844 844 844 844 844 844 844 844 844 844 844 538 538 490 490 701 701 701 701 701 332 332 332 844 844 844 844 844 844 844 844 844 844 844 844 844 844 844 844 576 576 576 576 576 611 611 667 667 297 297 297 297 297 517 517 517 517 951 951 951 951 951 418 418 977 977 
0 1 2 3 4 5 6 7 8 9 10 11 12 13 14 15 16 17 18 9 10 11 12 19 20 21 22 23 24 25 26 27 19 20 28 29 30 31 32 33 34 35 36 37 38 39 40 41 42 43 44 45 46 47 48 49 0 1 2 3 4 50 51 52 53 14 15 16 17 18 54 55 56 57 58 59 26 27 60 61 62 63 64 65 66 67 63 64 65 66 67 5 6 7 8 68 69 70 71 72 73 73 74 74 75 57 58 59 50 51 52 53 35 36 37 38 76 77 78 79 13 80 81 82 83 60 48 49 75 84 85 86 87 88 89 90 91 92 93 94 95 96 97 98 99 82 83 44 45 30 31 32 33 34 54 55 56 84 85 86 87 88 89 90 91 92 93 94 95 96 97 98 99 39 40 41 42 43 28 29 80 81 21 22 23 24 25 76 77 78 79 68 69 70 71 72 46 47 61 62 
58267
28
2 5 2 5 2 2 4 5 2 4 1 3 4 2 5 2 1 4 5 1 5 5 4 2 2 2 3 16 
53 9 13 15 22 38 24 21 51 7 8 27 47 21 4 16 31 19 17 42 33 37 4 21 15 32 27 55 
57 26 16 66 54 38 43 64 65 12 50 63 66 57 23 64 53 43 59 54 35 66 36 67 30 70 42 63 
538 852 543 297 510 680 286 576 667 575 236 332 517 490 758 611 521 160 701 298 232 951 318 418 637 977 437 844 
14 14 14 14 14 22 22 22 22 9 9 9 9 10 1 1 1 1 1 9 9 9 9 2 2 3 3 3 3 3 24 24 2 2 15 15 18 18 18 18 18 17 17 17 17 7 7 7 7 7 13 13 23 23 4 4 14 14 14 14 14 6 6 6 6 1 1 1 1 1 11 11 11 26 26 26 24 24 16 25 25 20 20 20 20 20 20 20 20 20 20 22 22 22 22 21 21 21 21 21 5 5 5 5 19 26 26 26 6 6 6 6 17 17 17 17 12 12 12 12 10 8 8 0 0 16 4 4 19 27 27 27 27 27 27 27 27 27 27 27 27 27 27 27 27 0 0 13 13 18 18 18 18 18 11 11 11 27 27 27 27 27 27 27 27 27 27 27 27 27 27 27 27 7 7 7 7 7 15 15 8 8 3 3 3 3 3 12 12 12 12 21 21 21 21 21 23 23 25 25 