84
100
2
2 2 2 2 2 4 4 5 5 6 6 6 6 6 6 8 8 8 8 8 10 10 10 10 14 15 15 15 15 17 17 18 18 19 19 19 20 20 20 20 22 23 23 23 23 23 23 23 23 23 23 23 23 23 24 24 24 24 24 25 25 25 25 25 25 25 25 25 25 25 25 25 25 25 25 25 25 28 28 28 28 28 28 28 28 28 28 28 31 31 31 31 31 31 31 31 31 34 34 34 34 34 34 34 35 37 37 37 37 39 40 40 41 41 41 41 41 41 41 41 42 42 42 42 42 42 43 43 43 44 44 44 44 45 45 45 45 45 45 45 45 45 45 45 46 46 46 46 46 46 46 46 47 47 47 48 48 48 48 51 55 55 55 55 56 56 56 56 56 60 60 60 65 65 66 66 66 66 66 66 66 66 66 66 66 66 66 66 66 66 66 66 67 67 67 67 67 67 67 67 
120 29 30 7 8 112 113 3 4 192 193 194 195 196 169 121 122 123 124 125 36 37 38 39 104 77 78 79 80 1 2 172 173 97 98 99 20 21 22 23 159 81 82 83 84 109 92 93 94 95 96 197 198 199 164 165 166 167 168 174 175 176 177 178 179 180 181 182 183 184 185 186 187 188 189 190 191 25 26 27 28 41 42 43 44 114 115 116 133 134 135 136 46 47 48 49 50 33 34 35 155 156 157 158 24 140 141 142 143 45 170 171 5 6 85 86 87 152 153 154 0 15 16 17 18 19 137 138 139 160 161 162 163 88 89 90 91 126 127 128 105 106 107 108 145 144 147 146 149 148 151 150 117 118 119 100 101 102 103 40 129 130 131 132 54 55 56 57 58 14 110 111 31 32 59 60 61 62 63 64 65 66 67 68 69 70 71 72 73 74 75 76 9 10 11 12 13 51 52 53 
984 189 189 273 273 532 532 273 273 565 565 565 565 565 707 344 344 344 344 344 797 797 797 797 671 876 876 876 876 189 189 336 336 642 642 642 797 797 797 797 954 536 536 536 536 684 208 208 208 208 208 404 404 404 774 774 774 774 774 214 214 214 214 214 214 214 214 214 214 214 214 214 214 214 214 214 214 876 876 876 876 536 536 536 536 162 162 162 642 642 642 642 208 208 208 208 208 642 642 642 885 885 885 885 671 894 894 894 894 684 949 949 532 532 162 162 162 540 540 540 984 344 344 344 344 344 266 266 266 677 677 677 677 642 642 642 642 266 266 266 894 894 894 894 181 181 181 181 181 181 181 181 540 540 540 885 885 885 885 954 677 677 677 677 774 774 774 774 774 707 949 949 336 336 214 214 214 214 214 214 214 214 214 214 214 214 214 214 214 214 214 214 565 565 565 565 565 404 404 404 
0 1 2 3 4 5 6 3 4 7 8 9 10 11 12 13 14 15 16 17 18 19 20 21 22 23 24 25 26 1 2 27 28 29 30 31 18 19 20 21 32 33 34 35 36 37 38 39 40 41 42 43 44 45 46 47 48 49 50 51 52 53 54 55 56 57 58 59 60 61 62 63 64 65 66 67 68 23 24 25 26 33 34 35 36 69 70 71 72 73 74 75 38 39 40 41 42 29 30 31 76 77 78 79 22 80 81 82 83 37 84 85 5 6 69 70 71 86 87 88 0 13 14 15 16 17 89 90 91 92 93 94 95 72 73 74 75 89 90 91 80 81 82 83 96 96 97 97 98 98 99 99 86 87 88 76 77 78 79 32 92 93 94 95 46 47 48 49 50 12 84 85 27 28 51 52 53 54 55 56 57 58 59 60 61 62 63 64 65 66 67 68 7 8 9 10 11 43 44 45 
49859
28
4 2 4 4 2 1 3 3 1 4 5 4 2 3 5 1 1 4 4 5 3 1 4 5 2 3 2 18 
10 18 31 15 4 2 19 43 14 44 6 23 2 28 8 23 22 37 34 23 23 6 46 24 2 41 40 25 
20 65 45 28 41 42 34 45 35 55 67 28 17 41 42 39 51 45 48 31 67 60 46 56 5 47 60 66 
797 336 642 876 532 984 642 266 671 677 565 536 189 162 344 684 954 894 885 208 404 707 181 774 273 540 949 214 
5 12 12 24 24 4 4 24 24 10 10 10 10 10 21 14 14 14 14 14 0 0 0 0 8 3 3 3 3 12 12 1 1 6 6 6 0 0 0 0 16 11 11 11 11 15 19 19 19 19 19 20 20 20 23 23 23 23 23 27 27 27 27 27 27 27 27 27 27 27 27 27 27 27 27 27 27 3 3 3 3 11 11 11 11 13 13 13 2 2 2 2 19 19 19 19 19 6 6 6 18 18 18 18 8 17 17 17 17 15 26 26 4 4 13 13 13 25 25 25 5 14 14 14 14 14 7 7 7 9 9 9 9 2 2 2 2 7 7 7 17 17 17 17 22 22 22 22 22 22 22 22 25 25 25 18 18 18 18 16 9 9 9 9 23 23 23 23 23 21 26 26 1 1 27 27 27 27 27 27 27 27 27 27 27 27 27 27 27 27 27 27 10 10 10 10 10 20 20 20 