153
100
2
3 3 3 3 3 3 3 3 3 3 4 4 4 7 7 7 7 7 8 8 8 8 8 8 8 8 8 8 9 9 9 11 11 11 11 11 12 12 12 12 12 12 12 13 13 13 13 13 13 15 15 15 15 15 15 15 17 17 17 18 18 19 19 19 19 19 19 19 19 20 20 20 20 24 24 24 24 24 24 24 24 24 24 25 25 25 29 29 29 29 31 31 31 31 31 31 31 31 31 32 32 32 32 32 32 32 32 32 33 34 34 37 38 38 38 39 39 39 39 40 40 40 40 40 40 42 42 42 42 42 44 44 44 44 44 45 45 45 45 45 45 45 45 45 45 45 45 45 45 45 45 45 45 45 46 46 46 46 47 47 47 47 49 49 49 49 55 55 55 55 55 55 55 55 55 55 55 55 55 55 55 55 55 55 60 60 60 60 66 66 66 66 67 67 67 67 70 70 70 70 
95 96 97 98 63 64 65 66 67 68 28 29 30 130 131 132 133 134 115 116 117 118 119 120 121 122 123 124 10 11 12 99 100 101 102 103 49 50 51 52 53 54 55 77 78 79 80 81 82 36 37 38 39 40 41 42 166 167 168 61 62 59 60 4 5 6 7 8 9 135 136 137 138 192 193 194 195 43 44 45 46 47 48 127 128 129 184 185 186 187 108 188 189 190 191 0 1 2 3 31 32 33 34 35 154 155 156 157 90 125 126 162 163 164 165 18 19 20 21 22 23 24 25 26 27 109 110 83 84 85 13 14 15 16 17 69 70 71 72 169 170 171 172 173 174 175 176 177 178 179 180 181 182 183 104 105 106 107 196 197 198 199 111 112 113 114 56 57 58 139 140 141 142 143 144 145 146 147 148 149 150 151 152 153 86 87 88 89 91 92 93 94 73 74 75 76 158 159 160 161 
161 161 161 161 336 336 336 336 336 336 173 173 173 919 919 919 919 919 816 816 816 816 548 548 548 548 548 548 173 173 173 388 388 388 388 388 495 495 495 495 495 495 495 558 558 558 558 558 558 495 495 495 495 495 495 495 714 714 714 677 677 677 677 336 336 336 336 336 336 660 660 660 660 540 540 540 540 558 558 558 558 558 558 982 982 982 525 525 525 525 509 893 893 893 893 161 161 161 161 388 388 388 388 388 801 801 801 801 509 594 594 901 926 926 926 816 816 816 816 548 548 548 548 548 548 594 594 982 982 982 919 919 919 919 919 660 660 660 660 960 960 960 960 960 960 960 960 960 960 960 960 960 960 960 801 801 801 801 641 641 641 641 901 926 926 926 714 714 714 960 960 960 960 960 960 960 960 960 960 960 960 960 960 960 525 525 525 525 893 893 893 893 540 540 540 540 641 641 641 641 
0 1 2 3 4 5 6 7 8 9 10 11 12 13 14 15 16 17 18 19 20 21 22 23 24 25 26 27 10 11 12 28 29 30 31 32 33 34 35 36 37 38 39 40 41 42 43 44 45 33 34 35 36 37 38 39 46 47 48 49 50 49 50 4 5 6 7 8 9 51 52 53 54 55 56 57 58 40 41 42 43 44 45 59 60 61 62 63 64 65 66 67 68 69 70 0 1 2 3 28 29 30 31 32 71 72 73 74 66 75 76 77 78 79 80 18 19 20 21 22 23 24 25 26 27 75 76 59 60 61 13 14 15 16 17 51 52 53 54 81 82 83 84 85 86 87 88 89 90 91 92 93 94 95 71 72 73 74 96 97 98 99 77 78 79 80 46 47 48 81 82 83 84 85 86 87 88 89 90 91 92 93 94 95 62 63 64 65 67 68 69 70 55 56 57 58 96 97 98 99 
65537
23
4 1 4 4 5 6 3 4 2 4 1 4 3 2 4 4 6 5 3 7 3 6 15 
29 31 8 31 11 8 17 47 34 20 37 24 38 18 32 3 3 7 25 12 4 13 45 
60 33 39 66 32 40 55 70 42 45 49 67 49 19 46 31 19 44 42 15 9 24 55 
525 509 816 893 388 548 714 641 594 660 901 540 926 677 801 161 336 919 982 495 173 558 960 
15 15 15 15 16 16 16 16 16 16 20 20 20 17 17 17 17 17 2 2 2 2 5 5 5 5 5 5 20 20 20 4 4 4 4 4 19 19 19 19 19 19 19 21 21 21 21 21 21 19 19 19 19 19 19 19 6 6 6 13 13 13 13 16 16 16 16 16 16 9 9 9 9 11 11 11 11 21 21 21 21 21 21 18 18 18 0 0 0 0 1 3 3 3 3 15 15 15 15 4 4 4 4 4 14 14 14 14 1 8 8 10 12 12 12 2 2 2 2 5 5 5 5 5 5 8 8 18 18 18 17 17 17 17 17 9 9 9 9 22 22 22 22 22 22 22 22 22 22 22 22 22 22 22 14 14 14 14 7 7 7 7 10 12 12 12 6 6 6 22 22 22 22 22 22 22 22 22 22 22 22 22 22 22 0 0 0 0 3 3 3 3 11 11 11 11 7 7 7 7 