99
100
2
4 4 4 5 5 5 5 5 5 5 5 8 8 8 8 8 8 8 8 8 8 8 15 15 15 15 15 15 15 16 16 16 16 19 19 19 19 19 19 19 19 19 19 21 21 21 21 21 21 21 21 21 21 21 21 21 21 21 26 26 26 26 26 26 26 26 26 26 26 26 26 26 26 26 26 26 26 26 26 26 26 29 29 29 29 29 29 29 29 29 29 29 29 29 29 29 31 31 31 31 31 37 37 37 37 37 37 37 37 38 38 38 38 38 38 38 38 38 42 42 42 42 42 42 42 42 42 42 44 44 44 44 44 44 44 45 45 45 45 45 45 45 45 45 45 45 45 45 45 45 45 45 45 48 48 48 48 48 48 48 48 48 49 49 49 49 49 49 49 49 50 50 50 52 52 52 54 54 54 55 55 55 59 59 59 59 59 59 59 59 66 66 66 66 66 66 66 66 66 66 
170 171 172 135 136 137 138 139 140 141 142 128 129 130 131 132 133 134 29 30 31 32 81 82 83 84 85 86 87 18 19 20 21 118 119 120 121 122 123 124 125 126 127 66 67 68 69 70 71 72 73 74 75 76 77 78 79 80 162 163 164 165 166 167 168 169 43 44 45 46 47 48 49 50 51 52 53 54 55 56 57 22 23 24 25 26 27 28 96 97 98 99 100 173 174 175 88 89 90 91 92 182 183 184 185 186 187 188 189 153 154 155 156 157 158 159 160 161 33 34 35 36 37 38 39 40 41 42 11 12 13 14 15 16 17 3 4 5 6 7 8 9 10 190 191 192 193 194 195 196 197 198 199 109 110 111 112 113 114 115 116 117 58 59 60 61 62 63 64 65 0 1 2 93 94 95 179 180 181 176 177 178 101 102 103 104 105 106 107 108 143 144 145 146 147 148 149 150 151 152 
368 368 368 629 629 629 629 629 629 629 629 503 503 503 503 503 503 503 283 283 283 283 977 977 977 977 977 977 977 283 283 283 283 292 292 292 292 292 292 292 292 292 292 682 682 682 682 682 682 682 682 682 682 682 682 682 682 682 886 886 886 886 886 886 886 886 682 682 682 682 682 682 682 682 682 682 682 682 682 682 682 977 977 977 977 977 977 977 998 998 998 998 998 211 211 211 998 998 998 998 998 206 206 206 206 206 206 206 206 300 300 300 300 300 300 300 300 300 292 292 292 292 292 292 292 292 292 292 503 503 503 503 503 503 503 629 629 629 629 629 629 629 629 758 758 758 758 758 758 758 758 758 758 300 300 300 300 300 300 300 300 300 886 886 886 886 886 886 886 886 368 368 368 211 211 211 918 918 918 918 918 918 206 206 206 206 206 206 206 206 758 758 758 758 758 758 758 758 758 758 
0 1 2 3 4 5 6 7 8 9 10 11 12 13 14 15 16 17 18 19 20 21 22 23 24 25 26 27 28 18 19 20 21 29 30 31 32 33 34 35 36 37 38 39 40 41 42 43 44 45 46 47 48 49 50 51 52 53 54 55 56 57 58 59 60 61 39 40 41 42 43 44 45 46 47 48 49 50 51 52 53 22 23 24 25 26 27 28 62 63 64 65 66 67 68 69 62 63 64 65 66 70 71 72 73 74 75 76 77 78 79 80 81 82 83 84 85 86 29 30 31 32 33 34 35 36 37 38 11 12 13 14 15 16 17 3 4 5 6 7 8 9 10 87 88 89 90 91 92 93 94 95 96 78 79 80 81 82 83 84 85 86 54 55 56 57 58 59 60 61 0 1 2 67 68 69 97 98 99 97 98 99 70 71 72 73 74 75 76 77 87 88 89 90 91 92 93 94 95 96 
58171
14
8 7 8 5 3 7 3 3 4 8 10 9 10 15 
37 15 26 29 29 8 54 4 8 5 45 38 19 21 
59 29 49 31 52 44 55 50 16 45 66 48 42 26 
206 977 886 998 211 503 918 368 283 629 758 300 292 682 
7 7 7 9 9 9 9 9 9 9 9 5 5 5 5 5 5 5 8 8 8 8 1 1 1 1 1 1 1 8 8 8 8 12 12 12 12 12 12 12 12 12 12 13 13 13 13 13 13 13 13 13 13 13 13 13 13 13 2 2 2 2 2 2 2 2 13 13 13 13 13 13 13 13 13 13 13 13 13 13 13 1 1 1 1 1 1 1 3 3 3 3 3 4 4 4 3 3 3 3 3 0 0 0 0 0 0 0 0 11 11 11 11 11 11 11 11 11 12 12 12 12 12 12 12 12 12 12 5 5 5 5 5 5 5 9 9 9 9 9 9 9 9 10 10 10 10 10 10 10 10 10 10 11 11 11 11 11 11 11 11 11 2 2 2 2 2 2 2 2 7 7 7 4 4 4 6 6 6 6 6 6 0 0 0 0 0 0 0 0 10 10 10 10 10 10 10 10 10 10 