49
100
2
2 2 2 2 2 2 2 2 2 4 4 4 4 4 4 4 4 4 4 4 7 7 7 7 7 7 9 9 9 9 9 9 9 9 9 9 9 9 11 11 11 11 11 11 18 18 18 18 18 20 20 20 20 20 20 20 21 25 25 25 25 25 25 25 25 28 28 28 29 29 30 30 30 30 30 30 30 30 32 32 32 32 32 32 32 32 32 32 32 32 32 32 32 32 32 32 32 32 32 32 32 32 32 33 33 33 33 33 35 36 36 36 37 37 37 37 37 37 37 41 41 41 41 41 41 41 49 49 49 49 49 49 49 49 50 50 51 51 51 51 51 51 56 56 56 56 56 56 56 56 59 59 59 59 59 59 59 59 59 60 60 60 60 65 67 67 67 67 67 67 67 67 67 67 67 67 67 67 67 68 68 68 68 68 68 68 69 69 69 69 69 69 69 70 70 70 70 70 70 70 
20 21 22 23 24 25 65 66 67 44 45 46 47 186 187 188 189 190 191 192 0 1 2 3 4 5 38 39 40 41 42 43 136 137 138 139 140 141 26 27 28 29 30 31 9 10 11 12 163 179 180 181 182 183 184 185 108 126 127 128 129 130 131 132 133 6 7 8 134 135 142 143 144 145 146 147 148 149 79 78 81 80 83 82 159 160 161 162 164 165 166 167 168 169 170 171 172 173 174 175 176 177 178 150 151 152 153 154 56 119 120 121 193 194 195 196 197 198 199 109 110 111 155 156 157 158 57 58 59 60 61 62 63 64 68 69 32 33 34 35 36 37 70 71 72 73 74 75 76 77 103 104 105 106 107 122 123 124 125 84 85 86 87 48 88 89 90 91 92 93 94 95 96 97 98 99 100 101 102 49 50 51 52 53 54 55 13 14 15 16 17 18 19 112 113 114 115 116 117 118 
934 934 934 934 934 934 215 215 215 343 343 343 343 911 911 911 911 911 911 911 934 934 934 934 934 934 208 208 208 208 208 208 158 158 158 158 158 158 208 208 208 208 208 208 343 343 343 343 351 999 999 999 999 999 999 999 236 938 938 938 938 938 938 938 938 215 215 215 449 449 526 526 526 526 526 526 526 526 244 244 244 244 244 244 567 567 567 567 153 153 153 153 153 153 153 153 153 153 153 153 153 153 153 539 539 539 539 539 236 464 464 464 555 555 555 555 555 555 555 464 464 464 858 858 858 858 938 938 938 938 938 938 938 938 449 449 158 158 158 158 158 158 526 526 526 526 526 526 526 526 539 539 539 539 539 858 858 858 858 567 567 567 567 351 153 153 153 153 153 153 153 153 153 153 153 153 153 153 153 999 999 999 999 999 999 999 911 911 911 911 911 911 911 555 555 555 555 555 555 555 
0 1 2 3 4 5 6 7 8 9 10 11 12 13 14 15 16 17 18 19 0 1 2 3 4 5 20 21 22 23 24 25 26 27 28 29 30 31 20 21 22 23 24 25 9 10 11 12 32 33 34 35 36 37 38 39 40 41 42 43 44 45 46 47 48 6 7 8 49 50 51 52 53 54 55 56 57 58 59 59 60 60 61 61 62 63 64 65 66 67 68 69 70 71 72 73 74 75 76 77 78 79 80 81 82 83 84 85 40 86 87 88 89 90 91 92 93 94 95 86 87 88 96 97 98 99 41 42 43 44 45 46 47 48 49 50 26 27 28 29 30 31 51 52 53 54 55 56 57 58 81 82 83 84 85 96 97 98 99 62 63 64 65 32 66 67 68 69 70 71 72 73 74 75 76 77 78 79 80 33 34 35 36 37 38 39 13 14 15 16 17 18 19 89 90 91 92 93 94 95 
53083
19
3 4 1 6 3 7 5 1 6 8 8 2 6 7 4 4 3 7 15 
36 4 18 9 32 37 33 21 9 30 25 29 2 20 32 41 2 4 32 
41 18 65 11 32 70 59 35 51 56 49 50 7 68 60 59 28 69 67 
464 343 351 208 244 555 539 236 158 526 938 449 934 999 567 858 215 911 153 
12 12 12 12 12 12 16 16 16 1 1 1 1 17 17 17 17 17 17 17 12 12 12 12 12 12 3 3 3 3 3 3 8 8 8 8 8 8 3 3 3 3 3 3 1 1 1 1 2 13 13 13 13 13 13 13 7 10 10 10 10 10 10 10 10 16 16 16 11 11 9 9 9 9 9 9 9 9 4 4 4 4 4 4 14 14 14 14 18 18 18 18 18 18 18 18 18 18 18 18 18 18 18 6 6 6 6 6 7 0 0 0 5 5 5 5 5 5 5 0 0 0 15 15 15 15 10 10 10 10 10 10 10 10 11 11 8 8 8 8 8 8 9 9 9 9 9 9 9 9 6 6 6 6 6 15 15 15 15 14 14 14 14 2 18 18 18 18 18 18 18 18 18 18 18 18 18 18 18 13 13 13 13 13 13 13 17 17 17 17 17 17 17 5 5 5 5 5 5 5 