908
100
2
1 1 1 1 1 1 1 1 1 1 1 1 1 1 1 5 5 5 5 5 5 5 5 5 5 8 8 8 8 9 9 9 9 9 9 9 9 9 9 9 11 11 11 11 11 11 11 11 11 11 11 11 11 11 11 11 11 11 11 11 12 12 12 12 12 12 12 12 12 12 12 12 21 21 21 21 21 21 21 21 21 21 21 21 21 21 21 23 23 23 23 23 23 23 23 23 25 25 25 25 25 25 25 25 25 25 28 28 28 28 28 28 28 28 28 28 28 28 31 31 31 31 40 40 40 40 40 40 40 40 40 40 40 40 40 40 40 40 40 40 40 41 41 41 41 41 41 41 41 41 41 41 41 41 41 41 56 56 56 56 56 56 56 56 56 56 56 57 57 57 57 57 57 57 57 57 59 59 59 59 59 67 67 67 67 68 68 68 68 68 68 68 68 68 68 68 68 68 68 68 
185 186 187 188 189 190 191 192 193 194 195 196 197 198 199 96 97 98 99 100 101 102 103 104 105 122 123 124 125 156 157 158 159 160 161 162 163 164 165 166 141 142 143 144 145 146 147 148 149 150 151 152 153 154 155 176 177 178 179 180 106 107 108 109 110 111 112 113 114 115 116 117 126 127 128 129 130 131 132 133 134 135 136 137 138 139 140 167 168 169 170 171 172 173 174 175 15 16 17 18 19 20 21 22 23 24 60 61 62 63 64 65 66 67 68 69 70 71 181 182 183 184 25 26 27 28 72 73 74 75 76 77 78 79 80 81 82 83 84 85 86 40 41 42 43 44 45 46 47 48 49 50 51 52 53 54 29 30 31 32 33 34 35 36 37 38 39 87 88 89 90 91 92 93 94 95 55 56 57 58 59 118 119 120 121 0 1 2 3 4 5 6 7 8 9 10 11 12 13 14 
646 646 646 646 646 646 646 646 646 646 646 646 646 646 646 792 792 792 792 792 792 792 792 792 792 582 582 582 582 915 915 915 915 915 915 915 915 915 915 915 282 282 282 282 282 282 282 282 282 282 282 282 282 282 282 520 520 520 520 520 443 443 443 443 443 443 443 443 443 443 443 443 500 500 500 500 500 500 500 500 500 500 500 500 500 500 500 530 530 530 530 530 530 530 530 530 792 792 792 792 792 792 792 792 792 792 443 443 443 443 443 443 443 443 443 443 443 443 803 803 803 803 582 582 582 582 500 500 500 500 500 500 500 500 500 500 500 500 500 500 500 282 282 282 282 282 282 282 282 282 282 282 282 282 282 282 915 915 915 915 915 915 915 915 915 915 915 530 530 530 530 530 530 530 530 530 520 520 520 520 520 803 803 803 803 646 646 646 646 646 646 646 646 646 646 646 646 646 646 646 
0 1 2 3 4 5 6 7 8 9 10 11 12 13 14 15 16 17 18 19 20 21 22 23 24 25 26 27 28 29 30 31 32 33 34 35 36 37 38 39 40 41 42 43 44 45 46 47 48 49 50 51 52 53 54 55 56 57 58 59 60 61 62 63 64 65 66 67 68 69 70 71 72 73 74 75 76 77 78 79 80 81 82 83 84 85 86 87 88 89 90 91 92 93 94 95 15 16 17 18 19 20 21 22 23 24 60 61 62 63 64 65 66 67 68 69 70 71 96 97 98 99 25 26 27 28 72 73 74 75 76 77 78 79 80 81 82 83 84 85 86 40 41 42 43 44 45 46 47 48 49 50 51 52 53 54 29 30 31 32 33 34 35 36 37 38 39 87 88 89 90 91 92 93 94 95 55 56 57 58 59 96 97 98 99 0 1 2 3 4 5 6 7 8 9 10 11 12 13 14 
57631
10
4 12 15 4 5 10 15 15 11 9 
8 12 11 31 11 5 1 21 9 23 
40 28 41 67 59 25 68 40 56 57 
582 443 282 803 520 792 646 500 915 530 
6 6 6 6 6 6 6 6 6 6 6 6 6 6 6 5 5 5 5 5 5 5 5 5 5 0 0 0 0 8 8 8 8 8 8 8 8 8 8 8 2 2 2 2 2 2 2 2 2 2 2 2 2 2 2 4 4 4 4 4 1 1 1 1 1 1 1 1 1 1 1 1 7 7 7 7 7 7 7 7 7 7 7 7 7 7 7 9 9 9 9 9 9 9 9 9 5 5 5 5 5 5 5 5 5 5 1 1 1 1 1 1 1 1 1 1 1 1 3 3 3 3 0 0 0 0 7 7 7 7 7 7 7 7 7 7 7 7 7 7 7 2 2 2 2 2 2 2 2 2 2 2 2 2 2 2 8 8 8 8 8 8 8 8 8 8 8 9 9 9 9 9 9 9 9 9 4 4 4 4 4 3 3 3 3 6 6 6 6 6 6 6 6 6 6 6 6 6 6 6 