987
100
2
2 2 2 9 9 9 9 9 9 9 9 18 18 18 18 18 18 20 20 20 20 20 20 20 20 21 21 21 21 21 21 21 21 21 21 21 21 21 23 24 24 24 24 24 24 24 24 25 25 25 26 26 26 26 26 26 26 26 28 28 28 28 32 32 32 32 32 32 32 34 34 34 34 34 34 34 34 34 37 37 37 37 39 39 39 39 39 39 39 39 40 40 41 41 41 41 41 41 43 43 48 48 48 48 48 48 48 48 48 49 49 49 49 49 49 49 49 49 52 52 52 52 52 52 52 52 52 53 53 53 53 53 53 53 53 53 53 53 53 53 53 53 53 53 54 54 54 54 54 54 54 54 55 55 55 55 55 55 55 59 59 59 59 59 59 59 66 66 66 66 66 66 66 66 66 66 66 66 66 66 68 68 68 68 68 68 68 69 69 69 69 69 69 69 69 69 69 69 69 69 
47 48 49 136 137 138 139 140 141 142 143 187 188 189 190 191 192 144 145 146 147 148 149 150 151 92 93 94 95 96 97 152 153 154 155 156 157 158 117 109 110 111 112 113 114 115 116 0 1 2 82 83 84 85 86 87 88 89 78 79 80 81 180 181 182 183 184 185 186 127 128 129 130 131 132 133 134 135 58 59 60 61 50 51 52 53 54 55 56 57 98 99 25 26 27 28 29 30 90 91 118 119 120 121 122 123 124 125 126 39 40 41 42 43 44 45 46 38 100 101 102 103 104 105 106 107 108 69 70 71 72 73 74 75 76 77 3 4 5 6 7 8 9 10 17 18 19 20 21 22 23 24 31 32 33 34 35 36 37 166 167 168 169 170 171 172 159 160 161 162 163 164 165 193 194 195 196 197 198 199 62 63 64 65 66 67 68 11 12 13 14 15 16 173 174 175 176 177 178 179 
549 549 549 986 986 986 986 986 986 986 986 983 983 983 983 983 983 386 386 386 386 386 386 386 386 549 549 549 549 549 549 995 995 995 995 995 995 995 662 491 491 491 491 491 491 491 491 549 549 549 302 302 302 302 302 302 302 302 920 920 920 920 518 518 518 518 518 518 518 400 400 400 400 400 400 400 400 400 920 920 920 920 302 302 302 302 302 302 302 302 188 188 549 549 549 549 549 549 188 188 316 316 316 316 316 316 316 316 316 491 491 491 491 491 491 491 491 662 316 316 316 316 316 316 316 316 316 400 400 400 400 400 400 400 400 400 986 986 986 986 986 986 986 986 386 386 386 386 386 386 386 386 995 995 995 995 995 995 995 645 645 645 645 645 645 645 645 645 645 645 645 645 645 660 660 660 660 660 660 660 518 518 518 518 518 518 518 983 983 983 983 983 983 660 660 660 660 660 660 660 
0 1 2 3 4 5 6 7 8 9 10 11 12 13 14 15 16 17 18 19 20 21 22 23 24 25 26 27 28 29 30 31 32 33 34 35 36 37 38 39 40 41 42 43 44 45 46 0 1 2 47 48 49 50 51 52 53 54 55 56 57 58 59 60 61 62 63 64 65 66 67 68 69 70 71 72 73 74 55 56 57 58 47 48 49 50 51 52 53 54 75 76 25 26 27 28 29 30 75 76 77 78 79 80 81 82 83 84 85 39 40 41 42 43 44 45 46 38 77 78 79 80 81 82 83 84 85 66 67 68 69 70 71 72 73 74 3 4 5 6 7 8 9 10 17 18 19 20 21 22 23 24 31 32 33 34 35 36 37 86 87 88 89 90 91 92 86 87 88 89 90 91 92 93 94 95 96 97 98 99 59 60 61 62 63 64 65 11 12 13 14 15 16 93 94 95 96 97 98 99 
59047
16
9 7 8 9 6 1 8 6 7 7 3 8 4 2 7 8 
48 32 24 34 18 23 20 21 59 66 2 9 28 40 21 26 
52 68 49 53 69 49 54 41 66 69 25 53 37 43 55 39 
316 518 491 400 983 662 386 549 645 660 549 986 920 188 995 302 
10 10 10 11 11 11 11 11 11 11 11 4 4 4 4 4 4 6 6 6 6 6 6 6 6 7 7 7 7 7 7 14 14 14 14 14 14 14 5 2 2 2 2 2 2 2 2 10 10 10 15 15 15 15 15 15 15 15 12 12 12 12 1 1 1 1 1 1 1 3 3 3 3 3 3 3 3 3 12 12 12 12 15 15 15 15 15 15 15 15 13 13 7 7 7 7 7 7 13 13 0 0 0 0 0 0 0 0 0 2 2 2 2 2 2 2 2 5 0 0 0 0 0 0 0 0 0 3 3 3 3 3 3 3 3 3 11 11 11 11 11 11 11 11 6 6 6 6 6 6 6 6 14 14 14 14 14 14 14 8 8 8 8 8 8 8 8 8 8 8 8 8 8 9 9 9 9 9 9 9 1 1 1 1 1 1 1 4 4 4 4 4 4 9 9 9 9 9 9 9 