301
100
2
1 1 1 1 1 4 4 4 6 8 9 9 9 9 9 9 9 11 11 11 11 11 11 11 12 12 12 12 12 12 12 12 12 12 12 12 12 12 12 12 12 12 12 12 12 12 12 12 12 12 13 13 13 13 13 13 13 14 14 14 14 14 15 15 15 15 15 15 15 15 15 15 15 15 15 15 15 15 15 15 15 15 17 18 18 18 18 18 18 18 18 18 18 19 19 19 19 19 19 19 21 21 22 22 22 22 22 22 25 25 25 28 28 28 28 28 28 28 29 29 29 32 32 32 32 41 41 41 41 41 41 42 42 42 42 42 42 42 42 42 42 42 42 42 42 42 42 42 42 43 43 43 43 43 43 43 43 43 43 43 47 49 49 50 52 52 52 52 53 53 54 54 54 54 59 59 59 59 59 59 59 60 60 60 61 61 61 64 64 64 64 65 66 66 66 66 66 66 66 66 
149 150 151 152 153 184 185 186 9 8 24 25 26 27 28 29 30 174 175 176 177 178 179 180 10 11 12 13 14 15 16 57 58 59 60 61 68 69 70 71 72 73 74 75 76 77 78 79 80 81 111 112 113 114 115 116 117 31 32 33 34 35 84 85 86 87 88 89 36 37 38 39 40 41 42 43 44 45 46 47 48 49 160 163 62 63 64 65 66 67 181 182 183 191 131 132 133 134 135 136 168 169 137 138 139 140 161 162 118 119 120 50 51 52 53 54 55 56 108 109 110 196 197 198 199 154 155 156 157 158 159 94 95 96 97 98 99 102 103 104 105 187 188 189 190 170 171 172 173 0 1 2 3 4 125 126 127 128 129 130 82 106 107 83 192 193 194 195 100 101 145 146 147 148 17 18 19 20 21 22 23 90 91 92 5 6 7 141 142 143 144 93 164 165 166 167 121 122 123 124 
289 289 289 289 289 167 167 167 566 566 803 803 803 803 803 803 803 587 587 587 587 587 587 587 803 803 803 803 803 803 803 290 290 290 290 290 164 164 164 164 164 164 164 164 164 164 164 164 164 164 201 201 201 201 201 201 201 290 290 290 290 290 774 774 774 774 774 774 164 164 164 164 164 164 164 164 164 164 164 164 164 164 989 637 774 774 774 774 774 774 903 903 903 357 901 901 901 901 901 901 962 962 810 810 810 810 625 625 840 840 840 201 201 201 201 201 201 201 840 840 840 577 577 577 577 366 366 366 366 366 366 901 901 901 901 901 901 810 810 810 810 192 192 192 192 551 551 551 551 289 289 289 289 289 366 366 366 366 366 366 989 625 625 637 466 466 466 466 962 962 551 551 551 551 587 587 587 587 587 587 587 903 903 903 167 167 167 192 192 192 192 357 466 466 466 466 577 577 577 577 
0 1 2 3 4 5 6 7 8 8 9 10 11 12 13 14 15 16 17 18 19 20 21 22 9 10 11 12 13 14 15 23 24 25 26 27 28 29 30 31 32 33 34 35 36 37 38 39 40 41 42 43 44 45 46 47 48 23 24 25 26 27 49 50 51 52 53 54 28 29 30 31 32 33 34 35 36 37 38 39 40 41 55 56 49 50 51 52 53 54 57 58 59 60 61 62 63 64 65 66 67 68 69 70 71 72 73 74 75 76 77 42 43 44 45 46 47 48 75 76 77 78 79 80 81 82 83 84 85 86 87 61 62 63 64 65 66 69 70 71 72 88 89 90 91 92 93 94 95 0 1 2 3 4 82 83 84 85 86 87 55 73 74 56 96 97 98 99 67 68 92 93 94 95 16 17 18 19 20 21 22 57 58 59 5 6 7 88 89 90 91 60 96 97 98 99 78 79 80 81 
50411
23
7 5 1 1 3 6 1 7 3 6 2 3 7 4 5 4 1 6 4 4 2 4 14 
9 12 19 18 4 19 6 13 25 15 21 18 11 52 1 22 17 41 32 42 22 42 12 
12 14 65 50 61 42 8 28 29 18 53 60 59 66 43 42 47 43 66 64 49 54 15 
803 290 357 637 167 901 566 201 840 774 962 903 587 466 289 810 989 366 577 192 625 551 164 
14 14 14 14 14 4 4 4 6 6 0 0 0 0 0 0 0 12 12 12 12 12 12 12 0 0 0 0 0 0 0 1 1 1 1 1 22 22 22 22 22 22 22 22 22 22 22 22 22 22 7 7 7 7 7 7 7 1 1 1 1 1 9 9 9 9 9 9 22 22 22 22 22 22 22 22 22 22 22 22 22 22 16 3 9 9 9 9 9 9 11 11 11 2 5 5 5 5 5 5 10 10 15 15 15 15 20 20 8 8 8 7 7 7 7 7 7 7 8 8 8 18 18 18 18 17 17 17 17 17 17 5 5 5 5 5 5 15 15 15 15 19 19 19 19 21 21 21 21 14 14 14 14 14 17 17 17 17 17 17 16 20 20 3 13 13 13 13 10 10 21 21 21 21 12 12 12 12 12 12 12 11 11 11 4 4 4 19 19 19 19 2 13 13 13 13 18 18 18 18 