470
100
2
1 1 1 1 3 3 3 6 6 6 6 9 9 9 9 9 9 9 9 10 10 10 10 10 10 10 10 11 12 13 13 13 13 13 13 16 16 16 16 16 16 17 17 17 18 20 20 20 20 20 20 20 20 20 20 20 20 20 20 20 20 20 22 23 23 23 23 23 23 23 23 24 24 24 24 24 24 24 26 28 28 29 29 30 30 30 30 30 30 30 30 30 30 30 30 30 30 36 37 37 37 37 37 37 38 38 38 39 39 39 40 40 40 44 44 44 44 44 48 48 49 49 49 49 49 49 49 49 49 49 49 49 49 49 49 49 49 49 49 49 49 51 51 51 52 52 52 52 52 52 52 52 52 53 53 53 53 53 53 53 53 53 54 54 54 54 54 54 54 55 55 55 55 55 57 57 57 57 57 57 57 57 57 57 57 59 59 59 62 62 62 63 64 66 66 66 68 68 68 68 
7 8 9 10 19 20 21 0 1 2 3 181 182 183 184 149 150 151 152 4 5 6 35 36 37 38 39 143 97 98 99 100 101 102 103 22 23 24 25 26 190 193 194 195 78 124 125 126 127 128 129 130 131 132 133 134 135 136 137 138 139 140 119 169 170 171 172 173 166 167 168 144 145 146 147 148 164 165 44 162 163 122 123 176 177 178 179 180 113 114 115 116 157 158 159 160 161 28 29 30 31 32 33 34 110 111 112 185 186 187 104 105 106 88 89 90 91 118 117 62 188 189 81 82 45 46 47 48 49 50 51 52 53 54 55 56 57 58 59 60 61 174 175 27 71 72 73 74 75 15 16 17 18 196 197 198 199 92 93 94 95 96 79 80 76 77 68 69 70 63 64 65 66 67 141 142 83 84 85 86 87 11 12 13 14 107 108 109 120 121 40 192 191 41 42 43 153 154 155 156 
810 810 810 810 334 334 334 810 810 810 810 633 633 633 633 394 394 394 394 334 334 334 947 947 947 947 947 176 946 323 323 323 323 323 323 947 947 947 947 947 242 512 512 512 892 470 470 470 470 470 470 470 470 470 470 470 470 470 470 470 470 470 966 230 230 230 230 230 629 629 629 602 602 602 602 602 213 213 892 353 353 661 661 310 310 310 310 310 650 650 650 650 462 462 462 462 462 946 323 323 323 323 323 323 680 680 680 931 931 931 680 680 680 650 650 650 650 616 616 966 364 364 661 661 470 470 470 470 470 470 470 470 470 470 470 470 470 470 470 470 470 217 217 176 602 602 602 602 602 394 394 394 394 639 639 639 639 462 462 462 462 462 353 353 213 213 629 629 629 230 230 230 230 230 217 217 310 310 310 310 310 633 633 633 633 931 931 931 364 364 242 732 732 512 512 512 639 639 639 639 
0 1 2 3 4 5 6 0 1 2 3 7 8 9 10 11 12 13 14 4 5 6 15 16 17 18 19 20 21 22 23 24 25 26 27 15 16 17 18 19 28 29 30 31 32 33 34 35 36 37 38 39 40 41 42 43 44 45 46 47 48 49 50 51 52 53 54 55 56 57 58 59 60 61 62 63 64 65 32 66 67 68 69 70 71 72 73 74 75 76 77 78 79 80 81 82 83 21 22 23 24 25 26 27 84 85 86 87 88 89 84 85 86 75 76 77 78 90 90 50 91 92 68 69 33 34 35 36 37 38 39 40 41 42 43 44 45 46 47 48 49 93 94 20 59 60 61 62 63 11 12 13 14 95 96 97 98 79 80 81 82 83 66 67 64 65 56 57 58 51 52 53 54 55 93 94 70 71 72 73 74 7 8 9 10 87 88 89 91 92 28 99 99 29 30 31 95 96 97 98 
52631
29
3 5 2 2 4 5 6 1 4 1 3 4 2 5 1 5 1 2 5 2 1 1 3 1 4 3 3 4 17 
17 23 28 51 1 30 13 18 53 63 3 30 49 30 44 24 22 29 10 24 12 11 39 16 9 38 23 9 20 
66 55 54 57 6 57 37 26 68 64 10 44 62 53 48 52 48 49 16 54 36 51 59 62 57 40 54 52 49 
512 230 353 217 810 310 323 892 639 732 334 650 364 462 616 602 966 661 947 213 946 176 931 242 633 680 629 394 470 
4 4 4 4 10 10 10 4 4 4 4 24 24 24 24 27 27 27 27 10 10 10 18 18 18 18 18 21 20 6 6 6 6 6 6 18 18 18 18 18 23 0 0 0 7 28 28 28 28 28 28 28 28 28 28 28 28 28 28 28 28 28 16 1 1 1 1 1 26 26 26 15 15 15 15 15 19 19 7 2 2 17 17 5 5 5 5 5 11 11 11 11 13 13 13 13 13 20 6 6 6 6 6 6 25 25 25 22 22 22 25 25 25 11 11 11 11 14 14 16 12 12 17 17 28 28 28 28 28 28 28 28 28 28 28 28 28 28 28 28 28 3 3 21 15 15 15 15 15 27 27 27 27 8 8 8 8 13 13 13 13 13 2 2 19 19 26 26 26 1 1 1 1 1 3 3 5 5 5 5 5 24 24 24 24 22 22 22 12 12 23 9 9 0 0 0 8 8 8 8 