847
100
2
3 3 4 4 4 4 8 8 8 8 11 11 11 11 11 11 11 11 12 12 12 12 12 12 12 12 12 13 13 14 14 14 15 17 17 17 17 17 17 17 17 21 21 22 22 22 22 22 22 23 23 23 23 23 26 26 26 26 26 26 26 26 27 27 27 28 28 29 29 29 30 30 30 30 30 30 30 30 30 30 30 30 30 30 30 31 31 32 32 32 32 32 32 33 33 33 33 33 39 39 39 39 39 39 40 40 40 40 40 40 40 40 40 40 40 41 41 41 41 44 44 44 44 44 44 45 45 45 45 45 45 45 45 46 46 46 46 48 48 48 48 48 48 48 48 48 48 48 52 52 52 52 54 54 54 54 54 54 57 57 58 58 58 58 58 64 64 64 64 64 64 64 64 64 64 64 65 65 65 65 65 65 65 65 65 65 65 65 65 66 66 66 66 68 68 68 68 68 68 70 
65 66 115 116 117 118 133 134 135 136 165 166 167 168 169 170 171 172 137 138 139 140 141 142 143 144 145 41 42 67 68 69 199 62 63 64 93 94 95 96 97 27 28 87 88 89 90 91 92 160 161 162 163 164 125 126 127 128 129 130 131 132 33 34 35 0 1 29 30 31 98 99 100 101 102 103 173 174 175 193 194 195 196 197 198 176 177 43 44 45 46 47 48 36 37 38 39 40 70 71 72 73 74 75 178 179 180 181 182 183 184 185 186 187 188 2 3 4 5 152 153 154 155 156 157 54 55 56 57 58 59 60 61 6 7 8 9 18 19 20 21 22 23 24 25 26 158 159 189 190 191 192 119 120 121 122 123 124 146 147 49 50 51 52 53 10 11 12 13 14 15 16 17 76 77 78 85 86 104 105 106 107 108 109 110 111 112 113 114 148 149 150 151 79 80 81 82 83 84 32 
626 626 259 259 259 259 208 208 208 208 193 193 193 193 193 193 193 193 761 761 761 761 761 761 761 761 761 836 836 963 963 963 397 736 736 736 361 361 361 361 361 836 836 162 162 162 162 162 162 848 848 848 848 848 184 184 184 184 184 184 184 184 736 736 736 626 626 963 963 963 906 906 906 906 906 906 989 989 989 964 964 964 964 964 964 172 172 162 162 162 162 162 162 361 361 361 361 361 906 906 906 906 906 906 212 212 212 212 212 212 212 212 212 212 212 259 259 259 259 427 427 427 427 427 427 184 184 184 184 184 184 184 184 208 208 208 208 761 761 761 761 761 761 761 761 761 829 829 689 689 689 689 427 427 427 427 427 427 829 829 848 848 848 848 848 193 193 193 193 193 193 193 193 989 989 989 172 172 212 212 212 212 212 212 212 212 212 212 212 689 689 689 689 964 964 964 964 964 964 397 
0 1 2 3 4 5 6 7 8 9 10 11 12 13 14 15 16 17 18 19 20 21 22 23 24 25 26 27 28 29 30 31 32 33 34 35 36 37 38 39 40 27 28 41 42 43 44 45 46 47 48 49 50 51 52 53 54 55 56 57 58 59 33 34 35 0 1 29 30 31 60 61 62 63 64 65 66 67 68 69 70 71 72 73 74 75 76 41 42 43 44 45 46 36 37 38 39 40 60 61 62 63 64 65 77 78 79 80 81 82 83 84 85 86 87 2 3 4 5 88 89 90 91 92 93 52 53 54 55 56 57 58 59 6 7 8 9 18 19 20 21 22 23 24 25 26 94 95 96 97 98 99 88 89 90 91 92 93 94 95 47 48 49 50 51 10 11 12 13 14 15 16 17 66 67 68 75 76 77 78 79 80 81 82 83 84 85 86 87 96 97 98 99 69 70 71 72 73 74 32 
51007
21
2 4 2 8 8 6 3 2 1 4 9 3 6 3 6 5 2 4 5 6 11 
31 4 13 26 11 30 30 3 15 52 12 17 30 14 44 23 48 8 17 22 40 
65 41 21 45 64 39 64 28 70 66 48 27 68 29 54 58 57 46 33 32 65 
172 259 836 184 193 906 989 626 397 689 761 736 964 963 427 848 829 208 361 162 212 
7 7 1 1 1 1 17 17 17 17 4 4 4 4 4 4 4 4 10 10 10 10 10 10 10 10 10 2 2 13 13 13 8 11 11 11 18 18 18 18 18 2 2 19 19 19 19 19 19 15 15 15 15 15 3 3 3 3 3 3 3 3 11 11 11 7 7 13 13 13 5 5 5 5 5 5 6 6 6 12 12 12 12 12 12 0 0 19 19 19 19 19 19 18 18 18 18 18 5 5 5 5 5 5 20 20 20 20 20 20 20 20 20 20 20 1 1 1 1 14 14 14 14 14 14 3 3 3 3 3 3 3 3 17 17 17 17 10 10 10 10 10 10 10 10 10 16 16 9 9 9 9 14 14 14 14 14 14 16 16 15 15 15 15 15 4 4 4 4 4 4 4 4 6 6 6 0 0 20 20 20 20 20 20 20 20 20 20 20 9 9 9 9 12 12 12 12 12 12 8 