581
100
2
10 10 10 10 10 10 11 11 11 11 11 11 11 11 11 14 14 14 14 14 14 14 14 14 14 14 14 14 14 14 14 14 14 14 14 19 19 19 19 19 19 19 19 19 19 19 19 22 22 22 22 22 22 22 22 22 22 22 22 22 22 22 22 22 22 23 23 23 23 23 23 23 23 24 24 24 24 24 24 24 24 24 24 24 24 26 26 26 26 26 26 26 26 26 26 26 29 29 29 31 31 31 31 31 31 31 31 34 34 34 34 34 34 34 34 34 34 34 34 35 35 35 35 35 35 37 37 37 37 37 37 37 37 37 37 37 37 37 37 37 37 37 37 37 37 37 37 52 52 52 52 52 52 54 54 54 56 56 56 56 56 56 56 56 56 58 58 58 58 58 58 58 58 58 58 58 58 59 59 59 59 59 59 59 59 67 67 67 67 67 67 67 67 67 68 68 68 69 69 69 
119 120 121 122 123 124 185 186 187 188 189 190 191 192 193 57 58 59 60 61 62 63 64 35 36 37 38 39 40 41 42 43 44 45 46 23 24 25 26 27 28 29 30 31 32 33 34 125 126 127 128 129 130 131 132 133 134 15 16 17 18 19 20 21 22 88 89 90 91 92 93 94 95 165 166 167 168 169 170 171 172 173 174 175 176 197 198 199 65 66 67 68 69 70 71 72 162 163 164 177 178 179 180 181 182 183 184 135 136 137 138 139 140 141 142 143 144 145 146 0 1 2 3 4 5 47 48 49 50 51 52 53 54 55 56 107 108 109 110 111 112 113 114 115 116 117 118 156 157 158 159 160 161 194 195 196 147 148 149 150 151 152 96 97 98 73 74 75 76 77 78 79 80 81 82 83 84 99 100 101 102 103 104 105 106 6 7 8 9 10 11 12 13 14 153 154 155 85 86 87 
536 536 536 536 536 536 198 198 198 198 198 198 198 198 198 276 276 276 276 276 276 276 276 350 350 350 350 350 350 350 350 350 350 350 350 350 350 350 350 350 350 350 350 350 350 350 350 870 870 870 870 870 870 870 870 870 870 276 276 276 276 276 276 276 276 289 289 289 289 289 289 289 289 532 532 532 532 532 532 532 532 532 532 532 532 998 998 998 289 289 289 289 289 289 289 289 206 206 206 236 236 236 236 236 236 236 236 637 637 637 637 637 637 637 637 637 637 637 637 536 536 536 536 536 536 870 870 870 870 870 870 870 870 870 870 637 637 637 637 637 637 637 637 637 637 637 637 426 426 426 426 426 426 693 693 693 426 426 426 426 426 426 206 206 206 532 532 532 532 532 532 532 532 532 532 532 532 236 236 236 236 236 236 236 236 198 198 198 198 198 198 198 198 198 693 693 693 998 998 998 
0 1 2 3 4 5 6 7 8 9 10 11 12 13 14 15 16 17 18 19 20 21 22 23 24 25 26 27 28 29 30 31 32 33 34 23 24 25 26 27 28 29 30 31 32 33 34 35 36 37 38 39 40 41 42 43 44 15 16 17 18 19 20 21 22 45 46 47 48 49 50 51 52 53 54 55 56 57 58 59 60 61 62 63 64 65 66 67 45 46 47 48 49 50 51 52 68 69 70 71 72 73 74 75 76 77 78 79 80 81 82 83 84 85 86 87 88 89 90 0 1 2 3 4 5 35 36 37 38 39 40 41 42 43 44 79 80 81 82 83 84 85 86 87 88 89 90 91 92 93 94 95 96 97 98 99 91 92 93 94 95 96 68 69 70 53 54 55 56 57 58 59 60 61 62 63 64 71 72 73 74 75 76 77 78 6 7 8 9 10 11 12 13 14 97 98 99 65 66 67 
46581
13
10 6 9 3 12 6 3 3 12 8 8 8 12 
22 10 11 54 24 52 26 29 34 23 14 31 14 
37 35 67 68 58 56 69 56 37 26 22 59 19 
870 536 198 693 532 426 998 206 637 289 276 236 350 
1 1 1 1 1 1 2 2 2 2 2 2 2 2 2 10 10 10 10 10 10 10 10 12 12 12 12 12 12 12 12 12 12 12 12 12 12 12 12 12 12 12 12 12 12 12 12 0 0 0 0 0 0 0 0 0 0 10 10 10 10 10 10 10 10 9 9 9 9 9 9 9 9 4 4 4 4 4 4 4 4 4 4 4 4 6 6 6 9 9 9 9 9 9 9 9 7 7 7 11 11 11 11 11 11 11 11 8 8 8 8 8 8 8 8 8 8 8 8 1 1 1 1 1 1 0 0 0 0 0 0 0 0 0 0 8 8 8 8 8 8 8 8 8 8 8 8 5 5 5 5 5 5 3 3 3 5 5 5 5 5 5 7 7 7 4 4 4 4 4 4 4 4 4 4 4 4 11 11 11 11 11 11 11 11 2 2 2 2 2 2 2 2 2 3 3 3 6 6 6 