126
100
2
2 2 2 4 4 4 4 4 4 4 10 10 10 10 10 10 11 11 11 11 11 11 11 11 11 11 11 11 12 12 12 12 12 12 15 15 15 15 15 15 15 15 15 15 15 15 15 15 15 15 17 17 17 17 17 17 18 18 18 18 18 18 19 19 19 19 19 19 20 20 20 20 23 23 23 23 23 23 23 23 23 23 23 23 23 23 23 23 23 23 28 28 28 28 28 28 28 28 30 30 30 30 30 30 30 30 30 30 30 30 30 30 30 30 30 30 30 30 30 30 30 33 33 34 34 34 34 34 34 34 35 35 35 35 35 35 39 39 39 39 39 40 40 40 40 40 40 42 42 43 43 43 43 43 43 43 43 43 45 45 45 45 47 47 47 47 47 47 49 49 49 49 49 49 49 53 53 53 56 56 56 58 58 58 58 62 63 63 63 63 63 63 63 63 63 63 63 67 67 68 
175 176 177 149 150 151 152 153 56 57 162 163 164 165 166 167 141 142 143 144 145 146 130 131 132 133 134 135 50 51 52 53 54 55 90 91 92 93 94 95 96 97 189 190 191 192 193 194 195 196 28 29 30 31 32 33 8 9 64 65 66 67 121 122 58 59 60 61 158 159 160 161 103 104 105 106 107 108 109 110 111 112 113 114 115 116 117 118 119 120 34 35 36 37 38 39 40 41 136 137 138 139 140 72 73 74 75 76 77 78 79 80 81 82 83 84 85 86 87 88 89 62 63 168 169 170 171 172 173 174 22 23 24 25 26 27 98 99 100 101 102 16 17 18 19 20 21 197 198 3 4 5 6 7 181 182 183 184 68 69 70 71 10 11 12 13 14 15 123 124 125 126 127 128 129 0 1 2 186 187 188 154 155 156 157 199 178 179 180 42 43 44 45 46 47 48 49 147 148 185 
326 326 326 827 827 827 827 827 751 751 865 865 865 865 865 865 201 201 201 201 201 201 353 353 353 353 353 353 514 514 514 514 514 514 400 400 400 400 400 400 400 400 722 722 722 722 722 722 722 722 514 514 514 514 514 514 751 751 748 748 748 748 423 423 748 748 748 748 752 752 752 752 640 640 640 640 640 640 640 640 640 640 640 640 640 640 640 640 640 640 400 400 400 400 400 400 400 400 364 364 364 364 364 640 640 640 640 640 640 640 640 640 640 640 640 640 640 640 640 640 640 423 423 715 715 715 715 715 715 715 353 353 353 353 353 353 364 364 364 364 364 201 201 201 201 201 201 170 170 827 827 827 827 827 697 697 697 697 752 752 752 752 865 865 865 865 865 865 715 715 715 715 715 715 715 326 326 326 612 612 612 697 697 697 697 993 612 612 612 722 722 722 722 722 722 722 722 170 170 993 
0 1 2 3 4 5 6 7 8 9 10 11 12 13 14 15 16 17 18 19 20 21 22 23 24 25 26 27 28 29 30 31 32 33 34 35 36 37 38 39 40 41 42 43 44 45 46 47 48 49 28 29 30 31 32 33 8 9 50 51 52 53 54 55 50 51 52 53 56 57 58 59 60 61 62 63 64 65 66 67 68 69 70 71 72 73 74 75 76 77 34 35 36 37 38 39 40 41 78 79 80 81 82 60 61 62 63 64 65 66 67 68 69 70 71 72 73 74 75 76 77 54 55 83 84 85 86 87 88 89 22 23 24 25 26 27 78 79 80 81 82 16 17 18 19 20 21 90 91 3 4 5 6 7 92 93 94 95 56 57 58 59 10 11 12 13 14 15 83 84 85 86 87 88 89 0 1 2 96 97 98 92 93 94 95 99 96 97 98 42 43 44 45 46 47 48 49 90 91 99 
58337
19
5 4 5 8 4 3 6 7 3 6 1 2 6 8 2 4 6 2 18 
30 20 4 15 43 2 12 34 56 10 62 19 11 15 4 18 11 42 23 
39 45 43 28 58 53 17 49 63 47 68 33 40 63 18 19 35 67 30 
364 752 827 400 697 326 514 715 612 865 993 423 201 722 751 748 353 170 640 
5 5 5 2 2 2 2 2 14 14 9 9 9 9 9 9 12 12 12 12 12 12 16 16 16 16 16 16 6 6 6 6 6 6 3 3 3 3 3 3 3 3 13 13 13 13 13 13 13 13 6 6 6 6 6 6 14 14 15 15 15 15 11 11 15 15 15 15 1 1 1 1 18 18 18 18 18 18 18 18 18 18 18 18 18 18 18 18 18 18 3 3 3 3 3 3 3 3 0 0 0 0 0 18 18 18 18 18 18 18 18 18 18 18 18 18 18 18 18 18 18 11 11 7 7 7 7 7 7 7 16 16 16 16 16 16 0 0 0 0 0 12 12 12 12 12 12 17 17 2 2 2 2 2 4 4 4 4 1 1 1 1 9 9 9 9 9 9 7 7 7 7 7 7 7 5 5 5 8 8 8 4 4 4 4 10 8 8 8 13 13 13 13 13 13 13 13 17 17 10 