323
100
2
1 1 1 1 1 1 1 1 1 1 1 1 1 1 1 1 4 4 4 4 4 4 4 4 4 4 4 4 4 6 6 6 6 6 6 6 6 6 6 6 6 6 9 9 9 9 9 9 9 9 9 9 9 9 9 9 9 9 11 11 11 11 11 11 11 11 11 11 11 11 11 11 11 11 13 13 13 13 16 16 16 16 16 16 35 35 35 35 35 35 35 35 35 35 35 35 35 36 36 36 36 36 37 37 37 37 37 37 37 37 37 37 37 37 37 37 37 37 41 41 41 41 41 41 41 41 41 41 41 41 41 41 41 41 45 45 45 45 53 53 53 53 53 53 56 56 56 56 57 57 57 57 57 57 57 57 57 57 57 57 57 58 58 58 59 59 59 59 59 59 59 59 59 59 59 59 59 59 60 60 60 60 61 61 61 61 61 67 67 67 67 67 67 67 67 67 67 67 67 67 
42 43 44 45 46 47 48 49 50 51 52 53 54 55 56 57 105 106 107 108 109 110 111 112 113 114 115 116 117 187 188 189 190 191 192 193 194 195 196 197 198 199 0 1 2 3 4 5 6 7 8 9 10 11 12 13 14 15 118 119 120 121 122 123 124 125 126 127 128 129 130 131 132 133 144 145 146 147 138 139 140 141 142 143 148 149 150 151 152 153 154 155 156 157 158 159 160 182 183 184 185 186 161 162 163 16 17 18 19 20 21 22 23 24 25 26 27 28 58 59 60 61 62 63 64 65 66 67 68 69 70 71 72 73 178 179 180 181 78 79 80 81 82 83 74 75 76 77 84 85 86 87 88 89 90 91 92 93 94 95 96 102 103 104 165 164 167 166 169 168 171 170 173 172 175 174 177 176 134 135 136 137 97 98 99 100 101 29 30 31 32 33 34 35 36 37 38 39 40 41 
651 651 651 651 651 651 651 651 651 651 651 651 651 651 651 651 628 628 628 628 628 628 628 628 628 628 628 628 628 651 651 651 651 651 651 651 651 651 651 651 651 651 651 651 651 651 651 651 651 651 651 651 651 651 651 651 651 651 994 994 994 994 994 994 994 994 994 994 994 994 994 994 994 994 864 864 864 864 444 444 444 444 444 444 390 390 390 390 390 390 390 390 390 390 390 390 390 650 650 650 650 650 627 627 627 628 628 628 628 628 628 628 628 628 628 628 628 628 994 994 994 994 994 994 994 994 994 994 994 994 994 994 994 994 435 435 435 435 444 444 444 444 444 444 864 864 864 864 390 390 390 390 390 390 390 390 390 390 390 390 390 627 627 627 899 899 899 899 899 899 899 899 899 899 899 899 899 899 435 435 435 435 650 650 650 650 650 651 651 651 651 651 651 651 651 651 651 651 651 651 
0 1 2 3 4 5 6 7 8 9 10 11 12 13 14 15 16 17 18 19 20 21 22 23 24 25 26 27 28 29 30 31 32 33 34 35 36 37 38 39 40 41 0 1 2 3 4 5 6 7 8 9 10 11 12 13 14 15 42 43 44 45 46 47 48 49 50 51 52 53 54 55 56 57 58 59 60 61 62 63 64 65 66 67 68 69 70 71 72 73 74 75 76 77 78 79 80 81 82 83 84 85 86 87 88 16 17 18 19 20 21 22 23 24 25 26 27 28 42 43 44 45 46 47 48 49 50 51 52 53 54 55 56 57 89 90 91 92 62 63 64 65 66 67 58 59 60 61 68 69 70 71 72 73 74 75 76 77 78 79 80 86 87 88 93 93 94 94 95 95 96 96 97 97 98 98 99 99 89 90 91 92 81 82 83 84 85 29 30 31 32 33 34 35 36 37 38 39 40 41 
67301
11
5 13 6 16 3 16 4 4 7 13 13 
36 35 16 11 37 1 45 13 59 4 6 
61 57 53 41 58 9 60 56 59 37 67 
650 390 444 994 627 651 435 864 899 628 651 
5 5 5 5 5 5 5 5 5 5 5 5 5 5 5 5 9 9 9 9 9 9 9 9 9 9 9 9 9 10 10 10 10 10 10 10 10 10 10 10 10 10 5 5 5 5 5 5 5 5 5 5 5 5 5 5 5 5 3 3 3 3 3 3 3 3 3 3 3 3 3 3 3 3 7 7 7 7 2 2 2 2 2 2 1 1 1 1 1 1 1 1 1 1 1 1 1 0 0 0 0 0 4 4 4 9 9 9 9 9 9 9 9 9 9 9 9 9 3 3 3 3 3 3 3 3 3 3 3 3 3 3 3 3 6 6 6 6 2 2 2 2 2 2 7 7 7 7 1 1 1 1 1 1 1 1 1 1 1 1 1 4 4 4 8 8 8 8 8 8 8 8 8 8 8 8 8 8 6 6 6 6 0 0 0 0 0 10 10 10 10 10 10 10 10 10 10 10 10 10 