916
100
2
1 1 1 1 1 1 1 1 1 1 1 4 4 4 4 4 4 4 4 6 6 6 6 7 7 8 8 8 8 8 8 8 8 8 8 8 8 8 9 9 9 10 10 12 12 12 12 12 12 12 12 12 12 12 12 12 12 15 15 15 18 18 21 21 21 21 21 21 21 21 21 21 21 21 26 26 26 26 26 26 26 26 28 28 28 28 34 34 34 34 34 34 34 34 34 34 34 34 41 41 43 43 43 44 44 44 44 44 44 44 44 45 45 45 45 45 45 45 45 45 45 45 45 45 45 45 45 45 45 45 45 45 45 50 50 50 50 50 50 50 50 50 50 53 53 53 55 55 55 55 55 55 55 55 55 61 61 61 61 61 61 61 61 61 61 61 61 61 61 61 61 61 61 61 61 62 62 62 62 62 62 62 62 62 62 62 67 67 67 69 69 69 69 69 69 69 69 69 69 69 
189 190 191 192 193 194 195 196 197 198 199 113 114 115 116 117 118 119 120 82 83 84 85 41 42 133 134 135 136 137 138 139 140 141 142 38 39 40 35 36 37 23 24 98 99 62 63 64 65 66 67 68 69 70 71 72 73 186 187 188 111 112 45 46 47 48 49 50 51 52 53 54 55 56 103 104 105 106 107 108 109 110 19 20 21 22 121 122 123 124 125 126 127 128 129 130 131 132 43 44 143 144 145 74 75 76 77 78 79 80 81 60 61 11 12 13 14 15 16 17 18 86 87 88 89 90 91 92 93 94 95 96 97 25 26 27 28 29 30 31 32 33 34 100 101 102 155 156 157 158 159 160 161 162 163 146 147 148 149 150 151 152 153 154 175 176 177 178 179 180 181 182 183 184 185 164 165 166 167 168 169 170 171 172 173 174 57 58 59 0 1 2 3 4 5 6 7 8 9 10 
328 328 328 328 328 328 328 328 328 328 328 413 413 413 413 413 413 413 413 224 224 224 224 930 930 909 909 909 909 909 909 909 909 909 909 230 230 230 230 230 230 930 930 818 818 201 201 201 201 201 201 201 201 201 201 201 201 456 456 456 208 208 201 201 201 201 201 201 201 201 201 201 201 201 561 561 561 561 561 561 561 561 224 224 224 224 311 311 311 311 311 311 311 311 311 311 311 311 818 818 326 326 326 561 561 561 561 561 561 561 561 208 208 413 413 413 413 413 413 413 413 311 311 311 311 311 311 311 311 311 311 311 311 909 909 909 909 909 909 909 909 909 909 326 326 326 407 407 407 407 407 407 407 407 407 407 407 407 407 407 407 407 407 407 965 965 965 965 965 965 965 965 965 965 965 965 965 965 965 965 965 965 965 965 965 965 456 456 456 328 328 328 328 328 328 328 328 328 328 328 
0 1 2 3 4 5 6 7 8 9 10 11 12 13 14 15 16 17 18 19 20 21 22 23 24 25 26 27 28 29 30 31 32 33 34 35 36 37 35 36 37 23 24 38 39 40 41 42 43 44 45 46 47 48 49 50 51 52 53 54 55 56 40 41 42 43 44 45 46 47 48 49 50 51 57 58 59 60 61 62 63 64 19 20 21 22 65 66 67 68 69 70 71 72 73 74 75 76 38 39 77 78 79 57 58 59 60 61 62 63 64 55 56 11 12 13 14 15 16 17 18 65 66 67 68 69 70 71 72 73 74 75 76 25 26 27 28 29 30 31 32 33 34 77 78 79 80 81 82 83 84 85 86 87 88 80 81 82 83 84 85 86 87 88 89 90 91 92 93 94 95 96 97 98 99 89 90 91 92 93 94 95 96 97 98 99 52 53 54 0 1 2 3 4 5 6 7 8 9 10 
48756
15
9 2 10 8 3 4 3 11 2 2 3 11 8 12 12 
55 18 8 4 8 6 43 1 12 7 15 61 26 34 12 
61 45 50 45 9 28 53 69 41 10 67 62 44 45 21 
407 208 909 413 230 224 326 328 818 930 456 965 561 311 201 
7 7 7 7 7 7 7 7 7 7 7 3 3 3 3 3 3 3 3 5 5 5 5 9 9 2 2 2 2 2 2 2 2 2 2 4 4 4 4 4 4 9 9 8 8 14 14 14 14 14 14 14 14 14 14 14 14 10 10 10 1 1 14 14 14 14 14 14 14 14 14 14 14 14 12 12 12 12 12 12 12 12 5 5 5 5 13 13 13 13 13 13 13 13 13 13 13 13 8 8 6 6 6 12 12 12 12 12 12 12 12 1 1 3 3 3 3 3 3 3 3 13 13 13 13 13 13 13 13 13 13 13 13 2 2 2 2 2 2 2 2 2 2 6 6 6 0 0 0 0 0 0 0 0 0 0 0 0 0 0 0 0 0 0 11 11 11 11 11 11 11 11 11 11 11 11 11 11 11 11 11 11 11 11 11 11 10 10 10 7 7 7 7 7 7 7 7 7 7 7 