141
100
2
1 1 1 1 2 2 2 6 6 6 6 6 6 7 7 7 7 7 7 7 7 7 7 7 7 7 7 7 7 7 7 7 7 10 10 10 11 11 11 11 11 11 11 12 12 12 12 12 12 12 12 12 12 12 13 14 14 14 14 16 16 16 16 16 16 16 17 17 17 18 18 18 19 19 19 19 21 21 21 21 22 22 23 23 23 23 24 24 24 24 25 25 25 25 26 26 26 27 27 27 27 32 32 32 32 32 32 32 34 34 34 34 35 35 35 35 37 37 37 37 37 37 37 37 37 37 37 37 37 37 37 37 37 37 37 37 37 37 37 37 40 40 40 40 40 40 41 42 42 42 42 44 44 44 44 44 45 46 46 50 50 50 51 52 52 52 52 53 53 53 53 53 54 54 54 61 61 61 63 63 64 64 64 64 66 66 66 66 66 66 66 66 66 66 70 70 70 70 70 70 
9 10 11 12 33 34 35 163 164 0 1 2 3 120 121 122 123 124 125 126 127 128 129 130 131 132 133 134 135 136 137 138 139 4 5 6 97 98 99 100 175 176 177 151 152 153 154 155 140 141 142 143 144 145 67 90 91 92 93 69 70 71 72 73 74 75 162 54 103 59 60 61 62 63 64 65 108 109 110 111 178 179 180 181 182 183 147 148 149 150 55 56 57 58 172 173 174 36 37 38 39 165 166 68 116 117 118 119 76 77 78 79 184 185 186 187 104 105 106 107 13 14 15 16 17 18 19 20 21 22 23 24 25 26 27 28 29 30 31 32 48 49 50 51 52 53 156 86 87 88 89 43 44 45 46 47 146 170 171 167 168 169 66 7 8 101 102 159 160 161 157 158 94 95 96 40 41 42 80 81 82 83 84 85 112 113 114 115 194 195 196 197 198 199 188 189 190 191 192 193 
969 969 969 969 996 996 996 772 772 969 969 969 969 168 168 168 168 168 168 168 168 168 168 168 168 168 168 168 168 168 168 168 168 996 996 996 334 334 334 334 720 720 720 183 183 183 183 183 270 270 270 270 270 270 647 334 334 334 334 905 905 905 532 532 532 532 659 647 730 905 905 905 532 532 532 532 617 617 617 617 756 756 807 807 807 807 467 467 467 467 334 334 334 334 706 706 706 334 334 334 334 695 695 730 803 803 803 803 617 617 617 617 975 975 975 975 803 803 803 803 168 168 168 168 168 168 168 168 168 168 168 168 168 168 168 168 168 168 168 168 270 270 270 270 270 270 472 467 467 467 467 183 183 183 183 183 472 241 241 161 161 161 659 772 772 695 695 161 161 161 241 241 706 706 706 720 720 720 756 756 807 807 807 807 975 975 975 975 831 831 831 831 831 831 831 831 831 831 831 831 
0 1 2 3 4 5 6 7 8 0 1 2 3 9 10 11 12 13 14 15 16 17 18 19 20 21 22 23 24 25 26 27 28 4 5 6 29 30 31 32 33 34 35 36 37 38 39 40 41 42 43 44 45 46 47 48 49 50 51 52 53 54 55 56 57 58 59 47 60 52 53 54 55 56 57 58 61 62 63 64 65 66 67 68 69 70 71 72 73 74 48 49 50 51 75 76 77 29 30 31 32 78 79 60 80 81 82 83 61 62 63 64 84 85 86 87 80 81 82 83 9 10 11 12 13 14 15 16 17 18 19 20 21 22 23 24 25 26 27 28 41 42 43 44 45 46 88 71 72 73 74 36 37 38 39 40 88 89 90 91 92 93 59 7 8 78 79 91 92 93 89 90 75 76 77 33 34 35 65 66 67 68 69 70 84 85 86 87 94 95 96 97 98 99 94 95 96 97 98 99 
52133
26
3 4 4 4 2 4 3 3 3 4 1 2 2 1 1 4 1 6 4 5 4 2 6 3 4 20 
50 24 21 11 6 35 2 16 11 14 17 22 32 13 17 32 41 66 1 12 23 46 12 26 16 7 
53 42 34 27 52 66 10 18 61 25 51 63 52 17 32 37 45 70 6 44 64 53 40 54 19 37 
161 467 617 334 772 975 996 905 720 334 659 756 695 647 730 803 472 831 969 183 807 241 270 706 532 168 
18 18 18 18 6 6 6 4 4 18 18 18 18 25 25 25 25 25 25 25 25 25 25 25 25 25 25 25 25 25 25 25 25 6 6 6 3 3 3 3 8 8 8 19 19 19 19 19 22 22 22 22 22 22 13 9 9 9 9 7 7 7 24 24 24 24 10 13 14 7 7 7 24 24 24 24 2 2 2 2 11 11 20 20 20 20 1 1 1 1 9 9 9 9 23 23 23 3 3 3 3 12 12 14 15 15 15 15 2 2 2 2 5 5 5 5 15 15 15 15 25 25 25 25 25 25 25 25 25 25 25 25 25 25 25 25 25 25 25 25 22 22 22 22 22 22 16 1 1 1 1 19 19 19 19 19 16 21 21 0 0 0 10 4 4 12 12 0 0 0 21 21 23 23 23 8 8 8 11 11 20 20 20 20 5 5 5 5 17 17 17 17 17 17 17 17 17 17 17 17 