34
100
2
3 3 3 3 3 3 3 3 4 4 4 4 4 4 4 4 6 6 6 6 6 6 6 6 6 6 6 6 6 6 7 7 16 16 16 16 16 16 16 16 16 16 16 16 16 16 16 16 17 17 17 19 19 19 19 19 19 19 19 19 19 19 19 19 19 19 32 32 32 32 32 32 32 32 32 32 32 32 32 32 32 32 32 32 32 32 32 32 32 32 32 32 32 32 32 33 33 33 33 33 33 33 33 33 33 33 33 33 33 33 33 33 33 33 33 33 37 37 37 37 37 37 37 37 48 48 48 48 48 48 48 48 48 48 48 48 48 48 52 52 52 52 55 55 57 57 57 57 57 57 57 57 57 58 58 58 58 58 58 58 61 61 61 61 61 61 61 64 64 64 64 64 64 64 64 64 64 64 64 64 64 65 65 65 65 65 65 65 65 67 67 67 67 67 67 67 67 68 68 68 
108 109 110 111 112 113 114 115 189 190 191 192 193 194 195 196 124 125 126 127 128 129 130 131 132 133 134 135 136 137 142 143 33 32 35 34 37 36 39 38 41 40 43 42 45 44 47 46 197 198 199 66 67 68 69 70 71 72 73 74 75 76 77 78 79 80 51 52 53 54 55 56 57 58 59 60 61 62 63 64 65 167 168 169 170 171 172 173 174 175 176 177 178 179 180 138 139 140 141 144 145 146 147 148 149 150 151 152 0 1 2 3 4 5 6 7 181 182 183 184 185 186 187 188 16 17 18 19 20 21 22 23 24 25 26 27 28 29 95 96 97 98 30 31 99 100 101 102 103 104 105 106 107 160 161 162 163 164 165 166 153 154 155 156 157 158 159 81 82 83 84 85 86 87 88 89 90 91 92 93 94 116 117 118 119 120 121 122 123 8 9 10 11 12 13 14 15 48 49 50 
403 403 403 403 403 403 403 403 402 402 402 402 402 402 402 402 334 334 334 334 334 334 334 334 334 334 334 334 334 334 992 992 889 889 889 889 889 889 889 889 889 889 889 889 889 889 889 889 486 486 486 612 612 612 612 612 612 612 612 612 612 612 612 612 612 612 612 612 612 612 612 612 612 612 612 612 612 612 612 612 612 791 791 791 791 791 791 791 791 791 791 791 791 791 791 285 285 285 285 259 259 259 259 259 259 259 259 259 403 403 403 403 403 403 403 403 367 367 367 367 367 367 367 367 334 334 334 334 334 334 334 334 334 334 334 334 334 334 285 285 285 285 992 992 259 259 259 259 259 259 259 259 259 424 424 424 424 424 424 424 424 424 424 424 424 424 424 791 791 791 791 791 791 791 791 791 791 791 791 791 791 367 367 367 367 367 367 367 367 402 402 402 402 402 402 402 402 486 486 486 
0 1 2 3 4 5 6 7 8 9 10 11 12 13 14 15 16 17 18 19 20 21 22 23 24 25 26 27 28 29 30 31 32 32 33 33 34 34 35 35 36 36 37 37 38 38 39 39 40 41 42 43 44 45 46 47 48 49 50 51 52 53 54 55 56 57 43 44 45 46 47 48 49 50 51 52 53 54 55 56 57 58 59 60 61 62 63 64 65 66 67 68 69 70 71 72 73 74 75 76 77 78 79 80 81 82 83 84 0 1 2 3 4 5 6 7 85 86 87 88 89 90 91 92 16 17 18 19 20 21 22 23 24 25 26 27 28 29 72 73 74 75 30 31 76 77 78 79 80 81 82 83 84 93 94 95 96 97 98 99 93 94 95 96 97 98 99 58 59 60 61 62 63 64 65 66 67 68 69 70 71 85 86 87 88 89 90 91 92 8 9 10 11 12 13 14 15 40 41 42 
51299
12
7 4 3 15 8 8 14 8 9 2 14 8 
58 33 17 19 4 37 32 16 33 7 6 3 
61 52 68 32 67 65 64 16 57 55 48 33 
424 285 486 612 402 367 791 889 259 992 334 403 
11 11 11 11 11 11 11 11 4 4 4 4 4 4 4 4 10 10 10 10 10 10 10 10 10 10 10 10 10 10 9 9 7 7 7 7 7 7 7 7 7 7 7 7 7 7 7 7 2 2 2 3 3 3 3 3 3 3 3 3 3 3 3 3 3 3 3 3 3 3 3 3 3 3 3 3 3 3 3 3 3 6 6 6 6 6 6 6 6 6 6 6 6 6 6 1 1 1 1 8 8 8 8 8 8 8 8 8 11 11 11 11 11 11 11 11 5 5 5 5 5 5 5 5 10 10 10 10 10 10 10 10 10 10 10 10 10 10 1 1 1 1 9 9 8 8 8 8 8 8 8 8 8 0 0 0 0 0 0 0 0 0 0 0 0 0 0 6 6 6 6 6 6 6 6 6 6 6 6 6 6 5 5 5 5 5 5 5 5 4 4 4 4 4 4 4 4 2 2 2 