327
100
2
6 6 6 6 6 6 6 6 7 7 7 7 7 7 7 7 7 7 7 7 7 7 7 7 7 7 8 8 11 11 11 11 13 13 13 13 13 13 14 14 14 14 14 16 16 17 17 17 17 18 18 18 20 20 20 20 20 22 22 22 22 22 22 26 26 26 26 26 27 27 27 27 27 27 27 27 27 27 28 28 28 28 28 28 28 28 28 28 28 28 28 30 30 30 30 32 32 32 32 33 35 36 36 36 36 36 36 36 36 36 36 40 40 40 40 40 40 40 40 40 40 40 42 42 43 43 43 43 44 44 44 45 45 45 45 45 45 47 47 47 55 55 55 55 55 55 55 57 57 57 58 58 58 59 59 59 59 59 60 60 60 60 62 62 62 62 62 62 62 62 64 64 64 64 65 65 65 65 65 65 67 67 67 69 69 69 69 69 69 69 69 69 69 69 70 70 70 70 70 70 
91 92 93 94 53 54 55 56 162 163 164 165 166 78 79 80 81 82 83 84 85 86 87 88 89 90 183 184 170 171 172 173 174 175 176 177 178 179 63 64 65 66 67 180 181 101 102 103 104 128 129 130 99 4 5 6 7 105 106 107 108 109 110 38 39 40 41 42 95 96 97 98 194 195 196 197 198 199 13 14 15 16 17 18 19 20 21 22 23 24 25 0 1 2 3 68 69 70 71 52 182 45 46 47 48 57 58 59 60 61 62 140 141 142 143 144 145 146 185 186 187 188 158 159 131 132 133 134 49 50 51 124 125 126 127 160 161 150 151 152 111 112 113 114 115 116 117 167 168 169 137 138 139 189 190 191 192 193 122 123 135 136 8 9 10 11 12 147 148 149 28 29 30 31 32 33 34 35 36 37 43 44 100 26 27 118 119 120 121 153 154 155 156 157 72 73 74 75 76 77 
164 164 164 164 180 180 180 180 284 284 284 284 284 720 720 720 720 720 720 720 720 720 720 720 720 720 204 204 395 395 395 395 865 865 865 865 865 865 579 579 579 579 579 700 700 333 333 333 333 717 717 717 173 180 180 180 180 787 787 787 787 787 787 579 579 579 579 579 901 901 901 901 604 604 604 604 604 604 720 720 720 720 720 720 720 720 720 720 720 720 720 164 164 164 164 901 901 901 901 173 629 333 333 333 333 787 787 787 787 787 787 346 346 346 346 346 346 346 610 610 610 610 154 154 669 669 669 669 717 717 717 669 669 669 669 593 593 674 674 674 346 346 346 346 346 346 346 605 605 605 674 674 674 385 385 385 385 385 154 154 593 593 284 284 284 284 284 605 605 605 395 395 395 395 865 865 865 865 865 865 700 700 629 204 204 610 610 610 610 385 385 385 385 385 604 604 604 604 604 604 
0 1 2 3 4 5 6 7 8 9 10 11 12 13 14 15 16 17 18 19 20 21 22 23 24 25 26 27 28 29 30 31 32 33 34 35 36 37 38 39 40 41 42 43 44 45 46 47 48 49 50 51 52 4 5 6 7 53 54 55 56 57 58 38 39 40 41 42 59 60 61 62 63 64 65 66 67 68 13 14 15 16 17 18 19 20 21 22 23 24 25 0 1 2 3 59 60 61 62 52 69 45 46 47 48 53 54 55 56 57 58 70 71 72 73 74 75 76 77 78 79 80 81 82 83 84 85 86 49 50 51 83 84 85 86 87 88 89 90 91 70 71 72 73 74 75 76 92 93 94 89 90 91 95 96 97 98 99 81 82 87 88 8 9 10 11 12 92 93 94 28 29 30 31 32 33 34 35 36 37 43 44 69 26 27 77 78 79 80 95 96 97 98 99 63 64 65 66 67 68 
54658
24
4 6 2 2 4 3 5 1 4 5 3 7 2 1 4 6 5 3 2 4 4 4 6 13 
43 13 16 8 17 47 7 20 27 14 18 40 42 35 40 22 59 57 45 11 6 6 27 7 
45 65 67 69 36 58 62 33 32 26 44 55 60 67 69 36 69 62 60 64 30 20 70 28 
669 865 700 204 333 674 284 173 901 579 717 346 154 629 610 787 385 605 593 395 164 180 604 720 
20 20 20 20 21 21 21 21 6 6 6 6 6 23 23 23 23 23 23 23 23 23 23 23 23 23 3 3 19 19 19 19 1 1 1 1 1 1 9 9 9 9 9 2 2 4 4 4 4 10 10 10 7 21 21 21 21 15 15 15 15 15 15 9 9 9 9 9 8 8 8 8 22 22 22 22 22 22 23 23 23 23 23 23 23 23 23 23 23 23 23 20 20 20 20 8 8 8 8 7 13 4 4 4 4 15 15 15 15 15 15 11 11 11 11 11 11 11 14 14 14 14 12 12 0 0 0 0 10 10 10 0 0 0 0 18 18 5 5 5 11 11 11 11 11 11 11 17 17 17 5 5 5 16 16 16 16 16 12 12 18 18 6 6 6 6 6 17 17 17 19 19 19 19 1 1 1 1 1 1 2 2 13 3 3 14 14 14 14 16 16 16 16 16 22 22 22 22 22 22 