271
100
2
2 2 2 2 2 3 3 3 3 3 3 4 7 7 7 7 7 8 8 9 10 12 12 12 12 12 12 12 12 12 12 12 12 13 13 13 13 13 16 16 16 16 16 16 16 16 16 16 16 16 16 16 17 18 18 18 18 18 20 20 20 20 20 20 20 20 20 20 20 20 20 20 20 20 20 20 20 20 20 20 20 20 20 20 20 22 22 22 22 22 22 22 22 22 22 22 22 22 22 22 22 22 22 22 22 23 23 23 23 24 24 25 25 26 27 27 27 27 27 28 28 28 28 28 29 30 30 32 32 33 33 34 34 34 36 37 37 38 38 46 46 46 48 48 48 48 48 49 49 51 51 51 51 51 52 52 52 52 52 52 52 54 54 54 54 58 58 60 60 60 60 61 61 63 63 63 65 65 65 65 65 65 65 66 66 66 67 69 69 69 69 69 69 69 69 70 70 70 70 70 
142 143 144 145 146 19 195 196 197 198 199 182 114 115 116 117 118 147 148 5 52 184 190 191 192 193 194 185 60 61 62 63 64 44 45 46 47 48 176 177 178 179 180 181 33 34 35 36 37 168 169 170 20 119 120 121 122 123 129 130 28 29 30 31 32 85 86 87 88 89 90 91 92 93 94 95 96 97 98 99 100 101 102 103 104 65 66 67 68 69 70 71 72 73 74 75 76 77 78 79 80 81 82 83 84 161 162 163 164 125 126 159 160 186 12 13 14 15 16 53 54 55 56 57 172 109 110 135 136 58 59 139 140 141 167 127 128 138 137 131 132 133 0 1 2 3 4 17 18 154 155 156 157 158 149 150 151 152 153 111 112 105 106 107 108 166 165 134 49 50 51 183 124 187 188 189 38 39 40 41 42 43 11 171 21 27 113 173 174 175 22 23 24 25 26 6 7 8 9 10 
400 400 400 400 400 330 324 324 324 324 324 230 540 540 540 540 540 858 858 330 294 385 267 267 267 267 267 712 726 726 726 726 726 770 770 770 770 770 351 351 351 351 351 351 770 770 770 770 770 465 465 465 294 271 271 271 271 271 836 836 726 726 726 726 726 642 642 642 642 642 642 642 642 642 642 642 642 642 642 642 642 642 642 642 642 642 642 642 642 642 642 642 642 642 642 642 642 642 642 642 642 642 642 642 642 302 302 302 302 960 960 938 938 634 540 540 540 540 540 271 271 271 271 271 893 960 960 562 562 836 836 257 257 257 455 562 562 174 174 257 257 257 400 400 400 400 400 858 858 391 391 391 391 391 391 391 391 391 391 938 938 302 302 302 302 877 877 455 465 465 465 520 893 285 285 285 351 351 351 351 351 351 230 520 385 712 634 285 285 285 267 267 267 267 267 324 324 324 324 324 
0 1 2 3 4 5 6 7 8 9 10 11 12 13 14 15 16 17 18 5 19 20 21 22 23 24 25 26 27 28 29 30 31 32 33 34 35 36 37 38 39 40 41 42 32 33 34 35 36 43 44 45 19 46 47 48 49 50 51 52 27 28 29 30 31 53 54 55 56 57 58 59 60 61 62 63 64 65 66 67 68 69 70 71 72 53 54 55 56 57 58 59 60 61 62 63 64 65 66 67 68 69 70 71 72 73 74 75 76 77 78 79 80 81 12 13 14 15 16 46 47 48 49 50 82 77 78 83 84 51 52 85 86 87 88 83 84 89 89 85 86 87 0 1 2 3 4 17 18 90 91 92 93 94 90 91 92 93 94 79 80 73 74 75 76 95 95 88 43 44 45 96 82 97 98 99 37 38 39 40 41 42 11 96 20 26 81 97 98 99 21 22 23 24 25 6 7 8 9 10 
51432
30
1 2 1 3 5 6 4 5 1 5 2 1 5 1 5 1 1 2 1 1 1 5 5 2 3 1 2 5 3 20 
61 20 12 63 12 16 23 51 58 7 8 38 2 29 13 12 36 32 4 3 26 3 18 25 16 10 24 12 34 20 
66 33 66 69 69 65 54 52 58 27 49 38 48 61 16 66 60 37 65 9 67 70 28 52 60 17 30 20 46 22 
520 836 385 285 267 351 302 391 877 540 858 174 400 893 770 712 455 562 230 330 634 324 271 938 465 294 960 726 257 642 
12 12 12 12 12 19 21 21 21 21 21 18 9 9 9 9 9 10 10 19 25 2 4 4 4 4 4 15 27 27 27 27 27 14 14 14 14 14 5 5 5 5 5 5 14 14 14 14 14 24 24 24 25 22 22 22 22 22 1 1 27 27 27 27 27 29 29 29 29 29 29 29 29 29 29 29 29 29 29 29 29 29 29 29 29 29 29 29 29 29 29 29 29 29 29 29 29 29 29 29 29 29 29 29 29 6 6 6 6 26 26 23 23 20 9 9 9 9 9 22 22 22 22 22 13 26 26 17 17 1 1 28 28 28 16 17 17 11 11 28 28 28 12 12 12 12 12 10 10 7 7 7 7 7 7 7 7 7 7 23 23 6 6 6 6 8 8 16 24 24 24 0 13 3 3 3 5 5 5 5 5 5 18 0 2 15 20 3 3 3 4 4 4 4 4 21 21 21 21 21 