521
100
2
2 3 8 9 9 10 10 10 10 10 10 10 10 10 11 11 12 12 12 12 12 18 18 19 19 19 20 20 20 20 20 23 23 23 23 23 25 25 25 25 27 28 28 28 28 28 28 28 28 28 28 28 28 28 28 28 28 28 28 28 28 28 29 29 29 29 29 29 29 30 30 30 30 30 31 31 32 32 32 32 34 34 34 37 37 37 37 37 37 37 37 37 37 37 37 38 39 39 39 40 40 42 42 42 42 42 42 43 43 43 48 48 48 50 50 50 50 50 50 50 50 50 51 51 51 51 51 51 51 51 51 51 51 51 51 51 51 51 51 52 52 53 53 53 53 53 53 53 53 54 54 54 54 54 54 54 54 54 54 56 56 56 56 56 56 56 56 56 57 57 57 57 57 57 57 57 63 63 63 63 63 65 65 65 65 68 68 68 68 70 70 70 70 70 70 70 70 70 70 70 
107 95 185 10 11 168 169 170 171 172 3 4 14 15 12 13 117 118 119 120 121 108 109 110 111 112 189 190 191 192 193 149 150 151 152 153 173 174 175 176 180 141 142 143 144 122 123 124 125 126 127 128 129 130 131 132 133 134 135 136 137 138 69 70 71 72 73 74 75 62 63 64 65 66 67 68 159 160 161 162 186 187 188 181 182 183 184 113 114 115 116 145 146 147 148 1 177 178 179 139 140 194 195 196 197 198 199 0 21 22 23 24 25 87 88 89 90 16 17 18 19 20 45 46 47 48 49 50 51 52 53 54 55 56 57 58 59 60 61 99 100 41 42 43 44 91 92 93 94 31 32 33 34 35 163 164 165 166 167 76 77 78 79 154 155 156 157 158 5 6 7 8 9 36 37 38 39 96 97 98 40 83 84 85 86 2 80 81 82 26 27 28 29 30 101 102 103 104 105 106 
678 279 462 429 429 721 721 721 721 721 429 429 472 472 472 472 277 277 277 277 277 764 764 778 778 778 480 480 480 480 480 549 549 549 549 549 543 543 543 478 453 697 697 697 697 569 569 569 569 569 569 569 569 569 569 569 569 569 569 569 569 569 350 350 350 350 350 797 797 350 350 350 350 350 797 797 960 960 960 960 852 852 852 749 749 749 749 855 855 855 855 815 815 815 815 279 910 910 910 406 406 315 315 315 315 315 315 678 764 764 778 778 778 855 855 855 855 277 277 277 277 277 569 569 569 569 569 569 569 569 569 569 569 569 569 569 569 569 569 406 406 697 697 697 697 815 815 815 815 549 549 549 549 549 472 472 472 472 472 960 960 960 960 472 472 472 472 472 721 721 721 721 721 543 543 543 478 910 910 910 453 749 749 749 749 462 852 852 852 480 480 480 480 480 315 315 315 315 315 315 
0 1 2 3 4 5 6 7 8 9 3 4 10 11 10 11 12 13 14 15 16 17 18 19 20 21 22 23 24 25 26 27 28 29 30 31 32 33 34 35 36 37 38 39 40 41 42 43 44 45 46 47 48 49 50 51 52 53 54 55 56 57 58 59 60 61 62 63 64 58 59 60 61 62 63 64 65 66 67 68 69 70 71 72 73 74 75 76 77 78 79 80 81 82 83 1 84 85 86 87 88 89 90 91 92 93 94 0 17 18 19 20 21 76 77 78 79 12 13 14 15 16 41 42 43 44 45 46 47 48 49 50 51 52 53 54 55 56 57 87 88 37 38 39 40 80 81 82 83 27 28 29 30 31 95 96 97 98 99 65 66 67 68 95 96 97 98 99 5 6 7 8 9 32 33 34 35 84 85 86 36 72 73 74 75 2 69 70 71 22 23 24 25 26 89 90 91 92 93 94 
59447
27
1 4 4 2 5 5 3 5 2 5 4 1 1 3 2 4 5 2 3 1 1 3 2 5 6 4 17 
8 32 28 40 10 20 25 29 29 23 37 2 25 39 18 37 54 9 34 3 27 19 10 12 42 37 28 
68 56 53 52 57 70 57 30 31 54 65 43 63 63 43 50 56 10 68 38 63 48 11 50 70 53 51 
462 960 697 406 721 480 543 350 797 549 749 678 478 910 764 855 472 429 852 279 453 778 472 277 315 815 569 
11 19 0 17 17 4 4 4 4 4 17 17 22 22 22 22 23 23 23 23 23 14 14 21 21 21 5 5 5 5 5 9 9 9 9 9 6 6 6 12 20 2 2 2 2 26 26 26 26 26 26 26 26 26 26 26 26 26 26 26 26 26 7 7 7 7 7 8 8 7 7 7 7 7 8 8 1 1 1 1 18 18 18 10 10 10 10 15 15 15 15 25 25 25 25 19 13 13 13 3 3 24 24 24 24 24 24 11 14 14 21 21 21 15 15 15 15 23 23 23 23 23 26 26 26 26 26 26 26 26 26 26 26 26 26 26 26 26 26 3 3 2 2 2 2 25 25 25 25 9 9 9 9 9 16 16 16 16 16 1 1 1 1 16 16 16 16 16 4 4 4 4 4 6 6 6 12 13 13 13 20 10 10 10 10 0 18 18 18 5 5 5 5 5 24 24 24 24 24 24 