397
100
2
4 4 4 4 5 5 5 5 8 8 8 8 8 8 8 10 10 10 10 11 11 11 11 12 12 12 12 13 13 13 13 13 15 15 15 15 16 16 16 16 16 16 16 16 16 16 16 16 16 16 20 20 20 20 20 20 22 22 22 22 22 22 22 22 22 22 22 22 22 22 22 22 22 24 24 24 24 24 24 24 24 24 24 28 28 28 28 34 34 34 34 34 35 35 35 35 35 35 35 38 38 38 38 38 41 41 41 41 41 41 41 41 41 41 41 41 41 41 41 41 41 41 42 42 42 44 44 44 44 45 45 45 45 45 47 47 47 47 47 48 48 48 48 52 52 52 52 55 55 55 55 55 55 55 55 55 55 55 59 59 59 59 59 63 64 64 64 64 64 64 64 64 64 64 64 64 64 64 66 66 66 68 68 68 69 69 69 69 69 69 69 70 70 70 70 70 70 70 70 70 
4 5 6 7 0 1 2 3 36 37 38 39 40 41 42 191 192 193 194 50 51 52 53 27 28 29 30 23 24 25 26 104 139 140 141 142 8 9 10 11 12 13 14 83 84 85 86 136 137 138 19 20 21 22 161 162 105 106 107 108 109 110 111 112 113 114 115 116 117 118 119 120 121 87 88 89 90 91 129 130 131 132 133 43 44 45 46 73 74 75 76 77 164 165 166 167 168 169 170 195 196 197 198 199 31 56 57 58 59 60 61 62 63 64 65 66 67 68 69 70 71 72 171 172 173 147 148 149 150 78 79 80 81 82 179 180 47 48 49 32 33 34 35 174 175 176 177 125 126 127 128 184 185 186 187 188 189 190 181 182 183 54 55 178 92 93 94 95 96 97 98 122 123 124 143 144 145 146 163 134 135 158 159 160 151 152 153 154 155 156 157 15 16 17 18 99 100 101 102 103 
661 661 661 661 661 661 661 661 887 887 887 887 887 887 887 373 373 373 373 692 692 692 692 897 897 897 897 897 897 897 897 710 845 845 845 845 887 887 887 887 887 887 887 419 419 419 419 426 426 426 692 692 692 692 211 211 469 469 469 469 469 469 469 469 469 469 469 469 469 469 469 469 469 866 866 866 866 866 939 939 939 939 939 419 419 419 419 866 866 866 866 866 464 464 464 464 464 464 464 391 391 391 391 391 710 469 469 469 469 469 469 469 469 469 469 469 469 469 469 469 469 469 522 522 522 978 978 978 978 939 939 939 939 939 566 566 426 426 426 845 845 845 845 788 788 788 788 978 978 978 978 889 889 889 889 889 889 889 742 742 742 211 211 239 464 464 464 464 464 464 464 522 522 522 788 788 788 788 239 566 566 742 742 742 889 889 889 889 889 889 889 373 373 373 373 391 391 391 391 391 
0 1 2 3 0 1 2 3 4 5 6 7 8 9 10 11 12 13 14 15 16 17 18 19 20 21 22 19 20 21 22 23 24 25 26 27 4 5 6 7 8 9 10 28 29 30 31 32 33 34 15 16 17 18 35 36 37 38 39 40 41 42 43 44 45 46 47 48 49 50 51 52 53 54 55 56 57 58 59 60 61 62 63 28 29 30 31 54 55 56 57 58 64 65 66 67 68 69 70 71 72 73 74 75 23 37 38 39 40 41 42 43 44 45 46 47 48 49 50 51 52 53 76 77 78 79 80 81 82 59 60 61 62 63 83 84 32 33 34 24 25 26 27 85 86 87 88 79 80 81 82 89 90 91 92 93 94 95 96 97 98 35 36 99 64 65 66 67 68 69 70 76 77 78 85 86 87 88 99 83 84 96 97 98 89 90 91 92 93 94 95 11 12 13 14 71 72 73 74 75 
64818
22
4 1 5 2 7 7 4 3 4 4 4 3 4 4 5 2 1 3 4 7 5 17 
12 63 24 47 35 8 16 16 10 11 4 59 44 15 24 20 13 42 52 55 38 22 
13 66 34 66 64 16 28 47 70 20 5 68 55 48 45 59 41 64 64 69 70 41 
897 239 866 566 464 887 419 426 373 692 661 742 978 845 939 211 710 522 788 889 391 469 
10 10 10 10 10 10 10 10 5 5 5 5 5 5 5 8 8 8 8 9 9 9 9 0 0 0 0 0 0 0 0 16 13 13 13 13 5 5 5 5 5 5 5 6 6 6 6 7 7 7 9 9 9 9 15 15 21 21 21 21 21 21 21 21 21 21 21 21 21 21 21 21 21 2 2 2 2 2 14 14 14 14 14 6 6 6 6 2 2 2 2 2 4 4 4 4 4 4 4 20 20 20 20 20 16 21 21 21 21 21 21 21 21 21 21 21 21 21 21 21 21 21 17 17 17 12 12 12 12 14 14 14 14 14 3 3 7 7 7 13 13 13 13 18 18 18 18 12 12 12 12 19 19 19 19 19 19 19 11 11 11 15 15 1 4 4 4 4 4 4 4 17 17 17 18 18 18 18 1 3 3 11 11 11 19 19 19 19 19 19 19 8 8 8 8 20 20 20 20 20 