44
100
2
2 2 3 3 3 3 3 6 6 6 6 6 6 6 6 6 6 7 7 7 7 7 7 7 7 7 7 9 11 11 11 11 11 11 11 11 11 12 12 12 13 13 13 13 13 16 16 16 16 16 16 16 16 16 16 18 18 19 19 19 19 19 21 21 21 21 21 24 25 25 25 25 28 28 28 28 28 28 28 29 29 29 29 29 31 31 31 32 34 34 34 34 34 34 36 36 36 36 36 36 36 36 36 36 38 38 38 38 38 39 39 39 39 43 43 43 44 44 44 44 44 44 44 44 44 44 44 44 44 44 44 49 49 49 49 49 49 51 51 51 51 51 52 52 52 52 52 52 53 53 53 53 53 53 56 57 58 58 58 58 58 58 58 58 58 61 61 61 64 64 64 64 64 64 66 66 66 66 66 66 69 69 69 69 69 69 69 69 69 69 69 69 69 69 69 70 70 70 70 70 
55 56 165 166 167 146 147 50 51 52 53 54 17 18 19 20 21 12 13 14 15 16 195 196 197 198 199 79 57 58 59 60 61 68 69 70 71 137 138 139 113 114 115 140 141 104 105 106 107 108 7 8 9 10 11 0 1 28 29 30 31 32 160 161 162 163 164 87 33 34 35 36 142 143 144 145 84 85 86 27 109 110 111 112 76 77 78 67 148 149 150 151 152 153 156 157 158 159 168 169 170 171 172 173 45 46 47 48 49 80 81 82 83 40 41 42 180 181 182 183 184 185 186 187 188 189 190 191 192 193 194 174 175 176 177 178 179 37 38 39 43 44 72 73 74 75 5 6 88 89 90 91 92 93 155 154 94 95 96 97 62 63 64 65 66 2 3 4 98 99 100 101 102 103 131 132 133 134 135 136 116 117 118 119 120 121 122 123 124 125 126 127 128 129 130 22 23 24 25 26 
665 665 833 833 833 464 464 927 927 927 927 927 833 833 833 833 833 833 833 833 833 833 921 921 921 921 921 592 633 633 633 633 633 522 522 522 522 924 924 924 945 945 945 181 181 467 467 467 467 467 927 927 927 927 927 665 665 633 633 633 633 633 204 204 204 204 204 717 522 522 522 522 161 161 161 161 327 327 327 592 685 685 685 685 327 327 327 717 594 594 594 594 594 594 736 736 736 736 636 636 636 636 636 636 467 467 467 467 467 685 685 685 685 945 945 945 783 783 783 783 783 783 783 783 783 783 783 783 783 783 783 769 769 769 769 769 769 924 924 924 181 181 161 161 161 161 464 464 594 594 594 594 594 594 434 434 736 736 736 736 204 204 204 204 204 833 833 833 636 636 636 636 636 636 769 769 769 769 769 769 783 783 783 783 783 783 783 783 783 783 783 783 783 783 783 921 921 921 921 921 
0 1 2 3 4 5 6 7 8 9 10 11 12 13 14 15 16 12 13 14 15 16 17 18 19 20 21 22 23 24 25 26 27 28 29 30 31 32 33 34 35 36 37 38 39 40 41 42 43 44 7 8 9 10 11 0 1 23 24 25 26 27 45 46 47 48 49 50 28 29 30 31 51 52 53 54 55 56 57 22 58 59 60 61 55 56 57 50 62 63 64 65 66 67 68 69 70 71 72 73 74 75 76 77 40 41 42 43 44 58 59 60 61 35 36 37 78 79 80 81 82 83 84 85 86 87 88 89 90 91 92 93 94 95 96 97 98 32 33 34 38 39 51 52 53 54 5 6 62 63 64 65 66 67 99 99 68 69 70 71 45 46 47 48 49 2 3 4 72 73 74 75 76 77 93 94 95 96 97 98 78 79 80 81 82 83 84 85 86 87 88 89 90 91 92 17 18 19 20 21 
65530
24
5 4 3 1 4 3 1 3 5 6 6 5 2 3 5 2 4 4 1 6 5 5 2 15 
16 28 13 9 36 12 24 28 11 49 36 6 13 3 6 3 29 11 56 34 7 21 2 44 
38 52 43 29 58 51 32 31 19 66 64 16 51 61 7 52 39 25 57 53 70 58 18 69 
467 161 945 592 736 924 717 327 633 769 636 927 181 833 833 464 685 522 434 594 921 204 665 783 
22 22 13 13 13 15 15 11 11 11 11 11 14 14 14 14 14 14 14 14 14 14 20 20 20 20 20 3 8 8 8 8 8 17 17 17 17 5 5 5 2 2 2 12 12 0 0 0 0 0 11 11 11 11 11 22 22 8 8 8 8 8 21 21 21 21 21 6 17 17 17 17 1 1 1 1 7 7 7 3 16 16 16 16 7 7 7 6 19 19 19 19 19 19 4 4 4 4 10 10 10 10 10 10 0 0 0 0 0 16 16 16 16 2 2 2 23 23 23 23 23 23 23 23 23 23 23 23 23 23 23 9 9 9 9 9 9 5 5 5 12 12 1 1 1 1 15 15 19 19 19 19 19 19 18 18 4 4 4 4 21 21 21 21 21 13 13 13 10 10 10 10 10 10 9 9 9 9 9 9 23 23 23 23 23 23 23 23 23 23 23 23 23 23 23 20 20 20 20 20 