721
100
2
3 3 3 3 3 6 9 9 9 9 10 10 12 15 15 15 15 15 15 15 15 16 16 17 17 17 17 17 18 18 18 19 19 19 19 19 19 19 19 19 19 19 19 19 19 19 19 19 19 19 19 19 19 19 19 19 20 21 21 21 21 21 21 21 21 21 21 22 22 22 23 23 23 25 25 25 25 26 26 26 27 27 27 27 27 27 27 27 27 28 28 28 28 29 29 29 29 29 29 29 29 33 34 34 34 34 35 35 36 36 36 36 36 39 39 39 40 44 44 44 44 47 48 48 48 48 52 53 53 53 53 53 53 53 53 53 53 53 53 54 54 54 54 54 54 54 55 55 55 55 55 55 55 55 58 58 59 59 59 61 61 61 61 61 61 61 62 62 62 62 63 63 63 63 68 68 68 69 69 69 69 69 69 69 69 69 69 69 69 69 69 69 69 69 69 69 69 70 70 70 
16 17 18 19 20 126 170 171 172 173 106 107 165 113 114 115 0 1 2 3 4 197 198 80 81 82 83 84 77 78 79 146 147 148 149 67 68 69 101 180 181 182 183 184 185 186 187 188 189 190 191 192 193 194 195 196 164 58 57 60 59 62 61 64 63 66 65 35 36 37 143 144 145 131 132 133 121 28 29 30 23 24 25 26 27 89 90 91 92 85 86 87 88 150 151 152 153 166 167 168 169 38 159 174 175 176 10 11 134 135 136 137 138 13 14 15 160 139 140 141 142 76 127 128 129 130 5 122 123 124 125 73 74 75 108 109 110 111 112 117 118 119 120 70 71 72 31 32 33 34 93 94 95 96 161 162 177 178 179 102 116 154 155 199 56 12 97 98 99 100 6 7 8 9 103 104 105 156 157 158 39 40 41 42 43 44 45 46 47 48 49 50 51 52 53 54 55 21 22 163 
326 326 326 326 326 447 906 906 906 906 752 752 705 726 726 726 326 326 326 326 326 704 704 757 757 757 757 757 439 439 439 760 760 760 760 168 168 168 800 628 628 628 628 628 628 628 628 628 628 628 628 628 628 628 628 628 421 657 657 657 657 657 657 657 657 657 657 168 168 168 786 786 786 888 888 888 464 439 439 439 757 757 757 757 757 894 894 894 894 894 894 894 894 265 265 265 265 361 361 361 361 800 645 723 723 723 752 752 324 324 324 324 324 726 726 726 917 954 954 954 954 464 205 205 205 205 447 205 205 205 205 888 888 888 324 324 324 324 324 954 954 954 954 786 786 786 760 760 760 760 265 265 265 265 488 488 723 723 723 645 917 488 488 832 421 705 361 361 361 361 906 906 906 906 723 723 723 723 723 723 628 628 628 628 628 628 628 628 628 628 628 628 628 628 628 628 628 704 704 832 
0 1 2 3 4 5 6 7 8 9 10 11 12 13 14 15 0 1 2 3 4 16 17 18 19 20 21 22 23 24 25 26 27 28 29 30 31 32 33 34 35 36 37 38 39 40 41 42 43 44 45 46 47 48 49 50 51 52 52 53 53 54 54 55 55 56 56 30 31 32 57 58 59 60 61 62 63 23 24 25 18 19 20 21 22 64 65 66 67 64 65 66 67 68 69 70 71 72 73 74 75 33 76 77 78 79 10 11 80 81 82 83 84 13 14 15 85 86 87 88 89 63 90 91 92 93 5 90 91 92 93 60 61 62 80 81 82 83 84 86 87 88 89 57 58 59 26 27 28 29 68 69 70 71 94 95 96 97 98 76 85 94 95 99 51 12 72 73 74 75 6 7 8 9 77 78 79 96 97 98 34 35 36 37 38 39 40 41 42 43 44 45 46 47 48 49 50 16 17 99 
60854
30
4 4 3 1 4 4 3 3 3 5 4 1 1 5 5 2 1 2 1 4 3 1 1 5 2 4 3 1 3 17 
48 19 19 34 9 29 34 18 25 21 44 25 19 36 17 16 40 58 61 27 15 20 12 3 10 29 23 6 59 19 
53 55 22 61 63 55 68 26 53 21 54 47 33 53 27 70 61 61 70 28 39 61 61 15 35 62 54 52 69 69 
205 760 168 645 906 265 723 439 888 657 954 464 800 324 757 704 917 488 832 894 726 421 705 326 752 361 786 447 723 628 
23 23 23 23 23 27 4 4 4 4 24 24 22 20 20 20 23 23 23 23 23 15 15 14 14 14 14 14 7 7 7 1 1 1 1 2 2 2 12 29 29 29 29 29 29 29 29 29 29 29 29 29 29 29 29 29 21 9 9 9 9 9 9 9 9 9 9 2 2 2 26 26 26 8 8 8 11 7 7 7 14 14 14 14 14 19 19 19 19 19 19 19 19 5 5 5 5 25 25 25 25 12 3 6 6 6 24 24 13 13 13 13 13 20 20 20 16 10 10 10 10 11 0 0 0 0 27 0 0 0 0 8 8 8 13 13 13 13 13 10 10 10 10 26 26 26 1 1 1 1 5 5 5 5 17 17 28 28 28 3 16 17 17 18 21 22 25 25 25 25 4 4 4 4 6 6 6 28 28 28 29 29 29 29 29 29 29 29 29 29 29 29 29 29 29 29 29 15 15 18 