350
100
2
2 2 2 2 2 2 2 2 2 3 3 3 3 3 3 3 3 3 3 3 3 3 3 3 3 4 4 4 4 5 5 6 6 6 6 6 6 6 6 8 8 8 8 8 8 8 8 8 8 8 8 8 8 8 8 8 8 8 8 12 12 12 12 18 18 18 18 18 18 19 19 19 19 19 19 20 20 20 20 20 20 23 23 23 23 23 23 24 24 24 24 24 24 24 24 24 27 27 27 27 27 27 30 30 30 30 30 30 30 30 31 31 31 31 31 31 31 31 31 31 31 31 31 35 35 35 35 35 35 35 36 36 37 37 37 37 37 38 38 38 38 38 43 43 43 43 43 43 43 43 44 44 44 44 44 50 50 50 50 50 53 53 53 53 53 53 53 66 66 66 66 66 66 66 66 66 68 68 68 68 68 68 68 68 68 68 68 68 68 68 68 68 69 69 69 69 69 69 69 69 
50 51 52 53 54 55 56 57 58 176 177 178 179 180 181 182 183 184 185 186 187 188 189 190 191 59 60 61 62 39 40 192 193 194 195 196 197 198 199 29 30 130 131 160 161 162 163 164 165 166 0 1 2 3 4 5 6 7 8 25 26 27 28 96 97 98 99 100 101 110 111 112 113 114 115 81 82 83 84 85 86 75 76 77 78 79 80 167 168 169 170 171 172 173 174 175 63 64 65 66 67 68 142 143 144 145 146 147 148 149 69 70 71 72 73 74 123 124 125 126 127 128 129 116 117 118 119 120 121 122 41 42 137 138 139 140 141 132 133 134 135 136 102 103 104 105 106 107 108 109 155 156 157 158 159 150 151 152 153 154 43 44 45 46 47 48 49 87 88 89 90 91 92 93 94 95 9 10 11 12 13 14 15 16 17 18 19 20 21 22 23 24 31 32 33 34 35 36 37 38 
512 512 512 512 512 512 512 512 512 512 512 512 512 512 512 512 512 512 512 512 512 512 512 512 512 477 477 477 477 882 882 1000 1000 1000 1000 1000 1000 1000 1000 882 882 820 820 526 526 526 526 526 526 526 512 512 512 512 512 512 512 512 512 477 477 477 477 669 669 669 669 669 669 713 713 713 713 713 713 861 861 861 861 861 861 861 861 861 861 861 861 251 251 251 251 251 251 251 251 251 669 669 669 669 669 669 283 283 283 283 283 283 283 283 713 713 713 713 713 713 850 850 850 850 850 850 850 850 850 850 850 850 850 850 820 820 947 947 947 947 947 947 947 947 947 947 283 283 283 283 283 283 283 283 333 333 333 333 333 333 333 333 333 333 526 526 526 526 526 526 526 251 251 251 251 251 251 251 251 251 512 512 512 512 512 512 512 512 512 512 512 512 512 512 512 512 1000 1000 1000 1000 1000 1000 1000 1000 
0 1 2 3 4 5 6 7 8 9 10 11 12 13 14 15 16 17 18 19 20 21 22 23 24 25 26 27 28 29 30 31 32 33 34 35 36 37 38 29 30 39 40 41 42 43 44 45 46 47 0 1 2 3 4 5 6 7 8 25 26 27 28 48 49 50 51 52 53 54 55 56 57 58 59 60 61 62 63 64 65 60 61 62 63 64 65 66 67 68 69 70 71 72 73 74 48 49 50 51 52 53 75 76 77 78 79 80 81 82 54 55 56 57 58 59 83 84 85 86 87 88 89 83 84 85 86 87 88 89 39 40 90 91 92 93 94 90 91 92 93 94 75 76 77 78 79 80 81 82 95 96 97 98 99 95 96 97 98 99 41 42 43 44 45 46 47 66 67 68 69 70 71 72 73 74 9 10 11 12 13 14 15 16 17 18 19 20 21 22 23 24 31 32 33 34 35 36 37 38 
60125
15
2 6 2 6 5 6 9 8 4 7 5 7 9 8 16 
5 18 8 20 37 19 24 30 4 8 44 31 2 6 3 
8 27 36 23 38 31 66 43 12 53 50 35 8 69 68 
882 669 820 861 947 713 251 283 477 526 333 850 512 1000 512 
12 12 12 12 12 12 12 12 12 14 14 14 14 14 14 14 14 14 14 14 14 14 14 14 14 8 8 8 8 0 0 13 13 13 13 13 13 13 13 0 0 2 2 9 9 9 9 9 9 9 12 12 12 12 12 12 12 12 12 8 8 8 8 1 1 1 1 1 1 5 5 5 5 5 5 3 3 3 3 3 3 3 3 3 3 3 3 6 6 6 6 6 6 6 6 6 1 1 1 1 1 1 7 7 7 7 7 7 7 7 5 5 5 5 5 5 11 11 11 11 11 11 11 11 11 11 11 11 11 11 2 2 4 4 4 4 4 4 4 4 4 4 7 7 7 7 7 7 7 7 10 10 10 10 10 10 10 10 10 10 9 9 9 9 9 9 9 6 6 6 6 6 6 6 6 6 14 14 14 14 14 14 14 14 14 14 14 14 14 14 14 14 13 13 13 13 13 13 13 13 