888
100
2
2 2 2 2 5 5 5 6 6 6 6 6 6 6 6 6 7 7 7 7 11 12 12 14 20 21 21 23 23 23 24 24 24 24 24 28 28 28 28 28 28 30 30 30 30 31 31 31 31 31 31 31 31 31 31 31 31 31 31 31 31 31 31 31 31 32 33 33 33 33 33 33 34 34 34 34 38 38 38 38 38 38 38 38 38 38 39 40 40 40 40 40 41 41 41 41 41 41 41 43 43 43 43 43 43 43 43 43 43 43 43 43 43 43 44 44 44 44 44 44 44 45 45 45 45 45 45 45 45 45 45 46 46 46 46 46 48 48 48 48 52 52 52 52 52 52 52 52 53 53 53 53 54 54 54 54 55 55 55 55 58 58 58 59 59 60 60 60 60 64 64 64 65 65 65 66 67 67 67 67 68 68 68 68 68 68 68 68 68 68 68 68 68 68 68 68 68 68 68 68 
114 115 116 117 140 141 142 35 36 37 38 39 40 172 173 174 72 73 74 75 66 97 98 65 145 146 147 125 126 152 99 100 101 102 103 7 8 9 10 11 12 127 128 129 130 180 181 182 183 184 185 186 187 188 189 190 191 192 193 194 195 196 197 198 199 23 20 104 105 106 107 108 16 17 18 19 92 93 94 95 96 109 110 111 112 113 151 143 144 169 170 171 76 77 78 79 80 21 22 30 31 32 33 34 67 68 69 70 71 81 82 83 84 85 0 1 2 3 153 154 155 176 177 178 179 27 28 41 42 43 44 175 136 137 138 139 132 133 134 135 4 5 6 87 88 24 25 26 160 161 162 86 29 118 119 120 165 166 167 168 148 149 150 164 163 156 157 158 159 89 90 91 13 14 15 131 121 122 123 124 45 46 47 48 49 50 51 52 53 54 55 56 57 58 59 60 61 62 63 64 
326 326 326 326 556 556 556 279 279 279 279 177 177 763 763 763 724 724 724 724 662 928 928 875 812 827 827 980 980 763 545 545 545 545 545 279 279 279 279 177 177 954 954 954 954 789 789 789 789 789 789 789 789 789 789 789 789 789 789 789 789 789 789 789 789 875 662 682 682 682 682 682 724 724 724 724 477 477 477 477 477 532 532 532 532 532 222 943 943 352 352 352 477 477 477 477 477 928 928 545 545 545 545 545 682 682 682 682 682 532 532 532 532 532 326 326 326 326 985 985 985 668 668 668 668 980 980 954 954 954 954 728 565 565 565 565 565 565 565 565 556 556 556 943 943 812 827 827 341 341 341 222 763 985 985 985 194 194 194 194 341 341 341 375 375 194 194 194 194 352 352 352 763 763 763 728 668 668 668 668 789 789 789 789 789 789 789 789 789 789 789 789 789 789 789 789 789 789 789 789 
0 1 2 3 4 5 6 7 8 9 10 11 12 13 14 15 16 17 18 19 20 21 22 23 24 25 26 27 28 29 30 31 32 33 34 7 8 9 10 11 12 35 36 37 38 39 40 41 42 43 44 45 46 47 48 49 50 51 52 53 54 55 56 57 58 23 20 59 60 61 62 63 16 17 18 19 64 65 66 67 68 69 70 71 72 73 74 75 76 77 78 79 64 65 66 67 68 21 22 30 31 32 33 34 59 60 61 62 63 69 70 71 72 73 0 1 2 3 80 81 82 83 84 85 86 27 28 35 36 37 38 87 88 89 90 91 88 89 90 91 4 5 6 75 76 24 25 26 92 93 94 74 29 80 81 82 95 96 97 98 92 93 94 99 99 95 96 97 98 77 78 79 13 14 15 87 83 84 85 86 39 40 41 42 43 44 45 46 47 48 49 50 51 52 53 54 55 56 57 58 
62938
29
3 4 1 4 4 3 4 4 2 1 1 5 2 1 2 1 1 4 5 5 3 3 5 2 4 2 3 1 20 
53 6 39 55 45 5 2 7 40 46 59 38 23 11 6 20 23 46 24 33 6 40 38 12 30 21 44 14 31 
58 28 53 60 67 52 44 34 52 66 59 41 45 33 28 52 54 48 43 43 65 64 43 41 45 52 54 32 68 
341 279 222 194 668 556 326 724 943 728 375 477 980 662 177 812 763 565 545 682 763 352 532 928 954 827 985 875 789 
6 6 6 6 5 5 5 1 1 1 1 14 14 20 20 20 7 7 7 7 13 23 23 27 15 25 25 12 12 16 18 18 18 18 18 1 1 1 1 14 14 24 24 24 24 28 28 28 28 28 28 28 28 28 28 28 28 28 28 28 28 28 28 28 28 27 13 19 19 19 19 19 7 7 7 7 11 11 11 11 11 22 22 22 22 22 2 8 8 21 21 21 11 11 11 11 11 23 23 18 18 18 18 18 19 19 19 19 19 22 22 22 22 22 6 6 6 6 26 26 26 4 4 4 4 12 12 24 24 24 24 9 17 17 17 17 17 17 17 17 5 5 5 8 8 15 25 25 0 0 0 2 16 26 26 26 3 3 3 3 0 0 0 10 10 3 3 3 3 21 21 21 20 20 20 9 4 4 4 4 28 28 28 28 28 28 28 28 28 28 28 28 28 28 28 28 28 28 28 28 