132
100
2
2 2 2 2 2 2 2 2 5 5 5 5 5 5 5 5 5 5 5 5 5 6 6 6 10 10 10 10 11 11 11 11 17 17 17 17 17 17 17 17 17 17 17 17 17 17 17 17 17 20 20 20 20 20 20 20 20 20 20 20 20 20 20 20 24 24 24 24 24 24 24 24 24 24 24 24 24 24 26 26 26 26 26 26 26 26 26 26 26 26 26 26 26 26 26 26 29 29 29 29 29 32 32 32 32 32 32 32 32 32 34 34 36 36 36 38 38 38 38 38 38 38 38 38 38 40 40 40 40 40 40 40 40 41 41 41 41 41 44 44 44 44 44 44 44 44 46 46 46 46 46 46 46 46 47 47 47 47 47 47 47 48 48 48 48 48 48 48 48 48 48 54 54 56 56 58 58 58 58 59 59 59 59 59 59 59 59 59 64 64 64 64 64 64 64 64 64 64 69 69 
8 9 10 11 12 13 14 15 0 1 2 3 4 5 6 7 21 22 23 171 172 16 17 18 28 29 30 31 24 25 26 27 154 155 156 157 158 159 160 188 189 190 191 192 193 194 195 196 197 115 116 117 118 119 120 121 122 123 124 96 97 98 99 100 183 184 185 186 187 101 102 103 104 105 106 107 108 109 161 162 163 164 165 166 167 168 169 170 125 126 127 128 129 130 131 132 59 60 61 62 63 69 70 71 72 73 74 75 76 77 173 174 135 136 137 49 50 51 52 53 54 55 56 57 58 88 89 90 91 92 93 94 95 198 199 112 113 114 146 147 148 149 150 151 152 153 138 139 140 141 142 143 144 145 32 33 34 35 36 37 38 78 79 80 81 82 83 84 85 86 87 19 20 110 111 179 180 181 182 175 176 177 178 64 65 66 67 68 39 40 41 42 43 44 45 46 47 48 133 134 
860 860 860 860 860 860 860 860 860 860 860 860 860 860 860 860 752 752 752 928 928 752 752 752 236 236 236 236 236 236 236 236 221 221 221 221 221 221 221 960 960 960 960 960 960 960 960 960 960 192 192 192 192 192 192 192 192 192 192 419 419 419 419 419 282 282 282 282 282 635 635 635 635 635 635 635 635 635 304 304 304 304 304 304 304 304 304 304 522 522 522 522 522 522 522 522 419 419 419 419 419 635 635 635 635 635 635 635 635 635 643 643 624 624 624 192 192 192 192 192 192 192 192 192 192 522 522 522 522 522 522 522 522 734 734 624 624 624 864 864 864 864 864 864 864 864 864 864 864 864 864 864 864 864 221 221 221 221 221 221 221 304 304 304 304 304 304 304 304 304 304 928 928 643 643 831 831 831 831 831 831 831 831 282 282 282 282 282 960 960 960 960 960 960 960 960 960 960 734 734 
0 1 2 3 4 5 6 7 0 1 2 3 4 5 6 7 8 9 10 11 12 8 9 10 13 14 15 16 13 14 15 16 17 18 19 20 21 22 23 24 25 26 27 28 29 30 31 32 33 34 35 36 37 38 39 40 41 42 43 44 45 46 47 48 49 50 51 52 53 54 55 56 57 58 59 60 61 62 63 64 65 66 67 68 69 70 71 72 73 74 75 76 77 78 79 80 44 45 46 47 48 54 55 56 57 58 59 60 61 62 81 82 83 84 85 34 35 36 37 38 39 40 41 42 43 73 74 75 76 77 78 79 80 86 87 83 84 85 88 89 90 91 92 93 94 95 88 89 90 91 92 93 94 95 17 18 19 20 21 22 23 63 64 65 66 67 68 69 70 71 72 11 12 81 82 96 97 98 99 96 97 98 99 49 50 51 52 53 24 25 26 27 28 29 30 31 32 33 86 87 
56301
17
7 8 2 10 3 10 4 10 3 8 2 4 8 2 5 5 9 
17 2 41 17 36 20 58 26 5 26 5 10 44 34 20 24 24 
47 5 69 64 41 38 59 48 6 40 54 11 46 56 29 59 32 
221 860 734 960 624 192 831 304 752 522 928 236 864 643 419 282 635 
1 1 1 1 1 1 1 1 1 1 1 1 1 1 1 1 8 8 8 10 10 8 8 8 11 11 11 11 11 11 11 11 0 0 0 0 0 0 0 3 3 3 3 3 3 3 3 3 3 5 5 5 5 5 5 5 5 5 5 14 14 14 14 14 15 15 15 15 15 16 16 16 16 16 16 16 16 16 7 7 7 7 7 7 7 7 7 7 9 9 9 9 9 9 9 9 14 14 14 14 14 16 16 16 16 16 16 16 16 16 13 13 4 4 4 5 5 5 5 5 5 5 5 5 5 9 9 9 9 9 9 9 9 2 2 4 4 4 12 12 12 12 12 12 12 12 12 12 12 12 12 12 12 12 0 0 0 0 0 0 0 7 7 7 7 7 7 7 7 7 7 10 10 13 13 6 6 6 6 6 6 6 6 15 15 15 15 15 3 3 3 3 3 3 3 3 3 3 2 2 