674
100
2
2 2 2 2 2 2 2 2 2 2 2 5 5 5 5 5 5 6 6 6 6 8 8 8 8 8 8 8 10 10 10 10 10 10 10 11 11 11 11 13 13 13 13 13 15 15 15 15 16 16 16 16 16 16 16 17 17 17 19 19 19 19 20 20 20 22 22 22 22 22 22 22 22 22 22 22 22 23 23 30 30 30 30 30 30 33 33 34 35 35 35 35 38 38 38 38 38 38 38 38 38 38 38 38 38 38 38 38 38 41 41 42 42 42 42 42 44 44 45 45 46 46 46 47 47 47 47 47 47 47 47 48 48 48 49 49 50 50 52 52 52 52 52 52 53 53 53 53 56 58 58 58 58 58 58 58 58 58 58 58 58 58 58 58 58 58 58 58 58 58 58 58 58 62 62 62 62 62 62 62 62 66 66 66 66 66 66 66 66 66 66 66 66 66 70 70 70 70 70 70 
159 160 161 162 163 164 165 144 145 146 147 138 139 140 141 142 143 88 89 90 91 28 29 30 31 32 33 34 21 22 23 24 25 26 27 65 66 67 68 48 49 50 129 130 169 170 171 172 39 40 41 92 93 94 95 120 121 122 155 156 157 158 166 167 168 35 36 37 38 173 174 175 176 177 178 179 180 118 119 149 150 151 152 153 154 134 135 148 17 18 19 20 51 52 53 54 181 182 183 184 185 186 187 188 189 190 191 192 193 116 117 131 132 133 136 137 109 110 77 78 55 56 57 194 195 196 197 198 199 42 43 111 112 113 85 86 114 115 11 12 13 14 15 16 7 8 9 10 87 79 80 81 82 83 84 58 59 60 61 0 1 2 3 4 5 6 62 63 64 44 45 46 47 69 70 71 72 73 74 75 76 96 97 98 99 100 101 102 103 104 105 106 107 108 123 124 125 126 127 128 
380 380 380 380 380 380 380 786 786 786 786 165 165 165 165 165 165 527 527 527 527 160 160 160 160 160 160 160 160 160 160 160 160 160 160 705 705 705 705 734 734 734 784 784 704 704 704 704 734 734 734 166 166 166 166 212 212 212 389 389 389 389 977 977 977 705 705 705 705 618 618 618 618 618 618 618 618 799 799 516 516 516 516 516 516 892 892 988 527 527 527 527 166 166 166 166 802 802 802 802 802 802 802 802 802 802 802 802 802 301 301 230 230 230 430 430 301 301 799 799 212 212 212 992 992 992 992 992 992 784 784 230 230 230 892 892 430 430 165 165 165 165 165 165 786 786 786 786 988 516 516 516 516 516 516 389 389 389 389 380 380 380 380 380 380 380 977 977 977 704 704 704 704 618 618 618 618 618 618 618 618 802 802 802 802 802 802 802 802 802 802 802 802 802 992 992 992 992 992 992 
0 1 2 3 4 5 6 7 8 9 10 11 12 13 14 15 16 17 18 19 20 21 22 23 24 25 26 27 21 22 23 24 25 26 27 28 29 30 31 32 33 34 35 36 37 38 39 40 32 33 34 41 42 43 44 45 46 47 48 49 50 51 52 53 54 28 29 30 31 55 56 57 58 59 60 61 62 63 64 65 66 67 68 69 70 71 72 73 17 18 19 20 41 42 43 44 74 75 76 77 78 79 80 81 82 83 84 85 86 87 88 89 90 91 92 93 87 88 63 64 45 46 47 94 95 96 97 98 99 35 36 89 90 91 71 72 92 93 11 12 13 14 15 16 7 8 9 10 73 65 66 67 68 69 70 48 49 50 51 0 1 2 3 4 5 6 52 53 54 37 38 39 40 55 56 57 58 59 60 61 62 74 75 76 77 78 79 80 81 82 83 84 85 86 94 95 96 97 98 99 
56155
23
3 2 1 4 2 3 6 8 4 2 6 4 3 2 2 7 7 6 3 4 4 4 13 
13 33 34 11 23 42 47 22 6 41 30 19 17 13 42 8 2 5 20 15 2 16 38 
16 49 56 22 45 48 70 62 35 44 58 58 46 47 50 10 58 52 58 58 53 38 66 
734 892 988 705 799 230 992 618 527 301 516 389 212 784 430 160 380 165 977 704 786 166 802 
16 16 16 16 16 16 16 20 20 20 20 17 17 17 17 17 17 8 8 8 8 15 15 15 15 15 15 15 15 15 15 15 15 15 15 3 3 3 3 0 0 0 13 13 19 19 19 19 0 0 0 21 21 21 21 12 12 12 11 11 11 11 18 18 18 3 3 3 3 7 7 7 7 7 7 7 7 4 4 10 10 10 10 10 10 1 1 2 8 8 8 8 21 21 21 21 22 22 22 22 22 22 22 22 22 22 22 22 22 9 9 5 5 5 14 14 9 9 4 4 12 12 12 6 6 6 6 6 6 13 13 5 5 5 1 1 14 14 17 17 17 17 17 17 20 20 20 20 2 10 10 10 10 10 10 11 11 11 11 16 16 16 16 16 16 16 18 18 18 19 19 19 19 7 7 7 7 7 7 7 7 22 22 22 22 22 22 22 22 22 22 22 22 22 6 6 6 6 6 6 