405
100
2
1 1 1 1 1 1 1 1 1 1 1 1 1 1 1 1 1 1 1 4 4 4 4 4 4 4 4 8 8 8 8 8 9 9 11 11 14 14 14 14 14 14 15 15 15 15 17 17 17 17 17 17 17 17 17 17 18 18 18 18 18 20 20 20 20 20 20 20 20 20 20 20 20 20 20 20 20 20 20 20 21 21 21 21 21 21 21 22 24 24 24 24 24 30 30 30 30 30 30 30 30 30 30 31 31 32 32 32 32 34 35 35 35 35 36 36 36 36 36 36 38 38 38 38 39 39 39 41 41 42 42 42 42 42 42 42 42 43 44 44 45 45 45 47 47 47 47 47 48 48 48 48 48 48 48 50 50 50 50 50 50 50 50 54 54 54 54 54 55 55 55 55 55 55 55 55 58 58 58 58 59 59 59 59 59 59 59 59 60 60 60 60 64 65 65 67 67 68 68 68 
61 62 63 64 65 66 67 68 69 70 71 72 73 74 75 76 77 78 79 188 189 190 191 155 156 157 158 168 169 170 171 172 34 35 32 33 91 92 151 152 153 154 105 106 107 108 47 46 49 48 51 50 53 52 55 54 110 111 112 113 137 0 1 2 3 4 5 6 7 8 9 10 11 12 13 14 15 16 17 18 180 181 182 183 173 174 175 109 163 164 165 36 37 114 115 116 117 140 141 142 197 198 199 195 196 42 43 44 45 87 56 57 58 59 93 94 95 96 127 128 176 177 178 179 148 149 150 118 119 143 144 145 146 147 193 194 192 60 166 167 97 98 99 129 130 131 132 133 124 125 126 38 39 40 41 23 24 25 26 184 185 186 187 88 89 90 138 139 27 28 29 30 31 84 85 86 120 121 122 123 80 81 82 83 159 160 161 162 19 20 21 22 136 134 135 103 104 100 101 102 
967 967 967 967 967 967 967 967 967 967 967 967 967 967 967 967 967 967 967 293 293 293 293 409 409 409 409 739 739 739 739 739 571 571 571 571 213 213 509 509 509 509 692 692 692 692 475 475 475 475 475 475 475 475 475 475 591 591 591 591 904 967 967 967 967 967 967 967 967 967 967 967 967 967 967 967 967 967 967 967 828 828 828 828 324 324 324 457 283 283 283 213 213 995 995 995 995 719 719 719 265 265 265 817 817 692 692 692 692 457 591 591 591 591 995 995 995 995 756 756 336 336 336 336 967 967 967 756 756 375 375 375 375 375 827 827 325 904 656 656 719 719 719 375 375 375 375 375 967 967 967 509 509 509 509 409 409 409 409 994 994 994 994 283 283 283 656 656 739 739 739 739 739 324 324 324 336 336 336 336 828 828 828 828 994 994 994 994 293 293 293 293 325 827 827 817 817 265 265 265 
0 1 2 3 4 5 6 7 8 9 10 11 12 13 14 15 16 17 18 19 20 21 22 23 24 25 26 27 28 29 30 31 32 33 32 33 34 35 36 37 38 39 40 41 42 43 44 44 45 45 46 46 47 47 48 48 49 50 51 52 53 0 1 2 3 4 5 6 7 8 9 10 11 12 13 14 15 16 17 18 54 55 56 57 58 59 60 61 62 63 64 34 35 65 66 67 68 69 70 71 72 73 74 75 76 40 41 42 43 61 49 50 51 52 65 66 67 68 77 78 79 80 81 82 83 84 85 77 78 86 87 88 89 90 91 92 93 53 94 95 69 70 71 86 87 88 89 90 83 84 85 36 37 38 39 23 24 25 26 96 97 98 99 62 63 64 94 95 27 28 29 30 31 58 59 60 79 80 81 82 54 55 56 57 96 97 98 99 19 20 21 22 93 91 92 75 76 72 73 74 
65946
27
1 3 3 4 5 4 4 2 5 2 2 4 3 5 4 4 3 4 1 4 2 2 3 1 4 2 19 
22 24 39 30 8 4 38 44 42 42 36 21 21 17 4 18 30 50 42 15 14 9 30 18 14 31 1 
34 54 48 36 55 60 58 54 47 65 41 59 55 17 50 35 45 59 64 32 24 11 68 43 48 67 20 
457 283 967 995 739 293 336 656 375 827 756 828 324 475 409 591 719 994 325 692 213 571 265 904 509 817 967 
26 26 26 26 26 26 26 26 26 26 26 26 26 26 26 26 26 26 26 5 5 5 5 14 14 14 14 4 4 4 4 4 21 21 21 21 20 20 24 24 24 24 19 19 19 19 13 13 13 13 13 13 13 13 13 13 15 15 15 15 23 26 26 26 26 26 26 26 26 26 26 26 26 26 26 26 26 26 26 26 11 11 11 11 12 12 12 0 1 1 1 20 20 3 3 3 3 16 16 16 22 22 22 25 25 19 19 19 19 0 15 15 15 15 3 3 3 3 10 10 6 6 6 6 2 2 2 10 10 8 8 8 8 8 9 9 18 23 7 7 16 16 16 8 8 8 8 8 2 2 2 24 24 24 24 14 14 14 14 17 17 17 17 1 1 1 7 7 4 4 4 4 4 12 12 12 6 6 6 6 11 11 11 11 17 17 17 17 5 5 5 5 18 9 9 25 25 22 22 22 