691
100
2
1 1 5 5 6 6 10 10 10 10 10 10 11 11 11 11 11 11 12 12 12 12 12 12 12 12 14 14 14 14 17 17 17 17 20 20 20 20 20 20 20 20 20 20 20 20 20 20 21 21 21 21 21 21 21 21 21 22 22 22 22 22 22 22 22 22 22 22 22 22 22 24 24 24 24 24 24 24 24 24 24 24 24 24 26 26 26 27 27 27 27 27 29 29 29 29 29 32 32 32 33 33 33 33 36 36 36 36 36 36 36 36 36 39 39 39 39 39 39 39 39 39 48 48 49 49 49 50 50 50 50 50 51 51 51 51 51 51 51 51 51 53 53 53 53 53 53 53 53 53 54 54 54 54 54 54 54 54 54 54 54 54 54 54 54 54 54 63 63 63 63 63 63 63 63 63 63 63 63 63 63 63 63 63 68 68 68 68 68 68 68 68 69 69 69 69 69 69 69 69 
122 123 4 5 2 3 12 13 14 15 16 17 6 7 8 9 10 11 184 185 186 187 188 189 190 191 100 101 102 103 80 81 82 83 127 128 129 130 131 113 114 115 116 117 118 119 120 121 71 72 73 74 75 76 77 78 79 153 154 155 156 157 158 159 160 161 162 163 164 165 166 48 49 50 51 52 53 54 55 56 30 31 32 33 124 125 126 92 93 94 95 96 87 88 89 90 91 150 151 152 26 27 28 29 141 142 143 144 145 146 147 148 149 39 40 41 42 43 44 45 46 47 0 1 84 85 86 34 35 36 37 38 175 176 177 178 179 180 181 182 183 104 105 106 107 108 109 110 111 112 97 98 99 57 58 59 60 61 62 63 64 65 66 67 68 69 70 192 193 194 195 196 197 198 199 132 133 134 135 136 137 138 139 140 18 19 20 21 22 23 24 25 167 168 169 170 171 172 173 174 
803 803 810 810 810 810 802 802 802 802 802 802 802 802 802 802 802 802 232 232 232 232 232 232 232 232 234 234 234 234 850 850 850 850 487 487 487 487 487 244 244 244 244 244 244 244 244 244 429 429 429 429 429 429 429 429 429 658 658 658 658 658 658 658 658 658 658 658 658 658 658 429 429 429 429 429 429 429 429 429 850 850 850 850 642 642 642 907 907 907 907 907 907 907 907 907 907 364 364 364 234 234 234 234 646 646 646 646 646 646 646 646 646 244 244 244 244 244 244 244 244 244 803 803 642 642 642 487 487 487 487 487 545 545 545 545 545 545 545 545 545 646 646 646 646 646 646 646 646 646 364 364 364 658 658 658 658 658 658 658 658 658 658 658 658 658 658 964 964 964 964 964 964 964 964 545 545 545 545 545 545 545 545 545 232 232 232 232 232 232 232 232 964 964 964 964 964 964 964 964 
0 1 2 3 2 3 4 5 6 7 8 9 4 5 6 7 8 9 10 11 12 13 14 15 16 17 18 19 20 21 22 23 24 25 26 27 28 29 30 31 32 33 34 35 36 37 38 39 40 41 42 43 44 45 46 47 48 49 50 51 52 53 54 55 56 57 58 59 60 61 62 40 41 42 43 44 45 46 47 48 22 23 24 25 63 64 65 66 67 68 69 70 66 67 68 69 70 71 72 73 18 19 20 21 74 75 76 77 78 79 80 81 82 31 32 33 34 35 36 37 38 39 0 1 63 64 65 26 27 28 29 30 83 84 85 86 87 88 89 90 91 74 75 76 77 78 79 80 81 82 71 72 73 49 50 51 52 53 54 55 56 57 58 59 60 61 62 92 93 94 95 96 97 98 99 83 84 85 86 87 88 89 90 91 10 11 12 13 14 15 16 17 92 93 94 95 96 97 98 99 
57918
16
9 4 5 8 3 9 3 5 4 2 8 9 9 6 2 14 
21 14 20 63 26 51 32 27 17 1 12 20 36 10 5 22 
24 33 50 69 49 63 54 29 24 48 68 39 53 11 6 54 
429 234 487 964 642 545 364 907 850 803 232 244 646 802 810 658 
9 9 14 14 14 14 13 13 13 13 13 13 13 13 13 13 13 13 10 10 10 10 10 10 10 10 1 1 1 1 8 8 8 8 2 2 2 2 2 11 11 11 11 11 11 11 11 11 0 0 0 0 0 0 0 0 0 15 15 15 15 15 15 15 15 15 15 15 15 15 15 0 0 0 0 0 0 0 0 0 8 8 8 8 4 4 4 7 7 7 7 7 7 7 7 7 7 6 6 6 1 1 1 1 12 12 12 12 12 12 12 12 12 11 11 11 11 11 11 11 11 11 9 9 4 4 4 2 2 2 2 2 5 5 5 5 5 5 5 5 5 12 12 12 12 12 12 12 12 12 6 6 6 15 15 15 15 15 15 15 15 15 15 15 15 15 15 3 3 3 3 3 3 3 3 5 5 5 5 5 5 5 5 5 10 10 10 10 10 10 10 10 3 3 3 3 3 3 3 3 