268
100
2
3 3 3 3 3 3 3 3 6 6 6 6 12 12 12 12 12 12 12 12 12 12 13 13 15 15 15 16 16 16 16 16 16 19 19 19 22 22 22 22 22 22 22 22 23 23 23 23 23 23 23 23 23 24 24 24 24 24 24 24 24 25 25 26 26 28 28 28 28 28 28 31 38 38 38 38 38 38 39 39 39 39 39 39 44 44 44 44 44 44 44 46 46 46 46 46 47 47 47 47 47 47 47 47 47 47 47 47 47 47 47 47 47 47 49 49 49 49 49 49 49 49 49 49 49 50 50 50 50 50 50 50 50 50 50 50 50 50 50 50 50 50 50 59 59 59 59 59 61 61 61 61 61 61 61 61 61 61 63 63 63 63 63 64 64 64 66 66 66 66 66 66 66 67 67 67 67 67 67 67 67 67 67 67 67 67 67 67 67 67 67 67 67 68 68 68 68 68 68 68 
53 54 55 56 57 58 59 60 96 97 98 99 148 149 150 151 152 153 154 155 156 157 61 62 163 164 165 65 66 67 68 69 70 93 94 95 72 73 74 75 76 77 115 116 125 126 127 128 129 130 131 132 133 0 1 2 3 4 5 6 7 22 23 198 199 27 28 29 30 31 32 114 36 37 38 39 40 41 100 101 102 103 104 105 175 176 177 178 179 180 181 173 174 33 34 35 8 9 10 11 78 79 80 81 82 83 117 118 119 120 121 122 123 124 71 42 43 106 107 108 109 110 111 112 113 44 45 46 47 48 49 50 51 52 189 190 191 192 158 159 160 161 162 193 194 195 196 197 12 13 14 15 16 17 18 19 20 21 138 139 140 141 142 24 25 26 182 183 184 185 186 187 188 91 92 84 85 86 87 88 89 90 166 167 168 169 170 171 172 134 135 136 137 143 144 145 146 147 63 64 
393 393 393 393 393 393 393 393 443 443 443 443 481 481 481 481 481 481 481 481 481 481 762 762 939 939 939 398 398 398 398 398 398 409 409 409 236 236 236 236 236 236 781 781 213 213 213 213 213 213 213 213 213 393 393 393 393 393 393 393 393 762 762 359 359 398 398 398 398 398 398 880 236 236 236 236 236 236 867 867 867 867 867 867 216 216 216 216 216 216 216 318 318 409 409 409 443 443 443 443 867 867 867 867 867 867 833 833 833 833 833 833 833 833 880 781 781 833 833 833 833 833 833 833 833 213 213 213 213 213 213 213 213 213 274 274 274 274 242 242 242 242 242 511 511 511 511 511 481 481 481 481 481 481 481 481 481 481 242 242 242 242 242 939 939 939 985 985 985 985 985 985 985 318 318 216 216 216 216 216 216 216 985 985 985 985 985 985 985 274 274 274 274 511 511 511 511 511 359 359 
0 1 2 3 4 5 6 7 8 9 10 11 12 13 14 15 16 17 18 19 20 21 22 23 24 25 26 27 28 29 30 31 32 33 34 35 36 37 38 39 40 41 42 43 44 45 46 47 48 49 50 51 52 0 1 2 3 4 5 6 7 22 23 53 54 27 28 29 30 31 32 55 36 37 38 39 40 41 56 57 58 59 60 61 62 63 64 65 66 67 68 69 70 33 34 35 8 9 10 11 56 57 58 59 60 61 71 72 73 74 75 76 77 78 55 42 43 71 72 73 74 75 76 77 78 44 45 46 47 48 49 50 51 52 79 80 81 82 83 84 85 86 87 88 89 90 91 92 12 13 14 15 16 17 18 19 20 21 83 84 85 86 87 24 25 26 93 94 95 96 97 98 99 69 70 62 63 64 65 66 67 68 93 94 95 96 97 98 99 79 80 81 82 88 89 90 91 92 53 54 
49945
20
2 7 8 6 5 7 1 4 6 9 3 2 4 2 3 6 5 2 8 10 
46 44 3 22 59 66 31 6 39 23 19 26 50 13 15 16 50 22 47 12 
67 67 24 38 68 67 49 47 47 50 46 68 67 25 64 28 63 49 49 61 
318 216 393 236 511 985 880 443 867 213 409 359 274 762 939 398 242 781 833 481 
2 2 2 2 2 2 2 2 7 7 7 7 19 19 19 19 19 19 19 19 19 19 13 13 14 14 14 15 15 15 15 15 15 10 10 10 3 3 3 3 3 3 17 17 9 9 9 9 9 9 9 9 9 2 2 2 2 2 2 2 2 13 13 11 11 15 15 15 15 15 15 6 3 3 3 3 3 3 8 8 8 8 8 8 1 1 1 1 1 1 1 0 0 10 10 10 7 7 7 7 8 8 8 8 8 8 18 18 18 18 18 18 18 18 6 17 17 18 18 18 18 18 18 18 18 9 9 9 9 9 9 9 9 9 12 12 12 12 16 16 16 16 16 4 4 4 4 4 19 19 19 19 19 19 19 19 19 19 16 16 16 16 16 14 14 14 5 5 5 5 5 5 5 0 0 1 1 1 1 1 1 1 5 5 5 5 5 5 5 12 12 12 12 4 4 4 4 4 11 11 