464
100
2
3 3 3 6 6 6 6 6 8 8 8 9 9 12 12 12 16 17 17 17 17 17 17 17 17 17 17 17 17 17 17 17 17 17 17 17 18 18 18 18 18 21 25 25 25 25 25 25 25 25 25 25 26 26 26 26 26 26 26 26 28 28 28 28 28 29 29 29 30 30 30 30 31 31 31 31 33 33 33 33 33 34 34 34 34 34 35 35 35 35 35 35 35 36 36 37 37 37 37 37 37 37 37 37 37 37 37 37 37 37 37 37 37 37 37 37 37 37 37 38 38 39 39 39 39 40 40 40 41 43 43 43 44 44 45 45 45 45 45 45 45 45 47 48 48 48 48 48 51 51 51 51 51 52 52 53 53 53 53 53 54 54 55 55 55 55 56 56 56 58 58 58 58 58 58 58 58 59 59 59 59 59 60 60 60 60 63 63 66 66 66 67 67 67 67 67 67 67 67 68 
142 70 71 81 82 83 84 85 188 189 190 68 69 139 140 141 138 100 101 102 103 104 105 106 107 108 109 110 111 112 113 114 115 116 117 118 177 178 179 180 181 198 143 144 145 169 170 171 121 122 123 124 125 126 127 99 173 174 175 176 155 156 157 158 159 86 87 88 11 12 1 2 73 72 75 74 148 149 150 151 152 3 4 5 6 7 65 66 67 162 163 164 165 186 187 134 135 136 137 55 17 18 19 20 21 22 23 24 25 26 27 28 29 30 31 32 33 34 35 153 154 48 49 50 51 52 53 54 199 191 192 193 146 147 95 96 97 98 16 13 14 15 0 42 43 44 132 133 76 77 78 79 80 119 120 60 61 62 63 64 167 168 89 90 91 92 172 160 161 45 46 47 166 56 57 58 59 36 37 38 39 40 194 195 196 197 93 94 8 9 10 129 130 131 182 183 184 185 41 128 
530 898 898 635 635 635 635 635 284 284 284 270 270 630 630 630 804 461 461 461 461 461 461 461 461 461 461 461 461 461 461 461 461 461 461 461 275 275 275 275 275 639 170 170 170 642 642 642 608 608 608 608 422 422 422 261 763 763 763 763 982 982 982 982 982 660 660 660 270 270 898 898 900 900 900 900 305 305 305 305 305 635 635 635 635 635 660 660 660 996 996 996 996 216 216 181 181 181 181 261 461 461 461 461 461 461 461 461 461 461 461 461 461 461 461 461 461 461 461 823 823 608 608 608 608 422 422 422 275 976 976 976 788 788 181 181 181 181 804 630 630 630 530 170 170 170 788 788 305 305 305 305 305 823 823 982 982 982 982 982 330 330 996 996 996 996 372 330 330 642 642 642 372 763 763 763 763 275 275 275 275 275 792 792 792 792 216 216 284 284 284 976 976 976 792 792 792 792 639 275 
0 1 2 3 4 5 6 7 8 9 10 11 12 13 14 15 16 17 18 19 20 21 22 23 24 25 26 27 28 29 30 31 32 33 34 35 36 37 38 39 40 41 42 43 44 45 46 47 48 49 50 51 52 53 54 55 56 57 58 59 60 61 62 63 64 65 66 67 11 12 1 2 68 68 69 69 70 71 72 73 74 3 4 5 6 7 65 66 67 75 76 77 78 79 80 81 82 83 84 55 17 18 19 20 21 22 23 24 25 26 27 28 29 30 31 32 33 34 35 85 86 48 49 50 51 52 53 54 87 88 89 90 91 92 81 82 83 84 16 13 14 15 0 42 43 44 91 92 70 71 72 73 74 85 86 60 61 62 63 64 93 94 75 76 77 78 95 93 94 45 46 47 95 56 57 58 59 36 37 38 39 40 96 97 98 99 79 80 8 9 10 88 89 90 96 97 98 99 41 87 
55787
30
3 3 4 2 5 2 3 1 5 1 3 3 2 5 5 1 4 1 3 2 1 2 1 2 4 3 2 4 4 19 
25 43 60 36 6 31 29 41 18 3 25 26 9 33 28 56 37 16 12 44 21 54 26 38 26 8 3 35 25 17 
48 67 67 63 34 31 35 68 59 47 58 40 30 51 53 58 45 45 45 48 67 56 37 52 58 66 30 55 39 37 
170 976 792 216 635 900 660 275 275 530 642 422 270 305 982 372 181 804 630 788 639 330 261 823 763 284 898 996 608 461 
9 26 26 4 4 4 4 4 25 25 25 12 12 18 18 18 17 29 29 29 29 29 29 29 29 29 29 29 29 29 29 29 29 29 29 29 8 8 8 8 8 20 0 0 0 10 10 10 28 28 28 28 11 11 11 22 24 24 24 24 14 14 14 14 14 6 6 6 12 12 26 26 5 5 5 5 13 13 13 13 13 4 4 4 4 4 6 6 6 27 27 27 27 3 3 16 16 16 16 22 29 29 29 29 29 29 29 29 29 29 29 29 29 29 29 29 29 29 29 23 23 28 28 28 28 11 11 11 7 1 1 1 19 19 16 16 16 16 17 18 18 18 9 0 0 0 19 19 13 13 13 13 13 23 23 14 14 14 14 14 21 21 27 27 27 27 15 21 21 10 10 10 15 24 24 24 24 8 8 8 8 8 2 2 2 2 3 3 25 25 25 1 1 1 2 2 2 2 20 7 