222
100
2
1 1 1 1 1 1 3 3 12 12 12 12 12 12 12 12 15 15 15 15 15 15 15 15 15 15 15 15 15 15 15 15 15 15 15 15 15 15 18 18 18 20 20 20 20 20 20 20 20 23 23 23 24 24 24 24 25 25 27 27 27 28 28 28 28 28 28 28 28 28 28 28 31 31 35 35 35 35 35 38 38 38 38 38 38 38 38 38 38 38 38 38 38 38 38 41 41 43 43 43 43 43 43 43 43 43 44 44 44 44 46 46 46 46 46 46 46 46 46 46 46 46 46 46 46 46 46 46 46 46 46 46 47 47 54 54 54 54 54 54 54 54 54 54 54 55 55 55 59 59 60 60 60 61 61 61 61 61 61 61 61 61 61 61 61 61 61 61 61 62 62 62 62 62 62 62 62 62 62 62 63 63 67 67 67 67 67 67 67 67 67 67 67 67 67 67 67 67 67 67 
49 50 51 150 151 152 180 181 41 42 43 44 45 46 47 48 61 62 63 64 65 66 67 68 69 70 71 121 122 123 124 125 126 127 128 129 130 131 145 146 147 8 9 10 11 12 13 14 15 0 1 2 106 107 108 109 72 73 97 98 99 16 17 18 19 20 21 22 23 24 25 26 56 57 193 194 195 196 197 153 154 155 156 157 158 159 160 161 162 163 164 165 166 167 168 132 133 58 59 60 101 100 103 102 105 104 52 53 54 55 169 170 171 172 173 174 175 176 177 178 179 27 28 29 30 31 32 33 34 35 36 37 95 96 182 183 184 185 186 187 188 189 190 191 192 38 39 40 198 199 3 4 5 79 80 81 82 83 84 85 86 87 88 89 90 91 92 93 94 110 111 112 113 114 115 116 117 118 119 120 6 7 134 135 136 137 138 139 140 141 142 143 144 74 75 76 77 78 148 149 
749 749 749 180 180 180 662 662 221 221 221 221 221 221 221 221 381 381 381 381 381 381 381 381 381 381 381 152 152 152 152 152 152 152 152 152 152 152 608 608 608 221 221 221 221 221 221 221 221 749 749 749 467 467 467 467 745 745 574 574 574 381 381 381 381 381 381 381 381 381 381 381 745 745 153 153 153 153 153 303 303 303 303 303 303 303 303 303 303 303 303 303 303 303 303 510 510 574 574 574 279 279 279 279 279 279 467 467 467 467 829 829 829 829 829 829 829 829 829 829 829 152 152 152 152 152 152 152 152 152 152 152 510 510 723 723 723 723 723 723 723 723 723 723 723 608 608 608 426 426 180 180 180 303 303 303 303 303 303 303 303 303 303 303 303 303 303 303 303 829 829 829 829 829 829 829 829 829 829 829 662 662 723 723 723 723 723 723 723 723 723 723 723 153 153 153 153 153 426 426 
0 1 2 3 4 5 6 7 8 9 10 11 12 13 14 15 16 17 18 19 20 21 22 23 24 25 26 27 28 29 30 31 32 33 34 35 36 37 38 39 40 8 9 10 11 12 13 14 15 0 1 2 41 42 43 44 45 46 47 48 49 16 17 18 19 20 21 22 23 24 25 26 45 46 50 51 52 53 54 55 56 57 58 59 60 61 62 63 64 65 66 67 68 69 70 71 72 47 48 49 73 73 74 74 75 75 41 42 43 44 76 77 78 79 80 81 82 83 84 85 86 27 28 29 30 31 32 33 34 35 36 37 71 72 87 88 89 90 91 92 93 94 95 96 97 38 39 40 98 99 3 4 5 55 56 57 58 59 60 61 62 63 64 65 66 67 68 69 70 76 77 78 79 80 81 82 83 84 85 86 6 7 87 88 89 90 91 92 93 94 95 96 97 50 51 52 53 54 98 99 
44040
17
2 8 2 3 11 5 3 3 4 3 3 2 2 11 11 11 16 
25 12 41 18 54 35 27 1 24 1 43 59 3 15 46 15 38 
31 20 47 55 67 67 43 23 44 60 43 67 63 28 62 46 61 
745 221 510 608 723 153 574 749 467 180 279 426 662 381 829 152 303 
7 7 7 9 9 9 12 12 1 1 1 1 1 1 1 1 13 13 13 13 13 13 13 13 13 13 13 15 15 15 15 15 15 15 15 15 15 15 3 3 3 1 1 1 1 1 1 1 1 7 7 7 8 8 8 8 0 0 6 6 6 13 13 13 13 13 13 13 13 13 13 13 0 0 5 5 5 5 5 16 16 16 16 16 16 16 16 16 16 16 16 16 16 16 16 2 2 6 6 6 10 10 10 10 10 10 8 8 8 8 14 14 14 14 14 14 14 14 14 14 14 15 15 15 15 15 15 15 15 15 15 15 2 2 4 4 4 4 4 4 4 4 4 4 4 3 3 3 11 11 9 9 9 16 16 16 16 16 16 16 16 16 16 16 16 16 16 16 16 14 14 14 14 14 14 14 14 14 14 14 12 12 4 4 4 4 4 4 4 4 4 4 4 5 5 5 5 5 11 11 