43
100
2
1 1 1 1 3 3 3 3 3 3 3 3 3 3 4 4 4 4 4 4 4 4 4 4 4 4 4 7 7 7 9 9 9 9 9 12 12 12 12 17 17 17 17 18 18 18 18 18 18 18 18 18 19 19 19 19 19 19 19 19 19 19 19 19 19 19 21 21 21 21 21 21 21 21 21 21 21 21 22 22 22 22 22 23 23 23 23 23 23 25 25 25 25 25 25 25 25 25 25 25 25 25 25 25 25 25 25 25 25 25 25 25 25 25 26 26 26 31 31 31 31 31 31 31 32 32 32 32 32 32 32 34 34 34 36 36 36 36 36 36 36 39 40 40 40 40 40 40 41 41 41 41 41 41 41 41 41 41 41 41 41 42 42 42 42 42 42 43 46 46 46 46 46 46 46 59 59 59 59 59 59 59 61 61 61 61 61 61 61 61 61 61 65 67 67 69 69 69 69 69 
167 32 33 34 131 132 133 134 135 136 137 138 139 140 39 40 41 42 43 44 45 46 47 48 49 50 51 114 115 116 193 194 1 2 3 188 189 190 191 14 15 16 17 18 19 20 21 22 23 24 25 26 148 149 102 103 104 105 106 107 108 109 110 111 112 113 195 196 197 198 199 175 176 177 178 179 180 181 156 157 158 159 160 182 183 184 185 186 187 161 162 163 164 165 166 168 169 170 171 172 173 174 54 55 56 57 58 59 60 61 62 63 64 65 27 28 29 124 125 126 127 128 129 130 117 118 119 120 121 122 123 4 5 6 7 8 9 10 11 12 13 192 150 151 152 153 154 155 52 53 142 143 144 145 146 147 78 79 80 81 82 89 90 91 92 93 94 0 95 96 97 98 99 100 101 71 72 73 74 75 76 77 83 84 85 86 87 88 35 36 37 38 141 30 31 66 67 68 69 70 
623 314 314 314 966 966 966 435 435 435 435 435 435 435 239 239 239 239 514 514 514 514 514 426 426 426 426 649 649 649 811 811 314 314 314 404 404 404 404 239 239 239 239 514 514 514 514 514 426 426 426 426 808 808 799 799 799 799 799 799 799 799 799 799 799 799 565 565 565 565 565 691 691 691 691 691 691 691 324 324 324 324 324 293 293 293 293 293 293 334 334 334 334 334 334 468 468 468 468 468 468 468 799 799 799 799 799 799 799 799 799 799 799 799 649 649 649 750 750 750 750 750 750 750 750 750 750 750 750 750 750 966 966 966 435 435 435 435 435 435 435 591 928 928 928 928 928 928 808 808 928 928 928 928 928 928 324 324 324 324 324 334 334 334 334 334 334 623 468 468 468 468 468 468 468 691 691 691 691 691 691 691 293 293 293 293 293 293 404 404 404 404 591 811 811 565 565 565 565 565 
0 1 2 3 4 5 6 7 8 9 10 11 12 13 14 15 16 17 18 19 20 21 22 23 24 25 26 27 28 29 30 31 1 2 3 32 33 34 35 14 15 16 17 18 19 20 21 22 23 24 25 26 36 37 38 39 40 41 42 43 44 45 46 47 48 49 50 51 52 53 54 55 56 57 58 59 60 61 62 63 64 65 66 67 68 69 70 71 72 73 74 75 76 77 78 79 80 81 82 83 84 85 38 39 40 41 42 43 44 45 46 47 48 49 27 28 29 86 87 88 89 90 91 92 86 87 88 89 90 91 92 4 5 6 7 8 9 10 11 12 13 93 94 95 96 97 98 99 36 37 94 95 96 97 98 99 62 63 64 65 66 73 74 75 76 77 78 0 79 80 81 82 83 84 85 55 56 57 58 59 60 61 67 68 69 70 71 72 32 33 34 35 93 30 31 50 51 52 53 54 
56856
21
3 1 5 6 4 3 2 7 6 7 7 1 5 6 2 4 7 4 3 5 12 
3 39 21 25 4 7 19 25 40 21 3 1 4 23 9 12 31 4 1 22 19 
34 65 69 42 17 26 41 46 41 59 36 43 18 61 67 61 32 18 9 41 25 
966 591 565 334 239 649 808 468 928 691 435 623 514 293 811 404 750 426 314 324 799 
11 18 18 18 0 0 0 10 10 10 10 10 10 10 4 4 4 4 12 12 12 12 12 17 17 17 17 5 5 5 14 14 18 18 18 15 15 15 15 4 4 4 4 12 12 12 12 12 17 17 17 17 6 6 20 20 20 20 20 20 20 20 20 20 20 20 2 2 2 2 2 9 9 9 9 9 9 9 19 19 19 19 19 13 13 13 13 13 13 3 3 3 3 3 3 7 7 7 7 7 7 7 20 20 20 20 20 20 20 20 20 20 20 20 5 5 5 16 16 16 16 16 16 16 16 16 16 16 16 16 16 0 0 0 10 10 10 10 10 10 10 1 8 8 8 8 8 8 6 6 8 8 8 8 8 8 19 19 19 19 19 3 3 3 3 3 3 11 7 7 7 7 7 7 7 9 9 9 9 9 9 9 13 13 13 13 13 13 15 15 15 15 1 14 14 2 2 2 2 2 