953
100
2
1 1 1 1 1 1 1 1 1 3 3 3 3 3 3 3 3 3 3 3 3 3 3 3 3 13 13 13 13 13 13 13 13 13 20 20 20 20 20 20 20 20 20 28 28 28 28 28 28 28 28 28 28 28 28 32 32 32 32 32 32 32 32 32 32 32 32 32 36 36 36 36 36 36 36 36 36 36 36 36 36 36 36 36 36 36 36 36 36 36 36 40 40 40 40 40 47 47 47 47 47 49 49 49 49 49 49 49 49 49 49 49 49 49 49 51 51 51 51 51 51 51 51 51 51 51 51 51 55 55 55 55 55 55 55 55 55 55 55 55 55 55 55 55 56 56 56 56 56 56 56 56 56 58 58 58 58 58 58 58 58 58 58 58 58 58 58 58 58 58 62 62 62 62 62 62 62 62 62 62 62 62 62 67 67 67 67 67 67 67 67 67 67 67 67 68 68 68 68 68 
91 92 93 94 95 166 167 168 169 128 129 130 131 132 133 134 135 136 137 138 139 140 141 142 143 82 83 84 85 86 87 88 89 90 144 145 146 147 148 149 150 151 152 183 184 185 186 187 188 189 190 191 192 193 194 115 116 117 118 119 120 121 122 123 124 125 126 127 101 102 103 104 105 106 107 108 109 110 111 112 113 114 25 26 27 28 29 30 31 32 33 0 1 2 3 4 195 196 197 198 199 68 69 70 71 72 73 74 75 76 77 78 79 80 81 55 56 57 58 59 60 61 62 63 64 65 66 67 9 10 11 12 13 14 15 16 17 18 19 20 21 22 23 24 34 35 36 37 38 39 40 41 42 170 171 172 173 174 175 176 177 178 179 180 181 182 5 6 7 8 153 154 155 156 157 158 159 160 161 162 163 164 165 43 44 45 46 47 48 49 50 51 52 53 54 96 97 98 99 100 
794 794 794 794 794 785 785 785 785 234 234 234 234 234 234 234 234 234 234 234 234 234 234 234 234 688 688 688 688 688 688 688 688 688 429 429 429 429 429 429 429 429 429 663 663 663 663 663 663 663 663 663 663 663 663 677 677 677 677 677 677 677 677 677 677 677 677 677 955 955 955 955 955 955 955 955 955 955 955 955 955 955 688 688 688 688 688 688 688 688 688 794 794 794 794 794 256 256 256 256 256 955 955 955 955 955 955 955 955 955 955 955 955 955 955 677 677 677 677 677 677 677 677 677 677 677 677 677 234 234 234 234 234 234 234 234 234 234 234 234 234 234 234 234 429 429 429 429 429 429 429 429 429 864 864 864 864 864 864 864 864 864 864 864 864 864 785 785 785 785 864 864 864 864 864 864 864 864 864 864 864 864 864 663 663 663 663 663 663 663 663 663 663 663 663 256 256 256 256 256 
0 1 2 3 4 5 6 7 8 9 10 11 12 13 14 15 16 17 18 19 20 21 22 23 24 25 26 27 28 29 30 31 32 33 34 35 36 37 38 39 40 41 42 43 44 45 46 47 48 49 50 51 52 53 54 55 56 57 58 59 60 61 62 63 64 65 66 67 68 69 70 71 72 73 74 75 76 77 78 79 80 81 25 26 27 28 29 30 31 32 33 0 1 2 3 4 82 83 84 85 86 68 69 70 71 72 73 74 75 76 77 78 79 80 81 55 56 57 58 59 60 61 62 63 64 65 66 67 9 10 11 12 13 14 15 16 17 18 19 20 21 22 23 24 34 35 36 37 38 39 40 41 42 87 88 89 90 91 92 93 94 95 96 97 98 99 5 6 7 8 87 88 89 90 91 92 93 94 95 96 97 98 99 43 44 45 46 47 48 49 50 51 52 53 54 82 83 84 85 86 
63546
10
13 5 14 5 9 12 13 9 4 16 
58 1 36 47 13 28 32 20 1 3 
62 40 49 68 36 67 51 56 58 55 
864 794 955 256 688 663 677 429 785 234 
1 1 1 1 1 8 8 8 8 9 9 9 9 9 9 9 9 9 9 9 9 9 9 9 9 4 4 4 4 4 4 4 4 4 7 7 7 7 7 7 7 7 7 5 5 5 5 5 5 5 5 5 5 5 5 6 6 6 6 6 6 6 6 6 6 6 6 6 2 2 2 2 2 2 2 2 2 2 2 2 2 2 4 4 4 4 4 4 4 4 4 1 1 1 1 1 3 3 3 3 3 2 2 2 2 2 2 2 2 2 2 2 2 2 2 6 6 6 6 6 6 6 6 6 6 6 6 6 9 9 9 9 9 9 9 9 9 9 9 9 9 9 9 9 7 7 7 7 7 7 7 7 7 0 0 0 0 0 0 0 0 0 0 0 0 0 8 8 8 8 0 0 0 0 0 0 0 0 0 0 0 0 0 5 5 5 5 5 5 5 5 5 5 5 5 3 3 3 3 3 