295
100
2
2 2 2 2 3 3 3 3 3 3 4 4 6 6 6 6 6 6 6 6 6 6 6 6 6 6 7 7 8 8 8 10 10 10 10 10 13 13 13 13 17 17 17 17 17 17 17 17 18 18 18 18 18 18 18 18 18 18 18 18 22 27 27 27 27 27 29 29 29 29 29 29 29 29 29 30 30 30 32 32 32 32 32 33 33 33 33 33 33 33 33 33 33 33 34 34 34 35 35 35 35 39 39 39 39 39 39 39 39 40 40 40 40 40 40 41 41 41 41 41 43 43 43 43 43 43 43 43 43 46 46 46 46 46 47 47 47 47 47 47 47 47 48 48 51 51 51 51 51 51 51 51 54 54 54 54 54 54 54 54 54 54 54 54 60 60 60 61 61 61 61 61 62 62 62 62 62 63 63 63 63 63 68 69 69 69 69 69 69 70 70 70 70 70 70 70 70 70 70 70 
36 37 38 39 123 124 125 126 127 128 118 119 189 190 191 192 193 168 169 170 171 61 62 63 64 65 134 135 149 150 151 172 173 174 175 176 0 1 2 3 41 40 43 42 45 44 47 46 152 153 154 155 156 157 158 159 160 161 162 163 167 21 22 23 24 25 194 195 196 197 198 199 120 121 122 94 95 96 182 97 98 99 100 183 184 185 186 187 188 177 178 179 180 181 75 76 77 79 80 81 82 144 145 146 147 148 131 132 133 136 137 138 139 140 141 164 165 166 10 11 72 73 74 4 5 6 7 8 9 142 143 106 107 108 26 27 109 110 111 112 113 114 129 130 101 102 103 104 105 28 29 30 48 49 50 51 52 53 54 55 56 57 58 59 115 116 117 60 17 18 19 20 31 32 33 34 35 89 90 91 92 93 78 83 84 85 86 87 88 12 13 14 15 16 66 67 68 69 70 71 
909 909 909 909 558 558 558 558 558 558 321 321 293 293 293 293 293 491 491 491 491 178 178 178 178 178 635 635 263 263 263 992 992 992 992 992 909 909 909 909 193 193 193 193 193 193 193 193 677 677 677 677 677 677 677 677 677 677 677 677 807 178 178 178 178 178 761 761 761 761 761 761 698 698 698 307 307 307 288 758 758 758 758 741 741 741 741 741 741 479 479 479 479 479 307 307 307 758 758 758 758 423 423 423 423 423 248 248 248 228 228 228 228 228 228 586 586 586 321 321 698 698 698 558 558 558 558 558 558 939 939 248 248 248 635 635 228 228 228 228 228 228 939 939 423 423 423 423 423 263 263 263 677 677 677 677 677 677 677 677 677 677 677 677 586 586 586 807 491 491 491 491 992 992 992 992 992 479 479 479 479 479 288 741 741 741 741 741 741 293 293 293 293 293 761 761 761 761 761 761 
0 1 2 3 4 5 6 7 8 9 10 11 12 13 14 15 16 17 18 19 20 21 22 23 24 25 26 27 28 29 30 31 32 33 34 35 0 1 2 3 36 36 37 37 38 38 39 39 40 41 42 43 44 45 46 47 48 49 50 51 52 21 22 23 24 25 53 54 55 56 57 58 59 60 61 62 63 64 65 66 67 68 69 70 71 72 73 74 75 76 77 78 79 80 62 63 64 66 67 68 69 81 82 83 84 85 86 87 88 89 90 91 92 93 94 95 96 97 10 11 59 60 61 4 5 6 7 8 9 98 99 86 87 88 26 27 89 90 91 92 93 94 98 99 81 82 83 84 85 28 29 30 40 41 42 43 44 45 46 47 48 49 50 51 95 96 97 52 17 18 19 20 31 32 33 34 35 76 77 78 79 80 65 70 71 72 73 74 75 12 13 14 15 16 53 54 55 56 57 58 
54272
24
1 3 5 1 5 2 4 6 4 6 2 3 6 3 4 5 5 4 2 3 3 5 6 12 
32 41 6 22 39 7 32 29 17 40 4 29 33 30 6 33 6 2 46 39 8 10 3 18 
68 60 70 61 51 47 35 70 17 47 41 43 69 34 61 63 27 13 48 46 51 62 43 54 
288 586 293 807 423 635 758 761 193 228 321 698 741 307 491 479 178 909 939 248 263 992 558 677 
17 17 17 17 22 22 22 22 22 22 10 10 2 2 2 2 2 14 14 14 14 16 16 16 16 16 5 5 20 20 20 21 21 21 21 21 17 17 17 17 8 8 8 8 8 8 8 8 23 23 23 23 23 23 23 23 23 23 23 23 3 16 16 16 16 16 7 7 7 7 7 7 11 11 11 13 13 13 0 6 6 6 6 12 12 12 12 12 12 15 15 15 15 15 13 13 13 6 6 6 6 4 4 4 4 4 19 19 19 9 9 9 9 9 9 1 1 1 10 10 11 11 11 22 22 22 22 22 22 18 18 19 19 19 5 5 9 9 9 9 9 9 18 18 4 4 4 4 4 20 20 20 23 23 23 23 23 23 23 23 23 23 23 23 1 1 1 3 14 14 14 14 21 21 21 21 21 15 15 15 15 15 0 12 12 12 12 12 12 2 2 2 2 2 7 7 7 7 7 7 