223
100
2
1 1 1 1 1 1 3 3 3 3 3 3 3 3 3 3 3 3 3 3 3 4 4 4 4 4 4 4 4 4 4 4 4 4 4 4 4 4 10 10 10 10 10 10 12 12 12 12 12 12 13 13 13 13 13 18 18 20 20 20 23 23 23 23 23 23 23 23 23 23 23 24 24 24 24 24 24 24 29 29 32 32 32 32 32 32 32 32 32 32 32 32 32 32 32 33 33 37 37 37 37 37 37 39 39 39 47 47 47 47 47 47 51 51 51 51 51 52 52 52 52 52 52 52 52 52 52 52 52 53 53 53 53 53 55 55 55 55 55 55 55 55 55 55 55 55 55 55 55 55 55 55 57 57 58 58 58 58 58 59 59 59 60 60 63 63 63 63 63 63 63 63 64 64 64 64 64 64 64 64 64 65 65 67 67 68 68 68 68 68 68 68 68 68 68 68 68 68 68 68 
44 45 46 47 48 49 164 165 166 167 168 169 170 171 172 173 174 175 176 177 178 117 118 119 120 121 27 26 29 28 31 30 33 32 35 34 37 36 97 98 99 100 101 102 0 1 2 3 4 5 129 130 131 132 133 110 111 80 81 82 106 107 108 109 122 123 124 125 126 127 128 88 89 90 91 92 93 94 162 163 57 58 59 134 135 136 137 138 71 72 73 74 75 76 77 185 186 38 39 40 41 42 43 159 160 161 60 61 62 63 55 56 154 155 156 157 158 21 22 23 24 25 64 65 66 67 68 69 70 50 51 52 53 54 83 84 85 86 87 187 188 189 190 191 192 193 194 195 196 197 198 199 179 180 112 113 114 115 116 103 104 105 78 79 6 7 8 9 10 11 12 13 14 15 16 17 18 19 20 152 153 183 184 181 182 95 96 139 140 141 142 143 144 145 146 147 148 149 150 151 
346 346 346 346 346 346 569 569 569 569 569 569 569 569 159 159 159 159 159 159 159 898 898 898 898 898 195 195 195 195 195 195 195 195 195 195 195 195 181 181 181 181 181 181 346 346 346 346 346 346 422 422 422 422 422 531 531 543 543 543 427 427 427 427 460 460 460 460 460 460 460 775 775 775 775 775 775 775 187 187 543 543 543 579 579 579 579 579 775 775 775 775 775 775 775 232 232 181 181 181 181 181 181 674 674 674 427 427 427 427 531 531 187 187 187 187 187 898 898 898 898 898 460 460 460 460 460 460 460 422 422 422 422 422 579 579 579 579 579 233 233 233 233 233 233 233 233 233 233 233 233 233 525 525 187 187 187 187 187 674 674 674 187 187 569 569 569 569 569 569 569 569 159 159 159 159 159 159 159 525 525 748 748 748 748 232 232 233 233 233 233 233 233 233 233 233 233 233 233 233 
0 1 2 3 4 5 6 7 8 9 10 11 12 13 14 15 16 17 18 19 20 21 22 23 24 25 26 26 27 27 28 28 29 29 30 30 31 31 32 33 34 35 36 37 0 1 2 3 4 5 38 39 40 41 42 43 44 45 46 47 48 49 50 51 52 53 54 55 56 57 58 59 60 61 62 63 64 65 66 67 45 46 47 68 69 70 71 72 59 60 61 62 63 64 65 73 74 32 33 34 35 36 37 75 76 77 48 49 50 51 43 44 78 79 80 81 82 21 22 23 24 25 52 53 54 55 56 57 58 38 39 40 41 42 68 69 70 71 72 83 84 85 86 87 88 89 90 91 92 93 94 95 96 97 78 79 80 81 82 75 76 77 66 67 6 7 8 9 10 11 12 13 14 15 16 17 18 19 20 96 97 98 99 98 99 73 74 83 84 85 86 87 88 89 90 91 92 93 94 95 
41906
20
4 3 8 5 2 5 2 7 2 2 2 7 6 6 5 7 3 6 5 13 
23 20 3 51 18 4 33 3 29 65 57 23 4 1 32 24 39 10 13 55 
47 32 63 58 47 52 68 64 60 67 64 52 4 12 55 32 59 37 53 68 
427 543 569 187 531 898 232 159 187 748 525 460 195 346 579 775 674 181 422 233 
13 13 13 13 13 13 2 2 2 2 2 2 2 2 7 7 7 7 7 7 7 5 5 5 5 5 12 12 12 12 12 12 12 12 12 12 12 12 17 17 17 17 17 17 13 13 13 13 13 13 18 18 18 18 18 4 4 1 1 1 0 0 0 0 11 11 11 11 11 11 11 15 15 15 15 15 15 15 8 8 1 1 1 14 14 14 14 14 15 15 15 15 15 15 15 6 6 17 17 17 17 17 17 16 16 16 0 0 0 0 4 4 3 3 3 3 3 5 5 5 5 5 11 11 11 11 11 11 11 18 18 18 18 18 14 14 14 14 14 19 19 19 19 19 19 19 19 19 19 19 19 19 10 10 3 3 3 3 3 16 16 16 8 8 2 2 2 2 2 2 2 2 7 7 7 7 7 7 7 10 10 9 9 9 9 6 6 19 19 19 19 19 19 19 19 19 19 19 19 19 