217
100
2
3 3 6 6 6 6 6 6 6 6 6 6 6 6 6 6 6 6 7 7 10 10 10 10 10 11 11 11 11 11 11 13 13 13 13 13 13 13 13 13 13 13 15 15 15 15 15 15 15 15 15 19 19 19 19 19 19 19 19 23 23 23 23 23 27 27 27 27 27 28 28 28 28 30 30 32 32 32 32 32 32 32 32 32 32 32 32 33 33 33 33 33 33 33 34 34 34 34 34 34 34 38 38 38 39 39 39 39 39 39 41 41 42 42 44 44 44 44 44 46 46 46 46 46 48 48 49 49 49 49 49 49 49 49 49 49 49 50 50 50 50 50 50 50 50 50 51 51 51 51 51 51 51 51 51 51 51 51 51 52 52 52 54 54 58 58 58 58 58 58 58 58 58 59 59 59 59 59 59 59 63 63 63 63 63 63 63 65 65 69 69 69 69 69 69 69 69 69 69 69 
47 48 56 57 58 146 147 148 149 150 151 152 153 154 155 156 157 158 104 105 64 65 66 67 68 131 132 133 134 135 136 193 194 195 196 197 198 199 106 107 108 109 168 169 170 171 172 0 1 124 125 94 95 96 97 98 2 3 4 141 142 143 144 145 20 21 22 23 24 137 138 139 140 112 113 87 88 89 90 91 92 93 126 127 128 129 130 75 76 77 78 79 80 81 51 52 53 54 55 162 163 159 160 161 18 19 38 39 40 41 187 188 73 74 119 120 121 122 123 114 115 116 117 118 49 50 82 83 84 85 86 25 26 27 28 29 30 69 70 71 72 59 60 61 62 63 5 6 7 8 9 10 11 12 13 14 15 16 17 101 102 103 99 100 189 190 191 192 42 43 44 45 46 180 181 182 183 184 185 186 173 174 175 176 177 178 179 110 111 164 165 166 167 31 32 33 34 35 36 37 
997 997 971 971 971 622 622 622 622 622 622 622 622 622 622 622 622 622 862 862 300 300 300 300 300 652 652 652 652 652 652 342 342 342 342 342 342 342 558 558 558 558 547 547 547 547 547 997 997 318 318 156 156 156 156 156 971 971 971 843 843 843 843 843 300 300 300 300 300 323 323 323 323 552 552 793 793 793 793 793 793 793 358 358 358 358 358 793 793 793 793 793 793 793 156 156 156 156 156 566 566 983 983 983 862 862 558 558 558 558 404 404 552 552 801 801 801 801 801 801 801 801 801 801 318 318 358 358 358 358 358 652 652 652 652 652 652 323 323 323 323 843 843 843 843 843 622 622 622 622 622 622 622 622 622 622 622 622 622 983 983 983 566 566 654 654 654 654 547 547 547 547 547 978 978 978 978 978 978 978 978 978 978 978 978 978 978 404 404 654 654 654 654 342 342 342 342 342 342 342 
0 1 2 3 4 5 6 7 8 9 10 11 12 13 14 15 16 17 18 19 20 21 22 23 24 25 26 27 28 29 30 31 32 33 34 35 36 37 38 39 40 41 42 43 44 45 46 0 1 47 48 49 50 51 52 53 2 3 4 54 55 56 57 58 20 21 22 23 24 59 60 61 62 63 64 65 66 67 68 69 70 71 72 73 74 75 76 65 66 67 68 69 70 71 49 50 51 52 53 77 78 79 80 81 18 19 38 39 40 41 82 83 63 64 84 85 86 87 88 84 85 86 87 88 47 48 72 73 74 75 76 25 26 27 28 29 30 59 60 61 62 54 55 56 57 58 5 6 7 8 9 10 11 12 13 14 15 16 17 79 80 81 77 78 89 90 91 92 42 43 44 45 46 93 94 95 96 97 98 99 93 94 95 96 97 98 99 82 83 89 90 91 92 31 32 33 34 35 36 37 
61214
22
4 7 4 5 3 7 5 5 2 2 2 5 5 5 3 7 6 2 2 2 4 13 
58 13 28 23 38 32 15 44 3 7 15 10 32 19 6 59 11 41 34 30 13 6 
69 69 50 50 52 33 58 46 15 39 48 27 49 34 19 63 49 65 54 42 39 51 
654 342 323 843 983 793 547 801 997 862 318 300 358 156 971 978 652 404 566 552 558 622 
8 8 14 14 14 21 21 21 21 21 21 21 21 21 21 21 21 21 9 9 11 11 11 11 11 16 16 16 16 16 16 1 1 1 1 1 1 1 20 20 20 20 6 6 6 6 6 8 8 10 10 13 13 13 13 13 14 14 14 3 3 3 3 3 11 11 11 11 11 2 2 2 2 19 19 5 5 5 5 5 5 5 12 12 12 12 12 5 5 5 5 5 5 5 13 13 13 13 13 18 18 4 4 4 9 9 20 20 20 20 17 17 19 19 7 7 7 7 7 7 7 7 7 7 10 10 12 12 12 12 12 16 16 16 16 16 16 2 2 2 2 3 3 3 3 3 21 21 21 21 21 21 21 21 21 21 21 21 21 4 4 4 18 18 0 0 0 0 6 6 6 6 6 15 15 15 15 15 15 15 15 15 15 15 15 15 15 17 17 0 0 0 0 1 1 1 1 1 1 1 