540
100
2
1 2 2 2 2 2 2 2 2 5 5 5 5 5 5 5 5 5 5 5 6 6 6 6 6 6 6 6 10 12 12 12 15 15 16 16 16 16 16 16 16 16 16 16 16 16 16 16 16 16 16 16 16 17 17 18 20 20 20 20 20 21 21 21 21 24 25 25 25 25 25 27 27 27 29 29 29 30 30 36 36 36 36 36 36 36 36 36 36 36 37 37 38 39 39 42 42 42 42 42 42 43 43 43 43 43 43 43 43 45 45 45 45 45 45 45 45 46 46 46 46 46 46 46 46 46 46 50 52 54 54 54 54 54 55 55 56 56 56 56 57 57 57 57 58 60 60 60 60 60 61 61 61 61 61 61 64 64 64 64 64 64 65 65 65 65 65 65 65 65 65 65 65 65 65 65 65 65 65 65 65 65 65 65 65 66 66 66 66 66 66 66 66 66 66 67 67 67 67 67 
127 9 10 11 12 13 71 72 73 1 2 3 4 5 113 114 115 116 134 135 141 142 143 188 189 190 191 192 128 197 198 199 61 62 166 167 168 169 170 171 172 173 174 175 176 177 178 179 180 181 182 183 184 63 64 144 145 146 147 148 149 32 33 53 54 70 136 137 138 139 65 6 7 8 106 107 108 195 196 122 123 124 125 126 156 157 158 159 160 161 193 194 140 132 133 150 151 152 153 154 155 117 118 119 120 121 74 75 76 162 163 164 165 14 15 16 17 101 102 103 104 105 79 80 81 82 83 0 28 185 186 187 93 94 18 19 66 67 68 69 92 20 21 22 55 56 57 58 59 60 95 96 97 98 99 100 84 85 86 87 88 89 109 110 111 112 34 35 36 37 38 39 40 41 42 43 44 45 46 47 48 49 50 51 52 129 130 131 23 24 25 26 27 90 91 77 78 29 30 31 
468 181 181 181 181 181 980 980 980 181 181 181 181 181 535 535 535 535 249 249 530 530 530 497 497 497 497 497 258 803 803 803 420 420 520 520 520 520 520 520 520 520 520 520 520 520 520 520 520 520 520 520 520 792 792 690 992 992 992 992 992 420 420 792 792 341 502 502 502 502 341 980 980 980 710 710 710 920 920 360 360 360 360 360 687 687 687 687 687 687 993 993 656 725 725 448 448 448 448 448 448 684 684 684 684 684 710 710 710 568 568 568 568 535 535 535 535 684 684 684 684 684 360 360 360 360 360 468 258 454 454 454 725 725 249 249 502 502 502 502 656 530 530 530 690 992 992 992 992 992 448 448 448 448 448 448 687 687 687 687 687 687 568 568 568 568 520 520 520 520 520 520 520 520 520 520 520 520 520 520 520 520 520 520 520 454 454 454 497 497 497 497 497 993 993 920 920 803 803 803 
0 1 2 3 4 5 6 7 8 1 2 3 4 5 9 10 11 12 13 14 15 16 17 18 19 20 21 22 23 24 25 26 27 28 29 30 31 32 33 34 35 36 37 38 39 40 41 42 43 44 45 46 47 48 49 50 51 52 53 54 55 27 28 48 49 56 57 58 59 60 56 6 7 8 61 62 63 64 65 66 67 68 69 70 71 72 73 74 75 76 77 78 79 80 81 82 83 84 85 86 87 88 89 90 91 92 61 62 63 93 94 95 96 9 10 11 12 88 89 90 91 92 66 67 68 69 70 0 23 97 98 99 80 81 13 14 57 58 59 60 79 15 16 17 50 51 52 53 54 55 82 83 84 85 86 87 71 72 73 74 75 76 93 94 95 96 29 30 31 32 33 34 35 36 37 38 39 40 41 42 43 44 45 46 47 97 98 99 18 19 20 21 22 77 78 64 65 24 25 26 
57722
27
3 1 5 2 1 4 5 3 5 5 4 6 5 3 2 2 4 2 2 6 1 1 3 2 3 1 19 
54 38 2 15 1 45 20 6 43 36 5 36 6 2 30 5 25 17 39 42 24 10 12 37 29 18 16 
66 57 5 21 50 65 60 57 46 46 45 64 66 27 67 55 56 21 54 61 25 52 67 66 43 58 65 
454 656 181 420 468 568 992 530 684 360 535 687 497 980 920 249 502 792 725 448 341 258 803 993 710 690 520 
4 2 2 2 2 2 13 13 13 2 2 2 2 2 10 10 10 10 15 15 7 7 7 12 12 12 12 12 21 22 22 22 3 3 26 26 26 26 26 26 26 26 26 26 26 26 26 26 26 26 26 26 26 17 17 25 6 6 6 6 6 3 3 17 17 20 16 16 16 16 20 13 13 13 24 24 24 14 14 9 9 9 9 9 11 11 11 11 11 11 23 23 1 18 18 19 19 19 19 19 19 8 8 8 8 8 24 24 24 5 5 5 5 10 10 10 10 8 8 8 8 8 9 9 9 9 9 4 21 0 0 0 18 18 15 15 16 16 16 16 1 7 7 7 25 6 6 6 6 6 19 19 19 19 19 19 11 11 11 11 11 11 5 5 5 5 26 26 26 26 26 26 26 26 26 26 26 26 26 26 26 26 26 26 26 0 0 0 12 12 12 12 12 23 23 14 14 22 22 22 