294
100
2
4 4 4 4 4 5 5 5 5 5 5 9 9 11 11 11 11 11 11 12 12 12 12 12 14 15 15 15 15 15 15 15 15 15 15 15 15 15 15 15 15 15 15 15 15 15 15 17 17 17 17 19 19 19 19 19 19 19 19 19 19 19 19 19 19 19 19 19 20 20 20 20 20 20 21 21 21 21 21 26 26 26 26 26 26 27 27 30 31 31 31 31 31 31 31 31 31 31 31 31 31 31 31 31 31 31 31 31 31 31 33 33 33 33 33 33 34 34 34 34 34 34 34 35 35 35 35 36 37 37 37 37 37 39 39 39 39 39 39 39 39 39 39 39 41 45 45 45 45 46 46 46 46 46 46 47 47 47 47 47 48 49 49 49 49 53 53 53 53 54 57 57 57 57 57 57 63 63 63 63 66 66 66 66 67 67 67 67 67 67 68 68 68 68 68 68 68 68 68 68 
155 156 157 158 159 13 14 15 16 17 18 68 69 5 6 7 8 9 10 139 140 141 142 143 87 26 25 28 27 30 29 32 31 34 33 116 117 118 119 120 121 122 128 129 130 131 132 161 162 163 164 93 94 95 96 97 98 99 100 101 102 103 104 105 106 107 108 109 11 12 149 150 151 152 88 89 90 91 92 170 171 172 173 174 175 153 154 24 74 75 76 77 78 51 52 53 54 55 56 57 58 59 60 61 62 63 64 65 66 67 133 134 135 136 137 138 35 36 37 38 39 40 41 145 146 147 148 160 42 43 44 45 46 110 111 112 113 114 115 19 20 21 22 23 169 123 124 125 126 70 71 72 73 85 86 0 1 2 3 4 127 47 48 49 50 180 181 182 183 144 79 80 81 82 83 84 196 197 198 199 165 166 167 168 190 191 192 193 194 195 184 185 186 187 188 189 176 177 178 179 
852 852 852 852 852 533 533 533 533 533 533 757 757 533 533 533 533 533 533 941 941 941 941 941 829 552 552 552 552 552 552 552 552 552 552 568 568 568 568 568 568 568 939 939 939 939 939 453 453 453 453 454 454 454 454 454 454 454 454 454 454 454 454 454 454 454 454 454 757 757 509 509 509 509 308 308 308 308 308 251 251 251 251 251 251 324 324 829 308 308 308 308 308 454 454 454 454 454 454 454 454 454 454 454 454 454 454 454 454 454 412 412 412 412 412 412 568 568 568 568 568 568 568 285 285 285 285 286 939 939 939 939 939 412 412 412 412 412 412 941 941 941 941 941 765 285 285 285 285 509 509 509 509 324 324 852 852 852 852 852 286 453 453 453 453 770 770 770 770 765 251 251 251 251 251 251 281 281 281 281 770 770 770 770 913 913 913 913 913 913 913 913 913 913 913 913 281 281 281 281 
0 1 2 3 4 5 6 7 8 9 10 11 12 5 6 7 8 9 10 13 14 15 16 17 18 19 19 20 20 21 21 22 22 23 23 24 25 26 27 28 29 30 31 32 33 34 35 36 37 38 39 40 41 42 43 44 45 46 47 48 49 50 51 52 53 54 55 56 11 12 57 58 59 60 61 62 63 64 65 66 67 68 69 70 71 72 73 18 61 62 63 64 65 40 41 42 43 44 45 46 47 48 49 50 51 52 53 54 55 56 74 75 76 77 78 79 24 25 26 27 28 29 30 80 81 82 83 84 31 32 33 34 35 74 75 76 77 78 79 13 14 15 16 17 85 80 81 82 83 57 58 59 60 72 73 0 1 2 3 4 84 36 37 38 39 86 87 88 89 85 66 67 68 69 70 71 90 91 92 93 86 87 88 89 94 95 96 97 98 99 94 95 96 97 98 99 90 91 92 93 
55542
21
5 6 7 6 4 2 5 4 5 6 2 5 4 5 1 6 1 4 4 1 17 
15 33 15 5 17 9 15 20 12 26 27 21 35 4 36 67 41 53 63 14 19 
15 39 34 11 49 20 37 46 39 57 46 31 45 47 48 68 54 66 68 30 31 
552 412 568 533 453 757 939 509 941 251 324 308 285 852 286 913 765 770 281 829 454 
13 13 13 13 13 3 3 3 3 3 3 5 5 3 3 3 3 3 3 8 8 8 8 8 19 0 0 0 0 0 0 0 0 0 0 2 2 2 2 2 2 2 6 6 6 6 6 4 4 4 4 20 20 20 20 20 20 20 20 20 20 20 20 20 20 20 20 20 5 5 7 7 7 7 11 11 11 11 11 9 9 9 9 9 9 10 10 19 11 11 11 11 11 20 20 20 20 20 20 20 20 20 20 20 20 20 20 20 20 20 1 1 1 1 1 1 2 2 2 2 2 2 2 12 12 12 12 14 6 6 6 6 6 1 1 1 1 1 1 8 8 8 8 8 16 12 12 12 12 7 7 7 7 10 10 13 13 13 13 13 14 4 4 4 4 17 17 17 17 16 9 9 9 9 9 9 18 18 18 18 17 17 17 17 15 15 15 15 15 15 15 15 15 15 15 15 18 18 18 18 