42
100
2
2 2 2 2 2 2 2 3 3 3 3 3 3 3 3 3 3 7 7 7 7 7 7 7 13 13 13 13 13 16 16 16 16 16 16 16 16 16 20 20 20 20 20 20 20 20 20 20 21 21 21 21 21 21 21 21 21 21 23 23 23 24 24 24 24 24 26 26 26 26 26 26 26 26 26 26 26 26 26 26 26 26 26 26 26 26 28 28 28 28 28 28 28 28 28 28 30 30 30 30 30 30 30 30 30 30 30 30 30 30 37 37 37 37 37 37 37 37 37 41 41 41 41 41 41 41 41 41 41 41 41 42 42 42 42 42 42 42 44 44 52 52 52 52 52 52 52 52 52 52 56 56 56 56 56 56 56 56 56 56 56 56 56 56 56 56 56 56 56 56 56 56 59 59 61 61 61 61 61 61 66 66 66 66 66 66 66 66 66 67 67 67 67 67 67 67 67 67 67 67 
17 29 30 31 32 33 34 96 97 98 131 132 133 134 135 136 137 0 174 175 176 177 178 179 86 87 88 89 90 1 2 3 4 5 6 189 190 191 140 141 142 143 144 145 146 147 148 149 119 120 121 122 123 124 125 126 127 128 91 92 93 105 106 107 108 109 99 100 101 102 103 104 158 159 160 161 162 163 164 165 166 167 168 169 170 171 24 25 26 27 28 58 59 60 129 130 7 8 9 66 67 68 69 70 71 61 62 63 64 65 180 181 182 183 184 185 186 187 188 48 49 50 51 52 53 54 55 56 57 94 95 10 11 12 13 14 15 16 172 173 38 39 40 41 42 43 44 45 46 47 192 193 194 195 196 197 198 199 72 73 74 75 76 77 78 79 80 81 82 83 84 85 138 139 18 19 20 21 22 23 110 111 112 113 114 115 116 117 118 35 36 37 150 151 152 153 154 155 156 157 
547 461 461 461 461 461 461 658 658 658 834 834 834 834 834 834 834 547 227 227 227 227 227 227 955 955 955 955 955 461 461 461 461 461 461 661 661 661 863 863 863 863 863 863 863 863 863 863 529 529 529 529 529 529 529 529 529 529 216 216 216 467 467 467 467 467 288 288 288 288 288 288 545 545 545 545 545 545 545 545 545 545 545 545 545 545 955 955 955 955 955 216 216 216 485 485 658 658 658 288 288 288 288 288 288 467 467 467 467 467 725 725 725 725 725 725 725 725 725 529 529 529 529 529 529 529 529 529 529 485 485 834 834 834 834 834 834 834 606 606 863 863 863 863 863 863 863 863 863 863 860 860 860 860 860 860 860 860 545 545 545 545 545 545 545 545 545 545 545 545 545 545 606 606 227 227 227 227 227 227 725 725 725 725 725 725 725 725 725 661 661 661 860 860 860 860 860 860 860 860 
0 1 2 3 4 5 6 7 8 9 10 11 12 13 14 15 16 0 17 18 19 20 21 22 23 24 25 26 27 1 2 3 4 5 6 28 29 30 31 32 33 34 35 36 37 38 39 40 41 42 43 44 45 46 47 48 49 50 51 52 53 54 55 56 57 58 59 60 61 62 63 64 65 66 67 68 69 70 71 72 73 74 75 76 77 78 23 24 25 26 27 51 52 53 79 80 7 8 9 59 60 61 62 63 64 54 55 56 57 58 81 82 83 84 85 86 87 88 89 41 42 43 44 45 46 47 48 49 50 79 80 10 11 12 13 14 15 16 90 91 31 32 33 34 35 36 37 38 39 40 92 93 94 95 96 97 98 99 65 66 67 68 69 70 71 72 73 74 75 76 77 78 90 91 17 18 19 20 21 22 81 82 83 84 85 86 87 88 89 28 29 30 92 93 94 95 96 97 98 99 
61093
17
1 6 10 6 5 3 3 6 2 10 9 5 3 2 8 7 14 
2 7 21 2 13 16 3 26 44 20 37 24 23 28 56 3 26 
7 61 41 16 28 67 30 30 59 52 66 30 28 41 67 42 56 
547 227 529 461 955 661 658 288 606 863 725 467 216 485 860 834 545 
0 3 3 3 3 3 3 6 6 6 15 15 15 15 15 15 15 0 1 1 1 1 1 1 4 4 4 4 4 3 3 3 3 3 3 5 5 5 9 9 9 9 9 9 9 9 9 9 2 2 2 2 2 2 2 2 2 2 12 12 12 11 11 11 11 11 7 7 7 7 7 7 16 16 16 16 16 16 16 16 16 16 16 16 16 16 4 4 4 4 4 12 12 12 13 13 6 6 6 7 7 7 7 7 7 11 11 11 11 11 10 10 10 10 10 10 10 10 10 2 2 2 2 2 2 2 2 2 2 13 13 15 15 15 15 15 15 15 8 8 9 9 9 9 9 9 9 9 9 9 14 14 14 14 14 14 14 14 16 16 16 16 16 16 16 16 16 16 16 16 16 16 8 8 1 1 1 1 1 1 10 10 10 10 10 10 10 10 10 5 5 5 14 14 14 14 14 14 14 14 