573
100
2
1 1 1 1 2 2 2 2 2 3 3 3 4 6 6 6 6 6 6 6 6 6 6 6 7 7 7 7 7 7 7 8 8 9 9 9 10 10 10 11 11 11 11 11 11 11 11 11 11 11 11 11 11 11 11 13 13 13 13 13 13 13 13 14 14 14 16 18 18 18 19 19 19 19 19 19 20 20 20 21 21 21 21 21 22 22 22 22 24 27 27 27 27 27 27 27 27 27 27 27 27 27 27 27 27 27 29 29 29 29 29 30 30 33 34 34 34 34 34 35 35 35 35 35 35 35 35 35 35 35 35 35 35 35 35 35 35 35 35 35 35 43 43 44 44 44 44 44 44 44 44 44 44 45 45 47 50 51 51 54 54 54 54 54 54 55 55 55 55 57 57 57 57 58 58 58 58 58 58 58 58 60 60 60 60 60 60 60 62 62 68 68 68 68 68 69 69 69 70 70 
55 56 57 58 47 48 49 50 51 36 37 38 118 25 26 27 28 29 30 79 80 81 82 83 67 13 14 15 16 17 18 68 69 121 122 123 9 10 11 181 182 183 184 114 115 116 117 4 5 6 7 8 185 186 187 0 1 2 3 165 166 167 168 195 196 197 153 24 31 32 84 85 86 87 198 199 157 158 154 19 20 21 22 23 70 71 72 73 113 124 125 126 127 128 129 130 131 132 133 134 135 136 137 138 139 140 190 191 192 193 194 119 120 88 43 44 45 46 12 111 112 33 34 35 89 90 91 92 93 94 95 96 97 98 99 100 101 102 103 104 105 188 189 144 143 146 145 148 147 150 149 152 151 66 78 159 164 76 77 155 169 170 171 172 156 59 60 61 62 160 161 162 163 174 173 176 175 178 177 180 179 39 40 41 42 52 53 54 141 142 106 107 108 109 110 63 64 65 74 75 
471 471 471 471 395 395 395 395 395 761 761 761 536 734 734 734 734 734 734 691 691 691 691 691 808 734 734 734 734 734 734 204 204 878 878 878 761 761 761 772 772 772 772 691 691 691 691 395 395 395 395 395 939 939 939 471 471 471 471 586 586 586 586 802 802 802 271 808 204 204 430 430 430 430 658 658 920 920 958 691 691 691 691 691 430 430 430 430 845 418 418 418 418 418 418 418 418 418 418 418 418 418 418 418 418 418 475 475 475 475 475 561 561 845 691 691 691 691 536 561 561 878 878 878 418 418 418 418 418 418 418 418 418 418 418 418 418 418 418 418 418 424 424 683 683 683 683 683 683 683 683 683 683 271 958 929 331 920 920 929 248 248 248 248 331 586 586 586 586 248 248 248 248 970 970 970 970 970 970 970 970 772 772 772 772 939 939 939 424 424 475 475 475 475 475 802 802 802 658 658 
0 1 2 3 4 5 6 7 8 9 10 11 12 13 14 15 16 17 18 19 20 21 22 23 24 13 14 15 16 17 18 25 26 27 28 29 9 10 11 30 31 32 33 34 35 36 37 4 5 6 7 8 38 39 40 0 1 2 3 41 42 43 44 45 46 47 48 24 25 26 49 50 51 52 53 54 55 56 57 19 20 21 22 23 49 50 51 52 58 59 60 61 62 63 64 65 66 67 68 69 70 71 72 73 74 75 76 77 78 79 80 81 82 58 34 35 36 37 12 81 82 27 28 29 59 60 61 62 63 64 65 66 67 68 69 70 71 72 73 74 75 83 84 85 85 86 86 87 87 88 88 89 89 48 57 90 91 55 56 90 92 93 94 95 91 41 42 43 44 92 93 94 95 96 96 97 97 98 98 99 99 30 31 32 33 38 39 40 83 84 76 77 78 79 80 45 46 47 53 54 
59754
29
2 1 5 4 1 4 5 1 3 4 4 1 2 4 4 2 6 1 5 2 4 2 3 5 3 3 1 1 17 
43 24 29 11 7 1 44 16 14 13 19 47 19 11 54 20 6 4 6 8 58 30 9 2 11 3 20 50 27 
62 33 68 60 18 13 44 45 69 55 22 54 70 34 57 51 7 34 21 18 58 35 35 11 60 10 45 54 35 
424 845 475 772 808 471 683 271 802 586 430 929 658 691 248 920 734 536 691 204 970 561 878 395 939 761 958 331 418 
5 5 5 5 23 23 23 23 23 25 25 25 17 16 16 16 16 16 16 18 18 18 18 18 4 16 16 16 16 16 16 19 19 22 22 22 25 25 25 3 3 3 3 13 13 13 13 23 23 23 23 23 24 24 24 5 5 5 5 9 9 9 9 8 8 8 7 4 19 19 10 10 10 10 12 12 15 15 26 18 18 18 18 18 10 10 10 10 1 28 28 28 28 28 28 28 28 28 28 28 28 28 28 28 28 28 2 2 2 2 2 21 21 1 13 13 13 13 17 21 21 22 22 22 28 28 28 28 28 28 28 28 28 28 28 28 28 28 28 28 28 0 0 6 6 6 6 6 6 6 6 6 6 7 26 11 27 15 15 11 14 14 14 14 27 9 9 9 9 14 14 14 14 20 20 20 20 20 20 20 20 3 3 3 3 24 24 24 0 0 2 2 2 2 2 8 8 8 12 12 