384
100
2
2 2 2 2 2 3 3 3 3 3 3 3 3 3 3 3 4 4 6 6 6 8 9 9 9 12 12 12 12 12 12 12 12 12 12 12 12 12 13 13 13 13 14 14 14 14 14 14 14 20 20 20 20 20 22 22 24 24 25 25 25 25 26 26 26 26 26 26 26 26 26 26 29 29 29 29 29 29 29 29 30 30 30 30 30 31 31 31 31 31 32 33 33 33 33 33 33 33 33 34 34 34 34 34 34 34 39 39 39 39 39 40 40 40 44 44 44 44 44 44 44 46 46 46 46 46 46 46 46 46 46 46 46 46 46 46 49 49 49 49 54 54 54 56 56 58 58 59 59 59 59 59 59 59 60 60 60 60 62 62 62 62 62 62 62 62 62 62 62 62 62 62 62 63 63 63 63 63 63 64 64 64 65 65 65 65 65 65 66 66 66 66 67 67 67 67 67 67 67 67 
85 86 87 88 89 31 32 33 34 35 36 37 76 77 78 79 56 57 111 112 113 90 96 97 98 192 193 194 195 196 197 5 6 7 8 9 10 11 136 137 138 139 147 148 149 150 151 152 153 67 68 69 70 71 143 144 16 17 72 73 74 75 80 81 82 83 84 49 50 51 52 53 58 59 60 61 12 13 14 15 62 63 64 65 66 0 1 2 3 4 21 106 107 108 109 110 22 23 24 114 115 116 117 118 119 120 91 92 93 94 95 18 19 20 99 100 101 102 103 104 105 158 159 160 161 162 163 164 165 166 167 168 169 170 171 172 38 39 40 41 179 180 181 54 55 198 199 42 43 44 45 46 47 48 188 189 190 191 121 122 123 124 125 126 127 128 129 130 131 132 133 134 135 182 183 184 185 186 187 140 141 142 173 174 175 176 177 178 154 155 156 157 25 26 27 28 29 30 145 146 
395 395 395 395 395 565 565 565 565 565 565 565 399 399 399 399 218 218 250 250 250 420 411 411 411 376 376 376 376 376 376 565 565 565 565 565 565 565 991 991 991 991 667 667 667 667 667 667 667 684 684 684 684 684 696 696 218 218 591 591 591 591 191 191 191 191 191 684 684 684 684 684 591 591 591 591 399 399 399 399 191 191 191 191 191 395 395 395 395 395 420 328 328 328 328 328 411 411 411 574 574 574 574 574 574 574 328 328 328 328 328 250 250 250 574 574 574 574 574 574 574 443 443 443 443 443 443 443 443 443 443 443 443 443 443 443 991 991 991 991 356 356 356 696 696 704 704 667 667 667 667 667 667 667 258 258 258 258 443 443 443 443 443 443 443 443 443 443 443 443 443 443 443 549 549 549 549 549 549 356 356 356 549 549 549 549 549 549 258 258 258 258 376 376 376 376 376 376 704 704 
0 1 2 3 4 5 6 7 8 9 10 11 12 13 14 15 16 17 18 19 20 21 22 23 24 25 26 27 28 29 30 5 6 7 8 9 10 11 31 32 33 34 35 36 37 38 39 40 41 42 43 44 45 46 47 48 16 17 49 50 51 52 53 54 55 56 57 42 43 44 45 46 49 50 51 52 12 13 14 15 53 54 55 56 57 0 1 2 3 4 21 58 59 60 61 62 22 23 24 63 64 65 66 67 68 69 58 59 60 61 62 18 19 20 63 64 65 66 67 68 69 70 71 72 73 74 75 76 77 78 79 80 81 82 83 84 31 32 33 34 85 86 87 47 48 88 89 35 36 37 38 39 40 41 90 91 92 93 70 71 72 73 74 75 76 77 78 79 80 81 82 83 84 94 95 96 97 98 99 85 86 87 94 95 96 97 98 99 90 91 92 93 25 26 27 28 29 30 88 89 
48490
21
2 7 1 2 3 6 5 6 7 4 3 4 7 5 5 4 5 4 2 3 15 
22 34 8 4 54 12 33 63 14 25 6 13 3 26 20 3 2 60 58 9 46 
56 44 32 24 64 67 39 65 59 29 40 49 12 30 26 29 31 66 67 33 62 
696 574 420 218 356 376 328 549 667 591 250 991 565 191 684 399 395 258 704 411 443 
16 16 16 16 16 12 12 12 12 12 12 12 15 15 15 15 3 3 10 10 10 2 19 19 19 5 5 5 5 5 5 12 12 12 12 12 12 12 11 11 11 11 8 8 8 8 8 8 8 14 14 14 14 14 0 0 3 3 9 9 9 9 13 13 13 13 13 14 14 14 14 14 9 9 9 9 15 15 15 15 13 13 13 13 13 16 16 16 16 16 2 6 6 6 6 6 19 19 19 1 1 1 1 1 1 1 6 6 6 6 6 10 10 10 1 1 1 1 1 1 1 20 20 20 20 20 20 20 20 20 20 20 20 20 20 20 11 11 11 11 4 4 4 0 0 18 18 8 8 8 8 8 8 8 17 17 17 17 20 20 20 20 20 20 20 20 20 20 20 20 20 20 20 7 7 7 7 7 7 4 4 4 7 7 7 7 7 7 17 17 17 17 5 5 5 5 5 5 18 18 