166
100
2
1 1 1 1 3 3 3 3 3 3 6 6 6 6 6 6 6 6 6 8 8 8 8 8 8 8 9 9 9 9 9 9 9 9 9 9 9 9 9 9 9 9 9 9 9 9 10 10 10 10 10 10 10 10 10 12 12 12 12 12 12 14 14 14 14 15 15 15 15 15 15 15 16 16 17 22 22 22 22 22 22 22 23 23 25 25 26 26 26 26 26 27 27 27 30 30 30 30 30 30 31 31 34 34 34 34 34 34 34 34 35 35 35 35 35 35 35 39 39 39 39 41 41 41 41 41 41 41 43 43 43 43 43 43 45 45 45 45 46 47 49 49 49 49 49 49 49 49 49 49 49 49 49 49 49 49 49 49 49 49 53 53 53 54 54 54 54 54 54 54 54 57 57 58 58 61 61 61 61 61 61 61 61 61 61 61 61 61 62 62 62 62 66 66 66 66 66 66 66 66 
78 79 80 81 66 67 68 69 70 71 110 111 112 113 114 115 116 94 95 29 30 86 87 88 89 90 91 92 93 19 20 145 146 147 148 149 150 151 152 153 154 155 156 157 158 159 128 129 130 131 132 133 160 161 162 122 123 124 125 126 127 117 118 119 120 139 4 5 6 7 8 9 84 85 188 189 190 191 0 1 2 3 171 172 72 73 21 22 23 24 25 26 27 28 17 18 134 135 136 137 173 174 163 164 165 166 167 168 169 170 10 11 12 13 14 15 16 61 62 63 64 138 55 56 57 58 59 60 46 47 48 49 50 51 96 97 98 99 121 65 175 176 177 178 179 31 32 33 34 35 36 37 38 39 40 41 42 43 44 45 52 53 54 102 103 104 105 106 107 108 109 82 83 100 101 140 141 142 143 144 192 193 194 195 196 197 198 199 74 75 76 77 180 181 182 183 184 185 186 187 
623 623 623 623 321 321 321 321 321 321 612 612 612 612 612 612 612 393 393 899 899 686 686 686 686 686 337 337 337 899 899 493 493 493 493 493 493 493 493 493 493 493 493 493 493 493 925 925 925 925 925 925 415 415 415 954 954 954 954 954 954 279 279 279 279 237 321 321 321 321 321 321 567 567 415 576 576 576 623 623 623 623 235 235 567 567 686 686 686 686 686 337 337 337 393 393 304 304 304 304 818 818 209 209 209 209 209 209 209 209 612 612 612 612 612 612 612 279 279 279 279 657 954 954 954 954 954 954 925 925 925 925 925 925 304 304 304 304 657 237 274 274 274 274 274 493 493 493 493 493 493 493 493 493 493 493 493 493 493 493 415 415 415 209 209 209 209 209 209 209 209 235 235 818 818 274 274 274 274 274 713 713 713 713 713 713 713 713 415 576 576 576 713 713 713 713 713 713 713 713 
0 1 2 3 4 5 6 7 8 9 10 11 12 13 14 15 16 17 18 19 20 21 22 23 24 25 26 27 28 19 20 29 30 31 32 33 34 35 36 37 38 39 40 41 42 43 44 45 46 47 48 49 50 51 52 53 54 55 56 57 58 59 60 61 62 63 4 5 6 7 8 9 64 65 66 67 68 69 0 1 2 3 70 71 64 65 21 22 23 24 25 26 27 28 17 18 72 73 74 75 76 77 78 79 80 81 82 83 84 85 10 11 12 13 14 15 16 59 60 61 62 86 53 54 55 56 57 58 44 45 46 47 48 49 72 73 74 75 86 63 87 88 89 90 91 29 30 31 32 33 34 35 36 37 38 39 40 41 42 43 50 51 52 78 79 80 81 82 83 84 85 70 71 76 77 87 88 89 90 91 92 93 94 95 96 97 98 99 66 67 68 69 92 93 94 95 96 97 98 99 
52996
23
6 2 8 5 3 1 2 8 6 4 1 2 7 1 3 2 2 3 5 4 4 6 15 
10 31 34 49 9 15 16 61 3 14 17 23 6 41 22 6 8 10 8 30 1 12 9 
43 58 54 61 27 47 25 66 15 39 62 57 35 46 62 30 9 53 26 45 22 41 49 
925 818 209 274 337 237 567 713 321 279 415 235 612 657 576 393 899 415 686 304 623 954 493 
20 20 20 20 8 8 8 8 8 8 12 12 12 12 12 12 12 15 15 16 16 18 18 18 18 18 4 4 4 16 16 22 22 22 22 22 22 22 22 22 22 22 22 22 22 22 0 0 0 0 0 0 17 17 17 21 21 21 21 21 21 9 9 9 9 5 8 8 8 8 8 8 6 6 10 14 14 14 20 20 20 20 11 11 6 6 18 18 18 18 18 4 4 4 15 15 19 19 19 19 1 1 2 2 2 2 2 2 2 2 12 12 12 12 12 12 12 9 9 9 9 13 21 21 21 21 21 21 0 0 0 0 0 0 19 19 19 19 13 5 3 3 3 3 3 22 22 22 22 22 22 22 22 22 22 22 22 22 22 22 17 17 17 2 2 2 2 2 2 2 2 11 11 1 1 3 3 3 3 3 7 7 7 7 7 7 7 7 10 14 14 14 7 7 7 7 7 7 7 7 