606
100
2
3 3 3 3 3 3 3 3 3 3 3 3 3 3 3 3 7 7 7 7 7 7 7 7 7 7 7 7 7 7 7 7 7 7 7 7 7 7 7 7 7 7 7 7 7 7 7 7 7 7 19 19 19 19 19 19 19 19 19 19 19 19 19 19 21 21 21 21 21 21 21 21 21 21 21 21 21 21 21 21 21 31 31 31 31 34 34 34 37 37 37 37 37 37 44 44 44 44 44 44 44 44 44 44 44 44 44 44 48 48 48 48 48 48 48 48 48 48 48 48 48 48 50 50 50 50 50 50 50 50 50 50 50 50 50 50 50 50 51 51 51 51 51 51 51 51 51 59 59 59 59 61 61 61 61 61 61 61 61 61 61 61 61 61 61 61 61 62 62 62 62 62 62 62 62 62 62 62 62 62 62 62 62 62 62 67 67 67 70 70 70 70 70 70 70 70 70 70 70 70 
151 152 153 154 155 156 157 158 159 160 161 162 163 164 165 166 64 65 66 85 86 87 167 168 169 170 171 172 173 174 175 176 177 178 122 123 124 125 126 127 128 129 130 131 132 133 134 135 136 137 108 109 110 111 112 113 114 115 116 117 118 119 120 121 16 17 18 94 95 96 97 98 99 100 101 102 103 104 105 106 107 147 148 149 150 19 20 21 179 180 181 182 183 184 67 68 69 70 71 72 73 74 75 76 77 78 79 80 50 51 52 53 54 55 56 57 58 59 60 61 62 63 34 35 36 37 38 39 40 41 42 43 44 45 46 47 48 49 191 192 193 194 195 196 197 198 199 81 82 83 84 0 1 2 3 4 5 6 7 8 9 10 11 12 13 14 15 22 23 24 25 26 27 28 29 30 31 32 33 88 89 90 91 92 93 188 189 190 185 186 187 138 139 140 141 142 143 144 145 146 
783 783 783 783 783 783 783 783 783 783 783 783 783 783 783 783 362 362 362 893 893 893 971 971 971 971 971 971 971 971 971 971 971 971 931 931 931 931 931 931 931 931 931 931 931 931 931 931 931 931 545 545 545 545 545 545 545 545 545 545 545 545 545 545 362 362 362 755 755 755 755 755 755 755 755 755 755 755 755 755 755 195 195 195 195 893 893 893 507 507 507 507 507 507 755 755 755 755 755 755 755 755 755 755 755 755 755 755 545 545 545 545 545 545 545 545 545 545 545 545 545 545 931 931 931 931 931 931 931 931 931 931 931 931 931 931 931 931 793 793 793 793 793 793 793 793 793 195 195 195 195 783 783 783 783 783 783 783 783 783 783 783 783 783 783 783 783 971 971 971 971 971 971 971 971 971 971 971 971 507 507 507 507 507 507 639 639 639 639 639 639 793 793 793 793 793 793 793 793 793 
0 1 2 3 4 5 6 7 8 9 10 11 12 13 14 15 16 17 18 19 20 21 22 23 24 25 26 27 28 29 30 31 32 33 34 35 36 37 38 39 40 41 42 43 44 45 46 47 48 49 50 51 52 53 54 55 56 57 58 59 60 61 62 63 16 17 18 64 65 66 67 68 69 70 71 72 73 74 75 76 77 78 79 80 81 19 20 21 82 83 84 85 86 87 64 65 66 67 68 69 70 71 72 73 74 75 76 77 50 51 52 53 54 55 56 57 58 59 60 61 62 63 34 35 36 37 38 39 40 41 42 43 44 45 46 47 48 49 88 89 90 91 92 93 94 95 96 78 79 80 81 0 1 2 3 4 5 6 7 8 9 10 11 12 13 14 15 22 23 24 25 26 27 28 29 30 31 32 33 82 83 84 85 86 87 97 98 99 97 98 99 88 89 90 91 92 93 94 95 96 
73917
11
3 3 4 3 16 14 14 12 6 9 16 
67 7 31 7 3 21 19 7 37 51 7 
70 21 59 34 61 44 48 62 62 70 50 
639 362 195 893 783 755 545 971 507 793 931 
4 4 4 4 4 4 4 4 4 4 4 4 4 4 4 4 1 1 1 3 3 3 7 7 7 7 7 7 7 7 7 7 7 7 10 10 10 10 10 10 10 10 10 10 10 10 10 10 10 10 6 6 6 6 6 6 6 6 6 6 6 6 6 6 1 1 1 5 5 5 5 5 5 5 5 5 5 5 5 5 5 2 2 2 2 3 3 3 8 8 8 8 8 8 5 5 5 5 5 5 5 5 5 5 5 5 5 5 6 6 6 6 6 6 6 6 6 6 6 6 6 6 10 10 10 10 10 10 10 10 10 10 10 10 10 10 10 10 9 9 9 9 9 9 9 9 9 2 2 2 2 4 4 4 4 4 4 4 4 4 4 4 4 4 4 4 4 7 7 7 7 7 7 7 7 7 7 7 7 8 8 8 8 8 8 0 0 0 0 0 0 9 9 9 9 9 9 9 9 9 