530
100
2
5 5 5 5 5 5 5 8 8 8 8 8 8 8 9 9 9 9 9 9 9 13 13 13 13 13 13 13 13 13 13 13 15 15 15 15 15 15 15 18 18 18 18 18 18 18 18 18 20 20 20 20 20 20 20 20 20 20 20 20 20 20 20 20 20 20 20 20 20 20 20 20 20 20 20 20 20 20 20 21 21 21 21 21 22 22 24 24 24 24 24 24 24 24 24 31 31 31 31 31 31 31 34 34 34 34 34 34 34 34 34 34 38 38 38 38 38 38 38 38 38 38 42 42 42 42 42 42 44 44 44 44 44 44 44 44 46 46 46 46 46 46 46 50 50 50 50 54 54 54 54 54 54 54 57 57 57 57 57 57 57 60 60 60 60 60 60 60 60 60 60 60 60 60 60 60 60 60 60 63 63 63 63 63 63 63 64 64 64 64 64 64 64 65 65 65 65 65 65 65 
95 96 97 98 99 100 101 147 148 149 150 151 152 153 154 155 156 157 158 159 160 79 80 81 82 83 128 129 130 131 132 133 136 137 138 139 140 141 142 52 53 54 55 56 57 58 59 60 122 123 124 125 39 40 41 42 43 44 45 46 47 161 162 163 164 165 166 167 168 169 170 171 172 173 174 175 176 177 178 21 22 23 24 25 86 87 84 85 186 187 188 189 190 191 192 0 1 2 3 4 5 6 112 113 114 115 116 117 118 119 120 121 102 103 104 105 106 107 108 109 110 111 48 49 50 51 134 135 26 27 28 29 30 31 126 127 32 33 34 35 36 37 38 144 143 146 145 7 8 9 10 11 12 13 14 15 16 17 18 19 20 61 62 63 64 65 66 67 68 69 70 71 72 73 74 75 76 77 78 193 194 195 196 197 198 199 88 89 90 91 92 93 94 179 180 181 182 183 184 185 
363 363 363 363 363 363 363 477 477 477 477 477 477 477 503 503 503 503 503 503 503 365 365 365 365 365 536 536 536 536 536 536 256 256 256 256 256 256 256 185 185 185 185 185 185 185 185 185 257 257 257 257 185 185 185 185 185 185 185 185 185 221 221 221 221 221 221 221 221 221 221 221 221 221 221 221 221 221 221 365 365 365 365 365 344 344 344 344 663 663 663 663 663 663 663 363 363 363 363 363 363 363 660 660 660 660 660 660 660 660 660 660 660 660 660 660 660 660 660 660 660 660 257 257 257 257 680 680 536 536 536 536 536 536 680 680 256 256 256 256 256 256 256 179 179 179 179 477 477 477 477 477 477 477 503 503 503 503 503 503 503 221 221 221 221 221 221 221 221 221 221 221 221 221 221 221 221 221 221 217 217 217 217 217 217 217 663 663 663 663 663 663 663 217 217 217 217 217 217 217 
0 1 2 3 4 5 6 7 8 9 10 11 12 13 14 15 16 17 18 19 20 21 22 23 24 25 26 27 28 29 30 31 32 33 34 35 36 37 38 39 40 41 42 43 44 45 46 47 48 49 50 51 39 40 41 42 43 44 45 46 47 52 53 54 55 56 57 58 59 60 61 62 63 64 65 66 67 68 69 21 22 23 24 25 70 71 70 71 72 73 74 75 76 77 78 0 1 2 3 4 5 6 79 80 81 82 83 84 85 86 87 88 79 80 81 82 83 84 85 86 87 88 48 49 50 51 89 90 26 27 28 29 30 31 89 90 32 33 34 35 36 37 38 91 91 92 92 7 8 9 10 11 12 13 14 15 16 17 18 19 20 52 53 54 55 56 57 58 59 60 61 62 63 64 65 66 67 68 69 93 94 95 96 97 98 99 72 73 74 75 76 77 78 93 94 95 96 97 98 99 
38071
15
2 7 4 2 10 7 7 5 6 9 7 2 7 7 18 
50 15 20 22 34 9 8 13 13 18 63 42 5 24 20 
50 46 42 24 38 57 54 21 44 20 65 44 31 64 60 
179 256 257 344 660 503 477 365 536 185 217 680 363 663 221 
12 12 12 12 12 12 12 6 6 6 6 6 6 6 5 5 5 5 5 5 5 7 7 7 7 7 8 8 8 8 8 8 1 1 1 1 1 1 1 9 9 9 9 9 9 9 9 9 2 2 2 2 9 9 9 9 9 9 9 9 9 14 14 14 14 14 14 14 14 14 14 14 14 14 14 14 14 14 14 7 7 7 7 7 3 3 3 3 13 13 13 13 13 13 13 12 12 12 12 12 12 12 4 4 4 4 4 4 4 4 4 4 4 4 4 4 4 4 4 4 4 4 2 2 2 2 11 11 8 8 8 8 8 8 11 11 1 1 1 1 1 1 1 0 0 0 0 6 6 6 6 6 6 6 5 5 5 5 5 5 5 14 14 14 14 14 14 14 14 14 14 14 14 14 14 14 14 14 14 10 10 10 10 10 10 10 13 13 13 13 13 13 13 10 10 10 10 10 10 10 