792
100
2
1 1 1 3 3 3 3 3 3 3 6 6 6 6 6 6 6 8 8 8 9 10 10 10 11 11 11 11 11 11 11 16 16 16 17 17 17 17 17 17 17 17 18 18 19 19 19 19 20 20 20 20 20 20 22 22 22 22 22 22 22 25 25 25 25 25 26 26 26 26 26 26 26 26 26 26 27 30 30 30 30 31 32 32 32 32 32 32 32 32 32 32 32 32 32 32 32 32 32 32 32 32 32 32 33 34 34 34 35 35 37 37 37 37 39 39 39 39 40 40 42 42 42 45 45 45 45 46 46 46 46 46 47 47 48 48 48 49 49 49 51 51 52 52 52 52 52 52 54 54 54 54 54 59 59 59 59 62 62 62 62 63 63 63 64 64 64 64 64 64 64 64 64 64 64 64 64 64 64 64 64 64 64 64 65 65 65 65 67 67 67 68 69 69 69 69 69 70 70 70 
134 135 136 127 128 129 130 131 42 43 37 38 39 40 41 118 119 161 162 163 152 105 106 107 146 147 56 57 58 59 60 71 72 73 120 121 122 10 11 12 13 14 8 9 123 124 125 126 137 138 139 197 198 199 55 54 26 27 28 29 30 192 193 194 195 196 144 145 188 189 190 31 32 33 108 109 104 157 158 159 160 132 140 141 164 165 166 167 168 169 170 171 172 173 174 175 176 177 178 179 180 181 182 183 76 21 22 23 74 75 114 115 116 117 110 111 112 113 15 16 34 35 36 44 45 46 47 3 4 5 6 7 81 151 0 1 2 48 49 50 82 83 148 149 66 67 24 25 142 143 191 133 20 184 185 186 187 77 78 79 80 17 18 19 84 85 86 87 88 89 90 91 92 93 94 95 96 97 98 99 100 101 102 103 153 154 155 156 68 69 70 150 61 62 63 64 65 51 52 53 
873 873 873 284 284 284 284 284 485 485 216 216 216 216 216 512 512 852 852 852 751 490 490 490 174 174 679 679 679 679 679 524 524 524 477 477 477 216 216 216 216 216 485 485 674 674 674 674 749 749 749 825 825 825 614 614 679 679 679 679 679 977 977 977 977 977 883 883 246 246 246 524 524 524 332 332 844 299 299 299 299 556 909 909 666 666 666 666 666 666 666 666 666 666 666 666 666 666 666 666 666 666 666 666 844 490 490 490 332 332 194 194 194 194 194 194 194 194 512 512 477 477 477 674 674 674 674 284 284 284 284 284 556 786 873 873 873 749 749 749 909 909 437 437 883 883 174 174 437 437 649 786 751 296 296 296 296 299 299 299 299 852 852 852 666 666 666 666 666 666 666 666 666 666 666 666 666 666 666 666 666 666 666 666 296 296 296 296 246 246 246 649 977 977 977 977 977 825 825 825 
0 1 2 3 4 5 6 7 8 9 10 11 12 13 14 15 16 17 18 19 20 21 22 23 24 25 26 27 28 29 30 31 32 33 34 35 36 10 11 12 13 14 8 9 37 38 39 40 41 42 43 44 45 46 47 47 26 27 28 29 30 48 49 50 51 52 53 54 55 56 57 31 32 33 58 59 60 61 62 63 64 65 66 67 68 69 70 71 72 73 74 75 76 77 78 79 80 81 82 83 84 85 86 87 60 21 22 23 58 59 88 89 90 91 88 89 90 91 15 16 34 35 36 37 38 39 40 3 4 5 6 7 65 92 0 1 2 41 42 43 66 67 93 94 53 54 24 25 93 94 95 92 20 96 97 98 99 61 62 63 64 17 18 19 68 69 70 71 72 73 74 75 76 77 78 79 80 81 82 83 84 85 86 87 96 97 98 99 55 56 57 95 48 49 50 51 52 44 45 46 
56724
30
1 3 4 4 2 3 2 3 2 4 5 1 5 1 3 3 1 2 1 3 1 3 2 3 2 5 2 5 4 20 
22 20 37 59 52 20 26 17 32 30 3 27 6 54 8 26 31 11 47 16 9 1 26 10 6 11 3 25 19 32 
22 49 39 65 54 70 52 42 51 62 46 33 17 68 63 67 47 52 54 26 54 48 35 34 40 22 18 69 45 64 
614 749 194 296 437 825 883 477 909 299 284 844 216 649 852 246 556 174 786 524 751 873 332 490 512 679 485 977 674 666 
21 21 21 10 10 10 10 10 26 26 12 12 12 12 12 24 24 14 14 14 20 23 23 23 17 17 25 25 25 25 25 19 19 19 7 7 7 12 12 12 12 12 26 26 28 28 28 28 1 1 1 5 5 5 0 0 25 25 25 25 25 27 27 27 27 27 6 6 15 15 15 19 19 19 22 22 11 9 9 9 9 16 8 8 29 29 29 29 29 29 29 29 29 29 29 29 29 29 29 29 29 29 29 29 11 23 23 23 22 22 2 2 2 2 2 2 2 2 24 24 7 7 7 28 28 28 28 10 10 10 10 10 16 18 21 21 21 1 1 1 8 8 4 4 6 6 17 17 4 4 13 18 20 3 3 3 3 9 9 9 9 14 14 14 29 29 29 29 29 29 29 29 29 29 29 29 29 29 29 29 29 29 29 29 3 3 3 3 15 15 15 13 27 27 27 27 27 5 5 5 