857
100
2
4 4 4 4 4 4 4 4 4 4 5 5 5 5 5 5 5 5 5 5 12 12 12 12 12 12 12 12 23 23 23 23 24 24 24 24 24 24 30 30 30 30 30 33 33 33 33 33 33 33 33 33 33 33 33 33 33 34 34 34 34 34 34 34 34 34 34 37 37 37 37 37 37 37 37 37 37 37 37 37 37 38 38 38 38 38 38 38 38 38 38 38 38 38 38 38 38 38 38 38 38 38 38 38 38 38 38 38 38 38 38 38 38 43 43 43 43 43 43 43 43 43 43 49 49 49 49 49 49 50 50 50 50 50 50 50 50 50 50 50 50 50 55 55 55 57 57 57 57 57 57 57 57 57 57 57 57 57 57 57 57 57 57 59 59 59 62 62 62 63 63 63 63 63 63 63 63 63 63 66 66 66 66 66 66 66 66 67 67 67 67 67 67 67 67 67 67 67 67 67 
132 133 134 135 136 137 138 139 140 141 57 58 59 60 61 62 63 64 65 66 179 180 181 182 183 184 185 186 196 197 198 199 123 124 125 126 127 128 52 53 54 55 56 187 188 189 190 191 192 193 194 195 38 39 40 41 42 10 11 12 13 14 15 16 17 18 19 99 100 101 102 103 104 105 106 107 108 109 110 111 112 145 146 147 148 149 150 151 152 153 154 155 156 157 158 159 160 161 162 67 68 69 70 71 72 73 74 75 76 77 78 79 80 169 170 171 172 173 174 175 176 177 178 32 33 34 35 36 37 166 167 168 0 1 2 3 4 5 6 7 8 9 163 164 165 81 82 83 84 85 86 87 88 89 90 91 92 93 94 95 96 97 98 142 143 144 129 130 131 113 114 115 116 117 118 119 120 121 122 20 21 22 23 24 25 26 27 43 44 45 46 47 48 49 50 51 28 29 30 31 
321 321 321 321 321 321 321 321 321 321 337 337 337 337 337 337 337 337 337 337 921 921 921 921 921 921 921 921 325 325 325 325 748 748 748 748 748 748 531 531 531 531 531 275 275 275 275 275 275 275 275 275 531 531 531 531 531 337 337 337 337 337 337 337 337 337 337 630 630 630 630 630 630 630 630 630 630 630 630 630 630 490 490 490 490 490 490 490 490 490 490 490 490 490 490 490 490 490 490 630 630 630 630 630 630 630 630 630 630 630 630 630 630 933 933 933 933 933 933 933 933 933 933 748 748 748 748 748 748 158 158 158 321 321 321 321 321 321 321 321 321 321 662 662 662 490 490 490 490 490 490 490 490 490 490 490 490 490 490 490 490 490 490 662 662 662 158 158 158 933 933 933 933 933 933 933 933 933 933 921 921 921 921 921 921 921 921 275 275 275 275 275 275 275 275 275 325 325 325 325 
0 1 2 3 4 5 6 7 8 9 10 11 12 13 14 15 16 17 18 19 20 21 22 23 24 25 26 27 28 29 30 31 32 33 34 35 36 37 38 39 40 41 42 43 44 45 46 47 48 49 50 51 38 39 40 41 42 10 11 12 13 14 15 16 17 18 19 52 53 54 55 56 57 58 59 60 61 62 63 64 65 66 67 68 69 70 71 72 73 74 75 76 77 78 79 80 81 82 83 52 53 54 55 56 57 58 59 60 61 62 63 64 65 84 85 86 87 88 89 90 91 92 93 32 33 34 35 36 37 94 95 96 0 1 2 3 4 5 6 7 8 9 97 98 99 66 67 68 69 70 71 72 73 74 75 76 77 78 79 80 81 82 83 97 98 99 94 95 96 84 85 86 87 88 89 90 91 92 93 20 21 22 23 24 25 26 27 43 44 45 46 47 48 49 50 51 28 29 30 31 
54296
12
9 18 10 3 4 14 10 6 5 8 3 10 
33 38 43 55 23 37 5 24 30 12 50 4 
67 57 63 59 67 38 34 49 33 66 62 50 
275 490 933 662 325 630 337 748 531 921 158 321 
11 11 11 11 11 11 11 11 11 11 6 6 6 6 6 6 6 6 6 6 9 9 9 9 9 9 9 9 4 4 4 4 7 7 7 7 7 7 8 8 8 8 8 0 0 0 0 0 0 0 0 0 8 8 8 8 8 6 6 6 6 6 6 6 6 6 6 5 5 5 5 5 5 5 5 5 5 5 5 5 5 1 1 1 1 1 1 1 1 1 1 1 1 1 1 1 1 1 1 5 5 5 5 5 5 5 5 5 5 5 5 5 5 2 2 2 2 2 2 2 2 2 2 7 7 7 7 7 7 10 10 10 11 11 11 11 11 11 11 11 11 11 3 3 3 1 1 1 1 1 1 1 1 1 1 1 1 1 1 1 1 1 1 3 3 3 10 10 10 2 2 2 2 2 2 2 2 2 2 9 9 9 9 9 9 9 9 0 0 0 0 0 0 0 0 0 4 4 4 4 