353
100
2
1 1 1 1 4 4 4 4 6 6 6 9 9 9 9 9 11 11 11 11 11 12 12 12 12 12 12 12 12 12 12 13 13 13 14 14 14 14 14 14 16 16 16 16 16 16 16 16 16 16 16 16 16 16 16 16 16 16 16 16 17 17 19 19 19 19 22 24 24 24 24 24 25 25 25 25 26 26 26 26 26 26 28 28 28 28 28 28 28 28 28 29 29 29 31 31 31 31 31 33 33 33 33 33 33 33 33 33 35 35 39 39 39 41 41 41 41 41 41 41 41 41 41 43 43 44 44 44 44 44 44 44 44 44 46 46 46 46 46 46 46 46 46 47 47 47 47 47 47 47 47 47 47 51 51 51 51 51 51 51 51 51 52 52 61 61 61 61 61 61 61 61 62 62 62 62 62 62 64 64 64 64 65 65 65 65 65 65 65 65 65 65 65 65 65 65 65 65 65 67 
113 114 115 116 82 83 84 85 134 135 136 21 22 23 24 25 148 149 150 151 152 11 12 13 14 15 162 163 63 64 65 137 138 139 164 165 60 61 182 183 126 127 128 129 130 184 185 186 187 188 189 190 191 192 193 194 195 196 197 198 36 37 66 28 29 30 62 143 144 145 146 147 178 179 180 181 172 173 174 175 176 177 4 5 6 7 94 95 96 97 98 110 111 112 86 87 88 89 90 153 154 155 166 167 168 169 170 171 123 124 91 92 93 0 1 2 3 156 157 158 159 160 161 108 109 199 40 41 42 43 44 140 141 142 8 9 10 31 32 33 131 132 133 67 68 69 70 71 16 17 18 19 20 99 100 101 117 118 119 120 121 122 26 27 34 35 102 103 104 105 106 107 76 77 78 79 80 81 72 73 74 75 38 39 45 46 47 48 49 50 51 52 53 54 55 56 57 58 59 125 
639 639 639 639 190 190 190 190 918 918 918 907 907 907 907 907 755 755 755 755 755 907 907 907 907 907 984 984 705 705 705 659 659 659 543 543 799 799 728 728 451 451 451 451 451 638 638 638 638 638 638 638 638 638 638 638 638 638 638 638 799 799 579 705 705 705 579 354 354 354 354 354 466 466 466 466 833 833 833 833 833 833 190 190 190 190 990 990 990 990 990 916 916 916 990 990 990 990 990 190 190 190 641 641 641 641 641 641 400 400 916 916 916 639 639 639 639 756 756 756 756 756 756 400 400 697 451 451 451 451 451 896 896 896 918 918 918 659 659 659 896 896 896 354 354 354 354 354 755 755 755 755 755 190 190 190 756 756 756 756 756 756 984 984 543 543 641 641 641 641 641 641 833 833 833 833 833 833 466 466 466 466 728 728 638 638 638 638 638 638 638 638 638 638 638 638 638 638 638 697 
0 1 2 3 4 5 6 7 8 9 10 11 12 13 14 15 16 17 18 19 20 11 12 13 14 15 21 22 23 24 25 26 27 28 29 30 31 32 33 34 35 36 37 38 39 40 41 42 43 44 45 46 47 48 49 50 51 52 53 54 31 32 55 23 24 25 55 56 57 58 59 60 61 62 63 64 65 66 67 68 69 70 4 5 6 7 71 72 73 74 75 76 77 78 71 72 73 74 75 79 80 81 82 83 84 85 86 87 88 89 76 77 78 0 1 2 3 90 91 92 93 94 95 88 89 96 35 36 37 38 39 97 98 99 8 9 10 26 27 28 97 98 99 56 57 58 59 60 16 17 18 19 20 79 80 81 90 91 92 93 94 95 21 22 29 30 82 83 84 85 86 87 65 66 67 68 69 70 61 62 63 64 33 34 40 41 42 43 44 45 46 47 48 49 50 51 52 53 54 96 
66451
25
1 1 3 3 5 5 3 2 5 4 3 4 2 5 2 2 2 6 6 4 5 3 3 6 15 
19 44 6 13 24 16 44 14 9 4 33 25 14 11 12 35 14 33 26 1 28 29 12 41 16 
22 67 46 46 47 44 46 61 12 28 51 64 17 47 52 43 65 61 62 41 31 39 19 51 65 
579 697 918 659 354 451 896 543 907 190 190 466 799 755 984 400 728 641 833 639 990 916 705 756 638 
19 19 19 19 9 9 9 9 2 2 2 8 8 8 8 8 13 13 13 13 13 8 8 8 8 8 14 14 22 22 22 3 3 3 7 7 12 12 16 16 5 5 5 5 5 24 24 24 24 24 24 24 24 24 24 24 24 24 24 24 12 12 0 22 22 22 0 4 4 4 4 4 11 11 11 11 18 18 18 18 18 18 9 9 9 9 20 20 20 20 20 21 21 21 20 20 20 20 20 10 10 10 17 17 17 17 17 17 15 15 21 21 21 19 19 19 19 23 23 23 23 23 23 15 15 1 5 5 5 5 5 6 6 6 2 2 2 3 3 3 6 6 6 4 4 4 4 4 13 13 13 13 13 10 10 10 23 23 23 23 23 23 14 14 7 7 17 17 17 17 17 17 18 18 18 18 18 18 11 11 11 11 16 16 24 24 24 24 24 24 24 24 24 24 24 24 24 24 24 1 