180
100
2
2 2 2 2 3 3 4 4 4 4 4 4 5 5 5 5 6 6 7 7 7 7 9 9 9 9 9 9 9 13 13 13 13 13 13 21 22 23 23 23 25 25 25 25 25 26 26 26 26 26 26 26 26 26 26 26 26 26 26 26 26 26 26 26 26 26 26 26 29 29 30 31 31 36 38 39 39 39 39 39 40 40 41 42 42 42 44 44 44 44 46 46 46 46 47 47 47 47 50 50 50 50 50 50 50 50 50 50 50 51 51 51 51 52 52 52 52 52 52 52 52 52 52 52 52 56 56 56 56 56 56 56 57 57 57 57 57 57 57 57 57 58 58 58 58 58 58 59 59 60 60 60 60 60 60 61 61 61 61 61 63 66 66 66 66 66 66 67 67 67 67 67 67 67 67 67 67 67 67 67 67 67 67 67 67 67 68 68 68 68 68 69 69 69 69 69 70 70 70 70 
109 110 111 112 71 72 29 30 31 32 33 34 147 148 38 39 80 81 137 138 139 140 83 84 85 70 196 197 198 6 7 8 9 10 11 37 160 35 14 15 45 46 47 48 49 40 41 42 43 44 168 169 170 171 172 173 174 175 176 177 178 179 180 181 182 183 184 185 123 124 25 4 5 74 73 113 114 115 116 117 16 17 155 22 23 24 90 91 92 93 86 87 88 89 156 157 158 159 161 162 163 164 165 166 186 187 188 189 190 0 1 2 3 75 76 77 78 79 142 143 144 145 146 68 69 149 150 151 152 153 154 141 191 192 193 194 195 18 19 20 21 131 118 119 120 121 122 12 13 125 126 127 128 129 130 82 94 95 96 97 36 98 99 100 101 102 103 199 50 51 52 53 54 55 56 57 58 59 60 61 62 63 64 65 66 67 104 105 106 107 108 132 133 134 135 136 26 27 28 167 
172 172 172 172 820 820 459 459 459 459 459 459 607 607 216 216 580 580 780 780 780 780 181 181 181 698 485 485 485 459 459 459 459 459 459 530 871 530 216 216 902 902 902 902 902 902 902 902 902 902 293 293 293 293 293 293 293 293 293 293 293 293 293 293 293 293 293 293 392 392 698 820 820 997 997 804 804 804 804 804 580 580 764 181 181 181 268 268 268 268 268 268 268 268 788 788 788 788 678 678 678 678 678 678 178 178 178 178 178 172 172 172 172 804 804 804 804 804 605 605 605 605 605 392 392 349 349 349 349 349 349 561 656 656 656 656 656 780 780 780 780 561 605 605 605 605 605 607 607 349 349 349 349 349 349 764 788 788 788 788 871 678 678 678 678 678 678 933 293 293 293 293 293 293 293 293 293 293 293 293 293 293 293 293 293 293 178 178 178 178 178 656 656 656 656 656 485 485 485 933 
0 1 2 3 4 5 6 7 8 9 10 11 12 13 14 15 16 17 18 19 20 21 22 23 24 25 26 27 28 6 7 8 9 10 11 29 30 29 14 15 31 32 33 34 35 31 32 33 34 35 36 37 38 39 40 41 42 43 44 45 46 47 48 49 50 51 52 53 54 55 25 4 5 56 56 57 58 59 60 61 16 17 62 22 23 24 63 64 65 66 63 64 65 66 67 68 69 70 71 72 73 74 75 76 77 78 79 80 81 0 1 2 3 57 58 59 60 61 82 83 84 85 86 54 55 87 88 89 90 91 92 93 94 95 96 97 98 18 19 20 21 93 82 83 84 85 86 12 13 87 88 89 90 91 92 62 67 68 69 70 30 71 72 73 74 75 76 99 36 37 38 39 40 41 42 43 44 45 46 47 48 49 50 51 52 53 77 78 79 80 81 94 95 96 97 98 26 27 28 99 
50529
27
2 5 2 6 6 2 5 1 1 3 1 4 5 3 4 4 1 1 4 2 1 1 2 5 5 6 18 
5 57 6 50 56 3 39 22 56 9 9 7 52 9 44 2 67 41 47 29 36 21 5 25 50 4 26 
59 69 40 66 60 31 52 63 58 42 30 57 58 70 46 51 70 61 61 52 38 23 23 26 68 13 67 
607 656 580 678 349 820 804 871 561 181 698 780 605 485 268 172 933 764 788 392 997 530 216 902 178 459 293 
15 15 15 15 5 5 25 25 25 25 25 25 0 0 22 22 2 2 11 11 11 11 9 9 9 10 13 13 13 25 25 25 25 25 25 21 7 21 22 22 23 23 23 23 23 23 23 23 23 23 26 26 26 26 26 26 26 26 26 26 26 26 26 26 26 26 26 26 19 19 10 5 5 20 20 6 6 6 6 6 2 2 17 9 9 9 14 14 14 14 14 14 14 14 18 18 18 18 3 3 3 3 3 3 24 24 24 24 24 15 15 15 15 6 6 6 6 6 12 12 12 12 12 19 19 4 4 4 4 4 4 8 1 1 1 1 1 11 11 11 11 8 12 12 12 12 12 0 0 4 4 4 4 4 4 17 18 18 18 18 7 3 3 3 3 3 3 16 26 26 26 26 26 26 26 26 26 26 26 26 26 26 26 26 26 26 24 24 24 24 24 1 1 1 1 1 13 13 13 16 