729
100
2
6 6 6 6 6 6 6 6 6 7 7 7 7 7 7 7 7 7 7 7 7 7 7 7 7 7 7 7 7 7 7 7 7 7 7 7 7 8 8 8 8 8 8 8 8 8 8 8 8 8 8 8 8 8 8 9 9 9 10 10 10 10 10 10 10 10 10 12 12 12 12 12 14 14 14 15 15 15 15 15 15 15 15 19 19 19 19 19 19 19 19 19 19 20 20 20 20 20 20 20 20 20 20 25 25 25 25 25 25 25 37 37 37 37 37 37 37 37 41 41 44 44 44 44 44 44 44 44 44 44 44 44 44 46 46 46 46 46 46 46 46 46 46 46 46 46 46 46 46 46 47 47 47 47 47 47 47 47 47 50 50 50 50 50 50 50 50 50 50 57 57 57 57 57 57 62 62 63 63 63 63 63 63 65 65 65 65 65 65 65 65 65 65 65 65 65 65 65 65 65 
177 178 179 180 181 182 130 131 132 10 9 12 11 14 13 16 15 18 17 20 19 22 21 24 23 26 25 159 160 161 162 163 164 165 166 167 168 169 170 171 172 173 174 188 189 190 191 192 193 194 195 196 197 198 199 72 73 74 150 151 152 153 154 155 156 157 158 183 184 185 186 187 55 56 57 110 111 112 113 114 115 116 117 120 121 122 123 124 125 126 127 128 129 133 134 135 136 137 138 139 140 141 142 143 144 145 146 147 148 149 75 76 77 78 79 80 81 82 175 176 83 84 85 86 87 88 89 90 91 92 6 7 8 93 94 95 96 97 98 99 100 101 102 103 104 105 106 107 108 109 58 59 60 61 62 63 64 65 66 27 28 29 30 31 32 33 34 35 36 37 38 39 40 41 42 118 119 0 1 2 3 4 5 67 68 69 70 71 43 44 45 46 47 48 49 50 51 52 53 54 
658 658 658 658 658 658 408 408 408 294 294 294 294 294 294 294 294 294 294 294 294 294 294 294 294 294 294 929 929 929 929 929 929 929 929 929 929 765 765 765 765 765 765 534 534 534 534 534 534 534 534 534 534 534 534 348 348 348 300 300 300 300 300 300 300 300 300 566 566 566 566 566 348 348 348 713 713 713 713 713 713 713 713 206 206 206 206 206 206 206 206 206 206 770 770 770 770 770 770 770 770 770 770 438 438 438 438 438 438 438 713 713 713 713 713 713 713 713 384 384 206 206 206 206 206 206 206 206 206 206 408 408 408 770 770 770 770 770 770 770 770 770 770 438 438 438 438 438 438 438 300 300 300 300 300 300 300 300 300 929 929 929 929 929 929 929 929 929 929 765 765 765 765 765 765 384 384 658 658 658 658 658 658 566 566 566 566 566 534 534 534 534 534 534 534 534 534 534 534 534 
0 1 2 3 4 5 6 7 8 9 9 10 10 11 11 12 12 13 13 14 14 15 15 16 16 17 17 18 19 20 21 22 23 24 25 26 27 28 29 30 31 32 33 34 35 36 37 38 39 40 41 42 43 44 45 46 47 48 49 50 51 52 53 54 55 56 57 58 59 60 61 62 46 47 48 63 64 65 66 67 68 69 70 71 72 73 74 75 76 77 78 79 80 81 82 83 84 85 86 87 88 89 90 91 92 93 94 95 96 97 63 64 65 66 67 68 69 70 98 99 71 72 73 74 75 76 77 78 79 80 6 7 8 81 82 83 84 85 86 87 88 89 90 91 92 93 94 95 96 97 49 50 51 52 53 54 55 56 57 18 19 20 21 22 23 24 25 26 27 28 29 30 31 32 33 98 99 0 1 2 3 4 5 58 59 60 61 62 34 35 36 37 38 39 40 41 42 43 44 45 
53978
14
5 2 6 9 9 6 10 8 3 10 10 7 3 12 
12 41 6 7 10 8 19 15 6 20 7 25 9 8 
65 62 63 7 47 57 44 37 44 46 50 46 14 65 
566 384 658 294 300 765 206 713 408 770 929 438 348 534 
2 2 2 2 2 2 8 8 8 3 3 3 3 3 3 3 3 3 3 3 3 3 3 3 3 3 3 10 10 10 10 10 10 10 10 10 10 5 5 5 5 5 5 13 13 13 13 13 13 13 13 13 13 13 13 12 12 12 4 4 4 4 4 4 4 4 4 0 0 0 0 0 12 12 12 7 7 7 7 7 7 7 7 6 6 6 6 6 6 6 6 6 6 9 9 9 9 9 9 9 9 9 9 11 11 11 11 11 11 11 7 7 7 7 7 7 7 7 1 1 6 6 6 6 6 6 6 6 6 6 8 8 8 9 9 9 9 9 9 9 9 9 9 11 11 11 11 11 11 11 4 4 4 4 4 4 4 4 4 10 10 10 10 10 10 10 10 10 10 5 5 5 5 5 5 1 1 2 2 2 2 2 2 0 0 0 0 0 13 13 13 13 13 13 13 13 13 13 13 13 