841
100
2
1 1 1 1 1 1 1 1 1 1 1 1 3 3 3 3 3 4 4 4 4 4 4 4 4 4 4 4 4 5 5 6 6 6 6 6 6 8 8 8 8 8 8 8 8 8 8 8 8 8 8 8 8 8 8 9 9 9 10 10 10 10 10 10 10 10 10 10 10 10 10 10 10 10 10 10 10 10 10 13 13 14 14 14 15 15 15 15 15 15 17 17 17 17 17 17 17 17 17 18 18 20 20 20 20 20 24 24 25 25 25 25 25 25 26 26 29 29 29 30 30 31 31 31 31 37 37 37 37 37 37 43 43 43 43 43 44 44 44 44 44 44 44 44 44 44 44 44 44 44 47 47 48 48 48 48 54 54 54 54 54 54 54 54 54 57 57 57 57 57 59 59 61 61 61 61 61 61 61 61 63 63 63 63 63 65 65 65 65 68 68 68 68 68 70 70 70 70 70 70 
60 61 62 63 64 65 66 67 68 81 82 83 165 166 167 168 169 125 126 127 128 129 130 84 85 86 87 88 89 114 115 194 195 196 197 198 199 172 173 174 175 176 177 178 179 69 70 71 72 73 74 75 76 77 78 182 183 184 180 181 0 1 2 3 4 5 6 7 8 45 46 47 48 49 50 51 52 53 54 106 107 9 10 11 23 24 25 26 27 28 108 109 110 111 112 113 147 148 149 152 153 189 190 191 192 193 79 80 90 91 92 93 94 95 29 30 133 134 135 131 132 185 186 187 188 17 18 19 20 21 22 119 120 116 117 118 156 157 158 159 160 161 162 163 164 150 151 96 97 98 145 146 99 100 170 171 136 137 138 139 140 141 142 143 144 12 13 14 15 16 154 155 37 38 39 40 41 42 43 44 58 59 55 56 57 121 122 123 124 101 102 103 104 105 31 32 33 34 35 36 
860 860 860 860 860 860 860 860 860 521 521 521 292 292 292 292 292 830 830 830 830 830 830 908 908 908 908 908 908 670 670 689 689 689 689 689 689 536 536 536 536 536 536 536 536 602 602 602 602 602 602 602 602 602 602 432 432 432 481 481 860 860 860 860 860 860 860 860 860 602 602 602 602 602 602 602 602 602 602 772 772 521 521 521 908 908 908 908 908 908 316 316 316 316 316 316 632 632 632 423 423 338 338 338 338 338 772 772 316 316 316 316 316 316 670 670 252 252 252 927 927 954 954 954 954 830 830 830 830 830 830 927 927 252 252 252 743 743 743 743 743 743 743 743 743 633 633 632 632 632 633 633 423 423 670 670 743 743 743 743 743 743 743 743 743 292 292 292 292 292 670 670 536 536 536 536 536 536 536 536 481 481 432 432 432 954 954 954 954 338 338 338 338 338 689 689 689 689 689 689 
0 1 2 3 4 5 6 7 8 9 10 11 12 13 14 15 16 17 18 19 20 21 22 23 24 25 26 27 28 29 30 31 32 33 34 35 36 37 38 39 40 41 42 43 44 45 46 47 48 49 50 51 52 53 54 55 56 57 58 59 0 1 2 3 4 5 6 7 8 45 46 47 48 49 50 51 52 53 54 60 61 9 10 11 23 24 25 26 27 28 62 63 64 65 66 67 68 69 70 71 72 73 74 75 76 77 60 61 62 63 64 65 66 67 29 30 78 79 80 81 82 83 84 85 86 17 18 19 20 21 22 81 82 78 79 80 87 88 89 90 91 92 93 94 95 96 97 68 69 70 96 97 71 72 98 99 87 88 89 90 91 92 93 94 95 12 13 14 15 16 98 99 37 38 39 40 41 42 43 44 58 59 55 56 57 83 84 85 86 73 74 75 76 77 31 32 33 34 35 36 
62822
22
2 2 6 9 2 2 8 2 2 4 9 3 6 3 5 5 6 2 3 6 3 10 
10 5 17 44 30 13 8 44 18 31 1 29 4 1 3 20 4 48 17 6 9 8 
63 26 25 54 43 24 61 47 48 65 10 43 37 14 57 68 15 59 44 70 63 10 
481 670 316 743 927 772 536 633 423 954 860 252 830 521 292 338 908 670 632 689 432 602 
10 10 10 10 10 10 10 10 10 13 13 13 14 14 14 14 14 12 12 12 12 12 12 16 16 16 16 16 16 1 1 19 19 19 19 19 19 6 6 6 6 6 6 6 6 21 21 21 21 21 21 21 21 21 21 20 20 20 0 0 10 10 10 10 10 10 10 10 10 21 21 21 21 21 21 21 21 21 21 5 5 13 13 13 16 16 16 16 16 16 2 2 2 2 2 2 18 18 18 8 8 15 15 15 15 15 5 5 2 2 2 2 2 2 1 1 11 11 11 4 4 9 9 9 9 12 12 12 12 12 12 4 4 11 11 11 3 3 3 3 3 3 3 3 3 7 7 18 18 18 7 7 8 8 17 17 3 3 3 3 3 3 3 3 3 14 14 14 14 14 17 17 6 6 6 6 6 6 6 6 0 0 20 20 20 9 9 9 9 15 15 15 15 15 19 19 19 19 19 19 