948
100
2
6 6 6 7 7 7 7 7 7 7 10 10 10 10 10 10 10 10 10 10 10 10 10 10 11 11 12 12 12 12 12 12 12 12 12 12 12 12 12 12 12 12 12 12 13 13 13 13 13 13 13 13 13 13 13 13 21 21 22 22 22 22 23 23 23 23 23 23 23 23 23 23 23 25 25 25 25 30 30 30 30 30 30 30 30 33 33 33 33 33 33 33 33 33 33 33 35 35 35 35 35 35 35 35 35 35 35 36 36 36 36 36 36 36 36 36 36 36 36 41 41 41 41 46 46 48 48 48 48 48 48 48 48 48 48 48 48 48 48 48 48 48 48 49 49 49 49 49 49 49 49 49 51 51 51 51 51 51 51 51 51 51 51 51 54 54 54 54 54 54 54 54 54 54 54 54 54 54 54 58 58 59 59 59 59 59 66 66 66 66 66 66 66 66 66 67 67 67 67 67 
82 83 84 17 18 19 20 21 22 23 107 108 109 110 111 112 113 3 4 5 6 7 8 9 56 57 27 26 29 28 31 30 33 32 35 34 37 36 39 38 41 40 43 42 152 153 154 155 156 157 158 159 160 161 162 163 24 25 119 120 121 122 85 86 87 88 89 90 91 92 93 94 95 164 165 166 167 181 182 183 184 185 0 1 2 62 63 64 65 66 67 68 69 70 71 72 168 169 170 171 172 173 174 175 176 177 178 10 11 12 13 14 15 16 195 196 197 198 199 58 59 60 61 179 180 126 125 128 127 130 129 132 131 134 133 136 135 138 137 140 139 142 141 186 187 188 189 190 191 192 193 194 44 45 46 47 48 49 50 51 52 53 54 55 73 74 75 76 96 97 98 99 100 101 102 103 104 105 106 123 124 77 78 79 80 81 143 144 145 146 147 148 149 150 151 114 115 116 117 118 
719 719 719 822 822 822 822 822 822 822 674 674 674 674 674 674 674 822 822 822 822 822 822 822 857 857 491 491 491 491 491 491 491 491 491 491 491 491 491 491 491 491 491 491 509 509 509 509 509 509 509 509 509 509 509 509 857 857 512 512 512 512 270 270 270 270 270 270 270 270 270 270 270 262 262 262 262 574 574 574 574 574 719 719 719 270 270 270 270 270 270 270 270 270 270 270 877 877 877 877 877 877 877 877 877 877 877 674 674 674 674 674 674 674 631 631 631 631 631 512 512 512 512 238 238 278 278 278 278 278 278 278 278 278 278 278 278 278 278 278 278 278 278 794 794 794 794 794 794 794 794 794 509 509 509 509 509 509 509 509 509 509 509 509 262 262 262 262 877 877 877 877 877 877 877 877 877 877 877 238 238 574 574 574 574 574 794 794 794 794 794 794 794 794 794 631 631 631 631 631 
0 1 2 3 4 5 6 7 8 9 10 11 12 13 14 15 16 3 4 5 6 7 8 9 17 18 19 19 20 20 21 21 22 22 23 23 24 24 25 25 26 26 27 27 28 29 30 31 32 33 34 35 36 37 38 39 17 18 40 41 42 43 44 45 46 47 48 49 50 51 52 53 54 55 56 57 58 59 60 61 62 63 0 1 2 44 45 46 47 48 49 50 51 52 53 54 64 65 66 67 68 69 70 71 72 73 74 10 11 12 13 14 15 16 75 76 77 78 79 40 41 42 43 80 81 82 82 83 83 84 84 85 85 86 86 87 87 88 88 89 89 90 90 91 92 93 94 95 96 97 98 99 28 29 30 31 32 33 34 35 36 37 38 39 55 56 57 58 64 65 66 67 68 69 70 71 72 73 74 80 81 59 60 61 62 63 91 92 93 94 95 96 97 98 99 75 76 77 78 79 
56732
15
4 7 4 9 12 5 5 2 2 11 3 7 9 9 11 
25 10 22 49 13 36 30 46 11 35 6 7 12 48 23 
54 36 41 66 51 67 59 58 21 54 30 10 12 48 33 
262 674 512 794 509 631 574 238 857 877 719 822 491 278 270 
10 10 10 11 11 11 11 11 11 11 1 1 1 1 1 1 1 11 11 11 11 11 11 11 8 8 12 12 12 12 12 12 12 12 12 12 12 12 12 12 12 12 12 12 4 4 4 4 4 4 4 4 4 4 4 4 8 8 2 2 2 2 14 14 14 14 14 14 14 14 14 14 14 0 0 0 0 6 6 6 6 6 10 10 10 14 14 14 14 14 14 14 14 14 14 14 9 9 9 9 9 9 9 9 9 9 9 1 1 1 1 1 1 1 5 5 5 5 5 2 2 2 2 7 7 13 13 13 13 13 13 13 13 13 13 13 13 13 13 13 13 13 13 3 3 3 3 3 3 3 3 3 4 4 4 4 4 4 4 4 4 4 4 4 0 0 0 0 9 9 9 9 9 9 9 9 9 9 9 7 7 6 6 6 6 6 3 3 3 3 3 3 3 3 3 5 5 5 5 5 