18
100
2
2 2 2 2 2 2 2 2 4 4 4 8 8 8 8 8 8 10 11 11 11 12 12 12 12 13 13 13 13 13 13 13 17 17 17 20 20 20 20 20 20 22 22 22 22 22 22 22 22 22 22 22 22 22 22 22 22 23 23 23 23 23 23 23 24 24 24 25 25 25 25 25 25 27 27 27 27 27 27 27 30 30 30 30 30 30 30 33 33 33 33 33 33 34 34 34 34 36 36 36 36 37 39 39 39 39 39 39 39 39 39 39 39 39 39 39 39 39 39 39 39 39 39 39 39 40 40 40 40 40 40 40 41 42 42 42 42 44 44 44 44 45 45 45 45 45 46 46 46 46 46 46 46 47 47 47 55 58 58 58 58 58 58 58 58 58 58 58 58 58 62 62 62 63 63 63 63 63 63 63 64 64 64 65 65 65 65 65 65 65 68 68 68 68 68 68 69 69 69 69 
156 73 74 75 76 77 78 79 67 68 69 190 191 192 193 194 195 101 39 40 169 35 36 37 38 146 147 148 149 150 151 152 170 171 172 21 22 23 24 18 19 109 110 111 112 113 114 115 116 117 118 119 120 121 122 123 124 125 126 127 128 129 130 131 97 98 99 8 9 10 153 154 155 1 2 3 4 5 6 7 102 103 104 105 106 107 108 163 164 165 166 167 168 159 160 161 162 64 65 66 182 17 80 81 82 83 84 85 86 41 42 43 44 45 46 47 48 49 50 51 52 53 54 55 56 57 58 59 60 61 62 63 141 196 197 198 199 142 143 144 145 132 137 138 139 140 25 26 27 28 29 30 31 70 71 72 0 180 181 93 94 95 96 87 88 89 90 91 92 20 32 33 34 183 184 185 186 187 188 189 157 158 100 173 174 175 176 177 178 179 11 12 13 14 15 16 133 134 135 136 
521 246 246 246 246 246 246 246 285 285 285 869 869 869 869 869 869 237 724 724 596 926 926 926 926 736 736 736 736 736 736 736 241 241 241 926 926 926 926 724 724 438 438 438 438 438 438 438 438 438 438 438 438 438 438 438 438 531 531 531 531 531 531 531 247 247 247 285 285 285 723 723 723 246 246 246 246 246 246 246 530 530 530 530 530 530 530 354 354 354 354 354 354 558 558 558 558 247 247 247 968 237 530 530 530 530 530 530 530 438 438 438 438 438 438 438 438 438 438 438 438 438 438 438 438 531 531 531 531 531 531 531 165 186 186 186 186 600 600 600 600 165 600 600 600 600 736 736 736 736 736 736 736 723 723 723 521 647 647 558 558 558 558 354 354 354 354 354 354 596 241 241 241 606 606 606 606 606 606 606 647 647 968 606 606 606 606 606 606 606 869 869 869 869 869 869 186 186 186 186 
0 1 2 3 4 5 6 7 8 9 10 11 12 13 14 15 16 17 18 19 20 21 22 23 24 25 26 27 28 29 30 31 32 33 34 21 22 23 24 18 19 35 36 37 38 39 40 41 42 43 44 45 46 47 48 49 50 51 52 53 54 55 56 57 58 59 60 8 9 10 61 62 63 1 2 3 4 5 6 7 64 65 66 67 68 69 70 71 72 73 74 75 76 77 78 79 80 58 59 60 81 17 64 65 66 67 68 69 70 35 36 37 38 39 40 41 42 43 44 45 46 47 48 49 50 51 52 53 54 55 56 57 82 83 84 85 86 87 88 89 90 82 87 88 89 90 25 26 27 28 29 30 31 61 62 63 0 91 92 77 78 79 80 71 72 73 74 75 76 20 32 33 34 93 94 95 96 97 98 99 91 92 81 93 94 95 96 97 98 99 11 12 13 14 15 16 83 84 85 86 
51686
23
2 4 3 7 4 7 3 3 4 1 6 2 1 6 1 1 7 1 3 7 4 7 16 
58 42 24 30 34 13 4 25 12 41 33 11 2 8 10 11 2 36 17 63 44 23 22 
64 69 36 39 58 46 25 47 20 45 58 20 55 68 37 58 27 64 62 65 45 40 39 
647 186 247 530 558 736 285 723 926 165 354 724 521 869 237 596 246 968 241 606 600 531 438 
12 16 16 16 16 16 16 16 6 6 6 13 13 13 13 13 13 14 11 11 15 8 8 8 8 5 5 5 5 5 5 5 18 18 18 8 8 8 8 11 11 22 22 22 22 22 22 22 22 22 22 22 22 22 22 22 22 21 21 21 21 21 21 21 2 2 2 6 6 6 7 7 7 16 16 16 16 16 16 16 3 3 3 3 3 3 3 10 10 10 10 10 10 4 4 4 4 2 2 2 17 14 3 3 3 3 3 3 3 22 22 22 22 22 22 22 22 22 22 22 22 22 22 22 22 21 21 21 21 21 21 21 9 1 1 1 1 20 20 20 20 9 20 20 20 20 5 5 5 5 5 5 5 7 7 7 12 0 0 4 4 4 4 10 10 10 10 10 10 15 18 18 18 19 19 19 19 19 19 19 0 0 17 19 19 19 19 19 19 19 13 13 13 13 13 13 1 1 1 1 