216
100
2
1 1 1 2 2 2 2 2 2 2 2 2 2 2 3 3 3 4 4 4 4 4 4 4 4 4 4 6 6 9 9 9 9 9 9 9 9 9 9 9 11 11 11 11 11 11 11 11 11 11 13 13 13 13 13 13 13 13 13 13 13 13 13 13 15 15 15 19 19 19 19 19 19 19 19 20 20 20 20 22 22 28 28 28 28 28 28 28 28 28 28 28 28 28 29 29 29 29 29 30 30 30 30 30 35 35 35 35 35 35 35 37 37 37 37 37 39 39 39 39 39 39 39 39 39 39 40 40 40 40 40 40 40 40 42 42 42 42 47 47 47 47 47 47 47 47 49 49 49 49 49 54 54 54 54 54 56 56 56 56 58 58 58 58 59 59 59 59 59 59 59 59 59 59 62 62 65 65 65 65 65 65 65 65 67 67 67 67 67 67 67 67 67 67 67 67 67 67 67 67 
64 65 66 83 84 85 86 87 88 89 90 91 92 93 96 97 98 67 68 69 70 71 72 73 74 81 82 94 95 138 139 140 141 142 143 144 145 108 109 110 54 55 56 57 58 59 60 61 62 63 160 161 162 163 40 41 42 43 44 45 46 47 48 49 0 1 2 17 18 19 20 21 22 23 24 134 135 136 137 174 175 25 26 3 4 5 6 7 8 9 10 11 12 13 27 28 14 15 16 146 147 148 149 150 156 157 158 159 37 38 39 151 152 153 154 155 164 165 166 167 168 169 170 171 172 173 176 177 178 179 180 181 182 183 75 76 77 78 29 30 31 32 33 34 35 36 99 100 101 102 103 111 112 113 114 115 104 105 106 107 50 51 52 53 116 117 118 119 120 121 122 123 124 125 79 80 126 127 128 129 130 131 132 133 185 184 187 186 189 188 191 190 193 192 195 194 197 196 199 198 
779 779 779 713 713 713 713 713 713 713 713 713 713 713 444 444 444 524 524 524 524 524 524 524 524 169 169 819 819 541 541 541 541 541 541 541 541 497 497 497 528 528 528 528 528 528 528 528 528 528 976 976 976 976 528 528 528 528 528 528 528 528 528 528 779 779 779 524 524 524 524 524 524 524 524 197 197 197 197 198 198 169 169 713 713 713 713 713 713 713 713 713 713 713 819 819 444 444 444 499 499 499 499 499 950 950 950 950 497 497 497 741 741 741 741 741 295 295 295 295 295 295 295 295 295 295 919 919 919 919 919 919 919 919 197 197 197 197 541 541 541 541 541 541 541 541 499 499 499 499 499 741 741 741 741 741 950 950 950 950 976 976 976 976 295 295 295 295 295 295 295 295 295 295 198 198 919 919 919 919 919 919 919 919 178 178 178 178 178 178 178 178 178 178 178 178 178 178 178 178 
0 1 2 3 4 5 6 7 8 9 10 11 12 13 14 15 16 17 18 19 20 21 22 23 24 25 26 27 28 29 30 31 32 33 34 35 36 37 38 39 40 41 42 43 44 45 46 47 48 49 50 51 52 53 40 41 42 43 44 45 46 47 48 49 0 1 2 17 18 19 20 21 22 23 24 54 55 56 57 58 59 25 26 3 4 5 6 7 8 9 10 11 12 13 27 28 14 15 16 60 61 62 63 64 65 66 67 68 37 38 39 69 70 71 72 73 74 75 76 77 78 79 80 81 82 83 84 85 86 87 88 89 90 91 54 55 56 57 29 30 31 32 33 34 35 36 60 61 62 63 64 69 70 71 72 73 65 66 67 68 50 51 52 53 74 75 76 77 78 79 80 81 82 83 58 59 84 85 86 87 88 89 90 91 92 92 93 93 94 94 95 95 96 96 97 97 98 98 99 99 
55593
18
2 5 8 4 4 8 8 3 5 3 3 10 2 10 8 2 4 11 
6 37 40 13 35 9 4 3 30 1 9 11 22 39 67 4 20 2 
29 54 65 58 56 47 19 29 49 15 35 13 62 59 67 28 42 28 
819 741 919 976 950 541 524 444 499 779 497 528 198 295 178 169 197 713 
9 9 9 17 17 17 17 17 17 17 17 17 17 17 7 7 7 6 6 6 6 6 6 6 6 15 15 0 0 5 5 5 5 5 5 5 5 10 10 10 11 11 11 11 11 11 11 11 11 11 3 3 3 3 11 11 11 11 11 11 11 11 11 11 9 9 9 6 6 6 6 6 6 6 6 16 16 16 16 12 12 15 15 17 17 17 17 17 17 17 17 17 17 17 0 0 7 7 7 8 8 8 8 8 4 4 4 4 10 10 10 1 1 1 1 1 13 13 13 13 13 13 13 13 13 13 2 2 2 2 2 2 2 2 16 16 16 16 5 5 5 5 5 5 5 5 8 8 8 8 8 1 1 1 1 1 4 4 4 4 3 3 3 3 13 13 13 13 13 13 13 13 13 13 12 12 2 2 2 2 2 2 2 2 14 14 14 14 14 14 14 14 14 14 14 14 14 14 14 14 