173
100
2
1 1 1 1 1 1 3 3 3 3 6 6 6 6 6 6 6 6 7 7 7 7 7 7 7 7 12 12 12 12 12 13 13 13 13 13 14 14 14 16 16 16 16 16 17 17 17 17 17 17 19 19 19 19 19 21 21 21 21 21 21 21 21 21 21 21 21 21 21 21 21 21 21 21 21 21 23 23 23 23 23 23 23 23 23 23 23 23 23 23 23 23 31 31 31 31 32 32 32 33 33 33 33 33 35 35 35 35 37 37 37 37 37 37 37 37 37 39 39 39 39 39 39 40 40 40 42 42 42 42 44 44 48 49 49 49 49 49 49 49 49 49 49 49 49 49 49 49 50 50 50 50 50 51 51 51 51 51 51 54 54 54 54 56 56 60 60 60 60 60 60 60 60 60 63 63 63 63 64 64 64 64 64 65 65 66 66 66 66 69 69 69 69 69 69 69 70 70 70 70 
165 166 167 168 169 177 40 41 42 43 189 190 191 21 22 23 24 25 174 175 176 13 14 15 16 17 188 126 127 128 129 138 139 140 141 142 96 97 98 183 6 7 8 9 117 118 119 120 121 122 178 179 180 181 182 143 144 145 146 147 76 77 78 79 80 81 82 83 84 85 86 87 88 89 90 91 60 61 62 63 64 65 66 67 68 69 70 71 72 73 74 75 104 105 106 107 36 37 38 154 155 156 157 158 92 93 94 95 148 149 150 151 152 192 193 194 195 44 45 46 47 48 49 185 186 187 27 28 29 30 163 164 153 196 197 198 199 184 31 32 33 34 35 55 56 57 58 59 108 109 110 111 112 132 99 100 101 102 103 170 171 172 173 130 131 0 1 2 3 4 159 160 161 162 18 19 20 5 50 51 52 53 54 39 137 123 124 125 26 10 11 12 113 114 115 116 133 134 135 136 
575 575 575 575 575 169 150 150 150 150 316 316 316 366 366 366 366 366 698 698 698 366 366 366 366 366 188 292 292 292 292 806 806 806 806 806 420 420 420 764 150 150 150 150 252 252 252 252 252 252 721 721 721 721 721 446 446 446 446 446 569 569 569 569 569 569 569 569 569 569 569 569 569 569 569 569 569 569 569 569 569 569 569 569 569 569 569 569 569 569 569 569 839 839 839 839 420 420 420 772 772 772 772 772 839 839 839 839 698 698 698 698 698 497 497 497 497 252 252 252 252 252 252 226 226 226 292 292 292 292 539 539 901 747 747 747 747 261 806 806 806 806 806 446 446 446 446 446 698 698 698 698 698 901 772 772 772 772 772 150 150 150 150 539 539 575 575 575 575 575 150 150 150 150 698 698 698 169 721 721 721 721 721 764 261 226 226 226 188 316 316 316 497 497 497 497 747 747 747 747 
0 1 2 3 4 5 6 7 8 9 10 11 12 13 14 15 16 17 18 19 20 13 14 15 16 17 21 22 23 24 25 26 27 28 29 30 31 32 33 34 6 7 8 9 35 36 37 38 39 40 41 42 43 44 45 46 47 48 49 50 51 52 53 54 55 56 57 58 59 60 61 62 63 64 65 66 51 52 53 54 55 56 57 58 59 60 61 62 63 64 65 66 67 68 69 70 31 32 33 71 72 73 74 75 67 68 69 70 76 77 78 79 80 81 82 83 84 35 36 37 38 39 40 85 86 87 22 23 24 25 88 89 90 91 92 93 94 95 26 27 28 29 30 46 47 48 49 50 76 77 78 79 80 90 71 72 73 74 75 96 97 98 99 88 89 0 1 2 3 4 96 97 98 99 18 19 20 5 41 42 43 44 45 34 95 85 86 87 21 10 11 12 81 82 83 84 91 92 93 94 
51577
25
6 5 1 4 1 4 3 3 3 3 1 5 2 5 1 5 1 4 4 5 4 5 5 4 16 
17 1 16 49 49 3 14 6 40 7 1 37 44 6 48 33 12 31 37 13 12 21 19 54 21 
39 60 65 70 65 16 32 69 66 63 63 50 56 7 51 51 66 35 69 49 42 49 64 60 23 
252 575 764 747 261 150 420 316 226 698 169 698 539 366 901 772 188 839 497 806 292 446 721 150 569 
1 1 1 1 1 10 5 5 5 5 7 7 7 13 13 13 13 13 9 9 9 13 13 13 13 13 16 20 20 20 20 19 19 19 19 19 6 6 6 2 5 5 5 5 0 0 0 0 0 0 22 22 22 22 22 21 21 21 21 21 24 24 24 24 24 24 24 24 24 24 24 24 24 24 24 24 24 24 24 24 24 24 24 24 24 24 24 24 24 24 24 24 17 17 17 17 6 6 6 15 15 15 15 15 17 17 17 17 11 11 11 11 11 18 18 18 18 0 0 0 0 0 0 8 8 8 20 20 20 20 12 12 14 3 3 3 3 4 19 19 19 19 19 21 21 21 21 21 11 11 11 11 11 14 15 15 15 15 15 23 23 23 23 12 12 1 1 1 1 1 23 23 23 23 9 9 9 10 22 22 22 22 22 2 4 8 8 8 16 7 7 7 18 18 18 18 3 3 3 3 