354
100
2
1 2 2 2 2 4 4 6 6 6 6 6 7 7 7 7 7 8 8 8 8 8 8 9 9 9 9 9 9 9 13 13 13 13 13 15 15 15 15 15 16 16 17 17 17 18 20 20 20 20 20 20 20 20 20 20 20 20 20 20 20 20 20 20 20 20 21 21 21 21 24 24 24 24 24 25 25 25 25 25 26 26 26 28 28 28 28 29 29 29 33 33 33 33 33 34 34 34 34 34 34 35 35 36 36 36 36 36 37 37 37 37 37 37 37 37 37 37 37 37 37 37 37 39 39 39 39 39 40 40 40 40 40 41 41 41 41 41 42 42 42 42 42 44 44 44 44 45 45 49 49 49 49 50 50 50 50 50 51 51 56 58 58 58 58 58 60 60 60 61 61 61 63 63 63 63 63 64 64 65 65 65 65 66 66 67 67 67 67 68 68 68 68 68 68 68 68 68 68 68 
45 19 20 21 22 101 102 66 67 68 69 16 185 186 187 188 11 177 178 1 2 3 4 158 159 169 170 171 29 28 138 139 140 141 142 128 129 130 131 132 147 148 189 190 191 0 123 124 125 126 127 108 109 110 111 112 113 114 115 116 117 118 119 120 121 122 7 8 9 10 153 154 155 156 157 90 91 92 93 94 192 193 194 103 104 105 106 166 167 168 75 76 77 78 79 183 184 179 180 181 182 5 6 83 84 85 86 160 51 52 53 54 55 56 57 58 59 60 61 62 63 64 65 46 47 48 49 50 35 36 37 38 39 172 173 174 175 176 30 31 32 33 34 149 150 151 152 40 41 143 144 145 146 70 71 72 73 74 23 24 107 195 196 197 198 199 87 88 89 25 26 27 133 134 135 136 137 17 18 97 98 99 100 95 96 12 13 14 15 42 43 44 80 81 82 161 162 163 164 165 
294 436 436 436 436 980 980 376 376 376 376 201 347 347 347 347 201 557 557 436 436 436 436 899 899 264 264 264 369 369 333 333 333 333 333 262 262 262 262 262 455 455 549 549 549 294 835 835 835 835 835 770 770 770 770 770 770 770 770 770 770 770 770 770 770 770 376 376 376 376 843 843 843 843 843 222 222 222 222 222 279 279 279 554 554 554 554 634 634 634 222 222 222 222 222 428 428 217 217 217 217 980 980 554 554 554 554 289 770 770 770 770 770 770 770 770 770 770 770 770 770 770 770 835 835 835 835 835 262 262 262 262 262 652 652 652 652 652 333 333 333 333 333 993 993 993 993 455 455 993 993 993 993 843 843 843 843 843 899 899 289 717 717 879 879 879 634 634 634 264 264 264 652 652 652 652 652 557 557 217 217 217 217 428 428 347 347 347 347 549 549 549 279 279 279 717 717 879 879 879 
0 1 2 3 4 5 6 7 8 9 10 11 12 13 14 15 11 16 17 1 2 3 4 18 19 20 21 22 23 23 24 25 26 27 28 29 30 31 32 33 34 35 36 37 38 0 39 40 41 42 43 44 45 46 47 48 49 50 51 52 53 54 55 56 57 58 7 8 9 10 59 60 61 62 63 64 65 66 67 68 69 70 71 72 73 74 75 76 77 78 64 65 66 67 68 79 80 81 82 83 84 5 6 72 73 74 75 85 44 45 46 47 48 49 50 51 52 53 54 55 56 57 58 39 40 41 42 43 29 30 31 32 33 86 87 88 89 90 24 25 26 27 28 91 92 93 94 34 35 91 92 93 94 59 60 61 62 63 18 19 85 95 96 97 98 99 76 77 78 20 21 22 86 87 88 89 90 16 17 81 82 83 84 79 80 12 13 14 15 36 37 38 69 70 71 95 96 97 98 99 
56017
28
2 4 1 4 4 5 2 4 3 3 2 1 4 2 4 5 5 5 3 5 2 5 3 2 3 1 1 15 
4 7 1 6 28 24 8 2 17 26 34 36 44 58 34 25 41 13 29 20 9 15 58 16 9 6 9 20 
35 67 18 21 36 50 64 8 68 68 66 56 49 68 65 33 63 42 60 39 51 40 68 45 61 7 9 37 
980 347 294 376 554 843 557 436 549 279 428 289 993 717 217 222 652 333 634 835 899 262 879 455 264 201 369 770 
2 7 7 7 7 0 0 3 3 3 3 25 1 1 1 1 25 6 6 7 7 7 7 20 20 24 24 24 26 26 17 17 17 17 17 21 21 21 21 21 23 23 8 8 8 2 19 19 19 19 19 27 27 27 27 27 27 27 27 27 27 27 27 27 27 27 3 3 3 3 5 5 5 5 5 15 15 15 15 15 9 9 9 4 4 4 4 18 18 18 15 15 15 15 15 10 10 14 14 14 14 0 0 4 4 4 4 11 27 27 27 27 27 27 27 27 27 27 27 27 27 27 27 19 19 19 19 19 21 21 21 21 21 16 16 16 16 16 17 17 17 17 17 12 12 12 12 23 23 12 12 12 12 5 5 5 5 5 20 20 11 13 13 22 22 22 18 18 18 24 24 24 16 16 16 16 16 6 6 14 14 14 14 10 10 1 1 1 1 8 8 8 9 9 9 13 13 22 22 22 