472
100
2
4 4 4 4 4 4 4 8 8 8 8 8 8 8 8 8 8 8 9 9 9 9 9 9 9 9 9 9 9 9 9 9 9 9 9 9 11 11 13 13 13 16 16 16 16 16 19 19 19 19 19 19 19 19 19 19 19 27 27 27 27 27 27 27 27 27 27 31 31 31 31 31 31 31 31 31 31 31 31 32 32 32 32 32 32 32 32 32 32 33 33 33 33 33 33 33 33 33 33 33 36 36 36 36 36 36 36 36 36 36 36 36 36 37 37 37 37 37 37 37 37 37 37 37 37 37 37 38 38 38 38 38 38 38 38 38 38 38 38 40 40 42 42 42 42 42 42 42 42 42 42 42 45 45 45 45 45 45 45 45 45 45 45 45 45 45 45 45 45 45 46 46 52 52 55 55 55 55 55 55 55 55 55 55 61 61 61 61 61 61 61 61 61 69 69 69 69 69 69 69 
29 30 31 32 33 34 35 141 142 143 144 145 146 147 148 149 150 151 89 90 91 92 93 94 95 96 97 98 99 0 1 2 3 4 5 6 139 140 110 111 112 122 123 124 125 126 154 155 156 157 158 159 160 161 162 163 164 174 175 176 177 178 179 180 181 182 183 127 128 129 130 131 132 133 134 135 136 137 138 100 101 102 103 104 105 106 107 108 109 18 19 20 21 22 23 24 25 26 27 28 79 80 81 82 83 84 85 86 87 88 38 39 40 184 185 186 187 188 189 190 191 192 41 42 43 44 45 67 68 69 70 71 72 73 74 75 76 77 78 36 37 7 8 9 10 11 12 13 14 15 16 17 170 171 46 47 48 49 50 51 52 53 54 55 56 195 196 197 198 199 152 153 193 194 57 58 59 60 61 62 63 64 65 66 113 114 115 116 117 118 119 120 121 172 173 165 166 167 168 169 
324 324 324 324 324 324 324 814 814 814 814 814 814 814 814 814 814 814 822 822 822 822 822 822 822 822 822 822 822 324 324 324 324 324 324 324 896 896 150 150 150 463 463 463 463 463 838 838 838 838 838 838 838 838 838 838 838 986 986 986 986 986 986 986 986 986 986 236 236 236 236 236 236 236 236 236 236 236 236 509 509 509 509 509 509 509 509 509 509 822 822 822 822 822 822 822 822 822 822 822 509 509 509 509 509 509 509 509 509 509 150 150 150 997 997 997 997 997 997 997 997 997 463 463 463 463 463 236 236 236 236 236 236 236 236 236 236 236 236 896 896 814 814 814 814 814 814 814 814 814 814 814 625 625 838 838 838 838 838 838 838 838 838 838 838 670 670 670 670 670 625 625 712 712 986 986 986 986 986 986 986 986 986 986 997 997 997 997 997 997 997 997 997 712 712 670 670 670 670 670 
0 1 2 3 4 5 6 7 8 9 10 11 12 13 14 15 16 17 18 19 20 21 22 23 24 25 26 27 28 0 1 2 3 4 5 6 29 30 31 32 33 34 35 36 37 38 39 40 41 42 43 44 45 46 47 48 49 50 51 52 53 54 55 56 57 58 59 60 61 62 63 64 65 66 67 68 69 70 71 72 73 74 75 76 77 78 79 80 81 18 19 20 21 22 23 24 25 26 27 28 72 73 74 75 76 77 78 79 80 81 31 32 33 82 83 84 85 86 87 88 89 90 34 35 36 37 38 60 61 62 63 64 65 66 67 68 69 70 71 29 30 7 8 9 10 11 12 13 14 15 16 17 91 92 39 40 41 42 43 44 45 46 47 48 49 93 94 95 96 97 91 92 98 99 50 51 52 53 54 55 56 57 58 59 82 83 84 85 86 87 88 89 90 98 99 93 94 95 96 97 
66818
14
2 11 9 10 11 2 10 3 5 2 7 11 5 12 
11 9 37 32 8 52 27 13 16 45 4 19 45 31 
40 33 61 36 42 69 55 36 37 46 9 45 69 38 
896 822 997 509 814 712 986 150 463 625 324 838 670 236 
10 10 10 10 10 10 10 4 4 4 4 4 4 4 4 4 4 4 1 1 1 1 1 1 1 1 1 1 1 10 10 10 10 10 10 10 0 0 7 7 7 8 8 8 8 8 11 11 11 11 11 11 11 11 11 11 11 6 6 6 6 6 6 6 6 6 6 13 13 13 13 13 13 13 13 13 13 13 13 3 3 3 3 3 3 3 3 3 3 1 1 1 1 1 1 1 1 1 1 1 3 3 3 3 3 3 3 3 3 3 7 7 7 2 2 2 2 2 2 2 2 2 8 8 8 8 8 13 13 13 13 13 13 13 13 13 13 13 13 0 0 4 4 4 4 4 4 4 4 4 4 4 9 9 11 11 11 11 11 11 11 11 11 11 11 12 12 12 12 12 9 9 5 5 6 6 6 6 6 6 6 6 6 6 2 2 2 2 2 2 2 2 2 5 5 12 12 12 12 12 