956
100
2
1 1 1 5 5 5 8 8 8 10 10 10 10 20 20 20 20 20 20 20 21 21 21 21 21 21 21 21 21 21 21 21 21 21 21 22 22 22 22 22 22 22 24 24 24 24 24 26 27 27 27 27 27 28 28 28 28 28 28 28 28 32 32 32 32 32 32 32 33 33 33 33 38 38 38 38 38 38 40 40 40 40 40 40 40 42 42 42 42 42 42 43 43 43 43 43 43 48 48 48 48 48 48 48 50 50 50 50 50 50 57 57 57 57 57 58 58 58 60 60 60 60 60 60 60 60 60 60 60 60 60 60 60 60 60 60 62 63 63 63 63 63 63 63 63 63 63 63 63 63 63 63 63 63 63 63 63 63 63 63 64 64 64 64 64 64 64 65 65 65 65 65 65 65 65 66 66 67 67 67 67 67 67 67 67 67 67 67 67 67 67 68 68 68 68 68 68 68 70 70 
3 4 5 0 1 2 136 27 28 68 69 70 71 47 85 86 87 88 89 90 97 98 99 100 101 102 103 7 8 104 105 106 107 108 109 177 178 179 180 181 182 183 78 79 115 116 117 13 110 111 112 113 114 167 184 185 186 187 188 189 190 160 161 162 163 164 165 166 9 10 11 12 91 92 93 94 95 96 42 43 137 138 139 140 141 14 15 16 17 18 19 72 73 74 75 76 77 20 21 22 23 24 25 26 29 30 31 32 33 34 48 49 50 51 52 44 45 46 142 143 144 145 146 147 148 149 150 151 152 153 154 155 156 157 158 159 6 80 81 82 83 84 118 119 120 121 122 123 124 125 126 127 128 129 130 131 132 133 134 135 61 62 63 64 65 66 67 53 191 192 193 194 195 196 197 198 199 35 36 37 38 39 40 41 54 55 56 57 58 59 60 168 169 170 171 172 173 174 175 176 
805 805 805 805 805 805 514 811 811 522 522 522 522 761 862 862 862 862 862 862 434 434 434 434 434 434 434 811 811 522 522 522 522 522 522 955 955 955 955 955 955 955 783 783 845 845 845 761 482 482 482 482 482 729 395 395 395 395 395 395 395 436 436 436 436 436 436 436 522 522 522 522 754 754 754 754 754 754 783 783 940 940 940 940 940 862 862 862 862 862 862 754 754 754 754 754 754 434 434 434 434 434 434 434 522 522 522 522 522 522 482 482 482 482 482 845 845 845 910 910 910 910 910 910 910 910 910 910 910 910 910 910 910 910 910 910 514 940 940 940 940 940 910 910 910 910 910 910 910 910 910 910 910 910 910 910 910 910 910 910 436 436 436 436 436 436 436 729 475 475 475 475 475 475 475 613 613 955 955 955 955 955 955 955 395 395 395 395 395 395 395 475 475 475 475 475 475 475 613 613 
0 1 2 0 1 2 3 4 5 6 7 8 9 10 11 12 13 14 15 16 17 18 19 20 21 22 23 4 5 24 25 26 27 28 29 30 31 32 33 34 35 36 37 38 39 40 41 10 42 43 44 45 46 47 48 49 50 51 52 53 54 55 56 57 58 59 60 61 6 7 8 9 62 63 64 65 66 67 37 38 68 69 70 71 72 11 12 13 14 15 16 62 63 64 65 66 67 17 18 19 20 21 22 23 24 25 26 27 28 29 42 43 44 45 46 39 40 41 73 74 75 76 77 78 79 80 81 82 83 84 85 86 87 88 89 90 3 68 69 70 71 72 73 74 75 76 77 78 79 80 81 82 83 84 85 86 87 88 89 90 55 56 57 58 59 60 61 47 91 92 93 94 95 96 97 98 99 30 31 32 33 34 35 36 48 49 50 51 52 53 54 91 92 93 94 95 96 97 98 99 
68639
20
7 7 2 2 7 1 5 1 5 7 2 7 6 1 3 6 3 4 6 18 
22 32 66 24 21 8 27 28 40 28 8 65 38 20 1 20 24 10 21 60 
67 64 70 40 48 62 57 65 63 67 21 68 43 26 5 42 58 33 50 63 
955 436 613 783 434 514 482 729 940 395 811 475 754 761 805 862 845 522 522 910 
14 14 14 14 14 14 5 10 10 17 17 17 17 13 15 15 15 15 15 15 4 4 4 4 4 4 4 10 10 18 18 18 18 18 18 0 0 0 0 0 0 0 3 3 16 16 16 13 6 6 6 6 6 7 9 9 9 9 9 9 9 1 1 1 1 1 1 1 17 17 17 17 12 12 12 12 12 12 3 3 8 8 8 8 8 15 15 15 15 15 15 12 12 12 12 12 12 4 4 4 4 4 4 4 18 18 18 18 18 18 6 6 6 6 6 16 16 16 19 19 19 19 19 19 19 19 19 19 19 19 19 19 19 19 19 19 5 8 8 8 8 8 19 19 19 19 19 19 19 19 19 19 19 19 19 19 19 19 19 19 1 1 1 1 1 1 1 7 11 11 11 11 11 11 11 2 2 0 0 0 0 0 0 0 9 9 9 9 9 9 9 11 11 11 11 11 11 11 2 2 