492
100
2
4 4 5 5 5 5 5 5 6 6 6 6 6 6 8 8 8 10 10 10 10 10 10 10 10 10 10 10 12 12 12 13 14 14 14 14 14 14 17 17 17 17 17 18 18 18 18 18 18 18 18 18 19 19 19 19 19 19 19 19 19 20 20 20 20 20 20 20 20 20 20 22 22 22 22 22 22 22 22 22 23 23 23 23 23 23 23 23 23 23 23 26 26 26 26 33 33 33 33 33 33 33 33 33 33 33 33 33 33 33 42 42 42 42 42 42 42 42 45 45 45 45 50 50 50 50 53 56 56 56 56 56 56 56 56 57 57 57 57 57 57 57 57 57 57 57 57 57 57 57 59 59 59 59 59 59 59 59 64 64 64 64 64 64 64 64 67 67 67 67 68 68 68 68 68 68 68 68 69 69 69 69 69 69 69 69 69 69 69 69 69 69 69 69 69 69 69 69 69 69 
71 72 32 33 34 35 36 37 187 188 189 190 191 192 61 62 63 118 119 120 121 73 74 75 76 77 78 79 88 89 90 126 2 3 4 5 6 7 43 44 45 46 47 38 39 40 41 42 166 167 168 169 178 179 180 181 182 183 184 185 186 14 15 16 193 194 195 196 197 198 199 0 1 21 22 23 24 25 26 27 150 151 152 153 154 155 156 157 28 29 30 122 123 124 125 135 136 137 138 139 140 141 142 143 144 145 146 147 148 149 158 159 160 161 162 163 164 165 17 18 19 20 91 92 93 94 31 170 171 172 173 174 175 176 177 95 96 97 98 99 100 101 102 103 104 105 106 107 108 109 80 81 82 83 84 85 86 87 110 111 112 113 114 115 116 117 48 49 50 51 127 128 129 130 131 132 133 134 52 53 54 55 56 57 58 59 60 8 9 10 11 12 13 64 65 66 67 68 69 70 
402 402 607 607 607 607 607 607 895 895 895 895 895 895 374 374 374 474 474 474 474 864 864 864 864 864 864 864 590 590 590 235 607 607 607 607 607 607 457 457 457 457 457 457 457 457 457 457 995 995 995 995 457 457 457 457 457 457 457 457 457 374 374 374 358 358 358 358 358 358 358 402 402 864 864 864 864 864 864 864 426 426 426 426 426 426 426 426 590 590 590 695 695 695 695 151 151 151 151 151 151 151 151 151 151 151 151 151 151 151 436 436 436 436 436 436 436 436 474 474 474 474 695 695 695 695 235 191 191 191 191 191 191 191 191 151 151 151 151 151 151 151 151 151 151 151 151 151 151 151 426 426 426 426 426 426 426 426 436 436 436 436 436 436 436 436 995 995 995 995 191 191 191 191 191 191 191 191 457 457 457 457 457 457 457 457 457 895 895 895 895 895 895 358 358 358 358 358 358 358 
0 1 2 3 4 5 6 7 8 9 10 11 12 13 14 15 16 17 18 19 20 21 22 23 24 25 26 27 28 29 30 31 2 3 4 5 6 7 32 33 34 35 36 32 33 34 35 36 37 38 39 40 41 42 43 44 45 46 47 48 49 14 15 16 50 51 52 53 54 55 56 0 1 21 22 23 24 25 26 27 57 58 59 60 61 62 63 64 28 29 30 65 66 67 68 69 70 71 72 73 74 75 76 77 78 79 80 81 82 83 84 85 86 87 88 89 90 91 17 18 19 20 65 66 67 68 31 92 93 94 95 96 97 98 99 69 70 71 72 73 74 75 76 77 78 79 80 81 82 83 57 58 59 60 61 62 63 64 84 85 86 87 88 89 90 91 37 38 39 40 92 93 94 95 96 97 98 99 41 42 43 44 45 46 47 48 49 8 9 10 11 12 13 50 51 52 53 54 55 56 
47240
17
6 8 4 2 3 9 1 3 6 8 5 4 4 7 7 8 15 
5 23 26 4 12 19 13 8 6 42 17 18 10 10 20 56 33 
14 59 50 22 23 69 53 20 69 64 18 67 45 22 69 68 57 
607 426 695 402 590 457 235 374 895 436 457 995 474 864 358 191 151 
3 3 0 0 0 0 0 0 8 8 8 8 8 8 7 7 7 12 12 12 12 13 13 13 13 13 13 13 4 4 4 6 0 0 0 0 0 0 10 10 10 10 10 10 10 10 10 10 11 11 11 11 5 5 5 5 5 5 5 5 5 7 7 7 14 14 14 14 14 14 14 3 3 13 13 13 13 13 13 13 1 1 1 1 1 1 1 1 4 4 4 2 2 2 2 16 16 16 16 16 16 16 16 16 16 16 16 16 16 16 9 9 9 9 9 9 9 9 12 12 12 12 2 2 2 2 6 15 15 15 15 15 15 15 15 16 16 16 16 16 16 16 16 16 16 16 16 16 16 16 1 1 1 1 1 1 1 1 9 9 9 9 9 9 9 9 11 11 11 11 15 15 15 15 15 15 15 15 5 5 5 5 5 5 5 5 5 8 8 8 8 8 8 14 14 14 14 14 14 14 