842
100
2
3 3 3 3 3 3 5 5 5 5 5 5 5 5 6 6 6 7 7 7 9 9 9 9 9 11 11 12 12 12 13 13 13 13 13 14 14 14 14 14 15 15 15 15 16 16 16 16 16 16 16 16 16 16 16 19 19 19 19 19 19 19 19 21 21 21 21 21 21 21 21 23 23 23 25 25 25 25 25 27 27 28 28 28 28 28 29 29 29 29 29 29 29 32 32 32 32 32 33 33 33 33 33 37 38 38 39 39 39 39 39 39 39 41 41 44 44 44 44 45 45 45 46 46 46 46 46 46 46 46 49 49 50 50 50 50 50 50 52 54 54 54 54 54 54 54 54 54 54 54 54 54 55 55 55 55 55 55 56 56 57 57 57 59 59 59 59 59 59 64 64 64 64 65 65 65 65 65 65 65 65 65 65 65 65 65 66 66 66 66 67 67 67 67 67 67 67 67 68 68 
55 56 57 58 59 60 190 191 192 74 75 76 77 78 27 28 29 160 161 162 124 125 126 127 128 158 159 14 15 16 193 194 195 196 197 79 80 71 72 73 44 45 46 47 40 41 42 43 130 131 93 94 95 96 97 0 1 2 3 4 5 113 114 122 123 132 133 134 135 136 137 37 38 39 9 10 11 12 13 35 36 98 99 100 101 102 163 164 165 166 167 168 138 50 51 52 53 54 81 82 83 84 85 129 198 199 152 153 154 155 156 157 118 61 62 119 120 121 112 115 116 117 63 64 20 21 22 23 24 103 48 49 65 66 67 68 69 70 92 173 174 175 176 177 178 179 180 181 182 183 184 185 106 107 108 109 110 111 25 26 17 18 19 86 87 88 89 90 91 186 187 188 189 139 140 141 142 143 144 145 146 147 148 149 150 151 169 170 171 172 6 7 8 30 31 32 33 34 104 105 
834 834 834 834 834 834 772 772 772 720 720 720 720 720 636 636 636 395 395 395 863 863 863 863 863 635 635 636 636 636 360 360 360 360 360 263 263 257 257 257 406 406 406 406 406 406 406 406 930 930 875 875 875 875 875 834 834 834 834 834 834 971 971 914 914 889 889 889 889 889 889 257 257 257 720 720 720 720 720 263 263 885 885 885 885 885 227 227 227 227 227 227 766 875 875 875 875 875 885 885 885 885 885 964 662 662 740 740 740 740 740 740 714 971 971 691 691 691 714 691 691 691 914 914 863 863 863 863 863 964 930 930 889 889 889 889 889 889 766 190 190 190 190 190 190 190 190 190 190 190 190 190 740 740 740 740 740 740 635 635 395 395 395 227 227 227 227 227 227 393 393 393 393 190 190 190 190 190 190 190 190 190 190 190 190 190 393 393 393 393 772 772 772 360 360 360 360 360 662 662 
0 1 2 3 4 5 6 7 8 9 10 11 12 13 14 15 16 17 18 19 20 21 22 23 24 25 26 14 15 16 27 28 29 30 31 32 33 34 35 36 37 38 39 40 37 38 39 40 41 42 43 44 45 46 47 0 1 2 3 4 5 48 49 50 51 52 53 54 55 56 57 34 35 36 9 10 11 12 13 32 33 58 59 60 61 62 63 64 65 66 67 68 69 43 44 45 46 47 58 59 60 61 62 70 71 72 73 74 75 76 77 78 79 48 49 80 81 82 79 80 81 82 50 51 20 21 22 23 24 70 41 42 52 53 54 55 56 57 69 83 84 85 86 87 88 89 90 91 92 93 94 95 73 74 75 76 77 78 25 26 17 18 19 63 64 65 66 67 68 96 97 98 99 83 84 85 86 87 88 89 90 91 92 93 94 95 96 97 98 99 6 7 8 27 28 29 30 31 71 72 
59768
26
3 4 3 2 2 2 5 4 6 3 6 5 2 5 1 3 2 1 6 6 5 3 1 5 2 13 
44 15 5 38 21 14 5 64 39 7 3 9 19 28 39 14 16 37 21 29 16 6 29 13 11 54 
45 16 67 68 46 27 25 66 55 57 19 46 41 33 44 23 49 46 50 59 32 12 52 67 56 65 
691 406 772 662 914 263 720 393 740 395 834 863 971 885 714 257 930 964 889 227 875 636 766 360 635 190 
10 10 10 10 10 10 2 2 2 6 6 6 6 6 21 21 21 9 9 9 11 11 11 11 11 24 24 21 21 21 23 23 23 23 23 5 5 15 15 15 1 1 1 1 1 1 1 1 16 16 20 20 20 20 20 10 10 10 10 10 10 12 12 4 4 18 18 18 18 18 18 15 15 15 6 6 6 6 6 5 5 13 13 13 13 13 19 19 19 19 19 19 22 20 20 20 20 20 13 13 13 13 13 17 3 3 8 8 8 8 8 8 14 12 12 0 0 0 14 0 0 0 4 4 11 11 11 11 11 17 16 16 18 18 18 18 18 18 22 25 25 25 25 25 25 25 25 25 25 25 25 25 8 8 8 8 8 8 24 24 9 9 9 19 19 19 19 19 19 7 7 7 7 25 25 25 25 25 25 25 25 25 25 25 25 25 7 7 7 7 2 2 2 23 23 23 23 23 3 3 