681
100
2
3 3 3 3 6 6 6 6 6 7 7 7 7 7 7 7 11 11 11 11 11 11 11 11 11 11 11 11 11 11 11 11 11 11 11 11 11 11 11 11 11 11 11 11 15 15 15 15 15 16 16 16 16 16 16 17 17 17 17 21 22 23 23 23 23 26 26 26 26 26 26 27 27 27 27 27 27 27 27 27 29 29 29 29 29 33 33 33 33 33 34 34 34 34 35 37 37 37 37 37 37 37 37 37 38 38 38 38 38 41 41 44 44 44 44 45 45 45 45 45 46 46 46 46 49 49 49 49 50 51 51 51 51 51 51 51 51 51 51 53 54 54 54 54 54 54 54 54 54 56 56 56 56 57 57 57 57 57 57 57 57 57 57 57 57 57 57 57 57 57 57 57 58 58 58 58 58 60 60 60 60 60 60 60 60 60 60 63 63 63 63 67 67 67 67 67 69 69 69 69 
104 90 91 92 129 130 131 132 133 23 24 44 45 46 47 48 65 66 67 68 69 70 94 9 10 153 154 155 156 157 158 159 160 161 162 163 164 165 166 167 168 169 170 171 11 12 13 14 15 140 141 142 143 144 181 196 197 198 199 110 139 105 106 107 108 16 17 18 19 20 21 85 86 87 88 89 120 121 122 123 115 116 117 118 119 71 72 73 74 75 1 2 3 109 22 191 192 193 194 195 145 146 147 148 0 61 62 63 64 93 59 134 135 136 137 80 81 82 83 84 76 77 78 79 149 150 151 152 138 4 5 6 7 8 111 112 113 114 128 60 49 50 51 52 53 100 101 102 103 124 125 126 127 25 26 27 28 29 30 31 32 33 34 35 36 37 38 39 40 41 42 43 182 183 184 185 186 187 188 189 190 54 172 173 174 175 176 177 178 179 180 95 96 97 98 99 55 56 57 58 
279 504 504 504 755 755 755 755 755 960 960 910 910 910 910 910 690 690 690 690 690 690 667 960 960 709 709 709 709 709 709 709 709 709 709 709 709 709 709 709 709 709 709 709 910 910 910 910 910 349 349 349 349 349 460 326 326 326 326 753 871 188 188 188 188 690 690 690 690 690 690 795 795 795 795 795 524 524 524 524 669 669 669 669 669 795 795 795 795 795 504 504 504 257 667 645 645 645 645 645 174 174 174 174 279 188 188 188 188 257 753 859 859 859 859 669 669 669 669 669 524 524 524 524 620 620 620 620 558 755 755 755 755 755 859 859 859 859 558 871 349 349 349 349 349 174 174 174 174 620 620 620 620 709 709 709 709 709 709 709 709 709 709 709 709 709 709 709 709 709 709 709 833 833 833 833 833 581 581 581 581 460 833 833 833 833 833 581 581 581 581 645 645 645 645 645 326 326 326 326 
0 1 2 3 4 5 6 7 8 9 10 11 12 13 14 15 16 17 18 19 20 21 22 9 10 23 24 25 26 27 28 29 30 31 32 33 34 35 36 37 38 39 40 41 11 12 13 14 15 42 43 44 45 46 47 48 49 50 51 52 53 54 55 56 57 16 17 18 19 20 21 58 59 60 61 62 63 64 65 66 67 68 69 70 71 58 59 60 61 62 1 2 3 72 22 73 74 75 76 77 78 79 80 81 0 54 55 56 57 72 52 82 83 84 85 67 68 69 70 71 63 64 65 66 86 87 88 89 90 4 5 6 7 8 82 83 84 85 90 53 42 43 44 45 46 78 79 80 81 86 87 88 89 23 24 25 26 27 28 29 30 31 32 33 34 35 36 37 38 39 40 41 91 92 93 94 95 96 97 98 99 47 91 92 93 94 95 96 97 98 99 73 74 75 76 77 48 49 50 51 
62756
25
4 5 1 4 6 5 1 3 1 1 5 1 5 5 5 4 4 1 2 5 4 4 4 1 19 
49 16 3 60 11 37 22 3 34 16 6 21 29 27 58 27 23 11 7 7 37 17 44 50 11 
56 54 38 63 26 67 53 34 41 60 51 41 45 33 60 46 38 35 11 15 54 69 51 51 57 
620 349 279 581 690 645 871 504 257 460 755 753 669 795 833 524 188 667 960 910 174 326 859 558 709 
2 7 7 7 10 10 10 10 10 18 18 19 19 19 19 19 4 4 4 4 4 4 17 18 18 24 24 24 24 24 24 24 24 24 24 24 24 24 24 24 24 24 24 24 19 19 19 19 19 1 1 1 1 1 9 21 21 21 21 11 6 16 16 16 16 4 4 4 4 4 4 13 13 13 13 13 15 15 15 15 12 12 12 12 12 13 13 13 13 13 7 7 7 8 17 5 5 5 5 5 20 20 20 20 2 16 16 16 16 8 11 22 22 22 22 12 12 12 12 12 15 15 15 15 0 0 0 0 23 10 10 10 10 10 22 22 22 22 23 6 1 1 1 1 1 20 20 20 20 0 0 0 0 24 24 24 24 24 24 24 24 24 24 24 24 24 24 24 24 24 24 24 14 14 14 14 14 3 3 3 3 9 14 14 14 14 14 3 3 3 3 5 5 5 5 5 21 21 21 21 