834
100
2
1 1 1 1 1 1 2 2 2 2 2 2 2 2 2 2 2 2 2 2 2 2 2 2 2 2 3 3 3 3 5 5 5 14 14 14 16 16 16 17 17 17 17 17 17 17 17 19 19 19 19 19 19 19 19 19 21 21 21 21 21 21 21 21 21 21 21 21 22 22 22 22 22 22 22 22 22 22 22 23 23 23 23 23 23 24 24 24 24 24 24 24 24 24 24 24 24 24 24 24 27 27 27 27 28 28 28 28 29 29 29 29 29 29 31 31 31 31 34 34 34 34 34 34 36 36 36 36 39 39 39 39 39 39 42 42 43 43 43 43 43 43 43 43 43 43 43 46 46 46 46 46 46 46 46 46 46 47 47 47 49 49 49 49 55 55 58 58 58 58 61 61 61 61 61 61 61 61 61 62 62 62 62 65 65 65 65 67 67 67 67 67 67 70 70 70 70 70 70 70 
118 119 120 121 122 123 193 194 195 196 197 85 86 87 88 89 90 91 92 93 94 95 96 97 98 99 153 154 155 156 33 34 35 30 31 32 176 177 178 191 192 79 80 81 82 83 84 157 158 159 170 171 172 173 174 175 183 184 185 186 108 109 110 111 112 113 134 135 104 105 106 107 136 137 138 139 140 141 142 41 42 43 44 45 46 11 12 13 14 15 16 17 18 19 20 21 22 23 24 25 160 161 162 163 68 69 70 71 60 61 62 63 64 65 187 188 189 190 0 1 2 3 4 5 166 167 168 169 147 148 149 150 151 152 66 67 72 73 74 75 76 77 78 179 180 181 182 128 129 130 131 132 133 26 27 28 29 47 48 49 100 101 102 103 198 199 124 125 126 127 50 51 52 53 54 55 36 37 38 143 144 145 146 56 57 58 59 114 115 116 117 39 40 6 7 8 9 10 164 165 
799 799 799 799 799 799 245 245 245 245 245 789 789 789 789 789 789 789 789 789 789 789 789 789 789 789 767 767 767 767 161 161 161 161 161 161 700 700 700 682 682 677 677 677 677 677 677 554 554 554 323 323 323 323 323 323 549 549 549 549 975 975 975 975 975 975 872 872 160 160 160 160 298 298 298 298 298 298 298 677 677 677 677 677 677 789 789 789 789 789 789 789 789 789 789 789 789 789 789 789 582 582 582 582 160 160 160 160 975 975 975 975 975 975 267 267 267 267 799 799 799 799 799 799 151 151 151 151 984 984 984 984 984 984 872 872 298 298 298 298 298 298 298 287 287 287 287 984 984 984 984 984 984 767 767 767 767 554 554 554 582 582 582 582 275 275 151 151 151 151 323 323 323 323 323 323 700 700 700 287 287 287 287 549 549 549 549 267 267 267 267 682 682 245 245 245 245 245 275 275 
0 1 2 3 4 5 6 7 8 9 10 11 12 13 14 15 16 17 18 19 20 21 22 23 24 25 26 27 28 29 30 31 32 30 31 32 33 34 35 36 37 38 39 40 41 42 43 44 45 46 47 48 49 50 51 52 53 54 55 56 57 58 59 60 61 62 63 64 65 66 67 68 69 70 71 72 73 74 75 38 39 40 41 42 43 11 12 13 14 15 16 17 18 19 20 21 22 23 24 25 76 77 78 79 65 66 67 68 57 58 59 60 61 62 80 81 82 83 0 1 2 3 4 5 84 85 86 87 88 89 90 91 92 93 63 64 69 70 71 72 73 74 75 94 95 96 97 88 89 90 91 92 93 26 27 28 29 44 45 46 76 77 78 79 98 99 84 85 86 87 47 48 49 50 51 52 33 34 35 94 95 96 97 53 54 55 56 80 81 82 83 36 37 6 7 8 9 10 98 99 
56649
21
6 3 4 6 3 4 4 4 4 3 7 4 2 4 6 6 6 5 2 2 15 
39 19 21 19 16 22 31 3 27 5 22 36 17 43 21 1 17 2 55 21 2 
46 47 65 61 61 28 67 46 49 14 43 58 67 62 29 34 23 70 70 42 24 
984 554 549 323 700 160 267 767 582 161 298 151 682 287 975 799 677 245 275 872 789 
15 15 15 15 15 15 17 17 17 17 17 20 20 20 20 20 20 20 20 20 20 20 20 20 20 20 7 7 7 7 9 9 9 9 9 9 4 4 4 12 12 16 16 16 16 16 16 1 1 1 3 3 3 3 3 3 2 2 2 2 14 14 14 14 14 14 19 19 5 5 5 5 10 10 10 10 10 10 10 16 16 16 16 16 16 20 20 20 20 20 20 20 20 20 20 20 20 20 20 20 8 8 8 8 5 5 5 5 14 14 14 14 14 14 6 6 6 6 15 15 15 15 15 15 11 11 11 11 0 0 0 0 0 0 19 19 10 10 10 10 10 10 10 13 13 13 13 0 0 0 0 0 0 7 7 7 7 1 1 1 8 8 8 8 18 18 11 11 11 11 3 3 3 3 3 3 4 4 4 13 13 13 13 2 2 2 2 6 6 6 6 12 12 17 17 17 17 17 18 18 