158
100
2
1 1 1 1 1 1 2 2 2 2 2 2 2 2 3 3 3 3 3 3 5 5 5 5 7 7 11 11 11 11 11 11 11 11 12 12 12 12 12 12 12 12 12 12 16 16 18 18 18 18 18 18 18 18 18 18 18 18 18 18 18 21 21 21 21 21 21 21 21 21 21 21 21 21 21 21 21 25 25 29 29 29 29 32 32 32 32 32 32 32 32 32 33 33 33 33 33 33 33 33 37 37 37 37 37 37 37 37 37 38 38 38 38 43 43 43 43 43 43 45 45 45 45 45 45 45 45 47 47 47 47 47 47 47 47 47 47 47 47 47 47 47 47 49 49 49 49 49 49 49 51 51 51 51 51 51 56 56 56 56 56 56 56 56 57 57 57 57 57 57 57 57 57 61 61 65 65 65 65 65 65 65 65 66 66 66 66 66 66 67 67 67 67 67 67 67 67 69 69 70 
183 184 185 186 187 188 147 148 149 48 49 50 51 52 150 151 152 153 154 155 79 80 81 82 46 47 175 176 177 178 179 180 181 182 119 120 121 122 123 124 125 126 44 45 42 43 24 25 9 10 11 12 13 156 157 158 159 160 161 162 163 127 128 129 130 131 132 133 134 135 136 137 138 139 140 141 142 164 165 20 21 22 23 100 101 102 103 104 105 106 107 108 189 190 191 192 193 194 195 196 83 84 85 86 87 88 89 90 91 143 144 145 146 167 168 169 170 171 172 34 35 36 37 38 39 40 41 61 62 63 64 65 66 67 68 69 70 71 72 73 74 75 76 109 110 111 112 6 7 8 14 15 16 17 18 19 53 54 55 56 57 58 59 60 77 78 199 113 114 115 116 117 118 197 198 26 27 28 29 30 31 32 33 0 1 2 3 4 5 92 93 94 95 96 97 98 99 173 174 166 
831 831 831 831 831 831 466 466 466 464 464 464 464 464 514 514 514 514 514 514 406 406 406 406 707 707 393 393 393 393 393 393 393 393 630 630 630 630 630 630 630 630 864 864 864 864 707 707 464 464 464 464 464 532 532 532 532 532 532 532 532 961 961 961 961 961 961 961 961 961 961 961 961 961 961 961 961 856 856 406 406 406 406 242 242 242 242 242 242 242 242 242 763 763 763 763 763 763 763 763 242 242 242 242 242 242 242 242 242 401 401 401 401 944 944 944 944 944 944 630 630 630 630 630 630 630 630 961 961 961 961 961 961 961 961 961 961 961 961 961 961 961 961 401 401 401 401 466 466 466 514 514 514 514 514 514 532 532 532 532 532 532 532 532 856 856 973 944 944 944 944 944 944 254 254 393 393 393 393 393 393 393 393 831 831 831 831 831 831 763 763 763 763 763 763 763 763 254 254 973 
0 1 2 3 4 5 6 7 8 9 10 11 12 13 14 15 16 17 18 19 20 21 22 23 24 25 26 27 28 29 30 31 32 33 34 35 36 37 38 39 40 41 42 43 42 43 24 25 9 10 11 12 13 44 45 46 47 48 49 50 51 52 53 54 55 56 57 58 59 60 61 62 63 64 65 66 67 68 69 20 21 22 23 70 71 72 73 74 75 76 77 78 79 80 81 82 83 84 85 86 70 71 72 73 74 75 76 77 78 87 88 89 90 91 92 93 94 95 96 34 35 36 37 38 39 40 41 52 53 54 55 56 57 58 59 60 61 62 63 64 65 66 67 87 88 89 90 6 7 8 14 15 16 17 18 19 44 45 46 47 48 49 50 51 68 69 97 91 92 93 94 95 96 98 99 26 27 28 29 30 31 32 33 0 1 2 3 4 5 79 80 81 82 83 84 85 86 98 99 97 
63113
18
2 8 2 1 4 3 8 9 4 5 2 8 8 6 2 6 6 16 
25 12 7 57 38 2 11 32 5 2 12 18 33 3 61 43 1 21 
57 45 18 70 49 49 65 37 29 18 16 56 67 51 69 57 66 47 
856 630 707 973 401 466 393 242 406 464 864 532 763 514 254 944 831 961 
16 16 16 16 16 16 5 5 5 9 9 9 9 9 13 13 13 13 13 13 8 8 8 8 2 2 6 6 6 6 6 6 6 6 1 1 1 1 1 1 1 1 10 10 10 10 2 2 9 9 9 9 9 11 11 11 11 11 11 11 11 17 17 17 17 17 17 17 17 17 17 17 17 17 17 17 17 0 0 8 8 8 8 7 7 7 7 7 7 7 7 7 12 12 12 12 12 12 12 12 7 7 7 7 7 7 7 7 7 4 4 4 4 15 15 15 15 15 15 1 1 1 1 1 1 1 1 17 17 17 17 17 17 17 17 17 17 17 17 17 17 17 17 4 4 4 4 5 5 5 13 13 13 13 13 13 11 11 11 11 11 11 11 11 0 0 3 15 15 15 15 15 15 14 14 6 6 6 6 6 6 6 6 16 16 16 16 16 16 12 12 12 12 12 12 12 12 14 14 3 