414
100
2
2 2 2 2 2 2 5 5 5 5 5 5 5 5 5 5 5 5 5 11 11 11 11 11 11 11 11 11 11 11 11 11 11 11 11 11 11 11 12 12 12 12 12 12 12 12 12 12 12 12 12 12 12 12 12 12 12 23 23 26 26 26 26 26 26 26 28 28 28 28 28 28 37 37 41 41 41 41 41 41 44 44 44 44 44 44 44 44 44 44 44 44 44 45 45 45 47 47 47 47 47 47 47 47 47 47 47 47 47 47 47 47 47 47 47 47 49 49 50 50 50 50 50 50 50 50 50 51 51 51 52 52 52 52 52 52 52 52 52 52 55 55 55 55 55 55 55 55 55 55 55 55 55 55 57 57 57 57 57 57 57 57 57 57 57 57 57 57 57 57 57 57 57 57 58 58 58 58 58 58 58 59 59 61 61 61 62 62 62 66 66 66 66 66 66 66 66 66 66 66 
168 169 170 171 172 173 80 81 82 83 84 85 86 87 88 89 90 91 92 140 141 142 143 144 145 146 147 148 149 150 151 152 153 163 164 165 166 167 96 97 98 99 100 101 102 103 104 130 131 132 133 134 135 136 137 138 139 181 182 174 175 176 177 178 179 180 74 75 76 77 78 79 116 117 66 67 68 69 70 71 6 7 8 9 10 11 12 13 14 15 16 17 18 186 187 188 38 39 40 41 42 43 44 45 46 189 190 191 192 193 194 195 196 197 198 199 72 73 154 155 156 157 158 159 160 161 162 183 184 185 47 48 49 50 51 52 53 54 55 56 19 20 21 22 23 24 25 26 27 28 29 30 31 32 118 119 120 121 122 123 124 125 126 33 34 35 36 37 0 1 2 3 4 5 59 60 61 62 63 64 65 57 58 127 128 129 93 94 95 105 106 107 108 109 110 111 112 113 114 115 
910 910 910 910 910 910 966 966 966 966 966 966 966 966 966 966 966 966 966 681 681 681 681 681 681 681 681 681 681 681 681 681 681 556 556 556 556 556 419 419 419 419 419 419 419 419 419 823 823 823 823 823 823 823 823 823 823 812 812 843 843 843 843 843 843 843 470 470 470 470 470 470 351 351 470 470 470 470 470 470 966 966 966 966 966 966 966 966 966 966 966 966 966 982 982 982 419 419 419 419 419 419 419 419 419 795 795 795 795 795 795 795 795 795 795 795 351 351 857 857 857 857 857 857 857 857 857 745 745 745 823 823 823 823 823 823 823 823 823 823 681 681 681 681 681 681 681 681 681 681 681 681 681 681 857 857 857 857 857 857 857 857 857 556 556 556 556 556 910 910 910 910 910 910 843 843 843 843 843 843 843 812 812 745 745 745 982 982 982 795 795 795 795 795 795 795 795 795 795 795 
0 1 2 3 4 5 6 7 8 9 10 11 12 13 14 15 16 17 18 19 20 21 22 23 24 25 26 27 28 29 30 31 32 33 34 35 36 37 38 39 40 41 42 43 44 45 46 47 48 49 50 51 52 53 54 55 56 57 58 59 60 61 62 63 64 65 66 67 68 69 70 71 72 73 66 67 68 69 70 71 6 7 8 9 10 11 12 13 14 15 16 17 18 74 75 76 38 39 40 41 42 43 44 45 46 77 78 79 80 81 82 83 84 85 86 87 72 73 88 89 90 91 92 93 94 95 96 97 98 99 47 48 49 50 51 52 53 54 55 56 19 20 21 22 23 24 25 26 27 28 29 30 31 32 88 89 90 91 92 93 94 95 96 33 34 35 36 37 0 1 2 3 4 5 59 60 61 62 63 64 65 57 58 97 98 99 74 75 76 77 78 79 80 81 82 83 84 85 86 87 
75019
14
2 6 3 9 14 9 2 13 5 6 7 11 3 10 
23 28 45 50 11 12 37 5 11 2 26 47 51 12 
59 41 62 57 55 47 49 44 57 57 58 66 61 52 
812 470 982 857 681 419 351 966 556 910 843 795 745 823 
9 9 9 9 9 9 7 7 7 7 7 7 7 7 7 7 7 7 7 4 4 4 4 4 4 4 4 4 4 4 4 4 4 8 8 8 8 8 5 5 5 5 5 5 5 5 5 13 13 13 13 13 13 13 13 13 13 0 0 10 10 10 10 10 10 10 1 1 1 1 1 1 6 6 1 1 1 1 1 1 7 7 7 7 7 7 7 7 7 7 7 7 7 2 2 2 5 5 5 5 5 5 5 5 5 11 11 11 11 11 11 11 11 11 11 11 6 6 3 3 3 3 3 3 3 3 3 12 12 12 13 13 13 13 13 13 13 13 13 13 4 4 4 4 4 4 4 4 4 4 4 4 4 4 3 3 3 3 3 3 3 3 3 8 8 8 8 8 9 9 9 9 9 9 10 10 10 10 10 10 10 0 0 12 12 12 2 2 2 11 11 11 11 11 11 11 11 11 11 11 