127
100
2
1 1 1 2 2 2 2 2 2 7 7 7 7 8 8 8 8 8 8 8 10 10 10 10 10 10 10 11 11 12 12 12 12 12 12 12 12 13 13 13 13 13 16 16 16 16 16 16 16 16 17 17 17 17 17 17 18 18 19 19 19 19 19 19 19 19 19 19 19 19 23 23 23 23 23 25 25 25 25 25 25 25 25 25 25 25 25 25 25 25 25 25 25 26 27 29 29 29 29 29 29 30 30 30 30 33 33 33 33 33 33 33 33 33 33 33 33 33 33 33 33 33 33 34 34 34 35 35 35 35 35 35 35 38 38 38 40 40 40 40 40 40 40 41 41 41 41 41 44 44 44 44 44 46 46 46 46 46 46 49 49 51 51 51 51 51 51 51 52 52 52 52 52 54 54 54 54 54 55 55 55 55 55 61 61 63 63 63 63 63 63 64 64 64 64 66 66 66 66 66 
133 134 135 50 51 52 53 54 55 13 14 15 16 9 10 11 12 123 124 125 126 127 128 129 130 131 132 61 62 104 63 64 65 66 67 68 69 163 164 165 166 167 153 154 155 156 157 158 193 194 3 4 5 6 7 8 159 160 101 102 103 27 28 30 31 32 33 34 35 36 178 179 180 181 182 105 106 107 108 109 110 111 112 113 114 115 116 117 118 119 120 121 122 94 93 185 186 187 188 189 190 58 59 60 29 75 76 77 78 79 80 81 82 83 84 85 86 87 88 89 90 91 92 17 18 19 20 21 22 23 24 25 26 0 1 2 148 149 150 151 152 183 184 173 174 175 176 177 136 137 138 139 140 42 43 44 45 46 47 56 57 191 192 37 38 39 40 41 195 196 197 198 199 143 144 145 146 147 70 71 72 73 74 141 142 95 96 97 98 99 100 161 162 48 49 168 169 170 171 172 
536 536 536 599 599 599 599 599 599 812 812 812 812 812 812 812 812 988 988 988 748 748 748 748 748 748 748 507 507 782 642 642 642 642 642 642 642 986 986 986 986 986 290 290 290 290 290 290 684 684 599 599 599 599 599 599 838 838 262 262 262 507 507 642 642 642 642 642 642 642 240 240 240 240 240 273 273 273 273 273 273 273 273 273 273 273 273 273 273 273 273 273 273 458 458 178 178 178 178 178 178 262 262 262 782 273 273 273 273 273 273 273 273 273 273 273 273 273 273 273 273 273 273 988 988 988 748 748 748 748 748 748 748 536 536 536 241 241 241 241 241 985 985 397 397 397 397 397 241 241 241 241 241 290 290 290 290 290 290 838 838 977 977 986 986 986 986 986 522 522 522 522 522 397 397 397 397 397 240 240 240 240 240 985 985 178 178 178 178 178 178 977 977 684 684 522 522 522 522 522 
0 1 2 3 4 5 6 7 8 9 10 11 12 9 10 11 12 13 14 15 16 17 18 19 20 21 22 23 24 25 26 27 28 29 30 31 32 33 34 35 36 37 38 39 40 41 42 43 44 45 3 4 5 6 7 8 46 47 48 49 50 23 24 26 27 28 29 30 31 32 51 52 53 54 55 56 57 58 59 60 61 62 63 64 65 66 67 68 69 70 71 72 73 74 74 75 76 77 78 79 80 48 49 50 25 56 57 58 59 60 61 62 63 64 65 66 67 68 69 70 71 72 73 13 14 15 16 17 18 19 20 21 22 0 1 2 81 82 83 84 85 86 87 88 89 90 91 92 81 82 83 84 85 38 39 40 41 42 43 46 47 93 94 33 34 35 36 37 95 96 97 98 99 88 89 90 91 92 51 52 53 54 55 86 87 75 76 77 78 79 80 93 94 44 45 95 96 97 98 99 
50804
22
7 6 3 2 4 3 5 3 1 5 1 6 2 5 5 2 2 2 5 6 7 18 
10 29 19 51 7 1 41 8 26 52 12 16 16 40 13 11 18 40 23 2 12 25 
35 63 30 64 8 38 54 34 27 66 30 46 64 44 51 19 49 61 55 17 19 33 
748 178 262 977 812 536 397 988 458 522 782 290 684 241 986 507 838 985 240 599 642 273 
5 5 5 19 19 19 19 19 19 4 4 4 4 4 4 4 4 7 7 7 0 0 0 0 0 0 0 15 15 10 20 20 20 20 20 20 20 14 14 14 14 14 11 11 11 11 11 11 12 12 19 19 19 19 19 19 16 16 2 2 2 15 15 20 20 20 20 20 20 20 18 18 18 18 18 21 21 21 21 21 21 21 21 21 21 21 21 21 21 21 21 21 21 8 8 1 1 1 1 1 1 2 2 2 10 21 21 21 21 21 21 21 21 21 21 21 21 21 21 21 21 21 21 7 7 7 0 0 0 0 0 0 0 5 5 5 13 13 13 13 13 17 17 6 6 6 6 6 13 13 13 13 13 11 11 11 11 11 11 16 16 3 3 14 14 14 14 14 9 9 9 9 9 6 6 6 6 6 18 18 18 18 18 17 17 1 1 1 1 1 1 3 3 12 12 9 9 9 9 9 