942
100
2
5 5 5 5 5 5 5 5 8 8 8 8 8 8 8 8 8 8 9 9 9 12 12 12 12 12 15 15 15 15 15 15 15 19 19 19 19 19 19 24 24 24 24 24 24 24 24 24 27 27 27 29 29 29 29 29 29 29 29 29 32 32 32 32 32 32 32 32 34 34 34 34 34 34 34 39 39 40 40 41 41 41 41 41 41 41 41 41 41 42 42 42 42 42 42 42 42 43 43 43 43 43 43 43 43 43 44 44 44 44 44 47 47 47 50 50 50 50 50 50 50 50 50 50 50 50 50 50 50 50 50 50 50 50 51 51 51 51 51 51 51 51 51 52 52 52 52 52 52 52 55 55 55 57 57 57 57 57 57 60 60 60 60 60 60 60 60 60 63 63 63 63 63 63 63 64 64 64 64 64 64 64 64 64 67 67 67 67 67 67 67 67 70 70 70 70 70 70 70 70 
184 185 186 187 188 189 190 191 79 80 81 82 83 84 85 86 87 88 153 154 155 106 107 108 109 110 143 144 145 146 147 148 149 156 157 158 150 151 152 159 160 161 162 163 164 165 166 167 111 112 113 97 98 99 100 101 102 103 104 105 192 193 194 195 196 197 198 199 168 169 170 171 172 173 174 77 78 75 76 8 9 10 11 12 13 14 15 16 17 114 115 116 117 118 119 120 121 51 52 53 54 55 56 57 58 59 21 22 23 24 25 48 49 50 89 90 91 92 93 94 95 96 123 122 125 124 127 126 129 128 131 130 133 132 175 176 177 178 179 180 181 182 183 26 27 28 29 30 31 32 36 37 38 18 19 20 33 34 35 39 40 41 42 43 44 45 46 47 68 69 70 71 72 73 74 134 135 136 137 138 139 140 141 142 0 1 2 3 4 5 6 7 60 61 62 63 64 65 66 67 
516 516 516 516 516 516 516 516 344 344 344 344 344 344 344 344 344 344 924 924 924 390 390 390 390 390 304 304 304 304 304 304 304 635 635 635 953 953 953 416 416 416 416 416 416 416 416 416 995 995 995 522 522 522 522 522 522 522 522 522 752 752 752 752 752 752 752 752 511 511 511 511 511 511 511 705 705 705 705 344 344 344 344 344 344 344 344 344 344 959 959 959 959 959 959 959 959 522 522 522 522 522 522 522 522 522 390 390 390 390 390 995 995 995 959 959 959 959 959 959 959 959 398 398 398 398 398 398 398 398 398 398 398 398 754 754 754 754 754 754 754 754 754 304 304 304 304 304 304 304 953 953 953 924 924 924 635 635 635 416 416 416 416 416 416 416 416 416 511 511 511 511 511 511 511 754 754 754 754 754 754 754 754 754 516 516 516 516 516 516 516 516 752 752 752 752 752 752 752 752 
0 1 2 3 4 5 6 7 8 9 10 11 12 13 14 15 16 17 18 19 20 21 22 23 24 25 26 27 28 29 30 31 32 33 34 35 36 37 38 39 40 41 42 43 44 45 46 47 48 49 50 51 52 53 54 55 56 57 58 59 60 61 62 63 64 65 66 67 68 69 70 71 72 73 74 75 76 75 76 8 9 10 11 12 13 14 15 16 17 77 78 79 80 81 82 83 84 51 52 53 54 55 56 57 58 59 21 22 23 24 25 48 49 50 77 78 79 80 81 82 83 84 85 85 86 86 87 87 88 88 89 89 90 90 91 92 93 94 95 96 97 98 99 26 27 28 29 30 31 32 36 37 38 18 19 20 33 34 35 39 40 41 42 43 44 45 46 47 68 69 70 71 72 73 74 91 92 93 94 95 96 97 98 99 0 1 2 3 4 5 6 7 60 61 62 63 64 65 66 67 
58458
16
3 3 8 8 3 7 8 9 3 9 2 5 7 6 9 10 
9 19 32 42 19 15 5 24 27 51 39 12 34 50 29 8 
57 57 70 50 55 52 67 60 47 64 40 44 63 50 43 41 
924 635 752 959 953 304 516 416 995 754 705 390 511 398 522 344 
6 6 6 6 6 6 6 6 15 15 15 15 15 15 15 15 15 15 0 0 0 11 11 11 11 11 5 5 5 5 5 5 5 1 1 1 4 4 4 7 7 7 7 7 7 7 7 7 8 8 8 14 14 14 14 14 14 14 14 14 2 2 2 2 2 2 2 2 12 12 12 12 12 12 12 10 10 10 10 15 15 15 15 15 15 15 15 15 15 3 3 3 3 3 3 3 3 14 14 14 14 14 14 14 14 14 11 11 11 11 11 8 8 8 3 3 3 3 3 3 3 3 13 13 13 13 13 13 13 13 13 13 13 13 9 9 9 9 9 9 9 9 9 5 5 5 5 5 5 5 4 4 4 0 0 0 1 1 1 7 7 7 7 7 7 7 7 7 12 12 12 12 12 12 12 9 9 9 9 9 9 9 9 9 6 6 6 6 6 6 6 6 2 2 2 2 2 2 2 2 