190
100
2
3 3 3 3 3 3 3 3 3 5 5 5 5 5 5 5 5 5 9 9 9 9 9 10 10 10 10 10 10 10 10 10 10 10 10 10 10 10 10 10 14 14 14 14 14 16 16 16 16 16 16 16 16 16 17 17 18 18 19 19 19 19 20 20 20 20 20 20 20 23 23 23 23 23 23 23 25 25 26 26 26 28 28 28 28 28 28 28 28 28 28 28 28 28 28 28 28 28 28 28 28 29 29 34 34 34 34 34 34 34 34 34 44 44 44 44 44 44 44 44 44 46 46 46 47 47 47 47 47 47 47 47 47 47 47 48 48 48 50 50 50 50 51 51 51 51 51 51 51 51 52 52 57 57 57 57 60 60 60 60 60 60 60 60 60 60 60 60 60 60 60 64 64 64 64 64 64 64 64 64 64 64 64 66 66 67 67 67 67 70 70 70 70 70 70 70 70 70 70 70 
185 186 187 188 71 72 73 74 75 156 157 158 159 160 161 162 101 102 107 108 109 110 111 84 85 86 87 88 89 90 91 92 93 94 95 96 97 98 99 100 178 179 180 181 182 112 113 114 115 116 117 118 119 120 69 70 76 77 103 104 105 106 171 172 173 174 175 176 177 54 55 4 5 6 7 8 56 57 81 82 83 78 79 80 23 24 25 26 27 28 29 30 31 32 33 34 35 36 37 38 39 16 17 58 59 60 61 18 19 20 21 22 45 46 47 48 49 50 51 52 53 135 136 137 189 190 191 192 193 194 195 196 197 198 199 121 122 123 152 153 154 155 163 164 165 166 167 168 169 170 183 184 138 139 140 141 9 10 11 12 13 14 15 142 143 144 145 146 147 148 149 62 63 64 65 66 67 68 40 41 42 43 44 150 151 0 1 2 3 124 125 126 127 128 129 130 131 132 133 134 
234 234 234 234 882 882 882 882 882 471 471 471 471 471 471 471 401 401 298 298 298 298 298 839 839 839 839 839 839 839 839 839 839 839 839 839 839 839 839 839 162 162 162 162 162 835 835 835 835 835 835 835 835 835 281 281 518 518 714 714 714 714 237 237 237 237 237 237 237 281 281 882 882 882 882 882 518 518 722 722 722 722 722 722 839 839 839 839 839 839 839 839 839 839 839 839 839 839 839 839 839 401 401 714 714 714 714 298 298 298 298 298 835 835 835 835 835 835 835 835 835 809 809 809 729 729 729 729 729 729 729 729 729 729 729 809 809 809 353 353 353 353 950 950 950 950 950 950 950 950 303 303 353 353 353 353 471 471 471 471 471 471 471 950 950 950 950 950 950 950 950 237 237 237 237 237 237 237 162 162 162 162 162 303 303 234 234 234 234 729 729 729 729 729 729 729 729 729 729 729 
0 1 2 3 4 5 6 7 8 9 10 11 12 13 14 15 16 17 18 19 20 21 22 23 24 25 26 27 28 29 30 31 32 33 34 35 36 37 38 39 40 41 42 43 44 45 46 47 48 49 50 51 52 53 54 55 56 57 58 59 60 61 62 63 64 65 66 67 68 54 55 4 5 6 7 8 56 57 69 70 71 69 70 71 23 24 25 26 27 28 29 30 31 32 33 34 35 36 37 38 39 16 17 58 59 60 61 18 19 20 21 22 45 46 47 48 49 50 51 52 53 72 73 74 75 76 77 78 79 80 81 82 83 84 85 72 73 74 86 87 88 89 90 91 92 93 94 95 96 97 98 99 86 87 88 89 9 10 11 12 13 14 15 90 91 92 93 94 95 96 97 62 63 64 65 66 67 68 40 41 42 43 44 98 99 0 1 2 3 75 76 77 78 79 80 81 82 83 84 85 
61866
18
7 4 7 2 3 4 2 2 4 5 3 5 11 5 2 9 8 17 
5 3 20 5 46 19 52 17 50 9 26 3 47 14 18 16 51 10 
60 67 64 29 48 34 66 23 57 34 28 23 70 64 25 44 60 28 
471 234 237 401 809 714 303 281 353 298 722 882 729 162 518 835 950 839 
1 1 1 1 11 11 11 11 11 0 0 0 0 0 0 0 3 3 9 9 9 9 9 17 17 17 17 17 17 17 17 17 17 17 17 17 17 17 17 17 13 13 13 13 13 15 15 15 15 15 15 15 15 15 7 7 14 14 5 5 5 5 2 2 2 2 2 2 2 7 7 11 11 11 11 11 14 14 10 10 10 10 10 10 17 17 17 17 17 17 17 17 17 17 17 17 17 17 17 17 17 3 3 5 5 5 5 9 9 9 9 9 15 15 15 15 15 15 15 15 15 4 4 4 12 12 12 12 12 12 12 12 12 12 12 4 4 4 8 8 8 8 16 16 16 16 16 16 16 16 6 6 8 8 8 8 0 0 0 0 0 0 0 16 16 16 16 16 16 16 16 2 2 2 2 2 2 2 13 13 13 13 13 6 6 1 1 1 1 12 12 12 12 12 12 12 12 12 12 12 