288
100
2
7 7 7 8 8 11 11 11 11 13 13 13 14 14 14 14 14 16 16 16 16 23 23 23 23 23 23 26 26 26 26 26 26 26 26 26 26 26 26 26 26 26 26 26 27 27 27 27 27 27 28 28 28 28 29 29 29 29 31 31 31 31 31 31 32 32 32 32 32 32 32 32 32 33 33 33 33 33 33 34 36 36 36 36 36 36 36 36 39 39 40 40 40 40 40 40 41 41 41 41 41 43 43 43 43 43 43 43 43 43 43 43 43 43 43 43 43 43 43 49 49 49 49 49 49 49 51 51 51 51 53 53 53 53 53 55 55 55 55 56 56 56 56 56 56 56 56 56 56 56 56 56 56 57 57 57 57 58 58 61 61 61 61 62 62 62 62 63 63 63 63 64 64 64 64 64 65 65 65 65 65 65 65 65 66 66 66 66 66 66 66 66 66 66 67 67 67 67 67 67 
70 71 72 80 81 101 102 103 104 27 28 29 184 185 186 187 188 135 136 137 138 64 65 66 67 68 69 9 10 11 105 106 107 108 109 110 111 112 113 114 115 116 117 118 58 59 60 61 62 63 163 164 165 166 92 93 94 95 44 45 46 47 48 49 21 22 23 24 25 26 0 1 2 88 89 149 150 151 152 87 3 4 96 97 98 99 100 79 73 74 124 125 54 55 56 57 82 83 84 85 86 5 6 7 8 30 31 32 33 34 35 36 37 38 39 40 41 42 43 189 190 191 192 193 90 91 167 168 169 170 144 145 146 147 148 17 18 19 20 171 172 173 174 175 130 131 132 133 134 75 76 77 78 159 160 161 162 182 183 153 154 155 156 50 51 52 53 126 127 128 129 139 140 141 142 143 194 195 196 197 198 199 157 158 12 13 14 15 16 119 120 121 122 123 176 177 178 179 180 181 
979 979 979 713 713 361 361 361 361 901 901 901 218 218 218 218 218 832 832 832 832 404 404 404 404 404 404 901 901 901 200 200 200 200 200 200 200 200 200 200 200 200 200 200 813 813 813 813 813 813 356 356 356 356 486 486 486 486 813 813 813 813 813 813 404 404 404 404 404 404 979 979 979 449 449 155 155 155 155 596 713 713 856 856 856 856 856 596 449 449 596 596 486 486 486 486 856 856 856 856 856 361 361 361 361 200 200 200 200 200 200 200 200 200 200 200 200 200 200 734 734 734 734 734 596 596 965 965 965 965 936 936 936 936 936 832 832 832 832 683 683 683 683 683 936 936 936 936 936 155 155 155 155 403 403 403 403 873 873 403 403 403 403 356 356 356 356 965 965 965 965 683 683 683 683 683 999 999 999 999 999 999 873 873 218 218 218 218 218 734 734 734 734 734 999 999 999 999 999 999 
0 1 2 3 4 5 6 7 8 9 10 11 12 13 14 15 16 17 18 19 20 21 22 23 24 25 26 9 10 11 27 28 29 30 31 32 33 34 35 36 37 38 39 40 41 42 43 44 45 46 47 48 49 50 51 52 53 54 41 42 43 44 45 46 21 22 23 24 25 26 0 1 2 55 56 57 58 59 60 61 3 4 62 63 64 65 66 61 55 56 67 68 51 52 53 54 62 63 64 65 66 5 6 7 8 27 28 29 30 31 32 33 34 35 36 37 38 39 40 69 70 71 72 73 67 68 74 75 76 77 78 79 80 81 82 17 18 19 20 83 84 85 86 87 78 79 80 81 82 57 58 59 60 88 89 90 91 92 93 88 89 90 91 47 48 49 50 74 75 76 77 83 84 85 86 87 94 95 96 97 98 99 92 93 12 13 14 15 16 69 70 71 72 73 94 95 96 97 98 99 
58961
23
4 4 4 6 5 4 2 3 5 5 2 4 3 4 5 6 5 2 2 6 1 4 14 
57 16 51 23 14 11 8 7 56 49 40 28 13 29 53 65 36 33 58 27 34 33 26 
61 55 63 32 66 43 36 32 64 66 49 62 26 40 56 67 41 39 65 31 36 56 43 
403 832 965 404 218 361 713 979 683 734 596 356 901 486 936 999 856 449 873 813 596 155 200 
7 7 7 6 6 5 5 5 5 12 12 12 4 4 4 4 4 1 1 1 1 3 3 3 3 3 3 12 12 12 22 22 22 22 22 22 22 22 22 22 22 22 22 22 19 19 19 19 19 19 11 11 11 11 13 13 13 13 19 19 19 19 19 19 3 3 3 3 3 3 7 7 7 17 17 21 21 21 21 20 6 6 16 16 16 16 16 20 17 17 10 10 13 13 13 13 16 16 16 16 16 5 5 5 5 22 22 22 22 22 22 22 22 22 22 22 22 22 22 9 9 9 9 9 10 10 2 2 2 2 14 14 14 14 14 1 1 1 1 8 8 8 8 8 14 14 14 14 14 21 21 21 21 0 0 0 0 18 18 0 0 0 0 11 11 11 11 2 2 2 2 8 8 8 8 8 15 15 15 15 15 15 18 18 4 4 4 4 4 9 9 9 9 9 15 15 15 15 15 15 