340
100
2
1 1 3 3 3 4 4 4 4 5 6 6 6 6 10 10 10 16 16 16 16 16 16 16 16 16 17 17 17 17 17 17 17 17 17 17 17 17 17 17 18 18 18 18 18 18 18 19 19 19 19 21 21 21 21 21 22 22 22 22 22 22 24 24 24 27 27 27 27 27 29 30 30 30 36 36 36 36 36 40 40 40 40 40 41 41 41 41 41 42 42 42 42 42 43 46 46 46 46 46 46 46 46 46 46 46 46 46 46 46 46 48 53 53 53 53 54 54 54 54 54 55 55 55 55 56 56 56 56 56 57 57 57 57 57 57 57 57 57 57 57 60 60 60 60 61 61 61 61 63 63 63 63 63 64 64 64 64 64 64 64 64 64 64 64 64 64 64 64 64 64 64 64 64 64 65 65 65 65 65 65 65 65 66 66 66 66 66 66 66 67 67 67 67 67 70 70 70 70 70 
40 41 14 15 16 130 131 132 133 70 112 113 114 115 2 3 4 116 117 118 119 120 141 142 143 144 161 162 163 164 165 166 167 168 169 170 171 172 173 174 0 1 51 52 53 54 55 157 158 159 160 42 43 44 45 46 183 184 185 186 187 188 180 181 182 125 126 127 128 129 9 154 155 156 94 145 146 147 148 175 176 177 178 179 89 90 91 92 93 84 85 86 87 88 74 121 122 123 124 149 150 151 152 153 134 135 136 137 138 139 140 189 10 11 12 13 17 18 19 20 21 95 96 97 98 65 66 67 68 69 5 6 7 8 104 105 106 107 108 109 110 22 23 24 25 75 76 77 78 99 100 101 102 103 71 72 73 47 48 49 50 26 27 28 29 30 31 32 33 34 35 36 37 38 39 79 80 81 82 83 62 63 64 56 57 58 59 60 61 111 195 196 197 198 199 190 191 192 193 194 
578 578 969 969 969 509 509 509 509 301 993 993 993 993 969 969 969 839 839 839 839 839 751 751 751 751 432 432 432 432 432 432 432 432 432 432 432 432 432 432 578 578 198 198 198 198 198 746 746 746 746 198 198 198 198 198 932 932 932 932 932 932 452 452 452 238 740 740 740 740 301 659 659 659 658 305 305 305 305 191 191 191 191 191 560 560 560 560 560 560 560 560 560 560 658 966 966 966 966 410 410 410 410 410 347 347 347 347 347 347 347 270 993 993 993 993 839 839 839 839 839 966 966 966 966 238 740 740 740 740 509 509 509 509 347 347 347 347 347 347 347 751 751 751 751 305 305 305 305 410 410 410 410 410 659 659 659 746 746 746 746 432 432 432 432 432 432 432 432 432 432 432 432 432 432 191 191 191 191 191 452 452 452 932 932 932 932 932 932 270 795 795 795 795 795 795 795 795 795 795 
0 1 2 3 4 5 6 7 8 9 10 11 12 13 2 3 4 14 15 16 17 18 19 20 21 22 23 24 25 26 27 28 29 30 31 32 33 34 35 36 0 1 37 38 39 40 41 42 43 44 45 37 38 39 40 41 46 47 48 49 50 51 52 53 54 55 56 57 58 59 9 60 61 62 63 64 65 66 67 68 69 70 71 72 73 74 75 76 77 73 74 75 76 77 63 78 79 80 81 82 83 84 85 86 87 88 89 90 91 92 93 94 10 11 12 13 14 15 16 17 18 78 79 80 81 55 56 57 58 59 5 6 7 8 87 88 89 90 91 92 93 19 20 21 22 64 65 66 67 82 83 84 85 86 60 61 62 42 43 44 45 23 24 25 26 27 28 29 30 31 32 33 34 35 36 68 69 70 71 72 52 53 54 46 47 48 49 50 51 94 95 96 97 98 99 95 96 97 98 99 
57937
24
5 1 5 3 1 4 4 5 2 5 3 5 5 6 3 4 7 1 4 1 4 4 4 14 
67 5 41 3 36 46 6 16 1 40 24 18 46 22 30 4 46 48 36 27 19 16 27 17 
70 29 42 10 43 55 53 54 18 65 65 21 63 66 64 57 57 66 61 56 64 60 56 64 
795 301 560 969 658 966 993 839 578 191 452 198 410 932 659 509 347 270 305 238 746 751 740 432 
8 8 3 3 3 15 15 15 15 1 6 6 6 6 3 3 3 7 7 7 7 7 21 21 21 21 23 23 23 23 23 23 23 23 23 23 23 23 23 23 8 8 11 11 11 11 11 20 20 20 20 11 11 11 11 11 13 13 13 13 13 13 10 10 10 19 22 22 22 22 1 14 14 14 4 18 18 18 18 9 9 9 9 9 2 2 2 2 2 2 2 2 2 2 4 5 5 5 5 12 12 12 12 12 16 16 16 16 16 16 16 17 6 6 6 6 7 7 7 7 7 5 5 5 5 19 22 22 22 22 15 15 15 15 16 16 16 16 16 16 16 21 21 21 21 18 18 18 18 12 12 12 12 12 14 14 14 20 20 20 20 23 23 23 23 23 23 23 23 23 23 23 23 23 23 9 9 9 9 9 10 10 10 13 13 13 13 13 13 17 0 0 0 0 0 0 0 0 0 0 