454
100
2
3 3 3 3 3 3 3 3 6 6 6 6 6 6 6 6 6 10 10 10 10 19 19 19 19 22 22 22 23 23 23 23 23 23 23 23 24 24 24 24 24 24 24 29 29 29 29 29 30 30 30 30 30 30 30 30 31 31 33 33 33 33 33 33 33 34 34 34 34 34 34 34 34 34 35 35 35 36 36 38 38 38 38 38 38 38 38 39 39 39 39 39 39 39 39 39 39 39 39 39 39 42 42 42 42 42 42 42 42 42 42 42 42 42 43 43 43 43 43 43 43 43 46 46 46 46 46 46 46 46 48 48 48 49 49 49 49 49 49 49 49 49 52 52 54 54 54 54 55 55 55 55 55 55 55 55 55 55 61 61 61 61 61 65 65 65 65 65 66 66 66 66 66 66 66 66 66 66 66 66 66 66 66 66 66 66 66 68 68 68 70 70 70 70 70 70 70 70 70 70 
48 49 50 51 52 53 54 55 65 66 67 68 69 70 71 72 73 148 149 23 24 56 57 19 20 187 188 189 130 131 132 43 44 45 46 47 58 59 60 61 62 63 64 31 32 33 34 35 0 1 2 3 4 5 6 7 21 22 36 37 38 39 40 41 42 8 9 10 11 12 13 14 15 16 84 85 86 142 143 163 164 165 166 167 74 75 76 173 174 175 176 177 178 179 180 181 182 183 184 185 186 150 151 152 153 154 155 156 157 195 196 197 198 199 122 123 124 125 126 127 128 129 114 115 116 117 118 119 120 121 28 29 30 190 191 192 193 194 144 145 146 147 77 78 138 139 140 141 17 18 101 102 103 104 105 106 107 108 168 169 170 171 172 79 80 81 82 83 158 159 160 161 162 87 88 89 90 91 92 93 94 95 96 97 98 99 100 25 26 27 133 134 135 136 137 109 110 111 112 113 
692 692 692 692 692 692 692 692 788 788 788 788 788 788 788 788 788 488 488 622 622 158 158 622 622 667 667 667 996 996 996 343 343 343 343 343 622 622 622 622 622 622 622 343 343 343 343 343 692 692 692 692 692 692 692 692 158 158 622 622 622 622 622 622 622 788 788 788 788 788 788 788 788 788 482 482 482 825 825 868 868 868 868 868 482 482 482 951 951 951 951 951 951 951 951 951 951 951 951 951 951 166 166 166 166 166 166 166 166 294 294 294 294 294 479 479 479 479 479 479 479 479 479 479 479 479 479 479 479 479 996 996 996 248 248 248 248 248 336 336 336 336 825 825 336 336 336 336 488 488 166 166 166 166 166 166 166 166 850 850 850 850 850 868 868 868 868 868 850 850 850 850 850 951 951 951 951 951 951 951 951 951 951 951 951 951 951 667 667 667 248 248 248 248 248 294 294 294 294 294 
0 1 2 3 4 5 6 7 8 9 10 11 12 13 14 15 16 17 18 19 20 21 22 19 20 23 24 25 26 27 28 29 30 31 32 33 34 35 36 37 38 39 40 29 30 31 32 33 0 1 2 3 4 5 6 7 21 22 34 35 36 37 38 39 40 8 9 10 11 12 13 14 15 16 41 42 43 44 45 46 47 48 49 50 41 42 43 51 52 53 54 55 56 57 58 59 60 61 62 63 64 65 66 67 68 69 70 71 72 73 74 75 76 77 78 79 80 81 82 83 84 85 78 79 80 81 82 83 84 85 26 27 28 86 87 88 89 90 91 92 93 94 44 45 91 92 93 94 17 18 65 66 67 68 69 70 71 72 95 96 97 98 99 46 47 48 49 50 95 96 97 98 99 51 52 53 54 55 56 57 58 59 60 61 62 63 64 23 24 25 86 87 88 89 90 73 74 75 76 77 
60436
19
3 3 5 3 8 5 5 2 8 2 5 8 4 2 7 9 2 5 14 
22 23 38 35 43 49 61 10 42 36 23 3 49 19 24 6 10 42 39 
68 48 65 38 46 70 66 55 55 52 29 30 54 31 33 34 19 70 66 
667 996 868 482 479 248 850 488 166 825 343 692 336 158 622 788 622 294 951 
11 11 11 11 11 11 11 11 15 15 15 15 15 15 15 15 15 7 7 16 16 13 13 16 16 0 0 0 1 1 1 10 10 10 10 10 14 14 14 14 14 14 14 10 10 10 10 10 11 11 11 11 11 11 11 11 13 13 14 14 14 14 14 14 14 15 15 15 15 15 15 15 15 15 3 3 3 9 9 2 2 2 2 2 3 3 3 18 18 18 18 18 18 18 18 18 18 18 18 18 18 8 8 8 8 8 8 8 8 17 17 17 17 17 4 4 4 4 4 4 4 4 4 4 4 4 4 4 4 4 1 1 1 5 5 5 5 5 12 12 12 12 9 9 12 12 12 12 7 7 8 8 8 8 8 8 8 8 6 6 6 6 6 2 2 2 2 2 6 6 6 6 6 18 18 18 18 18 18 18 18 18 18 18 18 18 18 0 0 0 5 5 5 5 5 17 17 17 17 17 