996
100
2
2 2 2 2 2 4 4 4 4 4 4 4 4 4 4 4 4 4 4 4 4 4 4 4 7 7 7 7 7 7 9 9 9 9 10 10 10 10 10 13 15 16 16 16 16 16 16 16 16 18 19 19 19 19 19 19 19 19 19 19 19 19 19 19 19 21 21 21 21 23 23 23 23 23 23 25 26 26 26 26 26 26 26 26 26 26 26 26 26 26 26 26 26 26 30 30 30 30 30 30 32 32 32 32 33 33 34 34 34 34 34 34 34 34 34 34 39 39 39 39 39 39 40 40 44 44 44 44 45 46 46 46 46 46 46 46 46 46 47 47 47 50 50 50 50 51 51 51 51 51 51 51 52 52 52 52 52 52 53 53 56 56 56 57 57 57 57 57 57 58 58 58 58 58 58 58 58 60 60 60 60 60 60 60 60 60 60 60 62 64 64 64 64 64 65 65 68 68 68 68 
41 42 43 44 45 59 60 61 62 63 64 81 82 83 84 85 86 87 88 89 90 91 92 93 163 164 165 166 167 168 65 66 67 68 79 80 135 136 137 75 188 0 1 2 3 4 160 161 162 128 76 77 78 116 117 118 119 120 121 5 6 7 8 9 10 30 31 32 33 152 153 154 155 156 157 39 50 51 52 34 35 11 12 13 14 15 16 17 18 19 20 21 22 23 129 130 131 132 133 134 148 149 150 151 122 123 107 106 109 108 111 110 113 112 115 114 53 54 55 56 57 58 104 105 141 142 143 144 49 94 95 96 97 98 99 36 37 38 169 170 171 124 125 126 127 197 198 199 100 101 102 103 69 70 71 72 73 74 194 195 46 47 48 24 25 26 27 28 29 138 139 140 183 184 185 186 187 189 190 191 192 193 196 172 173 174 175 176 40 177 178 179 180 181 158 159 182 145 146 147 
317 317 317 317 317 239 239 239 239 239 239 613 613 613 613 613 613 613 613 613 613 613 613 613 286 286 286 286 286 286 545 545 545 545 576 576 944 944 944 407 830 317 317 317 317 317 451 451 451 215 648 648 648 747 747 747 747 747 747 239 239 239 239 239 239 545 545 545 545 543 543 543 543 543 543 407 648 648 648 576 576 613 613 613 613 613 613 613 613 613 613 613 613 613 379 379 379 379 379 379 407 407 407 407 263 263 955 955 955 955 955 955 955 955 955 955 747 747 747 747 747 747 263 263 563 563 563 563 215 379 379 379 379 379 379 944 944 944 768 768 768 563 563 563 563 375 375 375 407 407 407 407 543 543 543 543 543 543 740 740 451 451 451 286 286 286 286 286 286 768 768 768 953 953 953 953 953 744 744 744 744 744 171 953 953 953 953 953 830 744 744 744 744 744 740 740 171 375 375 375 
0 1 2 3 4 5 6 7 8 9 10 11 12 13 14 15 16 17 18 19 20 21 22 23 24 25 26 27 28 29 30 31 32 33 34 35 36 37 38 39 40 0 1 2 3 4 41 42 43 44 45 46 47 48 49 50 51 52 53 5 6 7 8 9 10 30 31 32 33 54 55 56 57 58 59 39 45 46 47 34 35 11 12 13 14 15 16 17 18 19 20 21 22 23 60 61 62 63 64 65 66 67 68 69 70 71 72 72 73 73 74 74 75 75 76 76 48 49 50 51 52 53 70 71 77 78 79 80 44 60 61 62 63 64 65 36 37 38 81 82 83 77 78 79 80 84 85 86 66 67 68 69 54 55 56 57 58 59 87 88 41 42 43 24 25 26 27 28 29 81 82 83 89 90 91 92 93 94 95 96 97 98 99 89 90 91 92 93 40 94 95 96 97 98 87 88 99 84 85 86 
56377
25
6 4 3 5 5 6 1 2 1 5 2 6 6 2 3 3 6 5 3 4 4 1 1 3 13 
23 44 19 34 60 19 18 33 60 2 10 4 30 53 47 10 7 58 51 32 9 13 15 16 4 
52 50 26 34 64 39 45 40 68 16 26 19 46 65 58 46 57 60 68 51 21 25 62 56 26 
543 563 648 955 744 747 215 263 171 317 576 239 379 740 768 944 286 953 375 407 545 407 830 451 613 
9 9 9 9 9 11 11 11 11 11 11 24 24 24 24 24 24 24 24 24 24 24 24 24 16 16 16 16 16 16 20 20 20 20 10 10 15 15 15 21 22 9 9 9 9 9 23 23 23 6 2 2 2 5 5 5 5 5 5 11 11 11 11 11 11 20 20 20 20 0 0 0 0 0 0 21 2 2 2 10 10 24 24 24 24 24 24 24 24 24 24 24 24 24 12 12 12 12 12 12 19 19 19 19 7 7 3 3 3 3 3 3 3 3 3 3 5 5 5 5 5 5 7 7 1 1 1 1 6 12 12 12 12 12 12 15 15 15 14 14 14 1 1 1 1 18 18 18 19 19 19 19 0 0 0 0 0 0 13 13 23 23 23 16 16 16 16 16 16 14 14 14 17 17 17 17 17 4 4 4 4 4 8 17 17 17 17 17 22 4 4 4 4 4 13 13 8 18 18 18 