686
100
2
1 1 3 3 4 4 4 4 4 6 6 6 6 6 6 6 7 7 7 7 7 9 9 9 9 9 9 9 9 12 12 12 12 12 12 12 12 12 12 12 12 12 12 12 13 13 13 13 15 18 18 18 18 18 18 18 19 19 19 19 19 22 22 22 22 22 22 22 22 22 22 22 22 22 22 22 28 28 28 28 29 29 29 29 29 29 29 29 29 29 29 30 30 30 30 30 30 31 31 31 31 33 33 33 33 40 40 40 40 40 45 45 45 49 49 49 49 50 50 50 50 50 50 52 52 52 52 54 54 54 54 54 56 56 56 57 57 57 57 57 57 57 57 57 57 57 57 57 57 57 58 58 60 60 60 60 61 61 61 61 61 62 62 62 62 62 62 62 62 64 64 64 64 64 66 66 66 66 66 66 66 66 69 69 69 69 69 69 69 69 69 69 69 69 70 70 70 70 70 70 
21 22 167 168 16 17 18 19 20 80 81 82 83 84 85 86 4 5 6 7 8 0 1 188 189 190 191 192 193 174 175 176 177 178 179 180 181 49 50 51 52 53 54 55 152 153 154 155 127 37 38 39 40 41 42 43 169 170 171 172 173 135 136 137 138 139 140 141 142 143 144 145 146 147 148 149 128 129 130 131 9 10 11 12 13 14 15 123 124 125 126 117 118 119 120 121 122 184 185 186 187 113 114 115 116 156 157 158 159 160 132 133 134 101 102 103 104 91 92 93 94 95 96 87 88 89 90 48 76 77 78 79 110 111 112 61 62 63 64 65 66 67 68 69 70 71 72 73 74 75 182 183 44 45 46 47 105 106 107 108 109 194 195 196 197 198 199 2 3 56 57 58 59 60 29 30 31 32 33 34 35 36 150 151 97 98 99 100 23 24 25 26 27 28 161 162 163 164 165 166 
916 916 381 381 442 442 442 442 442 819 819 819 819 819 819 819 442 442 442 442 442 916 916 584 584 584 584 584 584 301 301 301 301 301 301 301 301 191 191 191 191 191 191 191 663 663 663 663 637 191 191 191 191 191 191 191 560 560 560 560 560 278 278 278 278 278 278 278 278 278 278 278 278 278 278 278 763 763 763 763 819 819 819 819 819 819 819 424 424 424 424 857 857 857 857 857 857 270 270 270 270 767 767 767 767 680 680 680 680 680 750 750 750 767 767 767 767 857 857 857 857 857 857 424 424 424 424 637 763 763 763 763 750 750 750 278 278 278 278 278 278 278 278 278 278 278 278 278 278 278 684 684 663 663 663 663 680 680 680 680 680 242 242 242 242 242 242 381 381 560 560 560 560 560 301 301 301 301 301 301 301 301 684 684 270 270 270 270 584 584 584 584 584 584 242 242 242 242 242 242 
0 1 2 3 4 5 6 7 8 9 10 11 12 13 14 15 4 5 6 7 8 0 1 16 17 18 19 20 21 22 23 24 25 26 27 28 29 30 31 32 33 34 35 36 37 38 39 40 41 30 31 32 33 34 35 36 42 43 44 45 46 47 48 49 50 51 52 53 54 55 56 57 58 59 60 61 62 63 64 65 9 10 11 12 13 14 15 66 67 68 69 70 71 72 73 74 75 76 77 78 79 80 81 82 83 84 85 86 87 88 89 90 91 80 81 82 83 70 71 72 73 74 75 66 67 68 69 41 62 63 64 65 89 90 91 47 48 49 50 51 52 53 54 55 56 57 58 59 60 61 92 93 37 38 39 40 84 85 86 87 88 94 95 96 97 98 99 2 3 42 43 44 45 46 22 23 24 25 26 27 28 29 92 93 76 77 78 79 16 17 18 19 20 21 94 95 96 97 98 99 
50553
20
3 5 7 2 5 4 6 8 2 1 6 4 4 2 4 6 5 4 7 15 
45 40 6 1 19 29 30 12 58 15 62 13 31 3 33 9 4 28 12 22 
56 61 29 9 64 52 50 66 69 54 70 60 69 62 49 69 7 54 18 57 
750 680 819 916 560 424 857 301 684 637 242 663 270 381 767 584 442 763 191 278 
3 3 13 13 16 16 16 16 16 2 2 2 2 2 2 2 16 16 16 16 16 3 3 15 15 15 15 15 15 7 7 7 7 7 7 7 7 18 18 18 18 18 18 18 11 11 11 11 9 18 18 18 18 18 18 18 4 4 4 4 4 19 19 19 19 19 19 19 19 19 19 19 19 19 19 19 17 17 17 17 2 2 2 2 2 2 2 5 5 5 5 6 6 6 6 6 6 12 12 12 12 14 14 14 14 1 1 1 1 1 0 0 0 14 14 14 14 6 6 6 6 6 6 5 5 5 5 9 17 17 17 17 0 0 0 19 19 19 19 19 19 19 19 19 19 19 19 19 19 19 8 8 11 11 11 11 1 1 1 1 1 10 10 10 10 10 10 13 13 4 4 4 4 4 7 7 7 7 7 7 7 7 8 8 12 12 12 12 15 15 15 15 15 15 10 10 10 10 10 10 