297
100
2
1 1 1 1 10 10 10 10 10 10 10 10 10 10 10 15 15 15 15 15 15 15 15 15 15 27 27 27 27 27 27 27 27 27 27 27 27 27 27 27 27 27 28 28 28 28 28 28 28 28 28 28 28 28 28 28 28 28 28 28 28 31 31 31 31 31 31 31 31 33 33 33 33 34 34 34 34 34 39 39 39 39 39 39 39 39 39 39 39 39 39 39 39 39 39 39 39 39 39 39 39 39 39 39 39 39 39 39 39 39 39 39 39 39 39 39 39 39 39 39 39 39 42 42 42 42 42 42 42 42 42 51 51 51 51 51 51 51 51 51 51 51 51 51 51 62 62 62 62 62 62 62 62 62 62 62 63 63 63 63 63 63 63 63 66 66 66 66 66 66 66 66 66 66 66 66 66 66 68 68 68 68 68 68 68 68 70 70 70 70 70 70 70 70 70 70 70 70 70 70 
69 70 71 72 145 146 147 148 149 150 151 152 153 154 155 78 79 80 81 82 83 84 85 86 87 105 106 107 108 109 110 111 112 113 114 115 116 117 118 119 120 121 186 187 188 189 190 191 192 193 194 195 196 197 198 199 73 74 75 76 77 156 157 158 159 160 161 162 163 0 1 2 3 56 57 58 59 60 15 16 17 18 19 20 21 22 23 24 122 123 124 125 126 127 128 129 130 178 179 180 181 182 183 184 185 25 26 27 28 29 30 31 32 33 34 35 36 37 38 39 40 41 88 89 90 91 92 93 94 95 96 164 165 166 167 168 169 170 171 172 173 174 175 176 177 4 5 6 7 8 9 10 11 12 13 14 61 62 63 64 65 66 67 68 131 132 133 134 135 136 137 138 139 140 141 142 143 144 97 98 99 100 101 102 103 104 42 43 44 45 46 47 48 49 50 51 52 53 54 55 
798 798 798 798 933 933 933 933 933 933 933 933 933 933 933 771 771 771 771 771 771 771 771 771 771 834 834 834 834 834 834 834 834 834 834 834 834 834 834 834 834 834 434 434 434 434 434 434 434 434 434 434 434 434 434 434 940 940 940 940 940 943 943 943 943 943 943 943 943 798 798 798 798 940 940 940 940 940 771 771 771 771 771 771 771 771 771 771 352 352 352 352 352 352 352 352 352 582 582 582 582 582 582 582 582 834 834 834 834 834 834 834 834 834 834 834 834 834 834 834 834 834 352 352 352 352 352 352 352 352 352 621 621 621 621 621 621 621 621 621 621 621 621 621 621 933 933 933 933 933 933 933 933 933 933 933 943 943 943 943 943 943 943 943 621 621 621 621 621 621 621 621 621 621 621 621 621 621 582 582 582 582 582 582 582 582 434 434 434 434 434 434 434 434 434 434 434 434 434 434 
0 1 2 3 4 5 6 7 8 9 10 11 12 13 14 15 16 17 18 19 20 21 22 23 24 25 26 27 28 29 30 31 32 33 34 35 36 37 38 39 40 41 42 43 44 45 46 47 48 49 50 51 52 53 54 55 56 57 58 59 60 61 62 63 64 65 66 67 68 0 1 2 3 56 57 58 59 60 15 16 17 18 19 20 21 22 23 24 69 70 71 72 73 74 75 76 77 78 79 80 81 82 83 84 85 25 26 27 28 29 30 31 32 33 34 35 36 37 38 39 40 41 69 70 71 72 73 74 75 76 77 86 87 88 89 90 91 92 93 94 95 96 97 98 99 4 5 6 7 8 9 10 11 12 13 14 61 62 63 64 65 66 67 68 86 87 88 89 90 91 92 93 94 95 96 97 98 99 78 79 80 81 82 83 84 85 42 43 44 45 46 47 48 49 50 51 52 53 54 55 
70181
10
10 9 4 11 14 8 8 14 5 17 
15 39 1 10 51 39 31 28 28 27 
39 42 33 62 66 68 63 70 34 39 
771 352 798 933 621 582 943 434 940 834 
2 2 2 2 3 3 3 3 3 3 3 3 3 3 3 0 0 0 0 0 0 0 0 0 0 9 9 9 9 9 9 9 9 9 9 9 9 9 9 9 9 9 7 7 7 7 7 7 7 7 7 7 7 7 7 7 8 8 8 8 8 6 6 6 6 6 6 6 6 2 2 2 2 8 8 8 8 8 0 0 0 0 0 0 0 0 0 0 1 1 1 1 1 1 1 1 1 5 5 5 5 5 5 5 5 9 9 9 9 9 9 9 9 9 9 9 9 9 9 9 9 9 1 1 1 1 1 1 1 1 1 4 4 4 4 4 4 4 4 4 4 4 4 4 4 3 3 3 3 3 3 3 3 3 3 3 6 6 6 6 6 6 6 6 4 4 4 4 4 4 4 4 4 4 4 4 4 4 5 5 5 5 5 5 5 5 7 7 7 7 7 7 7 7 7 7 7 7 7 7 