120
100
2
3 3 3 3 3 3 3 3 3 3 3 3 3 3 3 4 5 5 5 5 5 5 5 5 5 5 5 5 6 6 6 6 6 12 13 13 13 13 13 13 13 13 16 16 16 16 16 16 16 18 20 20 20 20 22 22 23 23 23 23 23 23 23 23 29 29 36 36 36 36 36 36 36 36 36 37 37 37 37 37 37 38 38 38 38 38 38 38 38 38 38 38 38 39 39 39 44 44 46 46 46 46 46 46 46 46 46 48 48 48 48 48 48 48 48 48 48 48 48 48 48 48 48 48 48 48 48 48 52 54 54 54 54 54 55 55 55 55 55 55 55 55 55 55 55 55 56 56 56 56 56 56 56 58 58 58 58 58 58 58 58 58 58 59 59 59 59 59 59 62 62 62 62 62 62 62 62 63 63 63 63 63 63 63 63 70 70 70 70 70 70 70 70 70 70 70 70 70 70 70 
81 82 83 84 85 86 50 51 52 53 16 17 18 19 20 33 10 11 12 13 14 42 43 44 45 46 47 48 158 159 160 161 162 15 49 96 97 129 130 131 132 133 21 22 23 24 25 26 27 34 6 7 8 9 64 65 99 100 101 102 103 104 105 106 54 55 163 164 165 166 167 168 93 94 95 107 108 109 110 111 112 0 1 2 3 4 5 88 87 90 89 92 91 72 73 74 35 36 128 56 57 58 59 60 61 62 63 75 76 77 78 79 80 185 186 187 188 189 190 191 192 193 194 195 196 197 198 199 98 37 38 39 40 41 153 154 155 156 157 146 147 148 149 150 151 152 139 140 141 142 143 144 145 134 135 136 137 138 28 29 30 31 32 66 67 68 69 70 71 177 178 179 180 181 182 183 184 169 170 171 172 173 174 175 176 113 114 115 116 117 118 119 120 121 122 123 124 125 126 127 
777 777 777 777 777 777 877 877 877 877 481 481 481 481 481 695 481 481 481 481 481 979 979 979 979 979 979 979 534 534 534 534 534 695 368 612 612 342 342 342 342 342 979 979 979 979 979 979 979 368 877 877 877 877 718 718 300 300 300 300 300 300 300 300 718 718 818 818 818 818 818 818 445 445 445 767 767 767 767 767 767 777 777 777 777 777 777 527 527 527 527 527 527 445 445 445 612 612 295 300 300 300 300 300 300 300 300 767 767 767 767 767 767 887 887 887 887 887 887 887 887 887 887 887 887 887 887 887 295 342 342 342 342 342 522 522 522 522 522 591 591 591 591 591 591 591 591 591 591 591 591 591 591 522 522 522 522 522 534 534 534 534 534 818 818 818 818 818 818 250 250 250 250 250 250 250 250 250 250 250 250 250 250 250 250 887 887 887 887 887 887 887 887 887 887 887 887 887 887 887 
0 1 2 3 4 5 6 7 8 9 10 11 12 13 14 15 10 11 12 13 14 16 17 18 19 20 21 22 23 24 25 26 27 15 28 29 30 31 32 33 34 35 16 17 18 19 20 21 22 28 6 7 8 9 36 37 38 39 40 41 42 43 44 45 36 37 46 47 48 49 50 51 52 53 54 55 56 57 58 59 60 0 1 2 3 4 5 61 61 62 62 63 63 52 53 54 29 30 64 38 39 40 41 42 43 44 45 55 56 57 58 59 60 65 66 67 68 69 70 71 72 73 74 75 76 77 78 79 64 31 32 33 34 35 80 81 82 83 84 85 86 87 88 89 90 91 85 86 87 88 89 90 91 80 81 82 83 84 23 24 25 26 27 46 47 48 49 50 51 92 93 94 95 96 97 98 99 92 93 94 95 96 97 98 99 65 66 67 68 69 70 71 72 73 74 75 76 77 78 79 
62704
20
5 1 2 1 6 6 3 7 4 6 1 2 5 8 8 5 3 7 5 15 
55 13 13 4 37 3 38 55 3 36 46 22 13 62 23 3 36 5 6 48 
58 18 44 12 48 38 38 56 20 59 52 29 54 63 46 5 39 16 58 70 
522 368 612 695 767 777 527 591 877 818 295 718 342 250 300 481 445 979 534 887 
5 5 5 5 5 5 8 8 8 8 15 15 15 15 15 3 15 15 15 15 15 17 17 17 17 17 17 17 18 18 18 18 18 3 1 2 2 12 12 12 12 12 17 17 17 17 17 17 17 1 8 8 8 8 11 11 14 14 14 14 14 14 14 14 11 11 9 9 9 9 9 9 16 16 16 4 4 4 4 4 4 5 5 5 5 5 5 6 6 6 6 6 6 16 16 16 2 2 10 14 14 14 14 14 14 14 14 4 4 4 4 4 4 19 19 19 19 19 19 19 19 19 19 19 19 19 19 19 10 12 12 12 12 12 0 0 0 0 0 7 7 7 7 7 7 7 7 7 7 7 7 7 7 0 0 0 0 0 18 18 18 18 18 9 9 9 9 9 9 13 13 13 13 13 13 13 13 13 13 13 13 13 13 13 13 19 19 19 19 19 19 19 19 19 19 19 19 19 19 19 