335
100
2
2 2 2 2 2 2 3 3 3 7 7 7 7 7 9 9 9 10 10 10 10 10 10 10 10 10 10 11 11 11 11 11 11 11 11 11 12 12 12 12 13 14 14 15 15 15 16 16 16 16 16 16 18 18 18 18 18 18 18 18 18 18 18 18 18 18 18 18 18 18 18 18 18 18 18 18 22 22 22 24 24 24 24 24 24 24 24 24 24 24 25 25 25 25 27 27 27 27 27 34 34 34 34 34 35 35 35 36 36 36 36 36 36 36 37 37 37 37 37 38 38 38 38 38 38 38 38 39 39 41 41 43 43 45 45 45 45 45 45 48 48 48 48 48 52 52 52 52 54 54 56 56 56 56 56 56 56 56 59 59 59 59 59 60 60 60 61 61 61 61 61 61 62 62 62 62 62 62 62 62 62 62 62 62 62 62 62 62 62 62 62 62 62 62 64 66 66 68 68 69 
46 47 48 49 50 51 41 42 35 167 168 169 170 171 101 102 103 131 119 120 121 122 114 115 116 117 118 94 95 96 97 98 79 80 81 8 40 107 108 109 36 6 7 166 197 198 0 1 2 3 4 5 90 91 92 93 144 145 146 147 178 179 180 181 182 183 184 185 186 187 188 189 190 191 192 193 132 156 157 32 33 34 158 159 160 161 162 163 164 165 52 53 54 55 27 28 29 30 31 105 106 14 15 16 199 99 100 37 38 39 123 124 125 126 22 23 24 25 26 18 19 20 21 110 111 112 113 129 130 127 128 17 76 150 151 152 153 154 155 172 173 174 175 176 56 57 58 59 195 196 133 134 135 136 137 138 77 78 82 83 84 85 86 87 88 89 43 9 10 11 12 13 139 140 141 142 143 194 60 61 62 63 64 65 66 67 68 69 70 71 72 73 74 75 177 148 149 44 45 104 
685 685 685 685 685 685 424 424 874 916 916 916 916 916 841 841 841 523 476 476 476 476 343 343 343 343 343 526 526 526 526 526 616 616 616 874 363 652 652 652 363 424 424 234 225 225 685 685 685 685 685 685 811 811 811 811 532 532 532 532 676 676 676 676 676 676 676 676 676 676 676 676 676 676 676 676 818 330 330 616 616 616 406 406 406 406 406 948 948 948 811 811 811 811 526 526 526 526 526 780 780 841 841 841 823 780 780 652 652 652 984 984 984 984 343 343 343 343 343 476 476 476 476 984 984 984 984 230 230 230 230 523 818 524 524 524 524 524 524 404 404 404 404 404 532 532 532 532 289 289 524 524 524 524 524 524 330 330 406 406 406 406 406 948 948 948 234 916 916 916 916 916 404 404 404 404 404 943 676 676 676 676 676 676 676 676 676 676 676 676 676 676 676 676 943 289 289 225 225 823 
0 1 2 3 4 5 6 7 8 9 10 11 12 13 14 15 16 17 18 19 20 21 22 23 24 25 26 27 28 29 30 31 32 33 34 8 35 36 37 38 35 6 7 39 40 41 0 1 2 3 4 5 42 43 44 45 46 47 48 49 50 51 52 53 54 55 56 57 58 59 60 61 62 63 64 65 66 67 68 32 33 34 69 70 71 72 73 74 75 76 42 43 44 45 27 28 29 30 31 77 78 14 15 16 79 77 78 36 37 38 80 81 82 83 22 23 24 25 26 18 19 20 21 80 81 82 83 84 85 84 85 17 66 86 87 88 89 90 91 92 93 94 95 96 46 47 48 49 97 98 86 87 88 89 90 91 67 68 69 70 71 72 73 74 75 76 39 9 10 11 12 13 92 93 94 95 96 99 50 51 52 53 54 55 56 57 58 59 60 61 62 63 64 65 99 97 98 40 41 79 
60562
29
1 2 1 5 4 1 1 1 1 5 2 3 2 4 5 3 2 5 6 3 2 2 4 6 1 5 4 3 16 
12 54 10 48 18 35 15 22 62 7 34 9 39 10 11 12 15 10 45 11 3 22 18 2 3 24 36 24 18 
13 66 43 62 25 69 61 43 64 61 35 34 41 38 27 36 68 37 56 24 14 56 52 16 11 59 38 60 62 
363 289 523 404 811 823 234 818 943 916 780 841 230 476 526 652 225 343 524 616 424 330 532 685 874 406 984 948 676 
23 23 23 23 23 23 20 20 24 9 9 9 9 9 11 11 11 2 13 13 13 13 17 17 17 17 17 14 14 14 14 14 19 19 19 24 0 15 15 15 0 20 20 6 16 16 23 23 23 23 23 23 4 4 4 4 22 22 22 22 28 28 28 28 28 28 28 28 28 28 28 28 28 28 28 28 7 21 21 19 19 19 25 25 25 25 25 27 27 27 4 4 4 4 14 14 14 14 14 10 10 11 11 11 5 10 10 15 15 15 26 26 26 26 17 17 17 17 17 13 13 13 13 26 26 26 26 12 12 12 12 2 7 18 18 18 18 18 18 3 3 3 3 3 22 22 22 22 1 1 18 18 18 18 18 18 21 21 25 25 25 25 25 27 27 27 6 9 9 9 9 9 3 3 3 3 3 8 28 28 28 28 28 28 28 28 28 28 28 28 28 28 28 28 8 1 1 16 16 5 