95
100
2
4 4 4 4 6 6 6 6 6 6 6 6 6 6 6 6 6 6 6 6 6 6 10 10 10 10 10 10 10 10 10 10 10 10 10 12 12 12 12 12 12 15 15 15 18 18 18 18 28 28 28 30 30 31 31 31 31 31 32 32 32 32 32 32 32 32 32 33 33 34 35 35 35 35 36 36 36 36 36 36 36 37 37 41 41 41 41 41 42 42 42 42 42 42 42 42 42 44 44 44 44 44 45 45 45 45 45 45 45 45 45 45 45 45 45 47 47 47 48 48 48 48 48 48 49 49 49 49 49 49 49 49 50 50 50 50 50 50 50 50 50 50 50 50 53 53 53 53 53 53 53 53 53 53 53 53 54 54 54 54 54 54 54 58 58 58 58 58 58 59 59 59 59 59 62 62 62 62 62 62 62 62 62 62 62 62 64 65 65 65 65 65 65 68 68 68 68 68 68 68 
150 151 152 153 181 182 183 184 185 22 23 24 25 26 27 28 29 30 31 32 33 34 9 10 11 12 13 14 15 16 17 18 19 20 21 118 119 120 121 122 123 74 75 76 70 71 72 73 171 172 173 88 89 83 84 85 86 87 124 125 193 194 195 196 197 198 199 169 170 187 44 45 46 47 41 42 43 186 115 116 117 154 155 53 54 55 56 57 51 52 156 157 158 159 160 161 162 188 189 190 191 192 174 175 176 177 178 179 180 163 164 165 166 167 168 78 79 80 35 36 37 38 39 40 58 59 138 139 140 141 142 143 144 145 146 147 148 149 126 127 128 129 130 131 132 133 134 135 136 137 0 1 2 3 81 82 90 91 92 93 94 95 96 109 110 111 112 113 114 67 68 48 49 50 102 103 104 105 106 107 108 4 5 6 7 8 77 69 97 98 99 100 101 60 61 62 63 64 65 66 
419 419 419 419 673 673 673 673 673 613 613 613 613 613 613 613 613 613 613 613 613 613 613 613 613 613 613 613 613 613 613 613 613 613 613 212 212 212 212 212 212 928 928 928 424 424 424 424 263 263 263 441 441 911 911 911 911 911 813 813 865 865 865 865 865 865 865 461 461 179 424 424 424 424 928 928 928 815 208 208 208 845 845 911 911 911 911 911 441 441 583 583 583 583 583 583 583 483 483 483 483 483 365 365 365 365 365 365 365 659 659 659 659 659 659 208 208 208 212 212 212 212 212 212 813 813 395 395 395 395 395 395 521 521 521 521 521 521 395 395 395 395 395 395 521 521 521 521 521 521 419 419 419 419 845 845 583 583 583 583 583 583 583 659 659 659 659 659 659 461 461 263 263 263 365 365 365 365 365 365 365 673 673 673 673 673 815 179 483 483 483 483 483 865 865 865 865 865 865 865 
0 1 2 3 4 5 6 7 8 9 10 11 12 13 14 15 16 17 18 19 20 21 9 10 11 12 13 14 15 16 17 18 19 20 21 22 23 24 25 26 27 28 29 30 31 32 33 34 35 36 37 38 39 40 41 42 43 44 45 46 47 48 49 50 51 52 53 54 55 56 31 32 33 34 28 29 30 57 58 59 60 61 62 40 41 42 43 44 38 39 63 64 65 66 67 68 69 70 71 72 73 74 75 76 77 78 79 80 81 82 83 84 85 86 87 58 59 60 22 23 24 25 26 27 45 46 88 89 90 91 92 93 94 95 96 97 98 99 88 89 90 91 92 93 94 95 96 97 98 99 0 1 2 3 61 62 63 64 65 66 67 68 69 82 83 84 85 86 87 54 55 35 36 37 75 76 77 78 79 80 81 4 5 6 7 8 57 56 70 71 72 73 74 47 48 49 50 51 52 53 
55400
22
3 4 6 2 5 3 4 2 1 6 7 2 7 7 6 1 2 3 5 5 6 13 
15 18 50 33 31 28 4 30 36 12 45 32 42 32 45 34 37 36 6 44 49 6 
36 35 53 59 41 59 53 42 64 48 62 49 54 68 58 65 53 47 62 65 50 10 
928 424 521 461 911 263 419 441 815 212 365 813 583 865 659 179 845 208 673 483 395 613 
6 6 6 6 18 18 18 18 18 21 21 21 21 21 21 21 21 21 21 21 21 21 21 21 21 21 21 21 21 21 21 21 21 21 21 9 9 9 9 9 9 0 0 0 1 1 1 1 5 5 5 7 7 4 4 4 4 4 11 11 13 13 13 13 13 13 13 3 3 15 1 1 1 1 0 0 0 8 17 17 17 16 16 4 4 4 4 4 7 7 12 12 12 12 12 12 12 19 19 19 19 19 10 10 10 10 10 10 10 14 14 14 14 14 14 17 17 17 9 9 9 9 9 9 11 11 20 20 20 20 20 20 2 2 2 2 2 2 20 20 20 20 20 20 2 2 2 2 2 2 6 6 6 6 16 16 12 12 12 12 12 12 12 14 14 14 14 14 14 3 3 5 5 5 10 10 10 10 10 10 10 18 18 18 18 18 8 15 19 19 19 19 19 13 13 13 13 13 13 13 