134
100
2
3 3 3 3 5 5 5 5 5 5 7 7 7 7 7 10 10 10 12 12 12 13 13 13 13 13 13 13 13 13 13 13 13 13 13 14 16 16 16 16 17 22 22 22 22 22 22 23 23 23 26 26 26 26 26 26 26 26 26 28 28 28 28 28 28 28 28 28 28 28 29 29 29 29 29 29 29 29 29 29 29 29 29 29 29 29 29 29 30 30 30 30 35 36 36 36 36 36 36 36 36 36 38 38 38 39 39 39 40 40 40 40 40 40 40 40 40 40 40 40 40 40 42 42 42 42 42 42 42 42 42 42 42 42 42 42 42 44 44 44 44 45 45 45 45 45 47 47 47 47 47 47 48 48 48 48 48 48 48 50 50 51 52 52 52 52 57 57 57 57 57 57 57 57 57 61 61 61 61 62 62 62 62 62 65 65 65 67 67 67 67 67 67 67 67 67 67 68 68 68 
70 71 72 73 187 188 189 190 191 192 179 180 181 182 183 184 185 186 102 103 104 88 89 130 131 132 133 134 135 136 97 98 99 100 101 40 193 194 195 196 35 166 167 168 169 170 171 126 127 128 141 142 143 144 145 122 123 124 125 152 153 154 155 156 157 158 175 176 177 178 0 1 2 3 108 109 110 111 112 113 114 115 116 117 118 119 120 121 21 22 150 151 161 162 163 164 165 30 31 32 33 34 18 19 20 172 173 174 74 75 76 77 78 79 80 81 82 83 84 85 86 87 55 56 57 58 47 48 49 197 23 24 25 26 27 28 29 146 147 148 149 50 51 52 53 54 137 138 139 140 90 91 59 60 61 62 63 64 65 198 199 92 93 94 95 96 41 42 43 44 45 46 105 106 107 66 67 68 69 10 11 12 13 14 15 16 17 4 5 6 7 8 9 36 37 38 39 129 159 160 
599 599 599 599 905 905 905 905 905 905 371 371 371 371 371 153 153 153 739 739 739 209 209 524 524 524 524 524 524 524 867 867 867 867 867 468 944 944 944 944 468 974 974 974 974 974 974 355 355 355 444 444 444 444 444 629 629 629 629 744 744 744 744 744 744 744 695 695 695 695 599 599 599 599 715 715 715 715 715 715 715 715 715 715 715 715 715 715 209 209 594 594 573 355 355 355 355 867 867 867 867 867 739 739 739 380 380 380 715 715 715 715 715 715 715 715 715 715 715 715 715 715 629 629 629 629 355 355 355 336 524 524 524 524 524 524 524 916 916 916 916 444 444 444 444 444 916 916 916 916 594 594 744 744 744 744 744 744 744 615 615 573 355 355 355 355 974 974 974 974 974 974 380 380 380 695 695 695 695 371 371 371 371 371 153 153 153 905 905 905 905 905 905 944 944 944 944 336 615 615 
0 1 2 3 4 5 6 7 8 9 10 11 12 13 14 15 16 17 18 19 20 21 22 23 24 25 26 27 28 29 30 31 32 33 34 35 36 37 38 39 35 40 41 42 43 44 45 46 47 48 49 50 51 52 53 54 55 56 57 58 59 60 61 62 63 64 65 66 67 68 0 1 2 3 69 70 71 72 73 74 75 76 77 78 79 80 81 82 21 22 83 84 85 86 87 88 89 30 31 32 33 34 18 19 20 90 91 92 69 70 71 72 73 74 75 76 77 78 79 80 81 82 54 55 56 57 46 47 48 93 23 24 25 26 27 28 29 94 95 96 97 49 50 51 52 53 94 95 96 97 83 84 58 59 60 61 62 63 64 98 99 85 86 87 88 89 40 41 42 43 44 45 90 91 92 65 66 67 68 10 11 12 13 14 15 16 17 4 5 6 7 8 9 36 37 38 39 93 98 99 
64216
24
2 5 4 4 3 7 1 6 6 4 1 4 5 3 3 7 2 4 5 3 2 1 4 14 
13 26 26 44 23 28 42 5 22 28 14 36 7 39 12 13 30 16 13 10 50 35 3 29 
30 45 42 47 42 48 68 67 57 61 17 52 62 57 38 42 47 67 36 65 68 51 29 40 
209 444 629 916 355 744 336 905 974 695 468 355 371 380 739 524 594 944 867 153 615 573 599 715 
22 22 22 22 7 7 7 7 7 7 12 12 12 12 12 19 19 19 14 14 14 0 0 15 15 15 15 15 15 15 18 18 18 18 18 10 17 17 17 17 10 8 8 8 8 8 8 4 4 4 1 1 1 1 1 2 2 2 2 5 5 5 5 5 5 5 9 9 9 9 22 22 22 22 23 23 23 23 23 23 23 23 23 23 23 23 23 23 0 0 16 16 21 11 11 11 11 18 18 18 18 18 14 14 14 13 13 13 23 23 23 23 23 23 23 23 23 23 23 23 23 23 2 2 2 2 4 4 4 6 15 15 15 15 15 15 15 3 3 3 3 1 1 1 1 1 3 3 3 3 16 16 5 5 5 5 5 5 5 20 20 21 11 11 11 11 8 8 8 8 8 8 13 13 13 9 9 9 9 12 12 12 12 12 19 19 19 7 7 7 7 7 7 17 17 17 17 6 20 20 