276
100
2
1 1 1 1 1 1 3 3 3 3 3 3 3 4 4 4 4 4 4 4 4 4 4 4 4 4 4 4 4 4 4 4 5 5 5 5 7 7 7 7 12 12 12 12 12 12 16 16 16 16 16 16 16 16 16 16 16 16 16 17 17 17 17 19 19 19 19 19 19 19 19 19 19 19 19 19 19 19 19 19 20 20 20 20 21 21 24 24 24 28 34 34 34 34 35 35 35 35 35 36 36 36 36 36 36 36 36 36 36 36 37 37 38 38 38 38 38 38 38 38 38 38 38 38 38 38 38 38 38 40 40 40 41 41 41 41 41 41 41 41 41 41 41 43 43 43 43 48 48 50 50 50 50 50 51 51 51 51 51 51 51 51 51 53 53 53 54 54 55 55 56 56 56 57 59 60 60 60 60 60 61 66 66 66 67 67 67 67 67 67 67 68 68 68 68 68 70 70 70 70 
1 0 3 2 5 4 156 157 158 159 160 161 162 191 192 193 194 195 66 67 68 69 70 71 72 73 74 75 76 77 78 79 143 144 145 146 187 188 189 190 84 85 55 56 57 58 86 87 88 104 105 106 107 108 109 42 43 44 45 90 91 92 93 181 182 183 18 19 20 21 22 23 24 25 26 27 28 29 30 31 119 120 121 122 40 41 46 47 48 180 59 60 61 62 149 150 151 152 153 132 133 134 135 136 49 50 51 52 53 54 178 179 184 185 186 196 197 198 199 80 81 82 83 137 138 139 140 141 142 175 176 177 99 100 101 102 103 123 124 125 126 127 128 32 33 34 35 168 169 94 95 96 97 98 166 167 6 7 8 9 10 11 12 170 171 172 154 155 147 148 163 164 165 174 173 129 130 131 110 111 89 63 64 65 112 113 114 36 37 38 39 13 14 15 16 17 115 116 117 118 
379 379 379 379 379 379 241 241 241 241 241 241 241 224 224 224 224 224 340 340 340 340 340 340 340 340 340 340 340 340 340 340 425 425 425 425 573 573 573 573 923 923 485 485 485 485 823 823 823 216 216 216 216 216 216 485 485 485 485 865 865 865 865 305 305 305 340 340 340 340 340 340 340 340 340 340 340 340 340 340 740 740 740 740 923 923 823 823 823 926 865 865 865 865 895 895 895 895 895 954 954 954 954 954 216 216 216 216 216 216 422 422 205 205 205 743 743 743 743 740 740 740 740 465 465 465 465 465 465 864 864 864 954 954 954 954 954 465 465 465 465 465 465 425 425 425 425 888 888 895 895 895 895 895 290 290 241 241 241 241 241 241 241 615 615 615 290 290 888 888 615 615 615 650 650 864 864 864 422 422 926 305 305 305 205 205 205 573 573 573 573 224 224 224 224 224 743 743 743 743 
0 0 1 1 2 2 3 4 5 6 7 8 9 10 11 12 13 14 15 16 17 18 19 20 21 22 23 24 25 26 27 28 29 30 31 32 33 34 35 36 37 38 39 40 41 42 43 44 45 46 47 48 49 50 51 39 40 41 42 52 53 54 55 56 57 58 15 16 17 18 19 20 21 22 23 24 25 26 27 28 59 60 61 62 37 38 43 44 45 63 52 53 54 55 64 65 66 67 68 69 70 71 72 73 46 47 48 49 50 51 74 75 76 77 78 79 80 81 82 59 60 61 62 83 84 85 86 87 88 89 90 91 69 70 71 72 73 83 84 85 86 87 88 29 30 31 32 92 93 64 65 66 67 68 94 95 3 4 5 6 7 8 9 96 97 98 94 95 92 93 96 97 98 99 99 89 90 91 74 75 63 56 57 58 76 77 78 33 34 35 36 10 11 12 13 14 79 80 81 82 
52417
25
5 1 5 2 3 3 3 3 2 6 2 4 3 4 4 2 7 4 4 5 3 1 6 4 14 
36 28 35 48 1 16 40 38 37 16 12 38 53 17 5 51 3 12 20 4 19 57 38 7 4 
41 61 50 55 1 24 60 67 60 36 21 70 56 34 43 54 51 16 38 68 66 59 41 67 19 
954 926 895 888 379 823 864 205 422 216 923 743 615 865 425 290 241 485 740 224 305 650 465 573 340 
4 4 4 4 4 4 16 16 16 16 16 16 16 19 19 19 19 19 24 24 24 24 24 24 24 24 24 24 24 24 24 24 14 14 14 14 23 23 23 23 10 10 17 17 17 17 5 5 5 9 9 9 9 9 9 17 17 17 17 13 13 13 13 20 20 20 24 24 24 24 24 24 24 24 24 24 24 24 24 24 18 18 18 18 10 10 5 5 5 1 13 13 13 13 2 2 2 2 2 0 0 0 0 0 9 9 9 9 9 9 8 8 7 7 7 11 11 11 11 18 18 18 18 22 22 22 22 22 22 6 6 6 0 0 0 0 0 22 22 22 22 22 22 14 14 14 14 3 3 2 2 2 2 2 15 15 16 16 16 16 16 16 16 12 12 12 15 15 3 3 12 12 12 21 21 6 6 6 8 8 1 20 20 20 7 7 7 23 23 23 23 19 19 19 19 19 11 11 11 11 