68
100
2
5 5 5 5 5 5 5 8 8 8 8 8 8 8 11 11 11 11 12 12 12 12 12 12 12 12 12 12 12 13 15 16 16 16 16 16 16 16 16 16 16 16 16 16 16 16 19 19 19 19 19 23 23 23 23 23 23 25 25 25 25 27 27 27 27 27 27 27 27 27 27 27 27 27 27 27 27 27 27 33 33 33 33 33 33 33 35 35 35 35 35 38 38 38 38 38 38 38 38 40 40 40 40 40 40 44 44 44 44 44 44 44 44 44 44 44 44 44 44 45 45 45 45 45 45 45 45 45 45 45 45 45 45 45 46 46 46 46 46 46 46 46 46 46 46 46 46 46 52 52 52 54 54 56 56 56 56 56 56 56 57 57 57 57 57 57 58 58 58 58 58 58 59 59 59 59 59 59 61 61 61 61 61 61 61 61 64 64 64 64 64 64 64 65 69 69 69 69 69 69 
112 113 114 115 116 117 118 61 62 63 64 65 66 67 86 87 88 89 160 161 162 163 164 165 68 69 70 71 72 30 29 119 120 121 122 123 124 125 126 127 128 129 130 131 132 133 134 135 136 137 138 73 74 75 76 77 78 166 167 168 169 7 8 9 10 11 12 13 24 25 26 27 28 51 52 53 54 55 56 105 106 107 108 109 110 111 14 15 16 17 193 178 179 180 181 182 183 184 185 139 140 141 142 143 144 79 80 81 82 83 84 85 0 1 2 3 4 5 6 31 32 33 34 35 36 37 38 39 40 41 42 43 44 45 46 47 48 49 50 99 100 101 102 103 104 148 149 150 145 146 147 170 171 186 187 188 189 190 191 192 18 19 20 21 22 23 57 58 59 60 151 152 194 195 196 197 198 199 91 92 93 94 95 96 97 98 153 154 155 156 157 158 159 90 172 173 174 175 176 177 
524 524 524 524 524 524 524 352 352 352 352 352 352 352 915 915 915 915 993 993 993 993 993 993 423 423 423 423 423 966 966 480 480 480 480 480 480 480 480 480 480 480 480 480 480 480 848 848 848 848 848 235 235 235 235 235 235 296 296 296 296 352 352 352 352 352 352 352 423 423 423 423 423 235 235 235 235 235 235 308 308 308 308 308 308 308 915 915 915 915 494 606 606 606 606 606 606 606 606 487 487 487 487 487 487 308 308 308 308 308 308 308 524 524 524 524 524 524 524 480 480 480 480 480 480 480 480 480 480 480 480 480 480 480 848 848 848 848 848 487 487 487 487 487 487 931 931 931 931 931 931 787 787 545 545 545 545 545 545 545 993 993 993 993 993 993 296 296 296 296 787 787 691 691 691 691 691 691 606 606 606 606 606 606 606 606 545 545 545 545 545 545 545 494 691 691 691 691 691 691 
0 1 2 3 4 5 6 7 8 9 10 11 12 13 14 15 16 17 18 19 20 21 22 23 24 25 26 27 28 29 29 30 31 32 33 34 35 36 37 38 39 40 41 42 43 44 45 46 47 48 49 50 51 52 53 54 55 56 57 58 59 7 8 9 10 11 12 13 24 25 26 27 28 50 51 52 53 54 55 60 61 62 63 64 65 66 14 15 16 17 67 68 69 70 71 72 73 74 75 76 77 78 79 80 81 60 61 62 63 64 65 66 0 1 2 3 4 5 6 30 31 32 33 34 35 36 37 38 39 40 41 42 43 44 45 46 47 48 49 76 77 78 79 80 81 82 83 84 82 83 84 85 86 87 88 89 90 91 92 93 18 19 20 21 22 23 56 57 58 59 85 86 94 95 96 97 98 99 68 69 70 71 72 73 74 75 87 88 89 90 91 92 93 67 94 95 96 97 98 99 
55613
18
5 6 1 6 4 6 7 5 2 7 7 8 3 6 4 7 1 15 
19 40 13 59 25 12 8 12 54 33 5 38 46 23 11 56 35 16 
46 46 15 69 58 57 27 27 58 44 44 61 52 27 35 64 65 45 
848 487 966 691 296 993 352 423 787 308 524 606 931 235 915 545 494 480 
10 10 10 10 10 10 10 6 6 6 6 6 6 6 14 14 14 14 5 5 5 5 5 5 7 7 7 7 7 2 2 17 17 17 17 17 17 17 17 17 17 17 17 17 17 17 0 0 0 0 0 13 13 13 13 13 13 4 4 4 4 6 6 6 6 6 6 6 7 7 7 7 7 13 13 13 13 13 13 9 9 9 9 9 9 9 14 14 14 14 16 11 11 11 11 11 11 11 11 1 1 1 1 1 1 9 9 9 9 9 9 9 10 10 10 10 10 10 10 17 17 17 17 17 17 17 17 17 17 17 17 17 17 17 0 0 0 0 0 1 1 1 1 1 1 12 12 12 12 12 12 8 8 15 15 15 15 15 15 15 5 5 5 5 5 5 4 4 4 4 8 8 3 3 3 3 3 3 11 11 11 11 11 11 11 11 15 15 15 15 15 15 15 16 3 3 3 3 3 3 