51
100
2
4 5 5 5 5 11 11 12 12 12 12 15 15 15 15 15 15 15 15 15 15 17 19 19 19 19 19 19 19 19 19 19 19 19 19 19 23 23 23 23 23 23 23 24 24 24 24 24 24 24 24 24 24 24 24 26 26 27 27 27 27 27 29 29 29 29 30 30 30 30 32 32 32 33 37 37 37 37 39 39 39 39 39 39 39 40 40 40 41 41 41 41 42 42 42 42 42 42 42 42 42 44 44 44 44 44 45 45 45 45 45 45 45 49 50 50 50 50 50 50 50 50 50 50 50 50 52 52 52 53 53 53 53 53 53 53 53 53 53 53 53 56 56 56 56 56 56 56 56 56 56 56 57 57 57 57 57 57 57 57 58 58 58 58 58 59 59 59 59 59 59 59 61 61 61 61 61 61 61 63 63 63 63 63 63 63 65 65 65 65 65 65 67 68 68 68 68 68 68 68 
159 70 71 72 73 110 111 193 194 195 196 145 146 147 148 149 150 151 123 124 125 192 55 56 129 130 131 132 133 134 135 136 137 138 139 140 43 44 45 46 47 48 49 36 37 38 39 40 41 42 101 102 103 104 105 22 23 197 198 199 114 113 179 180 181 182 160 161 162 163 1 2 3 4 119 120 121 122 165 166 167 168 169 170 171 183 184 185 115 116 117 118 126 127 128 186 187 188 189 190 191 50 51 52 53 54 141 142 143 144 5 6 164 61 60 88 89 90 91 74 75 76 77 18 19 20 92 93 94 24 25 26 27 28 29 30 31 32 33 34 35 106 107 108 109 11 12 13 14 15 16 17 172 173 174 175 176 177 178 0 66 67 68 69 112 78 79 80 81 82 83 84 152 153 154 155 156 157 158 62 63 64 65 85 86 87 95 96 97 98 99 100 21 7 8 9 10 57 58 59 
408 530 530 530 884 979 979 656 656 656 656 536 536 536 536 536 536 536 468 468 468 792 260 260 466 466 466 466 466 466 466 466 466 466 466 466 501 501 501 501 501 501 501 501 501 501 501 501 501 501 513 513 513 513 513 260 260 487 487 487 702 180 368 368 368 368 346 346 346 346 530 530 530 884 502 502 502 502 337 337 337 337 337 337 337 864 864 864 312 312 312 312 591 591 591 395 395 395 395 395 395 513 513 513 513 513 757 757 757 757 979 979 473 180 702 312 312 312 312 502 502 502 502 468 468 468 591 591 591 466 466 466 466 466 466 466 466 466 466 466 466 757 757 757 757 536 536 536 536 536 536 536 513 513 513 513 513 513 513 408 346 346 346 346 473 337 337 337 337 337 337 337 513 513 513 513 513 513 513 368 368 368 368 864 864 864 395 395 395 395 395 395 792 656 656 656 656 487 487 487 
0 1 2 3 4 5 6 7 8 9 10 11 12 13 14 15 16 17 18 19 20 21 22 23 24 25 26 27 28 29 30 31 32 33 34 35 36 37 38 39 40 41 42 36 37 38 39 40 41 42 43 44 45 46 47 22 23 48 49 50 51 52 53 54 55 56 57 58 59 60 1 2 3 4 61 62 63 64 65 66 67 68 69 70 71 72 73 74 75 76 77 78 79 80 81 82 83 84 85 86 87 43 44 45 46 47 88 89 90 91 5 6 92 52 51 75 76 77 78 61 62 63 64 18 19 20 79 80 81 24 25 26 27 28 29 30 31 32 33 34 35 88 89 90 91 11 12 13 14 15 16 17 93 94 95 96 97 98 99 0 57 58 59 60 92 65 66 67 68 69 70 71 93 94 95 96 97 98 99 53 54 55 56 72 73 74 82 83 84 85 86 87 21 7 8 9 10 48 49 50 
50237
26
7 4 4 3 4 1 3 1 3 7 7 4 6 2 4 1 4 7 1 3 1 1 5 3 2 12 
57 29 12 42 45 4 27 27 5 15 23 30 42 11 41 5 37 39 45 15 17 27 24 40 19 19 
61 63 68 52 56 57 68 50 32 56 24 58 65 45 50 33 50 59 58 50 67 49 44 63 26 53 
513 368 656 591 757 408 487 702 530 536 501 346 395 979 312 884 502 337 473 468 792 180 513 864 260 466 
5 8 8 8 15 13 13 2 2 2 2 9 9 9 9 9 9 9 19 19 19 20 24 24 25 25 25 25 25 25 25 25 25 25 25 25 10 10 10 10 10 10 10 10 10 10 10 10 10 10 22 22 22 22 22 24 24 6 6 6 7 21 1 1 1 1 11 11 11 11 8 8 8 15 16 16 16 16 17 17 17 17 17 17 17 23 23 23 14 14 14 14 3 3 3 12 12 12 12 12 12 22 22 22 22 22 4 4 4 4 13 13 18 21 7 14 14 14 14 16 16 16 16 19 19 19 3 3 3 25 25 25 25 25 25 25 25 25 25 25 25 4 4 4 4 9 9 9 9 9 9 9 0 0 0 0 0 0 0 5 11 11 11 11 18 17 17 17 17 17 17 17 0 0 0 0 0 0 0 1 1 1 1 23 23 23 12 12 12 12 12 12 20 2 2 2 2 6 6 6 