123
100
2
2 2 2 2 2 3 5 5 5 8 8 8 8 8 8 8 8 10 10 10 10 12 12 12 12 12 12 12 12 12 12 12 13 13 13 13 16 16 16 16 16 18 18 18 18 18 18 18 18 19 19 19 19 19 19 19 21 21 21 27 27 27 27 28 28 28 28 28 28 28 28 28 28 28 28 28 28 28 28 29 30 30 33 33 33 33 34 34 34 34 35 35 35 35 35 35 35 35 35 35 35 35 35 35 35 35 36 40 40 40 40 40 42 42 42 43 43 45 45 45 46 46 47 47 47 47 47 48 48 48 48 48 48 50 53 53 53 53 55 55 55 55 55 55 58 58 58 58 61 61 61 62 62 62 62 62 62 63 63 63 63 63 63 63 63 63 63 63 63 63 65 65 65 65 65 66 66 66 67 67 67 67 67 67 69 69 69 69 69 70 70 70 70 70 70 70 70 70 70 70 
170 171 172 173 174 133 112 113 114 106 80 81 41 42 43 44 45 86 87 88 89 138 139 140 122 123 124 125 166 167 168 169 144 145 146 147 191 192 193 194 195 12 13 14 15 16 130 131 132 189 190 157 158 159 160 161 141 142 143 134 135 136 137 90 91 92 93 94 95 96 97 98 99 100 101 102 103 104 105 178 10 11 162 163 164 165 17 18 19 20 63 64 65 66 67 68 69 70 71 72 73 74 75 76 77 78 9 126 180 181 182 183 6 7 8 120 121 154 155 156 115 116 24 25 26 27 107 151 152 153 46 47 48 5 59 60 61 62 21 22 23 56 57 58 32 33 34 35 175 176 177 127 128 129 117 118 119 51 52 53 54 55 82 83 84 85 28 29 30 31 0 1 2 3 4 148 149 150 79 188 108 109 110 111 196 197 198 199 179 49 50 36 37 38 39 40 184 185 186 187 
740 740 740 740 740 456 298 298 298 555 890 890 946 946 946 946 946 230 230 230 230 858 858 858 758 758 758 758 200 200 200 200 310 310 310 310 265 265 265 265 265 946 946 946 946 946 836 836 836 213 213 330 330 330 330 330 902 902 902 859 859 859 859 519 519 519 519 519 519 519 519 519 519 519 519 519 519 519 519 549 890 890 743 743 743 743 230 230 230 230 519 519 519 519 519 519 519 519 519 519 519 519 519 519 519 519 555 276 634 634 634 634 298 298 298 686 686 805 805 805 686 686 758 758 758 758 276 287 287 287 836 836 836 456 859 859 859 859 858 858 858 902 902 902 310 310 310 310 479 479 479 287 287 287 805 805 805 330 330 330 330 330 743 743 743 743 200 200 200 200 740 740 740 740 740 479 479 479 549 811 634 634 634 634 834 834 834 834 811 213 213 265 265 265 265 265 834 834 834 834 
0 1 2 3 4 5 6 7 8 9 10 11 12 13 14 15 16 17 18 19 20 21 22 23 24 25 26 27 28 29 30 31 32 33 34 35 36 37 38 39 40 12 13 14 15 16 41 42 43 44 45 46 47 48 49 50 51 52 53 54 55 56 57 58 59 60 61 62 63 64 65 66 67 68 69 70 71 72 73 74 10 11 75 76 77 78 17 18 19 20 58 59 60 61 62 63 64 65 66 67 68 69 70 71 72 73 9 79 80 81 82 83 6 7 8 84 85 86 87 88 84 85 24 25 26 27 79 89 90 91 41 42 43 5 54 55 56 57 21 22 23 51 52 53 32 33 34 35 92 93 94 89 90 91 86 87 88 46 47 48 49 50 75 76 77 78 28 29 30 31 0 1 2 3 4 92 93 94 74 95 80 81 82 83 96 97 98 99 95 44 45 36 37 38 39 40 96 97 98 99 
57601
30
3 3 2 5 1 4 5 2 4 3 0 1 1 4 3 4 5 5 4 3 1 0 1 2 3 4 4 4 3 16 
48 12 19 16 8 13 19 8 12 61 14 29 40 10 5 69 8 2 33 21 67 7 3 43 18 27 12 40 45 28 
62 55 70 70 36 58 63 30 47 66 17 67 47 34 42 70 18 65 63 55 69 48 50 46 48 53 63 67 62 35 
287 858 213 265 555 310 330 890 758 479 323 549 276 230 298 834 946 740 743 902 811 925 456 686 836 859 200 634 805 519 
17 17 17 17 17 22 14 14 14 4 7 7 16 16 16 16 16 13 13 13 13 1 1 1 8 8 8 8 26 26 26 26 5 5 5 5 3 3 3 3 3 16 16 16 16 16 24 24 24 2 2 6 6 6 6 6 19 19 19 25 25 25 25 29 29 29 29 29 29 29 29 29 29 29 29 29 29 29 29 11 7 7 18 18 18 18 13 13 13 13 29 29 29 29 29 29 29 29 29 29 29 29 29 29 29 29 4 12 27 27 27 27 14 14 14 23 23 28 28 28 23 23 8 8 8 8 12 0 0 0 24 24 24 22 25 25 25 25 1 1 1 19 19 19 5 5 5 5 9 9 9 0 0 0 28 28 28 6 6 6 6 6 18 18 18 18 26 26 26 26 17 17 17 17 17 9 9 9 11 20 27 27 27 27 15 15 15 15 20 2 2 3 3 3 3 3 15 15 15 15 