185
100
2
3 3 3 4 4 4 4 5 5 5 5 6 6 6 6 6 6 6 7 7 7 7 8 8 8 8 8 8 8 9 9 9 9 9 9 14 14 14 15 15 15 15 15 15 15 15 15 15 19 19 19 19 22 22 22 22 23 23 23 23 23 23 23 25 25 25 32 32 32 32 32 32 32 32 32 32 32 32 32 32 32 32 32 32 32 32 33 33 35 35 35 35 38 38 38 39 39 41 41 43 43 44 44 44 47 47 47 47 47 47 47 47 47 47 47 47 47 47 47 47 47 47 48 48 48 48 48 48 48 48 48 48 48 51 51 51 51 53 53 53 53 53 53 53 53 53 53 53 53 53 53 53 53 55 55 55 55 55 55 55 56 58 58 58 58 59 59 59 59 59 59 59 59 59 62 62 62 62 65 65 65 65 65 68 68 68 68 68 68 68 68 68 68 68 68 68 70 70 70 70 
8 9 10 52 53 54 55 99 0 1 2 122 123 124 125 126 127 128 88 89 90 91 153 154 155 156 157 158 159 133 134 135 136 95 96 101 102 103 48 49 50 51 190 191 192 193 194 195 38 39 40 41 3 4 5 6 110 111 112 113 114 115 116 92 93 94 129 130 131 132 137 138 139 140 141 142 143 144 145 146 147 148 149 150 151 152 97 98 18 19 20 21 63 64 65 33 34 86 87 7 160 35 36 37 165 166 167 168 169 170 56 57 58 59 60 61 62 178 179 180 181 182 11 12 13 14 15 16 17 66 67 68 69 29 30 31 32 70 71 72 73 74 75 76 77 78 79 80 81 82 83 84 85 22 23 24 25 26 27 28 100 174 175 176 177 104 105 106 107 108 109 187 188 189 161 162 163 164 117 118 119 120 121 196 197 198 199 171 172 173 42 43 44 45 46 47 183 184 185 186 
999 999 999 256 256 256 256 824 999 999 999 582 582 582 582 582 582 582 569 569 569 569 413 413 413 413 413 413 413 254 254 254 254 322 322 312 312 312 588 588 588 588 659 659 659 659 659 659 588 588 588 588 256 256 256 256 780 780 780 780 780 780 780 643 643 643 477 477 477 477 962 962 962 962 962 962 962 962 962 962 962 962 962 962 962 962 503 503 569 569 569 569 643 643 643 322 322 503 503 824 436 312 312 312 521 521 521 521 521 521 780 780 780 780 780 780 780 651 651 651 651 651 582 582 582 582 582 582 582 477 477 477 477 254 254 254 254 962 962 962 962 962 962 962 962 962 962 962 962 962 962 962 962 413 413 413 413 413 413 413 436 748 748 748 748 521 521 521 521 521 521 553 553 553 748 748 748 748 651 651 651 651 651 231 231 231 231 553 553 553 659 659 659 659 659 659 231 231 231 231 
0 1 2 3 4 5 6 7 0 1 2 8 9 10 11 12 13 14 15 16 17 18 19 20 21 22 23 24 25 26 27 28 29 30 31 32 33 34 35 36 37 38 39 40 41 42 43 44 35 36 37 38 3 4 5 6 45 46 47 48 49 50 51 52 53 54 55 56 57 58 59 60 61 62 63 64 65 66 67 68 69 70 71 72 73 74 75 76 15 16 17 18 52 53 54 30 31 75 76 7 77 32 33 34 78 79 80 81 82 83 45 46 47 48 49 50 51 84 85 86 87 88 8 9 10 11 12 13 14 55 56 57 58 26 27 28 29 59 60 61 62 63 64 65 66 67 68 69 70 71 72 73 74 19 20 21 22 23 24 25 77 89 90 91 92 78 79 80 81 82 83 93 94 95 89 90 91 92 84 85 86 87 88 96 97 98 99 93 94 95 39 40 41 42 43 44 96 97 98 99 
61075
22
7 4 7 4 4 6 4 4 2 3 2 1 4 7 3 5 6 4 3 1 3 16 
8 15 6 58 68 47 7 9 33 59 9 5 4 23 25 47 15 32 3 43 14 32 
55 19 48 62 70 59 35 51 41 68 39 43 22 47 38 65 68 48 5 56 44 53 
413 588 582 748 231 521 569 254 503 553 322 824 256 780 643 651 659 477 999 436 312 962 
18 18 18 12 12 12 12 11 18 18 18 2 2 2 2 2 2 2 6 6 6 6 0 0 0 0 0 0 0 7 7 7 7 10 10 20 20 20 1 1 1 1 16 16 16 16 16 16 1 1 1 1 12 12 12 12 13 13 13 13 13 13 13 14 14 14 17 17 17 17 21 21 21 21 21 21 21 21 21 21 21 21 21 21 21 21 8 8 6 6 6 6 14 14 14 10 10 8 8 11 19 20 20 20 5 5 5 5 5 5 13 13 13 13 13 13 13 15 15 15 15 15 2 2 2 2 2 2 2 17 17 17 17 7 7 7 7 21 21 21 21 21 21 21 21 21 21 21 21 21 21 21 21 0 0 0 0 0 0 0 19 3 3 3 3 5 5 5 5 5 5 9 9 9 3 3 3 3 15 15 15 15 15 4 4 4 4 9 9 9 16 16 16 16 16 16 4 4 4 4 