476
100
2
1 1 5 5 8 8 8 8 9 9 9 9 13 13 13 13 13 13 13 13 13 14 14 14 16 16 16 17 18 18 18 18 18 20 20 20 20 23 23 23 23 23 23 23 23 23 23 23 23 23 23 23 23 23 23 23 23 23 23 23 24 24 24 24 25 25 25 25 27 27 27 28 29 30 30 30 30 33 33 33 33 33 33 33 33 37 37 37 39 39 39 40 40 40 40 40 40 40 40 40 40 40 41 41 41 41 41 41 41 41 41 41 41 41 41 41 41 41 41 43 43 43 43 43 43 43 43 43 43 43 43 44 44 45 45 45 49 50 50 52 52 52 55 55 55 55 55 55 57 57 57 57 57 57 57 57 57 57 58 58 58 58 58 58 58 58 58 58 58 58 60 60 60 63 65 65 65 65 65 65 65 67 68 68 69 69 69 69 70 70 70 70 70 70 70 70 70 70 70 70 
2 3 0 1 17 18 19 20 166 167 168 169 122 123 124 125 126 4 5 6 7 24 25 26 21 22 23 137 190 191 192 193 194 195 196 197 198 152 153 154 155 156 157 102 103 104 105 106 107 108 109 110 111 112 113 114 115 116 117 118 127 128 129 130 98 99 100 101 119 120 121 72 71 177 178 179 180 131 132 142 143 144 133 134 135 170 171 172 145 146 147 184 185 186 187 139 140 141 64 65 66 67 43 44 45 46 47 48 49 50 51 52 53 54 55 56 57 58 59 68 69 70 12 13 14 15 16 60 61 62 63 77 78 82 83 84 181 27 199 95 96 97 79 80 81 88 89 90 174 175 176 173 37 38 39 40 41 42 159 158 161 160 163 162 165 164 8 9 10 11 85 86 87 151 148 149 150 73 74 75 76 136 188 189 91 92 93 94 182 183 28 29 30 31 32 33 34 35 36 138 
875 875 875 875 985 985 985 985 905 905 905 905 320 320 320 320 320 985 985 985 985 843 843 843 843 843 843 906 418 418 418 418 418 402 402 402 402 235 235 235 235 235 235 593 593 593 593 593 593 593 593 593 593 593 593 593 593 593 593 593 497 497 497 497 257 257 257 257 544 544 544 235 235 932 932 932 932 352 352 683 683 683 624 624 624 245 245 245 231 231 231 787 787 787 787 782 782 782 257 257 257 257 593 593 593 593 593 593 593 593 593 593 593 593 593 593 593 593 593 544 544 544 320 320 320 320 320 497 497 497 497 352 352 624 624 624 729 906 368 782 782 782 683 683 683 231 231 231 740 740 740 187 235 235 235 235 235 235 430 430 430 430 430 430 430 430 905 905 905 905 245 245 245 187 740 740 740 932 932 932 932 729 875 875 787 787 787 787 875 875 418 418 418 418 418 402 402 402 402 368 
0 1 0 1 2 3 4 5 6 7 8 9 10 11 12 13 14 2 3 4 5 15 16 17 15 16 17 18 19 20 21 22 23 24 25 26 27 28 29 30 31 32 33 34 35 36 37 38 39 40 41 42 43 44 45 46 47 48 49 50 51 52 53 54 55 56 57 58 59 60 61 62 62 63 64 65 66 67 68 69 70 71 72 73 74 75 76 77 78 79 80 81 82 83 84 85 86 87 55 56 57 58 34 35 36 37 38 39 40 41 42 43 44 45 46 47 48 49 50 59 60 61 10 11 12 13 14 51 52 53 54 67 68 72 73 74 88 18 89 85 86 87 69 70 71 78 79 80 90 91 92 93 28 29 30 31 32 33 94 94 95 95 96 96 97 97 6 7 8 9 75 76 77 93 90 91 92 63 64 65 66 88 98 99 81 82 83 84 98 99 19 20 21 22 23 24 25 26 27 89 
56666
28
2 1 4 1 3 3 3 1 4 1 3 4 2 6 2 5 3 4 1 3 5 4 4 4 4 3 3 17 
33 49 40 17 33 40 57 28 30 57 33 58 1 23 68 18 27 20 50 14 13 24 25 8 9 37 39 23 
44 67 69 50 55 52 65 29 65 63 45 58 5 57 70 70 43 70 70 16 43 43 40 13 58 60 55 41 
352 729 787 906 683 782 740 235 932 187 624 430 875 235 875 418 544 402 368 843 320 497 257 985 905 245 231 593 
12 12 12 12 23 23 23 23 24 24 24 24 20 20 20 20 20 23 23 23 23 19 19 19 19 19 19 3 15 15 15 15 15 17 17 17 17 13 13 13 13 13 13 27 27 27 27 27 27 27 27 27 27 27 27 27 27 27 27 27 21 21 21 21 22 22 22 22 16 16 16 7 7 8 8 8 8 0 0 4 4 4 10 10 10 25 25 25 26 26 26 2 2 2 2 5 5 5 22 22 22 22 27 27 27 27 27 27 27 27 27 27 27 27 27 27 27 27 27 16 16 16 20 20 20 20 20 21 21 21 21 0 0 10 10 10 1 3 18 5 5 5 4 4 4 26 26 26 6 6 6 9 13 13 13 13 13 13 11 11 11 11 11 11 11 11 24 24 24 24 25 25 25 9 6 6 6 8 8 8 8 1 14 14 2 2 2 2 14 14 15 15 15 15 15 17 17 17 17 18 