358
100
2
2 4 4 4 5 5 5 5 5 5 5 8 8 8 8 8 8 8 8 8 8 8 8 10 10 10 10 10 10 10 10 10 10 10 10 11 11 11 11 11 13 13 13 13 13 13 13 18 18 18 18 18 19 19 19 22 22 22 22 22 22 25 25 25 25 25 25 25 25 26 26 26 27 27 27 27 27 27 27 31 31 32 32 33 33 33 33 33 33 33 34 34 34 35 35 35 35 35 35 35 35 36 39 39 39 39 39 39 39 39 39 39 39 39 43 43 43 43 43 43 43 43 43 43 43 43 43 43 45 45 45 45 45 45 45 45 45 45 46 48 48 51 52 52 52 52 52 52 53 53 53 54 54 56 56 56 56 56 56 56 56 59 59 59 60 60 60 60 60 60 61 61 61 61 61 61 64 64 64 64 64 64 67 67 67 67 67 67 67 68 68 68 69 69 69 69 69 69 69 69 
101 52 53 54 121 122 123 124 125 126 127 142 143 144 145 146 147 170 171 172 173 174 175 102 103 104 105 106 107 108 109 110 111 112 113 47 48 49 50 51 182 183 184 185 186 187 188 35 36 37 38 39 1 2 3 164 165 166 167 168 169 153 154 155 156 157 158 159 160 161 162 163 114 115 116 117 118 119 120 81 82 79 80 189 190 191 134 135 136 137 148 149 150 192 193 194 195 196 197 198 199 0 23 24 25 26 27 28 29 30 31 32 33 34 72 73 74 75 76 77 78 4 5 6 7 8 9 10 176 177 178 179 180 181 86 87 88 89 141 151 152 138 11 12 13 14 15 16 90 91 92 139 140 61 62 63 64 65 66 67 68 69 70 71 55 56 57 58 59 60 17 18 19 20 21 22 128 129 130 131 132 133 40 41 42 43 44 45 46 83 84 85 93 94 95 96 97 98 99 100 
895 893 893 893 809 809 809 809 809 809 809 530 530 530 530 530 530 863 863 863 863 863 863 975 975 975 975 975 975 975 975 975 975 975 975 416 416 416 416 416 421 421 421 421 421 421 421 416 416 416 416 416 893 893 893 526 526 526 526 526 526 891 891 891 891 891 891 891 891 728 728 728 156 156 156 156 156 156 156 660 660 660 660 599 599 599 803 803 803 803 488 488 488 756 756 756 756 756 756 756 756 895 975 975 975 975 975 975 975 975 975 975 975 975 156 156 156 156 156 156 156 809 809 809 809 809 809 809 588 588 588 588 588 588 803 803 803 803 321 271 271 321 530 530 530 530 530 530 488 488 488 271 271 891 891 891 891 891 891 891 891 728 728 728 526 526 526 526 526 526 863 863 863 863 863 863 588 588 588 588 588 588 421 421 421 421 421 421 421 599 599 599 756 756 756 756 756 756 756 756 
0 1 2 3 4 5 6 7 8 9 10 11 12 13 14 15 16 17 18 19 20 21 22 23 24 25 26 27 28 29 30 31 32 33 34 35 36 37 38 39 40 41 42 43 44 45 46 35 36 37 38 39 1 2 3 47 48 49 50 51 52 53 54 55 56 57 58 59 60 61 62 63 64 65 66 67 68 69 70 71 72 71 72 73 74 75 76 77 78 79 80 81 82 83 84 85 86 87 88 89 90 0 23 24 25 26 27 28 29 30 31 32 33 34 64 65 66 67 68 69 70 4 5 6 7 8 9 10 91 92 93 94 95 96 76 77 78 79 97 98 99 97 11 12 13 14 15 16 80 81 82 98 99 53 54 55 56 57 58 59 60 61 62 63 47 48 49 50 51 52 17 18 19 20 21 22 91 92 93 94 95 96 40 41 42 43 44 45 46 73 74 75 83 84 85 86 87 88 89 90 
66114
20
6 7 8 8 3 3 1 6 6 5 3 7 6 1 7 3 2 2 4 12 
8 13 25 35 4 26 2 45 22 11 33 27 8 46 5 34 31 48 33 10 
52 67 56 69 19 59 36 64 60 18 68 43 61 51 43 53 32 54 45 39 
530 421 891 756 893 728 895 588 526 416 599 156 863 321 809 488 660 271 803 975 
6 4 4 4 14 14 14 14 14 14 14 0 0 0 0 0 0 12 12 12 12 12 12 19 19 19 19 19 19 19 19 19 19 19 19 9 9 9 9 9 1 1 1 1 1 1 1 9 9 9 9 9 4 4 4 8 8 8 8 8 8 2 2 2 2 2 2 2 2 5 5 5 11 11 11 11 11 11 11 16 16 16 16 10 10 10 18 18 18 18 15 15 15 3 3 3 3 3 3 3 3 6 19 19 19 19 19 19 19 19 19 19 19 19 11 11 11 11 11 11 11 14 14 14 14 14 14 14 7 7 7 7 7 7 18 18 18 18 13 17 17 13 0 0 0 0 0 0 15 15 15 17 17 2 2 2 2 2 2 2 2 5 5 5 8 8 8 8 8 8 12 12 12 12 12 12 7 7 7 7 7 7 1 1 1 1 1 1 1 10 10 10 3 3 3 3 3 3 3 3 