673
100
2
1 3 3 3 3 3 3 3 3 3 3 3 3 5 5 7 7 7 7 7 9 9 10 10 10 10 10 10 10 13 13 13 13 14 14 14 14 14 14 14 14 16 16 16 16 17 17 17 17 17 17 17 17 17 19 19 22 22 22 22 22 22 23 23 23 27 27 27 27 27 27 27 27 27 29 29 29 29 29 29 29 29 31 31 31 31 31 31 31 31 31 31 31 31 31 31 31 32 32 32 37 37 39 39 39 40 40 40 40 40 44 44 44 44 44 44 44 46 46 50 50 50 51 51 51 51 51 51 51 51 51 51 51 51 51 51 51 52 52 52 52 52 52 56 56 56 56 56 56 56 56 56 56 56 56 56 56 56 56 56 56 56 56 56 56 56 56 56 56 63 63 63 63 63 63 63 63 65 65 65 65 65 65 65 65 69 69 69 69 69 69 69 69 69 69 69 69 69 69 69 
185 137 138 139 140 141 142 35 36 37 38 39 40 33 34 69 70 71 72 73 143 144 186 187 188 189 190 191 192 65 66 67 68 13 14 7 8 9 10 11 12 50 51 52 53 105 106 107 108 109 41 42 43 44 117 118 179 180 181 182 183 184 119 120 121 29 30 31 32 15 16 17 18 19 169 170 171 172 173 174 175 176 122 123 124 125 126 127 128 129 130 131 132 133 134 135 136 102 103 104 177 178 97 98 99 45 46 47 48 49 193 194 195 196 197 198 199 54 55 62 63 64 82 83 84 85 86 87 88 89 90 91 92 93 94 95 96 1 2 3 4 5 6 20 21 146 145 148 147 150 149 152 151 154 153 156 155 158 157 160 159 162 161 164 163 166 165 168 167 74 75 76 77 78 79 80 81 100 101 56 57 58 59 60 61 0 22 23 24 25 26 27 28 110 111 112 113 114 115 116 
327 611 611 611 611 611 611 694 694 694 694 694 694 475 475 787 787 787 787 787 810 810 718 718 718 718 718 718 718 448 448 448 448 475 475 694 694 694 694 694 694 695 695 695 695 280 280 280 280 280 695 695 695 695 480 480 630 630 630 630 630 630 510 510 510 448 448 448 448 787 787 787 787 787 205 205 205 205 205 205 205 205 747 747 747 747 747 747 747 747 202 202 202 202 202 202 202 210 210 210 673 673 210 210 210 280 280 280 280 280 154 154 154 154 154 154 154 480 480 510 510 510 747 747 747 747 747 747 747 747 202 202 202 202 202 202 202 611 611 611 611 611 611 810 810 574 574 574 574 574 574 574 574 574 574 574 574 574 574 574 574 574 574 574 574 574 574 574 574 205 205 205 205 205 205 205 205 673 673 630 630 630 630 630 630 327 718 718 718 718 718 718 718 154 154 154 154 154 154 154 
0 1 2 3 4 5 6 7 8 9 10 11 12 13 14 15 16 17 18 19 20 21 22 23 24 25 26 27 28 29 30 31 32 13 14 7 8 9 10 11 12 33 34 35 36 37 38 39 40 41 33 34 35 36 42 43 44 45 46 47 48 49 50 51 52 29 30 31 32 15 16 17 18 19 53 54 55 56 57 58 59 60 61 62 63 64 65 66 67 68 69 70 71 72 73 74 75 76 77 78 79 80 76 77 78 37 38 39 40 41 81 82 83 84 85 86 87 42 43 50 51 52 61 62 63 64 65 66 67 68 69 70 71 72 73 74 75 1 2 3 4 5 6 20 21 88 88 89 89 90 90 91 91 92 92 93 93 94 94 95 95 96 96 97 97 98 98 99 99 53 54 55 56 57 58 59 60 79 80 44 45 46 47 48 49 0 22 23 24 25 26 27 28 81 82 83 84 85 86 87 
50902
20
8 5 3 2 1 2 8 4 6 2 7 7 7 4 5 2 3 6 6 12 
29 17 23 37 1 5 31 13 3 19 31 10 44 16 7 9 32 22 3 56 
63 40 50 65 69 14 51 27 52 46 51 69 69 17 27 56 39 65 14 56 
205 280 510 673 327 475 747 448 611 480 202 718 154 695 787 810 210 630 694 574 
4 8 8 8 8 8 8 18 18 18 18 18 18 5 5 14 14 14 14 14 15 15 11 11 11 11 11 11 11 7 7 7 7 5 5 18 18 18 18 18 18 13 13 13 13 1 1 1 1 1 13 13 13 13 9 9 17 17 17 17 17 17 2 2 2 7 7 7 7 14 14 14 14 14 0 0 0 0 0 0 0 0 6 6 6 6 6 6 6 6 10 10 10 10 10 10 10 16 16 16 3 3 16 16 16 1 1 1 1 1 12 12 12 12 12 12 12 9 9 2 2 2 6 6 6 6 6 6 6 6 10 10 10 10 10 10 10 8 8 8 8 8 8 15 15 19 19 19 19 19 19 19 19 19 19 19 19 19 19 19 19 19 19 19 19 19 19 19 19 0 0 0 0 0 0 0 0 3 3 17 17 17 17 17 17 4 11 11 11 11 11 11 11 12 12 12 12 12 12 12 