187
100
2
1 1 1 1 1 2 2 2 2 2 2 2 4 4 4 4 5 5 5 5 5 5 5 5 5 6 6 6 6 6 7 7 7 7 7 7 8 8 10 10 10 10 10 12 12 12 12 12 14 14 14 14 14 14 14 14 14 19 20 20 20 20 20 20 20 20 21 21 21 24 24 24 24 27 27 27 27 27 30 30 30 30 30 31 31 32 32 32 34 34 34 34 36 36 37 37 37 38 38 38 38 38 38 38 40 40 41 43 43 43 43 43 43 45 45 45 45 45 46 46 48 48 48 48 48 48 48 48 49 49 49 49 50 50 50 51 51 51 54 54 54 54 54 54 54 54 54 54 54 54 54 54 54 54 54 58 58 58 58 58 58 58 58 58 60 60 60 60 60 60 60 60 60 60 60 60 60 60 60 60 60 61 64 64 64 65 65 65 65 65 65 65 67 67 68 69 69 70 70 70 
61 62 63 64 65 155 156 157 158 58 59 60 99 100 101 102 73 74 75 76 77 131 45 46 47 123 124 125 126 127 107 108 109 110 111 112 192 193 187 188 189 190 191 195 196 22 23 24 184 78 79 80 159 160 161 162 163 103 9 10 11 0 1 2 3 4 94 95 96 185 186 182 183 16 17 18 19 20 49 50 51 83 84 81 82 197 198 199 113 114 115 116 118 119 66 67 68 104 105 12 13 14 15 57 97 98 194 30 31 32 33 34 35 88 89 90 91 181 92 93 128 129 130 25 26 27 28 29 120 121 122 21 135 136 137 132 133 134 164 165 166 167 168 169 170 171 172 173 174 175 176 177 178 179 180 5 6 7 8 52 53 54 55 56 138 139 140 141 142 143 144 145 146 147 148 149 150 151 152 153 154 117 71 72 48 69 70 38 39 40 41 42 36 37 106 43 44 85 86 87 
395 395 395 395 395 402 402 402 402 645 645 645 501 501 501 501 529 529 529 529 529 932 799 799 799 193 193 193 193 193 630 630 630 630 630 630 707 707 882 882 882 882 882 678 678 799 799 799 268 312 312 312 878 878 878 878 878 349 645 645 645 395 395 395 395 395 723 723 723 838 838 553 553 529 529 529 529 529 312 312 312 632 632 632 632 201 201 201 545 545 545 545 368 368 723 723 723 774 774 501 501 501 501 349 774 774 833 630 630 630 630 630 630 545 545 545 545 482 368 368 704 704 704 193 193 193 193 193 704 704 704 932 745 745 745 745 745 745 376 376 376 376 376 376 376 376 376 376 376 376 376 376 376 376 376 402 402 402 402 878 878 878 878 878 376 376 376 376 376 376 376 376 376 376 376 376 376 376 376 376 376 482 553 553 268 838 838 882 882 882 882 882 707 707 833 678 678 201 201 201 
0 1 2 3 4 5 6 7 8 9 10 11 12 13 14 15 16 17 18 19 20 21 22 23 24 25 26 27 28 29 30 31 32 33 34 35 36 37 38 39 40 41 42 43 44 22 23 24 45 46 47 48 49 50 51 52 53 54 9 10 11 0 1 2 3 4 55 56 57 58 59 60 61 16 17 18 19 20 46 47 48 62 63 62 63 64 65 66 67 68 69 70 71 72 55 56 57 73 74 12 13 14 15 54 73 74 75 30 31 32 33 34 35 67 68 69 70 76 71 72 77 78 79 25 26 27 28 29 77 78 79 21 80 81 82 80 81 82 83 84 85 86 87 88 89 90 91 92 93 94 95 96 97 98 99 5 6 7 8 49 50 51 52 53 83 84 85 86 87 88 89 90 91 92 93 94 95 96 97 98 99 76 60 61 45 58 59 38 39 40 41 42 36 37 75 43 44 64 65 66 
54700
29
4 4 3 1 5 1 2 3 5 2 1 3 3 2 3 2 6 3 4 5 2 2 5 5 1 3 1 2 17 
2 34 50 45 5 41 24 48 10 24 14 32 14 12 21 38 7 2 4 6 36 8 14 1 5 5 19 30 54 
58 45 51 61 27 68 65 49 65 64 64 70 30 69 37 40 43 20 38 48 46 67 58 20 49 12 38 31 60 
402 545 745 482 529 833 838 704 882 553 268 201 312 678 723 774 630 645 501 193 368 707 878 395 932 799 349 632 376 
23 23 23 23 23 0 0 0 0 17 17 17 18 18 18 18 4 4 4 4 4 24 25 25 25 19 19 19 19 19 16 16 16 16 16 16 21 21 8 8 8 8 8 13 13 25 25 25 10 12 12 12 22 22 22 22 22 26 17 17 17 23 23 23 23 23 14 14 14 6 6 9 9 4 4 4 4 4 12 12 12 27 27 27 27 11 11 11 1 1 1 1 20 20 14 14 14 15 15 18 18 18 18 26 15 15 5 16 16 16 16 16 16 1 1 1 1 3 20 20 7 7 7 19 19 19 19 19 7 7 7 24 2 2 2 2 2 2 28 28 28 28 28 28 28 28 28 28 28 28 28 28 28 28 28 0 0 0 0 22 22 22 22 22 28 28 28 28 28 28 28 28 28 28 28 28 28 28 28 28 28 3 9 9 10 6 6 8 8 8 8 8 21 21 5 13 13 11 11 11 