551
100
2
4 4 6 6 6 6 6 6 6 6 6 6 6 6 6 6 6 10 10 10 10 12 12 12 12 12 12 13 15 15 15 15 15 15 15 16 16 16 16 16 16 16 16 16 16 16 16 16 16 16 16 16 16 16 16 17 17 17 17 17 17 17 17 17 17 17 17 21 21 21 23 28 28 29 29 29 29 29 29 29 34 34 34 34 34 34 34 34 34 34 34 35 35 35 35 35 35 36 36 36 36 36 37 37 37 37 37 37 37 37 37 37 37 37 37 37 37 37 37 37 38 38 38 38 39 40 40 40 40 40 40 42 42 42 42 42 42 42 44 44 44 44 44 44 44 44 44 44 44 48 48 55 55 55 55 55 55 56 56 56 56 59 60 60 60 60 60 60 60 61 61 61 61 61 61 61 63 63 63 63 63 63 66 66 66 66 66 67 67 67 67 67 67 70 70 70 70 70 70 70 
71 72 40 41 42 43 44 45 46 47 48 49 50 51 52 53 54 120 121 122 123 161 86 87 88 89 90 124 73 74 75 76 77 78 79 182 183 184 185 186 2 3 4 5 6 7 8 9 10 11 12 13 14 15 16 187 188 189 190 191 192 80 81 82 83 84 85 157 158 159 160 0 1 28 29 30 31 32 33 34 61 62 63 64 65 66 22 23 24 25 26 151 152 153 154 155 156 108 109 110 111 112 138 139 140 141 142 143 97 98 99 100 101 162 163 164 165 166 167 168 17 18 19 20 27 176 177 178 179 180 181 169 170 171 172 173 174 175 102 103 104 105 106 107 193 194 195 196 197 198 199 91 92 93 94 95 96 67 68 69 70 21 113 114 115 116 117 118 119 131 132 133 134 135 136 137 125 126 127 128 129 130 35 36 37 38 39 55 56 57 58 59 60 144 145 146 147 148 149 150 
454 454 387 387 387 387 387 387 387 387 387 387 387 387 387 387 387 618 618 618 618 372 456 456 456 456 456 958 302 302 302 302 302 302 302 168 168 168 168 168 387 387 387 387 387 387 387 387 387 387 387 387 387 387 387 768 768 768 768 768 768 828 828 828 828 828 828 967 967 967 661 454 454 302 302 302 302 302 302 302 828 828 828 828 828 828 456 456 456 456 456 194 194 194 194 194 194 345 345 345 345 345 496 496 496 496 496 496 345 345 345 345 345 673 673 673 673 673 673 673 618 618 618 618 958 548 548 548 548 548 548 647 647 647 647 647 647 647 496 496 496 496 496 496 593 593 593 593 593 450 450 194 194 194 194 194 194 967 967 967 661 372 673 673 673 673 673 673 673 647 647 647 647 647 647 647 548 548 548 548 548 548 168 168 168 168 168 768 768 768 768 768 768 593 593 593 593 593 450 450 
0 1 2 3 4 5 6 7 8 9 10 11 12 13 14 15 16 17 18 19 20 21 22 23 24 25 26 27 28 29 30 31 32 33 34 35 36 37 38 39 2 3 4 5 6 7 8 9 10 11 12 13 14 15 16 40 41 42 43 44 45 46 47 48 49 50 51 52 53 54 55 0 1 28 29 30 31 32 33 34 46 47 48 49 50 51 22 23 24 25 26 56 57 58 59 60 61 62 63 64 65 66 67 68 69 70 71 72 62 63 64 65 66 73 74 75 76 77 78 79 17 18 19 20 27 80 81 82 83 84 85 86 87 88 89 90 91 92 67 68 69 70 71 72 93 94 95 96 97 98 99 56 57 58 59 60 61 52 53 54 55 21 73 74 75 76 77 78 79 86 87 88 89 90 91 92 80 81 82 83 84 85 35 36 37 38 39 40 41 42 43 44 45 93 94 95 96 97 98 99 
51145
20
7 1 6 6 4 5 6 7 5 6 5 3 2 6 1 2 5 7 1 15 
42 12 37 17 10 44 35 15 36 40 16 21 4 17 13 48 12 37 23 6 
61 59 44 67 38 70 55 29 37 63 66 56 28 34 39 70 34 60 56 16 
647 372 496 768 618 593 194 302 345 548 168 967 454 828 958 450 456 673 661 387 
12 12 19 19 19 19 19 19 19 19 19 19 19 19 19 19 19 4 4 4 4 1 16 16 16 16 16 14 7 7 7 7 7 7 7 10 10 10 10 10 19 19 19 19 19 19 19 19 19 19 19 19 19 19 19 3 3 3 3 3 3 13 13 13 13 13 13 11 11 11 18 12 12 7 7 7 7 7 7 7 13 13 13 13 13 13 16 16 16 16 16 6 6 6 6 6 6 8 8 8 8 8 2 2 2 2 2 2 8 8 8 8 8 17 17 17 17 17 17 17 4 4 4 4 14 9 9 9 9 9 9 0 0 0 0 0 0 0 2 2 2 2 2 2 5 5 5 5 5 15 15 6 6 6 6 6 6 11 11 11 18 1 17 17 17 17 17 17 17 0 0 0 0 0 0 0 9 9 9 9 9 9 10 10 10 10 10 3 3 3 3 3 3 5 5 5 5 5 15 15 