742
100
2
3 3 3 3 3 3 3 3 3 5 5 5 5 5 5 5 5 8 8 8 8 8 8 8 8 8 10 10 10 10 10 10 10 14 14 14 14 14 14 14 14 14 14 14 14 14 14 14 14 14 20 20 20 20 20 20 20 20 20 20 20 20 20 20 20 20 20 20 20 20 20 20 21 21 21 21 21 21 21 21 21 21 21 21 21 21 21 22 22 22 27 27 27 27 27 27 27 27 27 29 29 29 29 29 29 29 29 29 30 30 30 30 30 30 30 30 30 30 36 36 36 36 37 37 37 37 37 37 37 37 39 39 39 39 39 39 39 39 44 44 44 44 44 44 44 44 45 45 45 45 45 45 45 46 46 46 46 46 46 46 46 46 48 48 48 48 48 48 48 48 48 48 53 53 53 53 53 53 53 53 53 53 53 56 56 56 56 56 56 56 56 56 62 62 62 63 63 63 63 63 
183 184 185 186 187 188 189 190 191 138 139 140 141 142 143 144 145 50 51 52 53 54 55 56 57 58 72 73 74 75 76 77 78 79 80 81 82 83 84 85 86 153 154 155 156 157 158 159 160 161 17 18 19 20 21 22 23 24 25 195 196 197 198 199 175 176 177 178 179 180 181 182 26 27 28 29 30 31 32 33 34 35 36 37 38 39 40 172 173 174 99 100 101 102 103 104 105 106 107 90 91 92 93 94 95 96 97 98 162 163 164 165 166 167 168 169 170 171 146 147 148 149 130 131 132 133 134 135 136 137 122 123 124 125 126 127 128 129 9 10 11 12 13 14 15 16 118 119 120 121 192 193 194 41 42 43 44 45 46 47 48 49 108 109 110 111 112 113 114 115 116 117 87 88 89 64 65 66 67 68 69 70 71 0 1 2 3 4 5 6 7 8 150 151 152 59 60 61 62 63 
150 150 150 150 150 150 150 150 150 518 518 518 518 518 518 518 518 201 201 201 201 201 201 201 201 201 927 927 927 927 927 927 927 579 579 579 579 579 579 579 579 479 479 479 479 479 479 479 479 479 201 201 201 201 201 201 201 201 201 596 596 596 596 596 388 388 388 388 388 388 388 388 927 927 927 927 927 927 927 579 579 579 579 579 579 579 579 264 264 264 264 264 264 264 264 264 264 264 264 264 264 264 264 264 264 264 264 264 351 351 351 351 351 351 351 351 351 351 608 608 608 608 439 439 439 439 439 439 439 439 439 439 439 439 439 439 439 439 518 518 518 518 518 518 518 518 608 608 608 608 661 661 661 479 479 479 479 479 479 479 479 479 351 351 351 351 351 351 351 351 351 351 264 264 264 388 388 388 388 388 388 388 388 150 150 150 150 150 150 150 150 150 661 661 661 596 596 596 596 596 
0 1 2 3 4 5 6 7 8 9 10 11 12 13 14 15 16 17 18 19 20 21 22 23 24 25 26 27 28 29 30 31 32 33 34 35 36 37 38 39 40 41 42 43 44 45 46 47 48 49 17 18 19 20 21 22 23 24 25 50 51 52 53 54 55 56 57 58 59 60 61 62 26 27 28 29 30 31 32 33 34 35 36 37 38 39 40 63 64 65 66 67 68 69 70 71 72 73 74 66 67 68 69 70 71 72 73 74 75 76 77 78 79 80 81 82 83 84 85 86 87 88 89 90 91 92 93 94 95 96 89 90 91 92 93 94 95 96 9 10 11 12 13 14 15 16 85 86 87 88 97 98 99 41 42 43 44 45 46 47 48 49 75 76 77 78 79 80 81 82 83 84 63 64 65 55 56 57 58 59 60 61 62 0 1 2 3 4 5 6 7 8 97 98 99 50 51 52 53 54 
43424
14
7 3 10 9 4 8 8 3 8 9 9 5 8 9 
10 22 30 27 36 14 37 45 5 8 3 20 20 14 
21 53 48 29 45 21 39 62 44 20 56 63 53 46 
927 264 351 264 608 579 439 661 518 201 150 596 388 479 
10 10 10 10 10 10 10 10 10 8 8 8 8 8 8 8 8 9 9 9 9 9 9 9 9 9 0 0 0 0 0 0 0 5 5 5 5 5 5 5 5 13 13 13 13 13 13 13 13 13 9 9 9 9 9 9 9 9 9 11 11 11 11 11 12 12 12 12 12 12 12 12 0 0 0 0 0 0 0 5 5 5 5 5 5 5 5 1 1 1 3 3 3 3 3 3 3 3 3 3 3 3 3 3 3 3 3 3 2 2 2 2 2 2 2 2 2 2 4 4 4 4 6 6 6 6 6 6 6 6 6 6 6 6 6 6 6 6 8 8 8 8 8 8 8 8 4 4 4 4 7 7 7 13 13 13 13 13 13 13 13 13 2 2 2 2 2 2 2 2 2 2 1 1 1 12 12 12 12 12 12 12 12 10 10 10 10 10 10 10 10 10 7 7 7 11 11 11 11 11 