836
100
2
1 1 1 1 1 1 2 2 2 2 2 3 3 3 4 4 4 4 6 6 7 7 8 8 11 11 11 11 12 15 15 15 15 15 15 15 15 16 16 16 16 16 17 18 18 18 18 18 18 20 20 20 20 20 21 21 21 23 23 23 25 25 25 25 25 25 25 27 27 27 27 29 29 29 29 29 29 29 29 29 29 29 29 29 29 29 29 29 31 31 31 31 32 32 32 32 36 36 36 37 37 37 37 39 39 39 39 39 42 42 42 42 42 42 44 44 44 44 44 44 44 46 46 46 47 47 47 48 48 48 48 48 48 48 48 48 48 50 50 50 50 52 52 52 52 52 52 52 52 52 52 52 52 55 55 55 55 55 55 55 58 58 58 58 58 61 61 61 61 61 62 62 62 62 62 62 62 62 62 62 62 62 62 62 62 62 62 62 63 63 63 64 66 66 66 66 67 67 68 68 
62 148 149 150 151 152 127 128 129 130 131 54 55 56 67 68 69 70 163 164 22 23 20 21 99 100 101 102 48 63 64 65 66 92 93 94 95 43 44 45 46 47 170 37 38 39 40 41 28 155 156 157 158 159 11 12 13 96 97 98 198 199 0 29 30 31 32 14 15 16 17 171 172 173 174 175 176 177 178 179 180 181 182 183 184 185 186 187 117 118 119 120 33 34 35 36 57 58 59 24 25 26 27 192 193 194 195 191 121 122 123 124 125 126 141 142 143 88 89 90 91 108 109 110 111 112 113 6 7 8 9 10 165 166 167 168 169 144 145 146 147 114 115 116 137 138 139 140 1 2 3 4 5 196 197 49 50 51 52 53 188 189 190 18 19 132 133 134 135 136 42 71 72 73 74 75 76 77 78 79 80 81 82 83 84 85 86 87 160 161 162 107 103 104 105 106 153 154 60 61 
596 889 889 889 889 889 557 557 557 557 557 763 763 763 241 241 241 241 176 176 764 764 764 764 333 333 333 333 622 806 806 806 806 452 452 452 452 680 680 680 680 680 536 680 680 680 680 680 622 236 236 236 236 236 763 763 763 594 594 594 653 653 596 806 806 806 806 241 241 241 241 662 662 662 662 662 662 662 662 662 662 662 662 662 662 662 662 662 915 915 915 915 452 452 452 452 594 594 594 333 333 333 333 844 844 844 844 353 799 799 799 378 378 378 510 510 510 915 915 915 915 799 799 799 378 378 378 557 557 557 557 557 704 704 704 704 704 535 535 535 535 510 510 510 535 535 535 535 889 889 889 889 889 272 272 236 236 236 236 236 475 475 475 176 176 704 704 704 704 704 536 662 662 662 662 662 662 662 662 662 662 662 662 662 662 662 662 662 475 475 475 353 844 844 844 844 272 272 653 653 
0 1 2 3 4 5 6 7 8 9 10 11 12 13 14 15 16 17 18 19 20 21 20 21 22 23 24 25 26 27 28 29 30 31 32 33 34 35 36 37 38 39 40 35 36 37 38 39 26 41 42 43 44 45 11 12 13 46 47 48 49 50 0 27 28 29 30 14 15 16 17 51 52 53 54 55 56 57 58 59 60 61 62 63 64 65 66 67 68 69 70 71 31 32 33 34 46 47 48 22 23 24 25 72 73 74 75 76 77 78 79 80 81 82 83 84 85 68 69 70 71 77 78 79 80 81 82 6 7 8 9 10 86 87 88 89 90 91 92 93 94 83 84 85 91 92 93 94 1 2 3 4 5 95 96 41 42 43 44 45 97 98 99 18 19 86 87 88 89 90 40 51 52 53 54 55 56 57 58 59 60 61 62 63 64 65 66 67 97 98 99 76 72 73 74 75 95 96 49 50 
59482
27
3 2 5 2 3 4 2 3 1 2 5 4 1 4 4 3 5 4 3 5 5 4 4 1 1 3 17 
23 55 2 7 44 39 25 58 17 6 20 31 1 15 50 3 16 4 42 48 1 11 15 12 39 42 29 
36 67 48 8 52 66 68 63 62 58 55 44 25 25 52 21 18 27 46 61 52 37 32 18 64 47 62 
594 272 557 764 510 844 653 475 536 176 236 915 596 806 535 763 680 241 799 704 889 333 452 622 353 378 662 
12 20 20 20 20 20 2 2 2 2 2 15 15 15 17 17 17 17 9 9 3 3 3 3 21 21 21 21 23 13 13 13 13 22 22 22 22 16 16 16 16 16 8 16 16 16 16 16 23 10 10 10 10 10 15 15 15 0 0 0 6 6 12 13 13 13 13 17 17 17 17 26 26 26 26 26 26 26 26 26 26 26 26 26 26 26 26 26 11 11 11 11 22 22 22 22 0 0 0 21 21 21 21 5 5 5 5 24 18 18 18 25 25 25 4 4 4 11 11 11 11 18 18 18 25 25 25 2 2 2 2 2 19 19 19 19 19 14 14 14 14 4 4 4 14 14 14 14 20 20 20 20 20 1 1 10 10 10 10 10 7 7 7 9 9 19 19 19 19 19 8 26 26 26 26 26 26 26 26 26 26 26 26 26 26 26 26 26 7 7 7 24 5 5 5 5 1 1 6 6 