55
100
2
1 1 1 1 1 2 2 2 2 2 2 5 5 5 5 5 5 5 5 5 5 5 5 5 5 6 6 6 6 6 6 6 6 11 11 12 12 12 12 12 12 12 12 14 14 14 14 14 14 14 14 14 14 14 14 14 14 14 14 14 14 14 14 14 14 18 18 18 18 18 18 18 18 18 18 18 23 29 33 33 33 35 35 39 39 39 41 41 41 41 41 41 41 43 43 43 43 43 48 48 48 48 48 48 48 48 48 48 48 48 48 48 48 48 48 48 48 49 49 49 49 49 54 54 54 54 54 54 54 54 58 58 58 58 58 58 58 58 58 59 59 60 60 60 60 60 60 60 60 60 60 60 60 60 62 62 62 62 62 62 62 62 62 62 62 62 62 62 62 62 62 62 62 63 63 63 63 63 64 64 64 64 64 66 66 66 66 66 66 66 66 66 66 68 68 68 68 68 69 69 
168 169 170 171 172 133 134 135 136 137 138 186 187 188 189 190 191 192 86 87 88 89 90 91 92 57 58 59 60 61 62 63 64 139 140 98 99 100 101 102 103 104 105 154 155 156 157 158 159 160 161 162 163 164 165 166 167 25 26 27 28 29 30 31 32 106 107 108 109 110 111 112 113 114 115 116 77 76 83 84 85 198 199 78 79 80 18 19 20 21 22 23 24 193 194 195 196 197 35 36 37 38 39 40 41 42 65 66 67 68 69 70 71 72 73 74 75 149 150 151 152 153 141 142 143 144 145 146 147 148 183 184 185 5 6 7 8 9 10 33 34 122 123 124 125 126 127 128 129 117 118 119 120 121 43 44 45 46 47 48 49 50 51 52 53 54 55 56 0 1 2 3 4 178 179 180 181 182 173 174 175 176 177 130 131 132 11 12 13 14 15 16 17 93 94 95 96 97 81 82 
650 650 650 650 650 929 929 929 929 929 929 345 345 345 345 345 345 345 445 445 445 445 445 445 445 426 426 426 426 426 426 426 426 878 878 923 923 923 923 923 923 923 923 869 869 869 869 869 869 436 436 436 436 436 436 436 436 426 426 426 426 426 426 426 426 758 758 758 758 758 758 758 758 758 758 758 552 552 663 663 663 994 994 663 663 663 445 445 445 445 445 445 445 404 404 404 404 404 923 923 923 923 923 923 923 923 758 758 758 758 758 758 758 758 758 758 758 660 660 660 660 660 804 804 804 804 804 804 804 804 888 888 888 929 929 929 929 929 929 878 878 804 804 804 804 804 804 804 804 660 660 660 660 660 869 869 869 869 869 869 436 436 436 436 436 436 436 436 650 650 650 650 650 840 840 840 840 840 840 840 840 840 840 888 888 888 345 345 345 345 345 345 345 404 404 404 404 404 994 994 
0 1 2 3 4 5 6 7 8 9 10 11 12 13 14 15 16 17 18 19 20 21 22 23 24 25 26 27 28 29 30 31 32 33 34 35 36 37 38 39 40 41 42 43 44 45 46 47 48 49 50 51 52 53 54 55 56 25 26 27 28 29 30 31 32 57 58 59 60 61 62 63 64 65 66 67 68 68 69 70 71 72 73 69 70 71 18 19 20 21 22 23 24 74 75 76 77 78 35 36 37 38 39 40 41 42 57 58 59 60 61 62 63 64 65 66 67 79 80 81 82 83 84 85 86 87 88 89 90 91 92 93 94 5 6 7 8 9 10 33 34 84 85 86 87 88 89 90 91 79 80 81 82 83 43 44 45 46 47 48 49 50 51 52 53 54 55 56 0 1 2 3 4 95 96 97 98 99 95 96 97 98 99 92 93 94 11 12 13 14 15 16 17 74 75 76 77 78 72 73 
67087
18
3 6 5 5 8 5 2 1 6 8 8 2 7 8 5 3 7 11 
58 14 63 43 14 1 11 23 2 12 6 35 5 54 49 33 5 18 
66 62 64 68 62 62 59 29 58 48 14 69 66 60 60 39 41 48 
888 869 840 404 436 650 878 552 929 923 426 994 345 804 660 663 445 758 
5 5 5 5 5 8 8 8 8 8 8 12 12 12 12 12 12 12 16 16 16 16 16 16 16 10 10 10 10 10 10 10 10 6 6 9 9 9 9 9 9 9 9 1 1 1 1 1 1 4 4 4 4 4 4 4 4 10 10 10 10 10 10 10 10 17 17 17 17 17 17 17 17 17 17 17 7 7 15 15 15 11 11 15 15 15 16 16 16 16 16 16 16 3 3 3 3 3 9 9 9 9 9 9 9 9 17 17 17 17 17 17 17 17 17 17 17 14 14 14 14 14 13 13 13 13 13 13 13 13 0 0 0 8 8 8 8 8 8 6 6 13 13 13 13 13 13 13 13 14 14 14 14 14 1 1 1 1 1 1 4 4 4 4 4 4 4 4 5 5 5 5 5 2 2 2 2 2 2 2 2 2 2 0 0 0 12 12 12 12 12 12 12 3 3 3 3 3 11 11 