135
100
2
4 4 4 4 6 7 7 7 7 7 7 7 9 9 10 10 12 12 12 12 12 12 13 14 14 15 15 15 15 15 15 16 16 16 16 20 20 20 20 20 21 21 21 22 22 22 22 27 27 27 27 27 28 28 28 29 30 30 30 30 30 30 32 32 32 32 33 33 33 33 33 34 34 34 34 34 34 34 34 35 35 41 41 41 42 42 42 42 43 43 43 43 44 44 45 46 46 46 46 47 47 47 47 47 47 47 47 47 47 47 47 47 47 47 47 47 47 47 47 51 51 51 52 52 52 52 52 52 52 52 52 52 53 53 53 53 54 54 54 54 54 55 55 55 55 55 55 55 55 55 56 56 56 56 58 58 58 60 62 62 62 62 64 64 65 65 65 65 65 67 67 67 67 69 69 69 69 70 70 70 70 70 70 70 70 70 70 70 70 70 70 70 70 70 70 70 70 70 70 70 
124 125 126 127 136 62 63 64 65 177 178 179 16 17 56 57 12 13 67 68 69 70 55 92 93 79 80 150 151 152 153 173 174 175 176 47 48 49 50 51 154 155 156 88 89 90 91 35 36 37 38 39 81 82 83 22 14 15 169 170 171 172 5 6 7 8 157 18 19 20 21 158 159 160 161 119 120 121 94 25 26 52 53 54 95 96 97 98 43 44 45 46 23 24 78 84 85 86 87 180 181 182 183 184 185 186 187 188 189 190 191 192 193 194 195 196 197 198 199 75 76 77 162 163 0 1 2 3 146 147 148 149 137 138 139 140 4 132 133 134 135 164 165 166 167 168 128 129 130 131 27 28 29 30 40 41 42 66 71 72 73 74 122 123 141 142 143 144 145 58 59 60 61 31 32 33 34 9 10 11 99 100 101 102 103 104 105 106 107 108 109 110 111 112 113 114 115 116 117 118 
442 442 442 442 317 722 722 722 722 348 348 348 916 916 368 368 916 916 853 853 853 853 585 260 260 388 388 387 387 387 387 535 535 535 535 238 238 238 238 238 440 440 440 330 330 330 330 238 238 238 238 238 891 891 891 585 368 368 220 220 220 220 722 722 722 722 831 853 853 853 853 599 599 599 599 480 480 480 768 388 388 891 891 891 891 891 891 891 330 330 330 330 260 260 768 891 891 891 891 158 158 158 158 158 158 158 158 158 158 158 158 158 158 158 158 158 158 158 158 480 480 480 418 418 442 442 442 442 547 547 547 547 305 305 305 305 317 305 305 305 305 725 725 725 725 725 547 547 547 547 387 387 387 387 440 440 440 831 599 599 599 599 418 418 725 725 725 725 725 220 220 220 220 535 535 535 535 348 348 348 158 158 158 158 158 158 158 158 158 158 158 158 158 158 158 158 158 158 158 158 
0 1 2 3 4 5 6 7 8 9 10 11 12 13 14 15 12 13 16 17 18 19 20 21 22 23 24 25 26 27 28 29 30 31 32 33 34 35 36 37 38 39 40 41 42 43 44 33 34 35 36 37 45 46 47 20 14 15 48 49 50 51 5 6 7 8 52 16 17 18 19 53 54 55 56 57 58 59 60 23 24 45 46 47 61 62 63 64 41 42 43 44 21 22 60 61 62 63 64 65 66 67 68 69 70 71 72 73 74 75 76 77 78 79 80 81 82 83 84 57 58 59 85 86 0 1 2 3 87 88 89 90 91 92 93 94 4 91 92 93 94 95 96 97 98 99 87 88 89 90 25 26 27 28 38 39 40 52 53 54 55 56 85 86 95 96 97 98 99 48 49 50 51 29 30 31 32 9 10 11 65 66 67 68 69 70 71 72 73 74 75 76 77 78 79 80 81 82 83 84 
44977
27
3 2 2 4 3 1 5 2 4 3 1 2 1 1 5 4 4 4 2 4 4 3 4 4 4 4 20 
28 15 52 4 21 13 55 9 34 34 34 14 33 6 20 12 7 52 10 22 15 7 42 53 16 30 47 
41 35 64 52 58 29 65 12 62 51 45 44 60 54 27 33 32 55 30 43 56 70 46 54 69 67 70 
891 388 418 442 440 585 725 916 599 480 768 260 831 317 238 853 722 547 368 330 387 348 891 305 535 220 158 
3 3 3 3 13 16 16 16 16 21 21 21 7 7 18 18 7 7 15 15 15 15 5 11 11 1 1 20 20 20 20 24 24 24 24 14 14 14 14 14 4 4 4 19 19 19 19 14 14 14 14 14 0 0 0 5 18 18 25 25 25 25 16 16 16 16 12 15 15 15 15 8 8 8 8 9 9 9 10 1 1 0 0 0 22 22 22 22 19 19 19 19 11 11 10 22 22 22 22 26 26 26 26 26 26 26 26 26 26 26 26 26 26 26 26 26 26 26 26 9 9 9 2 2 3 3 3 3 17 17 17 17 23 23 23 23 13 23 23 23 23 6 6 6 6 6 17 17 17 17 20 20 20 20 4 4 4 12 8 8 8 8 2 2 6 6 6 6 6 25 25 25 25 24 24 24 24 21 21 21 26 26 26 26 26 26 26 26 26 26 26 26 26 26 26 26 26 26 26 26 