364
100
2
1 1 1 1 1 1 1 1 1 1 1 1 1 1 1 1 1 1 1 3 3 3 3 3 3 3 6 6 6 6 6 7 7 7 7 7 7 7 7 7 10 10 10 10 12 12 12 12 12 12 12 12 12 12 13 13 14 14 14 14 14 14 14 14 16 16 16 16 16 16 28 28 28 28 34 34 35 35 35 35 35 35 35 35 37 37 37 37 37 37 37 38 38 38 38 38 38 38 38 38 38 38 38 38 38 38 38 38 38 38 39 39 39 39 41 41 41 41 41 41 41 43 43 43 43 43 43 43 43 43 43 45 45 46 46 46 46 54 54 55 55 55 55 55 55 55 55 55 55 55 55 55 55 55 55 55 55 55 55 55 55 55 55 55 55 55 55 55 55 55 55 55 55 57 57 57 57 57 58 58 58 58 59 59 59 59 59 64 64 64 64 64 67 67 67 67 67 67 68 68 
91 92 93 94 95 96 97 98 99 100 101 102 103 104 105 106 107 108 109 166 167 168 169 170 171 172 121 122 123 124 125 131 132 84 85 86 87 88 89 90 110 111 112 113 114 115 116 117 118 119 120 126 127 128 196 197 144 145 146 147 148 149 150 151 152 153 154 155 156 157 178 179 180 181 137 138 158 159 160 161 162 163 164 165 33 34 35 36 37 38 39 0 1 2 3 4 5 6 7 8 9 10 11 12 13 14 15 16 17 18 40 41 42 43 44 45 46 47 48 49 50 26 27 28 29 30 51 52 53 198 199 31 32 192 193 194 195 74 75 173 174 175 176 177 56 57 58 59 60 61 62 63 64 65 66 67 68 69 76 77 78 79 80 81 82 83 19 20 21 22 23 24 25 139 140 141 142 143 70 71 72 73 187 188 189 190 191 182 183 184 185 186 133 134 135 136 54 55 129 130 
593 593 593 593 251 251 251 251 251 251 251 251 251 251 251 251 251 251 251 755 755 755 755 755 755 755 353 353 353 353 353 239 239 421 421 421 421 421 421 421 480 480 480 480 928 928 928 928 928 928 928 853 853 853 804 804 192 192 192 192 192 192 192 192 337 337 337 337 337 337 580 580 580 580 277 277 736 736 736 736 736 736 736 736 421 421 421 421 421 421 421 593 593 593 593 251 251 251 251 251 251 251 251 251 251 251 251 251 251 251 480 480 480 480 928 928 928 928 928 928 928 353 353 353 353 353 853 853 853 484 484 239 239 704 704 704 704 277 277 479 479 479 479 479 192 192 192 192 192 192 192 192 337 337 337 337 337 337 736 736 736 736 736 736 736 736 755 755 755 755 755 755 755 479 479 479 479 479 580 580 580 580 286 286 286 286 286 286 286 286 286 286 704 704 704 704 804 804 484 484 
0 1 2 3 4 5 6 7 8 9 10 11 12 13 14 15 16 17 18 19 20 21 22 23 24 25 26 27 28 29 30 31 32 33 34 35 36 37 38 39 40 41 42 43 44 45 46 47 48 49 50 51 52 53 54 55 56 57 58 59 60 61 62 63 64 65 66 67 68 69 70 71 72 73 74 75 76 77 78 79 80 81 82 83 33 34 35 36 37 38 39 0 1 2 3 4 5 6 7 8 9 10 11 12 13 14 15 16 17 18 40 41 42 43 44 45 46 47 48 49 50 26 27 28 29 30 51 52 53 84 85 31 32 86 87 88 89 74 75 90 91 92 93 94 56 57 58 59 60 61 62 63 64 65 66 67 68 69 76 77 78 79 80 81 82 83 19 20 21 22 23 24 25 90 91 92 93 94 70 71 72 73 95 96 97 98 99 95 96 97 98 99 86 87 88 89 54 55 84 85 
49124
19
5 2 4 7 8 7 4 6 5 5 3 8 7 2 2 2 4 4 15 
55 7 46 7 14 12 1 16 6 59 12 35 3 43 34 13 28 10 1 
57 45 67 37 55 41 38 55 43 64 43 55 55 68 54 67 58 39 38 
479 239 704 421 192 928 593 337 353 286 853 736 755 484 277 804 580 480 251 
6 6 6 6 18 18 18 18 18 18 18 18 18 18 18 18 18 18 18 12 12 12 12 12 12 12 8 8 8 8 8 1 1 3 3 3 3 3 3 3 17 17 17 17 5 5 5 5 5 5 5 10 10 10 15 15 4 4 4 4 4 4 4 4 7 7 7 7 7 7 16 16 16 16 14 14 11 11 11 11 11 11 11 11 3 3 3 3 3 3 3 6 6 6 6 18 18 18 18 18 18 18 18 18 18 18 18 18 18 18 17 17 17 17 5 5 5 5 5 5 5 8 8 8 8 8 10 10 10 13 13 1 1 2 2 2 2 14 14 0 0 0 0 0 4 4 4 4 4 4 4 4 7 7 7 7 7 7 11 11 11 11 11 11 11 11 12 12 12 12 12 12 12 0 0 0 0 0 16 16 16 16 9 9 9 9 9 9 9 9 9 9 2 2 2 2 15 15 13 13 