319
100
2
3 3 3 3 3 3 3 4 4 4 5 5 5 5 5 5 5 5 5 5 5 5 5 5 5 8 8 11 11 11 11 11 11 11 11 12 12 12 12 12 12 12 12 13 13 13 13 13 13 13 13 13 13 13 13 21 21 21 21 21 21 21 21 21 21 21 21 21 21 21 21 25 25 25 25 25 25 25 25 25 25 25 25 25 25 26 26 26 26 26 26 26 26 26 26 26 26 26 27 27 27 27 27 27 27 27 30 30 30 30 30 30 30 33 33 34 34 34 34 34 34 34 34 34 34 34 34 34 34 34 37 37 42 42 42 42 42 42 42 42 42 42 42 42 48 48 48 48 48 48 52 52 52 52 52 52 54 54 54 54 54 55 55 55 55 57 57 58 58 58 58 58 58 65 65 65 65 65 65 65 65 65 66 66 68 68 68 69 69 69 69 69 69 69 69 69 69 69 69 69 
85 86 87 88 89 90 91 184 185 186 43 44 45 46 47 48 49 50 106 107 108 109 110 111 112 182 183 177 178 179 180 181 156 157 158 138 139 140 141 142 143 159 160 10 11 12 13 14 15 16 17 67 68 69 70 150 151 152 153 154 155 132 133 134 135 136 137 51 52 53 54 92 93 94 95 96 97 98 99 100 101 102 103 104 105 0 1 2 3 4 5 6 71 72 73 74 75 76 77 78 79 80 81 82 83 84 18 19 20 21 22 23 24 165 166 130 131 187 188 189 190 191 192 193 194 195 196 197 198 199 115 116 61 62 63 64 65 66 35 36 37 38 39 40 167 168 169 170 171 172 55 56 57 58 59 60 32 33 34 41 42 173 174 175 176 113 114 144 145 146 147 148 149 161 162 163 164 27 28 29 30 31 25 26 7 8 9 117 118 119 120 121 122 123 124 125 126 127 128 129 
391 391 391 391 391 391 391 320 320 320 175 175 175 175 175 175 175 175 442 442 442 442 442 442 442 688 688 890 890 890 890 890 257 257 257 327 327 327 327 327 327 535 535 175 175 175 175 175 175 175 175 811 811 811 811 922 922 922 922 922 922 684 684 684 684 684 684 811 811 811 811 207 207 207 207 207 207 783 783 783 783 783 783 783 783 391 391 391 391 391 391 391 207 207 207 207 207 207 783 783 783 783 783 783 783 783 442 442 442 442 442 442 442 447 447 770 770 542 542 542 542 542 542 542 542 542 542 542 542 542 770 770 684 684 684 684 684 684 327 327 327 327 327 327 862 862 862 862 862 862 922 922 922 922 922 922 257 257 257 535 535 412 412 412 412 447 447 862 862 862 862 862 862 412 412 412 412 890 890 890 890 890 688 688 320 320 320 542 542 542 542 542 542 542 542 542 542 542 542 542 
0 1 2 3 4 5 6 7 8 9 10 11 12 13 14 15 16 17 18 19 20 21 22 23 24 25 26 27 28 29 30 31 32 33 34 35 36 37 38 39 40 41 42 10 11 12 13 14 15 16 17 43 44 45 46 47 48 49 50 51 52 53 54 55 56 57 58 43 44 45 46 59 60 61 62 63 64 65 66 67 68 69 70 71 72 0 1 2 3 4 5 6 59 60 61 62 63 64 65 66 67 68 69 70 71 72 18 19 20 21 22 23 24 73 74 75 76 77 78 79 80 81 82 83 84 85 86 87 88 89 75 76 53 54 55 56 57 58 35 36 37 38 39 40 90 91 92 93 94 95 47 48 49 50 51 52 32 33 34 41 42 96 97 98 99 73 74 90 91 92 93 94 95 96 97 98 99 27 28 29 30 31 25 26 7 8 9 77 78 79 80 81 82 83 84 85 86 87 88 89 
54506
19
8 6 4 7 6 6 5 2 2 7 3 6 2 6 3 4 2 8 13 
5 21 55 3 21 25 11 8 33 5 11 12 12 48 4 13 34 25 34 
13 52 65 26 42 26 65 66 57 30 54 42 54 58 68 21 37 27 69 
175 922 412 391 684 207 890 688 447 442 257 327 535 862 320 811 770 783 542 
3 3 3 3 3 3 3 14 14 14 0 0 0 0 0 0 0 0 9 9 9 9 9 9 9 7 7 6 6 6 6 6 10 10 10 11 11 11 11 11 11 12 12 0 0 0 0 0 0 0 0 15 15 15 15 1 1 1 1 1 1 4 4 4 4 4 4 15 15 15 15 5 5 5 5 5 5 17 17 17 17 17 17 17 17 3 3 3 3 3 3 3 5 5 5 5 5 5 17 17 17 17 17 17 17 17 9 9 9 9 9 9 9 8 8 16 16 18 18 18 18 18 18 18 18 18 18 18 18 18 16 16 4 4 4 4 4 4 11 11 11 11 11 11 13 13 13 13 13 13 1 1 1 1 1 1 10 10 10 12 12 2 2 2 2 8 8 13 13 13 13 13 13 2 2 2 2 6 6 6 6 6 7 7 14 14 14 18 18 18 18 18 18 18 18 18 18 18 18 18 