546
100
2
1 1 1 1 1 3 3 3 4 6 6 6 6 6 6 6 6 7 7 7 7 7 8 8 8 8 8 8 8 8 8 8 8 9 9 9 9 9 9 9 9 9 9 11 11 11 11 11 11 11 11 11 11 11 11 11 11 11 12 12 12 12 12 12 12 12 12 13 13 13 14 14 14 18 19 19 19 19 19 20 20 20 20 20 22 22 22 23 23 24 24 24 24 24 25 25 25 25 25 35 35 35 35 35 36 36 36 36 36 36 37 37 37 39 41 41 41 41 41 42 42 42 43 43 44 44 44 49 49 51 51 51 51 53 53 53 53 53 55 55 55 55 55 55 55 56 56 56 56 57 57 57 57 58 58 58 60 60 60 60 60 60 63 63 63 63 63 63 63 63 63 63 63 63 63 63 63 64 64 64 64 64 64 64 64 64 66 66 66 66 66 66 66 66 66 68 68 68 68 68 
17 18 19 20 21 127 128 145 73 146 147 148 133 134 135 136 137 0 1 2 3 4 114 115 116 117 118 61 62 63 64 65 66 149 150 151 152 104 105 106 107 108 109 162 163 164 165 166 167 168 169 170 171 172 173 174 175 176 119 120 121 27 28 29 30 31 32 70 71 72 67 68 69 8 99 129 130 131 132 195 196 197 198 199 186 187 188 111 112 181 182 183 184 185 140 141 142 143 144 74 177 178 179 180 37 38 39 40 41 42 113 87 88 110 22 23 24 25 26 58 59 60 138 139 153 154 155 5 6 75 76 77 78 12 13 14 15 16 122 123 94 95 96 97 98 7 9 10 11 33 34 35 36 124 125 126 189 190 191 192 193 194 43 44 45 46 47 48 49 50 51 52 53 54 55 56 57 100 101 102 103 89 90 91 92 93 84 85 86 156 157 158 159 160 161 79 80 81 82 83 
294 294 294 294 294 164 164 423 163 818 818 818 630 630 630 630 630 294 294 294 294 294 300 300 300 300 300 501 501 501 501 501 501 183 183 183 183 420 420 420 420 420 420 443 443 443 443 443 443 443 443 443 443 443 443 443 443 443 971 971 971 501 501 501 501 501 501 980 980 980 980 980 980 163 540 441 441 441 441 946 946 946 946 946 592 592 592 301 301 367 367 367 367 367 824 824 824 824 824 540 954 954 954 954 420 420 420 420 420 420 484 301 301 484 300 300 300 300 300 971 971 971 258 258 179 179 179 164 164 441 441 441 441 630 630 630 630 630 258 258 824 824 824 824 824 423 818 818 818 183 183 183 183 179 179 179 606 606 606 606 606 606 443 443 443 443 443 443 443 443 443 443 443 443 443 443 443 954 954 954 954 367 367 367 367 367 592 592 592 606 606 606 606 606 606 946 946 946 946 946 
0 1 2 3 4 5 6 7 8 9 10 11 12 13 14 15 16 0 1 2 3 4 17 18 19 20 21 22 23 24 25 26 27 28 29 30 31 32 33 34 35 36 37 38 39 40 41 42 43 44 45 46 47 48 49 50 51 52 53 54 55 22 23 24 25 26 27 56 57 58 56 57 58 8 59 60 61 62 63 64 65 66 67 68 69 70 71 72 73 74 75 76 77 78 79 80 81 82 83 59 84 85 86 87 32 33 34 35 36 37 88 72 73 88 17 18 19 20 21 53 54 55 89 90 91 92 93 5 6 60 61 62 63 12 13 14 15 16 89 90 79 80 81 82 83 7 9 10 11 28 29 30 31 91 92 93 94 95 96 97 98 99 38 39 40 41 42 43 44 45 46 47 48 49 50 51 52 84 85 86 87 74 75 76 77 78 69 70 71 94 95 96 97 98 99 64 65 66 67 68 
52600
25
2 2 1 1 5 1 2 3 3 5 4 6 5 3 3 1 5 4 3 5 6 5 4 6 15 
3 43 37 19 8 3 23 12 22 20 35 60 24 6 13 4 6 9 44 25 8 1 19 9 11 
49 55 39 35 41 56 37 42 66 68 64 66 64 56 14 18 53 57 58 55 12 7 51 36 63 
164 258 484 540 300 423 301 971 592 946 954 606 367 818 980 163 630 183 179 824 501 294 441 420 443 
21 21 21 21 21 0 0 5 15 13 13 13 16 16 16 16 16 21 21 21 21 21 4 4 4 4 4 20 20 20 20 20 20 17 17 17 17 23 23 23 23 23 23 24 24 24 24 24 24 24 24 24 24 24 24 24 24 24 7 7 7 20 20 20 20 20 20 14 14 14 14 14 14 15 3 22 22 22 22 9 9 9 9 9 8 8 8 6 6 12 12 12 12 12 19 19 19 19 19 3 10 10 10 10 23 23 23 23 23 23 2 6 6 2 4 4 4 4 4 7 7 7 1 1 18 18 18 0 0 22 22 22 22 16 16 16 16 16 1 1 19 19 19 19 19 5 13 13 13 17 17 17 17 18 18 18 11 11 11 11 11 11 24 24 24 24 24 24 24 24 24 24 24 24 24 24 24 10 10 10 10 12 12 12 12 12 8 8 8 11 11 11 11 11 11 9 9 9 9 9 