260
100
2
9 9 10 10 10 10 10 10 10 10 12 12 12 12 13 13 13 13 13 16 16 16 16 18 18 18 18 18 18 18 18 18 18 18 18 18 18 18 18 18 18 18 18 18 18 18 20 20 20 20 20 20 20 20 20 20 20 20 20 20 20 20 20 20 20 20 20 20 20 21 21 21 21 21 21 21 21 21 21 22 22 22 23 23 23 23 23 26 26 26 26 26 26 26 26 29 29 29 29 29 29 29 29 29 31 31 31 35 35 40 40 40 40 40 40 40 40 42 42 43 43 43 43 43 43 44 44 44 44 44 44 44 44 45 45 45 45 45 45 45 45 45 49 49 49 49 49 49 50 50 50 50 50 50 56 56 56 56 56 56 56 56 56 56 57 57 57 57 59 59 59 59 59 59 64 64 67 67 67 67 67 67 67 67 67 67 69 69 69 69 70 70 70 70 70 70 70 70 70 70 
174 175 87 88 89 90 91 92 93 94 186 187 188 189 82 83 84 85 86 164 165 166 167 46 47 48 49 50 51 52 53 54 55 56 57 58 154 155 156 157 158 159 160 161 162 163 23 24 25 26 27 28 29 30 31 32 33 34 35 176 177 178 179 180 181 182 183 184 185 190 191 192 193 194 195 196 197 198 199 104 105 106 14 15 16 17 18 2 3 4 5 6 7 8 9 133 134 135 136 137 138 139 140 141 79 80 81 117 118 125 126 127 128 129 130 131 132 107 108 168 169 170 171 172 173 109 110 111 112 113 114 115 116 95 96 97 98 99 100 101 102 103 148 149 150 151 152 153 142 143 144 145 146 147 36 37 38 39 40 41 42 43 44 45 19 20 21 22 119 120 121 122 123 124 0 1 59 60 61 62 63 64 65 66 67 68 10 11 12 13 69 70 71 72 73 74 75 76 77 78 
677 677 809 809 809 809 809 809 809 809 607 607 607 607 587 587 587 587 587 657 657 657 657 608 608 608 608 608 608 608 608 608 608 608 608 608 317 317 317 317 317 317 317 317 317 317 608 608 608 608 608 608 608 608 608 608 608 608 608 940 940 940 940 940 940 940 940 940 940 349 349 349 349 349 349 349 349 349 349 698 698 698 587 587 587 587 587 809 809 809 809 809 809 809 809 663 663 663 663 663 663 663 663 663 698 698 698 907 907 244 244 244 244 244 244 244 244 907 907 242 242 242 242 242 242 244 244 244 244 244 244 244 244 663 663 663 663 663 663 663 663 663 240 240 240 240 240 240 240 240 240 240 240 240 317 317 317 317 317 317 317 317 317 317 657 657 657 657 242 242 242 242 242 242 677 677 940 940 940 940 940 940 940 940 940 940 607 607 607 607 349 349 349 349 349 349 349 349 349 349 
0 1 2 3 4 5 6 7 8 9 10 11 12 13 14 15 16 17 18 19 20 21 22 23 24 25 26 27 28 29 30 31 32 33 34 35 36 37 38 39 40 41 42 43 44 45 23 24 25 26 27 28 29 30 31 32 33 34 35 46 47 48 49 50 51 52 53 54 55 56 57 58 59 60 61 62 63 64 65 66 67 68 14 15 16 17 18 2 3 4 5 6 7 8 9 69 70 71 72 73 74 75 76 77 66 67 68 78 79 80 81 82 83 84 85 86 87 78 79 88 89 90 91 92 93 80 81 82 83 84 85 86 87 69 70 71 72 73 74 75 76 77 94 95 96 97 98 99 94 95 96 97 98 99 36 37 38 39 40 41 42 43 44 45 19 20 21 22 88 89 90 91 92 93 0 1 46 47 48 49 50 51 52 53 54 55 10 11 12 13 56 57 58 59 60 61 62 63 64 65 
54500
15
8 6 2 3 8 13 10 6 4 2 4 10 5 10 9 
10 49 9 22 40 18 21 43 16 35 12 20 13 18 29 
26 50 64 31 44 20 70 59 57 42 69 67 23 56 45 
809 240 677 698 244 608 349 242 657 907 607 940 587 317 663 
2 2 0 0 0 0 0 0 0 0 10 10 10 10 12 12 12 12 12 8 8 8 8 5 5 5 5 5 5 5 5 5 5 5 5 5 13 13 13 13 13 13 13 13 13 13 5 5 5 5 5 5 5 5 5 5 5 5 5 11 11 11 11 11 11 11 11 11 11 6 6 6 6 6 6 6 6 6 6 3 3 3 12 12 12 12 12 0 0 0 0 0 0 0 0 14 14 14 14 14 14 14 14 14 3 3 3 9 9 4 4 4 4 4 4 4 4 9 9 7 7 7 7 7 7 4 4 4 4 4 4 4 4 14 14 14 14 14 14 14 14 14 1 1 1 1 1 1 1 1 1 1 1 1 13 13 13 13 13 13 13 13 13 13 8 8 8 8 7 7 7 7 7 7 2 2 11 11 11 11 11 11 11 11 11 11 10 10 10 10 6 6 6 6 6 6 6 6 6 6 