361
100
2
1 1 1 1 5 5 6 6 6 6 6 6 6 6 6 6 6 6 6 6 6 6 6 6 6 6 7 7 8 8 9 9 9 9 9 9 9 9 10 10 10 11 11 11 11 14 14 14 17 17 17 17 17 17 17 17 17 17 17 17 20 20 20 21 21 21 22 22 22 22 23 23 23 23 23 23 23 23 23 23 23 23 23 26 26 26 26 26 30 30 30 30 30 30 30 30 33 33 33 33 33 33 33 33 33 33 33 33 33 33 33 33 33 33 33 33 33 34 34 34 38 38 38 38 38 38 38 38 38 38 38 38 39 39 39 42 42 42 44 44 44 47 47 48 48 48 48 48 48 48 50 50 50 52 53 53 53 53 54 54 54 54 54 54 56 56 56 56 56 56 57 57 57 58 58 60 60 60 60 60 60 61 61 61 62 65 65 65 65 66 66 67 68 68 68 68 68 68 68 69 
120 121 122 123 173 174 34 35 36 37 101 102 103 104 105 106 107 108 109 110 111 112 113 114 115 116 179 180 58 59 175 176 177 178 6 7 8 9 147 148 149 154 155 156 157 80 81 82 143 144 145 146 132 75 76 77 78 79 28 29 129 130 131 135 136 137 96 97 98 99 192 193 194 195 196 53 54 55 56 57 45 46 47 91 92 93 94 95 141 142 153 83 84 85 86 87 66 67 68 69 152 10 11 12 13 14 15 16 17 18 19 20 21 22 23 24 25 181 182 183 0 1 2 3 199 185 186 187 188 60 61 62 52 150 151 63 64 65 161 162 163 88 89 48 49 50 51 38 39 40 133 134 100 90 41 42 43 44 167 168 169 138 139 140 170 171 172 158 159 160 164 165 166 4 5 30 31 32 33 26 27 117 118 119 191 125 126 127 128 197 198 184 70 71 72 73 74 189 190 124 
775 775 775 775 197 197 888 888 888 888 893 893 893 893 893 893 893 893 893 893 893 893 893 893 893 893 670 670 736 736 204 204 204 204 888 888 888 888 775 775 775 284 284 284 284 259 259 259 307 307 307 307 709 572 572 572 572 572 736 736 158 158 158 645 645 645 643 643 643 643 526 526 526 526 526 572 572 572 572 572 259 259 259 951 951 951 951 951 316 316 523 951 951 951 951 951 643 643 643 643 614 893 893 893 893 893 893 893 893 893 893 893 893 893 893 893 893 508 508 508 775 775 775 775 686 563 563 563 563 158 158 158 709 269 269 645 645 645 568 568 568 316 316 307 307 307 307 775 775 775 269 269 614 523 284 284 284 284 819 819 819 568 568 568 309 309 309 819 819 819 309 309 309 197 197 204 204 204 204 670 670 508 508 508 426 563 563 563 563 551 551 426 526 526 526 526 526 551 551 686 
0 1 2 3 4 5 6 7 8 9 10 11 12 13 14 15 16 17 18 19 20 21 22 23 24 25 26 27 28 29 30 31 32 33 6 7 8 9 34 35 36 37 38 39 40 41 42 43 44 45 46 47 48 49 50 51 52 53 28 29 54 55 56 57 58 59 60 61 62 63 64 65 66 67 68 49 50 51 52 53 41 42 43 69 70 71 72 73 74 75 76 69 70 71 72 73 60 61 62 63 77 10 11 12 13 14 15 16 17 18 19 20 21 22 23 24 25 78 79 80 0 1 2 3 81 82 83 84 85 54 55 56 48 86 87 57 58 59 88 89 90 74 75 44 45 46 47 34 35 36 86 87 77 76 37 38 39 40 91 92 93 88 89 90 94 95 96 91 92 93 94 95 96 4 5 30 31 32 33 26 27 78 79 80 97 82 83 84 85 98 99 97 64 65 66 67 68 98 99 81 
59748
30
4 3 1 5 4 3 4 2 1 3 2 5 2 1 3 4 4 2 4 2 3 1 1 3 5 4 3 2 3 16 
9 56 62 23 17 34 22 30 17 54 5 17 8 30 14 11 6 66 1 39 44 38 33 21 26 38 20 7 10 6 
60 57 67 68 48 61 33 47 39 56 58 23 17 52 23 53 9 68 38 50 54 69 50 42 30 65 38 60 48 33 
204 309 426 526 307 508 643 316 709 819 197 572 736 523 259 284 888 551 775 269 568 686 614 645 951 563 158 670 775 893 
18 18 18 18 10 10 16 16 16 16 29 29 29 29 29 29 29 29 29 29 29 29 29 29 29 29 27 27 12 12 0 0 0 0 16 16 16 16 28 28 28 15 15 15 15 14 14 14 4 4 4 4 8 11 11 11 11 11 12 12 26 26 26 23 23 23 6 6 6 6 3 3 3 3 3 11 11 11 11 11 14 14 14 24 24 24 24 24 7 7 13 24 24 24 24 24 6 6 6 6 22 29 29 29 29 29 29 29 29 29 29 29 29 29 29 29 29 5 5 5 18 18 18 18 21 25 25 25 25 26 26 26 8 19 19 23 23 23 20 20 20 7 7 4 4 4 4 28 28 28 19 19 22 13 15 15 15 15 9 9 9 20 20 20 1 1 1 9 9 9 1 1 1 10 10 0 0 0 0 27 27 5 5 5 2 25 25 25 25 17 17 2 3 3 3 3 3 17 17 21 