278
100
2
3 3 3 3 4 4 4 4 4 4 4 4 4 4 4 4 6 6 6 6 6 6 6 6 6 6 6 6 6 6 10 10 10 10 10 10 10 10 10 10 10 10 10 10 10 10 10 10 10 10 10 10 13 13 13 13 13 13 13 13 13 13 13 15 15 15 15 15 15 15 23 23 23 23 23 23 23 23 23 23 23 29 29 29 29 29 31 31 31 31 31 31 31 31 31 31 31 36 36 36 36 36 36 36 36 36 36 36 36 40 40 40 40 40 40 40 40 40 40 40 41 41 41 41 41 41 41 41 42 42 42 42 42 45 45 45 45 45 48 48 48 48 48 56 56 56 56 56 56 56 56 56 56 56 65 65 65 65 65 65 65 65 65 65 65 65 65 65 65 65 65 65 65 65 65 65 66 66 66 66 66 66 66 66 66 66 66 66 67 67 67 67 67 67 67 67 67 67 67 67 
41 42 43 44 188 189 190 191 192 193 194 195 196 197 198 199 162 163 164 165 166 167 168 169 170 171 172 173 174 175 109 110 111 112 113 114 115 116 117 118 119 0 1 2 3 63 64 65 66 67 68 69 86 87 88 89 90 91 92 93 94 95 96 45 46 47 48 49 50 51 143 144 145 146 147 148 149 150 151 152 153 138 139 140 141 142 52 53 54 55 56 57 58 59 60 61 62 176 177 178 179 180 181 182 183 184 185 186 187 30 31 32 33 34 35 36 37 38 39 40 154 155 156 157 158 159 160 161 133 134 135 136 137 128 129 130 131 132 81 82 83 84 85 70 71 72 73 74 75 76 77 78 79 80 120 121 122 123 124 125 126 127 16 17 18 19 20 21 22 23 24 25 26 27 28 29 97 98 99 100 101 102 103 104 105 106 107 108 4 5 6 7 8 9 10 11 12 13 14 15 
386 386 386 386 673 673 673 673 673 673 673 673 673 673 673 673 410 410 410 410 410 410 410 410 410 410 410 410 410 410 827 827 827 827 827 827 827 827 827 827 827 386 386 386 386 883 883 883 883 883 883 883 524 524 524 524 524 524 524 524 524 524 524 883 883 883 883 883 883 883 367 367 367 367 367 367 367 367 367 367 367 822 822 822 822 822 524 524 524 524 524 524 524 524 524 524 524 812 812 812 812 812 812 812 812 812 812 812 812 827 827 827 827 827 827 827 827 827 827 827 790 790 790 790 790 790 790 790 667 667 667 667 667 667 667 667 667 667 822 822 822 822 822 367 367 367 367 367 367 367 367 367 367 367 790 790 790 790 790 790 790 790 410 410 410 410 410 410 410 410 410 410 410 410 410 410 812 812 812 812 812 812 812 812 812 812 812 812 673 673 673 673 673 673 673 673 673 673 673 673 
0 1 2 3 4 5 6 7 8 9 10 11 12 13 14 15 16 17 18 19 20 21 22 23 24 25 26 27 28 29 30 31 32 33 34 35 36 37 38 39 40 0 1 2 3 41 42 43 44 45 46 47 48 49 50 51 52 53 54 55 56 57 58 41 42 43 44 45 46 47 59 60 61 62 63 64 65 66 67 68 69 70 71 72 73 74 48 49 50 51 52 53 54 55 56 57 58 75 76 77 78 79 80 81 82 83 84 85 86 30 31 32 33 34 35 36 37 38 39 40 87 88 89 90 91 92 93 94 95 96 97 98 99 95 96 97 98 99 70 71 72 73 74 59 60 61 62 63 64 65 66 67 68 69 87 88 89 90 91 92 93 94 16 17 18 19 20 21 22 23 24 25 26 27 28 29 75 76 77 78 79 80 81 82 83 84 85 86 4 5 6 7 8 9 10 11 12 13 14 15 
63948
11
8 5 5 12 11 11 4 7 12 14 11 
41 42 29 4 13 10 3 10 36 6 23 
65 45 48 67 31 40 10 15 66 65 56 
790 667 822 673 524 827 386 883 812 410 367 
6 6 6 6 3 3 3 3 3 3 3 3 3 3 3 3 9 9 9 9 9 9 9 9 9 9 9 9 9 9 5 5 5 5 5 5 5 5 5 5 5 6 6 6 6 7 7 7 7 7 7 7 4 4 4 4 4 4 4 4 4 4 4 7 7 7 7 7 7 7 10 10 10 10 10 10 10 10 10 10 10 2 2 2 2 2 4 4 4 4 4 4 4 4 4 4 4 8 8 8 8 8 8 8 8 8 8 8 8 5 5 5 5 5 5 5 5 5 5 5 0 0 0 0 0 0 0 0 1 1 1 1 1 1 1 1 1 1 2 2 2 2 2 10 10 10 10 10 10 10 10 10 10 10 0 0 0 0 0 0 0 0 9 9 9 9 9 9 9 9 9 9 9 9 9 9 8 8 8 8 8 8 8 8 8 8 8 8 3 3 3 3 3 3 3 3 3 3 3 3 