355
100
2
1 1 1 1 1 1 1 1 1 1 1 1 1 1 8 8 8 8 8 18 18 18 18 18 18 18 18 18 18 18 18 18 18 18 18 18 18 18 18 18 19 19 19 19 19 19 24 24 24 24 24 24 24 26 26 26 26 26 26 27 27 27 27 27 27 27 29 29 29 31 31 31 31 31 31 31 31 31 31 31 31 31 31 31 35 35 35 35 35 35 35 35 35 35 35 35 35 35 35 35 40 40 40 40 40 40 40 40 40 40 40 40 40 40 40 50 50 50 50 50 50 50 50 50 50 50 50 52 52 52 52 52 52 52 52 52 52 52 52 58 58 58 58 58 60 60 60 60 60 60 60 60 60 60 60 60 60 60 60 60 60 60 60 61 61 61 65 65 65 65 65 65 65 65 65 65 65 65 65 65 65 65 65 68 68 68 68 68 68 68 68 68 68 68 68 68 68 68 68 68 
149 150 151 152 153 154 155 156 157 158 159 160 161 162 19 20 21 22 23 14 15 16 17 18 84 85 86 87 88 89 90 91 92 93 94 95 96 97 98 99 53 54 55 56 57 58 59 60 61 62 63 64 65 40 41 42 43 44 45 46 47 48 49 50 51 52 163 164 165 100 101 102 103 104 105 106 107 108 109 110 111 112 113 114 24 25 26 27 28 29 30 31 32 33 34 35 36 37 38 39 69 70 71 72 73 74 75 76 77 78 79 80 81 82 83 127 128 129 130 131 132 133 134 135 136 137 138 115 116 117 118 119 120 121 122 123 124 125 126 144 145 146 147 148 139 140 141 142 143 0 1 2 3 4 5 6 7 8 9 10 11 12 13 66 67 68 183 184 185 186 187 188 189 190 191 192 193 194 195 196 197 198 199 166 167 168 169 170 171 172 173 174 175 176 177 178 179 180 181 182 
887 887 887 887 887 887 887 887 887 887 887 887 887 887 206 206 206 206 206 206 206 206 206 206 398 398 398 398 398 398 398 398 398 398 398 398 398 398 398 398 412 412 412 412 412 412 359 359 359 359 359 359 359 412 412 412 412 412 412 359 359 359 359 359 359 359 673 673 673 716 716 716 716 716 716 716 716 716 716 716 716 716 716 716 398 398 398 398 398 398 398 398 398 398 398 398 398 398 398 398 716 716 716 716 716 716 716 716 716 716 716 716 716 716 716 395 395 395 395 395 395 395 395 395 395 395 395 395 395 395 395 395 395 395 395 395 395 395 395 381 381 381 381 381 381 381 381 381 381 887 887 887 887 887 887 887 887 887 887 887 887 887 887 673 673 673 562 562 562 562 562 562 562 562 562 562 562 562 562 562 562 562 562 562 562 562 562 562 562 562 562 562 562 562 562 562 562 562 562 562 
0 1 2 3 4 5 6 7 8 9 10 11 12 13 14 15 16 17 18 14 15 16 17 18 19 20 21 22 23 24 25 26 27 28 29 30 31 32 33 34 35 36 37 38 39 40 41 42 43 44 45 46 47 35 36 37 38 39 40 41 42 43 44 45 46 47 48 49 50 51 52 53 54 55 56 57 58 59 60 61 62 63 64 65 19 20 21 22 23 24 25 26 27 28 29 30 31 32 33 34 51 52 53 54 55 56 57 58 59 60 61 62 63 64 65 66 67 68 69 70 71 72 73 74 75 76 77 66 67 68 69 70 71 72 73 74 75 76 77 78 79 80 81 82 78 79 80 81 82 0 1 2 3 4 5 6 7 8 9 10 11 12 13 48 49 50 83 84 85 86 87 88 89 90 91 92 93 94 95 96 97 98 99 83 84 85 86 87 88 89 90 91 92 93 94 95 96 97 98 99 
53759
10
12 5 14 3 15 17 6 5 7 16 
50 58 1 29 31 65 19 8 24 18 
52 60 60 61 40 68 26 18 27 35 
395 381 887 673 716 562 412 206 359 398 
2 2 2 2 2 2 2 2 2 2 2 2 2 2 7 7 7 7 7 7 7 7 7 7 9 9 9 9 9 9 9 9 9 9 9 9 9 9 9 9 6 6 6 6 6 6 8 8 8 8 8 8 8 6 6 6 6 6 6 8 8 8 8 8 8 8 3 3 3 4 4 4 4 4 4 4 4 4 4 4 4 4 4 4 9 9 9 9 9 9 9 9 9 9 9 9 9 9 9 9 4 4 4 4 4 4 4 4 4 4 4 4 4 4 4 0 0 0 0 0 0 0 0 0 0 0 0 0 0 0 0 0 0 0 0 0 0 0 0 1 1 1 1 1 1 1 1 1 1 2 2 2 2 2 2 2 2 2 2 2 2 2 2 3 3 3 5 5 5 5 5 5 5 5 5 5 5 5 5 5 5 5 5 5 5 5 5 5 5 5 5 5 5 5 5 5 5 5 5 5 