370
100
2
1 1 1 1 1 1 2 2 2 2 2 2 2 2 2 2 2 2 2 2 2 2 2 2 2 2 2 2 2 2 2 2 2 2 7 7 7 7 7 8 8 8 9 9 12 12 12 12 12 12 12 13 13 13 14 14 14 14 14 14 16 16 16 16 21 21 21 21 21 21 21 21 22 22 22 22 22 22 22 24 24 24 24 24 24 24 26 26 26 26 26 28 28 28 28 28 29 29 29 29 32 34 34 34 34 37 37 37 37 37 37 37 38 38 38 38 41 41 41 43 43 43 43 43 43 43 43 43 49 49 49 49 49 49 49 49 51 51 51 53 55 55 55 55 55 55 55 55 55 57 57 57 57 62 62 63 63 63 63 63 63 63 63 63 63 63 63 63 63 63 63 63 65 65 65 65 65 67 67 67 67 67 67 67 67 68 68 68 68 68 68 68 69 69 69 69 69 69 69 69 
54 55 56 57 58 59 96 97 98 99 72 73 74 75 76 77 78 155 156 157 158 159 160 161 162 163 164 165 166 167 168 169 170 171 172 173 174 175 176 51 52 53 153 154 79 80 81 82 83 84 85 39 40 41 0 1 2 3 4 5 149 150 151 152 192 193 194 195 196 197 198 199 10 11 12 13 14 15 16 44 45 46 47 48 49 50 91 92 93 94 95 86 87 88 89 90 6 7 8 9 139 112 113 114 115 185 186 187 188 189 190 191 101 102 103 104 136 137 138 140 141 142 143 144 145 146 147 148 177 178 179 180 181 182 183 184 116 117 118 100 119 120 121 122 123 124 125 126 127 60 61 62 63 42 43 17 18 19 20 21 22 23 24 25 26 27 28 29 30 31 32 33 34 35 36 37 38 128 129 130 131 132 133 134 135 105 106 107 108 109 110 111 64 65 66 67 68 69 70 71 
771 771 771 771 771 771 447 447 447 447 685 685 685 685 685 685 685 642 642 642 642 642 642 642 642 642 642 642 642 642 642 642 642 642 749 749 749 749 749 490 490 490 791 791 671 671 671 671 671 671 671 490 490 490 771 771 771 771 771 771 749 749 749 749 788 788 788 788 788 788 788 788 685 685 685 685 685 685 685 671 671 671 671 671 671 671 170 170 170 170 170 170 170 170 170 170 447 447 447 447 540 526 526 526 526 388 388 388 388 388 388 388 526 526 526 526 744 744 744 353 353 353 353 353 353 353 353 353 723 723 723 723 723 723 723 723 744 744 744 540 353 353 353 353 353 353 353 353 353 749 749 749 749 791 791 642 642 642 642 642 642 642 642 642 642 642 642 642 642 642 642 642 749 749 749 749 749 723 723 723 723 723 723 723 723 388 388 388 388 388 388 388 788 788 788 788 788 788 788 788 
0 1 2 3 4 5 6 7 8 9 10 11 12 13 14 15 16 17 18 19 20 21 22 23 24 25 26 27 28 29 30 31 32 33 34 35 36 37 38 39 40 41 42 43 44 45 46 47 48 49 50 39 40 41 0 1 2 3 4 5 51 52 53 54 55 56 57 58 59 60 61 62 10 11 12 13 14 15 16 44 45 46 47 48 49 50 63 64 65 66 67 63 64 65 66 67 6 7 8 9 68 69 70 71 72 73 74 75 76 77 78 79 69 70 71 72 80 81 82 83 84 85 86 87 88 89 90 91 92 93 94 95 96 97 98 99 80 81 82 68 83 84 85 86 87 88 89 90 91 51 52 53 54 42 43 17 18 19 20 21 22 23 24 25 26 27 28 29 30 31 32 33 34 35 36 37 38 92 93 94 95 96 97 98 99 73 74 75 76 77 78 79 55 56 57 58 59 60 61 62 
60320
17
6 4 8 7 7 4 9 7 5 5 4 1 8 3 3 2 17 
1 2 21 37 2 16 43 12 7 26 34 32 49 41 8 9 2 
14 29 69 68 22 57 55 24 65 28 38 53 67 51 13 62 63 
771 447 788 388 685 749 353 671 749 170 526 540 723 744 490 791 642 
0 0 0 0 0 0 1 1 1 1 4 4 4 4 4 4 4 16 16 16 16 16 16 16 16 16 16 16 16 16 16 16 16 16 8 8 8 8 8 14 14 14 15 15 7 7 7 7 7 7 7 14 14 14 0 0 0 0 0 0 5 5 5 5 2 2 2 2 2 2 2 2 4 4 4 4 4 4 4 7 7 7 7 7 7 7 9 9 9 9 9 9 9 9 9 9 1 1 1 1 11 10 10 10 10 3 3 3 3 3 3 3 10 10 10 10 13 13 13 6 6 6 6 6 6 6 6 6 12 12 12 12 12 12 12 12 13 13 13 11 6 6 6 6 6 6 6 6 6 5 5 5 5 15 15 16 16 16 16 16 16 16 16 16 16 16 16 16 16 16 16 16 8 8 8 8 8 12 12 12 12 12 12 12 12 3 3 3 3 3 3 3 2 2 2 2 2 2 2 2 