539
100
2
1 1 1 2 2 2 2 7 7 8 8 8 8 8 12 13 13 13 13 13 17 17 17 17 18 18 18 20 20 20 20 20 20 20 20 21 21 21 21 21 21 21 21 21 21 24 24 24 24 26 26 26 26 26 26 26 26 31 31 31 31 31 31 34 34 34 37 37 37 37 39 39 39 39 39 39 40 40 40 40 40 41 41 41 41 42 42 42 42 42 42 43 43 43 44 44 44 44 44 44 44 44 44 44 44 44 44 49 49 49 49 49 49 50 50 50 50 50 50 54 54 54 54 54 55 55 55 55 55 55 55 55 55 55 55 55 55 55 57 57 57 57 57 57 59 60 60 60 60 60 60 60 60 60 60 60 60 60 60 60 60 60 60 60 65 65 65 65 65 66 66 66 66 66 66 66 66 67 67 67 67 67 67 67 67 67 67 67 67 67 67 67 67 67 69 69 69 69 69 69 
138 139 140 53 54 55 56 85 86 169 170 171 172 173 144 119 120 121 122 123 87 88 89 90 91 92 93 132 133 134 135 136 137 47 48 124 125 126 127 128 129 81 82 83 84 130 131 33 34 177 178 179 180 3 4 5 6 194 195 196 197 198 199 141 142 143 103 104 105 106 100 101 102 174 175 176 164 165 166 167 168 41 42 43 44 7 8 20 21 22 23 24 25 26 113 114 115 116 117 118 70 71 72 66 67 68 69 145 146 147 148 149 150 94 95 96 97 98 99 15 16 17 18 19 35 36 37 38 39 40 45 46 27 28 29 30 31 32 0 1 2 63 64 65 14 107 108 109 110 111 112 181 182 183 184 185 186 187 188 189 190 191 192 193 76 77 78 79 80 9 10 11 12 13 73 74 75 49 50 51 52 151 152 153 154 155 156 157 158 159 160 161 162 163 57 58 59 60 61 62 
569 569 569 975 975 975 975 237 237 993 993 993 993 993 856 438 438 438 438 438 363 363 363 363 174 174 174 711 711 711 711 711 711 635 635 342 342 342 342 342 342 296 296 296 296 573 573 635 635 821 821 821 821 975 975 975 975 700 700 700 700 700 700 235 235 235 990 990 990 990 417 417 417 386 386 386 227 227 227 227 227 296 296 296 296 237 237 363 363 363 363 174 174 174 839 839 839 839 839 839 417 417 417 990 990 990 990 969 969 969 969 969 969 839 839 839 839 839 839 438 438 438 438 438 342 342 342 342 342 342 573 573 711 711 711 711 711 711 569 569 569 235 235 235 856 969 969 969 969 969 969 281 281 281 281 281 281 281 281 281 281 281 281 281 227 227 227 227 227 993 993 993 993 993 386 386 386 821 821 821 821 281 281 281 281 281 281 281 281 281 281 281 281 281 700 700 700 700 700 700 
0 1 2 3 4 5 6 7 8 9 10 11 12 13 14 15 16 17 18 19 20 21 22 23 24 25 26 27 28 29 30 31 32 33 34 35 36 37 38 39 40 41 42 43 44 45 46 33 34 47 48 49 50 3 4 5 6 51 52 53 54 55 56 57 58 59 60 61 62 63 64 65 66 67 68 69 70 71 72 73 74 41 42 43 44 7 8 20 21 22 23 24 25 26 75 76 77 78 79 80 64 65 66 60 61 62 63 81 82 83 84 85 86 75 76 77 78 79 80 15 16 17 18 19 35 36 37 38 39 40 45 46 27 28 29 30 31 32 0 1 2 57 58 59 14 81 82 83 84 85 86 87 88 89 90 91 92 93 94 95 96 97 98 99 70 71 72 73 74 9 10 11 12 13 67 68 69 47 48 49 50 87 88 89 90 91 92 93 94 95 96 97 98 99 51 52 53 54 55 56 
56178
23
1 3 6 6 6 3 5 6 5 5 4 2 2 4 4 3 6 2 3 3 4 4 13 
12 1 44 21 49 39 8 31 13 40 26 24 7 2 21 18 20 20 34 39 17 37 60 
59 57 50 55 60 44 66 69 54 65 67 55 42 26 41 43 55 24 57 66 42 44 67 
856 569 839 342 969 417 993 700 438 227 821 573 237 975 296 174 711 635 235 386 363 990 281 
1 1 1 13 13 13 13 12 12 6 6 6 6 6 0 8 8 8 8 8 20 20 20 20 15 15 15 16 16 16 16 16 16 17 17 3 3 3 3 3 3 14 14 14 14 11 11 17 17 10 10 10 10 13 13 13 13 7 7 7 7 7 7 18 18 18 21 21 21 21 5 5 5 19 19 19 9 9 9 9 9 14 14 14 14 12 12 20 20 20 20 15 15 15 2 2 2 2 2 2 5 5 5 21 21 21 21 4 4 4 4 4 4 2 2 2 2 2 2 8 8 8 8 8 3 3 3 3 3 3 11 11 16 16 16 16 16 16 1 1 1 18 18 18 0 4 4 4 4 4 4 22 22 22 22 22 22 22 22 22 22 22 22 22 9 9 9 9 9 6 6 6 6 6 19 19 19 10 10 10 10 22 22 22 22 22 22 22 22 22 22 22 22 22 7 7 7 7 7 7 