533
100
2
2 2 2 4 4 4 8 8 13 13 13 13 13 13 13 13 13 13 13 14 14 14 14 14 14 15 15 15 16 16 16 16 16 16 16 16 16 16 16 16 16 16 16 16 16 16 16 16 16 16 16 16 16 16 17 17 17 17 17 17 17 17 20 21 21 21 21 21 21 21 22 24 24 24 24 24 24 24 24 24 24 25 26 26 26 29 29 29 29 29 29 29 29 29 29 29 29 29 29 29 30 30 31 31 31 31 31 31 31 31 31 31 31 31 31 31 31 31 31 31 31 31 31 31 31 31 31 34 35 35 35 36 36 38 38 38 38 39 39 39 39 39 39 39 39 39 40 40 43 44 44 44 44 44 47 47 47 47 47 47 47 47 47 49 51 51 51 51 51 51 53 53 53 53 58 58 63 63 63 63 63 63 63 64 64 64 64 64 66 66 66 66 66 66 66 66 66 66 67 68 
25 26 27 82 83 84 100 101 75 76 77 78 79 80 149 150 151 152 153 54 55 56 57 58 59 0 1 2 154 155 156 71 72 73 74 108 109 110 111 112 113 114 115 116 117 118 119 120 121 122 123 124 125 126 19 20 21 22 23 24 62 173 60 137 138 139 140 141 142 163 198 31 32 33 34 8 9 10 11 12 13 127 3 4 5 128 129 130 89 88 91 90 93 92 95 94 97 96 99 98 6 7 157 158 159 160 161 162 35 36 37 38 39 40 41 42 43 44 45 46 47 48 49 50 51 52 53 81 85 86 87 176 177 188 189 190 191 63 64 65 66 67 68 170 171 172 174 175 199 14 15 16 17 18 28 29 30 102 103 104 105 106 107 69 192 193 194 195 196 197 143 144 145 61 146 147 131 132 183 184 185 186 187 178 179 180 181 182 133 134 135 136 164 165 166 167 168 169 70 148 
847 847 847 220 220 220 869 869 863 863 863 863 863 863 837 837 837 837 837 322 322 322 322 322 322 847 847 847 942 942 942 724 724 724 724 706 706 706 706 706 706 706 706 706 706 706 706 706 706 706 706 706 706 706 322 322 322 322 322 322 235 318 235 771 771 771 771 771 771 510 476 724 724 724 724 863 863 863 863 863 863 570 220 220 220 459 459 459 534 534 534 534 534 534 534 534 534 534 534 534 869 869 737 737 737 737 737 737 706 706 706 706 706 706 706 706 706 706 706 706 706 706 706 706 706 706 706 570 459 459 459 819 819 210 210 210 210 771 771 771 771 771 771 647 647 647 472 472 207 837 837 837 837 837 942 942 942 737 737 737 737 737 737 510 688 688 688 688 688 688 647 647 647 318 472 472 819 819 534 534 534 534 534 534 534 534 534 534 210 210 210 210 688 688 688 688 688 688 476 207 
0 1 2 3 4 5 6 7 8 9 10 11 12 13 14 15 16 17 18 19 20 21 22 23 24 0 1 2 25 26 27 28 29 30 31 32 33 34 35 36 37 38 39 40 41 42 43 44 45 46 47 48 49 50 19 20 21 22 23 24 51 52 51 53 54 55 56 57 58 59 60 28 29 30 31 8 9 10 11 12 13 61 3 4 5 62 63 64 65 65 66 66 67 67 68 68 69 69 70 70 6 7 71 72 73 74 75 76 32 33 34 35 36 37 38 39 40 41 42 43 44 45 46 47 48 49 50 61 62 63 64 77 78 79 80 81 82 53 54 55 56 57 58 83 84 85 86 87 88 14 15 16 17 18 25 26 27 71 72 73 74 75 76 59 89 90 91 92 93 94 83 84 85 52 86 87 77 78 95 96 97 98 99 95 96 97 98 99 79 80 81 82 89 90 91 92 93 94 60 88 
63476
25
1 2 3 1 2 6 3 6 6 5 4 1 1 4 3 3 3 6 1 2 5 6 6 1 19 
22 36 4 25 8 14 16 21 31 63 38 17 43 16 39 29 2 13 17 40 13 29 51 21 16 
67 63 26 34 30 17 47 39 47 64 66 20 68 24 53 35 15 24 53 58 44 29 66 49 31 
476 819 220 570 869 322 942 771 737 534 210 235 207 724 647 459 847 863 318 472 837 534 688 510 706 
16 16 16 2 2 2 4 4 17 17 17 17 17 17 20 20 20 20 20 5 5 5 5 5 5 16 16 16 6 6 6 13 13 13 13 24 24 24 24 24 24 24 24 24 24 24 24 24 24 24 24 24 24 24 5 5 5 5 5 5 11 18 11 7 7 7 7 7 7 23 0 13 13 13 13 17 17 17 17 17 17 3 2 2 2 15 15 15 21 21 21 21 21 21 21 21 21 21 21 21 4 4 8 8 8 8 8 8 24 24 24 24 24 24 24 24 24 24 24 24 24 24 24 24 24 24 24 3 15 15 15 1 1 10 10 10 10 7 7 7 7 7 7 14 14 14 19 19 12 20 20 20 20 20 6 6 6 8 8 8 8 8 8 23 22 22 22 22 22 22 14 14 14 18 19 19 1 1 9 9 9 9 9 9 9 9 9 9 10 10 10 10 22 22 22 22 22 22 0 12 