731
100
2
4 4 5 5 5 5 5 5 5 5 5 6 6 8 8 8 8 8 13 13 13 13 15 15 17 17 17 17 17 17 19 19 19 19 19 19 19 21 21 21 21 21 21 22 22 22 22 22 24 24 24 24 24 25 25 25 25 25 25 28 28 28 28 28 30 30 30 30 30 31 31 31 31 31 31 31 35 35 35 35 35 35 35 36 36 36 36 36 36 36 36 36 36 36 36 36 38 38 38 38 38 38 43 43 43 51 51 51 53 53 53 53 55 55 55 56 56 56 56 56 56 56 56 56 56 56 56 56 56 56 56 56 56 59 59 59 59 59 59 61 61 61 61 61 61 61 62 62 62 62 62 62 62 62 62 62 62 62 62 62 62 64 64 66 66 66 66 66 67 67 67 67 67 67 67 68 68 68 68 68 68 68 68 68 68 68 68 68 69 69 69 69 69 69 69 69 69 69 69 69 
161 162 22 23 48 49 50 51 52 113 114 146 147 115 116 117 118 119 108 109 110 111 2 3 188 189 190 191 192 193 112 194 195 196 197 198 199 96 97 98 99 100 101 163 164 165 166 167 4 5 6 7 8 133 134 135 136 137 138 64 65 66 67 68 59 60 61 62 63 168 169 170 171 172 173 174 126 127 128 129 130 131 132 148 149 150 151 152 153 154 155 156 157 158 159 160 37 38 39 40 41 42 105 106 107 102 103 104 18 19 20 21 30 9 10 13 14 15 16 17 182 183 184 185 186 187 76 77 78 79 80 81 82 53 54 55 56 57 58 175 176 177 178 179 180 181 11 12 83 84 85 86 87 88 89 90 91 92 93 94 95 0 1 43 44 45 46 47 69 70 71 72 73 74 75 139 140 141 142 143 144 145 120 121 122 123 124 125 24 25 26 27 28 29 31 32 33 34 35 36 
276 276 352 352 797 797 797 797 797 601 601 349 349 584 584 584 584 584 629 629 629 629 352 352 954 954 954 954 954 954 641 441 441 441 441 441 441 643 643 643 643 643 643 510 510 510 510 510 797 797 797 797 797 977 977 977 977 977 977 654 654 654 654 654 654 654 654 654 654 513 513 513 513 513 513 513 561 561 561 561 561 561 561 525 525 525 525 525 525 525 525 525 525 525 525 525 643 643 643 643 643 643 966 966 966 966 966 966 629 629 629 629 641 601 601 584 584 584 584 584 943 943 943 943 943 943 561 561 561 561 561 561 561 977 977 977 977 977 977 961 961 961 961 961 961 961 349 349 525 525 525 525 525 525 525 525 525 525 525 525 525 276 276 510 510 510 510 510 513 513 513 513 513 513 513 961 961 961 961 961 961 961 943 943 943 943 943 943 954 954 954 954 954 954 441 441 441 441 441 441 
0 1 2 3 4 5 6 7 8 9 10 11 12 13 14 15 16 17 18 19 20 21 2 3 22 23 24 25 26 27 28 29 30 31 32 33 34 35 36 37 38 39 40 41 42 43 44 45 4 5 6 7 8 46 47 48 49 50 51 52 53 54 55 56 52 53 54 55 56 57 58 59 60 61 62 63 64 65 66 67 68 69 70 71 72 73 74 75 76 77 78 79 80 81 82 83 35 36 37 38 39 40 84 85 86 84 85 86 18 19 20 21 28 9 10 13 14 15 16 17 87 88 89 90 91 92 64 65 66 67 68 69 70 46 47 48 49 50 51 93 94 95 96 97 98 99 11 12 71 72 73 74 75 76 77 78 79 80 81 82 83 0 1 41 42 43 44 45 57 58 59 60 61 62 63 93 94 95 96 97 98 99 87 88 89 90 91 92 22 23 24 25 26 27 29 30 31 32 33 34 
66754
20
1 2 6 3 7 5 5 5 6 6 6 7 2 5 2 4 6 7 2 13 
19 5 21 43 61 22 28 8 56 17 25 35 6 5 4 13 19 31 5 36 
55 15 38 51 68 66 30 56 68 69 59 56 62 24 64 53 69 67 55 62 
641 352 643 966 961 510 654 584 943 954 977 561 349 797 276 629 441 513 601 525 
14 14 1 1 13 13 13 13 13 18 18 12 12 7 7 7 7 7 15 15 15 15 1 1 9 9 9 9 9 9 0 16 16 16 16 16 16 2 2 2 2 2 2 5 5 5 5 5 13 13 13 13 13 10 10 10 10 10 10 6 6 6 6 6 6 6 6 6 6 17 17 17 17 17 17 17 11 11 11 11 11 11 11 19 19 19 19 19 19 19 19 19 19 19 19 19 2 2 2 2 2 2 3 3 3 3 3 3 15 15 15 15 0 18 18 7 7 7 7 7 8 8 8 8 8 8 11 11 11 11 11 11 11 10 10 10 10 10 10 4 4 4 4 4 4 4 12 12 19 19 19 19 19 19 19 19 19 19 19 19 19 14 14 5 5 5 5 5 17 17 17 17 17 17 17 4 4 4 4 4 4 4 8 8 8 8 8 8 9 9 9 9 9 9 16 16 16 16 16 16 