245
100
2
2 3 3 3 3 3 8 8 8 8 10 10 10 10 11 12 12 12 12 13 15 15 15 15 15 15 15 19 19 19 20 22 22 22 22 22 22 22 22 22 22 22 22 22 22 22 22 22 22 24 24 24 25 25 26 26 26 26 26 28 32 32 33 33 33 33 35 35 35 35 35 35 35 35 42 42 42 42 42 42 42 42 42 42 42 42 42 42 42 42 42 42 43 43 43 43 43 43 43 43 43 43 43 44 44 44 44 44 45 45 46 46 46 46 46 46 46 46 46 46 46 46 47 47 49 49 49 49 49 49 52 52 52 55 55 55 55 55 55 55 55 56 56 56 56 56 56 56 56 57 57 57 57 57 57 57 58 58 58 58 58 58 58 58 60 60 60 60 60 62 62 62 63 63 63 63 64 64 64 64 65 66 66 66 67 67 67 67 68 68 68 68 69 69 69 70 70 70 70 70 
110 199 62 63 64 65 124 125 126 127 116 117 118 119 180 23 24 25 26 61 49 50 51 15 16 17 18 133 134 135 102 74 75 76 77 78 79 80 81 82 83 84 85 86 87 88 89 90 91 20 21 22 181 182 164 165 166 167 168 183 92 19 2 3 4 5 103 104 105 106 107 169 170 171 31 32 33 34 35 36 37 38 39 40 41 42 43 44 45 46 47 48 60 156 157 158 159 160 149 150 151 152 30 66 67 68 69 70 128 129 0 136 137 138 139 140 10 11 12 13 174 175 172 173 6 7 8 9 108 109 192 193 194 27 28 29 111 112 113 114 115 195 196 197 198 176 177 178 179 98 99 100 101 161 162 163 93 94 95 96 97 153 154 155 54 55 56 57 58 71 72 73 122 123 120 121 145 146 147 148 14 52 53 59 188 189 190 191 184 185 186 187 130 131 132 141 142 143 144 1 
882 370 561 561 561 561 681 681 681 681 363 363 363 363 606 412 412 412 412 328 313 313 313 412 412 412 412 971 971 971 609 814 814 814 814 814 814 814 814 814 814 814 814 814 814 814 814 814 814 313 313 313 389 389 993 993 993 993 993 932 758 328 561 561 561 561 295 295 295 295 295 909 909 909 814 814 814 814 814 814 814 814 814 814 814 814 814 814 814 814 814 814 758 780 780 780 780 780 628 628 628 628 609 295 295 295 295 295 793 793 882 601 601 601 601 601 363 363 363 363 689 689 809 809 681 681 681 681 793 793 264 264 264 971 971 971 601 601 601 601 601 244 244 244 244 321 321 321 321 628 628 628 628 581 581 581 780 780 780 780 780 581 581 581 993 993 993 993 993 909 909 909 809 809 689 689 321 321 321 321 606 389 389 932 698 698 698 698 698 698 698 698 264 264 264 244 244 244 244 370 
0 1 2 3 4 5 6 7 8 9 10 11 12 13 14 15 16 17 18 19 20 21 22 15 16 17 18 23 24 25 26 27 28 29 30 31 32 33 34 35 36 37 38 39 40 41 42 43 44 20 21 22 45 46 47 48 49 50 51 52 53 19 2 3 4 5 54 55 56 57 58 59 60 61 27 28 29 30 31 32 33 34 35 36 37 38 39 40 41 42 43 44 53 62 63 64 65 66 67 68 69 70 26 54 55 56 57 58 71 72 0 73 74 75 76 77 10 11 12 13 78 79 80 81 6 7 8 9 71 72 82 83 84 23 24 25 73 74 75 76 77 85 86 87 88 89 90 91 92 67 68 69 70 93 94 95 62 63 64 65 66 93 94 95 47 48 49 50 51 59 60 61 80 81 78 79 89 90 91 92 14 45 46 52 96 97 98 99 96 97 98 99 82 83 84 85 86 87 88 1 
62588
29
3 1 5 2 4 3 1 4 5 1 1 3 4 3 1 4 3 4 2 5 4 5 2 4 4 1 2 1 18 
52 32 43 25 56 15 2 43 35 13 3 19 3 35 11 8 57 67 47 46 10 26 46 12 56 28 45 20 22 
69 43 58 66 70 24 46 57 44 32 70 55 33 62 65 49 58 68 63 55 46 60 63 15 64 66 49 43 42 
264 758 780 389 244 313 882 628 295 328 370 971 561 909 606 681 581 698 809 601 363 993 689 412 321 932 793 609 814 
6 10 12 12 12 12 15 15 15 15 20 20 20 20 14 23 23 23 23 9 5 5 5 23 23 23 23 11 11 11 27 28 28 28 28 28 28 28 28 28 28 28 28 28 28 28 28 28 28 5 5 5 3 3 21 21 21 21 21 25 1 9 12 12 12 12 8 8 8 8 8 13 13 13 28 28 28 28 28 28 28 28 28 28 28 28 28 28 28 28 28 28 1 2 2 2 2 2 7 7 7 7 27 8 8 8 8 8 26 26 6 19 19 19 19 19 20 20 20 20 22 22 18 18 15 15 15 15 26 26 0 0 0 11 11 11 19 19 19 19 19 4 4 4 4 24 24 24 24 7 7 7 7 16 16 16 2 2 2 2 2 16 16 16 21 21 21 21 21 13 13 13 18 18 22 22 24 24 24 24 14 3 3 25 17 17 17 17 17 17 17 17 0 0 0 4 4 4 4 10 