907
100
2
1 1 1 1 1 1 3 3 3 3 3 3 3 3 3 5 5 5 5 5 7 7 7 8 8 8 8 8 10 10 10 10 13 13 14 14 14 14 14 19 21 21 21 21 21 21 21 21 21 21 21 21 21 21 21 21 21 21 21 21 23 23 23 23 23 24 24 25 26 26 26 26 26 28 28 28 28 28 28 28 28 28 28 28 28 28 28 28 28 28 28 28 28 28 28 28 28 28 29 30 34 34 34 34 34 34 35 35 35 35 35 36 36 36 36 36 36 36 36 41 41 41 41 42 42 42 43 47 47 47 47 47 47 48 49 49 49 49 49 49 52 52 52 52 52 52 52 52 52 53 53 53 53 53 53 53 53 53 53 53 53 57 57 57 57 58 58 58 58 60 60 60 60 60 60 60 60 61 61 61 61 61 63 63 64 66 66 66 66 67 67 67 67 70 70 70 70 70 70 70 
32 33 129 130 131 132 99 165 166 167 68 69 70 71 72 134 157 158 159 160 21 20 184 106 107 108 109 110 149 150 151 152 0 1 135 136 137 138 139 73 78 79 80 81 82 83 84 85 86 87 88 89 90 91 92 93 94 95 96 97 169 170 171 172 173 104 105 133 10 11 12 13 14 39 100 101 102 103 40 41 42 43 44 45 46 47 48 49 50 51 52 53 54 55 56 57 58 59 168 6 74 75 76 77 65 66 23 24 25 26 27 145 146 147 148 185 186 187 188 153 154 155 156 189 190 191 192 182 183 2 3 4 5 67 15 34 35 36 37 38 177 178 179 180 181 111 112 113 114 28 29 30 31 119 120 121 122 16 17 18 19 193 194 195 196 7 8 9 98 60 61 62 63 64 197 198 199 140 141 142 143 144 127 128 22 115 116 117 118 123 124 125 126 161 162 163 164 174 175 176 
517 517 387 387 387 387 849 779 779 779 376 376 376 376 376 564 397 397 397 397 699 699 655 482 482 482 482 482 785 785 785 785 517 517 217 217 217 217 217 641 853 853 853 853 853 853 853 853 853 853 853 853 853 853 853 853 853 853 853 853 459 459 459 459 459 396 396 547 376 376 376 376 376 641 509 509 509 509 853 853 853 853 853 853 853 853 853 853 853 853 853 853 853 853 853 853 853 853 956 849 509 509 509 509 396 396 482 482 482 482 482 773 773 773 773 486 486 486 486 461 461 461 461 782 782 782 226 211 211 387 387 387 387 547 564 217 217 217 217 217 589 589 589 589 589 773 773 773 773 785 785 785 785 461 461 461 461 397 397 397 397 719 719 719 719 779 779 779 956 459 459 459 459 459 365 365 365 589 589 589 589 589 211 211 655 486 486 486 486 782 782 782 226 719 719 719 719 365 365 365 
0 1 2 3 4 5 6 7 8 9 10 11 12 13 14 15 16 17 18 19 20 20 21 22 23 24 25 26 27 28 29 30 0 1 31 32 33 34 35 36 37 38 39 40 41 42 43 44 45 46 47 48 49 50 51 52 53 54 55 56 57 58 59 60 61 62 63 64 10 11 12 13 14 36 65 66 67 68 37 38 39 40 41 42 43 44 45 46 47 48 49 50 51 52 53 54 55 56 69 6 65 66 67 68 62 63 22 23 24 25 26 70 71 72 73 74 75 76 77 78 79 80 81 82 83 84 85 86 87 2 3 4 5 64 15 31 32 33 34 35 88 89 90 91 92 70 71 72 73 27 28 29 30 78 79 80 81 16 17 18 19 93 94 95 96 7 8 9 69 57 58 59 60 61 97 98 99 88 89 90 91 92 86 87 21 74 75 76 77 82 83 84 85 93 94 95 96 97 98 99 
58906
28
4 1 1 4 1 3 5 2 4 1 1 5 1 5 2 3 5 4 4 4 3 2 5 4 1 4 1 20 
10 19 3 28 7 3 52 47 57 7 29 3 5 23 1 42 14 36 36 41 60 24 8 5 43 1 25 21 
53 28 30 34 7 58 61 63 70 64 58 26 49 60 13 67 49 52 66 53 70 34 35 53 67 47 48 28 
785 641 849 509 699 779 589 211 719 655 956 376 564 459 517 782 217 773 486 461 365 396 482 397 226 387 547 853 
14 14 25 25 25 25 2 5 5 5 11 11 11 11 11 12 23 23 23 23 4 4 9 22 22 22 22 22 0 0 0 0 14 14 16 16 16 16 16 1 27 27 27 27 27 27 27 27 27 27 27 27 27 27 27 27 27 27 27 27 13 13 13 13 13 21 21 26 11 11 11 11 11 1 3 3 3 3 27 27 27 27 27 27 27 27 27 27 27 27 27 27 27 27 27 27 27 27 10 2 3 3 3 3 21 21 22 22 22 22 22 17 17 17 17 18 18 18 18 19 19 19 19 15 15 15 24 7 7 25 25 25 25 26 12 16 16 16 16 16 6 6 6 6 6 17 17 17 17 0 0 0 0 19 19 19 19 23 23 23 23 8 8 8 8 5 5 5 10 13 13 13 13 13 20 20 20 6 6 6 6 6 7 7 9 18 18 18 18 15 15 15 24 8 8 8 8 20 20 20 