336
100
2
3 3 3 3 3 3 3 3 3 3 4 4 4 4 4 4 4 4 4 4 4 4 4 4 4 4 4 4 4 4 4 4 4 4 4 5 5 5 5 5 5 5 5 5 5 5 5 5 5 5 5 8 8 8 8 8 8 8 8 8 9 9 9 9 9 9 9 9 9 9 9 9 9 10 10 10 10 10 10 10 10 10 15 15 15 15 15 15 15 15 15 15 15 35 35 35 35 36 36 36 36 36 36 36 36 36 36 36 36 42 42 42 42 42 42 42 42 42 42 42 45 45 45 45 45 45 45 45 45 45 45 45 45 45 45 45 45 45 45 45 45 45 51 51 51 51 51 51 51 51 51 51 51 58 58 58 58 58 58 58 58 58 65 65 66 66 66 66 66 66 66 66 66 66 66 66 66 67 67 67 67 67 67 67 67 67 67 67 67 69 69 69 69 70 70 70 70 70 70 70 
120 121 122 123 124 125 126 127 128 129 60 61 62 63 64 65 66 67 68 69 70 71 72 97 98 99 100 101 102 103 104 105 106 107 108 193 194 195 196 197 198 199 51 52 53 54 55 56 57 58 59 42 43 44 45 46 47 48 49 50 10 11 12 13 14 15 16 17 18 19 20 21 22 153 154 155 156 157 158 159 160 161 109 110 111 112 113 114 115 116 117 118 119 189 190 191 192 23 24 25 26 27 28 29 30 31 32 33 34 82 83 84 85 86 87 88 89 90 91 92 0 1 2 3 4 5 6 7 8 9 177 178 179 180 181 182 183 184 185 186 187 188 164 165 166 167 168 169 170 171 172 173 174 73 74 75 76 77 78 79 80 81 175 176 142 143 144 145 146 147 148 149 150 151 152 162 163 130 131 132 133 134 135 136 137 138 139 140 141 93 94 95 96 35 36 37 38 39 40 41 
317 317 317 317 317 317 317 317 317 317 678 678 678 678 678 678 678 678 678 678 678 678 678 847 847 847 847 847 847 847 847 847 847 847 847 193 193 193 193 193 193 193 667 667 667 667 667 667 667 667 667 667 667 667 667 667 667 667 667 667 678 678 678 678 678 678 678 678 678 678 678 678 678 597 597 597 597 597 597 597 597 597 754 754 754 754 754 754 754 754 754 754 754 530 530 530 530 847 847 847 847 847 847 847 847 847 847 847 847 754 754 754 754 754 754 754 754 754 754 754 317 317 317 317 317 317 317 317 317 317 503 503 503 503 503 503 503 503 503 503 503 503 330 330 330 330 330 330 330 330 330 330 330 597 597 597 597 597 597 597 597 597 688 688 330 330 330 330 330 330 330 330 330 330 330 688 688 503 503 503 503 503 503 503 503 503 503 503 503 530 530 530 530 193 193 193 193 193 193 193 
0 1 2 3 4 5 6 7 8 9 10 11 12 13 14 15 16 17 18 19 20 21 22 23 24 25 26 27 28 29 30 31 32 33 34 35 36 37 38 39 40 41 42 43 44 45 46 47 48 49 50 42 43 44 45 46 47 48 49 50 10 11 12 13 14 15 16 17 18 19 20 21 22 51 52 53 54 55 56 57 58 59 60 61 62 63 64 65 66 67 68 69 70 71 72 73 74 23 24 25 26 27 28 29 30 31 32 33 34 60 61 62 63 64 65 66 67 68 69 70 0 1 2 3 4 5 6 7 8 9 75 76 77 78 79 80 81 82 83 84 85 86 87 88 89 90 91 92 93 94 95 96 97 51 52 53 54 55 56 57 58 59 98 99 87 88 89 90 91 92 93 94 95 96 97 98 99 75 76 77 78 79 80 81 82 83 84 85 86 71 72 73 74 35 36 37 38 39 40 41 
56331
11
7 11 11 2 9 4 13 9 12 10 12 
5 51 15 65 10 35 4 5 4 3 45 
70 66 42 66 58 69 9 8 36 45 67 
193 330 754 688 597 530 678 667 847 317 503 
9 9 9 9 9 9 9 9 9 9 6 6 6 6 6 6 6 6 6 6 6 6 6 8 8 8 8 8 8 8 8 8 8 8 8 0 0 0 0 0 0 0 7 7 7 7 7 7 7 7 7 7 7 7 7 7 7 7 7 7 6 6 6 6 6 6 6 6 6 6 6 6 6 4 4 4 4 4 4 4 4 4 2 2 2 2 2 2 2 2 2 2 2 5 5 5 5 8 8 8 8 8 8 8 8 8 8 8 8 2 2 2 2 2 2 2 2 2 2 2 9 9 9 9 9 9 9 9 9 9 10 10 10 10 10 10 10 10 10 10 10 10 1 1 1 1 1 1 1 1 1 1 1 4 4 4 4 4 4 4 4 4 3 3 1 1 1 1 1 1 1 1 1 1 1 3 3 10 10 10 10 10 10 10 10 10 10 10 10 5 5 5 5 0 0 0 0 0 0 0 