236
100
2
1 1 1 1 1 1 2 2 2 2 2 2 2 4 4 4 4 5 5 5 5 5 6 6 6 6 6 7 7 7 7 7 8 8 8 8 9 9 9 9 9 9 9 9 9 9 9 9 9 9 9 11 11 11 16 16 16 17 17 17 18 18 19 19 19 19 19 19 19 19 19 19 19 19 20 20 20 20 20 20 22 22 22 22 26 26 31 31 31 31 31 33 33 34 34 34 34 34 34 34 35 35 35 35 35 35 35 35 35 35 35 35 35 35 35 37 37 40 40 40 40 40 40 40 40 40 40 40 43 43 43 43 43 48 48 48 48 49 49 49 49 49 49 49 54 54 54 55 55 55 55 55 55 55 56 56 56 56 56 58 58 58 59 59 59 59 59 59 59 61 61 61 61 61 61 61 61 61 61 61 63 63 63 65 65 65 65 68 68 68 68 69 69 69 69 69 69 69 70 70 
74 75 76 77 78 79 71 72 73 183 184 185 186 169 170 171 172 22 23 24 25 26 17 18 19 20 21 154 155 156 157 158 62 63 64 65 100 101 102 103 104 105 106 107 108 109 110 111 112 113 114 180 181 182 159 160 161 144 145 146 91 92 32 33 34 35 128 129 130 131 132 6 7 8 0 1 2 3 4 5 133 134 135 136 98 99 93 94 95 96 97 60 61 86 87 88 89 90 84 85 36 37 38 39 40 41 42 43 44 45 46 47 48 49 50 198 199 137 138 139 140 141 142 143 187 188 189 190 66 67 68 69 70 80 81 82 83 117 118 119 120 121 122 123 57 58 59 173 174 175 176 177 178 179 27 28 29 30 31 54 55 56 191 192 193 194 195 196 197 13 14 15 16 147 148 149 150 151 152 153 51 52 53 9 10 11 12 124 125 126 127 162 163 164 165 166 167 168 115 116 
626 626 626 626 626 626 416 416 416 873 873 873 873 162 162 162 162 835 835 835 835 835 835 835 835 835 835 196 196 196 196 196 565 565 565 565 191 191 191 191 191 191 191 191 191 191 191 191 191 191 191 209 209 209 637 637 637 200 200 200 749 749 565 565 565 565 378 378 378 378 378 416 416 416 626 626 626 626 626 626 696 696 696 696 619 619 441 441 441 441 441 749 749 441 441 441 441 441 619 619 191 191 191 191 191 191 191 191 191 191 191 191 191 191 191 925 925 308 308 308 308 308 308 308 927 927 927 927 378 378 378 378 378 696 696 696 696 308 308 308 308 308 308 308 200 200 200 404 404 404 404 404 404 404 196 196 196 196 196 637 637 637 901 901 901 901 901 901 901 162 162 162 162 404 404 404 404 404 404 404 209 209 209 873 873 873 873 927 927 927 927 901 901 901 901 901 901 901 925 925 
0 1 2 3 4 5 6 7 8 9 10 11 12 13 14 15 16 17 18 19 20 21 17 18 19 20 21 22 23 24 25 26 27 28 29 30 31 32 33 34 35 36 37 38 39 40 41 42 43 44 45 46 47 48 49 50 51 52 53 54 55 56 27 28 29 30 57 58 59 60 61 6 7 8 0 1 2 3 4 5 62 63 64 65 66 67 68 69 70 71 72 55 56 68 69 70 71 72 66 67 31 32 33 34 35 36 37 38 39 40 41 42 43 44 45 73 74 75 76 77 78 79 80 81 82 83 84 85 57 58 59 60 61 62 63 64 65 75 76 77 78 79 80 81 52 53 54 86 87 88 89 90 91 92 22 23 24 25 26 49 50 51 93 94 95 96 97 98 99 13 14 15 16 86 87 88 89 90 91 92 46 47 48 9 10 11 12 82 83 84 85 93 94 95 96 97 98 99 73 74 
49026
21
5 3 4 5 5 6 7 3 5 2 2 4 2 4 3 4 4 3 7 7 15 
31 17 8 5 19 1 40 2 7 26 18 2 37 40 11 22 4 16 55 59 9 
34 54 19 6 43 20 49 19 56 34 33 65 70 68 63 48 61 58 61 69 35 
441 200 565 835 378 626 308 416 196 619 749 873 925 927 209 696 162 637 404 901 191 
5 5 5 5 5 5 7 7 7 11 11 11 11 16 16 16 16 3 3 3 3 3 3 3 3 3 3 8 8 8 8 8 2 2 2 2 20 20 20 20 20 20 20 20 20 20 20 20 20 20 20 14 14 14 17 17 17 1 1 1 10 10 2 2 2 2 4 4 4 4 4 7 7 7 5 5 5 5 5 5 15 15 15 15 9 9 0 0 0 0 0 10 10 0 0 0 0 0 9 9 20 20 20 20 20 20 20 20 20 20 20 20 20 20 20 12 12 6 6 6 6 6 6 6 13 13 13 13 4 4 4 4 4 15 15 15 15 6 6 6 6 6 6 6 1 1 1 18 18 18 18 18 18 18 8 8 8 8 8 17 17 17 19 19 19 19 19 19 19 16 16 16 16 18 18 18 18 18 18 18 14 14 14 11 11 11 11 13 13 13 13 19 19 19 19 19 19 19 12 12 