290
100
2
1 1 1 1 2 2 2 2 2 2 2 2 4 4 4 4 4 4 5 5 5 5 5 5 5 6 7 7 7 7 9 9 9 9 9 10 10 10 10 11 11 11 11 11 11 11 11 11 11 11 12 12 12 12 12 13 14 14 14 14 15 15 15 15 15 15 15 15 18 18 18 19 19 19 23 25 25 25 25 26 27 29 29 29 29 29 29 29 30 30 30 30 30 30 30 30 31 33 33 36 36 38 38 38 38 38 38 38 38 38 38 38 38 38 38 38 38 38 40 40 42 42 42 42 42 42 42 42 43 43 43 43 43 43 43 44 45 45 45 45 45 46 46 47 47 49 49 49 49 49 51 55 55 55 55 57 57 57 57 59 59 59 59 59 59 59 59 61 61 61 61 61 61 61 61 61 61 61 61 61 61 61 61 61 62 62 62 62 64 64 64 64 64 64 65 68 68 70 70 70 
35 36 37 38 184 185 186 187 131 132 133 134 151 152 153 154 157 158 188 189 190 84 85 86 87 135 56 57 58 59 145 146 147 148 149 0 1 2 3 75 76 77 78 68 69 70 64 65 66 67 159 160 161 162 163 74 26 27 28 29 79 81 82 83 46 47 48 49 43 44 45 164 165 166 55 39 40 41 42 60 96 61 62 63 21 22 23 24 89 88 91 90 93 92 95 94 80 118 119 155 156 167 168 169 170 171 172 173 174 175 176 177 178 179 180 181 182 183 97 98 121 120 123 122 125 124 127 126 136 137 138 8 9 10 11 25 128 129 130 143 144 195 196 139 140 30 31 32 33 34 194 12 13 14 15 99 100 16 17 50 51 52 53 54 71 72 73 101 102 103 104 105 106 107 108 109 110 111 112 113 114 115 116 117 4 5 6 7 18 19 20 197 198 199 150 141 142 191 192 193 
825 825 825 825 828 828 828 828 248 248 248 248 738 738 738 738 520 520 607 607 607 568 568 568 568 528 837 837 837 837 480 480 480 480 480 825 825 825 825 993 993 993 993 194 194 194 548 548 548 548 393 393 393 393 393 364 837 837 837 837 477 666 666 666 548 548 548 548 194 194 194 662 662 662 364 993 993 993 993 477 347 666 666 666 568 568 568 568 808 808 808 808 808 808 808 808 347 314 314 606 606 745 745 745 745 745 745 745 745 745 745 745 745 745 745 745 745 745 314 314 776 776 776 776 776 776 776 776 241 241 241 248 248 248 248 528 241 241 241 459 459 512 512 459 459 480 480 480 480 480 866 738 738 738 738 606 606 520 520 393 393 393 393 393 662 662 662 745 745 745 745 745 745 745 745 745 745 745 745 745 745 745 745 745 828 828 828 828 607 607 607 183 183 183 866 512 512 183 183 183 
0 1 2 3 4 5 6 7 8 9 10 11 12 13 14 15 16 17 18 19 20 21 22 23 24 25 26 27 28 29 30 31 32 33 34 0 1 2 3 35 36 37 38 39 40 41 42 43 44 45 46 47 48 49 50 51 26 27 28 29 52 53 54 55 42 43 44 45 39 40 41 56 57 58 51 35 36 37 38 52 59 53 54 55 21 22 23 24 60 60 61 61 62 62 63 63 59 64 65 66 67 68 69 70 71 72 73 74 75 76 77 78 79 80 81 82 83 84 64 65 85 85 86 86 87 87 88 88 89 90 91 8 9 10 11 25 89 90 91 92 93 94 95 92 93 30 31 32 33 34 96 12 13 14 15 66 67 16 17 46 47 48 49 50 56 57 58 68 69 70 71 72 73 74 75 76 77 78 79 80 81 82 83 84 4 5 6 7 18 19 20 97 98 99 96 94 95 97 98 99 
60769
29
2 4 1 3 1 4 1 2 3 4 1 5 2 1 4 3 4 2 3 3 5 3 4 4 4 2 4 4 17 
33 4 51 5 6 11 27 46 11 7 13 9 36 15 42 43 2 4 15 64 12 19 1 11 30 45 2 5 38 
40 55 65 64 44 25 31 68 18 14 23 49 57 26 42 45 62 57 29 70 59 59 10 15 30 47 43 29 61 
314 738 866 607 528 993 347 512 194 837 364 480 606 477 776 241 828 520 666 183 393 662 825 548 808 459 248 568 745 
22 22 22 22 16 16 16 16 26 26 26 26 1 1 1 1 17 17 3 3 3 27 27 27 27 4 9 9 9 9 11 11 11 11 11 22 22 22 22 5 5 5 5 8 8 8 23 23 23 23 20 20 20 20 20 10 9 9 9 9 13 18 18 18 23 23 23 23 8 8 8 21 21 21 10 5 5 5 5 13 6 18 18 18 27 27 27 27 24 24 24 24 24 24 24 24 6 0 0 12 12 28 28 28 28 28 28 28 28 28 28 28 28 28 28 28 28 28 0 0 14 14 14 14 14 14 14 14 15 15 15 26 26 26 26 4 15 15 15 25 25 7 7 25 25 11 11 11 11 11 2 1 1 1 1 12 12 17 17 20 20 20 20 20 21 21 21 28 28 28 28 28 28 28 28 28 28 28 28 28 28 28 28 28 16 16 16 16 3 3 3 19 19 19 2 7 7 19 19 19 