485
100
2
1 1 1 1 1 1 1 1 1 1 4 4 4 4 4 4 4 4 4 4 5 5 5 5 5 5 5 5 5 5 5 5 5 5 5 5 6 6 6 6 6 6 6 6 6 6 7 7 7 7 7 7 7 7 7 7 10 10 11 11 11 11 11 11 15 15 15 15 15 15 15 15 15 15 15 15 15 15 15 15 15 15 16 16 16 16 20 20 20 20 20 20 20 20 20 20 20 20 20 20 20 20 20 21 21 21 22 22 25 25 25 28 28 28 28 28 28 28 28 33 33 35 35 36 36 36 36 36 36 36 36 36 36 43 43 43 43 43 43 43 43 44 44 44 44 45 45 45 45 45 45 45 45 45 45 50 50 50 50 50 50 50 55 55 55 55 56 56 56 56 58 58 58 58 58 58 58 58 59 59 59 59 59 59 59 59 59 59 69 69 69 69 69 69 70 70 70 70 70 70 
145 146 147 148 149 150 151 152 153 154 36 37 38 39 40 41 42 43 44 45 72 73 74 75 76 77 78 79 80 81 58 59 60 61 62 63 10 11 12 13 14 15 16 17 18 19 123 124 125 126 127 128 129 130 131 132 119 120 30 31 32 33 34 35 111 112 113 114 115 116 117 118 20 21 22 23 24 25 26 27 28 29 141 142 143 144 178 179 180 181 182 183 184 185 186 187 155 156 157 158 159 160 161 108 109 110 121 122 103 104 105 64 65 66 67 68 69 70 71 56 57 106 107 46 47 48 49 50 51 52 53 54 55 170 171 172 173 174 175 176 177 82 83 84 85 0 1 2 3 4 5 6 7 8 9 96 97 98 99 100 101 102 166 167 168 169 162 163 164 165 133 134 135 136 137 138 139 140 86 87 88 89 90 91 92 93 94 95 194 195 196 197 198 199 188 189 190 191 192 193 
380 380 380 380 380 380 380 380 380 380 400 400 400 400 400 400 400 400 400 400 627 627 627 627 627 627 627 627 627 627 989 989 989 989 989 989 400 400 400 400 400 400 400 400 400 400 721 721 721 721 721 721 721 721 721 721 532 532 989 989 989 989 989 989 560 560 560 560 560 560 560 560 627 627 627 627 627 627 627 627 627 627 235 235 235 235 688 688 688 688 688 688 688 688 688 688 736 736 736 736 736 736 736 185 185 185 252 252 185 185 185 560 560 560 560 560 560 560 560 532 532 252 252 721 721 721 721 721 721 721 721 721 721 725 725 725 725 725 725 725 725 235 235 235 235 380 380 380 380 380 380 380 380 380 380 736 736 736 736 736 736 736 352 352 352 352 352 352 352 352 725 725 725 725 725 725 725 725 688 688 688 688 688 688 688 688 688 688 944 944 944 944 944 944 944 944 944 944 944 944 
0 1 2 3 4 5 6 7 8 9 10 11 12 13 14 15 16 17 18 19 20 21 22 23 24 25 26 27 28 29 30 31 32 33 34 35 10 11 12 13 14 15 16 17 18 19 36 37 38 39 40 41 42 43 44 45 46 47 30 31 32 33 34 35 48 49 50 51 52 53 54 55 20 21 22 23 24 25 26 27 28 29 56 57 58 59 60 61 62 63 64 65 66 67 68 69 70 71 72 73 74 75 76 77 78 79 80 81 77 78 79 48 49 50 51 52 53 54 55 46 47 80 81 36 37 38 39 40 41 42 43 44 45 82 83 84 85 86 87 88 89 56 57 58 59 0 1 2 3 4 5 6 7 8 9 70 71 72 73 74 75 76 90 91 92 93 90 91 92 93 82 83 84 85 86 87 88 89 60 61 62 63 64 65 66 67 68 69 94 95 96 97 98 99 94 95 96 97 98 99 
59661
15
4 2 3 10 6 4 7 8 10 10 6 8 10 2 10 
55 22 21 20 69 16 20 15 5 1 5 43 4 10 7 
56 35 25 59 70 44 50 28 15 45 11 58 6 33 36 
352 252 185 688 944 235 736 560 627 380 989 725 400 532 721 
9 9 9 9 9 9 9 9 9 9 12 12 12 12 12 12 12 12 12 12 8 8 8 8 8 8 8 8 8 8 10 10 10 10 10 10 12 12 12 12 12 12 12 12 12 12 14 14 14 14 14 14 14 14 14 14 13 13 10 10 10 10 10 10 7 7 7 7 7 7 7 7 8 8 8 8 8 8 8 8 8 8 5 5 5 5 3 3 3 3 3 3 3 3 3 3 6 6 6 6 6 6 6 2 2 2 1 1 2 2 2 7 7 7 7 7 7 7 7 13 13 1 1 14 14 14 14 14 14 14 14 14 14 11 11 11 11 11 11 11 11 5 5 5 5 9 9 9 9 9 9 9 9 9 9 6 6 6 6 6 6 6 0 0 0 0 0 0 0 0 11 11 11 11 11 11 11 11 3 3 3 3 3 3 3 3 3 3 4 4 4 4 4 4 4 4 4 4 4 4 