796
100
2
1 1 1 1 3 3 3 3 4 4 4 4 4 7 7 7 7 9 9 9 9 11 11 11 14 14 14 14 14 14 14 14 15 15 15 15 15 15 15 15 15 15 15 15 15 19 19 19 21 21 21 24 24 24 24 24 26 26 26 26 28 28 28 28 28 28 28 29 29 30 30 30 30 30 30 30 30 30 30 30 30 30 30 30 30 30 30 30 30 30 30 30 30 30 31 31 31 31 31 35 36 36 36 36 36 36 36 36 36 37 37 37 37 37 37 37 37 37 37 41 41 41 41 43 43 43 43 43 43 43 43 43 43 45 45 45 45 45 45 45 50 50 50 50 50 53 53 53 53 55 55 55 55 55 55 55 55 55 55 55 55 56 56 58 58 58 58 58 60 60 60 60 60 60 60 60 60 61 61 61 61 61 61 61 61 62 62 62 62 62 63 63 63 63 63 67 67 67 67 67 
119 120 121 122 105 106 107 108 123 124 125 126 127 136 137 138 139 195 196 197 198 153 154 155 60 61 62 63 168 169 170 171 81 82 83 84 85 86 87 88 89 90 91 92 93 78 79 80 182 183 184 114 115 116 117 118 69 70 71 72 24 25 26 27 133 134 135 161 162 56 57 58 59 140 141 142 143 144 45 46 47 32 33 34 35 36 37 38 39 40 41 42 43 44 172 173 174 175 176 199 177 178 179 180 181 4 5 6 7 128 129 130 131 132 51 52 53 54 55 0 1 2 3 8 9 10 11 12 109 110 111 112 113 64 65 66 13 14 15 16 73 74 75 76 77 149 150 151 152 145 146 147 148 21 22 23 190 191 192 193 194 67 68 185 186 187 188 189 28 29 30 31 94 95 96 97 98 100 101 102 103 104 48 49 50 163 164 165 166 167 156 157 158 159 160 17 18 19 20 99 
183 183 183 183 790 790 790 790 414 414 414 414 414 766 766 766 766 756 756 756 756 198 198 198 681 681 681 681 459 459 459 459 509 509 509 509 509 509 509 509 509 509 509 509 509 337 337 337 638 638 638 930 930 930 930 930 906 906 906 906 681 681 681 681 884 884 884 642 642 906 906 906 906 940 940 940 940 940 337 337 337 509 509 509 509 509 509 509 509 509 509 509 509 509 314 314 314 314 314 760 697 697 697 697 697 790 790 790 790 783 783 783 783 783 930 930 930 930 930 183 183 183 183 414 414 414 414 414 783 783 783 783 783 884 884 884 766 766 766 766 940 940 940 940 940 893 893 893 893 893 893 893 893 198 198 198 362 362 362 362 362 642 642 287 287 287 287 287 459 459 459 459 314 314 314 314 314 697 697 697 697 697 638 638 638 287 287 287 287 287 362 362 362 362 362 756 756 756 756 760 
0 1 2 3 4 5 6 7 8 9 10 11 12 13 14 15 16 17 18 19 20 21 22 23 24 25 26 27 28 29 30 31 32 33 34 35 36 37 38 39 40 41 42 43 44 45 46 47 48 49 50 51 52 53 54 55 56 57 58 59 24 25 26 27 60 61 62 63 64 56 57 58 59 65 66 67 68 69 45 46 47 32 33 34 35 36 37 38 39 40 41 42 43 44 70 71 72 73 74 75 76 77 78 79 80 4 5 6 7 81 82 83 84 85 51 52 53 54 55 0 1 2 3 8 9 10 11 12 81 82 83 84 85 60 61 62 13 14 15 16 65 66 67 68 69 86 87 88 89 86 87 88 89 21 22 23 90 91 92 93 94 63 64 95 96 97 98 99 28 29 30 31 70 71 72 73 74 76 77 78 79 80 48 49 50 95 96 97 98 99 90 91 92 93 94 17 18 19 20 75 
60203
23
2 4 4 5 4 5 5 3 4 4 5 5 5 4 4 4 3 3 5 5 1 3 13 
29 26 53 4 14 37 58 28 14 9 36 30 24 1 3 7 19 11 31 55 35 21 15 
56 30 55 43 28 43 62 45 60 67 61 50 37 41 36 45 30 55 60 63 67 61 30 
642 906 893 414 681 783 287 884 459 756 697 940 930 183 790 766 337 198 314 362 760 638 509 
13 13 13 13 14 14 14 14 3 3 3 3 3 15 15 15 15 9 9 9 9 17 17 17 4 4 4 4 8 8 8 8 22 22 22 22 22 22 22 22 22 22 22 22 22 16 16 16 21 21 21 12 12 12 12 12 1 1 1 1 4 4 4 4 7 7 7 0 0 1 1 1 1 11 11 11 11 11 16 16 16 22 22 22 22 22 22 22 22 22 22 22 22 22 18 18 18 18 18 20 10 10 10 10 10 14 14 14 14 5 5 5 5 5 12 12 12 12 12 13 13 13 13 3 3 3 3 3 5 5 5 5 5 7 7 7 15 15 15 15 11 11 11 11 11 2 2 2 2 2 2 2 2 17 17 17 19 19 19 19 19 0 0 6 6 6 6 6 8 8 8 8 18 18 18 18 18 10 10 10 10 10 21 21 21 6 6 6 6 6 19 19 19 19 19 9 9 9 9 20 