566
100
2
1 5 7 7 7 7 7 11 11 11 11 11 12 12 12 13 13 13 15 15 15 15 15 15 15 15 15 15 15 15 15 15 15 17 17 17 17 17 17 17 17 17 17 17 17 17 17 17 17 17 19 19 19 19 19 21 21 21 23 23 23 23 28 28 29 29 29 29 29 30 30 30 30 31 31 31 31 31 31 31 31 31 31 31 31 31 31 31 31 31 33 33 33 33 33 37 37 37 37 37 37 37 37 38 38 38 39 39 39 40 40 40 41 41 41 42 42 42 42 42 43 43 44 44 44 44 44 44 44 44 44 44 44 47 47 47 47 49 49 49 49 50 51 51 54 54 54 54 55 55 55 55 55 55 55 55 55 55 56 56 56 56 56 57 58 58 58 58 58 59 59 59 59 64 65 65 65 65 66 66 66 66 66 66 66 68 68 68 68 68 68 68 68 68 68 68 69 69 69 69 
94 199 7 8 9 10 11 2 3 4 5 6 112 113 114 106 107 108 174 175 176 177 100 101 102 26 25 28 27 30 29 32 31 73 74 75 76 77 78 79 80 81 82 83 84 85 86 87 88 89 173 185 186 187 141 109 110 111 188 189 190 191 178 179 164 165 166 167 168 133 134 135 136 33 34 35 36 37 38 39 40 41 42 43 44 45 46 47 48 49 144 145 146 147 0 115 116 117 118 119 22 23 24 122 123 124 15 16 17 55 56 57 12 13 14 95 96 97 98 99 142 143 103 104 105 196 197 198 158 159 160 161 162 69 70 71 72 149 150 151 152 54 120 121 90 91 92 93 163 137 138 139 140 180 181 182 183 184 128 129 130 131 132 148 64 65 66 67 68 192 193 194 195 50 18 19 20 21 62 63 153 154 155 156 157 51 52 53 58 59 60 61 169 170 171 172 125 126 127 1 
531 380 633 633 633 633 633 633 633 633 633 633 192 192 192 305 305 305 859 859 859 859 347 347 347 421 421 421 421 421 421 421 421 704 704 704 704 704 704 704 704 704 704 704 704 704 704 704 704 704 715 174 174 174 683 248 248 248 645 645 645 645 377 377 794 794 794 794 794 874 874 874 874 704 704 704 704 704 704 704 704 704 704 704 704 704 704 704 704 704 760 760 760 760 531 178 178 178 178 178 347 347 347 641 641 641 305 305 305 248 248 248 192 192 192 178 178 178 178 178 212 212 641 641 641 680 680 680 227 227 227 227 227 874 874 874 874 252 252 252 252 683 212 212 760 760 760 760 631 252 252 252 252 648 648 648 648 648 227 227 227 227 227 631 794 794 794 794 794 341 341 341 341 715 859 859 859 859 377 377 648 648 648 648 648 174 174 174 645 645 645 645 341 341 341 341 680 680 680 380 
0 1 2 3 4 5 6 2 3 4 5 6 7 8 9 10 11 12 13 14 15 16 17 18 19 20 20 21 21 22 22 23 23 24 25 26 27 28 29 30 31 32 33 34 35 36 37 38 39 40 41 42 43 44 45 46 47 48 49 50 51 52 53 54 55 56 57 58 59 60 61 62 63 24 25 26 27 28 29 30 31 32 33 34 35 36 37 38 39 40 64 65 66 67 0 68 69 70 71 72 17 18 19 73 74 75 10 11 12 46 47 48 7 8 9 68 69 70 71 72 76 77 73 74 75 78 79 80 81 82 83 84 85 60 61 62 63 86 87 88 89 45 76 77 64 65 66 67 90 86 87 88 89 91 92 93 94 95 81 82 83 84 85 90 55 56 57 58 59 96 97 98 99 41 13 14 15 16 53 54 91 92 93 94 95 42 43 44 49 50 51 52 96 97 98 99 78 79 80 1 
52855
27
5 2 4 3 1 1 3 3 4 3 3 3 4 5 5 3 1 4 4 4 2 1 5 4 1 5 17 
37 28 15 38 55 19 12 13 33 44 21 15 49 55 29 19 19 23 15 59 43 1 44 30 5 7 17 
42 66 65 44 57 64 41 39 54 69 40 37 55 66 58 68 50 68 15 68 51 33 56 47 69 11 31 
178 377 859 641 631 715 192 305 760 680 248 347 252 648 794 174 683 645 421 341 212 531 227 874 380 633 704 
21 24 25 25 25 25 25 25 25 25 25 25 6 6 6 7 7 7 2 2 2 2 11 11 11 18 18 18 18 18 18 18 18 26 26 26 26 26 26 26 26 26 26 26 26 26 26 26 26 26 5 15 15 15 16 10 10 10 17 17 17 17 1 1 14 14 14 14 14 23 23 23 23 26 26 26 26 26 26 26 26 26 26 26 26 26 26 26 26 26 8 8 8 8 21 0 0 0 0 0 11 11 11 3 3 3 7 7 7 10 10 10 6 6 6 0 0 0 0 0 20 20 3 3 3 9 9 9 22 22 22 22 22 23 23 23 23 12 12 12 12 16 20 20 8 8 8 8 4 12 12 12 12 13 13 13 13 13 22 22 22 22 22 4 14 14 14 14 14 19 19 19 19 5 2 2 2 2 1 1 13 13 13 13 13 15 15 15 17 17 17 17 19 19 19 19 9 9 9 24 