613
100
2
6 6 6 6 6 6 6 12 12 12 12 12 12 12 14 14 14 14 15 15 15 15 15 15 15 15 15 15 15 15 15 15 15 15 15 15 15 15 15 15 15 15 17 17 17 17 18 18 18 18 18 18 18 18 18 18 18 18 18 18 18 18 18 24 24 24 24 25 25 25 25 28 28 28 28 28 28 28 28 28 28 28 28 28 28 28 28 28 28 29 29 29 29 29 29 29 29 29 29 29 29 29 29 29 29 29 29 29 29 29 30 30 30 30 39 39 39 39 39 50 50 50 50 52 52 52 52 52 52 52 52 52 52 52 57 57 57 57 57 57 57 57 57 57 57 58 58 58 58 58 58 58 58 58 58 58 58 58 58 59 59 59 59 63 63 63 63 63 63 63 63 63 63 63 63 63 63 63 63 63 63 63 63 63 64 64 64 64 64 70 70 70 70 70 70 70 70 70 70 70 
7 8 9 10 11 12 13 0 1 2 3 4 5 6 63 64 65 66 19 18 21 20 23 22 25 24 27 26 29 28 31 30 33 32 35 34 37 36 39 38 41 40 89 90 91 92 82 83 84 85 86 87 88 149 150 151 152 153 154 155 156 157 158 14 15 16 17 110 111 112 113 134 135 136 137 138 139 140 141 142 143 144 46 47 48 49 50 51 52 42 43 44 45 167 168 169 170 171 172 173 174 175 176 177 178 179 180 181 182 183 67 68 69 70 184 185 186 187 188 163 164 165 166 189 190 191 192 193 194 195 196 197 198 199 71 72 73 74 75 76 77 78 79 80 81 159 160 161 162 53 54 55 56 57 58 59 60 61 62 145 146 147 148 119 120 121 122 93 94 95 96 97 98 99 100 101 102 103 104 105 106 107 108 109 114 115 116 117 118 123 124 125 126 127 128 129 130 131 132 133 
268 268 268 268 268 268 268 268 268 268 268 268 268 268 528 528 528 528 910 910 910 910 910 910 910 910 910 910 910 910 910 910 910 910 910 910 910 910 910 910 910 910 215 215 215 215 588 588 588 588 588 588 588 824 824 824 824 824 824 824 824 824 824 528 528 528 528 663 663 663 663 513 513 513 513 513 513 513 513 513 513 513 588 588 588 588 588 588 588 215 215 215 215 660 660 660 660 660 660 660 660 660 660 660 660 660 660 660 660 660 663 663 663 663 269 269 269 269 269 730 730 730 730 286 286 286 286 286 286 286 286 286 286 286 513 513 513 513 513 513 513 513 513 513 513 513 513 513 513 824 824 824 824 824 824 824 824 824 824 513 513 513 513 730 730 730 730 660 660 660 660 660 660 660 660 660 660 660 660 660 660 660 660 660 269 269 269 269 269 286 286 286 286 286 286 286 286 286 286 286 
0 1 2 3 4 5 6 0 1 2 3 4 5 6 7 8 9 10 11 11 12 12 13 13 14 14 15 15 16 16 17 17 18 18 19 19 20 20 21 21 22 22 23 24 25 26 27 28 29 30 31 32 33 34 35 36 37 38 39 40 41 42 43 7 8 9 10 44 45 46 47 48 49 50 51 52 53 54 55 56 57 58 27 28 29 30 31 32 33 23 24 25 26 59 60 61 62 63 64 65 66 67 68 69 70 71 72 73 74 75 44 45 46 47 76 77 78 79 80 81 82 83 84 85 86 87 88 89 90 91 92 93 94 95 48 49 50 51 52 53 54 55 56 57 58 96 97 98 99 34 35 36 37 38 39 40 41 42 43 96 97 98 99 81 82 83 84 59 60 61 62 63 64 65 66 67 68 69 70 71 72 73 74 75 76 77 78 79 80 85 86 87 88 89 90 91 92 93 94 95 
57102
13
5 11 4 4 11 7 4 4 12 7 10 4 17 
39 28 17 58 52 18 25 14 15 6 18 50 29 
64 57 29 59 70 28 30 24 15 12 58 63 63 
269 513 215 513 286 588 663 528 910 268 824 730 660 
9 9 9 9 9 9 9 9 9 9 9 9 9 9 7 7 7 7 8 8 8 8 8 8 8 8 8 8 8 8 8 8 8 8 8 8 8 8 8 8 8 8 2 2 2 2 5 5 5 5 5 5 5 10 10 10 10 10 10 10 10 10 10 7 7 7 7 6 6 6 6 1 1 1 1 1 1 1 1 1 1 1 5 5 5 5 5 5 5 2 2 2 2 12 12 12 12 12 12 12 12 12 12 12 12 12 12 12 12 12 6 6 6 6 0 0 0 0 0 11 11 11 11 4 4 4 4 4 4 4 4 4 4 4 1 1 1 1 1 1 1 1 1 1 1 3 3 3 3 10 10 10 10 10 10 10 10 10 10 3 3 3 3 11 11 11 11 12 12 12 12 12 12 12 12 12 12 12 12 12 12 12 12 12 0 0 0 0 0 4 4 4 4 4 4 4 4 4 4 4 