747
100
2
10 10 10 10 10 10 10 10 10 10 10 11 11 11 11 11 16 16 16 16 16 16 16 16 16 16 16 16 16 18 18 18 18 18 21 21 21 21 21 21 21 21 21 21 21 21 21 21 21 21 21 21 21 26 26 26 26 26 33 33 33 33 33 33 33 33 33 33 33 33 36 36 36 36 36 36 36 36 36 36 36 36 36 37 37 37 37 37 37 37 37 37 37 39 39 39 39 39 41 41 41 41 41 41 41 41 41 41 41 41 41 45 45 45 45 45 45 45 45 45 45 45 45 45 49 49 49 49 49 49 49 49 49 49 49 49 49 49 49 49 49 49 49 49 49 49 49 49 49 49 49 49 49 49 49 50 50 50 50 50 50 50 50 50 50 50 50 53 53 53 53 53 57 57 57 57 57 57 57 57 57 57 57 68 68 68 68 68 68 68 68 68 68 68 68 68 68 68 68 68 
172 173 174 175 176 177 178 179 180 181 182 53 54 55 56 57 98 99 100 101 102 103 104 105 106 107 108 109 110 131 132 133 134 135 136 137 138 139 140 141 142 143 144 145 146 147 148 149 150 151 152 153 154 11 12 13 14 15 155 156 157 158 159 160 161 162 163 164 165 166 111 112 113 114 115 116 117 118 119 120 121 122 123 183 184 185 186 187 188 189 190 191 192 167 168 169 170 171 16 17 18 19 20 21 22 23 24 25 26 27 28 70 71 72 73 74 75 76 77 78 79 80 81 82 193 194 195 196 197 198 199 29 30 31 32 33 34 35 36 37 38 39 40 41 42 43 44 45 46 47 48 49 50 51 52 58 59 60 61 62 63 64 65 66 67 68 69 93 94 95 96 97 0 1 2 3 4 5 6 7 8 9 10 83 84 85 86 87 88 89 90 91 92 124 125 126 127 128 129 130 
177 177 177 177 177 177 177 177 177 177 177 192 192 192 192 192 591 591 591 591 591 591 591 591 591 591 591 591 591 961 961 961 961 961 427 427 427 427 427 427 427 427 427 427 427 427 427 427 427 427 427 427 427 192 192 192 192 192 504 504 504 504 504 504 504 504 504 504 504 504 463 463 463 463 463 463 463 463 463 463 463 463 463 282 282 282 282 282 282 282 282 282 282 396 396 396 396 396 591 591 591 591 591 591 591 591 591 591 591 591 591 463 463 463 463 463 463 463 463 463 463 463 463 463 589 589 589 589 589 589 589 961 961 961 961 961 427 427 427 427 427 427 427 427 427 427 427 427 427 427 427 427 427 427 427 504 504 504 504 504 504 504 504 504 504 504 504 396 396 396 396 396 177 177 177 177 177 177 177 177 177 177 177 282 282 282 282 282 282 282 282 282 282 589 589 589 589 589 589 589 
0 1 2 3 4 5 6 7 8 9 10 11 12 13 14 15 16 17 18 19 20 21 22 23 24 25 26 27 28 29 30 31 32 33 34 35 36 37 38 39 40 41 42 43 44 45 46 47 48 49 50 51 52 11 12 13 14 15 53 54 55 56 57 58 59 60 61 62 63 64 65 66 67 68 69 70 71 72 73 74 75 76 77 78 79 80 81 82 83 84 85 86 87 88 89 90 91 92 16 17 18 19 20 21 22 23 24 25 26 27 28 65 66 67 68 69 70 71 72 73 74 75 76 77 93 94 95 96 97 98 99 29 30 31 32 33 34 35 36 37 38 39 40 41 42 43 44 45 46 47 48 49 50 51 52 53 54 55 56 57 58 59 60 61 62 63 64 88 89 90 91 92 0 1 2 3 4 5 6 7 8 9 10 78 79 80 81 82 83 84 85 86 87 93 94 95 96 97 98 99 
44498
10
5 13 10 7 13 5 5 11 12 19 
11 36 37 49 16 18 39 10 33 21 
26 45 68 68 41 49 53 57 50 49 
192 463 282 589 591 961 396 177 504 427 
7 7 7 7 7 7 7 7 7 7 7 0 0 0 0 0 4 4 4 4 4 4 4 4 4 4 4 4 4 5 5 5 5 5 9 9 9 9 9 9 9 9 9 9 9 9 9 9 9 9 9 9 9 0 0 0 0 0 8 8 8 8 8 8 8 8 8 8 8 8 1 1 1 1 1 1 1 1 1 1 1 1 1 2 2 2 2 2 2 2 2 2 2 6 6 6 6 6 4 4 4 4 4 4 4 4 4 4 4 4 4 1 1 1 1 1 1 1 1 1 1 1 1 1 3 3 3 3 3 3 3 5 5 5 5 5 9 9 9 9 9 9 9 9 9 9 9 9 9 9 9 9 9 9 9 8 8 8 8 8 8 8 8 8 8 8 8 6 6 6 6 6 7 7 7 7 7 7 7 7 7 7 7 2 2 2 2 2 2 2 2 2 2 3 3 3 3 3 3 3 