861
100
2
2 2 2 2 2 5 5 5 7 7 7 7 9 9 9 9 10 10 10 10 10 10 10 10 10 10 10 11 11 12 12 12 12 12 12 12 12 12 12 12 12 12 12 12 12 12 14 14 14 14 15 18 18 18 22 24 24 24 25 25 25 25 25 25 25 25 26 26 26 26 26 26 29 29 29 29 29 29 29 30 30 30 30 30 31 31 31 31 31 31 31 31 31 31 31 31 31 31 31 31 32 32 32 32 32 32 32 32 32 32 32 33 33 34 34 36 36 36 36 36 36 36 36 36 36 36 36 37 37 37 37 37 38 38 38 38 38 38 38 38 38 39 40 40 40 40 40 42 42 42 43 43 43 43 43 43 45 45 45 45 45 45 45 46 48 48 48 52 52 52 52 52 57 57 57 57 57 57 57 57 57 57 60 60 60 61 62 62 62 62 62 62 63 63 63 69 69 69 69 69 
195 196 197 198 199 55 56 57 9 8 11 10 172 173 174 175 182 183 184 27 28 100 101 102 103 104 105 19 20 163 84 85 86 87 88 89 90 91 92 93 94 95 96 97 98 99 164 165 166 128 58 192 193 194 185 5 6 7 50 156 157 158 159 160 161 162 176 177 178 179 180 181 134 135 136 137 138 139 140 106 107 108 109 110 30 31 32 33 34 35 36 37 38 39 40 41 42 43 44 45 21 22 23 24 25 26 79 80 81 82 83 113 114 111 112 150 151 152 153 154 155 186 187 188 189 190 191 132 49 147 148 149 127 141 72 73 74 75 76 77 78 133 167 168 169 170 171 129 130 131 115 116 117 118 119 120 59 60 61 62 63 64 65 29 46 47 48 142 143 144 145 146 12 13 14 15 66 67 68 69 70 71 16 17 18 54 121 122 123 124 125 126 51 52 53 0 1 2 3 4 
743 743 743 743 743 803 803 803 375 375 375 375 354 354 354 354 493 493 493 731 731 763 763 763 763 763 763 731 731 471 777 777 777 777 777 777 777 777 777 777 777 777 777 777 777 777 937 937 937 843 496 853 853 853 916 803 803 803 496 728 728 728 728 728 728 728 928 928 928 928 928 928 583 583 583 583 583 583 583 445 445 445 445 445 777 777 777 777 777 777 777 777 777 777 777 777 777 777 777 777 763 763 763 763 763 763 445 445 445 445 445 469 469 469 469 522 522 522 522 522 522 872 872 872 872 872 872 946 843 313 313 313 946 346 583 583 583 583 583 583 583 346 517 517 517 517 517 313 313 313 522 522 522 522 522 522 728 728 728 728 728 728 728 471 937 937 937 517 517 517 517 517 354 354 354 354 928 928 928 928 928 928 493 493 493 916 872 872 872 872 872 872 853 853 853 743 743 743 743 743 
0 1 2 3 4 5 6 7 8 8 9 9 10 11 12 13 14 15 16 17 18 19 20 21 22 23 24 17 18 25 26 27 28 29 30 31 32 33 34 35 36 37 38 39 40 41 42 43 44 45 46 47 48 49 50 5 6 7 46 51 52 53 54 55 56 57 58 59 60 61 62 63 64 65 66 67 68 69 70 71 72 73 74 75 26 27 28 29 30 31 32 33 34 35 36 37 38 39 40 41 19 20 21 22 23 24 71 72 73 74 75 76 77 76 77 78 79 80 81 82 83 84 85 86 87 88 89 90 45 91 92 93 90 94 64 65 66 67 68 69 70 94 95 96 97 98 99 91 92 93 78 79 80 81 82 83 51 52 53 54 55 56 57 25 42 43 44 95 96 97 98 99 10 11 12 13 58 59 60 61 62 63 14 15 16 50 84 85 86 87 88 89 47 48 49 0 1 2 3 4 
67425
25
5 1 3 3 4 1 1 2 3 3 1 6 6 6 1 7 7 2 5 5 6 2 1 3 16 
40 12 18 10 9 37 15 10 14 5 38 36 26 10 22 29 25 33 30 2 36 7 14 37 12 
52 46 63 60 57 38 25 11 48 24 39 43 57 32 61 38 45 34 32 69 62 7 37 42 31 
517 471 853 493 354 946 496 731 937 803 346 522 928 763 916 583 728 469 445 743 872 375 843 313 777 
19 19 19 19 19 9 9 9 21 21 21 21 4 4 4 4 3 3 3 7 7 13 13 13 13 13 13 7 7 1 24 24 24 24 24 24 24 24 24 24 24 24 24 24 24 24 8 8 8 22 6 2 2 2 14 9 9 9 6 16 16 16 16 16 16 16 12 12 12 12 12 12 15 15 15 15 15 15 15 18 18 18 18 18 24 24 24 24 24 24 24 24 24 24 24 24 24 24 24 24 13 13 13 13 13 13 18 18 18 18 18 17 17 17 17 11 11 11 11 11 11 20 20 20 20 20 20 5 22 23 23 23 5 10 15 15 15 15 15 15 15 10 0 0 0 0 0 23 23 23 11 11 11 11 11 11 16 16 16 16 16 16 16 1 8 8 8 0 0 0 0 0 4 4 4 4 12 12 12 12 12 12 3 3 3 14 20 20 20 20 20 20 2 2 2 19 19 19 19 19 