418
100
2
1 1 3 3 3 3 3 3 4 4 4 4 4 4 4 4 6 6 7 7 7 7 7 8 8 8 8 8 8 11 11 11 11 11 11 11 11 11 12 12 12 12 12 12 12 12 12 12 12 12 12 12 12 12 12 12 12 12 12 18 18 18 18 18 18 18 18 18 18 18 18 22 22 22 22 22 22 22 22 24 24 24 26 27 27 28 28 33 33 33 34 34 35 35 35 35 35 35 35 35 35 35 35 35 35 35 35 35 35 36 36 36 36 36 36 39 39 39 39 40 40 40 41 41 41 41 41 41 41 41 41 43 43 43 43 43 43 43 43 43 43 46 47 47 47 47 48 48 49 49 49 50 51 51 51 51 51 52 52 52 53 53 53 53 53 53 53 53 54 54 54 54 54 54 54 54 54 55 55 55 57 57 57 59 59 59 59 60 65 65 65 65 66 66 67 67 67 67 67 67 
16 17 132 133 134 135 136 137 64 65 66 24 25 26 27 28 0 1 163 164 165 166 167 141 11 12 13 14 15 30 29 32 31 34 33 79 80 81 188 189 190 191 92 93 94 95 96 97 98 99 100 101 102 103 104 105 106 107 108 146 147 194 195 196 8 9 10 115 116 117 118 109 110 111 112 113 114 90 91 35 36 37 187 175 176 192 193 177 178 179 77 78 42 43 44 45 46 47 48 49 50 51 52 53 54 55 56 57 58 71 72 73 74 75 76 67 68 69 70 157 158 159 152 153 154 155 156 142 143 144 145 151 2 3 4 5 6 7 160 161 162 23 127 128 129 130 59 60 180 181 182 131 122 123 124 125 126 119 120 121 138 139 140 18 19 20 21 22 197 198 199 183 184 185 186 83 84 87 88 89 148 149 150 171 172 173 174 82 38 39 40 41 85 86 61 62 63 168 169 170 
708 708 152 152 152 152 152 152 187 187 187 208 208 208 208 208 708 708 384 384 384 384 384 628 208 208 208 208 208 408 408 408 408 408 408 983 983 983 573 573 573 573 418 418 418 418 418 418 418 418 418 418 418 418 418 418 418 418 418 744 744 994 994 994 187 187 187 982 982 982 982 333 333 333 333 333 333 562 562 983 983 983 558 828 828 854 854 364 364 364 562 562 418 418 418 418 418 418 418 418 418 418 418 418 418 418 418 418 418 333 333 333 333 333 333 982 982 982 982 285 285 285 890 890 890 890 890 524 524 524 524 460 152 152 152 152 152 152 233 233 233 628 524 524 524 524 744 744 169 169 169 460 890 890 890 890 890 285 285 285 233 233 233 384 384 384 384 384 610 610 610 151 151 151 151 828 828 364 364 364 169 169 169 151 151 151 151 558 573 573 573 573 854 854 994 994 994 610 610 610 
0 1 2 3 4 5 6 7 8 9 10 11 12 13 14 15 0 1 16 17 18 19 20 21 11 12 13 14 15 22 22 23 23 24 24 25 26 27 28 29 30 31 32 33 34 35 36 37 38 39 40 41 42 43 44 45 46 47 48 49 50 51 52 53 8 9 10 54 55 56 57 58 59 60 61 62 63 64 65 25 26 27 66 67 68 69 70 71 72 73 64 65 32 33 34 35 36 37 38 39 40 41 42 43 44 45 46 47 48 58 59 60 61 62 63 54 55 56 57 74 75 76 77 78 79 80 81 82 83 84 85 86 2 3 4 5 6 7 87 88 89 21 82 83 84 85 49 50 90 91 92 86 77 78 79 80 81 74 75 76 87 88 89 16 17 18 19 20 93 94 95 96 97 98 99 67 68 71 72 73 90 91 92 96 97 98 99 66 28 29 30 31 69 70 51 52 53 93 94 95 
48083
27
2 3 1 5 3 6 4 6 3 2 3 3 1 4 4 3 5 3 3 2 3 2 2 5 1 4 17 
18 18 43 41 54 3 54 22 11 22 4 43 8 41 18 11 7 40 49 28 33 1 27 4 26 12 12 
48 67 50 51 67 43 59 36 11 34 18 53 46 47 39 24 53 52 57 66 55 6 54 8 60 65 35 
744 994 460 890 610 152 151 333 408 562 187 233 628 524 982 983 384 285 169 854 364 708 828 208 558 573 418 
21 21 5 5 5 5 5 5 10 10 10 23 23 23 23 23 21 21 16 16 16 16 16 12 23 23 23 23 23 8 8 8 8 8 8 15 15 15 25 25 25 25 26 26 26 26 26 26 26 26 26 26 26 26 26 26 26 26 26 0 0 1 1 1 10 10 10 14 14 14 14 7 7 7 7 7 7 9 9 15 15 15 24 22 22 19 19 20 20 20 9 9 26 26 26 26 26 26 26 26 26 26 26 26 26 26 26 26 26 7 7 7 7 7 7 14 14 14 14 17 17 17 3 3 3 3 3 13 13 13 13 2 5 5 5 5 5 5 11 11 11 12 13 13 13 13 0 0 18 18 18 2 3 3 3 3 3 17 17 17 11 11 11 16 16 16 16 16 4 4 4 6 6 6 6 22 22 20 20 20 18 18 18 6 6 6 6 24 25 25 25 25 19 19 1 1 1 4 4 4 