616
100
2
2 2 2 2 2 2 2 3 3 3 3 4 4 4 4 4 5 5 5 5 5 9 9 9 9 9 9 9 9 9 9 9 9 9 9 9 9 9 9 9 9 9 12 12 12 12 13 13 13 13 13 13 13 13 13 21 21 21 21 21 21 21 21 21 21 21 21 21 21 21 21 21 23 23 23 24 24 26 26 26 26 26 26 26 28 28 28 28 28 28 29 29 29 29 30 30 30 30 30 30 30 30 30 30 30 30 30 30 30 30 30 30 30 30 31 31 31 31 31 33 33 33 36 36 37 37 37 37 37 37 37 37 37 37 37 37 37 37 37 37 37 38 38 40 40 40 40 40 40 40 48 50 50 50 51 51 51 51 51 51 51 51 51 54 54 54 57 57 57 57 57 57 57 61 61 61 62 62 63 63 67 67 67 67 67 67 68 68 68 68 68 68 68 68 68 68 68 69 69 69 
143 144 145 146 147 148 149 42 43 44 45 26 27 28 29 30 21 22 23 24 25 16 17 18 19 20 11 12 13 14 15 50 51 52 53 54 180 181 182 183 184 185 7 8 9 10 75 76 122 123 31 32 33 34 35 97 98 99 100 101 102 103 104 105 106 107 108 109 110 111 112 113 197 198 199 46 47 166 167 168 169 170 171 172 191 192 193 194 195 196 173 174 175 150 151 152 153 55 56 57 58 59 60 61 62 63 64 65 66 67 68 69 70 71 124 125 126 131 132 158 159 160 48 49 114 115 116 154 155 156 157 117 118 186 187 188 189 190 163 164 165 176 177 0 1 2 3 4 5 6 93 94 95 96 127 128 129 130 119 120 121 178 179 138 139 140 77 78 79 80 81 82 83 90 91 92 141 142 161 162 36 37 38 39 40 41 133 134 135 136 137 84 85 86 87 88 89 72 73 74 
479 479 479 479 479 479 479 688 688 688 688 252 252 252 252 252 286 286 286 286 286 286 286 286 286 286 252 252 252 252 252 176 176 176 176 176 608 608 608 608 608 608 688 688 688 688 921 921 497 497 176 176 176 176 176 808 808 808 808 808 808 808 808 808 808 808 808 808 808 808 808 808 181 181 181 921 921 426 426 426 426 426 426 426 865 865 865 865 865 865 274 274 274 961 781 781 781 808 808 808 808 808 808 808 808 808 808 808 808 808 808 808 808 808 661 661 661 764 764 377 377 377 497 497 661 661 661 759 759 759 759 764 764 323 323 323 323 323 905 905 905 651 651 479 479 479 479 479 479 479 961 781 781 781 759 759 759 759 377 377 377 615 615 905 905 905 426 426 426 426 426 426 426 274 274 274 651 651 615 615 608 608 608 608 608 608 323 323 323 323 323 865 865 865 865 865 865 181 181 181 
0 1 2 3 4 5 6 7 8 9 10 11 12 13 14 15 16 17 18 19 20 16 17 18 19 20 11 12 13 14 15 21 22 23 24 25 26 27 28 29 30 31 7 8 9 10 32 33 34 35 21 22 23 24 25 36 37 38 39 40 41 42 43 44 45 46 47 48 49 50 51 52 53 54 55 32 33 56 57 58 59 60 61 62 63 64 65 66 67 68 69 70 71 72 73 74 75 36 37 38 39 40 41 42 43 44 45 46 47 48 49 50 51 52 76 77 78 79 80 81 82 83 34 35 76 77 78 84 85 86 87 79 80 88 89 90 91 92 93 94 95 96 97 0 1 2 3 4 5 6 72 73 74 75 84 85 86 87 81 82 83 98 99 93 94 95 56 57 58 59 60 61 62 69 70 71 96 97 98 99 26 27 28 29 30 31 88 89 90 91 92 63 64 65 66 67 68 53 54 55 
57276
23
3 4 3 2 2 5 7 5 3 3 5 2 1 6 3 3 2 4 5 2 7 6 17 
31 37 29 13 31 37 26 5 37 33 4 51 29 28 23 30 13 3 9 38 2 9 21 
37 51 61 24 37 68 57 9 54 51 9 63 48 68 69 50 36 12 13 62 40 67 30 
661 759 274 921 764 323 426 286 905 377 252 615 961 865 181 781 497 688 176 651 479 608 808 
20 20 20 20 20 20 20 17 17 17 17 10 10 10 10 10 7 7 7 7 7 7 7 7 7 7 10 10 10 10 10 18 18 18 18 18 21 21 21 21 21 21 17 17 17 17 3 3 16 16 18 18 18 18 18 22 22 22 22 22 22 22 22 22 22 22 22 22 22 22 22 22 14 14 14 3 3 6 6 6 6 6 6 6 13 13 13 13 13 13 2 2 2 12 15 15 15 22 22 22 22 22 22 22 22 22 22 22 22 22 22 22 22 22 0 0 0 4 4 9 9 9 16 16 0 0 0 1 1 1 1 4 4 5 5 5 5 5 8 8 8 19 19 20 20 20 20 20 20 20 12 15 15 15 1 1 1 1 9 9 9 11 11 8 8 8 6 6 6 6 6 6 6 2 2 2 19 19 11 11 21 21 21 21 21 21 5 5 5 5 5 13 13 13 13 13 13 14 14 14 