654
100
2
2 2 2 2 2 7 7 8 8 11 11 11 11 11 11 11 11 11 11 11 11 11 11 11 11 11 11 11 11 14 14 14 14 14 15 15 15 15 15 15 15 15 19 19 22 22 22 22 24 24 24 24 24 24 24 24 24 24 24 24 24 24 24 24 24 24 24 24 25 25 25 25 26 26 26 26 26 26 26 26 26 26 26 26 26 27 27 27 27 27 27 27 27 27 30 30 30 30 32 32 32 32 32 33 33 33 33 33 33 34 34 34 34 34 34 34 34 34 34 35 35 35 35 35 35 36 36 36 36 41 41 41 41 41 42 42 44 44 45 45 45 45 45 45 46 46 46 46 46 46 48 48 48 48 48 48 48 48 48 52 52 52 52 53 53 53 53 57 57 57 57 57 57 57 57 57 57 57 57 57 61 61 63 63 63 63 65 65 65 65 65 68 68 68 68 68 70 70 70 70 
72 73 74 42 43 180 181 134 135 48 49 50 51 52 53 54 55 56 57 58 59 60 61 62 63 64 65 66 67 98 99 100 101 102 68 69 70 71 125 126 127 128 3 4 196 197 198 199 9 10 11 12 13 14 15 16 17 18 19 20 21 22 23 24 25 26 27 28 34 35 36 37 0 1 2 94 95 96 97 167 168 169 170 171 172 136 137 173 174 175 176 177 178 179 75 76 77 78 29 30 31 32 33 109 110 111 112 113 114 103 104 105 106 107 108 163 164 165 166 144 145 146 147 148 149 38 39 40 41 150 151 152 153 154 7 8 85 86 139 138 141 140 143 142 119 120 121 122 123 124 129 130 131 132 133 159 160 161 162 155 156 157 158 115 116 117 118 79 80 81 82 83 84 87 88 89 90 91 92 93 5 6 183 182 185 184 191 192 193 194 195 186 187 188 189 190 44 45 46 47 
415 415 415 974 974 761 761 278 278 821 821 821 821 821 821 821 821 821 821 821 821 821 821 821 821 821 821 821 821 877 877 877 877 877 566 566 566 566 858 858 858 858 974 974 977 977 977 977 821 821 821 821 821 821 821 821 821 821 821 821 821 821 821 821 821 821 821 821 566 566 566 566 415 415 415 207 207 207 207 487 487 487 487 487 487 650 650 701 701 701 701 701 701 701 207 207 207 207 877 877 877 877 877 697 697 697 697 697 697 697 697 697 697 697 697 759 759 759 759 257 257 257 257 257 257 858 858 858 858 905 905 905 905 905 278 278 650 650 499 499 499 499 499 499 257 257 257 257 257 257 905 905 905 905 905 178 178 178 178 178 178 178 178 759 759 759 759 487 487 487 487 487 487 701 701 701 701 701 701 701 761 761 964 964 964 964 847 847 847 847 847 847 847 847 847 847 977 977 977 977 
0 1 2 3 4 5 6 7 8 9 10 11 12 13 14 15 16 17 18 19 20 21 22 23 24 25 26 27 28 29 30 31 32 33 34 35 36 37 38 39 40 41 3 4 42 43 44 45 9 10 11 12 13 14 15 16 17 18 19 20 21 22 23 24 25 26 27 28 34 35 36 37 0 1 2 46 47 48 49 50 51 52 53 54 55 56 57 58 59 60 61 62 63 64 46 47 48 49 29 30 31 32 33 65 66 67 68 69 70 65 66 67 68 69 70 71 72 73 74 75 76 77 78 79 80 38 39 40 41 81 82 83 84 85 7 8 56 57 86 86 87 87 88 88 75 76 77 78 79 80 81 82 83 84 85 89 90 91 92 89 90 91 92 71 72 73 74 50 51 52 53 54 55 58 59 60 61 62 63 64 5 6 93 93 94 94 95 96 97 98 99 95 96 97 98 99 42 43 44 45 
67294
21
6 2 3 2 5 3 4 6 2 2 5 6 2 4 4 4 4 5 7 4 20 
33 27 2 63 41 45 26 35 8 7 14 26 2 34 48 22 15 65 27 15 11 
34 44 26 63 48 45 30 46 42 61 32 57 19 53 52 70 25 68 57 36 24 
697 650 415 964 905 499 207 257 278 761 877 487 974 759 178 977 566 847 701 858 821 
2 2 2 12 12 9 9 8 8 20 20 20 20 20 20 20 20 20 20 20 20 20 20 20 20 20 20 20 20 10 10 10 10 10 16 16 16 16 19 19 19 19 12 12 15 15 15 15 20 20 20 20 20 20 20 20 20 20 20 20 20 20 20 20 20 20 20 20 16 16 16 16 2 2 2 6 6 6 6 11 11 11 11 11 11 1 1 18 18 18 18 18 18 18 6 6 6 6 10 10 10 10 10 0 0 0 0 0 0 0 0 0 0 0 0 13 13 13 13 7 7 7 7 7 7 19 19 19 19 4 4 4 4 4 8 8 1 1 5 5 5 5 5 5 7 7 7 7 7 7 4 4 4 4 4 14 14 14 14 14 14 14 14 13 13 13 13 11 11 11 11 11 11 18 18 18 18 18 18 18 9 9 3 3 3 3 17 17 17 17 17 17 17 17 17 17 15 15 15 15 