6
100
2
1 1 2 2 2 2 2 2 2 2 2 2 2 2 2 2 2 2 2 2 3 7 7 7 7 7 7 8 8 8 8 8 10 10 11 13 13 13 13 13 13 13 13 13 13 13 13 13 13 13 14 14 14 14 14 16 16 16 16 16 16 18 18 18 19 20 20 25 25 25 25 25 27 29 29 31 31 31 31 31 31 33 33 33 33 33 33 33 40 40 40 41 41 41 45 45 45 46 48 48 48 48 48 48 50 50 52 52 52 52 52 53 53 53 53 53 53 53 53 53 53 53 53 53 53 53 53 53 54 54 54 54 54 54 55 55 55 55 55 55 55 55 55 55 57 57 57 57 57 57 57 57 57 58 58 58 58 58 58 58 58 58 58 58 58 58 58 58 61 61 62 62 62 62 62 64 64 64 64 64 64 64 64 64 64 64 64 64 65 65 65 65 65 65 65 65 65 65 68 68 
150 151 153 111 112 113 114 115 116 117 118 119 120 121 122 123 124 125 126 127 152 55 56 57 58 59 60 170 171 172 173 174 91 92 93 144 145 146 147 148 149 128 129 130 131 132 133 139 140 141 134 135 136 137 138 21 22 23 24 25 26 168 169 97 72 191 192 157 158 159 160 161 64 104 105 98 99 100 101 102 103 175 176 177 178 94 95 96 154 155 156 32 33 34 85 86 87 63 75 76 77 78 79 80 73 74 193 194 195 196 197 3 4 5 6 7 8 9 10 11 12 13 14 15 16 17 18 19 41 42 43 44 45 46 50 51 52 53 54 47 48 49 198 199 35 36 37 38 39 40 0 1 20 2 88 89 90 67 68 69 70 71 182 183 184 185 186 187 61 62 27 28 29 30 31 81 82 83 84 188 189 190 162 163 164 165 166 167 179 180 181 65 66 106 107 108 109 110 142 143 
942 942 960 830 830 830 830 830 830 830 830 830 830 830 830 830 830 830 830 830 424 225 225 225 225 225 225 934 934 934 934 934 638 638 886 319 319 319 319 319 319 976 976 976 976 976 976 571 571 571 611 611 611 611 611 225 225 225 225 225 225 689 689 782 974 283 283 314 314 314 314 314 974 504 504 843 843 843 843 843 843 675 675 675 675 940 940 940 658 658 658 638 638 886 940 940 940 782 843 843 843 843 843 843 504 504 651 651 651 651 651 830 830 830 830 830 830 830 830 830 830 830 830 830 830 830 830 830 976 976 976 976 976 976 611 611 611 611 611 571 571 571 307 307 319 319 319 319 319 319 942 942 424 960 658 658 658 314 314 314 314 314 359 359 359 359 359 359 689 689 934 934 934 934 934 675 675 675 675 816 816 816 359 359 359 359 359 359 816 816 816 283 283 651 651 651 651 651 307 307 
0 1 2 3 4 5 6 7 8 9 10 11 12 13 14 15 16 17 18 19 20 21 22 23 24 25 26 27 28 29 30 31 32 33 34 35 36 37 38 39 40 41 42 43 44 45 46 47 48 49 50 51 52 53 54 21 22 23 24 25 26 55 56 57 58 59 60 61 62 63 64 65 58 66 67 68 69 70 71 72 73 74 75 76 77 78 79 80 81 82 83 32 33 34 78 79 80 57 68 69 70 71 72 73 66 67 84 85 86 87 88 3 4 5 6 7 8 9 10 11 12 13 14 15 16 17 18 19 41 42 43 44 45 46 50 51 52 53 54 47 48 49 89 90 35 36 37 38 39 40 0 1 20 2 81 82 83 61 62 63 64 65 91 92 93 94 95 96 55 56 27 28 29 30 31 74 75 76 77 97 98 99 91 92 93 94 95 96 97 98 99 59 60 84 85 86 87 88 89 90 
65399
26
2 6 4 2 1 6 3 3 6 2 6 1 1 5 5 2 2 3 5 5 6 3 1 2 1 17 
18 13 33 29 2 13 40 64 7 10 31 18 11 8 25 20 1 33 52 14 58 13 3 55 19 2 
61 57 64 50 58 54 58 65 16 41 48 46 41 62 58 65 57 45 65 55 64 55 57 68 27 53 
689 319 675 504 960 976 658 816 225 638 843 782 886 934 314 283 942 940 651 611 359 571 424 307 974 830 
16 16 4 25 25 25 25 25 25 25 25 25 25 25 25 25 25 25 25 25 22 8 8 8 8 8 8 13 13 13 13 13 9 9 12 1 1 1 1 1 1 5 5 5 5 5 5 21 21 21 19 19 19 19 19 8 8 8 8 8 8 0 0 11 24 15 15 14 14 14 14 14 24 3 3 10 10 10 10 10 10 2 2 2 2 17 17 17 6 6 6 9 9 12 17 17 17 11 10 10 10 10 10 10 3 3 18 18 18 18 18 25 25 25 25 25 25 25 25 25 25 25 25 25 25 25 25 25 5 5 5 5 5 5 19 19 19 19 19 21 21 21 23 23 1 1 1 1 1 1 16 16 22 4 6 6 6 14 14 14 14 14 20 20 20 20 20 20 0 0 13 13 13 13 13 2 2 2 2 7 7 7 20 20 20 20 20 20 7 7 7 15 15 18 18 18 18 18 23 23 