932
100
2
8 8 8 8 8 8 8 8 9 9 11 11 11 12 12 12 13 15 15 15 15 15 16 16 16 16 19 19 19 19 19 19 20 20 20 20 20 20 20 20 20 20 20 20 20 20 20 20 20 20 20 20 20 23 23 23 23 23 23 25 25 25 25 25 25 25 26 26 26 26 27 27 27 27 27 27 27 27 28 28 28 28 28 28 28 28 30 30 30 30 30 31 31 31 31 31 31 32 32 32 32 34 34 34 34 34 34 34 34 34 34 34 34 35 35 35 35 35 40 40 40 40 40 40 40 41 42 42 43 43 43 43 43 44 44 44 44 44 44 45 45 45 45 45 45 45 45 45 46 46 46 47 47 47 47 50 50 50 50 53 53 53 53 53 54 57 57 57 59 59 59 59 63 63 63 63 63 63 63 63 63 63 63 63 63 63 63 63 63 63 64 66 66 66 66 66 68 68 68 68 
129 130 131 132 66 67 68 69 126 127 148 149 150 106 107 108 91 59 60 61 62 63 109 110 111 112 125 134 135 136 137 138 70 71 72 172 173 174 175 176 177 178 179 180 181 182 183 184 185 186 187 188 189 82 83 84 85 166 167 17 18 19 20 21 123 124 4 5 6 7 32 33 34 86 87 88 89 90 151 152 153 154 53 54 55 56 73 74 75 76 77 16 196 197 198 199 164 168 169 170 171 159 160 161 162 163 13 14 15 22 23 24 25 139 140 141 142 143 191 192 193 194 195 64 65 26 8 9 133 0 1 2 3 128 27 28 29 30 31 113 114 115 116 117 155 156 157 158 10 11 12 78 79 80 81 144 145 146 147 101 102 103 104 105 96 190 57 58 97 98 99 100 35 36 37 38 39 40 41 42 43 44 45 46 47 48 49 50 51 52 165 118 119 120 121 122 92 93 94 95 
422 422 422 422 281 281 281 281 890 890 907 907 907 534 534 534 571 192 192 192 192 192 698 698 698 698 509 901 901 901 901 901 733 733 733 743 743 743 743 743 743 743 743 743 743 743 743 743 743 743 743 743 743 835 835 835 835 793 793 192 192 192 192 192 953 953 281 281 281 281 733 733 733 202 202 202 202 202 926 926 926 926 835 835 835 835 202 202 202 202 202 571 840 840 840 840 176 408 408 408 408 596 596 596 596 596 534 534 534 698 698 698 698 339 339 339 339 339 554 554 554 554 554 953 953 509 890 890 508 422 422 422 422 508 901 901 901 901 901 339 339 339 339 339 379 379 379 379 907 907 907 926 926 926 926 379 379 379 379 596 596 596 596 596 176 607 793 793 408 408 408 408 743 743 743 743 743 743 743 743 743 743 743 743 743 743 743 743 743 743 607 554 554 554 554 554 840 840 840 840 
0 1 2 3 4 5 6 7 8 9 10 11 12 13 14 15 16 17 18 19 20 21 22 23 24 25 26 27 28 29 30 31 32 33 34 35 36 37 38 39 40 41 42 43 44 45 46 47 48 49 50 51 52 53 54 55 56 57 58 17 18 19 20 21 59 60 4 5 6 7 32 33 34 61 62 63 64 65 66 67 68 69 53 54 55 56 61 62 63 64 65 16 70 71 72 73 74 75 76 77 78 79 80 81 82 83 13 14 15 22 23 24 25 84 85 86 87 88 89 90 91 92 93 59 60 26 8 9 94 0 1 2 3 94 27 28 29 30 31 84 85 86 87 88 95 96 97 98 10 11 12 66 67 68 69 95 96 97 98 79 80 81 82 83 74 99 57 58 75 76 77 78 35 36 37 38 39 40 41 42 43 44 45 46 47 48 49 50 51 52 99 89 90 91 92 93 70 71 72 73 
60615
26
5 4 3 4 1 4 4 5 1 5 1 4 4 5 4 1 5 1 3 2 2 4 2 5 3 18 
35 28 20 23 43 32 45 34 19 15 13 8 31 40 8 31 19 57 12 23 9 16 25 27 11 20 
45 47 27 28 44 59 50 53 41 25 31 43 68 66 26 54 44 64 34 57 42 34 40 30 46 63 
339 926 733 835 508 408 379 596 509 192 571 422 840 554 281 176 901 607 534 793 890 698 953 202 907 743 
11 11 11 11 14 14 14 14 20 20 24 24 24 18 18 18 10 9 9 9 9 9 21 21 21 21 8 16 16 16 16 16 2 2 2 25 25 25 25 25 25 25 25 25 25 25 25 25 25 25 25 25 25 3 3 3 3 19 19 9 9 9 9 9 22 22 14 14 14 14 2 2 2 23 23 23 23 23 1 1 1 1 3 3 3 3 23 23 23 23 23 10 12 12 12 12 15 5 5 5 5 7 7 7 7 7 18 18 18 21 21 21 21 0 0 0 0 0 13 13 13 13 13 22 22 8 20 20 4 11 11 11 11 4 16 16 16 16 16 0 0 0 0 0 6 6 6 6 24 24 24 1 1 1 1 6 6 6 6 7 7 7 7 7 15 17 19 19 5 5 5 5 25 25 25 25 25 25 25 25 25 25 25 25 25 25 25 25 25 25 17 13 13 13 13 13 12 12 12 12 