854
100
2
2 2 3 3 3 4 4 4 4 4 6 6 6 6 6 6 6 6 6 6 6 9 9 9 10 10 10 10 10 12 12 12 12 12 13 13 13 13 13 13 13 13 13 13 13 13 13 13 13 15 15 15 15 15 15 15 15 15 15 15 15 15 15 15 15 17 19 19 19 19 19 19 22 22 22 22 22 22 23 23 23 23 23 24 24 25 25 26 26 28 28 28 28 28 28 28 28 30 30 30 34 34 34 34 35 35 35 35 35 35 36 36 36 40 40 40 40 43 43 45 47 47 47 47 47 47 47 47 47 48 48 48 48 50 50 51 51 51 51 51 51 51 51 51 56 56 56 56 56 56 56 56 56 56 56 56 56 56 56 60 60 60 60 60 60 62 62 62 62 62 62 62 62 62 62 62 62 62 63 63 63 64 66 66 66 66 66 66 66 66 66 66 66 66 66 66 66 66 66 69 
133 134 10 11 12 24 25 26 27 28 2 3 4 170 171 172 173 174 175 176 177 97 98 99 5 6 7 8 9 165 166 167 168 169 35 34 37 36 39 38 41 40 43 42 45 44 110 111 112 183 184 185 186 187 188 189 190 191 192 193 194 195 196 197 198 82 72 73 74 75 76 77 66 67 68 69 70 71 100 101 102 103 65 87 88 117 118 83 84 144 145 146 147 148 149 150 151 21 22 23 78 79 80 81 120 121 122 123 124 125 46 47 48 159 160 142 143 85 86 199 104 105 106 107 108 109 178 179 180 161 162 163 164 0 1 152 153 154 155 156 157 158 115 116 89 90 91 92 93 94 95 96 135 136 137 138 139 140 141 113 114 129 130 131 132 29 30 31 32 33 13 14 15 16 17 18 19 20 126 127 128 182 181 49 50 51 52 53 54 55 56 57 58 59 60 61 62 63 64 119 
197 197 681 681 681 264 264 264 264 264 681 681 681 196 196 196 196 196 196 196 196 715 715 715 264 264 264 264 264 786 786 786 786 786 503 503 503 503 503 503 503 503 503 503 503 503 181 181 181 504 504 504 504 504 504 504 504 504 504 504 504 504 504 504 504 962 716 716 716 716 716 716 716 716 716 716 716 716 690 690 690 690 962 188 188 996 996 188 188 953 953 953 953 953 953 953 953 715 715 715 690 690 690 690 423 423 423 423 423 423 181 181 181 756 756 415 415 996 996 715 423 423 423 423 423 423 188 188 188 216 216 216 216 197 197 956 956 956 956 956 956 956 415 415 953 953 953 953 953 953 953 953 956 956 956 956 956 956 956 756 756 216 216 216 216 786 786 786 786 786 196 196 196 196 196 196 196 196 188 188 188 219 219 504 504 504 504 504 504 504 504 504 504 504 504 504 504 504 504 715 
0 1 2 3 4 5 6 7 8 9 2 3 4 10 11 12 13 14 15 16 17 18 19 20 5 6 7 8 9 21 22 23 24 25 26 26 27 27 28 28 29 29 30 30 31 31 32 33 34 35 36 37 38 39 40 41 42 43 44 45 46 47 48 49 50 51 52 53 54 55 56 57 52 53 54 55 56 57 58 59 60 61 51 62 63 64 65 62 63 66 67 68 69 70 71 72 73 18 19 20 58 59 60 61 74 75 76 77 78 79 32 33 34 80 81 82 83 64 65 84 74 75 76 77 78 79 85 86 87 88 89 90 91 0 1 92 93 94 95 96 97 98 82 83 66 67 68 69 70 71 72 73 92 93 94 95 96 97 98 80 81 88 89 90 91 21 22 23 24 25 10 11 12 13 14 15 16 17 85 86 87 99 99 35 36 37 38 39 40 41 42 43 44 45 46 47 48 49 50 84 
54969
23
3 2 2 2 6 4 6 5 6 3 1 1 3 8 3 2 1 7 5 2 4 8 16 
9 24 40 2 19 23 35 12 13 3 17 45 13 28 47 25 64 51 4 40 48 6 15 
30 26 60 50 22 34 47 62 13 6 23 69 36 56 63 43 66 56 10 51 60 62 66 
715 188 756 197 716 690 423 786 503 681 962 715 181 953 188 996 219 956 264 415 216 196 504 
3 3 9 9 9 18 18 18 18 18 9 9 9 21 21 21 21 21 21 21 21 0 0 0 18 18 18 18 18 7 7 7 7 7 8 8 8 8 8 8 8 8 8 8 8 8 12 12 12 22 22 22 22 22 22 22 22 22 22 22 22 22 22 22 22 10 4 4 4 4 4 4 4 4 4 4 4 4 5 5 5 5 10 1 1 15 15 1 1 13 13 13 13 13 13 13 13 0 0 0 5 5 5 5 6 6 6 6 6 6 12 12 12 2 2 19 19 15 15 11 6 6 6 6 6 6 14 14 14 20 20 20 20 3 3 17 17 17 17 17 17 17 19 19 13 13 13 13 13 13 13 13 17 17 17 17 17 17 17 2 2 20 20 20 20 7 7 7 7 7 21 21 21 21 21 21 21 21 14 14 14 16 16 22 22 22 22 22 22 22 22 22 22 22 22 22 22 22 22 11 