565
100
2
3 3 3 3 7 7 7 7 7 7 8 8 8 8 8 8 8 8 8 8 8 9 9 9 9 9 9 10 10 10 12 12 12 12 13 13 13 13 13 13 17 17 17 17 17 23 25 25 25 25 28 28 28 28 28 31 31 31 31 32 32 32 35 35 35 35 38 38 38 38 39 39 39 39 39 39 39 39 39 39 39 39 39 39 39 39 39 39 39 39 39 39 41 41 41 41 41 41 41 41 41 41 42 42 42 42 42 42 42 42 42 42 42 42 42 42 42 42 44 44 44 44 44 44 44 44 44 44 44 44 45 46 46 46 47 47 47 47 47 48 48 48 48 48 48 49 49 49 49 50 50 50 50 50 51 52 53 54 54 54 54 55 55 61 61 61 61 61 61 61 61 63 63 63 63 64 64 64 64 64 64 65 65 65 65 65 65 66 66 66 67 67 67 67 67 67 67 67 67 67 
98 99 100 101 30 31 32 33 143 144 40 41 42 43 44 59 60 61 187 188 189 130 34 145 146 147 148 131 132 133 4 5 6 7 22 134 135 136 137 138 10 11 12 13 14 156 190 191 192 193 149 150 151 152 153 139 140 141 142 15 16 17 157 158 159 160 171 172 173 174 181 182 183 184 185 186 102 103 104 105 106 107 108 109 110 111 112 113 114 115 116 117 163 164 165 166 167 168 0 1 2 3 76 77 78 79 80 81 82 83 84 85 86 87 88 89 90 91 175 176 177 178 179 180 194 195 196 197 198 199 21 27 28 29 35 36 37 38 39 55 56 57 58 8 9 23 24 25 26 50 51 52 53 54 155 154 45 62 63 64 65 169 170 92 93 94 95 96 97 161 162 66 67 68 69 118 119 120 121 122 123 70 71 72 73 74 75 18 19 20 46 47 48 49 124 125 126 127 128 129 
906 906 906 906 887 887 887 887 458 458 650 650 650 650 650 766 766 766 627 627 627 505 975 668 668 668 668 219 219 219 887 887 887 887 975 782 782 782 782 782 650 650 650 650 650 371 785 785 785 785 686 686 686 686 686 856 856 856 856 766 766 766 581 581 581 581 397 397 397 397 188 188 188 188 188 188 902 902 902 902 902 902 902 902 902 902 902 902 902 902 902 902 363 363 363 363 363 363 906 906 906 906 902 902 902 902 902 902 902 902 902 902 902 902 902 902 902 902 935 935 935 935 935 935 196 196 196 196 196 196 505 219 219 219 782 782 782 782 782 856 856 856 856 458 458 668 668 668 668 686 686 686 686 686 535 535 371 581 581 581 581 231 231 363 363 363 363 363 363 231 231 397 397 397 397 935 935 935 935 935 935 188 188 188 188 188 188 627 627 627 785 785 785 785 196 196 196 196 196 196 
0 1 2 3 4 5 6 7 8 9 10 11 12 13 14 15 16 17 18 19 20 21 22 23 24 25 26 27 28 29 4 5 6 7 22 30 31 32 33 34 10 11 12 13 14 35 36 37 38 39 40 41 42 43 44 45 46 47 48 15 16 17 49 50 51 52 53 54 55 56 57 58 59 60 61 62 63 64 65 66 67 68 69 70 71 72 73 74 75 76 77 78 79 80 81 82 83 84 0 1 2 3 63 64 65 66 67 68 69 70 71 72 73 74 75 76 77 78 85 86 87 88 89 90 91 92 93 94 95 96 21 27 28 29 30 31 32 33 34 45 46 47 48 8 9 23 24 25 26 40 41 42 43 44 97 97 35 49 50 51 52 98 99 79 80 81 82 83 84 98 99 53 54 55 56 85 86 87 88 89 90 57 58 59 60 61 62 18 19 20 36 37 38 39 91 92 93 94 95 96 
64034
24
4 4 6 1 1 6 4 1 6 4 4 5 2 2 3 5 3 4 1 3 6 4 5 16 
25 35 39 9 9 44 7 23 41 31 9 28 7 55 10 8 8 3 51 8 44 38 13 39 
67 54 65 45 13 64 12 53 61 48 49 50 48 61 46 17 32 41 52 66 67 63 47 42 
785 581 188 505 975 935 887 371 363 856 668 686 458 231 219 650 766 906 535 627 196 397 782 902 
17 17 17 17 6 6 6 6 12 12 15 15 15 15 15 16 16 16 19 19 19 3 4 10 10 10 10 14 14 14 6 6 6 6 4 22 22 22 22 22 15 15 15 15 15 7 0 0 0 0 11 11 11 11 11 9 9 9 9 16 16 16 1 1 1 1 21 21 21 21 2 2 2 2 2 2 23 23 23 23 23 23 23 23 23 23 23 23 23 23 23 23 8 8 8 8 8 8 17 17 17 17 23 23 23 23 23 23 23 23 23 23 23 23 23 23 23 23 5 5 5 5 5 5 20 20 20 20 20 20 3 14 14 14 22 22 22 22 22 9 9 9 9 12 12 10 10 10 10 11 11 11 11 11 18 18 7 1 1 1 1 13 13 8 8 8 8 8 8 13 13 21 21 21 21 5 5 5 5 5 5 2 2 2 2 2 2 19 19 19 0 0 0 0 20 20 20 20 20 20 