974
100
2
2 2 2 2 2 2 2 2 2 3 3 3 3 3 3 3 5 5 5 5 5 5 5 5 6 6 6 6 6 6 6 6 7 7 7 7 7 7 7 7 7 7 8 8 8 8 8 8 8 8 9 9 9 9 9 9 9 9 9 10 10 12 12 12 12 12 12 12 12 12 12 12 12 13 13 13 13 13 13 13 13 13 13 13 13 17 17 17 17 19 19 19 23 23 23 23 23 23 23 23 23 23 23 23 23 26 26 26 26 26 26 26 26 26 29 29 29 33 33 35 35 36 36 36 36 36 36 36 36 36 37 37 37 37 37 37 37 39 39 39 39 39 39 39 39 39 43 43 43 43 43 43 43 43 43 43 43 43 43 43 43 43 43 43 43 43 50 50 50 50 50 50 50 50 55 55 56 56 56 56 56 56 56 56 60 60 60 60 60 60 60 60 60 60 62 62 63 63 63 63 
96 97 98 99 100 101 102 103 104 92 93 94 95 114 115 116 24 25 26 27 28 29 30 31 16 17 18 19 20 21 22 23 130 131 132 133 134 135 136 89 90 91 184 185 186 187 188 189 190 191 137 138 139 140 141 142 143 144 145 117 118 73 74 75 76 77 78 79 80 81 82 83 84 61 62 63 64 65 66 67 68 69 70 71 72 196 197 198 199 39 40 41 9 10 11 12 0 1 2 3 4 5 6 7 8 121 122 123 124 125 126 127 128 129 13 14 15 59 60 174 175 105 106 107 108 109 110 111 112 113 32 33 34 35 36 37 38 50 51 52 53 54 55 56 57 58 147 146 149 148 151 150 153 152 155 154 157 156 159 158 161 160 163 162 165 164 176 177 178 179 180 181 182 183 119 120 166 167 168 169 170 171 172 173 42 43 44 45 46 47 48 49 194 195 192 193 85 86 87 88 
507 507 507 507 507 507 507 507 507 993 993 993 993 348 348 348 398 398 398 398 398 398 398 398 398 398 398 398 398 398 398 398 232 232 232 232 232 232 232 973 973 973 450 450 450 450 450 450 450 450 623 623 623 623 623 623 623 623 623 689 689 571 571 571 571 571 571 571 571 571 571 571 571 571 571 571 571 571 571 571 571 571 571 571 571 296 296 296 296 973 973 973 993 993 993 993 507 507 507 507 507 507 507 507 507 713 713 713 713 713 713 713 713 713 348 348 348 689 689 263 263 713 713 713 713 713 713 713 713 713 232 232 232 232 232 232 232 623 623 623 623 623 623 623 623 623 837 837 837 837 837 837 837 837 837 837 837 837 837 837 837 837 837 837 837 837 900 900 900 900 900 900 900 900 263 263 900 900 900 900 900 900 900 900 450 450 450 450 450 450 450 450 700 700 700 700 296 296 296 296 
0 1 2 3 4 5 6 7 8 9 10 11 12 13 14 15 16 17 18 19 20 21 22 23 16 17 18 19 20 21 22 23 24 25 26 27 28 29 30 31 32 33 34 35 36 37 38 39 40 41 42 43 44 45 46 47 48 49 50 51 52 53 54 55 56 57 58 59 60 61 62 63 64 53 54 55 56 57 58 59 60 61 62 63 64 65 66 67 68 31 32 33 9 10 11 12 0 1 2 3 4 5 6 7 8 69 70 71 72 73 74 75 76 77 13 14 15 51 52 78 79 69 70 71 72 73 74 75 76 77 24 25 26 27 28 29 30 42 43 44 45 46 47 48 49 50 80 80 81 81 82 82 83 83 84 84 85 85 86 86 87 87 88 88 89 89 90 91 92 93 94 95 96 97 78 79 90 91 92 93 94 95 96 97 34 35 36 37 38 39 40 41 98 99 98 99 65 66 67 68 
59840
16
8 7 4 9 2 8 10 2 3 8 3 2 9 4 9 12 
50 7 3 26 35 5 43 10 7 8 3 60 2 17 9 12 
56 37 23 36 55 6 43 33 19 60 29 62 23 63 39 13 
900 232 993 713 263 398 837 689 973 450 348 700 507 296 623 571 
12 12 12 12 12 12 12 12 12 2 2 2 2 10 10 10 5 5 5 5 5 5 5 5 5 5 5 5 5 5 5 5 1 1 1 1 1 1 1 8 8 8 9 9 9 9 9 9 9 9 14 14 14 14 14 14 14 14 14 7 7 15 15 15 15 15 15 15 15 15 15 15 15 15 15 15 15 15 15 15 15 15 15 15 15 13 13 13 13 8 8 8 2 2 2 2 12 12 12 12 12 12 12 12 12 3 3 3 3 3 3 3 3 3 10 10 10 7 7 4 4 3 3 3 3 3 3 3 3 3 1 1 1 1 1 1 1 14 14 14 14 14 14 14 14 14 6 6 6 6 6 6 6 6 6 6 6 6 6 6 6 6 6 6 6 6 0 0 0 0 0 0 0 0 4 4 0 0 0 0 0 0 0 0 9 9 9 9 9 9 9 9 11 11 11 11 13 13 13 13 