112
100
2
1 1 1 1 1 1 1 1 1 1 1 4 4 4 4 4 4 6 6 6 6 6 6 8 8 8 8 8 8 8 8 8 8 8 8 8 8 13 13 13 13 13 13 13 13 13 15 15 15 15 15 15 15 15 16 16 16 16 16 16 16 16 16 16 16 16 16 18 18 18 18 18 18 18 18 18 18 18 18 18 18 19 19 19 19 21 21 21 21 21 21 21 21 38 39 39 39 39 39 39 39 41 45 45 45 45 45 45 47 47 47 47 47 47 47 47 47 49 49 49 49 49 49 49 49 49 50 50 50 50 50 50 50 50 50 51 51 51 51 51 56 56 56 56 56 56 56 56 56 56 56 56 56 56 56 56 58 58 58 58 58 58 58 61 61 61 61 61 65 65 65 65 65 66 66 66 66 66 66 67 67 67 67 67 67 67 67 70 70 70 70 70 70 70 70 70 70 70 70 70 
11 12 13 14 15 16 195 196 197 198 199 0 1 2 3 4 5 61 62 63 64 65 66 67 68 69 70 71 72 73 74 75 76 77 78 79 80 108 109 110 111 112 113 114 115 116 179 180 181 182 183 184 185 186 140 141 142 143 144 145 146 17 18 19 20 21 22 23 24 25 26 27 28 29 30 31 32 33 34 35 36 126 127 128 129 187 188 189 190 191 192 193 194 101 156 157 158 159 160 161 162 93 173 174 175 176 177 178 37 38 39 40 41 42 43 44 45 147 148 149 150 151 152 153 154 155 81 82 83 84 163 164 165 166 167 168 169 170 171 172 54 55 56 57 58 59 60 117 118 119 120 121 122 123 124 125 94 95 96 97 98 99 100 130 131 132 133 134 135 136 137 138 139 102 103 104 105 106 107 46 47 48 49 50 51 52 53 85 86 87 88 89 90 91 92 6 7 8 9 10 
268 268 268 268 268 268 198 198 198 198 198 268 268 268 268 268 268 967 967 967 967 967 967 172 172 172 172 172 172 172 172 172 172 172 172 172 172 516 516 516 516 516 516 516 516 516 637 637 637 637 637 637 637 637 810 810 810 810 810 810 810 967 967 967 967 967 967 172 172 172 172 172 172 172 172 172 172 172 172 172 172 423 423 423 423 375 375 375 375 375 375 375 375 566 922 922 922 922 922 922 922 566 343 343 343 343 343 343 516 516 516 516 516 516 516 516 516 801 801 801 801 801 801 801 801 801 423 423 423 423 665 665 665 665 665 745 745 745 745 745 810 810 810 810 810 810 810 801 801 801 801 801 801 801 801 801 922 922 922 922 922 922 922 665 665 665 665 665 745 745 745 745 745 343 343 343 343 343 343 637 637 637 637 637 637 637 637 375 375 375 375 375 375 375 375 198 198 198 198 198 
0 1 2 3 4 5 6 7 8 9 10 0 1 2 3 4 5 11 12 13 14 15 16 17 18 19 20 21 22 23 24 25 26 27 28 29 30 31 32 33 34 35 36 37 38 39 40 41 42 43 44 45 46 47 48 49 50 51 52 53 54 11 12 13 14 15 16 17 18 19 20 21 22 23 24 25 26 27 28 29 30 55 56 57 58 59 60 61 62 63 64 65 66 67 68 69 70 71 72 73 74 67 75 76 77 78 79 80 31 32 33 34 35 36 37 38 39 81 82 83 84 85 86 87 88 89 55 56 57 58 90 91 92 93 94 95 96 97 98 99 48 49 50 51 52 53 54 81 82 83 84 85 86 87 88 89 68 69 70 71 72 73 74 90 91 92 93 94 95 96 97 98 99 75 76 77 78 79 80 40 41 42 43 44 45 46 47 59 60 61 62 63 64 65 66 6 7 8 9 10 
54247
15
9 6 4 5 7 8 9 7 8 6 1 6 5 5 14 
13 1 19 51 16 21 49 39 15 45 38 6 50 1 8 
47 4 50 65 56 70 56 58 67 66 41 16 61 70 18 
516 268 423 745 810 375 801 922 637 343 566 967 665 198 172 
1 1 1 1 1 1 13 13 13 13 13 1 1 1 1 1 1 11 11 11 11 11 11 14 14 14 14 14 14 14 14 14 14 14 14 14 14 0 0 0 0 0 0 0 0 0 8 8 8 8 8 8 8 8 4 4 4 4 4 4 4 11 11 11 11 11 11 14 14 14 14 14 14 14 14 14 14 14 14 14 14 2 2 2 2 5 5 5 5 5 5 5 5 10 7 7 7 7 7 7 7 10 9 9 9 9 9 9 0 0 0 0 0 0 0 0 0 6 6 6 6 6 6 6 6 6 2 2 2 2 12 12 12 12 12 3 3 3 3 3 4 4 4 4 4 4 4 6 6 6 6 6 6 6 6 6 7 7 7 7 7 7 7 12 12 12 12 12 3 3 3 3 3 9 9 9 9 9 9 8 8 8 8 8 8 8 8 5 5 5 5 5 5 5 5 13 13 13 13 13 