935
100
2
2 2 3 3 3 3 3 3 3 4 4 4 4 4 5 5 5 5 5 5 5 5 5 5 5 5 5 5 5 5 5 5 5 5 5 5 5 5 9 9 9 9 9 9 9 9 9 9 9 11 11 11 13 13 13 13 13 13 13 13 17 17 17 17 17 17 17 17 17 17 17 18 18 18 20 20 26 26 26 26 26 27 27 27 27 27 27 28 28 28 28 28 28 29 29 29 29 29 33 33 33 35 35 35 35 35 35 37 37 37 37 37 37 37 37 38 38 38 38 38 38 38 38 38 38 38 38 38 38 38 40 40 40 40 40 40 40 40 40 44 44 44 44 44 44 44 48 48 48 48 48 48 48 48 48 48 48 51 51 51 55 55 55 55 55 55 55 55 55 55 55 56 56 56 56 56 62 62 62 62 62 62 62 62 62 62 62 62 62 62 62 62 62 62 64 64 64 64 64 64 
74 75 139 140 141 142 143 144 145 93 94 95 96 97 81 82 83 84 85 86 176 177 178 179 180 181 182 183 184 185 186 187 188 189 190 191 192 193 60 61 62 63 64 65 66 67 68 69 70 157 158 159 107 108 109 110 111 112 113 114 38 39 40 41 42 43 44 45 46 47 48 98 99 100 0 1 171 172 173 174 175 14 15 16 17 18 19 194 195 196 197 198 199 9 10 11 12 13 71 72 73 115 116 117 118 119 120 52 53 54 55 56 57 58 59 101 102 103 104 105 106 130 131 132 133 134 135 136 137 138 121 122 123 124 125 126 127 128 129 2 3 4 5 6 7 8 160 161 162 163 164 165 166 167 168 169 170 49 50 51 146 147 148 149 150 151 152 153 154 155 156 76 77 78 79 80 20 21 22 23 24 25 26 27 28 29 30 31 32 33 34 35 36 37 87 88 89 90 91 92 
590 590 645 645 645 645 645 645 645 341 341 341 341 341 237 237 237 237 237 237 439 439 439 439 439 439 439 439 439 439 439 439 439 439 439 439 439 439 180 180 180 180 180 180 180 180 180 180 180 387 387 387 469 469 469 469 469 469 469 469 180 180 180 180 180 180 180 180 180 180 180 821 821 821 590 590 213 213 213 213 213 237 237 237 237 237 237 163 163 163 163 163 163 341 341 341 341 341 821 821 821 526 526 526 526 526 526 469 469 469 469 469 469 469 469 526 526 526 526 526 526 728 728 728 728 728 728 728 728 728 728 728 728 728 728 728 728 728 728 645 645 645 645 645 645 645 766 766 766 766 766 766 766 766 766 766 766 387 387 387 766 766 766 766 766 766 766 766 766 766 766 213 213 213 213 213 439 439 439 439 439 439 439 439 439 439 439 439 439 439 439 439 439 439 163 163 163 163 163 163 
0 1 2 3 4 5 6 7 8 9 10 11 12 13 14 15 16 17 18 19 20 21 22 23 24 25 26 27 28 29 30 31 32 33 34 35 36 37 38 39 40 41 42 43 44 45 46 47 48 49 50 51 52 53 54 55 56 57 58 59 38 39 40 41 42 43 44 45 46 47 48 60 61 62 0 1 63 64 65 66 67 14 15 16 17 18 19 68 69 70 71 72 73 9 10 11 12 13 60 61 62 74 75 76 77 78 79 52 53 54 55 56 57 58 59 74 75 76 77 78 79 80 81 82 83 84 85 86 87 88 80 81 82 83 84 85 86 87 88 2 3 4 5 6 7 8 89 90 91 92 93 94 95 96 97 98 99 49 50 51 89 90 91 92 93 94 95 96 97 98 99 63 64 65 66 67 20 21 22 23 24 25 26 27 28 29 30 31 32 33 34 35 36 37 68 69 70 71 72 73 
46257
14
11 5 8 7 5 2 6 6 6 11 3 9 3 18 
9 4 13 3 26 2 28 35 5 48 18 38 11 5 
17 29 37 44 56 20 64 38 27 55 33 40 51 62 
180 341 469 645 213 590 163 526 237 766 821 728 387 439 
5 5 3 3 3 3 3 3 3 1 1 1 1 1 8 8 8 8 8 8 13 13 13 13 13 13 13 13 13 13 13 13 13 13 13 13 13 13 0 0 0 0 0 0 0 0 0 0 0 12 12 12 2 2 2 2 2 2 2 2 0 0 0 0 0 0 0 0 0 0 0 10 10 10 5 5 4 4 4 4 4 8 8 8 8 8 8 6 6 6 6 6 6 1 1 1 1 1 10 10 10 7 7 7 7 7 7 2 2 2 2 2 2 2 2 7 7 7 7 7 7 11 11 11 11 11 11 11 11 11 11 11 11 11 11 11 11 11 11 3 3 3 3 3 3 3 9 9 9 9 9 9 9 9 9 9 9 12 12 12 9 9 9 9 9 9 9 9 9 9 9 4 4 4 4 4 13 13 13 13 13 13 13 13 13 13 13 13 13 13 13 13 13 13 6 6 6 6 6 6 