230
100
2
8 8 8 8 8 9 9 9 9 9 9 9 9 9 9 9 9 9 9 9 9 9 9 9 9 11 11 11 11 12 12 12 12 12 12 12 12 14 14 15 15 15 15 15 15 15 18 18 18 19 23 23 23 23 23 23 24 24 25 25 25 25 25 25 25 25 25 25 25 25 27 27 30 30 31 31 31 31 31 31 31 33 33 33 33 33 33 34 34 34 34 34 34 36 36 36 36 38 38 38 38 40 40 40 40 40 40 40 40 40 40 40 40 40 40 40 40 40 40 41 41 41 41 41 41 45 45 47 47 47 47 49 49 49 49 49 49 49 49 49 49 49 49 49 53 53 53 53 53 53 55 55 55 55 55 55 55 55 55 55 55 56 56 56 56 56 56 56 56 58 58 58 58 58 58 58 58 60 60 61 61 62 62 62 62 62 62 66 66 66 66 69 69 69 69 69 69 69 70 70 
101 102 103 104 105 58 59 60 61 62 63 72 73 191 192 193 194 195 196 197 76 77 78 79 80 97 98 99 100 161 162 163 164 165 166 167 168 56 57 150 151 152 153 154 155 156 49 198 199 46 87 88 89 90 91 92 37 38 5 6 7 8 9 10 169 170 171 172 173 174 179 180 11 12 125 126 20 21 22 23 24 181 182 183 184 185 186 50 51 52 53 54 55 187 188 189 190 25 26 27 28 0 1 2 3 4 131 132 133 134 135 136 137 138 139 140 141 142 143 144 145 146 147 148 149 74 75 157 158 159 160 106 107 108 109 110 111 112 113 114 115 116 117 118 119 120 121 122 123 124 39 40 41 42 43 44 45 127 128 129 130 29 30 31 32 33 34 35 36 64 65 66 67 68 69 177 178 175 176 70 71 81 82 83 84 85 86 93 94 95 96 13 14 15 16 17 18 19 47 48 
307 307 307 307 307 581 581 581 581 581 581 635 635 187 187 187 187 187 187 187 910 910 910 910 910 882 882 882 882 613 613 613 613 613 613 613 613 729 729 952 952 952 952 952 952 952 880 356 356 880 256 256 256 256 256 256 729 729 581 581 581 581 581 581 347 347 347 347 347 347 160 160 635 635 224 224 910 910 910 910 910 413 413 413 413 413 413 256 256 256 256 256 256 193 193 193 193 882 882 882 882 307 307 307 307 307 286 286 286 286 286 286 286 286 286 286 286 286 286 730 730 316 316 316 316 224 224 219 219 219 219 286 286 286 286 286 286 286 286 286 286 286 286 286 730 730 316 316 316 316 952 952 952 952 952 952 952 219 219 219 219 613 613 613 613 613 613 613 613 347 347 347 347 347 347 297 297 297 297 160 160 413 413 413 413 413 413 193 193 193 193 187 187 187 187 187 187 187 356 356 
0 1 2 3 4 5 6 7 8 9 10 11 12 13 14 15 16 17 18 19 20 21 22 23 24 25 26 27 28 29 30 31 32 33 34 35 36 37 38 39 40 41 42 43 44 45 46 47 48 46 49 50 51 52 53 54 37 38 5 6 7 8 9 10 55 56 57 58 59 60 61 62 11 12 63 64 20 21 22 23 24 65 66 67 68 69 70 49 50 51 52 53 54 71 72 73 74 25 26 27 28 0 1 2 3 4 75 76 77 78 79 80 81 82 83 84 85 86 87 88 89 90 91 92 93 63 64 94 95 96 97 75 76 77 78 79 80 81 82 83 84 85 86 87 88 89 90 91 92 93 39 40 41 42 43 44 45 94 95 96 97 29 30 31 32 33 34 35 36 55 56 57 58 59 60 98 99 98 99 61 62 65 66 67 68 69 70 71 72 73 74 13 14 15 16 17 18 19 47 48 
45844
22
6 1 8 6 7 2 4 2 6 2 2 4 2 4 2 4 2 7 5 6 5 13 
9 18 12 23 15 31 47 27 25 58 41 36 14 41 9 11 18 9 8 33 9 40 
25 19 56 34 55 45 55 61 58 60 53 66 24 53 30 38 70 69 40 62 31 49 
581 880 613 256 952 224 219 160 347 297 730 193 729 316 635 882 356 187 307 413 910 286 
18 18 18 18 18 0 0 0 0 0 0 14 14 17 17 17 17 17 17 17 20 20 20 20 20 15 15 15 15 2 2 2 2 2 2 2 2 12 12 4 4 4 4 4 4 4 1 16 16 1 3 3 3 3 3 3 12 12 0 0 0 0 0 0 8 8 8 8 8 8 7 7 14 14 5 5 20 20 20 20 20 19 19 19 19 19 19 3 3 3 3 3 3 11 11 11 11 15 15 15 15 18 18 18 18 18 21 21 21 21 21 21 21 21 21 21 21 21 21 10 10 13 13 13 13 5 5 6 6 6 6 21 21 21 21 21 21 21 21 21 21 21 21 21 10 10 13 13 13 13 4 4 4 4 4 4 4 6 6 6 6 2 2 2 2 2 2 2 2 8 8 8 8 8 8 9 9 9 9 7 7 19 19 19 19 19 19 11 11 11 11 17 17 17 17 17 17 17 16 16 