385
100
2
1 1 1 1 2 2 2 4 4 4 5 5 5 5 5 5 5 5 5 5 5 5 5 5 7 7 7 7 7 7 7 7 13 13 13 13 13 13 13 13 13 13 14 14 14 14 14 14 14 20 20 20 20 20 20 24 24 24 24 24 24 24 24 24 25 25 25 25 25 25 26 26 26 26 26 26 26 27 27 27 27 27 32 32 32 32 36 36 36 36 39 39 39 39 39 39 39 39 42 42 42 44 44 44 44 44 44 45 45 47 47 47 48 48 48 48 48 48 48 48 48 48 48 48 48 48 48 48 48 48 49 49 49 49 49 49 50 50 50 50 50 50 50 50 50 50 50 50 50 50 50 50 50 50 51 51 51 51 51 51 51 51 55 55 55 55 55 59 59 59 59 59 59 59 59 61 61 61 61 63 63 65 65 65 65 66 66 66 66 66 67 67 67 67 67 69 69 69 70 70 
136 137 138 139 61 62 63 94 95 96 32 33 34 35 36 37 179 180 64 65 66 67 68 69 74 75 76 185 186 187 188 189 10 11 12 13 14 15 171 172 173 174 167 168 169 170 52 53 54 98 99 100 46 47 48 101 102 103 104 105 106 4 5 6 18 19 20 21 22 23 86 87 88 89 24 25 26 162 163 164 165 166 181 182 183 184 70 71 72 73 175 176 177 178 7 8 9 115 49 50 51 55 56 57 58 59 60 193 194 195 196 197 190 191 192 97 140 141 142 143 144 145 146 147 148 149 150 151 152 153 154 155 156 157 158 159 0 1 2 3 116 117 118 119 120 121 122 123 124 125 126 127 128 129 130 131 132 133 134 135 198 199 77 78 79 80 81 42 43 44 45 38 39 40 41 90 91 92 93 16 17 82 83 84 85 27 28 29 30 31 112 113 114 107 108 109 110 111 160 161 
377 377 377 377 539 539 539 488 488 488 828 828 828 828 828 828 978 978 521 521 521 521 521 521 517 517 517 658 658 658 658 658 828 828 828 828 828 828 481 481 481 481 710 710 710 710 706 706 706 154 154 154 706 706 706 875 875 875 875 875 875 539 539 539 521 521 521 521 521 521 463 463 463 463 517 517 517 533 533 533 533 533 881 881 881 881 463 463 463 463 868 868 868 868 488 488 488 510 154 154 154 875 875 875 875 875 875 827 827 153 153 153 930 930 930 510 608 608 608 608 608 608 608 608 608 608 608 608 608 608 808 808 808 808 808 808 377 377 377 377 608 608 608 608 608 608 608 608 608 608 608 608 608 608 808 808 808 808 808 808 492 492 533 533 533 533 533 710 710 710 710 481 481 481 481 868 868 868 868 978 978 881 881 881 881 658 658 658 658 658 930 930 930 827 827 153 153 153 492 492 
0 1 2 3 4 5 6 7 8 9 10 11 12 13 14 15 16 17 18 19 20 21 22 23 24 25 26 27 28 29 30 31 10 11 12 13 14 15 32 33 34 35 36 37 38 39 40 41 42 43 44 45 40 41 42 46 47 48 49 50 51 4 5 6 18 19 20 21 22 23 52 53 54 55 24 25 26 56 57 58 59 60 61 62 63 64 52 53 54 55 65 66 67 68 7 8 9 69 43 44 45 46 47 48 49 50 51 70 71 72 73 74 75 76 77 69 78 79 80 81 82 83 84 85 86 87 88 89 90 91 92 93 94 95 96 97 0 1 2 3 78 79 80 81 82 83 84 85 86 87 88 89 90 91 92 93 94 95 96 97 98 99 56 57 58 59 60 36 37 38 39 32 33 34 35 65 66 67 68 16 17 61 62 63 64 27 28 29 30 31 75 76 77 70 71 72 73 74 98 99 
63344
24
4 4 6 4 4 6 4 3 5 3 3 2 3 3 2 3 3 4 6 5 6 1 2 14 
32 39 5 14 26 24 1 4 27 20 47 5 48 14 45 2 7 13 5 7 49 39 51 48 
65 61 13 59 36 44 50 39 55 42 69 63 67 20 67 24 26 59 25 66 51 48 70 50 
881 868 828 710 463 875 377 488 533 154 153 978 930 706 827 539 517 481 521 658 808 510 492 608 
6 6 6 6 15 15 15 7 7 7 2 2 2 2 2 2 11 11 18 18 18 18 18 18 16 16 16 19 19 19 19 19 2 2 2 2 2 2 17 17 17 17 3 3 3 3 13 13 13 9 9 9 13 13 13 5 5 5 5 5 5 15 15 15 18 18 18 18 18 18 4 4 4 4 16 16 16 8 8 8 8 8 0 0 0 0 4 4 4 4 1 1 1 1 7 7 7 21 9 9 9 5 5 5 5 5 5 14 14 10 10 10 12 12 12 21 23 23 23 23 23 23 23 23 23 23 23 23 23 23 20 20 20 20 20 20 6 6 6 6 23 23 23 23 23 23 23 23 23 23 23 23 23 23 20 20 20 20 20 20 22 22 8 8 8 8 8 3 3 3 3 17 17 17 17 1 1 1 1 11 11 0 0 0 0 19 19 19 19 19 12 12 12 14 14 10 10 10 22 22 