598
100
2
1 1 1 1 3 3 3 3 3 4 4 4 6 7 7 7 7 7 7 7 7 7 7 7 7 7 7 7 7 10 10 10 10 10 12 12 12 12 12 12 12 12 12 14 14 18 18 18 18 21 21 21 23 23 23 23 23 23 23 23 23 23 24 24 24 26 26 26 26 26 29 29 29 29 29 30 30 30 30 32 32 32 32 33 33 33 33 35 36 36 36 37 38 39 39 39 39 39 39 39 39 40 42 42 43 44 44 44 44 47 47 47 47 47 48 48 48 48 48 48 48 48 48 48 48 48 48 49 49 49 49 50 50 50 50 51 51 51 51 51 52 52 52 52 53 53 53 53 53 53 53 53 53 53 53 54 55 57 57 57 57 57 57 57 61 61 61 61 62 62 66 66 66 67 67 67 68 68 68 68 69 69 69 69 69 69 69 69 69 69 69 69 69 69 69 69 70 70 70 70 
170 171 172 104 168 169 9 10 11 6 7 8 87 180 181 182 183 184 185 186 187 188 189 190 191 192 193 194 195 109 110 111 112 113 75 76 77 78 57 58 59 60 61 102 103 151 152 153 154 62 63 64 135 136 137 138 139 38 39 40 41 42 49 50 51 122 123 124 125 126 127 128 129 130 101 34 35 36 37 164 165 166 167 140 141 142 143 12 173 174 175 156 155 196 197 198 199 176 177 178 179 74 43 44 3 157 158 159 160 29 30 31 32 33 144 145 146 147 131 132 133 134 65 66 67 68 69 70 71 72 73 118 119 120 121 52 53 54 55 56 83 84 85 86 114 115 116 117 161 162 163 45 46 47 48 92 91 105 106 107 108 148 149 150 79 80 81 82 4 5 0 1 2 88 89 90 97 98 99 100 13 14 15 16 17 18 19 20 21 22 23 24 25 26 27 28 93 94 95 96 
647 647 647 612 256 256 455 455 455 455 455 455 379 957 957 957 957 957 957 957 957 957 957 957 957 957 957 957 957 672 672 672 672 672 381 381 381 381 242 242 242 242 242 457 457 270 270 270 270 551 551 551 573 573 573 573 573 242 242 242 242 242 551 551 551 824 824 824 824 824 162 162 162 162 465 381 381 381 381 747 747 747 747 576 576 576 576 379 299 299 299 670 662 259 259 259 259 263 263 263 263 465 457 457 612 784 784 784 784 672 672 672 672 672 346 346 346 346 567 567 567 567 824 824 824 824 824 162 162 162 162 567 567 567 567 573 573 573 573 573 576 576 576 576 346 346 346 346 672 672 672 270 270 270 270 662 670 784 784 784 784 672 672 672 747 747 747 747 256 256 647 647 647 299 299 299 263 263 263 263 957 957 957 957 957 957 957 957 957 957 957 957 957 957 957 957 259 259 259 259 
0 1 2 3 4 5 6 7 8 6 7 8 9 10 11 12 13 14 15 16 17 18 19 20 21 22 23 24 25 26 27 28 29 30 31 32 33 34 35 36 37 38 39 40 41 42 43 44 45 46 47 48 49 50 51 52 53 35 36 37 38 39 46 47 48 54 55 56 57 58 59 60 61 62 63 31 32 33 34 64 65 66 67 68 69 70 71 9 72 73 74 75 76 77 78 79 80 81 82 83 84 63 40 41 3 85 86 87 88 26 27 28 29 30 89 90 91 92 93 94 95 96 54 55 56 57 58 59 60 61 62 93 94 95 96 49 50 51 52 53 68 69 70 71 89 90 91 92 97 98 99 42 43 44 45 76 75 85 86 87 88 97 98 99 64 65 66 67 4 5 0 1 2 72 73 74 81 82 83 84 10 11 12 13 14 15 16 17 18 19 20 21 22 23 24 25 77 78 79 80 
56373
27
2 4 2 3 1 1 3 4 4 3 4 1 5 4 5 4 1 3 4 5 3 4 4 1 5 4 16 
14 44 3 21 37 38 3 29 39 1 32 1 23 48 10 12 6 36 48 12 53 33 18 29 26 39 7 
42 57 62 24 55 54 4 49 70 66 61 43 51 53 47 30 35 67 50 23 57 52 53 40 48 68 69 
457 784 256 551 670 662 455 162 259 647 747 612 573 346 672 381 379 299 567 242 672 576 270 465 824 263 957 
9 9 9 11 2 2 6 6 6 6 6 6 16 26 26 26 26 26 26 26 26 26 26 26 26 26 26 26 26 14 14 14 14 14 15 15 15 15 19 19 19 19 19 0 0 22 22 22 22 3 3 3 12 12 12 12 12 19 19 19 19 19 3 3 3 24 24 24 24 24 7 7 7 7 23 15 15 15 15 10 10 10 10 21 21 21 21 16 17 17 17 4 5 8 8 8 8 25 25 25 25 23 0 0 11 1 1 1 1 14 14 14 14 14 13 13 13 13 18 18 18 18 24 24 24 24 24 7 7 7 7 18 18 18 18 12 12 12 12 12 21 21 21 21 13 13 13 13 20 20 20 22 22 22 22 5 4 1 1 1 1 20 20 20 10 10 10 10 2 2 9 9 9 17 17 17 25 25 25 25 26 26 26 26 26 26 26 26 26 26 26 26 26 26 26 26 8 8 8 8 