172
100
2
2 2 2 2 2 2 4 4 5 5 5 5 10 10 10 10 10 11 11 11 11 11 13 15 15 15 17 17 19 19 19 19 19 19 19 19 19 19 19 19 19 19 19 19 19 19 19 19 19 19 19 19 21 21 21 21 21 23 23 23 23 23 23 23 24 24 24 24 26 26 26 26 26 26 26 28 28 28 28 28 28 28 28 28 28 28 29 29 29 29 29 29 29 34 34 34 34 34 34 34 34 34 34 35 35 35 35 36 36 36 36 36 36 36 36 36 36 36 36 37 37 38 38 38 38 42 42 42 42 42 42 42 42 42 42 42 42 42 42 42 42 42 43 44 44 44 47 47 48 48 48 48 48 48 49 49 49 52 52 52 52 52 52 52 52 52 52 53 53 53 53 60 60 60 60 60 64 64 64 65 65 65 65 65 65 65 66 66 66 66 66 66 66 66 68 68 68 69 69 69 
142 81 82 83 84 85 22 98 103 104 105 106 189 190 191 192 193 171 172 173 174 175 6 143 144 145 119 120 86 87 88 89 90 91 92 125 126 127 128 129 130 131 132 133 134 135 136 137 138 139 140 141 186 187 188 146 147 179 180 181 182 183 184 185 167 168 169 170 112 113 114 115 116 117 118 148 149 150 151 152 153 1 2 3 4 5 28 29 30 31 32 33 34 157 158 159 160 161 7 121 122 123 124 8 9 10 11 162 163 164 165 166 68 69 70 71 72 73 74 26 27 99 100 101 102 35 36 37 38 39 40 41 42 43 44 45 46 47 48 49 50 51 0 23 24 25 55 56 75 76 77 78 79 80 194 195 196 93 94 95 96 97 107 108 109 110 111 64 65 66 67 17 18 19 20 21 197 198 199 57 58 59 60 61 62 63 52 53 54 12 13 14 15 16 154 155 156 176 177 178 
317 694 694 694 694 694 339 198 979 979 979 979 898 898 898 898 898 302 302 302 302 302 339 484 484 484 931 931 828 828 828 828 828 828 828 447 447 447 447 447 447 447 447 447 447 447 447 447 447 447 447 447 901 901 901 811 811 682 682 682 682 682 682 682 576 576 576 576 895 895 895 895 895 895 895 306 306 306 306 306 306 694 694 694 694 694 828 828 828 828 828 828 828 486 486 486 486 486 198 955 955 955 955 979 979 979 979 239 239 239 239 239 895 895 895 895 895 895 895 931 931 955 955 955 955 447 447 447 447 447 447 447 447 447 447 447 447 447 447 447 447 447 317 484 484 484 811 811 306 306 306 306 306 306 267 267 267 486 486 486 486 486 239 239 239 239 239 576 576 576 576 302 302 302 302 302 293 293 293 682 682 682 682 682 682 682 901 901 901 898 898 898 898 898 267 267 267 293 293 293 
0 1 2 3 4 5 6 7 8 9 10 11 12 13 14 15 16 17 18 19 20 21 6 22 23 24 25 26 27 28 29 30 31 32 33 34 35 36 37 38 39 40 41 42 43 44 45 46 47 48 49 50 51 52 53 54 55 56 57 58 59 60 61 62 63 64 65 66 67 68 69 70 71 72 73 74 75 76 77 78 79 1 2 3 4 5 27 28 29 30 31 32 33 80 81 82 83 84 7 85 86 87 88 8 9 10 11 89 90 91 92 93 67 68 69 70 71 72 73 25 26 85 86 87 88 34 35 36 37 38 39 40 41 42 43 44 45 46 47 48 49 50 0 22 23 24 54 55 74 75 76 77 78 79 94 95 96 80 81 82 83 84 89 90 91 92 93 63 64 65 66 17 18 19 20 21 97 98 99 56 57 58 59 60 61 62 51 52 53 12 13 14 15 16 94 95 96 97 98 99 
59578
22
5 3 3 3 7 5 5 7 5 3 1 2 6 1 4 1 4 5 7 4 2 17 
34 21 64 15 23 36 10 26 11 49 4 17 28 4 5 2 34 2 19 24 21 19 
52 66 69 44 65 52 66 36 60 68 13 37 48 34 35 43 38 28 29 53 47 42 
486 901 293 484 682 239 898 895 302 267 339 931 306 198 979 317 955 694 828 576 811 447 
15 17 17 17 17 17 10 13 14 14 14 14 6 6 6 6 6 8 8 8 8 8 10 3 3 3 11 11 18 18 18 18 18 18 18 21 21 21 21 21 21 21 21 21 21 21 21 21 21 21 21 21 1 1 1 20 20 4 4 4 4 4 4 4 19 19 19 19 7 7 7 7 7 7 7 12 12 12 12 12 12 17 17 17 17 17 18 18 18 18 18 18 18 0 0 0 0 0 13 16 16 16 16 14 14 14 14 5 5 5 5 5 7 7 7 7 7 7 7 11 11 16 16 16 16 21 21 21 21 21 21 21 21 21 21 21 21 21 21 21 21 21 15 3 3 3 20 20 12 12 12 12 12 12 9 9 9 0 0 0 0 0 5 5 5 5 5 19 19 19 19 8 8 8 8 8 2 2 2 4 4 4 4 4 4 4 1 1 1 6 6 6 6 6 9 9 9 2 2 2 