76
100
2
2 2 2 2 2 5 5 5 5 5 5 5 5 5 5 5 5 5 7 7 7 7 7 7 7 7 7 7 9 9 9 9 19 19 19 19 19 20 20 21 21 21 21 21 21 21 21 21 21 21 21 21 21 21 21 21 21 21 21 22 22 22 22 22 23 23 23 23 23 23 23 24 24 24 24 25 25 25 25 25 25 25 28 28 28 29 29 29 32 32 33 33 34 34 34 34 35 35 35 35 35 35 35 35 35 35 35 35 38 38 38 38 38 39 41 41 41 41 41 45 45 45 45 45 45 45 46 46 49 49 49 49 51 51 51 51 51 51 51 51 51 51 53 53 53 53 53 53 53 54 54 54 54 54 54 54 54 55 55 56 56 56 56 56 56 57 58 58 58 58 58 58 58 61 61 61 61 63 63 63 63 64 64 64 64 64 64 64 64 64 64 66 66 66 67 69 69 69 69 69 
108 109 110 111 112 46 47 48 49 50 51 52 53 54 55 56 57 58 191 192 193 75 76 77 78 79 80 81 138 139 140 141 96 97 98 99 100 126 127 64 65 66 67 68 69 70 5 6 7 8 9 10 11 12 13 14 15 16 17 114 115 116 117 118 39 40 41 42 43 44 45 173 174 175 176 21 22 23 24 25 26 27 85 86 87 82 83 84 198 199 132 133 128 129 130 131 32 33 34 35 36 142 143 144 145 146 147 148 0 1 2 3 4 165 59 60 61 62 63 166 167 168 169 170 171 172 37 38 92 93 94 95 90 91 177 178 179 180 28 29 30 31 101 102 103 104 105 106 107 157 158 181 182 183 184 185 186 149 150 195 196 187 188 189 190 113 119 120 121 122 123 124 125 71 72 73 74 134 135 136 137 151 152 153 154 155 156 161 162 163 164 18 19 20 197 159 160 194 88 89 
979 979 979 979 979 432 432 432 432 432 432 432 432 432 432 432 432 432 445 445 445 908 908 908 908 908 908 908 202 202 202 202 548 548 548 548 548 313 313 961 961 961 961 961 961 961 432 432 432 432 432 432 432 432 432 432 432 432 432 204 204 204 204 204 961 961 961 961 961 961 961 405 405 405 405 908 908 908 908 908 908 908 498 498 498 498 498 498 659 659 720 720 163 163 163 163 548 548 548 548 548 510 510 510 510 510 510 510 979 979 979 979 979 319 204 204 204 204 204 618 618 618 618 618 618 618 313 313 163 163 163 163 720 720 643 643 643 643 202 202 202 202 510 510 510 510 510 510 510 788 788 486 486 486 486 486 486 788 788 851 851 939 939 939 939 319 618 618 618 618 618 618 618 405 405 405 405 643 643 643 643 486 486 486 486 486 486 939 939 939 939 445 445 445 191 851 851 191 659 659 
0 1 2 3 4 5 6 7 8 9 10 11 12 13 14 15 16 17 18 19 20 21 22 23 24 25 26 27 28 29 30 31 32 33 34 35 36 37 38 39 40 41 42 43 44 45 5 6 7 8 9 10 11 12 13 14 15 16 17 46 47 48 49 50 39 40 41 42 43 44 45 51 52 53 54 21 22 23 24 25 26 27 55 56 57 55 56 57 58 59 60 61 62 63 64 65 32 33 34 35 36 66 67 68 69 70 71 72 0 1 2 3 4 73 46 47 48 49 50 74 75 76 77 78 79 80 37 38 62 63 64 65 60 61 81 82 83 84 28 29 30 31 66 67 68 69 70 71 72 85 86 87 88 89 90 91 92 85 86 93 94 95 96 97 98 73 74 75 76 77 78 79 80 51 52 53 54 81 82 83 84 87 88 89 90 91 92 95 96 97 98 18 19 20 99 93 94 99 58 59 
57575
23
2 1 7 2 4 4 2 5 5 7 7 3 4 2 6 4 5 3 1 2 7 4 13 
33 39 21 20 34 51 56 22 19 35 45 28 9 54 54 24 2 7 67 32 7 56 5 
51 57 23 46 49 63 69 41 35 53 58 29 51 55 64 61 38 66 69 69 25 64 21 
720 319 961 313 163 643 851 204 548 510 618 498 202 788 486 405 979 445 191 659 908 939 432 
16 16 16 16 16 22 22 22 22 22 22 22 22 22 22 22 22 22 17 17 17 20 20 20 20 20 20 20 12 12 12 12 8 8 8 8 8 3 3 2 2 2 2 2 2 2 22 22 22 22 22 22 22 22 22 22 22 22 22 7 7 7 7 7 2 2 2 2 2 2 2 15 15 15 15 20 20 20 20 20 20 20 11 11 11 11 11 11 19 19 0 0 4 4 4 4 8 8 8 8 8 9 9 9 9 9 9 9 16 16 16 16 16 1 7 7 7 7 7 10 10 10 10 10 10 10 3 3 4 4 4 4 0 0 5 5 5 5 12 12 12 12 9 9 9 9 9 9 9 13 13 14 14 14 14 14 14 13 13 6 6 21 21 21 21 1 10 10 10 10 10 10 10 15 15 15 15 5 5 5 5 14 14 14 14 14 14 21 21 21 21 17 17 17 18 6 6 18 19 19 