705
100
2
1 1 1 1 1 1 1 1 1 3 3 3 5 5 5 5 5 7 7 7 7 7 8 8 8 8 8 8 8 8 8 10 10 10 10 10 11 11 11 11 11 16 16 16 16 16 16 16 16 16 16 16 16 16 16 17 17 17 17 17 17 17 18 18 18 18 18 18 18 18 18 18 18 19 19 19 19 19 21 21 21 21 21 21 21 23 24 25 25 25 27 27 27 27 27 28 28 28 28 28 28 28 30 30 30 30 31 31 31 32 32 32 32 32 32 32 32 41 41 41 41 41 43 43 43 43 43 43 43 43 43 43 43 43 45 45 45 45 45 45 46 46 46 46 46 46 46 47 47 47 47 47 47 47 47 47 47 47 47 47 47 47 47 47 47 47 47 48 48 48 48 48 48 50 50 60 60 60 60 60 60 60 60 60 61 61 61 61 61 61 61 62 62 62 69 70 70 70 70 70 
22 23 24 25 26 27 28 29 30 87 88 89 17 18 19 20 21 12 13 14 15 16 0 1 2 3 4 5 6 7 8 186 187 188 189 190 102 103 104 105 85 153 154 155 156 157 158 159 160 161 162 163 164 165 166 140 141 142 143 144 145 146 109 110 111 112 113 114 115 116 170 171 172 90 91 92 93 94 95 96 97 98 99 100 101 40 194 9 10 11 73 74 75 76 77 78 79 80 81 82 83 84 36 37 38 39 167 168 169 62 63 64 65 66 67 68 69 195 196 197 198 199 175 176 177 178 179 180 181 182 183 191 192 193 147 148 149 150 151 152 55 56 57 58 59 60 61 134 135 136 137 138 139 41 42 43 44 45 46 47 48 49 50 51 52 53 54 106 107 108 70 71 72 184 185 122 123 124 125 126 127 128 129 130 173 174 31 32 33 34 35 131 132 133 86 117 118 119 120 121 
447 447 447 447 447 447 447 447 447 508 508 508 203 203 203 203 203 203 203 203 203 203 447 447 447 447 447 447 447 447 447 308 308 308 308 308 988 988 988 988 783 346 346 346 346 346 346 346 346 346 346 346 346 346 346 433 433 433 433 433 433 433 668 668 668 668 668 668 668 668 332 332 332 729 729 729 729 729 489 489 489 489 489 489 489 783 359 508 508 508 729 729 729 729 729 489 489 489 489 489 489 489 988 988 988 988 793 793 793 668 668 668 668 668 668 668 668 217 217 217 217 217 410 410 410 410 410 410 410 410 410 399 399 399 538 538 538 538 538 538 433 433 433 433 433 433 433 538 538 538 538 538 538 346 346 346 346 346 346 346 346 346 346 346 346 346 346 793 793 793 332 332 332 722 722 410 410 410 410 410 410 410 410 410 722 722 308 308 308 308 308 399 399 399 359 217 217 217 217 217 
0 1 2 3 4 5 6 7 8 9 10 11 12 13 14 15 16 12 13 14 15 16 0 1 2 3 4 5 6 7 8 17 18 19 20 21 22 23 24 25 26 27 28 29 30 31 32 33 34 35 36 37 38 39 40 41 42 43 44 45 46 47 48 49 50 51 52 53 54 55 56 57 58 59 60 61 62 63 64 65 66 67 68 69 70 26 71 9 10 11 59 60 61 62 63 64 65 66 67 68 69 70 22 23 24 25 72 73 74 48 49 50 51 52 53 54 55 75 76 77 78 79 80 81 82 83 84 85 86 87 88 89 90 91 92 93 94 95 96 97 41 42 43 44 45 46 47 92 93 94 95 96 97 27 28 29 30 31 32 33 34 35 36 37 38 39 40 72 73 74 56 57 58 98 99 80 81 82 83 84 85 86 87 88 98 99 17 18 19 20 21 89 90 91 71 75 76 77 78 79 
47502
19
5 9 7 3 8 3 1 5 6 9 7 4 1 2 5 3 3 5 14 
41 43 17 31 18 43 24 5 45 1 21 11 11 50 19 3 18 10 16 
70 60 46 48 32 62 69 7 47 8 28 30 23 61 27 25 48 61 47 
217 410 433 793 668 399 359 203 538 447 489 988 783 722 729 508 332 308 346 
9 9 9 9 9 9 9 9 9 15 15 15 7 7 7 7 7 7 7 7 7 7 9 9 9 9 9 9 9 9 9 17 17 17 17 17 11 11 11 11 12 18 18 18 18 18 18 18 18 18 18 18 18 18 18 2 2 2 2 2 2 2 4 4 4 4 4 4 4 4 16 16 16 14 14 14 14 14 10 10 10 10 10 10 10 12 6 15 15 15 14 14 14 14 14 10 10 10 10 10 10 10 11 11 11 11 3 3 3 4 4 4 4 4 4 4 4 0 0 0 0 0 1 1 1 1 1 1 1 1 1 5 5 5 8 8 8 8 8 8 2 2 2 2 2 2 2 8 8 8 8 8 8 18 18 18 18 18 18 18 18 18 18 18 18 18 18 3 3 3 16 16 16 13 13 1 1 1 1 1 1 1 1 1 13 13 17 17 17 17 17 5 5 5 6 0 0 0 0 0 