954
100
2
3 3 3 9 9 9 9 9 9 9 9 10 10 10 12 12 12 12 12 12 12 14 14 14 14 14 14 14 14 14 14 14 22 22 22 22 22 22 22 22 22 22 22 24 24 24 24 24 24 24 24 24 24 26 26 27 27 27 39 39 39 39 39 39 39 39 39 39 41 41 41 41 41 41 41 41 41 41 41 41 41 41 41 41 41 41 41 41 41 41 42 42 42 42 42 42 42 42 42 42 43 43 43 43 43 43 43 43 43 43 43 43 43 43 43 43 45 45 45 45 45 45 45 45 45 45 45 45 45 49 49 49 49 49 49 49 49 53 53 53 53 53 53 53 53 56 56 56 56 56 56 56 57 57 57 57 57 57 57 57 57 57 57 57 57 57 57 57 59 59 59 59 59 59 59 59 59 59 60 60 60 60 60 60 60 60 60 64 64 70 70 70 70 70 70 70 70 70 70 70 
11 12 13 137 138 139 140 141 142 143 144 0 1 2 161 162 163 164 165 166 167 189 190 191 192 193 194 195 196 197 198 199 129 130 131 132 133 134 135 136 55 56 57 168 169 170 171 172 173 174 175 176 177 187 188 40 41 42 90 91 92 93 94 95 96 97 98 99 152 153 154 155 156 157 158 159 160 116 117 118 119 120 121 122 123 124 125 126 127 128 58 59 60 61 62 63 64 65 66 67 178 179 180 181 182 183 184 185 186 145 146 147 148 149 150 151 77 78 79 80 81 82 83 84 85 86 87 88 89 32 33 34 35 36 37 38 39 3 4 5 6 7 8 9 10 109 110 111 112 113 114 115 68 69 70 71 72 73 74 75 76 14 15 16 17 18 19 20 43 44 45 46 47 48 49 50 51 52 100 101 102 103 104 105 106 107 108 53 54 21 22 23 24 25 26 27 28 29 30 31 
801 801 801 804 804 804 804 804 804 804 804 801 801 801 891 891 891 891 891 891 891 255 255 255 255 255 255 255 255 255 255 255 865 865 865 865 865 865 865 865 587 587 587 563 563 563 563 563 563 563 563 563 563 850 850 587 587 587 960 960 960 960 960 960 960 960 960 960 288 288 288 288 288 288 288 288 288 295 295 295 295 295 295 295 295 295 295 295 295 295 960 960 960 960 960 960 960 960 960 960 222 222 222 222 222 222 222 222 222 254 254 254 254 254 254 254 295 295 295 295 295 295 295 295 295 295 295 295 295 865 865 865 865 865 865 865 865 804 804 804 804 804 804 804 804 254 254 254 254 254 254 254 288 288 288 288 288 288 288 288 288 891 891 891 891 891 891 891 563 563 563 563 563 563 563 563 563 563 222 222 222 222 222 222 222 222 222 850 850 255 255 255 255 255 255 255 255 255 255 255 
0 1 2 3 4 5 6 7 8 9 10 0 1 2 11 12 13 14 15 16 17 18 19 20 21 22 23 24 25 26 27 28 29 30 31 32 33 34 35 36 37 38 39 40 41 42 43 44 45 46 47 48 49 50 51 37 38 39 52 53 54 55 56 57 58 59 60 61 62 63 64 65 66 67 68 69 70 71 72 73 74 75 76 77 78 79 80 81 82 83 52 53 54 55 56 57 58 59 60 61 84 85 86 87 88 89 90 91 92 93 94 95 96 97 98 99 71 72 73 74 75 76 77 78 79 80 81 82 83 29 30 31 32 33 34 35 36 3 4 5 6 7 8 9 10 93 94 95 96 97 98 99 62 63 64 65 66 67 68 69 70 11 12 13 14 15 16 17 40 41 42 43 44 45 46 47 48 49 84 85 86 87 88 89 90 91 92 50 51 18 19 20 21 22 23 24 25 26 27 28 
53691
13
3 9 8 7 8 10 9 2 11 10 3 7 13 
3 43 9 43 22 39 41 26 14 24 22 12 41 
10 60 53 56 49 42 57 64 70 59 27 57 45 
801 222 804 254 865 960 288 850 255 563 587 891 295 
0 0 0 2 2 2 2 2 2 2 2 0 0 0 11 11 11 11 11 11 11 8 8 8 8 8 8 8 8 8 8 8 4 4 4 4 4 4 4 4 10 10 10 9 9 9 9 9 9 9 9 9 9 7 7 10 10 10 5 5 5 5 5 5 5 5 5 5 6 6 6 6 6 6 6 6 6 12 12 12 12 12 12 12 12 12 12 12 12 12 5 5 5 5 5 5 5 5 5 5 1 1 1 1 1 1 1 1 1 3 3 3 3 3 3 3 12 12 12 12 12 12 12 12 12 12 12 12 12 4 4 4 4 4 4 4 4 2 2 2 2 2 2 2 2 3 3 3 3 3 3 3 6 6 6 6 6 6 6 6 6 11 11 11 11 11 11 11 9 9 9 9 9 9 9 9 9 9 1 1 1 1 1 1 1 1 1 7 7 8 8 8 8 8 8 8 8 8 8 8 