248
100
2
1 1 1 1 4 4 4 4 4 4 4 4 6 6 6 7 7 7 7 7 7 8 8 8 8 8 8 8 8 8 8 8 8 8 8 8 8 8 8 8 10 10 10 10 10 10 16 16 16 16 16 16 16 16 16 23 23 23 23 23 24 24 24 24 24 24 24 24 25 25 25 25 25 25 25 25 25 25 25 25 25 25 25 25 25 25 27 27 27 28 28 28 28 29 29 29 36 36 36 40 40 40 40 40 40 40 41 41 41 48 48 48 48 50 50 50 50 50 50 51 51 51 51 51 51 51 51 51 51 51 51 51 51 51 51 51 51 51 53 53 53 53 53 53 53 53 53 53 53 53 53 53 53 53 53 53 53 53 55 55 55 55 60 60 60 60 60 60 60 60 60 60 60 60 60 60 60 60 60 60 60 63 63 65 65 65 65 65 65 66 66 66 66 66 67 67 67 67 67 67 
158 159 160 161 146 147 148 149 150 151 152 153 76 77 78 52 53 54 96 97 98 162 163 164 165 166 167 168 169 170 171 172 173 174 175 176 177 178 179 180 113 114 115 116 117 118 183 184 185 186 187 188 15 16 17 189 190 191 192 193 68 69 70 71 72 73 74 75 60 61 62 63 64 65 66 67 12 13 14 99 100 101 102 103 104 105 129 130 131 154 155 156 157 106 107 108 18 19 20 79 80 81 82 83 84 85 93 94 95 127 128 181 182 40 41 42 43 44 45 138 139 140 141 142 143 144 145 109 110 86 87 88 194 195 196 197 198 199 119 120 121 122 123 124 125 126 4 5 6 7 8 9 10 11 89 90 91 92 0 1 2 3 21 22 23 24 25 26 27 28 29 30 31 32 33 34 35 36 37 38 39 111 112 46 47 48 49 50 51 55 56 57 58 59 132 133 134 135 136 137 
404 404 404 404 434 434 434 434 434 434 434 434 595 595 595 449 449 449 316 316 316 170 170 170 170 170 170 170 170 170 170 170 170 170 170 170 170 170 170 170 794 794 794 794 794 794 434 434 434 434 434 434 449 449 449 446 446 446 446 446 789 789 789 789 789 789 789 789 789 789 789 789 789 789 789 789 595 595 595 443 443 443 443 443 443 443 354 354 354 483 483 483 483 491 491 491 316 316 316 443 443 443 443 443 443 443 491 491 491 507 507 191 191 794 794 794 794 794 794 344 344 344 344 344 344 344 344 507 507 354 354 354 457 457 457 457 457 457 344 344 344 344 344 344 344 344 434 434 434 434 434 434 434 434 483 483 483 483 404 404 404 404 170 170 170 170 170 170 170 170 170 170 170 170 170 170 170 170 170 170 170 191 191 434 434 434 434 434 434 446 446 446 446 446 457 457 457 457 457 457 
0 1 2 3 4 5 6 7 8 9 10 11 12 13 14 15 16 17 18 19 20 21 22 23 24 25 26 27 28 29 30 31 32 33 34 35 36 37 38 39 40 41 42 43 44 45 46 47 48 49 50 51 15 16 17 52 53 54 55 56 57 58 59 60 61 62 63 64 57 58 59 60 61 62 63 64 12 13 14 65 66 67 68 69 70 71 72 73 74 75 76 77 78 79 80 81 18 19 20 65 66 67 68 69 70 71 79 80 81 82 83 84 85 40 41 42 43 44 45 86 87 88 89 90 91 92 93 82 83 72 73 74 94 95 96 97 98 99 86 87 88 89 90 91 92 93 4 5 6 7 8 9 10 11 75 76 77 78 0 1 2 3 21 22 23 24 25 26 27 28 29 30 31 32 33 34 35 36 37 38 39 84 85 46 47 48 49 50 51 52 53 54 55 56 94 95 96 97 98 99 
42766
18
6 8 3 4 2 8 8 4 5 2 3 6 3 6 7 3 3 19 
16 51 7 1 48 24 4 28 23 48 27 51 6 10 25 29 7 8 
65 53 16 55 51 25 53 53 66 63 51 67 25 50 40 41 36 60 
434 344 449 404 507 789 434 483 446 191 354 457 595 794 443 491 316 170 
3 3 3 3 6 6 6 6 6 6 6 6 12 12 12 2 2 2 16 16 16 17 17 17 17 17 17 17 17 17 17 17 17 17 17 17 17 17 17 17 13 13 13 13 13 13 0 0 0 0 0 0 2 2 2 8 8 8 8 8 5 5 5 5 5 5 5 5 5 5 5 5 5 5 5 5 12 12 12 14 14 14 14 14 14 14 10 10 10 7 7 7 7 15 15 15 16 16 16 14 14 14 14 14 14 14 15 15 15 4 4 9 9 13 13 13 13 13 13 1 1 1 1 1 1 1 1 4 4 10 10 10 11 11 11 11 11 11 1 1 1 1 1 1 1 1 6 6 6 6 6 6 6 6 7 7 7 7 3 3 3 3 17 17 17 17 17 17 17 17 17 17 17 17 17 17 17 17 17 17 17 9 9 0 0 0 0 0 0 8 8 8 8 8 11 11 11 11 11 11 