403
100
2
2 2 2 2 2 2 2 2 2 2 2 2 2 2 5 5 5 5 5 5 5 6 6 9 9 9 9 12 12 12 12 12 12 12 15 15 15 15 15 15 15 15 15 15 15 15 16 16 16 16 16 16 16 16 16 16 16 16 17 17 17 17 22 22 22 22 23 23 23 23 23 23 23 23 25 25 25 25 34 34 34 34 34 34 34 34 34 35 35 35 35 35 35 35 36 36 36 36 36 36 36 37 37 37 37 37 37 37 37 38 38 38 38 39 39 39 39 39 39 41 41 41 41 41 44 44 44 44 44 44 44 44 44 45 45 45 45 50 50 51 51 51 51 51 51 51 51 51 52 52 52 52 52 52 52 52 52 52 52 52 52 52 52 52 55 55 55 55 56 56 58 58 58 58 58 58 61 61 61 61 61 62 62 62 62 62 65 65 65 65 69 69 69 69 69 69 70 70 70 70 
133 134 135 136 58 59 60 61 170 171 172 173 174 175 94 95 96 97 98 99 100 137 138 196 197 198 199 87 88 89 90 91 92 93 152 153 154 155 156 157 158 159 160 161 162 163 190 191 192 193 194 195 113 114 115 116 117 118 4 5 6 7 66 67 68 69 62 63 64 65 164 165 166 167 101 102 103 104 124 125 126 127 128 129 130 131 132 27 28 29 30 31 32 33 14 15 16 17 18 19 20 74 75 76 77 106 105 108 107 186 187 188 189 52 53 54 55 56 57 143 144 145 146 147 78 79 80 81 82 83 84 85 86 0 1 2 3 21 22 148 149 150 151 119 120 121 122 123 139 140 141 142 34 35 36 37 38 39 40 41 42 43 44 45 70 71 72 73 169 168 8 9 10 11 12 13 181 182 183 184 185 176 177 178 179 180 109 110 111 112 46 47 48 49 50 51 23 24 25 26 
302 302 302 302 475 475 475 475 315 315 315 315 315 315 318 318 318 318 318 318 318 806 806 355 355 355 355 362 362 362 362 362 362 362 372 372 372 372 372 372 372 372 372 372 372 372 874 874 874 874 874 874 871 871 871 871 871 871 475 475 475 475 905 905 905 905 905 905 905 905 659 659 659 659 524 524 524 524 692 692 692 692 692 692 692 692 692 362 362 362 362 362 362 362 318 318 318 318 318 318 318 524 524 524 524 533 533 533 533 872 872 872 872 871 871 871 871 871 871 815 815 815 815 815 692 692 692 692 692 692 692 692 692 302 302 302 302 806 806 421 421 421 421 815 815 815 815 815 421 421 421 421 372 372 372 372 372 372 372 372 372 372 372 372 659 659 659 659 715 715 315 315 315 315 315 315 942 942 942 942 942 942 942 942 942 942 872 872 872 872 874 874 874 874 874 874 355 355 355 355 
0 1 2 3 4 5 6 7 8 9 10 11 12 13 14 15 16 17 18 19 20 21 22 23 24 25 26 27 28 29 30 31 32 33 34 35 36 37 38 39 40 41 42 43 44 45 46 47 48 49 50 51 52 53 54 55 56 57 4 5 6 7 58 59 60 61 58 59 60 61 62 63 64 65 66 67 68 69 70 71 72 73 74 75 76 77 78 27 28 29 30 31 32 33 14 15 16 17 18 19 20 66 67 68 69 79 79 80 80 81 82 83 84 52 53 54 55 56 57 85 86 87 88 89 70 71 72 73 74 75 76 77 78 0 1 2 3 21 22 90 91 92 93 85 86 87 88 89 90 91 92 93 34 35 36 37 38 39 40 41 42 43 44 45 62 63 64 65 94 94 8 9 10 11 12 13 95 96 97 98 99 95 96 97 98 99 81 82 83 84 46 47 48 49 50 51 23 24 25 26 
58042
20
4 4 1 2 6 5 9 4 4 4 4 4 5 6 7 2 4 6 7 12 
51 25 56 6 16 41 34 38 9 2 22 2 61 2 5 37 23 16 12 15 
52 37 56 50 69 51 44 65 70 45 23 17 62 58 36 37 55 39 35 52 
421 524 715 806 874 815 692 872 355 302 905 475 942 315 318 533 659 871 362 372 
9 9 9 9 11 11 11 11 13 13 13 13 13 13 14 14 14 14 14 14 14 3 3 8 8 8 8 18 18 18 18 18 18 18 19 19 19 19 19 19 19 19 19 19 19 19 4 4 4 4 4 4 17 17 17 17 17 17 11 11 11 11 10 10 10 10 10 10 10 10 16 16 16 16 1 1 1 1 6 6 6 6 6 6 6 6 6 18 18 18 18 18 18 18 14 14 14 14 14 14 14 1 1 1 1 15 15 15 15 7 7 7 7 17 17 17 17 17 17 5 5 5 5 5 6 6 6 6 6 6 6 6 6 9 9 9 9 3 3 0 0 0 0 5 5 5 5 5 0 0 0 0 19 19 19 19 19 19 19 19 19 19 19 19 16 16 16 16 2 2 13 13 13 13 13 13 12 12 12 12 12 12 12 12 12 12 7 7 7 7 4 4 4 4 4 4 8 8 8 8 