918
100
2
1 1 1 5 5 5 5 5 7 7 7 7 7 7 7 7 7 7 7 7 7 11 11 11 11 12 12 12 12 12 19 19 19 19 19 19 19 19 20 20 20 20 20 20 20 20 20 20 20 20 20 20 21 21 21 21 21 21 21 21 21 22 22 23 23 23 23 23 23 23 25 25 25 25 28 28 28 28 28 28 28 30 30 30 30 32 33 33 33 33 33 34 34 35 35 35 35 35 35 37 37 37 39 39 42 42 42 42 42 43 43 43 44 44 44 44 44 44 44 44 44 44 44 44 44 44 47 47 47 47 48 48 48 48 50 50 50 50 50 51 51 51 51 51 51 53 53 57 57 57 58 58 58 58 58 58 58 58 59 59 59 59 61 61 61 61 61 61 61 63 63 63 63 63 63 64 64 64 64 64 64 64 64 67 67 67 67 67 67 67 67 68 68 68 68 68 68 70 70 70 
99 100 101 52 53 54 55 56 30 31 32 33 34 35 36 37 65 66 67 68 69 81 82 83 84 145 146 86 87 88 8 9 10 11 12 13 14 15 112 113 114 115 116 117 118 119 120 121 122 123 124 125 3 4 5 6 7 130 131 132 133 102 103 104 105 16 17 18 19 20 175 176 177 178 162 163 164 165 166 167 168 21 22 23 24 134 27 28 29 91 92 89 90 169 170 171 172 173 174 0 1 2 61 62 63 64 109 110 111 106 107 108 38 39 40 41 42 43 44 45 46 47 48 49 50 51 158 159 160 161 57 58 59 60 85 179 180 181 182 191 192 193 194 195 196 25 26 197 198 199 183 184 185 186 187 188 189 190 126 127 128 129 74 75 76 77 78 79 80 93 94 95 96 97 98 70 71 72 73 135 136 137 138 150 151 152 153 154 155 156 157 139 140 141 142 143 144 147 148 149 
890 890 890 476 476 476 476 476 586 586 586 586 586 586 586 586 554 554 554 554 554 787 787 787 787 716 716 370 370 370 586 586 586 586 586 586 586 586 866 866 866 866 866 866 866 866 866 866 866 866 866 866 476 476 476 476 476 306 306 306 306 835 835 509 509 554 554 554 554 554 698 698 698 698 236 236 236 236 236 236 236 787 787 787 787 158 370 370 370 612 612 612 612 761 761 761 761 761 761 890 890 890 835 835 509 509 705 705 705 705 705 705 866 866 866 866 866 866 866 866 866 866 866 866 866 866 747 747 747 747 306 306 306 306 158 361 361 361 361 847 847 847 847 847 847 716 716 766 766 766 167 167 167 167 167 167 167 167 747 747 747 747 236 236 236 236 236 236 236 761 761 761 761 761 761 698 698 698 698 361 361 361 361 167 167 167 167 167 167 167 167 847 847 847 847 847 847 766 766 766 
0 1 2 3 4 5 6 7 8 9 10 11 12 13 14 15 16 17 18 19 20 21 22 23 24 25 26 27 28 29 8 9 10 11 12 13 14 15 30 31 32 33 34 35 36 37 38 39 40 41 42 43 3 4 5 6 7 44 45 46 47 48 49 50 51 16 17 18 19 20 52 53 54 55 56 57 58 59 60 61 62 21 22 23 24 63 27 28 29 64 65 64 65 66 67 68 69 70 71 0 1 2 48 49 50 51 72 73 74 72 73 74 30 31 32 33 34 35 36 37 38 39 40 41 42 43 75 76 77 78 44 45 46 47 63 79 80 81 82 83 84 85 86 87 88 25 26 89 90 91 92 93 94 95 96 97 98 99 75 76 77 78 56 57 58 59 60 61 62 66 67 68 69 70 71 52 53 54 55 79 80 81 82 92 93 94 95 96 97 98 99 83 84 85 86 87 88 89 90 91 
59889
22
3 2 2 3 4 4 8 7 6 1 2 3 5 3 2 5 8 4 4 4 6 14 
1 12 23 57 25 47 7 28 35 32 22 12 7 42 33 5 58 21 11 50 51 20 
37 53 42 70 64 59 19 61 63 50 39 33 23 43 34 21 67 48 30 64 68 44 
890 716 509 766 698 747 586 236 761 158 835 370 554 705 612 476 167 306 787 361 847 866 
0 0 0 15 15 15 15 15 6 6 6 6 6 6 6 6 12 12 12 12 12 18 18 18 18 1 1 11 11 11 6 6 6 6 6 6 6 6 21 21 21 21 21 21 21 21 21 21 21 21 21 21 15 15 15 15 15 17 17 17 17 10 10 2 2 12 12 12 12 12 4 4 4 4 7 7 7 7 7 7 7 18 18 18 18 9 11 11 11 14 14 14 14 8 8 8 8 8 8 0 0 0 10 10 2 2 13 13 13 13 13 13 21 21 21 21 21 21 21 21 21 21 21 21 21 21 5 5 5 5 17 17 17 17 9 19 19 19 19 20 20 20 20 20 20 1 1 3 3 3 16 16 16 16 16 16 16 16 5 5 5 5 7 7 7 7 7 7 7 8 8 8 8 8 8 4 4 4 4 19 19 19 19 16 16 16 16 16 16 16 16 20 20 20 20 20 20 3 3 3 