105
100
2
10 10 10 10 10 10 10 10 10 10 10 10 10 13 13 13 13 13 13 13 13 13 13 13 13 13 16 16 16 16 20 20 20 22 22 22 22 22 22 22 22 22 22 22 22 23 23 23 23 23 23 23 23 23 23 23 24 24 24 24 26 26 26 26 26 37 37 37 37 37 37 37 37 37 37 37 37 37 37 37 37 37 37 37 37 38 38 38 38 38 38 38 38 42 42 42 42 42 42 42 42 42 42 42 42 42 42 42 42 42 42 42 42 42 42 49 49 49 49 49 49 49 49 49 49 49 49 49 49 49 53 53 53 53 53 53 53 53 53 53 53 53 54 54 54 54 54 54 54 54 54 54 54 54 54 55 55 55 55 55 58 58 58 58 58 58 58 58 61 61 61 61 61 61 61 61 68 68 68 68 68 68 68 68 68 68 68 68 68 68 68 68 68 68 68 68 68 68 68 68 
26 27 28 29 146 147 148 149 150 151 152 153 154 65 66 67 68 69 70 71 72 73 56 57 58 59 0 1 2 3 115 116 117 188 189 190 191 192 193 194 195 196 197 198 199 93 94 95 96 97 98 99 100 101 102 103 22 23 24 25 155 156 157 158 159 13 14 15 16 17 18 19 20 21 104 105 106 107 108 109 110 111 112 113 114 160 161 162 163 164 165 166 167 45 46 47 48 49 50 51 52 53 54 55 74 75 76 77 78 79 80 81 82 83 84 30 31 32 176 177 178 179 180 181 182 183 184 185 186 187 142 143 144 145 168 169 170 171 172 173 174 175 130 131 132 133 4 5 6 7 8 9 10 11 12 60 61 62 63 64 85 86 87 88 89 90 91 92 134 135 136 137 138 139 140 141 118 119 120 121 122 123 124 125 126 127 128 129 33 34 35 36 37 38 39 40 41 42 43 44 
694 694 694 694 623 623 623 623 623 623 623 623 623 979 979 979 979 979 979 979 979 979 814 814 814 814 694 694 694 694 819 819 819 543 543 543 543 543 543 543 543 543 543 543 543 939 939 939 939 939 939 939 939 939 939 939 814 814 814 814 447 447 447 447 447 979 979 979 979 979 979 979 979 979 348 348 348 348 348 348 348 348 348 348 348 727 727 727 727 727 727 727 727 939 939 939 939 939 939 939 939 939 939 939 348 348 348 348 348 348 348 348 348 348 348 819 819 819 373 373 373 373 373 373 373 373 373 373 373 373 480 480 480 480 629 629 629 629 629 629 629 629 480 480 480 480 623 623 623 623 623 623 623 623 623 447 447 447 447 447 727 727 727 727 727 727 727 727 629 629 629 629 629 629 629 629 373 373 373 373 373 373 373 373 373 373 373 373 543 543 543 543 543 543 543 543 543 543 543 543 
0 1 2 3 4 5 6 7 8 9 10 11 12 13 14 15 16 17 18 19 20 21 22 23 24 25 0 1 2 3 26 27 28 29 30 31 32 33 34 35 36 37 38 39 40 41 42 43 44 45 46 47 48 49 50 51 22 23 24 25 52 53 54 55 56 13 14 15 16 17 18 19 20 21 57 58 59 60 61 62 63 64 65 66 67 68 69 70 71 72 73 74 75 41 42 43 44 45 46 47 48 49 50 51 57 58 59 60 61 62 63 64 65 66 67 26 27 28 76 77 78 79 80 81 82 83 84 85 86 87 88 89 90 91 92 93 94 95 96 97 98 99 88 89 90 91 4 5 6 7 8 9 10 11 12 52 53 54 55 56 68 69 70 71 72 73 74 75 92 93 94 95 96 97 98 99 76 77 78 79 80 81 82 83 84 85 86 87 29 30 31 32 33 34 35 36 37 38 39 40 
63059
13
9 11 3 5 11 4 8 4 4 9 12 12 8 
13 23 20 26 37 13 38 10 53 10 49 22 53 
37 42 49 55 42 24 58 16 54 54 68 68 61 
979 939 819 447 348 814 727 694 480 623 373 543 629 
7 7 7 7 9 9 9 9 9 9 9 9 9 0 0 0 0 0 0 0 0 0 5 5 5 5 7 7 7 7 2 2 2 11 11 11 11 11 11 11 11 11 11 11 11 1 1 1 1 1 1 1 1 1 1 1 5 5 5 5 3 3 3 3 3 0 0 0 0 0 0 0 0 0 4 4 4 4 4 4 4 4 4 4 4 6 6 6 6 6 6 6 6 1 1 1 1 1 1 1 1 1 1 1 4 4 4 4 4 4 4 4 4 4 4 2 2 2 10 10 10 10 10 10 10 10 10 10 10 10 8 8 8 8 12 12 12 12 12 12 12 12 8 8 8 8 9 9 9 9 9 9 9 9 9 3 3 3 3 3 6 6 6 6 6 6 6 6 12 12 12 12 12 12 12 12 10 10 10 10 10 10 10 10 10 10 10 10 11 11 11 11 11 11 11 11 11 11 11 11 