718
100
2
3 3 3 3 6 6 6 6 9 9 9 11 11 11 15 15 15 20 20 20 20 23 23 23 23 23 29 29 29 29 29 29 29 30 30 30 30 30 30 30 30 30 30 30 30 30 30 31 31 31 31 31 31 31 37 37 37 37 37 37 37 37 37 37 37 37 37 37 37 37 40 40 40 40 40 40 40 42 42 42 42 43 43 44 44 44 44 44 44 44 44 44 44 44 44 45 45 45 46 46 50 50 51 51 51 51 51 51 51 51 51 51 51 53 56 56 56 56 56 56 56 57 57 59 59 59 59 59 59 59 60 60 60 60 62 62 62 62 62 62 62 62 62 62 62 62 62 62 62 62 62 62 62 62 62 62 63 63 63 63 63 63 63 63 63 64 65 65 65 65 65 65 67 67 67 67 67 67 67 69 69 69 69 69 69 69 69 69 69 69 69 69 69 69 70 70 70 70 70 70 
77 78 79 80 17 18 19 20 95 96 97 14 15 16 11 12 13 4 5 6 7 136 137 138 139 140 47 48 49 50 51 52 53 83 84 85 86 87 88 89 59 60 61 62 63 64 65 26 27 28 29 30 31 32 90 91 92 93 94 40 41 42 43 44 45 46 102 103 104 105 114 115 116 117 118 119 120 0 1 2 3 156 157 33 34 35 36 37 38 39 54 55 56 57 58 8 9 10 121 122 132 133 66 67 68 69 172 173 174 175 176 177 178 165 70 71 72 73 74 75 76 98 99 158 159 160 161 162 163 164 134 135 100 101 130 131 21 22 23 24 25 179 180 181 182 183 184 185 186 187 188 189 190 191 192 193 81 82 123 124 125 126 127 128 129 113 194 195 196 197 198 199 106 107 108 109 110 111 112 141 142 143 144 145 146 147 148 149 150 151 152 153 154 155 166 167 168 169 170 171 
308 308 308 308 562 562 562 562 722 722 722 334 334 334 334 334 334 562 562 562 562 630 630 630 630 630 965 965 965 965 965 965 965 797 797 797 797 797 797 797 260 260 260 260 260 260 260 965 965 965 965 965 965 965 233 233 233 233 233 260 260 260 260 260 260 260 296 296 296 296 507 507 507 507 507 507 507 308 308 308 308 616 616 797 797 797 797 797 797 797 233 233 233 233 233 722 722 722 732 732 800 800 296 296 296 296 254 254 254 254 254 254 254 382 507 507 507 507 507 507 507 732 732 855 855 855 855 855 855 855 440 440 800 800 440 440 630 630 630 630 630 821 821 821 821 821 821 821 821 821 821 821 821 821 821 821 616 616 855 855 855 855 855 855 855 382 947 947 947 947 947 947 254 254 254 254 254 254 254 821 821 821 821 821 821 821 821 821 821 821 821 821 821 821 947 947 947 947 947 947 
0 1 2 3 4 5 6 7 8 9 10 11 12 13 11 12 13 4 5 6 7 14 15 16 17 18 19 20 21 22 23 24 25 26 27 28 29 30 31 32 33 34 35 36 37 38 39 19 20 21 22 23 24 25 40 41 42 43 44 33 34 35 36 37 38 39 45 46 47 48 49 50 51 52 53 54 55 0 1 2 3 56 57 26 27 28 29 30 31 32 40 41 42 43 44 8 9 10 58 59 60 61 45 46 47 48 62 63 64 65 66 67 68 69 49 50 51 52 53 54 55 58 59 70 71 72 73 74 75 76 77 78 60 61 77 78 14 15 16 17 18 79 80 81 82 83 84 85 86 87 88 89 90 91 92 93 56 57 70 71 72 73 74 75 76 69 94 95 96 97 98 99 62 63 64 65 66 67 68 79 80 81 82 83 84 85 86 87 88 89 90 91 92 93 94 95 96 97 98 99 
61168
20
6 1 3 3 4 4 7 2 2 7 7 2 5 7 4 7 5 2 7 15 
65 53 11 9 3 6 29 46 60 30 40 43 37 30 37 59 23 50 51 62 
70 64 15 45 42 20 31 57 62 44 56 63 44 37 51 63 62 60 67 69 
947 382 334 722 308 562 965 732 440 797 507 616 233 260 296 855 630 800 254 821 
4 4 4 4 5 5 5 5 3 3 3 2 2 2 2 2 2 5 5 5 5 16 16 16 16 16 6 6 6 6 6 6 6 9 9 9 9 9 9 9 13 13 13 13 13 13 13 6 6 6 6 6 6 6 12 12 12 12 12 13 13 13 13 13 13 13 14 14 14 14 10 10 10 10 10 10 10 4 4 4 4 11 11 9 9 9 9 9 9 9 12 12 12 12 12 3 3 3 7 7 17 17 14 14 14 14 18 18 18 18 18 18 18 1 10 10 10 10 10 10 10 7 7 15 15 15 15 15 15 15 8 8 17 17 8 8 16 16 16 16 16 19 19 19 19 19 19 19 19 19 19 19 19 19 19 19 11 11 15 15 15 15 15 15 15 1 0 0 0 0 0 0 18 18 18 18 18 18 18 19 19 19 19 19 19 19 19 19 19 19 19 19 19 19 0 0 0 0 0 0 