422
100
2
2 2 2 2 2 3 3 3 3 3 4 4 4 4 4 4 5 5 5 5 5 5 5 5 8 8 8 8 9 9 9 12 12 12 12 12 12 12 12 13 13 13 13 15 15 15 15 15 15 15 18 18 18 19 19 19 19 19 19 19 19 20 20 20 20 20 20 21 21 21 21 21 21 21 21 21 21 21 21 21 21 21 26 26 27 27 27 27 27 27 32 32 32 38 38 38 38 38 38 40 40 41 41 41 41 41 41 41 41 41 41 41 41 41 41 41 41 41 41 41 42 42 44 44 44 44 44 44 44 44 46 46 46 46 46 46 46 46 46 46 46 46 46 46 46 46 46 46 46 48 48 48 48 48 48 49 49 49 49 49 49 51 51 51 51 55 55 55 55 55 55 55 55 57 57 57 57 59 59 59 59 59 59 59 62 62 62 63 63 63 63 64 64 68 68 68 68 68 68 68 
187 188 90 91 92 184 185 186 99 100 149 150 151 152 153 154 67 68 69 70 71 72 73 74 173 174 175 176 50 51 52 165 166 167 168 169 170 171 172 161 162 163 164 177 178 179 180 181 182 183 28 29 30 122 123 124 125 126 127 128 129 155 156 157 158 159 160 16 17 18 19 20 21 22 23 193 194 195 196 197 198 199 191 192 130 131 132 133 134 135 2 3 4 101 102 103 104 105 106 8 9 93 94 95 96 97 98 136 137 138 139 140 141 142 143 144 145 146 147 148 189 190 53 54 55 56 57 58 59 60 84 85 86 87 88 89 107 108 109 110 111 112 113 114 115 116 117 118 119 10 11 12 13 14 15 61 62 63 64 65 66 39 40 41 42 31 32 33 34 35 36 37 38 24 25 26 27 43 44 45 46 47 48 49 5 6 7 0 1 120 121 82 83 75 76 77 78 79 80 81 
742 742 347 347 347 331 331 331 438 438 219 219 219 219 219 219 510 510 510 510 510 510 510 510 908 908 908 908 578 578 578 814 814 814 814 814 814 814 814 884 884 884 884 890 890 890 890 890 890 890 578 578 578 263 263 263 263 263 263 263 263 755 755 755 755 755 755 510 510 510 510 510 510 510 510 395 395 395 395 395 395 395 295 295 302 302 302 302 302 302 347 347 347 460 460 460 460 460 460 438 438 460 460 460 460 460 460 174 174 174 174 174 174 174 174 174 174 174 174 174 275 275 263 263 263 263 263 263 263 263 302 302 302 302 302 302 174 174 174 174 174 174 174 174 174 174 174 174 174 219 219 219 219 219 219 755 755 755 755 755 755 884 884 884 884 814 814 814 814 814 814 814 814 908 908 908 908 890 890 890 890 890 890 890 331 331 331 742 742 275 275 295 295 395 395 395 395 395 395 395 
0 1 2 3 4 5 6 7 8 9 10 11 12 13 14 15 16 17 18 19 20 21 22 23 24 25 26 27 28 29 30 31 32 33 34 35 36 37 38 39 40 41 42 43 44 45 46 47 48 49 28 29 30 50 51 52 53 54 55 56 57 58 59 60 61 62 63 16 17 18 19 20 21 22 23 64 65 66 67 68 69 70 71 72 73 74 75 76 77 78 2 3 4 79 80 81 82 83 84 8 9 79 80 81 82 83 84 85 86 87 88 89 90 91 92 93 94 95 96 97 98 99 50 51 52 53 54 55 56 57 73 74 75 76 77 78 85 86 87 88 89 90 91 92 93 94 95 96 97 10 11 12 13 14 15 58 59 60 61 62 63 39 40 41 42 31 32 33 34 35 36 37 38 24 25 26 27 43 44 45 46 47 48 49 5 6 7 0 1 98 99 71 72 64 65 66 67 68 69 70 
48805
19
6 6 8 2 8 3 3 8 7 3 4 2 2 4 7 6 2 6 13 
4 20 19 2 12 2 9 5 15 3 13 42 3 8 21 38 26 27 41 
48 49 44 63 55 32 18 21 59 62 51 63 40 57 68 41 64 46 46 
219 755 263 742 814 347 578 510 890 331 884 275 438 908 395 460 295 302 174 
3 3 5 5 5 9 9 9 12 12 0 0 0 0 0 0 7 7 7 7 7 7 7 7 13 13 13 13 6 6 6 4 4 4 4 4 4 4 4 10 10 10 10 8 8 8 8 8 8 8 6 6 6 2 2 2 2 2 2 2 2 1 1 1 1 1 1 7 7 7 7 7 7 7 7 14 14 14 14 14 14 14 16 16 17 17 17 17 17 17 5 5 5 15 15 15 15 15 15 12 12 15 15 15 15 15 15 18 18 18 18 18 18 18 18 18 18 18 18 18 11 11 2 2 2 2 2 2 2 2 17 17 17 17 17 17 18 18 18 18 18 18 18 18 18 18 18 18 18 0 0 0 0 0 0 1 1 1 1 1 1 10 10 10 10 4 4 4 4 4 4 4 4 13 13 13 13 8 8 8 8 8 8 8 9 9 9 3 3 11 11 16 16 14 14 14 14 14 14 14 