967
100
2
3 3 3 3 3 3 3 3 4 4 4 4 4 4 4 6 6 6 6 6 6 6 6 6 9 9 9 11 11 11 11 11 11 11 11 15 15 15 15 15 15 15 15 18 18 18 20 20 20 20 20 20 20 20 20 20 22 22 22 22 22 22 22 22 22 22 22 22 22 22 22 28 28 28 28 28 28 28 28 28 28 28 29 29 29 29 29 29 29 29 29 29 29 30 30 30 30 30 30 33 33 33 33 36 36 36 36 36 37 37 37 51 51 51 51 51 51 51 51 51 51 51 54 54 54 54 54 54 56 56 56 57 57 57 57 57 57 57 57 57 57 57 57 57 57 57 59 59 59 59 59 59 59 59 60 60 60 60 60 60 60 60 60 61 61 61 61 65 65 65 65 65 65 65 65 65 65 65 70 70 70 70 70 70 70 70 70 70 70 70 70 70 70 70 70 70 70 70 70 70 
35 36 37 38 39 40 41 42 178 179 180 181 182 183 184 137 138 139 140 141 142 143 144 145 108 109 110 146 147 148 149 150 151 152 153 0 1 2 3 4 5 6 7 128 129 130 131 132 133 134 135 136 163 164 165 166 185 186 187 188 189 190 191 192 193 194 195 196 197 198 199 82 83 84 85 86 87 88 89 90 91 92 71 72 73 74 75 76 77 78 79 80 81 122 123 124 125 126 127 154 155 156 157 158 159 160 161 162 24 25 26 167 168 169 170 171 172 173 174 175 176 177 93 94 95 96 97 98 43 44 45 46 47 48 49 50 51 15 16 17 18 19 20 21 22 23 27 28 29 30 31 32 33 34 99 100 101 102 103 104 105 106 107 52 53 54 55 111 112 113 114 115 116 117 118 119 120 121 8 9 10 11 12 13 14 56 57 58 59 60 61 62 63 64 65 66 67 68 69 70 
665 665 665 665 665 665 665 665 776 776 776 776 776 776 776 348 348 348 348 348 348 348 348 348 577 577 577 762 762 762 762 762 762 762 762 665 665 665 665 665 665 665 665 396 396 396 814 814 814 814 814 814 579 579 579 579 822 822 822 822 822 822 822 822 822 822 822 822 822 822 822 767 767 767 767 767 767 767 767 767 767 767 767 767 767 767 767 767 767 767 767 767 767 457 457 457 457 457 457 666 666 666 666 652 652 652 652 652 577 577 577 934 934 934 934 934 934 934 934 934 934 934 457 457 457 457 457 457 396 396 396 814 814 814 814 814 814 348 348 348 348 348 348 348 348 348 762 762 762 762 762 762 762 762 666 666 666 666 652 652 652 652 652 579 579 579 579 934 934 934 934 934 934 934 934 934 934 934 776 776 776 776 776 776 776 822 822 822 822 822 822 822 822 822 822 822 822 822 822 822 
0 1 2 3 4 5 6 7 8 9 10 11 12 13 14 15 16 17 18 19 20 21 22 23 24 25 26 27 28 29 30 31 32 33 34 0 1 2 3 4 5 6 7 35 36 37 38 39 40 41 42 43 44 45 46 47 48 49 50 51 52 53 54 55 56 57 58 59 60 61 62 63 64 65 66 67 68 69 70 71 72 73 63 64 65 66 67 68 69 70 71 72 73 74 75 76 77 78 79 80 81 82 83 84 85 86 87 88 24 25 26 89 90 91 92 93 94 95 96 97 98 99 74 75 76 77 78 79 35 36 37 38 39 40 41 42 43 15 16 17 18 19 20 21 22 23 27 28 29 30 31 32 33 34 80 81 82 83 84 85 86 87 88 44 45 46 47 89 90 91 92 93 94 95 96 97 98 99 8 9 10 11 12 13 14 48 49 50 51 52 53 54 55 56 57 58 59 60 61 62 
69806
14
6 11 4 9 4 3 8 8 7 11 3 6 5 15 
20 51 33 6 20 18 11 3 4 28 9 30 36 22 
57 65 60 57 61 56 59 15 70 29 37 54 60 70 
814 934 666 348 579 396 762 665 776 767 577 457 652 822 
7 7 7 7 7 7 7 7 8 8 8 8 8 8 8 3 3 3 3 3 3 3 3 3 10 10 10 6 6 6 6 6 6 6 6 7 7 7 7 7 7 7 7 5 5 5 0 0 0 0 0 0 4 4 4 4 13 13 13 13 13 13 13 13 13 13 13 13 13 13 13 9 9 9 9 9 9 9 9 9 9 9 9 9 9 9 9 9 9 9 9 9 9 11 11 11 11 11 11 2 2 2 2 12 12 12 12 12 10 10 10 1 1 1 1 1 1 1 1 1 1 1 11 11 11 11 11 11 5 5 5 0 0 0 0 0 0 3 3 3 3 3 3 3 3 3 6 6 6 6 6 6 6 6 2 2 2 2 12 12 12 12 12 4 4 4 4 1 1 1 1 1 1 1 1 1 1 1 8 8 8 8 8 8 8 13 13 13 13 13 13 13 13 13 13 13 13 13 13 13 