169
100
2
8 8 8 8 8 8 8 8 8 8 8 8 8 8 9 9 9 9 9 9 9 12 12 12 12 15 15 15 15 16 16 16 16 16 16 16 16 22 22 22 22 22 22 22 22 22 22 22 22 27 27 27 27 27 27 27 27 27 27 27 28 28 28 28 28 28 28 28 28 28 28 28 28 28 29 29 29 29 29 29 29 29 29 29 29 29 32 32 32 32 32 32 32 32 32 32 34 34 34 34 34 34 34 34 34 34 34 35 35 35 35 35 35 35 35 35 35 35 35 38 38 38 38 38 38 38 38 39 39 39 43 43 43 43 43 43 43 43 43 43 43 43 43 48 48 48 48 48 48 48 48 48 48 48 48 48 48 48 55 55 55 55 55 55 55 55 55 55 55 55 61 61 61 61 61 61 61 61 61 61 61 61 61 61 67 67 67 67 67 67 67 67 67 67 69 69 69 69 69 69 
60 61 62 63 64 65 66 67 68 69 70 71 72 73 151 152 153 154 155 156 157 25 26 27 28 21 22 23 24 119 120 121 122 123 124 125 126 74 75 76 77 78 79 80 81 82 83 84 85 194 195 196 197 198 199 138 139 140 141 142 0 1 2 3 4 5 6 7 8 9 10 11 12 13 37 38 39 40 41 42 43 44 45 46 47 48 184 185 186 187 188 189 190 191 192 193 170 171 172 173 174 175 176 177 178 179 180 158 159 160 161 162 163 164 165 166 167 168 169 29 30 31 32 33 34 35 36 181 182 183 143 144 145 146 147 148 149 150 55 56 57 58 59 130 131 132 133 134 135 136 137 14 15 16 17 18 19 20 107 108 109 110 111 112 113 114 115 116 117 118 96 97 98 99 100 101 102 103 104 105 106 127 128 129 86 87 88 89 90 91 92 93 94 95 49 50 51 52 53 54 
313 313 313 313 313 313 313 313 313 313 313 313 313 313 721 721 721 721 721 721 721 498 498 498 498 498 498 498 498 827 827 827 827 827 827 827 827 606 606 606 606 606 606 606 606 606 606 606 606 365 365 365 365 365 365 536 536 536 536 536 313 313 313 313 313 313 313 313 313 313 313 313 313 313 606 606 606 606 606 606 606 606 606 606 606 606 650 650 650 650 650 650 650 650 650 650 922 922 922 922 922 922 922 922 922 922 922 209 209 209 209 209 209 209 209 209 209 209 209 827 827 827 827 827 827 827 827 188 188 188 523 523 523 523 523 523 523 523 536 536 536 536 536 523 523 523 523 523 523 523 523 721 721 721 721 721 721 721 209 209 209 209 209 209 209 209 209 209 209 209 922 922 922 922 922 922 922 922 922 922 922 188 188 188 650 650 650 650 650 650 650 650 650 650 365 365 365 365 365 365 
0 1 2 3 4 5 6 7 8 9 10 11 12 13 14 15 16 17 18 19 20 21 22 23 24 21 22 23 24 25 26 27 28 29 30 31 32 33 34 35 36 37 38 39 40 41 42 43 44 45 46 47 48 49 50 51 52 53 54 55 0 1 2 3 4 5 6 7 8 9 10 11 12 13 33 34 35 36 37 38 39 40 41 42 43 44 56 57 58 59 60 61 62 63 64 65 66 67 68 69 70 71 72 73 74 75 76 77 78 79 80 81 82 83 84 85 86 87 88 25 26 27 28 29 30 31 32 89 90 91 92 93 94 95 96 97 98 99 51 52 53 54 55 92 93 94 95 96 97 98 99 14 15 16 17 18 19 20 77 78 79 80 81 82 83 84 85 86 87 88 66 67 68 69 70 71 72 73 74 75 76 89 90 91 56 57 58 59 60 61 62 63 64 65 45 46 47 48 49 50 
54077
12
11 12 4 8 10 6 14 8 5 7 3 12 
34 22 12 16 32 27 8 43 27 9 39 35 
61 29 15 38 67 69 28 48 43 48 61 55 
922 606 498 827 650 365 313 523 536 721 188 209 
6 6 6 6 6 6 6 6 6 6 6 6 6 6 9 9 9 9 9 9 9 2 2 2 2 2 2 2 2 3 3 3 3 3 3 3 3 1 1 1 1 1 1 1 1 1 1 1 1 5 5 5 5 5 5 8 8 8 8 8 6 6 6 6 6 6 6 6 6 6 6 6 6 6 1 1 1 1 1 1 1 1 1 1 1 1 4 4 4 4 4 4 4 4 4 4 0 0 0 0 0 0 0 0 0 0 0 11 11 11 11 11 11 11 11 11 11 11 11 3 3 3 3 3 3 3 3 10 10 10 7 7 7 7 7 7 7 7 8 8 8 8 8 7 7 7 7 7 7 7 7 9 9 9 9 9 9 9 11 11 11 11 11 11 11 11 11 11 11 11 0 0 0 0 0 0 0 0 0 0 0 10 10 10 4 4 4 4 4 4 4 4 4 4 5 5 5 5 5 5 