10
100
2
1 1 1 1 1 1 12 12 12 12 12 13 13 13 13 13 13 13 13 13 13 13 13 14 14 15 15 15 15 15 15 15 18 18 20 20 20 20 20 20 21 21 22 22 22 22 22 22 22 22 22 28 28 28 28 28 28 28 28 28 28 28 28 28 28 28 28 30 30 30 30 30 34 34 34 34 34 34 34 34 34 34 34 34 34 34 36 36 36 36 36 36 36 36 36 36 36 36 36 36 36 36 36 38 38 38 38 38 41 41 41 41 41 41 45 45 45 45 45 45 45 45 45 46 46 46 46 46 47 47 47 47 47 47 50 50 50 50 50 50 53 53 54 54 59 59 59 59 59 59 59 59 60 60 60 61 61 61 61 61 65 65 65 65 65 65 65 65 65 65 65 65 65 65 65 65 65 66 66 66 66 66 66 66 66 67 67 69 69 69 69 69 69 69 70 70 70 70 70 70 
128 129 130 131 132 133 72 73 74 75 76 144 145 146 42 43 44 45 46 47 48 49 50 140 141 40 41 189 190 191 192 193 187 188 134 135 136 137 138 139 25 26 14 15 16 17 18 19 20 21 22 155 156 157 158 159 152 153 154 177 178 179 180 181 182 183 184 123 124 125 126 127 6 7 8 9 10 114 115 116 117 118 119 120 121 122 160 161 162 163 164 165 166 167 168 169 170 171 172 173 174 175 176 147 148 149 150 151 194 195 196 197 198 199 77 78 79 80 81 82 83 84 85 67 68 69 70 71 0 1 2 3 4 5 34 35 36 37 38 39 23 24 185 186 11 12 13 103 104 105 106 107 56 57 58 51 52 53 54 55 86 87 88 89 90 91 92 93 94 95 96 97 98 99 100 101 102 59 60 61 62 63 64 65 66 142 143 32 33 27 28 29 30 31 108 109 110 111 112 113 
889 889 889 889 889 889 267 267 267 267 267 488 488 488 892 892 892 892 892 892 892 892 892 694 694 214 214 453 453 453 453 453 221 221 168 168 168 168 168 168 214 214 892 892 892 892 892 892 892 892 892 754 754 754 754 754 844 844 844 990 990 990 990 990 990 990 990 222 222 222 222 222 267 267 267 267 267 181 181 181 181 181 181 181 181 181 728 728 728 728 728 728 728 728 728 728 728 728 728 728 728 728 728 277 277 277 277 277 884 884 884 884 884 884 181 181 181 181 181 181 181 181 181 222 222 222 222 222 889 889 889 889 889 889 168 168 168 168 168 168 694 694 797 797 488 488 488 277 277 277 277 277 844 844 844 754 754 754 754 754 728 728 728 728 728 728 728 728 728 728 728 728 728 728 728 728 728 990 990 990 990 990 990 990 990 797 797 221 221 453 453 453 453 453 884 884 884 884 884 884 
0 1 2 3 4 5 6 7 8 9 10 11 12 13 14 15 16 17 18 19 20 21 22 23 24 25 26 27 28 29 30 31 32 33 34 35 36 37 38 39 25 26 14 15 16 17 18 19 20 21 22 40 41 42 43 44 45 46 47 48 49 50 51 52 53 54 55 56 57 58 59 60 6 7 8 9 10 61 62 63 64 65 66 67 68 69 70 71 72 73 74 75 76 77 78 79 80 81 82 83 84 85 86 87 88 89 90 91 92 93 94 95 96 97 61 62 63 64 65 66 67 68 69 56 57 58 59 60 0 1 2 3 4 5 34 35 36 37 38 39 23 24 98 99 11 12 13 87 88 89 90 91 45 46 47 40 41 42 43 44 70 71 72 73 74 75 76 77 78 79 80 81 82 83 84 85 86 48 49 50 51 52 53 54 55 98 99 32 33 27 28 29 30 31 92 93 94 95 96 97 
59312
18
6 2 5 5 6 3 2 5 2 3 9 9 2 5 8 6 5 17 
41 54 28 12 20 13 18 30 14 28 13 34 15 15 28 1 38 36 
70 67 61 34 50 59 69 46 53 60 22 45 21 69 66 47 59 65 
884 797 754 267 168 488 221 222 694 844 892 181 214 453 990 889 277 728 
15 15 15 15 15 15 3 3 3 3 3 5 5 5 10 10 10 10 10 10 10 10 10 8 8 12 12 13 13 13 13 13 6 6 4 4 4 4 4 4 12 12 10 10 10 10 10 10 10 10 10 2 2 2 2 2 9 9 9 14 14 14 14 14 14 14 14 7 7 7 7 7 3 3 3 3 3 11 11 11 11 11 11 11 11 11 17 17 17 17 17 17 17 17 17 17 17 17 17 17 17 17 17 16 16 16 16 16 0 0 0 0 0 0 11 11 11 11 11 11 11 11 11 7 7 7 7 7 15 15 15 15 15 15 4 4 4 4 4 4 8 8 1 1 5 5 5 16 16 16 16 16 9 9 9 2 2 2 2 2 17 17 17 17 17 17 17 17 17 17 17 17 17 17 17 17 17 14 14 14 14 14 14 14 14 1 1 6 6 13 13 13 13 13 0 0 0 0 0 0 