811
100
2
3 3 3 3 3 4 4 4 4 5 5 5 5 5 5 5 5 5 5 5 5 5 5 5 5 5 5 5 7 7 7 7 9 9 9 10 10 10 10 10 10 10 10 10 10 10 10 10 10 11 11 11 11 11 12 12 12 12 12 13 13 14 14 14 14 14 14 16 17 17 17 18 18 18 18 23 23 24 24 24 24 26 26 27 27 27 27 27 27 27 28 28 28 28 28 29 29 29 29 29 29 29 30 30 32 32 32 32 32 32 32 35 35 35 35 37 37 37 37 39 39 39 39 40 40 40 43 43 43 45 45 45 45 47 47 47 47 48 48 48 48 48 50 50 50 51 51 51 51 51 51 53 53 53 57 57 57 57 57 57 58 58 59 59 59 59 59 59 62 62 62 63 63 63 63 63 64 64 64 64 65 65 66 67 67 67 67 67 67 67 67 67 67 67 67 67 70 70 70 70 
104 105 32 33 34 28 29 30 31 157 86 87 88 89 35 36 37 38 39 40 41 42 43 44 45 46 47 48 5 6 7 8 2 3 4 14 15 16 17 18 19 20 21 22 23 24 25 26 27 171 172 173 174 175 106 107 108 109 110 81 82 62 61 64 63 66 65 114 111 112 113 77 78 79 80 102 103 71 72 73 74 59 60 95 96 97 10 11 12 13 183 184 185 186 187 83 84 85 188 189 190 191 75 76 0 1 54 55 56 57 58 68 69 70 67 129 130 131 132 192 193 194 195 148 149 150 165 166 167 115 116 117 118 182 139 140 141 180 181 134 135 136 162 163 164 154 155 156 123 124 125 168 169 170 145 146 147 9 160 161 158 159 142 143 144 126 127 128 151 152 153 49 50 51 52 53 196 197 198 199 137 138 133 90 91 92 93 94 98 99 100 101 119 120 121 122 176 177 178 179 
422 422 213 213 213 719 719 719 719 412 386 386 386 386 879 879 879 879 879 879 879 879 879 879 879 879 879 879 719 719 719 719 213 213 213 879 879 879 879 879 879 879 879 879 879 879 879 879 879 885 885 885 885 885 862 862 862 862 862 197 197 209 209 209 209 209 209 230 245 245 245 293 293 293 293 897 897 293 293 293 293 197 197 525 525 525 386 386 386 386 365 365 365 365 365 525 525 525 805 805 805 805 897 897 422 422 862 862 862 862 862 245 245 245 230 835 835 835 835 498 498 498 498 286 286 286 526 526 526 835 835 835 835 310 391 391 391 630 630 391 391 391 936 936 936 464 464 464 286 286 286 390 390 390 464 464 464 412 353 353 353 353 936 936 936 526 526 526 390 390 390 885 885 885 885 885 232 232 232 232 630 630 310 365 365 365 365 365 805 805 805 805 498 498 498 498 232 232 232 232 
0 1 2 3 4 5 6 7 8 9 10 11 12 13 14 15 16 17 18 19 20 21 22 23 24 25 26 27 5 6 7 8 2 3 4 14 15 16 17 18 19 20 21 22 23 24 25 26 27 28 29 30 31 32 33 34 35 36 37 38 39 40 40 41 41 42 42 43 44 45 46 47 48 49 50 51 52 47 48 49 50 38 39 53 54 55 10 11 12 13 56 57 58 59 60 53 54 55 61 62 63 64 51 52 0 1 33 34 35 36 37 44 45 46 43 65 66 67 68 69 70 71 72 73 74 75 76 77 78 65 66 67 68 79 80 81 82 83 84 80 81 82 85 86 87 88 89 90 73 74 75 91 92 93 88 89 90 9 94 95 94 95 85 86 87 76 77 78 91 92 93 28 29 30 31 32 96 97 98 99 83 84 79 56 57 58 59 60 61 62 63 64 69 70 71 72 96 97 98 99 
56443
30
1 4 3 3 3 2 3 5 4 3 4 5 3 4 3 0 4 2 3 1 1 2 2 5 4 2 4 3 3 14 
47 64 14 51 27 3 3 28 4 50 18 12 40 29 17 3 39 23 43 5 16 57 13 11 5 48 37 47 53 5 
66 70 14 57 29 32 9 67 7 59 24 32 51 67 35 61 67 30 59 57 35 58 26 63 27 65 45 48 62 10 
310 232 209 464 525 422 213 365 719 936 293 862 286 805 245 276 498 897 526 412 230 353 197 885 386 630 835 391 390 879 
5 5 6 6 6 8 8 8 8 19 24 24 24 24 29 29 29 29 29 29 29 29 29 29 29 29 29 29 8 8 8 8 6 6 6 29 29 29 29 29 29 29 29 29 29 29 29 29 29 23 23 23 23 23 11 11 11 11 11 22 22 2 2 2 2 2 2 20 14 14 14 10 10 10 10 17 17 10 10 10 10 22 22 4 4 4 24 24 24 24 7 7 7 7 7 4 4 4 13 13 13 13 17 17 5 5 11 11 11 11 11 14 14 14 20 26 26 26 26 16 16 16 16 12 12 12 18 18 18 26 26 26 26 0 27 27 27 25 25 27 27 27 9 9 9 3 3 3 12 12 12 28 28 28 3 3 3 19 21 21 21 21 9 9 9 18 18 18 28 28 28 23 23 23 23 23 1 1 1 1 25 25 0 7 7 7 7 7 13 13 13 13 16 16 16 16 1 1 1 1 