771
100
2
2 2 3 3 3 3 3 3 3 3 3 3 3 3 7 7 7 7 7 7 7 7 7 8 8 8 8 9 9 9 9 9 9 9 9 9 9 9 9 9 9 9 9 10 10 11 11 11 11 11 12 12 12 12 12 12 12 12 12 12 12 12 12 12 12 12 12 14 14 14 14 14 14 14 14 14 14 14 15 15 15 15 15 15 19 19 19 19 19 19 19 19 21 21 21 22 22 22 22 22 22 22 22 23 23 23 23 23 24 24 26 26 26 26 26 28 28 30 30 30 34 34 34 34 34 34 34 35 35 35 35 35 35 35 35 35 35 37 37 37 37 37 40 40 40 40 40 40 40 40 41 41 41 41 41 42 42 45 45 45 45 45 45 45 46 47 47 47 47 47 47 48 52 52 52 52 52 52 57 57 57 57 57 59 65 65 65 65 65 65 67 67 67 67 67 67 67 67 67 67 
190 191 192 193 194 195 196 197 165 166 167 168 169 170 92 93 94 45 46 47 48 198 199 133 134 125 126 51 52 53 54 55 56 57 58 59 60 61 62 63 64 65 66 90 91 17 18 19 20 50 49 27 28 29 30 31 32 33 34 35 36 37 38 39 40 41 42 78 79 80 81 82 83 120 121 122 123 124 67 68 69 70 71 72 172 173 174 175 176 177 43 44 14 15 16 127 128 129 130 131 132 135 136 150 151 152 153 154 155 156 185 186 187 188 189 157 158 142 143 144 73 74 75 76 77 25 26 95 96 97 98 99 100 23 24 101 102 145 146 147 148 149 117 118 119 137 138 139 140 141 103 104 105 106 107 108 109 115 116 178 179 180 181 182 171 8 9 10 11 12 13 164 84 85 86 87 88 89 159 160 161 162 163 184 183 110 111 112 113 114 0 1 2 3 4 5 6 7 21 22 
566 566 848 848 848 848 848 848 350 350 350 350 350 350 795 795 795 846 846 846 846 769 769 163 163 826 826 743 743 743 743 743 743 743 743 743 743 743 743 743 743 743 743 523 523 846 846 846 846 650 650 743 743 743 743 743 743 743 743 743 743 743 743 743 743 743 743 410 410 410 410 410 410 948 948 948 948 948 410 410 410 410 410 410 492 492 492 492 492 492 523 523 795 795 795 322 322 322 322 322 322 994 994 192 192 192 192 192 458 458 779 779 779 779 779 597 597 874 874 874 948 948 948 948 948 826 826 322 322 322 322 322 322 163 163 994 994 851 851 851 851 851 874 874 874 851 851 851 851 851 192 192 192 192 192 458 458 597 597 765 765 765 765 765 353 350 350 350 350 350 350 353 492 492 492 492 492 492 765 765 765 765 765 684 684 779 779 779 779 779 566 566 848 848 848 848 848 848 769 769 
0 1 2 3 4 5 6 7 8 9 10 11 12 13 14 15 16 17 18 19 20 21 22 23 24 25 26 27 28 29 30 31 32 33 34 35 36 37 38 39 40 41 42 43 44 17 18 19 20 45 45 27 28 29 30 31 32 33 34 35 36 37 38 39 40 41 42 46 47 48 49 50 51 52 53 54 55 56 46 47 48 49 50 51 57 58 59 60 61 62 43 44 14 15 16 63 64 65 66 67 68 69 70 71 72 73 74 75 76 77 78 79 80 81 82 83 84 85 86 87 52 53 54 55 56 25 26 63 64 65 66 67 68 23 24 69 70 88 89 90 91 92 85 86 87 88 89 90 91 92 71 72 73 74 75 76 77 83 84 93 94 95 96 97 98 8 9 10 11 12 13 98 57 58 59 60 61 62 93 94 95 96 97 99 99 78 79 80 81 82 0 1 2 3 4 5 6 7 21 22 
63965
25
1 6 2 6 5 3 1 5 2 4 5 6 2 5 3 2 2 2 6 2 2 6 5 1 16 
46 14 2 22 14 7 59 23 28 7 45 3 8 26 30 7 24 22 19 8 10 3 37 11 9 
48 15 67 35 34 21 65 41 45 11 57 67 35 65 40 67 42 35 52 34 19 47 40 12 12 
353 410 566 322 948 795 684 192 597 846 765 848 163 779 874 769 458 994 492 826 523 350 851 650 743 
2 2 11 11 11 11 11 11 21 21 21 21 21 21 5 5 5 9 9 9 9 15 15 12 12 19 19 24 24 24 24 24 24 24 24 24 24 24 24 24 24 24 24 20 20 9 9 9 9 23 23 24 24 24 24 24 24 24 24 24 24 24 24 24 24 24 24 1 1 1 1 1 1 4 4 4 4 4 1 1 1 1 1 1 18 18 18 18 18 18 20 20 5 5 5 3 3 3 3 3 3 17 17 7 7 7 7 7 16 16 13 13 13 13 13 8 8 14 14 14 4 4 4 4 4 19 19 3 3 3 3 3 3 12 12 17 17 22 22 22 22 22 14 14 14 22 22 22 22 22 7 7 7 7 7 16 16 8 8 10 10 10 10 10 0 21 21 21 21 21 21 0 18 18 18 18 18 18 10 10 10 10 10 6 6 13 13 13 13 13 2 2 11 11 11 11 11 11 15 15 