755
100
2
2 2 2 2 2 7 7 7 7 7 10 10 10 10 10 10 10 10 11 11 11 12 12 12 14 14 14 18 18 18 18 18 18 18 18 19 19 19 19 19 19 19 22 22 22 22 22 22 22 22 22 22 22 22 22 22 22 22 26 26 26 26 26 26 26 26 26 26 26 26 26 27 27 27 27 27 27 27 27 27 27 27 27 27 27 27 27 28 28 28 28 28 28 28 28 32 32 33 33 33 33 33 33 33 33 33 33 33 33 33 33 41 41 41 41 41 41 41 46 46 46 46 46 46 46 46 46 47 47 47 47 47 47 47 47 51 51 51 51 51 51 51 51 61 61 61 61 61 61 61 62 62 62 63 63 63 63 63 63 63 63 63 63 63 63 63 63 63 63 64 64 64 64 64 64 64 64 64 64 64 64 64 64 64 66 66 66 67 67 69 69 69 69 69 69 69 69 69 69 69 
97 98 99 100 101 66 67 68 69 70 58 59 60 61 62 63 64 65 189 190 191 150 151 152 184 185 186 127 128 129 130 131 132 133 134 111 112 113 114 115 116 117 71 72 73 74 75 76 77 78 79 80 81 82 83 84 85 86 10 11 12 13 14 15 16 17 5 6 7 8 9 42 43 44 45 46 47 48 49 50 51 52 53 54 55 56 57 135 136 137 138 139 140 141 142 187 188 0 1 2 3 4 118 119 120 121 122 123 124 125 126 35 36 37 38 39 40 41 102 103 104 105 106 107 108 109 110 27 28 29 30 31 32 33 34 87 88 89 90 91 92 93 94 169 170 171 172 173 174 175 21 22 23 154 153 156 155 158 157 160 159 162 161 164 163 166 165 168 167 143 144 145 146 147 148 149 192 193 194 195 196 197 198 199 24 25 26 95 96 18 19 20 176 177 178 179 180 181 182 183 
186 186 186 186 186 434 434 434 434 434 574 574 574 574 574 574 574 574 698 698 698 927 927 927 177 177 177 879 879 879 879 879 879 879 879 509 509 509 509 509 509 509 709 709 709 709 709 709 709 709 709 709 709 709 709 709 709 709 574 574 574 574 574 574 574 574 434 434 434 434 434 709 709 709 709 709 709 709 709 709 709 709 709 709 709 709 709 334 334 334 334 334 334 334 334 465 465 186 186 186 186 186 981 981 981 981 981 981 981 981 981 509 509 509 509 509 509 509 981 981 981 981 981 981 981 981 981 879 879 879 879 879 879 879 879 334 334 334 334 334 334 334 334 682 682 682 682 682 682 682 927 927 927 509 509 509 509 509 509 509 509 509 509 509 509 509 509 509 509 682 682 682 682 682 682 682 600 600 600 600 600 600 600 600 177 177 177 465 465 698 698 698 600 600 600 600 600 600 600 600 
0 1 2 3 4 5 6 7 8 9 10 11 12 13 14 15 16 17 18 19 20 21 22 23 24 25 26 27 28 29 30 31 32 33 34 35 36 37 38 39 40 41 42 43 44 45 46 47 48 49 50 51 52 53 54 55 56 57 10 11 12 13 14 15 16 17 5 6 7 8 9 42 43 44 45 46 47 48 49 50 51 52 53 54 55 56 57 58 59 60 61 62 63 64 65 66 67 0 1 2 3 4 68 69 70 71 72 73 74 75 76 35 36 37 38 39 40 41 68 69 70 71 72 73 74 75 76 27 28 29 30 31 32 33 34 58 59 60 61 62 63 64 65 77 78 79 80 81 82 83 21 22 23 84 84 85 85 86 86 87 87 88 88 89 89 90 90 91 91 77 78 79 80 81 82 83 92 93 94 95 96 97 98 99 24 25 26 66 67 18 19 20 92 93 94 95 96 97 98 99 
61114
15
8 3 5 8 8 9 5 7 3 7 8 2 3 8 16 
10 11 2 28 63 33 7 61 12 19 64 32 14 18 22 
26 69 33 51 63 46 26 64 62 41 69 67 66 47 27 
574 698 186 334 509 981 434 682 927 509 600 465 177 879 709 
2 2 2 2 2 6 6 6 6 6 0 0 0 0 0 0 0 0 1 1 1 8 8 8 12 12 12 13 13 13 13 13 13 13 13 9 9 9 9 9 9 9 14 14 14 14 14 14 14 14 14 14 14 14 14 14 14 14 0 0 0 0 0 0 0 0 6 6 6 6 6 14 14 14 14 14 14 14 14 14 14 14 14 14 14 14 14 3 3 3 3 3 3 3 3 11 11 2 2 2 2 2 5 5 5 5 5 5 5 5 5 9 9 9 9 9 9 9 5 5 5 5 5 5 5 5 5 13 13 13 13 13 13 13 13 3 3 3 3 3 3 3 3 7 7 7 7 7 7 7 8 8 8 4 4 4 4 4 4 4 4 4 4 4 4 4 4 4 4 7 7 7 7 7 7 7 10 10 10 10 10 10 10 10 12 12 12 11 11 1 1 1 10 10 10 10 10 10 10 10 