37
100
2
4 5 5 5 5 12 13 13 13 13 13 13 14 14 14 14 14 14 14 14 15 15 15 15 15 17 17 17 17 17 17 17 17 17 17 17 17 17 17 17 18 18 18 18 18 22 23 23 23 23 24 24 25 25 25 25 28 28 28 28 29 32 32 32 32 32 32 33 33 33 33 33 33 33 33 33 33 38 38 38 38 38 38 38 38 38 38 38 38 38 40 40 41 41 41 41 41 41 43 43 43 43 43 43 47 47 47 47 48 48 48 48 48 51 51 51 51 51 53 53 53 53 53 53 53 53 53 53 56 56 57 57 57 57 58 58 58 58 58 58 59 59 59 59 59 59 59 60 60 60 60 60 60 60 60 60 60 60 60 60 60 60 60 60 60 60 60 60 61 61 61 61 61 63 63 63 65 66 66 66 66 66 66 66 66 69 69 69 69 69 69 69 69 69 69 69 69 69 69 69 
128 46 47 48 49 129 30 31 32 33 34 35 70 71 72 73 74 75 76 60 25 26 27 28 29 20 21 22 23 24 6 7 8 9 10 11 130 131 132 133 118 119 120 121 122 176 1 2 3 4 134 135 104 105 106 107 136 137 138 139 19 92 93 94 95 96 97 173 174 175 12 13 14 15 16 17 18 177 178 179 180 181 182 140 141 142 143 144 145 146 183 184 61 62 63 64 65 66 147 148 149 150 151 152 52 53 54 55 113 114 115 116 117 108 109 110 111 112 40 41 42 43 44 168 169 170 171 172 0 5 36 37 38 39 50 51 56 57 58 59 83 84 85 86 87 88 89 98 99 100 101 102 103 185 186 187 188 189 190 191 192 193 194 195 196 197 198 199 123 124 125 126 127 67 68 69 45 77 78 79 80 81 82 90 91 153 154 155 156 157 158 159 160 161 162 163 164 165 166 167 
182 216 216 216 216 765 825 825 825 825 825 825 325 325 325 325 325 325 325 151 246 246 246 246 246 246 246 246 246 246 825 825 825 825 825 825 593 593 593 593 589 589 589 589 589 279 216 216 216 216 201 201 725 725 725 725 465 465 465 465 151 220 220 220 220 220 220 412 412 412 325 325 325 325 325 325 325 445 445 445 445 445 445 340 340 340 340 340 340 340 715 715 220 220 220 220 220 220 690 690 690 690 690 690 725 725 725 725 279 279 279 279 279 279 279 279 279 279 589 589 589 589 589 747 747 747 747 747 182 765 593 593 593 593 201 201 465 465 465 465 340 340 340 340 340 340 340 690 690 690 690 690 690 775 775 775 775 775 775 775 775 775 775 775 775 775 775 775 747 747 747 747 747 412 412 412 279 445 445 445 445 445 445 715 715 775 775 775 775 775 775 775 775 775 775 775 775 775 775 775 
0 1 2 3 4 5 6 7 8 9 10 11 12 13 14 15 16 17 18 19 20 21 22 23 24 20 21 22 23 24 6 7 8 9 10 11 25 26 27 28 29 30 31 32 33 34 1 2 3 4 35 36 37 38 39 40 41 42 43 44 19 45 46 47 48 49 50 51 52 53 12 13 14 15 16 17 18 54 55 56 57 58 59 60 61 62 63 64 65 66 67 68 45 46 47 48 49 50 69 70 71 72 73 74 37 38 39 40 75 76 77 78 79 75 76 77 78 79 29 30 31 32 33 80 81 82 83 84 0 5 25 26 27 28 35 36 41 42 43 44 60 61 62 63 64 65 66 69 70 71 72 73 74 85 86 87 88 89 90 91 92 93 94 95 96 97 98 99 80 81 82 83 84 51 52 53 34 54 55 56 57 58 59 67 68 85 86 87 88 89 90 91 92 93 94 95 96 97 98 99 
51106
22
3 6 2 6 6 5 5 7 7 1 6 1 5 5 1 4 4 2 1 4 4 15 
33 38 24 43 32 48 15 14 38 4 13 22 18 53 14 28 17 40 12 5 25 60 
63 66 58 60 41 51 17 33 59 56 17 65 53 61 29 58 57 66 56 23 47 69 
412 445 201 690 220 279 246 325 340 182 825 279 589 747 151 465 593 715 765 216 725 775 
9 19 19 19 19 18 10 10 10 10 10 10 7 7 7 7 7 7 7 14 6 6 6 6 6 6 6 6 6 6 10 10 10 10 10 10 16 16 16 16 12 12 12 12 12 11 19 19 19 19 2 2 20 20 20 20 15 15 15 15 14 4 4 4 4 4 4 0 0 0 7 7 7 7 7 7 7 1 1 1 1 1 1 8 8 8 8 8 8 8 17 17 4 4 4 4 4 4 3 3 3 3 3 3 20 20 20 20 5 5 5 5 5 5 5 5 5 5 12 12 12 12 12 13 13 13 13 13 9 18 16 16 16 16 2 2 15 15 15 15 8 8 8 8 8 8 8 3 3 3 3 3 3 21 21 21 21 21 21 21 21 21 21 21 21 21 21 21 13 13 13 13 13 0 0 0 11 1 1 1 1 1 1 17 17 21 21 21 21 21 21 21 21 21 21 21 21 21 21 21 