767
100
2
5 5 5 5 5 6 6 6 6 6 6 6 6 6 6 6 6 6 6 6 6 6 6 6 9 9 9 9 9 9 9 9 9 9 9 12 12 12 12 12 12 12 12 12 12 12 17 17 17 17 17 17 17 17 17 17 17 17 18 18 18 18 18 18 18 18 18 18 18 21 21 21 21 21 21 21 21 21 21 21 21 21 21 21 21 21 26 26 26 26 26 27 27 27 27 27 27 27 27 27 27 27 27 33 33 33 33 33 33 36 36 36 40 40 40 40 40 40 40 40 40 40 40 40 40 40 40 42 42 42 42 42 42 42 42 42 42 42 45 45 46 46 47 47 47 47 47 47 47 47 47 47 47 52 52 52 52 52 52 52 52 52 52 65 65 65 65 65 65 66 66 66 66 66 66 66 66 66 66 67 67 67 67 67 67 67 67 67 67 67 70 70 70 70 70 70 70 70 70 70 
86 87 88 89 90 79 80 81 82 83 84 85 91 92 93 94 95 96 97 98 99 100 101 102 35 36 37 38 39 40 41 42 43 44 45 24 25 26 27 28 29 30 31 32 33 34 115 116 117 118 119 120 121 122 123 124 125 126 142 143 144 145 146 147 148 149 150 151 152 153 154 155 156 157 158 159 160 161 162 5 6 7 8 9 10 11 0 1 2 3 4 12 13 14 15 16 17 18 19 20 21 22 23 163 164 165 166 167 168 112 113 114 109 110 111 46 47 48 49 50 51 52 53 54 55 56 57 179 180 181 182 183 184 185 186 187 188 189 140 141 138 139 58 59 60 61 62 63 64 65 66 67 68 69 70 71 72 73 74 75 76 77 78 103 104 105 106 107 108 190 191 192 193 194 195 196 197 198 199 127 128 129 130 131 132 133 134 135 136 137 169 170 171 172 173 174 175 176 177 178 
583 583 583 583 583 231 231 231 231 231 231 231 164 164 164 164 164 164 164 164 164 164 164 164 424 424 424 424 424 424 424 424 424 424 424 424 424 424 424 424 424 424 424 424 424 424 969 969 969 969 969 969 969 969 969 969 969 969 366 366 366 366 366 366 366 366 366 366 366 519 519 519 519 519 519 519 519 519 519 231 231 231 231 231 231 231 583 583 583 583 583 164 164 164 164 164 164 164 164 164 164 164 164 924 924 924 924 924 924 348 348 348 348 348 348 969 969 969 969 969 969 969 969 969 969 969 969 416 416 416 416 416 416 416 416 416 416 416 491 491 491 491 366 366 366 366 366 366 366 366 366 366 366 519 519 519 519 519 519 519 519 519 519 924 924 924 924 924 924 250 250 250 250 250 250 250 250 250 250 416 416 416 416 416 416 416 416 416 416 416 250 250 250 250 250 250 250 250 250 250 
0 1 2 3 4 5 6 7 8 9 10 11 12 13 14 15 16 17 18 19 20 21 22 23 24 25 26 27 28 29 30 31 32 33 34 24 25 26 27 28 29 30 31 32 33 34 35 36 37 38 39 40 41 42 43 44 45 46 47 48 49 50 51 52 53 54 55 56 57 58 59 60 61 62 63 64 65 66 67 5 6 7 8 9 10 11 0 1 2 3 4 12 13 14 15 16 17 18 19 20 21 22 23 68 69 70 71 72 73 74 75 76 74 75 76 35 36 37 38 39 40 41 42 43 44 45 46 77 78 79 80 81 82 83 84 85 86 87 88 89 88 89 47 48 49 50 51 52 53 54 55 56 57 58 59 60 61 62 63 64 65 66 67 68 69 70 71 72 73 90 91 92 93 94 95 96 97 98 99 77 78 79 80 81 82 83 84 85 86 87 90 91 92 93 94 95 96 97 98 99 
46654
12
11 11 6 10 5 3 7 11 2 10 12 12 
18 42 33 21 5 36 6 9 45 66 17 6 
47 67 65 52 26 40 21 12 46 70 40 27 
366 416 924 519 583 348 231 424 491 250 969 164 
4 4 4 4 4 6 6 6 6 6 6 6 11 11 11 11 11 11 11 11 11 11 11 11 7 7 7 7 7 7 7 7 7 7 7 7 7 7 7 7 7 7 7 7 7 7 10 10 10 10 10 10 10 10 10 10 10 10 0 0 0 0 0 0 0 0 0 0 0 3 3 3 3 3 3 3 3 3 3 6 6 6 6 6 6 6 4 4 4 4 4 11 11 11 11 11 11 11 11 11 11 11 11 2 2 2 2 2 2 5 5 5 5 5 5 10 10 10 10 10 10 10 10 10 10 10 10 1 1 1 1 1 1 1 1 1 1 1 8 8 8 8 0 0 0 0 0 0 0 0 0 0 0 3 3 3 3 3 3 3 3 3 3 2 2 2 2 2 2 9 9 9 9 9 9 9 9 9 9 1 1 1 1 1 1 1 1 1 1 1 9 9 9 9 9 9 9 9 9 9 