333
100
2
1 3 3 3 3 4 4 4 4 4 4 4 4 4 6 6 6 6 6 6 7 7 7 7 7 7 8 8 9 9 9 9 9 11 11 11 11 11 11 11 11 11 13 14 14 14 15 15 15 15 15 17 17 19 19 20 20 20 20 22 22 22 22 22 24 24 24 25 25 25 25 26 26 26 26 26 26 29 29 29 31 31 31 31 31 31 34 34 34 34 34 34 34 34 36 36 36 36 36 36 38 38 38 38 38 38 39 39 39 39 39 39 39 39 39 39 39 39 39 39 39 39 41 41 41 41 41 41 41 41 41 41 41 41 44 44 44 45 45 45 45 45 45 45 45 45 45 45 45 45 45 53 53 55 55 55 55 55 55 55 56 56 56 56 56 56 58 58 58 58 58 58 58 59 59 59 59 59 59 59 59 59 62 62 62 62 62 62 62 62 62 62 62 64 64 64 64 64 70 70 
42 159 163 164 165 153 154 155 156 157 158 190 191 192 71 72 73 74 75 76 100 101 102 103 104 105 67 68 193 194 195 196 197 92 93 166 167 168 169 170 171 172 0 64 65 66 59 60 61 62 63 53 54 51 52 130 131 132 133 46 47 48 49 50 43 44 45 26 27 106 107 14 15 16 17 18 19 173 174 175 86 87 88 89 90 91 80 81 82 83 84 85 33 34 176 177 178 179 180 181 20 21 22 23 24 25 69 70 137 138 139 140 141 142 143 144 145 146 147 148 149 150 182 183 184 185 186 187 188 189 55 56 57 58 160 161 162 108 109 110 111 112 113 114 115 116 117 118 119 120 121 198 199 5 6 7 8 9 10 1 134 135 136 2 3 4 35 36 37 38 39 40 41 77 78 79 94 95 96 97 98 99 122 123 124 125 126 127 128 129 11 12 13 28 29 30 31 32 151 152 
175 866 588 588 588 189 189 189 189 189 189 454 454 454 859 859 859 859 859 859 635 635 635 635 635 635 656 656 270 270 270 270 270 385 385 567 567 567 567 567 567 567 175 495 495 495 505 505 505 505 505 809 809 809 809 569 569 569 569 505 505 505 505 505 495 495 495 656 656 895 895 859 859 859 859 859 859 305 305 305 163 163 163 163 163 163 163 163 163 163 163 163 385 385 980 980 980 980 980 980 635 635 635 635 635 635 895 895 661 661 661 661 661 661 661 661 661 661 661 661 661 661 158 158 158 158 158 158 158 158 569 569 569 569 996 996 996 661 661 661 661 661 661 661 661 661 661 661 661 661 661 847 847 189 189 189 189 189 189 866 996 996 996 588 588 588 567 567 567 567 567 567 567 305 305 305 980 980 980 980 980 980 158 158 158 158 158 158 158 158 454 454 454 270 270 270 270 270 847 847 
0 1 2 3 4 5 6 7 8 9 10 11 12 13 14 15 16 17 18 19 20 21 22 23 24 25 26 27 28 29 30 31 32 33 34 35 36 37 38 39 40 41 0 42 43 44 45 46 47 48 49 50 51 50 51 52 53 54 55 45 46 47 48 49 42 43 44 26 27 56 57 14 15 16 17 18 19 58 59 60 61 62 63 64 65 66 61 62 63 64 65 66 33 34 67 68 69 70 71 72 20 21 22 23 24 25 56 57 73 74 75 76 77 78 79 80 81 82 83 84 85 86 87 88 89 90 91 92 93 94 52 53 54 55 95 96 97 73 74 75 76 77 78 79 80 81 82 83 84 85 86 98 99 5 6 7 8 9 10 1 95 96 97 2 3 4 35 36 37 38 39 40 41 58 59 60 67 68 69 70 71 72 87 88 89 90 91 92 93 94 11 12 13 28 29 30 31 32 98 99 
54333
23
5 2 6 2 3 8 3 2 4 6 3 1 2 2 6 7 1 6 5 6 3 3 14 
15 8 31 11 29 41 44 17 20 4 14 3 25 53 36 11 1 6 9 7 4 3 39 
22 25 34 34 59 62 56 19 41 55 24 55 39 70 59 58 13 26 64 38 62 56 45 
505 656 163 385 305 158 996 809 569 189 495 866 895 847 980 567 175 859 270 635 454 588 661 
16 11 21 21 21 9 9 9 9 9 9 20 20 20 17 17 17 17 17 17 19 19 19 19 19 19 1 1 18 18 18 18 18 3 3 15 15 15 15 15 15 15 16 10 10 10 0 0 0 0 0 7 7 7 7 8 8 8 8 0 0 0 0 0 10 10 10 1 1 12 12 17 17 17 17 17 17 4 4 4 2 2 2 2 2 2 2 2 2 2 2 2 3 3 14 14 14 14 14 14 19 19 19 19 19 19 12 12 22 22 22 22 22 22 22 22 22 22 22 22 22 22 5 5 5 5 5 5 5 5 8 8 8 8 6 6 6 22 22 22 22 22 22 22 22 22 22 22 22 22 22 13 13 9 9 9 9 9 9 11 6 6 6 21 21 21 15 15 15 15 15 15 15 4 4 4 14 14 14 14 14 14 5 5 5 5 5 5 5 5 20 20 20 18 18 18 18 18 13 13 