715
100
2
2 2 2 2 4 4 4 4 4 5 5 5 5 5 11 11 11 11 12 12 12 12 12 12 12 12 12 12 12 12 12 12 12 12 12 12 12 12 12 12 12 12 12 13 13 13 17 17 17 17 17 17 17 17 17 17 17 17 17 17 17 24 24 24 24 24 31 31 31 31 31 31 31 31 33 33 33 33 33 33 33 33 33 33 48 48 48 48 48 48 48 48 48 48 48 48 48 48 48 48 48 48 48 48 48 48 48 48 48 48 48 48 48 48 48 49 49 49 49 49 49 49 49 49 49 49 49 50 50 50 52 52 52 52 52 56 56 56 56 56 56 56 56 56 56 56 56 56 56 56 58 58 58 58 58 58 58 58 58 58 58 58 63 63 63 63 63 63 63 63 63 63 63 63 63 63 63 63 63 63 63 63 63 63 63 65 65 65 65 65 65 65 65 65 65 65 65 65 65 65 
14 15 16 17 61 62 63 64 65 130 131 132 133 134 0 1 2 3 74 75 76 77 78 79 80 81 82 83 135 136 137 138 139 140 141 142 143 144 145 146 147 148 149 127 128 129 185 186 187 188 189 190 191 192 193 194 195 196 197 198 199 4 5 6 7 8 84 85 86 87 88 89 90 91 18 19 20 21 22 23 24 25 26 27 66 67 68 69 70 71 72 73 162 163 164 165 166 167 168 169 170 171 172 173 174 175 176 177 178 179 180 181 182 183 184 150 151 152 153 154 155 156 157 158 159 160 161 43 44 45 9 10 11 12 13 28 29 30 31 32 33 34 35 36 37 38 39 40 41 42 115 116 117 118 119 120 121 122 123 124 125 126 92 93 94 95 96 97 98 99 100 101 102 103 104 105 106 107 108 109 110 111 112 113 114 46 47 48 49 50 51 52 53 54 55 56 57 58 59 60 
656 656 656 656 356 356 356 356 356 306 306 306 306 306 656 656 656 656 213 213 213 213 213 213 213 213 213 213 182 182 182 182 182 182 182 182 182 182 182 182 182 182 182 350 350 350 955 955 955 955 955 955 955 955 955 955 955 955 955 955 955 356 356 356 356 356 992 992 992 992 992 992 992 992 213 213 213 213 213 213 213 213 213 213 992 992 992 992 992 992 992 992 155 155 155 155 155 155 155 155 155 155 155 155 155 155 155 155 155 155 155 155 155 155 155 934 934 934 934 934 934 934 934 934 934 934 934 350 350 350 306 306 306 306 306 182 182 182 182 182 182 182 182 182 182 182 182 182 182 182 934 934 934 934 934 934 934 934 934 934 934 934 155 155 155 155 155 155 155 155 155 155 155 155 155 155 155 155 155 155 155 155 155 155 155 955 955 955 955 955 955 955 955 955 955 955 955 955 955 955 
0 1 2 3 4 5 6 7 8 9 10 11 12 13 0 1 2 3 14 15 16 17 18 19 20 21 22 23 24 25 26 27 28 29 30 31 32 33 34 35 36 37 38 39 40 41 42 43 44 45 46 47 48 49 50 51 52 53 54 55 56 4 5 6 7 8 57 58 59 60 61 62 63 64 14 15 16 17 18 19 20 21 22 23 57 58 59 60 61 62 63 64 65 66 67 68 69 70 71 72 73 74 75 76 77 78 79 80 81 82 83 84 85 86 87 88 89 90 91 92 93 94 95 96 97 98 99 39 40 41 9 10 11 12 13 24 25 26 27 28 29 30 31 32 33 34 35 36 37 38 88 89 90 91 92 93 94 95 96 97 98 99 65 66 67 68 69 70 71 72 73 74 75 76 77 78 79 80 81 82 83 84 85 86 87 42 43 44 45 46 47 48 49 50 51 52 53 54 55 56 
48878
10
15 10 5 8 3 5 4 12 15 23 
17 12 5 31 13 4 2 49 12 48 
65 33 52 48 50 24 11 58 56 63 
955 213 306 992 350 356 656 934 182 155 
6 6 6 6 5 5 5 5 5 2 2 2 2 2 6 6 6 6 1 1 1 1 1 1 1 1 1 1 8 8 8 8 8 8 8 8 8 8 8 8 8 8 8 4 4 4 0 0 0 0 0 0 0 0 0 0 0 0 0 0 0 5 5 5 5 5 3 3 3 3 3 3 3 3 1 1 1 1 1 1 1 1 1 1 3 3 3 3 3 3 3 3 9 9 9 9 9 9 9 9 9 9 9 9 9 9 9 9 9 9 9 9 9 9 9 7 7 7 7 7 7 7 7 7 7 7 7 4 4 4 2 2 2 2 2 8 8 8 8 8 8 8 8 8 8 8 8 8 8 8 7 7 7 7 7 7 7 7 7 7 7 7 9 9 9 9 9 9 9 9 9 9 9 9 9 9 9 9 9 9 9 9 9 9 9 0 0 0 0 0 0 0 0 0 0 0 0 0 0 0 