510
100
2
4 4 4 4 4 4 4 4 10 10 10 10 10 10 10 10 17 17 17 17 18 18 18 18 18 27 27 27 27 27 27 27 27 27 27 27 27 28 28 28 28 28 30 30 30 30 30 30 30 30 30 30 30 30 30 30 30 38 38 38 38 38 38 38 38 38 43 43 43 43 43 43 43 44 44 44 44 44 44 44 44 45 45 45 45 45 45 50 50 50 50 50 50 50 50 51 51 51 51 51 51 51 51 51 52 52 52 52 52 52 52 52 54 54 54 54 57 57 57 57 57 57 57 57 57 57 57 57 59 59 59 59 59 59 59 59 59 59 60 60 60 60 60 60 61 61 61 61 61 61 61 61 61 61 61 61 61 62 62 62 62 62 62 67 67 67 67 67 67 67 67 67 67 68 68 68 68 68 68 68 68 68 68 68 68 68 68 68 68 68 70 70 70 70 70 70 70 70 70 70 
8 9 10 11 12 13 14 15 0 1 2 3 4 5 6 7 112 113 114 115 37 38 39 40 41 116 117 118 119 120 121 122 123 124 125 126 127 20 21 22 23 24 104 105 106 107 108 109 110 111 150 151 152 153 154 155 156 95 96 97 98 99 100 101 102 103 173 174 175 176 177 178 179 87 88 89 90 91 92 93 94 157 158 159 160 161 162 73 74 75 76 77 78 79 80 57 58 59 60 61 62 63 64 65 42 43 44 45 46 47 48 49 16 17 18 19 25 26 27 28 29 30 31 32 33 34 35 36 190 191 192 193 194 195 196 197 198 199 144 145 146 147 148 149 138 139 140 141 142 143 50 51 52 53 54 55 56 81 82 83 84 85 86 180 181 182 183 184 185 186 187 188 189 66 67 68 69 70 71 72 163 164 165 166 167 168 169 170 171 172 128 129 130 131 132 133 134 135 136 137 
842 842 842 842 842 842 842 842 842 842 842 842 842 842 842 842 371 371 371 371 388 388 388 388 388 885 885 885 885 885 885 885 885 885 885 885 885 388 388 388 388 388 592 592 592 592 592 592 592 592 380 380 380 380 380 380 380 237 237 237 237 237 237 237 237 237 740 740 740 740 740 740 740 601 601 601 601 601 601 601 601 865 865 865 865 865 865 601 601 601 601 601 601 601 601 237 237 237 237 237 237 237 237 237 592 592 592 592 592 592 592 592 371 371 371 371 885 885 885 885 885 885 885 885 885 885 885 885 249 249 249 249 249 249 249 249 249 249 962 962 962 962 962 962 962 962 962 962 962 962 380 380 380 380 380 380 380 865 865 865 865 865 865 446 446 446 446 446 446 446 446 446 446 740 740 740 740 740 740 740 446 446 446 446 446 446 446 446 446 446 249 249 249 249 249 249 249 249 249 249 
0 1 2 3 4 5 6 7 0 1 2 3 4 5 6 7 8 9 10 11 12 13 14 15 16 17 18 19 20 21 22 23 24 25 26 27 28 12 13 14 15 16 29 30 31 32 33 34 35 36 37 38 39 40 41 42 43 44 45 46 47 48 49 50 51 52 53 54 55 56 57 58 59 60 61 62 63 64 65 66 67 68 69 70 71 72 73 60 61 62 63 64 65 66 67 44 45 46 47 48 49 50 51 52 29 30 31 32 33 34 35 36 8 9 10 11 17 18 19 20 21 22 23 24 25 26 27 28 74 75 76 77 78 79 80 81 82 83 84 85 86 87 88 89 84 85 86 87 88 89 37 38 39 40 41 42 43 68 69 70 71 72 73 90 91 92 93 94 95 96 97 98 99 53 54 55 56 57 58 59 90 91 92 93 94 95 96 97 98 99 74 75 76 77 78 79 80 81 82 83 
58209
13
7 8 8 10 6 9 6 5 4 10 7 8 12 
43 44 30 59 45 38 60 18 17 67 30 4 27 
68 50 52 70 62 51 61 28 54 68 61 10 57 
740 601 592 249 865 237 962 388 371 446 380 842 885 
11 11 11 11 11 11 11 11 11 11 11 11 11 11 11 11 8 8 8 8 7 7 7 7 7 12 12 12 12 12 12 12 12 12 12 12 12 7 7 7 7 7 2 2 2 2 2 2 2 2 10 10 10 10 10 10 10 5 5 5 5 5 5 5 5 5 0 0 0 0 0 0 0 1 1 1 1 1 1 1 1 4 4 4 4 4 4 1 1 1 1 1 1 1 1 5 5 5 5 5 5 5 5 5 2 2 2 2 2 2 2 2 8 8 8 8 12 12 12 12 12 12 12 12 12 12 12 12 3 3 3 3 3 3 3 3 3 3 6 6 6 6 6 6 6 6 6 6 6 6 10 10 10 10 10 10 10 4 4 4 4 4 4 9 9 9 9 9 9 9 9 9 9 0 0 0 0 0 0 0 9 9 9 9 9 9 9 9 9 9 3 3 3 3 3 3 3 3 3 3 