515
100
2
3 3 3 3 3 3 3 3 3 3 3 3 3 3 3 3 5 7 7 7 7 7 7 8 8 8 8 8 11 11 11 11 11 11 14 14 14 14 14 14 16 17 17 17 17 17 17 17 18 18 18 18 18 18 18 19 19 19 19 19 21 21 21 21 21 21 21 21 21 21 21 21 21 21 24 24 24 26 27 27 27 27 27 28 28 28 30 30 30 30 30 30 30 30 30 30 31 31 31 32 32 32 34 34 34 35 35 35 35 35 38 38 38 38 38 38 38 38 38 39 39 39 39 39 40 41 41 41 41 43 43 44 44 44 44 45 46 46 46 46 47 47 47 47 47 47 47 47 47 47 47 47 47 47 47 47 48 50 50 51 51 51 51 51 52 58 58 58 58 58 60 60 60 60 60 60 60 60 60 60 60 61 61 61 61 63 63 63 63 64 64 64 64 64 64 64 67 67 69 69 
140 141 142 143 144 145 146 147 148 149 150 151 152 153 154 155 33 170 171 172 173 174 175 159 160 161 162 163 49 50 51 52 53 16 157 158 125 126 127 128 184 68 69 70 71 72 73 54 197 28 29 30 31 32 47 165 166 167 168 169 198 199 111 112 113 114 115 116 41 42 43 44 45 46 96 97 98 135 102 103 104 129 130 181 182 183 105 106 107 108 109 176 177 178 179 180 74 75 76 185 186 187 78 79 80 86 87 88 89 90 196 62 63 64 65 66 67 194 195 189 190 191 192 193 134 36 37 38 39 81 82 137 138 139 124 77 164 131 132 133 0 1 2 3 4 5 6 7 8 9 10 11 12 13 14 15 188 34 35 23 24 25 26 27 136 55 56 57 58 59 17 18 19 20 21 22 91 92 93 94 95 83 84 85 40 99 100 101 156 119 120 121 122 123 117 118 110 48 60 61 
402 402 402 402 402 402 402 402 402 402 402 402 402 402 402 402 216 159 159 159 159 159 159 776 776 776 776 776 162 162 162 162 162 216 976 976 696 696 696 696 378 365 365 365 365 365 365 935 990 162 162 162 162 162 935 628 628 628 628 628 440 440 639 639 639 639 639 639 365 365 365 365 365 365 749 749 749 242 211 211 211 538 538 363 363 363 484 484 484 484 484 699 699 699 699 699 749 749 749 865 865 865 211 211 211 484 484 484 484 484 561 639 639 639 639 639 639 774 774 811 811 811 811 811 805 696 696 696 696 538 538 460 460 460 805 242 839 460 460 460 402 402 402 402 402 402 402 402 402 402 402 402 402 402 402 402 646 976 976 776 776 776 776 776 839 628 628 628 628 628 159 159 159 159 159 159 699 699 699 699 699 363 363 363 378 865 865 865 646 811 811 811 811 811 774 774 561 990 440 440 
0 1 2 3 4 5 6 7 8 9 10 11 12 13 14 15 16 17 18 19 20 21 22 23 24 25 26 27 28 29 30 31 32 16 33 34 35 36 37 38 39 40 41 42 43 44 45 46 47 28 29 30 31 32 46 48 49 50 51 52 53 54 55 56 57 58 59 60 40 41 42 43 44 45 61 62 63 64 65 66 67 68 69 70 71 72 73 74 75 76 77 78 79 80 81 82 61 62 63 83 84 85 65 66 67 73 74 75 76 77 86 55 56 57 58 59 60 87 88 89 90 91 92 93 94 35 36 37 38 68 69 95 96 97 94 64 98 95 96 97 0 1 2 3 4 5 6 7 8 9 10 11 12 13 14 15 99 33 34 23 24 25 26 27 98 48 49 50 51 52 17 18 19 20 21 22 78 79 80 81 82 70 71 72 39 83 84 85 99 89 90 91 92 93 87 88 86 47 53 54 
53006
29
1 3 2 3 1 1 6 5 2 5 3 6 1 3 6 5 3 5 1 1 2 4 1 1 5 5 1 2 16 
38 27 21 32 26 18 21 8 27 39 24 7 46 44 17 11 28 30 40 48 14 14 5 16 30 19 17 38 3 
67 34 69 63 45 67 38 51 43 64 31 60 52 46 21 18 61 35 44 63 50 41 11 61 60 58 18 64 47 
561 211 440 865 242 990 639 776 538 811 749 159 839 460 365 162 363 484 805 646 976 696 216 378 699 628 935 774 402 
28 28 28 28 28 28 28 28 28 28 28 28 28 28 28 28 22 11 11 11 11 11 11 7 7 7 7 7 15 15 15 15 15 22 20 20 21 21 21 21 23 14 14 14 14 14 14 26 5 15 15 15 15 15 26 25 25 25 25 25 2 2 6 6 6 6 6 6 14 14 14 14 14 14 10 10 10 4 1 1 1 8 8 16 16 16 17 17 17 17 17 24 24 24 24 24 10 10 10 3 3 3 1 1 1 17 17 17 17 17 0 6 6 6 6 6 6 27 27 9 9 9 9 9 18 21 21 21 21 8 8 13 13 13 18 4 12 13 13 13 28 28 28 28 28 28 28 28 28 28 28 28 28 28 28 28 19 20 20 7 7 7 7 7 12 25 25 25 25 25 11 11 11 11 11 11 24 24 24 24 24 16 16 16 23 3 3 3 19 9 9 9 9 9 27 27 0 5 2 2 