859
100
2
3 3 3 3 3 3 3 3 3 3 3 3 4 9 9 9 9 9 9 9 9 10 10 10 10 10 10 10 12 12 12 13 13 13 13 13 13 13 13 13 13 13 13 13 13 13 13 14 14 14 14 14 14 14 14 14 14 14 14 14 14 14 18 18 21 21 21 21 21 21 21 23 23 23 23 23 23 23 36 37 37 37 37 37 37 37 37 39 39 39 39 39 39 39 39 39 39 39 39 39 39 42 42 42 42 43 43 43 43 43 43 43 43 43 43 43 43 43 46 46 46 46 48 48 48 48 51 51 51 51 51 51 51 51 51 55 55 55 55 55 55 55 55 55 56 56 56 56 56 56 56 56 60 60 60 60 60 60 60 60 61 65 65 65 65 65 65 65 65 65 65 65 65 65 65 65 65 65 65 65 65 65 65 65 65 65 65 65 67 69 69 69 69 69 69 69 69 69 69 69 
161 162 163 164 165 166 167 168 122 123 124 125 78 79 80 81 82 83 84 85 86 118 119 120 121 59 60 61 189 190 191 71 72 73 74 75 76 77 135 136 137 138 139 140 141 142 143 126 127 128 129 130 131 132 133 134 64 65 66 25 26 27 158 159 56 57 58 101 102 103 104 31 32 33 34 35 36 37 12 13 14 15 16 17 18 19 20 88 87 90 89 92 91 94 93 96 95 98 97 100 99 67 68 69 70 175 176 177 178 179 180 181 182 183 184 185 186 187 21 22 23 24 8 9 10 11 47 48 49 50 51 52 53 54 55 38 39 40 41 42 43 44 45 46 192 193 194 195 196 197 198 199 169 170 171 172 173 174 62 63 188 0 1 2 3 4 5 6 7 152 153 154 155 156 157 105 106 107 108 109 110 111 112 113 114 115 116 117 160 28 29 30 144 145 146 147 148 149 150 151 
508 508 508 508 508 508 508 508 833 833 833 833 829 890 890 890 890 890 890 890 890 469 469 469 469 708 708 708 285 285 285 235 235 235 235 235 235 235 479 479 479 479 479 479 479 479 479 504 504 504 504 504 504 504 504 504 714 714 714 708 708 708 733 733 714 714 714 813 813 813 813 235 235 235 235 235 235 235 829 890 890 890 890 890 890 890 890 458 458 458 458 458 458 458 458 458 458 458 458 458 458 813 813 813 813 837 837 837 837 837 837 837 837 837 837 837 837 837 469 469 469 469 833 833 833 833 504 504 504 504 504 504 504 504 504 479 479 479 479 479 479 479 479 479 604 604 604 604 604 604 604 604 675 675 675 675 675 675 733 733 424 508 508 508 508 508 508 508 508 675 675 675 675 675 675 837 837 837 837 837 837 837 837 837 837 837 837 837 424 285 285 285 604 604 604 604 604 604 604 604 
0 1 2 3 4 5 6 7 8 9 10 11 12 13 14 15 16 17 18 19 20 21 22 23 24 25 26 27 28 29 30 31 32 33 34 35 36 37 38 39 40 41 42 43 44 45 46 47 48 49 50 51 52 53 54 55 56 57 58 25 26 27 59 60 56 57 58 61 62 63 64 31 32 33 34 35 36 37 12 13 14 15 16 17 18 19 20 65 65 66 66 67 67 68 68 69 69 70 70 71 71 61 62 63 64 72 73 74 75 76 77 78 79 80 81 82 83 84 21 22 23 24 8 9 10 11 47 48 49 50 51 52 53 54 55 38 39 40 41 42 43 44 45 46 85 86 87 88 89 90 91 92 93 94 95 96 97 98 59 60 99 0 1 2 3 4 5 6 7 93 94 95 96 97 98 72 73 74 75 76 77 78 79 80 81 82 83 84 99 28 29 30 85 86 87 88 89 90 91 92 
60945
18
1 9 8 6 3 8 3 2 7 4 1 4 7 4 9 3 8 13 
4 14 3 60 12 56 14 18 13 21 61 10 39 3 13 10 9 43 
36 51 65 65 69 69 21 60 23 42 67 46 39 48 55 14 37 65 
829 504 508 675 285 604 714 733 235 813 424 469 458 833 479 708 890 837 
2 2 2 2 2 2 2 2 13 13 13 13 0 16 16 16 16 16 16 16 16 11 11 11 11 15 15 15 4 4 4 8 8 8 8 8 8 8 14 14 14 14 14 14 14 14 14 1 1 1 1 1 1 1 1 1 6 6 6 15 15 15 7 7 6 6 6 9 9 9 9 8 8 8 8 8 8 8 0 16 16 16 16 16 16 16 16 12 12 12 12 12 12 12 12 12 12 12 12 12 12 9 9 9 9 17 17 17 17 17 17 17 17 17 17 17 17 17 11 11 11 11 13 13 13 13 1 1 1 1 1 1 1 1 1 14 14 14 14 14 14 14 14 14 5 5 5 5 5 5 5 5 3 3 3 3 3 3 7 7 10 2 2 2 2 2 2 2 2 3 3 3 3 3 3 17 17 17 17 17 17 17 17 17 17 17 17 17 10 4 4 4 5 5 5 5 5 5 5 5 