774
100
2
5 5 5 5 5 5 5 9 9 9 9 9 9 9 9 9 10 10 10 10 10 10 10 10 10 17 17 17 17 17 17 17 24 24 29 29 29 29 29 29 29 29 30 30 30 30 30 30 30 30 30 30 30 30 30 30 30 30 30 30 30 30 30 30 30 39 39 39 39 39 39 39 39 39 39 41 41 42 42 42 42 42 42 42 42 42 47 47 47 47 47 47 47 47 49 49 49 49 49 49 49 49 49 49 49 49 49 49 49 49 50 50 50 50 50 52 52 52 52 52 52 52 52 52 52 52 52 52 52 52 52 57 57 57 57 57 57 58 58 58 58 58 58 58 58 58 58 58 58 58 58 58 58 58 60 60 60 60 60 60 60 60 60 60 60 60 60 60 60 60 60 62 62 62 62 62 64 64 64 64 64 64 64 64 64 64 64 64 64 64 64 64 68 68 68 68 68 68 68 68 
25 26 27 28 29 30 31 16 17 18 19 20 21 22 23 24 7 8 9 10 11 12 13 14 15 0 1 2 3 4 5 6 137 138 139 140 141 142 143 144 145 146 131 132 133 134 135 136 77 78 79 80 81 82 83 84 85 58 57 60 59 62 61 64 63 75 76 192 193 194 195 196 197 198 199 65 66 48 49 50 51 52 53 54 55 56 154 155 156 157 158 159 160 161 115 116 117 118 119 120 121 122 123 124 125 126 127 128 129 130 171 172 173 174 175 94 95 96 97 98 99 100 101 102 103 104 105 106 107 108 109 42 43 44 45 46 47 32 33 34 35 36 37 38 39 40 41 176 177 178 179 180 181 182 86 87 88 89 90 91 92 93 183 184 185 186 187 188 189 190 191 110 111 112 113 114 147 148 149 150 151 152 153 162 163 164 165 166 167 168 169 170 67 68 69 70 71 72 73 74 
626 626 626 626 626 626 626 325 325 325 325 325 325 325 325 325 325 325 325 325 325 325 325 325 325 626 626 626 626 626 626 626 710 710 385 385 385 385 385 385 385 385 857 857 857 857 857 857 818 818 818 818 818 818 818 818 818 800 800 800 800 800 800 800 800 975 975 653 653 653 653 653 653 653 653 975 975 818 818 818 818 818 818 818 818 818 187 187 187 187 187 187 187 187 432 432 432 432 432 432 432 432 432 432 432 432 432 432 432 432 548 548 548 548 548 432 432 432 432 432 432 432 432 432 432 432 432 432 432 432 432 857 857 857 857 857 857 710 710 385 385 385 385 385 385 385 385 202 202 202 202 202 202 202 187 187 187 187 187 187 187 187 758 758 758 758 758 758 758 758 758 548 548 548 548 548 202 202 202 202 202 202 202 758 758 758 758 758 758 758 758 758 653 653 653 653 653 653 653 653 
0 1 2 3 4 5 6 7 8 9 10 11 12 13 14 15 7 8 9 10 11 12 13 14 15 0 1 2 3 4 5 6 16 17 18 19 20 21 22 23 24 25 26 27 28 29 30 31 32 33 34 35 36 37 38 39 40 41 41 42 42 43 43 44 44 45 46 47 48 49 50 51 52 53 54 45 46 32 33 34 35 36 37 38 39 40 55 56 57 58 59 60 61 62 63 64 65 66 67 68 69 70 71 72 73 74 75 76 77 78 79 80 81 82 83 63 64 65 66 67 68 69 70 71 72 73 74 75 76 77 78 26 27 28 29 30 31 16 17 18 19 20 21 22 23 24 25 84 85 86 87 88 89 90 55 56 57 58 59 60 61 62 91 92 93 94 95 96 97 98 99 79 80 81 82 83 84 85 86 87 88 89 90 91 92 93 94 95 96 97 98 99 47 48 49 50 51 52 53 54 
54069
14
2 6 5 9 2 8 8 4 7 7 9 9 8 16 
24 30 50 30 39 29 47 30 5 58 60 9 39 49 
58 57 62 42 41 58 60 30 17 64 64 10 68 52 
710 857 548 818 975 385 187 800 626 202 758 325 653 432 
8 8 8 8 8 8 8 11 11 11 11 11 11 11 11 11 11 11 11 11 11 11 11 11 11 8 8 8 8 8 8 8 0 0 5 5 5 5 5 5 5 5 1 1 1 1 1 1 3 3 3 3 3 3 3 3 3 7 7 7 7 7 7 7 7 4 4 12 12 12 12 12 12 12 12 4 4 3 3 3 3 3 3 3 3 3 6 6 6 6 6 6 6 6 13 13 13 13 13 13 13 13 13 13 13 13 13 13 13 13 2 2 2 2 2 13 13 13 13 13 13 13 13 13 13 13 13 13 13 13 13 1 1 1 1 1 1 0 0 5 5 5 5 5 5 5 5 9 9 9 9 9 9 9 6 6 6 6 6 6 6 6 10 10 10 10 10 10 10 10 10 2 2 2 2 2 9 9 9 9 9 9 9 10 10 10 10 10 10 10 10 10 12 12 12 12 12 12 12 12 