952
100
2
2 2 5 5 5 5 5 5 5 5 6 6 6 6 6 6 6 6 6 8 8 8 8 8 8 9 9 13 13 14 14 14 14 14 14 14 14 14 14 14 14 14 14 14 14 14 14 16 16 16 17 17 17 19 19 19 19 19 19 19 20 20 20 20 20 24 24 25 25 25 25 25 25 25 25 25 25 25 26 26 26 26 26 27 27 27 27 27 28 28 30 30 31 31 32 32 32 32 32 33 33 33 33 36 36 36 36 36 37 37 37 37 39 39 41 43 43 45 46 46 46 50 50 50 50 52 53 53 53 53 53 54 54 54 54 54 54 54 54 54 54 55 56 56 57 57 57 57 57 57 58 58 58 58 59 59 59 59 59 59 59 59 59 59 59 59 59 59 59 59 59 59 60 60 60 60 62 62 62 62 63 63 63 63 63 63 63 63 63 67 67 67 67 68 69 69 69 69 70 70 
92 93 15 16 17 18 74 75 76 77 78 79 80 81 82 2 3 4 5 131 132 133 134 135 27 88 89 24 193 154 155 156 157 158 159 160 161 162 163 164 165 166 167 168 169 170 171 53 54 55 172 173 174 47 48 49 108 109 110 111 184 185 186 187 188 90 91 103 104 105 106 107 152 153 6 7 8 9 10 11 12 13 14 118 119 120 198 199 25 26 65 66 0 1 136 137 138 139 140 189 190 191 192 67 68 69 70 71 56 57 58 59 115 116 141 112 113 125 83 84 85 176 177 178 179 117 145 146 147 148 149 19 20 21 22 23 94 95 96 97 98 114 150 151 175 126 127 128 129 130 142 143 72 73 29 30 31 32 33 34 35 36 37 38 39 40 41 42 43 44 45 46 50 51 52 144 121 122 123 124 194 195 196 197 60 61 62 63 64 99 100 101 102 28 180 181 182 183 86 87 
698 698 685 685 685 685 199 199 199 199 212 212 212 212 212 685 685 685 685 445 445 445 445 445 157 492 492 157 214 876 876 876 876 876 876 876 876 876 876 876 876 876 876 876 876 876 876 528 528 528 815 815 815 528 528 528 945 945 945 945 826 826 826 826 826 580 580 433 433 433 433 433 749 749 199 199 199 199 212 212 212 212 212 349 349 349 215 215 492 492 580 580 698 698 655 655 655 655 655 556 556 556 556 433 433 433 433 433 945 945 945 945 690 690 806 690 690 299 349 349 349 803 803 803 803 299 392 392 392 392 392 445 445 445 445 445 655 655 655 655 655 806 763 763 807 392 392 392 392 392 763 763 749 749 876 876 876 876 876 876 876 876 876 876 876 876 876 876 876 876 876 876 815 815 815 807 803 803 803 803 1000 1000 1000 1000 826 826 826 826 826 556 556 556 556 214 1000 1000 1000 1000 215 215 
0 1 2 3 4 5 6 7 8 9 10 11 12 13 14 2 3 4 5 15 16 17 18 19 20 21 22 20 23 24 25 26 27 28 29 30 31 32 33 34 35 36 37 38 39 40 41 42 43 44 45 46 47 42 43 44 48 49 50 51 52 53 54 55 56 57 58 59 60 61 62 63 64 65 6 7 8 9 10 11 12 13 14 66 67 68 69 70 21 22 57 58 0 1 71 72 73 74 75 76 77 78 79 59 60 61 62 63 48 49 50 51 80 81 82 80 81 83 66 67 68 84 85 86 87 83 88 89 90 91 92 15 16 17 18 19 71 72 73 74 75 82 93 94 95 88 89 90 91 92 93 94 64 65 24 25 26 27 28 29 30 31 32 33 34 35 36 37 38 39 40 41 45 46 47 95 84 85 86 87 96 97 98 99 52 53 54 55 56 76 77 78 79 23 96 97 98 99 69 70 
63068
28
3 4 1 5 3 4 5 1 2 5 1 2 4 2 1 2 1 2 5 2 4 5 3 4 2 5 4 18 
17 63 45 6 27 5 25 57 2 8 8 56 33 39 13 9 41 25 32 27 50 53 16 5 24 20 19 14 
60 69 52 26 46 6 36 60 31 54 13 58 67 43 68 28 55 58 54 70 62 57 19 25 30 63 37 59 
815 1000 299 212 349 685 433 807 698 445 157 763 556 690 214 492 806 749 655 215 803 392 528 199 580 826 945 876 
8 8 5 5 5 5 23 23 23 23 3 3 3 3 3 5 5 5 5 9 9 9 9 9 10 15 15 10 14 27 27 27 27 27 27 27 27 27 27 27 27 27 27 27 27 27 27 22 22 22 0 0 0 22 22 22 26 26 26 26 25 25 25 25 25 24 24 6 6 6 6 6 17 17 23 23 23 23 3 3 3 3 3 4 4 4 19 19 15 15 24 24 8 8 18 18 18 18 18 12 12 12 12 6 6 6 6 6 26 26 26 26 13 13 16 13 13 2 4 4 4 20 20 20 20 2 21 21 21 21 21 9 9 9 9 9 18 18 18 18 18 16 11 11 7 21 21 21 21 21 11 11 17 17 27 27 27 27 27 27 27 27 27 27 27 27 27 27 27 27 27 27 0 0 0 7 20 20 20 20 1 1 1 1 25 25 25 25 25 12 12 12 12 14 1 1 1 1 19 19 