578
100
2
1 1 1 1 2 2 2 2 5 5 5 5 5 5 5 5 9 9 9 9 9 9 9 9 9 9 12 12 12 12 12 12 12 12 12 12 12 12 12 12 12 12 14 14 14 16 16 16 16 16 16 16 16 16 16 16 16 16 16 16 20 20 20 20 20 24 24 24 24 25 25 25 25 25 25 26 26 26 26 26 26 26 26 27 27 27 27 27 27 28 28 28 28 28 28 28 28 28 28 28 28 30 30 30 30 31 31 31 31 31 31 31 31 31 31 31 31 31 31 31 31 32 32 32 32 33 33 33 33 36 36 37 37 37 37 37 37 38 38 38 38 40 40 40 40 42 42 42 44 44 44 44 47 47 47 47 47 47 47 47 47 50 51 51 51 51 51 56 56 56 56 56 57 57 59 59 59 61 61 65 65 65 65 65 65 65 67 67 67 67 67 67 68 68 68 68 69 69 69 70 
141 142 143 144 8 9 10 11 4 5 6 7 125 126 127 128 83 84 85 86 87 88 117 118 119 120 172 173 46 47 48 49 50 51 52 53 54 55 56 57 58 59 152 153 154 199 28 29 30 31 32 33 34 35 36 37 38 39 40 41 162 163 164 165 166 145 146 147 161 186 187 188 189 190 191 179 180 181 174 175 176 135 136 16 17 18 19 20 21 90 89 92 91 94 93 96 95 98 97 100 99 196 197 198 116 167 168 169 170 171 155 156 157 158 159 160 104 22 23 24 25 148 149 150 151 12 13 14 15 177 178 182 183 184 185 81 82 192 193 194 195 0 1 2 3 65 66 67 121 122 123 124 42 43 44 110 111 112 113 114 115 68 60 61 62 63 64 105 106 107 108 109 26 27 78 79 80 129 130 75 76 77 131 132 133 134 69 70 71 72 73 74 137 138 139 140 101 102 103 45 
708 708 708 708 615 615 615 615 615 615 615 615 684 684 684 684 850 850 850 850 850 850 972 972 972 972 441 441 938 938 938 938 938 938 938 938 938 938 938 938 938 938 155 155 155 716 938 938 938 938 938 938 938 938 938 938 938 938 938 938 572 572 572 572 572 295 295 295 641 768 768 768 768 768 768 849 849 849 600 600 600 557 557 850 850 850 850 850 850 594 594 594 594 594 594 594 594 594 594 594 594 457 457 457 161 852 852 852 852 852 556 556 556 556 556 556 161 972 972 972 972 481 481 481 481 684 684 684 684 823 823 942 942 942 942 557 557 1000 1000 1000 1000 708 708 708 708 295 295 295 481 481 481 481 155 155 155 556 556 556 556 556 556 641 572 572 572 572 572 852 852 852 852 852 441 441 600 600 600 823 823 849 849 849 942 942 942 942 768 768 768 768 768 768 1000 1000 1000 1000 457 457 457 716 
0 1 2 3 4 5 6 7 4 5 6 7 8 9 10 11 12 13 14 15 16 17 18 19 20 21 22 23 24 25 26 27 28 29 30 31 32 33 34 35 36 37 38 39 40 41 24 25 26 27 28 29 30 31 32 33 34 35 36 37 42 43 44 45 46 47 48 49 50 51 52 53 54 55 56 57 58 59 60 61 62 63 64 12 13 14 15 16 17 65 65 66 66 67 67 68 68 69 69 70 70 71 72 73 74 75 76 77 78 79 80 81 82 83 84 85 74 18 19 20 21 86 87 88 89 8 9 10 11 90 91 92 93 94 95 63 64 96 97 98 99 0 1 2 3 47 48 49 86 87 88 89 38 39 40 80 81 82 83 84 85 50 42 43 44 45 46 75 76 77 78 79 22 23 60 61 62 90 91 57 58 59 92 93 94 95 51 52 53 54 55 56 96 97 98 99 71 72 73 41 
70696
25
6 6 4 2 5 2 3 4 4 4 5 4 6 1 3 3 6 3 3 1 1 4 4 2 14 
25 9 38 12 20 36 26 2 32 37 31 1 28 16 30 14 31 26 24 24 30 9 5 26 12 
67 27 68 57 51 61 65 5 44 65 56 40 28 70 69 47 47 59 42 50 31 31 33 37 16 
768 850 1000 441 572 823 849 615 481 942 852 708 594 716 457 155 556 600 295 641 161 972 684 557 938 
11 11 11 11 7 7 7 7 7 7 7 7 22 22 22 22 1 1 1 1 1 1 21 21 21 21 3 3 24 24 24 24 24 24 24 24 24 24 24 24 24 24 15 15 15 13 24 24 24 24 24 24 24 24 24 24 24 24 24 24 4 4 4 4 4 18 18 18 19 0 0 0 0 0 0 6 6 6 17 17 17 23 23 1 1 1 1 1 1 12 12 12 12 12 12 12 12 12 12 12 12 14 14 14 20 10 10 10 10 10 16 16 16 16 16 16 20 21 21 21 21 8 8 8 8 22 22 22 22 5 5 9 9 9 9 23 23 2 2 2 2 11 11 11 11 18 18 18 8 8 8 8 15 15 15 16 16 16 16 16 16 19 4 4 4 4 4 10 10 10 10 10 3 3 17 17 17 5 5 6 6 6 9 9 9 9 0 0 0 0 0 0 2 2 2 2 14 14 14 13 