117
100
2
4 4 4 4 4 4 4 4 4 4 4 4 4 4 4 4 10 10 10 10 10 10 13 13 13 13 22 22 22 22 22 22 22 22 22 22 22 22 22 22 22 22 22 22 22 22 22 22 22 29 29 29 29 29 29 29 29 29 29 29 29 29 29 29 29 31 31 31 31 31 31 31 31 31 31 31 31 31 31 31 31 34 34 34 34 40 40 40 40 40 40 40 44 44 44 44 44 44 44 44 44 44 44 44 44 44 44 44 44 44 44 44 44 44 45 45 45 45 45 45 45 47 47 47 47 47 47 47 47 47 47 47 47 47 47 47 47 52 52 52 52 52 52 52 52 55 55 55 55 55 55 55 55 55 55 55 55 55 55 55 60 60 60 60 60 60 60 60 60 60 60 67 67 67 67 67 67 67 67 67 67 67 68 68 68 68 68 68 68 68 68 68 69 69 69 69 69 69 69 69 
49 50 51 52 53 54 55 56 57 58 59 60 61 62 63 64 131 132 133 134 135 136 81 82 83 84 92 93 94 95 96 97 98 65 66 67 68 69 70 71 72 73 74 75 76 77 78 79 80 0 1 2 3 4 5 6 7 8 9 10 11 12 13 14 15 33 34 35 36 37 38 39 40 41 42 43 44 45 46 47 48 22 23 24 25 114 115 116 117 118 119 120 26 27 28 29 30 31 32 145 146 147 148 149 150 151 152 153 154 155 156 157 158 159 85 86 87 88 89 90 91 182 183 184 185 186 187 188 189 190 191 16 17 18 19 20 21 192 193 194 195 196 197 198 199 99 100 101 102 103 104 105 106 107 108 109 110 111 112 113 171 172 173 174 175 176 177 178 179 180 181 160 161 162 163 164 165 166 167 168 169 170 121 122 123 124 125 126 127 128 129 130 137 138 139 140 141 142 143 144 
237 237 237 237 237 237 237 237 237 237 237 237 237 237 237 237 711 711 711 711 711 711 558 558 558 558 685 685 685 685 685 685 685 178 178 178 178 178 178 178 178 178 178 178 178 178 178 178 178 237 237 237 237 237 237 237 237 237 237 237 237 237 237 237 237 178 178 178 178 178 178 178 178 178 178 178 178 178 178 178 178 558 558 558 558 378 378 378 378 378 378 378 685 685 685 685 685 685 685 319 319 319 319 319 319 319 319 319 319 319 319 319 319 319 378 378 378 378 378 378 378 821 821 821 821 821 821 821 821 821 821 711 711 711 711 711 711 221 221 221 221 221 221 221 221 319 319 319 319 319 319 319 319 319 319 319 319 319 319 319 486 486 486 486 486 486 486 486 486 486 486 486 486 486 486 486 486 486 486 486 486 486 821 821 821 821 821 821 821 821 821 821 221 221 221 221 221 221 221 221 
0 1 2 3 4 5 6 7 8 9 10 11 12 13 14 15 16 17 18 19 20 21 22 23 24 25 26 27 28 29 30 31 32 33 34 35 36 37 38 39 40 41 42 43 44 45 46 47 48 0 1 2 3 4 5 6 7 8 9 10 11 12 13 14 15 33 34 35 36 37 38 39 40 41 42 43 44 45 46 47 48 22 23 24 25 49 50 51 52 53 54 55 26 27 28 29 30 31 32 56 57 58 59 60 61 62 63 64 65 66 67 68 69 70 49 50 51 52 53 54 55 71 72 73 74 75 76 77 78 79 80 16 17 18 19 20 21 81 82 83 84 85 86 87 88 56 57 58 59 60 61 62 63 64 65 66 67 68 69 70 89 90 91 92 93 94 95 96 97 98 99 89 90 91 92 93 94 95 96 97 98 99 71 72 73 74 75 76 77 78 79 80 81 82 83 84 85 86 87 88 
40688
10
11 8 16 4 7 7 10 6 16 15 
60 52 4 13 40 22 47 10 22 44 
67 69 29 34 45 44 68 47 31 55 
486 221 237 558 378 685 821 711 178 319 
2 2 2 2 2 2 2 2 2 2 2 2 2 2 2 2 7 7 7 7 7 7 3 3 3 3 5 5 5 5 5 5 5 8 8 8 8 8 8 8 8 8 8 8 8 8 8 8 8 2 2 2 2 2 2 2 2 2 2 2 2 2 2 2 2 8 8 8 8 8 8 8 8 8 8 8 8 8 8 8 8 3 3 3 3 4 4 4 4 4 4 4 5 5 5 5 5 5 5 9 9 9 9 9 9 9 9 9 9 9 9 9 9 9 4 4 4 4 4 4 4 6 6 6 6 6 6 6 6 6 6 7 7 7 7 7 7 1 1 1 1 1 1 1 1 9 9 9 9 9 9 9 9 9 9 9 9 9 9 9 0 0 0 0 0 0 0 0 0 0 0 0 0 0 0 0 0 0 0 0 0 0 6 6 6 6 6 6 6 6 6 6 1 1 1 1 1 1 1 1 