291
100
2
5 5 5 5 5 5 5 5 5 5 5 5 5 5 5 5 5 5 5 5 5 5 5 7 7 7 7 7 7 7 7 7 7 7 12 12 12 12 12 18 18 18 18 18 18 18 18 18 18 21 21 21 21 21 21 21 21 21 21 21 21 21 21 21 21 23 23 23 23 23 23 23 23 23 23 24 24 24 24 24 24 24 24 24 24 24 24 26 26 26 26 26 26 26 26 26 26 28 28 28 28 28 28 28 28 28 33 33 33 33 33 33 33 33 33 33 33 33 34 34 34 34 37 37 37 37 37 37 37 37 37 37 37 37 39 39 39 39 39 39 39 39 39 39 45 45 45 45 54 54 54 54 54 55 55 55 55 55 55 55 55 55 58 58 58 58 58 59 59 59 59 59 59 59 59 59 59 59 64 64 64 64 64 64 64 64 64 64 64 66 66 66 66 66 66 66 66 66 66 66 
106 107 108 109 110 111 112 113 114 115 116 117 178 179 180 181 182 183 184 185 186 187 188 189 190 191 192 193 194 195 196 197 198 199 60 61 62 63 64 134 135 136 137 138 139 140 141 142 143 167 168 169 170 171 172 173 174 175 176 177 34 35 36 37 38 87 88 89 90 91 92 93 94 95 96 122 123 124 125 126 127 128 129 130 131 132 133 65 66 67 68 69 70 71 72 73 74 153 154 155 156 157 158 159 160 161 0 1 2 3 4 5 6 7 8 9 10 11 144 145 146 147 75 76 77 78 79 80 81 82 83 84 85 86 39 40 41 42 43 44 45 46 47 48 118 119 120 121 162 163 164 165 166 97 98 99 100 101 102 103 104 105 148 149 150 151 152 49 50 51 52 53 54 55 56 57 58 59 12 13 14 15 16 17 18 19 20 21 22 23 24 25 26 27 28 29 30 31 32 33 
265 265 265 265 265 265 265 265 265 265 265 265 520 520 520 520 520 520 520 520 520 520 520 706 706 706 706 706 706 706 706 706 706 706 760 760 760 760 760 702 702 702 702 702 702 702 702 702 702 367 367 367 367 367 367 367 367 367 367 367 760 760 760 760 760 220 220 220 220 220 220 220 220 220 220 629 629 629 629 629 629 629 629 629 629 629 629 220 220 220 220 220 220 220 220 220 220 333 333 333 333 333 333 333 333 333 265 265 265 265 265 265 265 265 265 265 265 265 494 494 494 494 629 629 629 629 629 629 629 629 629 629 629 629 702 702 702 702 702 702 702 702 702 702 494 494 494 494 607 607 607 607 607 333 333 333 333 333 333 333 333 333 607 607 607 607 607 367 367 367 367 367 367 367 367 367 367 367 520 520 520 520 520 520 520 520 520 520 520 706 706 706 706 706 706 706 706 706 706 706 
0 1 2 3 4 5 6 7 8 9 10 11 12 13 14 15 16 17 18 19 20 21 22 23 24 25 26 27 28 29 30 31 32 33 34 35 36 37 38 39 40 41 42 43 44 45 46 47 48 49 50 51 52 53 54 55 56 57 58 59 34 35 36 37 38 60 61 62 63 64 65 66 67 68 69 70 71 72 73 74 75 76 77 78 79 80 81 60 61 62 63 64 65 66 67 68 69 82 83 84 85 86 87 88 89 90 0 1 2 3 4 5 6 7 8 9 10 11 91 92 93 94 70 71 72 73 74 75 76 77 78 79 80 81 39 40 41 42 43 44 45 46 47 48 91 92 93 94 95 96 97 98 99 82 83 84 85 86 87 88 89 90 95 96 97 98 99 49 50 51 52 53 54 55 56 57 58 59 12 13 14 15 16 17 18 19 20 21 22 23 24 25 26 27 28 29 30 31 32 33 
49279
11
9 5 10 11 4 11 12 12 5 11 10 
28 54 18 21 34 7 24 5 12 5 23 
55 58 39 59 45 66 37 33 21 64 26 
333 607 702 367 494 706 629 265 760 520 220 
7 7 7 7 7 7 7 7 7 7 7 7 9 9 9 9 9 9 9 9 9 9 9 5 5 5 5 5 5 5 5 5 5 5 8 8 8 8 8 2 2 2 2 2 2 2 2 2 2 3 3 3 3 3 3 3 3 3 3 3 8 8 8 8 8 10 10 10 10 10 10 10 10 10 10 6 6 6 6 6 6 6 6 6 6 6 6 10 10 10 10 10 10 10 10 10 10 0 0 0 0 0 0 0 0 0 7 7 7 7 7 7 7 7 7 7 7 7 4 4 4 4 6 6 6 6 6 6 6 6 6 6 6 6 2 2 2 2 2 2 2 2 2 2 4 4 4 4 1 1 1 1 1 0 0 0 0 0 0 0 0 0 1 1 1 1 1 3 3 3 3 3 3 3 3 3 3 3 9 9 9 9 9 9 9 9 9 9 9 5 5 5 5 5 5 5 5 5 5 5 