143
100
2
1 1 1 1 1 1 1 1 1 1 1 1 1 4 4 4 4 4 4 4 4 4 4 4 4 5 5 5 5 5 5 5 5 5 5 11 11 11 11 11 12 12 12 12 12 12 12 12 12 12 12 12 12 12 12 12 12 12 12 14 14 14 14 14 14 14 14 14 16 16 16 16 16 16 16 16 16 16 16 16 16 16 16 16 16 19 19 19 19 19 19 26 26 26 26 26 26 26 26 26 26 26 26 26 26 26 26 26 35 35 35 35 40 40 40 40 40 40 40 40 40 40 40 40 40 40 40 53 53 53 53 53 53 53 53 53 53 53 53 53 53 53 53 53 53 53 53 53 53 56 56 56 56 62 62 62 62 62 62 62 62 62 62 62 62 62 62 62 62 62 65 65 65 65 65 65 65 65 65 65 65 65 65 65 65 65 68 68 68 68 68 68 68 68 68 68 68 68 68 68 
127 128 129 130 131 132 133 134 135 136 137 138 139 158 159 160 161 162 163 164 165 166 167 168 169 117 118 119 120 121 122 123 124 125 126 153 154 155 156 157 186 187 188 189 190 191 192 193 175 176 177 178 179 180 181 182 183 184 185 140 141 142 143 144 145 146 147 148 91 92 93 94 95 96 97 98 99 100 101 102 103 104 105 106 107 194 195 196 197 198 199 68 69 70 71 72 73 74 75 76 77 78 79 80 81 82 83 84 149 150 151 152 170 171 172 173 174 25 26 27 28 29 30 31 32 33 34 0 1 2 3 4 5 6 7 8 9 10 11 12 59 60 61 62 63 64 65 66 67 108 109 110 111 35 36 37 38 39 13 14 15 16 17 18 19 20 21 22 23 24 112 113 114 115 116 48 49 50 51 52 53 54 55 56 57 58 40 41 42 43 44 45 46 47 85 86 87 88 89 90 
226 226 226 226 226 226 226 226 226 226 226 226 226 167 167 167 167 167 167 167 167 167 167 167 167 790 790 790 790 790 790 790 790 790 790 982 982 982 982 982 571 571 571 571 571 571 571 571 646 646 646 646 646 646 646 646 646 646 646 521 521 521 521 521 521 521 521 521 504 504 504 504 504 504 504 504 504 504 504 504 504 504 504 504 504 667 667 667 667 667 667 504 504 504 504 504 504 504 504 504 504 504 504 504 504 504 504 504 676 676 676 676 352 352 352 352 352 790 790 790 790 790 790 790 790 790 790 226 226 226 226 226 226 226 226 226 226 226 226 226 521 521 521 521 521 521 521 521 521 676 676 676 676 982 982 982 982 982 167 167 167 167 167 167 167 167 167 167 167 167 352 352 352 352 352 646 646 646 646 646 646 646 646 646 646 646 571 571 571 571 571 571 571 571 667 667 667 667 667 667 
0 1 2 3 4 5 6 7 8 9 10 11 12 13 14 15 16 17 18 19 20 21 22 23 24 25 26 27 28 29 30 31 32 33 34 35 36 37 38 39 40 41 42 43 44 45 46 47 48 49 50 51 52 53 54 55 56 57 58 59 60 61 62 63 64 65 66 67 68 69 70 71 72 73 74 75 76 77 78 79 80 81 82 83 84 85 86 87 88 89 90 68 69 70 71 72 73 74 75 76 77 78 79 80 81 82 83 84 91 92 93 94 95 96 97 98 99 25 26 27 28 29 30 31 32 33 34 0 1 2 3 4 5 6 7 8 9 10 11 12 59 60 61 62 63 64 65 66 67 91 92 93 94 35 36 37 38 39 13 14 15 16 17 18 19 20 21 22 23 24 95 96 97 98 99 48 49 50 51 52 53 54 55 56 57 58 40 41 42 43 44 45 46 47 85 86 87 88 89 90 
51149
11
5 13 4 8 11 17 6 9 5 12 10 
40 1 35 12 12 16 19 14 11 4 5 
65 53 56 68 65 26 68 53 62 62 40 
352 226 676 571 646 504 667 521 982 167 790 
1 1 1 1 1 1 1 1 1 1 1 1 1 9 9 9 9 9 9 9 9 9 9 9 9 10 10 10 10 10 10 10 10 10 10 8 8 8 8 8 3 3 3 3 3 3 3 3 4 4 4 4 4 4 4 4 4 4 4 7 7 7 7 7 7 7 7 7 5 5 5 5 5 5 5 5 5 5 5 5 5 5 5 5 5 6 6 6 6 6 6 5 5 5 5 5 5 5 5 5 5 5 5 5 5 5 5 5 2 2 2 2 0 0 0 0 0 10 10 10 10 10 10 10 10 10 10 1 1 1 1 1 1 1 1 1 1 1 1 1 7 7 7 7 7 7 7 7 7 2 2 2 2 8 8 8 8 8 9 9 9 9 9 9 9 9 9 9 9 9 0 0 0 0 0 4 4 4 4 4 4 4 4 4 4 4 3 3 3 3 3 3 3 3 6 6 6 6 6 6 