716
100
2
3 3 3 6 6 6 7 7 7 7 7 7 7 7 7 7 7 7 11 11 11 11 11 11 11 11 11 11 12 12 12 12 12 12 12 12 12 12 12 12 15 15 15 15 15 15 15 15 15 15 17 17 17 17 17 17 17 17 17 17 17 17 18 18 18 18 22 22 22 22 22 22 22 22 24 24 24 29 29 29 29 29 29 29 29 29 29 29 31 31 31 31 31 31 31 31 31 31 31 31 31 31 37 37 37 37 37 37 37 37 38 38 38 41 41 41 44 44 44 44 44 44 44 44 44 44 51 51 51 51 51 51 51 51 51 51 51 56 56 56 56 56 56 56 56 57 57 57 57 57 57 57 57 59 59 60 60 60 60 60 60 60 60 60 60 60 60 60 60 61 61 61 61 61 61 61 61 61 61 61 61 61 63 63 63 63 63 63 63 63 63 63 63 63 63 63 63 63 70 70 
3 4 5 0 1 2 50 51 52 53 54 55 56 57 58 59 60 61 172 173 174 175 176 177 178 179 180 181 182 183 184 185 186 187 188 189 190 191 192 193 116 117 118 119 120 121 122 123 124 125 6 7 8 9 10 11 12 13 14 15 16 17 194 195 196 197 102 103 104 105 106 107 108 109 113 114 115 126 127 128 129 130 131 132 133 134 135 136 155 156 157 158 159 160 161 162 163 164 165 166 167 168 66 67 68 69 70 71 72 73 169 170 171 74 75 76 40 41 42 43 44 45 46 47 48 49 77 78 79 80 81 82 83 84 85 86 87 145 146 147 148 149 150 151 152 137 138 139 140 141 142 143 144 198 199 88 89 90 91 92 93 94 95 96 97 98 99 100 101 110 111 112 18 19 20 21 22 23 24 25 26 27 28 29 30 31 32 33 34 35 36 37 38 39 62 63 64 65 153 154 
220 220 220 220 220 220 941 941 941 941 941 941 941 941 941 941 941 941 619 619 619 619 619 619 619 619 619 619 424 424 424 424 424 424 424 424 424 424 424 424 846 846 846 846 846 846 846 846 846 846 941 941 941 941 941 941 941 941 941 941 941 941 517 517 517 517 177 177 177 177 177 177 177 177 988 988 988 689 689 689 689 689 689 689 689 689 689 689 435 435 435 435 435 435 435 435 435 435 435 435 435 435 177 177 177 177 177 177 177 177 669 669 669 988 988 988 846 846 846 846 846 846 846 846 846 846 689 689 689 689 689 689 689 689 689 689 689 346 346 346 346 346 346 346 346 346 346 346 346 346 346 346 346 793 793 435 435 435 435 435 435 435 435 435 435 435 435 435 435 669 669 669 619 619 619 619 619 619 619 619 619 619 424 424 424 424 424 424 424 424 424 424 424 424 517 517 517 517 793 793 
0 1 2 0 1 2 3 4 5 6 7 8 9 10 11 12 13 14 15 16 17 18 19 20 21 22 23 24 25 26 27 28 29 30 31 32 33 34 35 36 37 38 39 40 41 42 43 44 45 46 3 4 5 6 7 8 9 10 11 12 13 14 47 48 49 50 51 52 53 54 55 56 57 58 59 60 61 62 63 64 65 66 67 68 69 70 71 72 73 74 75 76 77 78 79 80 81 82 83 84 85 86 51 52 53 54 55 56 57 58 87 88 89 59 60 61 37 38 39 40 41 42 43 44 45 46 62 63 64 65 66 67 68 69 70 71 72 90 91 92 93 94 95 96 97 90 91 92 93 94 95 96 97 98 99 73 74 75 76 77 78 79 80 81 82 83 84 85 86 87 88 89 15 16 17 18 19 20 21 22 23 24 25 26 27 28 29 30 31 32 33 34 35 36 47 48 49 50 98 99 
58168
13
3 12 11 8 3 4 2 3 8 12 10 10 14 
3 12 29 56 24 18 59 38 22 7 15 11 31 
6 63 51 57 41 63 70 61 37 17 44 61 60 
220 424 689 346 988 517 793 669 177 941 846 619 435 
0 0 0 0 0 0 9 9 9 9 9 9 9 9 9 9 9 9 11 11 11 11 11 11 11 11 11 11 1 1 1 1 1 1 1 1 1 1 1 1 10 10 10 10 10 10 10 10 10 10 9 9 9 9 9 9 9 9 9 9 9 9 5 5 5 5 8 8 8 8 8 8 8 8 4 4 4 2 2 2 2 2 2 2 2 2 2 2 12 12 12 12 12 12 12 12 12 12 12 12 12 12 8 8 8 8 8 8 8 8 7 7 7 4 4 4 10 10 10 10 10 10 10 10 10 10 2 2 2 2 2 2 2 2 2 2 2 3 3 3 3 3 3 3 3 3 3 3 3 3 3 3 3 6 6 12 12 12 12 12 12 12 12 12 12 12 12 12 12 7 7 7 11 11 11 11 11 11 11 11 11 11 1 1 1 1 1 1 1 1 1 1 1 1 5 5 5 5 6 6 