13
100
2
1 1 1 1 1 1 1 1 1 1 1 1 1 1 1 1 1 1 4 4 4 4 7 7 7 8 8 10 10 10 10 10 10 10 11 11 11 11 11 11 13 13 16 16 16 16 16 16 16 16 16 16 18 19 19 19 21 21 21 22 22 22 23 23 25 25 25 27 27 27 27 29 29 29 30 30 30 35 35 35 35 35 36 36 36 36 37 37 37 38 38 38 38 38 38 39 39 39 39 39 40 40 40 40 41 41 41 41 41 41 41 41 44 44 44 44 45 45 45 45 45 45 45 45 45 47 48 48 48 49 49 49 53 53 53 53 53 53 53 53 53 54 56 56 56 56 57 57 57 57 57 57 57 57 57 57 57 57 57 57 57 57 57 57 57 57 57 57 57 57 58 58 58 58 58 58 61 61 61 62 62 62 62 62 62 62 62 62 62 63 63 63 68 69 69 69 70 70 70 70 
152 153 154 155 156 157 158 159 160 161 162 163 164 165 166 167 168 169 112 113 114 115 129 130 131 82 83 37 38 39 196 197 198 199 189 190 191 27 28 29 65 66 120 121 122 123 124 183 184 185 186 187 125 138 139 140 109 110 111 77 78 79 136 137 175 40 41 100 101 102 103 92 93 94 193 194 195 59 60 61 84 85 25 26 80 81 89 90 91 86 87 88 71 72 73 147 148 149 150 151 67 68 69 70 170 171 172 173 174 56 57 58 18 19 20 21 142 143 144 145 42 43 44 45 46 52 176 177 178 22 23 24 179 180 181 182 62 63 53 54 55 192 116 117 118 119 188 95 96 97 98 99 0 1 2 3 4 5 6 7 8 9 10 11 12 13 14 15 16 17 104 105 106 107 108 64 126 127 128 132 133 134 135 47 48 49 50 51 146 34 35 36 141 74 75 76 30 31 32 33 
555 555 555 555 555 555 555 555 555 555 555 555 555 555 555 555 555 555 767 767 767 767 369 369 369 179 179 658 658 658 257 257 257 257 608 608 608 658 658 658 647 647 688 688 688 688 688 800 800 800 800 800 284 316 316 316 856 856 856 298 298 298 389 389 448 647 647 433 433 433 433 965 965 965 402 402 402 298 298 298 517 517 179 179 517 517 438 438 438 438 438 438 965 965 965 558 558 558 558 558 433 433 433 433 191 191 191 191 191 856 856 856 767 767 767 767 301 301 301 301 688 688 688 688 688 284 355 355 355 369 369 369 397 397 397 397 389 389 316 316 316 454 301 301 301 301 672 558 558 558 558 558 555 555 555 555 555 555 555 555 555 555 555 555 555 555 555 555 555 555 191 191 191 191 191 448 355 355 355 397 397 397 397 800 800 800 800 800 672 608 608 608 454 402 402 402 257 257 257 257 
0 1 2 3 4 5 6 7 8 9 10 11 12 13 14 15 16 17 18 19 20 21 22 23 24 25 26 27 28 29 30 31 32 33 34 35 36 27 28 29 37 38 39 40 41 42 43 44 45 46 47 48 49 50 51 52 53 54 55 56 57 58 59 60 61 37 38 62 63 64 65 66 67 68 69 70 71 56 57 58 72 73 25 26 72 73 74 75 76 74 75 76 66 67 68 77 78 79 80 81 62 63 64 65 82 83 84 85 86 53 54 55 18 19 20 21 87 88 89 90 39 40 41 42 43 49 91 92 93 22 23 24 94 95 96 97 59 60 50 51 52 98 87 88 89 90 99 77 78 79 80 81 0 1 2 3 4 5 6 7 8 9 10 11 12 13 14 15 16 17 82 83 84 85 86 61 91 92 93 94 95 96 97 44 45 46 47 48 99 34 35 36 98 69 70 71 30 31 32 33 
50912
28
3 4 3 2 5 3 4 5 3 1 5 4 3 3 2 5 1 4 4 1 1 3 3 2 3 2 3 18 
11 45 30 8 16 10 53 16 22 57 41 10 37 29 23 39 54 4 27 18 25 48 19 13 7 35 21 1 
63 56 69 36 45 11 62 62 35 62 58 70 38 38 53 57 68 44 40 47 58 61 53 25 49 36 41 57 
608 301 402 179 688 658 397 800 298 672 191 257 438 965 389 558 454 767 433 284 448 355 316 647 369 517 856 555 
27 27 27 27 27 27 27 27 27 27 27 27 27 27 27 27 27 27 17 17 17 17 24 24 24 3 3 5 5 5 11 11 11 11 0 0 0 5 5 5 23 23 4 4 4 4 4 7 7 7 7 7 19 22 22 22 26 26 26 8 8 8 14 14 20 23 23 18 18 18 18 13 13 13 2 2 2 8 8 8 25 25 3 3 25 25 12 12 12 12 12 12 13 13 13 15 15 15 15 15 18 18 18 18 10 10 10 10 10 26 26 26 17 17 17 17 1 1 1 1 4 4 4 4 4 19 21 21 21 24 24 24 6 6 6 6 14 14 22 22 22 16 1 1 1 1 9 15 15 15 15 15 27 27 27 27 27 27 27 27 27 27 27 27 27 27 27 27 27 27 10 10 10 10 10 20 21 21 21 6 6 6 6 7 7 7 7 7 9 0 0 0 16 2 2 2 11 11 11 11 