930
100
2
2 2 2 2 4 4 4 4 4 4 4 4 4 4 4 4 7 7 7 7 7 7 7 7 7 8 13 13 13 13 13 13 13 13 13 13 13 13 14 14 14 14 14 14 14 20 20 20 20 20 20 20 20 20 21 21 21 21 21 21 22 22 22 22 22 23 23 23 23 23 23 23 23 27 27 27 27 27 27 27 27 27 27 27 27 27 35 35 35 35 35 35 35 37 37 37 37 37 37 39 39 39 39 40 41 41 41 41 41 41 41 41 41 41 41 41 41 42 42 42 42 42 42 42 44 44 44 46 46 46 46 46 46 49 49 49 49 49 49 49 49 49 49 49 49 50 50 50 50 50 50 50 50 51 51 51 54 54 54 54 54 54 54 55 55 55 57 57 57 57 57 61 61 61 61 61 61 61 61 61 61 61 61 62 62 62 62 62 62 62 64 64 64 64 65 68 68 68 68 68 
99 100 101 102 81 82 83 84 85 86 87 88 89 90 91 92 45 46 47 48 49 50 51 52 53 194 133 134 135 136 137 138 139 140 141 142 143 144 54 55 56 57 58 59 103 16 17 18 19 20 21 22 23 24 38 39 40 41 42 43 112 113 114 115 116 73 74 75 76 77 78 79 80 65 66 67 68 69 70 71 72 4 5 6 7 8 9 10 11 12 13 14 15 184 185 186 187 188 189 0 1 2 3 44 145 146 147 148 149 150 151 152 60 61 62 63 64 156 157 158 159 160 161 162 163 164 165 171 172 173 174 175 176 26 27 28 29 30 31 32 33 34 35 36 37 104 105 106 107 108 109 110 111 183 177 178 117 118 119 120 121 122 123 124 125 126 195 196 197 198 199 127 128 129 130 131 132 154 155 190 191 192 193 153 93 94 95 96 97 98 179 180 181 182 25 166 167 168 169 170 
888 888 888 888 920 920 920 920 920 226 226 226 226 226 226 226 518 518 518 518 518 518 518 518 518 946 595 595 595 595 595 595 595 595 595 595 595 595 821 821 821 821 821 821 484 518 518 518 518 518 518 518 518 518 821 821 821 821 821 821 525 525 525 525 525 154 154 154 154 154 154 154 154 154 154 154 154 154 154 154 154 920 920 920 920 920 226 226 226 226 226 226 226 594 594 594 594 594 594 888 888 888 888 484 156 156 156 156 156 156 156 156 525 525 525 525 525 750 750 750 750 750 750 750 896 896 896 181 181 181 181 181 181 595 595 595 595 595 595 595 595 595 595 595 595 156 156 156 156 156 156 156 156 201 914 914 750 750 750 750 750 750 750 896 896 896 963 963 963 963 963 181 181 181 181 181 181 914 914 889 889 889 889 201 594 594 594 594 594 594 889 889 889 889 946 963 963 963 963 963 
0 1 2 3 4 5 6 7 8 9 10 11 12 13 14 15 16 17 18 19 20 21 22 23 24 25 26 27 28 29 30 31 32 33 34 35 36 37 38 39 40 41 42 43 44 16 17 18 19 20 21 22 23 24 38 39 40 41 42 43 45 46 47 48 49 50 51 52 53 54 55 56 57 50 51 52 53 54 55 56 57 4 5 6 7 8 9 10 11 12 13 14 15 58 59 60 61 62 63 0 1 2 3 44 64 65 66 67 68 69 70 71 45 46 47 48 49 72 73 74 75 76 77 78 79 80 81 82 83 84 85 86 87 26 27 28 29 30 31 32 33 34 35 36 37 64 65 66 67 68 69 70 71 88 89 90 72 73 74 75 76 77 78 79 80 81 91 92 93 94 95 82 83 84 85 86 87 89 90 96 97 98 99 88 58 59 60 61 62 63 96 97 98 99 25 91 92 93 94 95 
55985
19
3 6 1 1 7 6 8 8 5 9 2 4 6 5 5 4 7 1 12 
44 14 51 8 42 46 41 23 4 7 51 2 37 57 22 61 4 14 13 
55 21 62 65 54 61 50 27 27 20 61 39 62 68 41 64 35 40 49 
896 821 201 946 750 181 156 154 920 518 914 888 594 963 525 889 226 484 595 
11 11 11 11 8 8 8 8 8 16 16 16 16 16 16 16 9 9 9 9 9 9 9 9 9 3 18 18 18 18 18 18 18 18 18 18 18 18 1 1 1 1 1 1 17 9 9 9 9 9 9 9 9 9 1 1 1 1 1 1 14 14 14 14 14 7 7 7 7 7 7 7 7 7 7 7 7 7 7 7 7 8 8 8 8 8 16 16 16 16 16 16 16 12 12 12 12 12 12 11 11 11 11 17 6 6 6 6 6 6 6 6 14 14 14 14 14 4 4 4 4 4 4 4 0 0 0 5 5 5 5 5 5 18 18 18 18 18 18 18 18 18 18 18 18 6 6 6 6 6 6 6 6 2 10 10 4 4 4 4 4 4 4 0 0 0 13 13 13 13 13 5 5 5 5 5 5 10 10 15 15 15 15 2 12 12 12 12 12 12 15 15 15 15 3 13 13 13 13 13 