709
100
2
2 2 2 2 2 2 2 2 3 3 3 3 3 3 3 3 3 3 3 3 4 4 4 4 4 4 4 4 4 4 4 4 7 7 7 7 7 7 7 16 16 16 16 16 16 16 16 16 16 16 16 16 16 16 16 16 16 16 16 16 16 16 16 17 17 17 17 17 33 33 33 33 34 34 34 34 34 34 34 34 37 37 37 37 37 37 37 37 37 37 37 37 46 46 46 46 46 46 46 46 48 48 48 48 49 49 49 49 49 49 49 49 53 53 53 53 53 53 53 53 53 53 54 54 54 54 54 54 54 54 54 54 57 57 57 57 57 57 57 57 57 59 59 59 59 59 60 60 60 60 60 60 60 60 60 60 66 66 66 66 66 66 66 66 66 66 67 67 67 67 67 67 67 67 67 67 67 67 67 67 67 68 68 68 68 68 68 68 68 68 68 68 68 69 69 69 69 69 69 69 
92 93 94 95 96 97 98 99 20 21 22 23 24 25 26 27 28 29 30 31 8 9 10 11 12 13 14 15 16 17 18 19 193 194 195 196 197 198 199 132 133 134 135 136 137 138 139 140 166 167 168 169 170 171 172 173 174 175 176 177 178 179 180 141 142 143 144 145 100 101 102 103 104 105 106 107 108 109 110 111 181 182 183 184 185 186 187 188 189 190 191 192 0 1 2 3 4 5 6 7 68 69 70 71 72 73 74 75 76 77 78 79 122 123 124 125 126 127 128 129 130 131 112 113 114 115 116 117 118 119 120 121 39 40 41 42 43 44 45 46 47 63 64 65 66 67 156 157 158 159 160 161 162 163 164 165 146 147 148 149 150 151 152 153 154 155 48 49 50 51 52 53 54 55 56 57 58 59 60 61 62 80 81 82 83 84 85 86 87 88 89 90 91 32 33 34 35 36 37 38 
313 313 313 313 313 313 313 313 497 497 497 497 497 497 497 497 497 497 497 497 497 497 497 497 497 497 497 497 497 497 497 497 799 799 799 799 799 799 799 458 458 458 458 458 458 458 458 458 929 929 929 929 929 929 929 929 929 929 929 929 929 929 929 958 958 958 958 958 169 169 169 169 281 281 281 281 281 281 281 281 629 629 629 629 629 629 629 629 629 629 629 629 313 313 313 313 313 313 313 313 169 169 169 169 281 281 281 281 281 281 281 281 760 760 760 760 760 760 760 760 760 760 760 760 760 760 760 760 760 760 760 760 458 458 458 458 458 458 458 458 458 958 958 958 958 958 599 599 599 599 599 599 599 599 599 599 599 599 599 599 599 599 599 599 599 599 929 929 929 929 929 929 929 929 929 929 929 929 929 929 929 629 629 629 629 629 629 629 629 629 629 629 629 799 799 799 799 799 799 799 
0 1 2 3 4 5 6 7 8 9 10 11 12 13 14 15 16 17 18 19 8 9 10 11 12 13 14 15 16 17 18 19 20 21 22 23 24 25 26 27 28 29 30 31 32 33 34 35 36 37 38 39 40 41 42 43 44 45 46 47 48 49 50 51 52 53 54 55 56 57 58 59 60 61 62 63 64 65 66 67 68 69 70 71 72 73 74 75 76 77 78 79 0 1 2 3 4 5 6 7 56 57 58 59 60 61 62 63 64 65 66 67 80 81 82 83 84 85 86 87 88 89 80 81 82 83 84 85 86 87 88 89 27 28 29 30 31 32 33 34 35 51 52 53 54 55 90 91 92 93 94 95 96 97 98 99 90 91 92 93 94 95 96 97 98 99 36 37 38 39 40 41 42 43 44 45 46 47 48 49 50 68 69 70 71 72 73 74 75 76 77 78 79 20 21 22 23 24 25 26 
60970
11
10 4 10 7 5 8 9 8 12 12 15 
53 33 60 7 17 34 16 2 37 3 16 
54 48 66 69 59 49 57 46 68 4 67 
760 169 599 799 958 281 458 313 629 497 929 
7 7 7 7 7 7 7 7 9 9 9 9 9 9 9 9 9 9 9 9 9 9 9 9 9 9 9 9 9 9 9 9 3 3 3 3 3 3 3 6 6 6 6 6 6 6 6 6 10 10 10 10 10 10 10 10 10 10 10 10 10 10 10 4 4 4 4 4 1 1 1 1 5 5 5 5 5 5 5 5 8 8 8 8 8 8 8 8 8 8 8 8 7 7 7 7 7 7 7 7 1 1 1 1 5 5 5 5 5 5 5 5 0 0 0 0 0 0 0 0 0 0 0 0 0 0 0 0 0 0 0 0 6 6 6 6 6 6 6 6 6 4 4 4 4 4 2 2 2 2 2 2 2 2 2 2 2 2 2 2 2 2 2 2 2 2 10 10 10 10 10 10 10 10 10 10 10 10 10 10 10 8 8 8 8 8 8 8 8 8 8 8 8 3 3 3 3 3 3 3 