614
100
2
2 2 2 2 4 4 4 4 4 4 4 4 4 4 4 4 4 4 4 4 7 7 7 7 7 8 8 8 8 8 9 9 9 9 9 9 9 9 9 15 15 18 18 18 18 18 18 18 18 18 18 18 18 18 18 18 18 18 18 18 18 18 19 19 19 19 19 19 20 20 20 20 20 20 20 20 20 23 23 23 23 23 23 23 23 23 23 23 26 26 26 26 26 26 26 27 27 27 27 27 27 27 27 35 35 35 35 35 35 35 35 35 35 41 41 41 41 41 43 43 43 43 43 43 43 43 43 44 44 44 44 44 44 44 50 50 51 51 51 51 51 51 51 52 52 52 52 52 52 53 53 53 53 53 53 53 53 58 58 58 58 58 58 58 58 58 58 58 58 58 58 58 58 58 58 58 64 64 64 64 66 66 66 66 66 66 66 66 66 66 66 66 66 66 67 67 67 67 67 67 
64 65 66 67 77 78 79 80 81 82 83 84 85 127 128 129 130 131 132 133 113 114 115 116 117 72 73 74 75 76 118 119 120 121 122 123 124 125 126 86 87 143 144 145 146 147 148 161 162 163 164 165 166 167 168 169 170 171 172 173 174 175 134 135 0 1 2 3 109 110 111 112 25 26 27 28 29 4 5 6 7 8 9 10 11 12 39 40 180 181 182 183 184 185 186 149 150 151 152 153 154 155 156 194 195 196 197 198 199 68 69 70 71 20 21 22 23 24 30 31 32 33 34 35 36 37 38 13 14 15 16 17 18 19 62 63 187 188 189 190 191 192 193 41 42 43 44 45 46 95 96 97 98 99 100 101 102 176 177 178 179 47 48 49 50 51 52 53 54 55 56 57 58 59 60 61 157 158 159 160 88 89 90 91 92 93 94 136 137 138 139 140 141 142 103 104 105 106 107 108 
235 235 235 235 929 929 929 929 929 929 929 929 929 931 931 931 931 931 931 931 684 684 684 684 684 918 918 918 918 918 871 871 871 871 871 871 871 871 871 242 242 522 522 522 522 522 522 474 474 474 474 474 474 474 474 474 474 474 474 474 474 474 593 593 235 235 235 235 333 333 333 333 918 918 918 918 918 929 929 929 929 929 929 929 929 929 242 242 801 801 801 801 801 801 801 189 189 189 189 189 189 189 189 630 630 630 630 630 630 333 333 333 333 684 684 684 684 684 871 871 871 871 871 871 871 871 871 931 931 931 931 931 931 931 593 593 744 744 744 744 744 744 744 522 522 522 522 522 522 189 189 189 189 189 189 189 189 349 349 349 349 474 474 474 474 474 474 474 474 474 474 474 474 474 474 474 349 349 349 349 801 801 801 801 801 801 801 744 744 744 744 744 744 744 630 630 630 630 630 630 
0 1 2 3 4 5 6 7 8 9 10 11 12 13 14 15 16 17 18 19 20 21 22 23 24 25 26 27 28 29 30 31 32 33 34 35 36 37 38 39 40 41 42 43 44 45 46 47 48 49 50 51 52 53 54 55 56 57 58 59 60 61 62 63 0 1 2 3 64 65 66 67 25 26 27 28 29 4 5 6 7 8 9 10 11 12 39 40 68 69 70 71 72 73 74 75 76 77 78 79 80 81 82 83 84 85 86 87 88 64 65 66 67 20 21 22 23 24 30 31 32 33 34 35 36 37 38 13 14 15 16 17 18 19 62 63 89 90 91 92 93 94 95 41 42 43 44 45 46 75 76 77 78 79 80 81 82 96 97 98 99 47 48 49 50 51 52 53 54 55 56 57 58 59 60 61 96 97 98 99 68 69 70 71 72 73 74 89 90 91 92 93 94 95 83 84 85 86 87 88 
62414
16
6 4 9 5 9 6 2 7 7 4 7 8 2 5 4 15 
35 20 4 8 9 18 19 4 26 58 51 27 15 7 2 18 
67 35 23 20 43 52 50 44 66 64 66 53 23 41 19 58 
630 333 929 918 871 522 593 931 801 349 744 189 242 684 235 474 
14 14 14 14 2 2 2 2 2 2 2 2 2 7 7 7 7 7 7 7 13 13 13 13 13 3 3 3 3 3 4 4 4 4 4 4 4 4 4 12 12 5 5 5 5 5 5 15 15 15 15 15 15 15 15 15 15 15 15 15 15 15 6 6 14 14 14 14 1 1 1 1 3 3 3 3 3 2 2 2 2 2 2 2 2 2 12 12 8 8 8 8 8 8 8 11 11 11 11 11 11 11 11 0 0 0 0 0 0 1 1 1 1 13 13 13 13 13 4 4 4 4 4 4 4 4 4 7 7 7 7 7 7 7 6 6 10 10 10 10 10 10 10 5 5 5 5 5 5 11 11 11 11 11 11 11 11 9 9 9 9 15 15 15 15 15 15 15 15 15 15 15 15 15 15 15 9 9 9 9 8 8 8 8 8 8 8 10 10 10 10 10 10 10 0 0 0 0 0 0 