249
100
2
2 2 2 2 2 2 2 2 2 2 2 2 2 2 2 2 2 2 2 2 2 2 2 2 2 2 2 2 2 2 2 3 12 12 12 12 12 12 12 12 15 15 15 16 16 16 16 16 16 16 16 17 22 27 27 27 27 27 27 27 27 28 28 28 29 29 30 30 30 30 30 30 30 33 33 34 35 35 35 38 38 39 39 39 39 39 39 39 39 39 39 39 39 39 40 40 40 40 40 40 43 43 43 43 43 43 44 44 44 44 44 45 45 45 46 46 46 46 46 46 46 46 46 46 46 46 46 46 49 49 49 49 49 49 49 49 49 49 49 49 49 50 50 50 50 50 50 50 50 50 50 50 50 50 50 50 52 52 52 52 52 53 53 53 60 60 60 60 60 60 60 60 62 62 62 63 68 68 68 68 70 70 70 70 70 70 70 70 70 70 70 70 70 70 70 70 70 70 70 70 
1 0 3 2 5 4 7 6 9 8 11 10 13 12 159 160 141 142 143 144 145 146 147 148 149 150 151 152 153 154 155 51 53 54 55 56 57 58 59 60 76 77 78 164 165 166 167 168 169 170 171 31 75 32 33 34 35 36 37 38 39 156 157 158 79 80 87 88 89 90 91 92 93 194 195 52 40 41 42 64 65 122 123 124 125 126 127 66 67 68 69 70 71 72 128 129 130 131 132 133 188 189 190 191 192 193 176 177 178 179 175 134 135 136 180 181 182 183 184 185 186 187 81 82 83 84 85 86 94 95 96 97 98 99 111 112 113 196 197 198 199 16 17 18 19 20 21 22 23 24 25 26 27 28 29 30 61 62 63 14 15 172 173 174 43 44 45 46 47 48 49 50 161 162 163 110 106 107 108 109 114 115 116 117 118 119 120 121 100 101 102 103 104 105 73 74 137 138 139 140 
274 274 274 274 274 274 274 274 274 274 274 274 274 274 361 361 464 464 464 464 464 464 464 464 464 464 464 464 464 464 464 296 951 951 951 951 951 951 951 951 512 512 512 480 480 480 480 480 480 480 480 296 179 951 951 951 951 951 951 951 951 862 862 862 292 292 735 735 735 735 735 735 735 921 921 179 512 512 512 292 292 178 178 178 178 178 178 735 735 735 735 735 735 735 266 266 266 266 266 266 356 356 356 356 356 356 326 326 326 326 745 607 607 607 852 852 852 852 852 852 852 852 178 178 178 178 178 178 266 266 266 266 266 266 607 607 607 613 613 613 613 464 464 464 464 464 464 464 464 464 464 464 464 464 464 464 862 862 862 361 361 332 332 332 480 480 480 480 480 480 480 480 332 332 332 745 326 326 326 326 852 852 852 852 852 852 852 852 356 356 356 356 356 356 921 921 613 613 613 613 
0 0 1 1 2 2 3 3 4 4 5 5 6 6 7 8 9 10 11 12 13 14 15 16 17 18 19 20 21 22 23 24 25 26 27 28 29 30 31 32 33 34 35 36 37 38 39 40 41 42 43 24 44 25 26 27 28 29 30 31 32 45 46 47 48 49 50 51 52 53 54 55 56 57 58 44 33 34 35 48 49 59 60 61 62 63 64 50 51 52 53 54 55 56 65 66 67 68 69 70 71 72 73 74 75 76 77 78 79 80 81 82 83 84 85 86 87 88 89 90 91 92 59 60 61 62 63 64 65 66 67 68 69 70 82 83 84 93 94 95 96 9 10 11 12 13 14 15 16 17 18 19 20 21 22 23 45 46 47 7 8 97 98 99 36 37 38 39 40 41 42 43 97 98 99 81 77 78 79 80 85 86 87 88 89 90 91 92 71 72 73 74 75 76 57 58 93 94 95 96 
52150
21
8 4 8 6 2 8 6 7 3 1 2 3 6 3 3 1 7 1 2 4 15 
16 44 46 40 29 12 39 2 28 3 2 45 43 53 15 44 30 22 33 49 2 
60 68 70 49 38 27 46 2 52 17 52 49 70 62 35 63 39 34 70 70 50 
480 326 852 266 292 951 178 274 862 296 361 607 356 332 512 745 735 179 921 613 464 
7 7 7 7 7 7 7 7 7 7 7 7 7 7 10 10 20 20 20 20 20 20 20 20 20 20 20 20 20 20 20 9 5 5 5 5 5 5 5 5 14 14 14 0 0 0 0 0 0 0 0 9 17 5 5 5 5 5 5 5 5 8 8 8 4 4 16 16 16 16 16 16 16 18 18 17 14 14 14 4 4 6 6 6 6 6 6 16 16 16 16 16 16 16 3 3 3 3 3 3 12 12 12 12 12 12 1 1 1 1 15 11 11 11 2 2 2 2 2 2 2 2 6 6 6 6 6 6 3 3 3 3 3 3 11 11 11 19 19 19 19 20 20 20 20 20 20 20 20 20 20 20 20 20 20 20 8 8 8 10 10 13 13 13 0 0 0 0 0 0 0 0 13 13 13 15 1 1 1 1 2 2 2 2 2 2 2 2 12 12 12 12 12 12 18 18 19 19 19 19 