702
100
2
3 3 3 3 3 3 3 3 3 3 3 3 3 4 4 4 4 4 4 4 4 4 4 4 4 16 16 16 16 16 16 16 16 16 16 16 16 18 18 18 18 18 18 18 18 18 18 18 18 18 18 18 18 18 18 18 18 19 19 19 19 19 19 19 19 23 23 23 23 24 24 24 24 24 24 24 24 24 24 24 24 24 24 24 24 31 31 31 31 32 32 32 32 32 32 32 32 32 32 32 32 36 36 36 36 36 36 36 40 40 40 40 40 40 40 40 45 45 45 45 45 45 45 47 47 47 47 47 47 47 47 47 47 47 47 47 47 47 47 47 47 47 47 48 48 48 48 48 48 48 48 48 52 52 52 52 52 52 52 52 58 58 58 58 58 58 58 58 61 61 61 61 61 61 61 61 61 61 61 61 61 61 61 61 61 61 61 61 62 62 62 62 62 62 62 62 62 62 62 62 
168 169 170 171 172 173 174 175 176 177 178 179 180 89 90 91 92 93 94 95 96 97 98 99 100 188 189 190 191 192 193 194 195 196 197 198 199 123 124 125 126 127 128 129 130 131 132 133 134 135 136 137 138 139 140 141 142 160 161 162 163 164 165 166 167 85 86 87 88 143 144 145 146 147 148 149 150 151 181 182 183 184 185 186 187 65 66 67 68 13 14 15 16 17 18 19 20 21 22 23 24 116 117 118 119 120 121 122 152 153 154 155 156 157 158 159 101 102 103 104 105 106 107 37 38 39 40 41 42 43 44 45 46 47 48 49 50 51 52 53 54 55 56 69 70 71 72 73 74 75 76 77 108 109 110 111 112 113 114 115 57 58 59 60 61 62 63 64 0 1 2 3 4 5 6 7 8 9 10 11 12 78 79 80 81 82 83 84 25 26 27 28 29 30 31 32 33 34 35 36 
460 460 460 460 460 460 460 460 460 460 460 460 460 762 762 762 762 762 762 762 762 762 762 762 762 853 853 853 853 853 853 853 853 853 853 853 853 669 669 669 669 669 669 669 669 669 669 669 669 669 669 669 669 669 669 669 669 366 366 366 366 366 366 366 366 670 670 670 670 964 964 964 964 964 964 964 964 964 706 706 706 706 706 706 706 670 670 670 670 762 762 762 762 762 762 762 762 762 762 762 762 634 634 634 634 634 634 634 294 294 294 294 294 294 294 294 634 634 634 634 634 634 634 669 669 669 669 669 669 669 669 669 669 669 669 669 669 669 669 669 669 669 669 964 964 964 964 964 964 964 964 964 294 294 294 294 294 294 294 294 366 366 366 366 366 366 366 366 460 460 460 460 460 460 460 460 460 460 460 460 460 706 706 706 706 706 706 706 853 853 853 853 853 853 853 853 853 853 853 853 
0 1 2 3 4 5 6 7 8 9 10 11 12 13 14 15 16 17 18 19 20 21 22 23 24 25 26 27 28 29 30 31 32 33 34 35 36 37 38 39 40 41 42 43 44 45 46 47 48 49 50 51 52 53 54 55 56 57 58 59 60 61 62 63 64 65 66 67 68 69 70 71 72 73 74 75 76 77 78 79 80 81 82 83 84 65 66 67 68 13 14 15 16 17 18 19 20 21 22 23 24 85 86 87 88 89 90 91 92 93 94 95 96 97 98 99 85 86 87 88 89 90 91 37 38 39 40 41 42 43 44 45 46 47 48 49 50 51 52 53 54 55 56 69 70 71 72 73 74 75 76 77 92 93 94 95 96 97 98 99 57 58 59 60 61 62 63 64 0 1 2 3 4 5 6 7 8 9 10 11 12 78 79 80 81 82 83 84 25 26 27 28 29 30 31 32 33 34 35 36 
64756
10
12 9 13 7 12 20 8 4 7 8 
4 24 3 24 16 18 19 23 36 40 
32 48 61 61 62 47 58 31 45 52 
762 964 460 706 853 669 366 670 634 294 
2 2 2 2 2 2 2 2 2 2 2 2 2 0 0 0 0 0 0 0 0 0 0 0 0 4 4 4 4 4 4 4 4 4 4 4 4 5 5 5 5 5 5 5 5 5 5 5 5 5 5 5 5 5 5 5 5 6 6 6 6 6 6 6 6 7 7 7 7 1 1 1 1 1 1 1 1 1 3 3 3 3 3 3 3 7 7 7 7 0 0 0 0 0 0 0 0 0 0 0 0 8 8 8 8 8 8 8 9 9 9 9 9 9 9 9 8 8 8 8 8 8 8 5 5 5 5 5 5 5 5 5 5 5 5 5 5 5 5 5 5 5 5 1 1 1 1 1 1 1 1 1 9 9 9 9 9 9 9 9 6 6 6 6 6 6 6 6 2 2 2 2 2 2 2 2 2 2 2 2 2 3 3 3 3 3 3 3 4 4 4 4 4 4 4 4 4 4 4 4 