360
100
2
1 1 1 1 1 1 1 1 1 1 1 1 1 1 1 3 3 3 3 3 4 4 4 12 12 12 12 12 14 14 14 15 15 15 15 15 17 17 21 21 21 21 21 21 21 21 21 21 21 21 21 21 21 21 21 21 21 29 29 29 29 30 30 30 30 30 30 31 31 31 31 31 31 31 31 31 31 31 31 31 31 31 31 31 31 31 31 31 31 31 33 33 33 34 35 35 35 35 36 36 36 36 36 38 38 38 38 38 42 42 42 43 43 43 45 45 45 45 45 45 45 46 46 47 47 47 47 47 47 48 48 48 48 48 48 48 50 50 50 51 51 51 51 51 52 52 52 52 52 52 52 53 53 53 53 53 53 53 53 53 54 54 54 54 54 57 57 57 57 57 57 57 57 59 59 59 59 59 65 65 66 66 67 67 67 67 67 67 67 67 68 68 68 68 68 70 70 70 70 70 
151 152 160 161 162 163 164 28 29 30 116 117 118 119 120 168 169 170 171 172 182 183 184 173 174 175 176 177 7 8 9 71 72 73 74 75 153 154 185 186 187 188 189 76 77 78 79 80 81 82 83 84 85 86 87 88 89 67 68 69 70 165 166 167 108 109 110 57 58 59 60 31 32 33 34 35 43 44 45 46 47 48 49 50 51 52 53 54 55 56 111 112 113 199 195 196 197 198 144 145 146 121 122 139 140 141 142 143 64 65 66 90 91 92 190 128 10 11 12 13 14 101 102 155 156 157 158 159 115 191 192 193 194 136 137 138 133 134 135 103 104 105 106 107 98 99 100 180 181 178 179 0 1 36 37 123 124 125 126 127 2 3 4 5 6 61 62 63 15 16 17 18 19 23 24 25 26 27 149 150 147 148 20 21 22 38 39 40 41 42 114 129 130 131 132 94 95 96 97 93 
741 741 257 257 257 257 257 307 307 307 307 307 307 307 307 851 851 851 851 851 696 696 696 866 866 866 866 866 307 307 307 1000 1000 1000 1000 1000 412 412 510 510 510 510 510 832 832 832 832 832 832 832 832 832 832 832 832 832 832 551 551 551 551 409 409 409 909 909 909 551 551 551 551 1000 1000 1000 1000 1000 832 832 832 832 832 832 832 832 832 832 832 832 832 832 760 760 760 454 701 701 701 701 806 806 806 308 308 379 379 379 379 379 909 909 909 760 760 760 778 630 307 307 307 307 307 308 308 756 756 756 756 756 630 819 819 819 819 444 444 444 444 444 444 379 379 379 379 379 806 806 806 827 827 507 507 741 741 412 412 756 756 756 756 756 257 257 257 257 257 409 409 409 851 851 851 851 851 866 866 866 866 866 507 507 827 827 696 696 696 510 510 510 510 510 778 819 819 819 819 701 701 701 701 454 
0 1 2 3 4 5 6 7 8 9 10 11 12 13 14 15 16 17 18 19 20 21 22 23 24 25 26 27 7 8 9 28 29 30 31 32 33 34 35 36 37 38 39 40 41 42 43 44 45 46 47 48 49 50 51 52 53 54 55 56 57 58 59 60 61 62 63 54 55 56 57 28 29 30 31 32 40 41 42 43 44 45 46 47 48 49 50 51 52 53 64 65 66 67 68 69 70 71 72 73 74 75 76 77 78 79 80 81 61 62 63 64 65 66 82 83 10 11 12 13 14 75 76 84 85 86 87 88 83 89 90 91 92 93 94 95 93 94 95 77 78 79 80 81 72 73 74 96 97 98 99 0 1 33 34 84 85 86 87 88 2 3 4 5 6 58 59 60 15 16 17 18 19 23 24 25 26 27 98 99 96 97 20 21 22 35 36 37 38 39 82 89 90 91 92 68 69 70 71 67 
65007
27
2 5 3 3 3 3 5 4 2 3 2 2 4 3 5 5 2 1 5 1 1 4 5 5 3 5 14 
1 12 36 33 30 30 1 35 17 4 52 36 29 1 38 3 52 45 47 45 34 48 21 1 48 15 21 
53 59 52 43 57 42 54 70 53 67 66 46 31 14 51 57 65 68 53 47 70 68 67 45 50 31 31 
741 866 806 760 409 909 257 701 412 696 827 308 551 307 379 851 507 778 756 630 454 819 510 307 444 1000 832 
0 0 6 6 6 6 6 13 13 13 23 23 23 23 23 15 15 15 15 15 9 9 9 1 1 1 1 1 13 13 13 25 25 25 25 25 8 8 22 22 22 22 22 26 26 26 26 26 26 26 26 26 26 26 26 26 26 12 12 12 12 4 4 4 5 5 5 12 12 12 12 25 25 25 25 25 26 26 26 26 26 26 26 26 26 26 26 26 26 26 3 3 3 20 7 7 7 7 2 2 2 11 11 14 14 14 14 14 5 5 5 3 3 3 17 19 23 23 23 23 23 11 11 18 18 18 18 18 19 21 21 21 21 24 24 24 24 24 24 14 14 14 14 14 2 2 2 10 10 16 16 0 0 8 8 18 18 18 18 18 6 6 6 6 6 4 4 4 15 15 15 15 15 1 1 1 1 1 16 16 10 10 9 9 9 22 22 22 22 22 17 21 21 21 21 7 7 7 7 20 