697
100
2
3 3 3 3 3 3 3 5 5 5 5 5 5 5 5 5 6 6 6 6 6 6 7 7 7 7 7 7 7 7 9 9 9 9 9 9 9 9 9 9 9 9 9 9 9 9 9 16 16 16 16 16 16 16 16 17 17 17 17 17 17 17 17 27 27 27 27 27 27 27 28 28 28 28 28 28 28 28 28 30 30 30 30 30 30 30 30 30 40 40 40 40 40 40 40 40 40 40 40 40 40 40 41 41 41 41 41 41 41 41 41 41 41 41 41 41 46 47 47 47 47 47 47 49 49 49 49 49 53 53 53 53 53 53 53 53 53 53 53 53 53 53 53 54 54 54 54 54 54 54 54 56 56 56 56 56 56 56 56 56 57 57 57 57 57 57 57 62 62 62 62 62 62 62 62 62 62 62 62 62 62 63 63 64 64 64 64 64 64 64 64 64 64 64 64 64 64 64 64 66 
183 184 185 186 187 188 189 128 129 130 131 132 133 134 135 136 22 23 24 25 26 27 16 17 18 19 20 21 181 182 55 56 57 58 59 60 61 62 190 191 192 193 194 195 196 197 198 143 144 145 146 147 148 149 150 30 31 32 33 34 35 36 37 160 161 162 163 164 165 166 79 80 81 82 83 84 85 86 87 70 71 72 73 74 75 76 77 78 167 168 169 170 171 172 173 174 175 176 177 178 179 180 151 152 153 154 155 156 157 158 159 123 124 125 126 127 199 137 138 139 140 141 142 111 112 113 114 115 7 8 9 10 11 12 13 14 15 117 118 119 120 121 122 47 48 49 50 51 52 53 54 102 103 104 105 106 107 108 109 110 63 64 65 66 67 68 69 88 89 90 91 92 93 94 95 96 97 98 99 100 101 28 29 0 1 2 3 4 5 6 38 39 40 41 42 43 44 45 46 116 
162 162 162 162 162 162 162 785 785 785 785 785 785 785 785 785 642 642 642 642 642 642 642 642 642 642 642 642 721 721 783 783 783 783 783 783 783 783 279 279 279 279 279 279 279 279 279 321 321 321 321 321 321 321 321 783 783 783 783 783 783 783 783 458 458 458 458 458 458 458 934 934 934 934 934 934 934 934 934 934 934 934 934 934 934 934 934 934 580 580 580 580 580 580 580 580 580 580 580 580 580 580 460 460 460 460 460 460 460 460 460 529 529 529 529 529 769 154 154 154 154 154 154 529 529 529 529 529 785 785 785 785 785 785 785 785 785 154 154 154 154 154 154 321 321 321 321 321 321 321 321 460 460 460 460 460 460 460 460 460 458 458 458 458 458 458 458 580 580 580 580 580 580 580 580 580 580 580 580 580 580 721 721 162 162 162 162 162 162 162 279 279 279 279 279 279 279 279 279 769 
0 1 2 3 4 5 6 7 8 9 10 11 12 13 14 15 16 17 18 19 20 21 16 17 18 19 20 21 22 23 24 25 26 27 28 29 30 31 32 33 34 35 36 37 38 39 40 41 42 43 44 45 46 47 48 24 25 26 27 28 29 30 31 49 50 51 52 53 54 55 56 57 58 59 60 61 62 63 64 56 57 58 59 60 61 62 63 64 65 66 67 68 69 70 71 72 73 74 75 76 77 78 79 80 81 82 83 84 85 86 87 88 89 90 91 92 93 94 95 96 97 98 99 88 89 90 91 92 7 8 9 10 11 12 13 14 15 94 95 96 97 98 99 41 42 43 44 45 46 47 48 79 80 81 82 83 84 85 86 87 49 50 51 52 53 54 55 65 66 67 68 69 70 71 72 73 74 75 76 77 78 22 23 0 1 2 3 4 5 6 32 33 34 35 36 37 38 39 40 93 
53046
14
8 6 9 7 9 5 7 6 2 1 8 9 9 14 
9 6 41 3 5 41 27 47 7 46 16 9 28 40 
17 7 56 64 53 49 57 53 63 66 54 64 30 62 
783 642 460 162 785 529 458 154 721 769 321 279 934 580 
3 3 3 3 3 3 3 4 4 4 4 4 4 4 4 4 1 1 1 1 1 1 1 1 1 1 1 1 8 8 0 0 0 0 0 0 0 0 11 11 11 11 11 11 11 11 11 10 10 10 10 10 10 10 10 0 0 0 0 0 0 0 0 6 6 6 6 6 6 6 12 12 12 12 12 12 12 12 12 12 12 12 12 12 12 12 12 12 13 13 13 13 13 13 13 13 13 13 13 13 13 13 2 2 2 2 2 2 2 2 2 5 5 5 5 5 9 7 7 7 7 7 7 5 5 5 5 5 4 4 4 4 4 4 4 4 4 7 7 7 7 7 7 10 10 10 10 10 10 10 10 2 2 2 2 2 2 2 2 2 6 6 6 6 6 6 6 13 13 13 13 13 13 13 13 13 13 13 13 13 13 8 8 3 3 3 3 3 3 3 11 11 11 11 11 11 11 11 11 9 