624
100
2
1 1 1 1 1 1 1 1 1 1 1 1 1 1 1 1 1 1 2 2 2 2 5 5 6 6 6 6 7 7 7 7 7 7 7 7 7 7 7 7 7 7 7 7 7 7 9 9 9 10 10 10 10 10 12 12 12 12 12 13 13 13 13 17 17 17 18 18 21 21 21 21 21 21 21 23 23 23 23 23 25 25 25 27 27 27 27 27 27 27 27 27 28 28 28 28 28 28 28 28 28 28 31 32 32 32 32 33 33 33 34 34 34 34 36 36 36 36 36 39 39 39 39 44 44 44 44 44 44 47 47 47 47 47 47 47 48 48 48 48 48 48 48 48 48 49 49 49 50 50 50 50 50 51 51 51 51 51 52 52 52 52 52 52 54 54 54 54 57 57 57 57 58 58 58 66 66 66 66 67 68 68 68 68 68 68 68 68 69 69 69 69 70 70 70 70 70 70 70 70 
28 29 30 31 32 33 34 35 36 37 38 39 40 41 42 43 44 45 59 60 61 62 83 84 75 96 97 98 0 1 2 3 4 5 6 7 8 9 10 11 12 13 14 15 16 17 107 108 109 63 185 186 187 135 196 197 172 173 174 18 19 20 21 49 66 67 64 65 80 81 82 141 142 143 144 24 103 104 105 106 68 69 70 22 23 114 115 116 117 118 198 199 129 130 131 132 25 26 27 123 124 125 179 76 77 78 79 46 47 48 119 120 121 122 85 86 87 88 89 110 111 112 113 99 100 101 145 146 147 92 93 94 95 158 159 53 153 154 155 156 157 71 72 73 74 126 127 128 180 181 182 183 184 136 137 138 139 140 133 134 192 193 194 195 168 169 170 171 164 165 166 167 56 57 58 188 189 190 191 102 148 149 150 151 152 50 51 52 175 176 177 178 160 161 162 163 54 55 90 91 
905 905 905 905 905 905 905 905 905 905 905 905 905 905 905 905 905 905 542 542 542 542 376 376 154 280 280 280 905 905 905 905 905 905 905 905 905 905 905 905 905 905 905 905 905 905 558 558 558 946 940 940 940 180 310 310 675 675 675 542 542 542 542 946 384 384 384 384 237 237 237 639 639 639 639 154 606 606 606 606 237 237 237 376 376 611 611 611 611 611 726 726 297 297 297 297 280 280 280 892 892 892 421 606 606 606 606 558 558 558 349 349 349 349 611 611 611 611 611 349 349 349 349 892 892 892 293 293 293 297 297 297 297 473 473 180 623 623 623 623 623 639 639 639 639 293 293 293 312 312 312 312 312 623 623 623 623 623 473 473 428 428 428 428 292 292 292 292 292 292 292 292 675 675 675 787 787 787 787 421 312 312 312 312 312 940 940 940 787 787 787 787 428 428 428 428 310 310 726 726 
0 1 2 3 4 5 6 7 8 9 10 11 12 13 14 15 16 17 18 19 20 21 22 23 24 25 26 27 0 1 2 3 4 5 6 7 8 9 10 11 12 13 14 15 16 17 28 29 30 31 32 33 34 35 36 37 38 39 40 18 19 20 21 31 41 42 41 42 43 44 45 46 47 48 49 24 50 51 52 53 43 44 45 22 23 54 55 56 57 58 59 60 61 62 63 64 25 26 27 65 66 67 68 50 51 52 53 28 29 30 69 70 71 72 54 55 56 57 58 69 70 71 72 65 66 67 73 74 75 61 62 63 64 76 77 35 78 79 80 81 82 46 47 48 49 73 74 75 83 84 85 86 87 78 79 80 81 82 76 77 88 89 90 91 92 93 94 95 92 93 94 95 38 39 40 96 97 98 99 68 83 84 85 86 87 32 33 34 96 97 98 99 88 89 90 91 36 37 59 60 
57644
28
5 4 2 4 1 3 2 4 4 2 4 3 1 1 3 5 4 5 2 1 4 3 2 3 3 3 4 18 
50 66 5 28 6 6 47 23 52 12 54 28 10 31 10 27 34 48 17 10 2 21 27 9 12 44 21 1 
68 69 27 47 23 28 52 32 70 70 57 44 17 67 68 36 39 51 18 47 13 25 70 33 58 49 48 7 
312 787 376 297 154 280 473 606 428 310 292 892 946 421 940 611 349 623 384 180 542 237 726 558 675 293 639 905 
27 27 27 27 27 27 27 27 27 27 27 27 27 27 27 27 27 27 20 20 20 20 2 2 4 5 5 5 27 27 27 27 27 27 27 27 27 27 27 27 27 27 27 27 27 27 23 23 23 12 14 14 14 19 9 9 24 24 24 20 20 20 20 12 18 18 18 18 21 21 21 26 26 26 26 4 7 7 7 7 21 21 21 2 2 15 15 15 15 15 22 22 3 3 3 3 5 5 5 11 11 11 13 7 7 7 7 23 23 23 16 16 16 16 15 15 15 15 15 16 16 16 16 11 11 11 25 25 25 3 3 3 3 6 6 19 17 17 17 17 17 26 26 26 26 25 25 25 0 0 0 0 0 17 17 17 17 17 6 6 8 8 8 8 10 10 10 10 10 10 10 10 24 24 24 1 1 1 1 13 0 0 0 0 0 14 14 14 1 1 1 1 8 8 8 8 9 9 22 22 