145
100
2
4 5 5 5 5 5 5 5 5 5 5 6 6 6 6 6 6 6 9 9 9 9 9 9 9 9 9 9 9 9 9 9 12 12 12 12 12 12 12 12 12 13 13 13 13 13 13 13 15 17 17 17 17 17 17 17 17 19 19 19 19 19 19 19 19 22 22 22 22 22 22 24 24 24 24 24 24 24 24 24 24 24 24 25 25 25 25 25 25 30 30 30 30 30 30 30 30 30 36 36 36 36 36 36 36 36 38 38 38 38 38 38 38 39 39 39 40 40 40 40 44 44 44 44 44 44 44 44 44 44 44 44 44 44 44 46 47 47 47 47 49 50 50 50 50 50 50 54 56 56 56 56 56 56 56 56 56 56 57 57 57 57 57 57 57 57 57 57 57 57 57 57 60 60 60 60 60 60 60 61 61 61 61 61 61 63 63 63 63 63 63 65 65 65 65 65 65 65 65 65 
147 41 42 43 44 45 46 47 113 114 115 106 107 108 109 110 111 112 158 159 160 161 162 163 164 165 166 167 168 169 170 171 74 75 76 77 78 79 80 81 82 1 2 3 4 5 6 7 135 98 99 100 101 102 103 104 105 90 91 92 93 94 95 96 97 141 142 143 144 145 146 155 156 157 32 33 34 35 36 37 38 39 40 116 117 118 119 129 130 140 57 58 59 60 61 62 63 64 49 50 51 52 53 54 55 56 11 12 13 14 15 16 17 8 9 10 83 84 85 86 191 192 193 194 195 196 197 198 199 87 88 136 137 138 139 48 131 132 133 134 89 65 66 67 68 69 70 0 172 173 174 175 176 177 178 71 72 73 18 19 20 21 22 23 24 25 26 27 28 29 30 31 148 149 150 151 152 153 154 185 186 187 188 189 190 179 180 181 182 183 184 120 121 122 123 124 125 126 127 128 
498 541 541 541 541 541 541 541 849 849 849 969 969 969 969 969 969 969 388 388 388 388 388 388 388 388 388 388 388 388 388 388 211 211 211 211 211 211 211 211 211 541 541 541 541 541 541 541 552 467 467 467 467 467 467 467 467 232 232 232 232 232 232 232 232 649 649 649 649 649 649 177 177 177 211 211 211 211 211 211 211 211 211 372 372 372 372 337 337 920 232 232 232 232 232 232 232 232 467 467 467 467 467 467 467 467 969 969 969 969 969 969 969 849 849 849 372 372 372 372 686 686 686 686 686 686 686 686 686 337 337 782 782 782 782 552 782 782 782 782 920 649 649 649 649 649 649 498 162 162 162 162 162 162 162 177 177 177 388 388 388 388 388 388 388 388 388 388 388 388 388 388 162 162 162 162 162 162 162 582 582 582 582 582 582 582 582 582 582 582 582 686 686 686 686 686 686 686 686 686 
0 1 2 3 4 5 6 7 8 9 10 11 12 13 14 15 16 17 18 19 20 21 22 23 24 25 26 27 28 29 30 31 32 33 34 35 36 37 38 39 40 1 2 3 4 5 6 7 41 42 43 44 45 46 47 48 49 50 51 52 53 54 55 56 57 58 59 60 61 62 63 64 65 66 32 33 34 35 36 37 38 39 40 67 68 69 70 71 72 73 50 51 52 53 54 55 56 57 42 43 44 45 46 47 48 49 11 12 13 14 15 16 17 8 9 10 67 68 69 70 74 75 76 77 78 79 80 81 82 71 72 83 84 85 86 41 83 84 85 86 73 58 59 60 61 62 63 0 87 88 89 90 91 92 93 64 65 66 18 19 20 21 22 23 24 25 26 27 28 29 30 31 87 88 89 90 91 92 93 94 95 96 97 98 99 94 95 96 97 98 99 74 75 76 77 78 79 80 81 82 
48525
18
8 7 6 9 7 1 1 4 7 6 2 1 3 8 3 9 4 14 
17 56 61 44 5 15 4 25 6 22 25 30 24 19 5 12 44 9 
36 60 63 65 13 46 54 40 38 50 44 49 56 30 39 24 47 57 
467 162 582 686 541 552 498 372 969 649 337 920 177 232 849 211 782 388 
6 4 4 4 4 4 4 4 14 14 14 8 8 8 8 8 8 8 17 17 17 17 17 17 17 17 17 17 17 17 17 17 15 15 15 15 15 15 15 15 15 4 4 4 4 4 4 4 5 0 0 0 0 0 0 0 0 13 13 13 13 13 13 13 13 9 9 9 9 9 9 12 12 12 15 15 15 15 15 15 15 15 15 7 7 7 7 10 10 11 13 13 13 13 13 13 13 13 0 0 0 0 0 0 0 0 8 8 8 8 8 8 8 14 14 14 7 7 7 7 3 3 3 3 3 3 3 3 3 10 10 16 16 16 16 5 16 16 16 16 11 9 9 9 9 9 9 6 1 1 1 1 1 1 1 12 12 12 17 17 17 17 17 17 17 17 17 17 17 17 17 17 1 1 1 1 1 1 1 2 2 2 2 2 2 2 2 2 2 2 2 3 3 3 3 3 3 3 3 3 