626
100
2
1 1 1 1 1 3 3 3 3 3 3 3 3 3 8 8 8 8 8 9 9 9 9 9 9 9 9 9 14 14 14 14 14 14 14 15 15 15 15 15 15 15 15 15 15 15 15 16 16 16 16 16 16 16 16 16 20 20 20 20 20 20 20 20 20 20 20 20 20 20 20 20 20 20 20 20 20 20 20 20 20 23 23 23 23 23 23 23 23 23 23 23 23 23 23 23 23 23 24 24 24 24 24 24 24 24 24 27 27 27 27 27 30 30 30 30 30 30 30 30 30 30 30 32 32 32 32 32 32 32 32 32 35 35 35 35 35 35 35 37 37 37 37 37 41 41 41 41 41 41 41 41 41 41 48 48 48 48 48 48 48 48 48 48 48 48 48 48 48 48 48 48 48 48 49 49 49 49 49 49 49 49 49 58 58 58 58 58 60 60 69 69 69 69 69 69 69 69 69 69 
139 140 141 142 143 72 73 74 75 76 77 78 79 80 81 82 83 84 85 47 48 49 50 51 52 53 54 55 132 133 134 135 136 137 138 86 87 88 89 90 91 92 93 94 95 96 97 19 20 21 22 23 24 25 26 27 174 175 176 177 178 179 180 123 124 125 126 127 128 129 130 131 5 6 7 8 9 10 11 12 13 14 15 16 17 18 35 36 37 38 39 40 41 42 43 44 45 46 165 166 167 168 169 170 171 172 173 183 184 185 186 187 154 155 156 157 158 159 160 161 162 163 164 63 64 65 66 67 68 69 70 71 28 29 30 31 32 33 34 0 1 2 3 4 190 191 192 193 194 195 196 197 198 199 112 113 114 115 116 117 118 119 120 121 122 98 99 100 101 102 103 104 105 106 56 57 58 59 60 61 62 188 189 107 108 109 110 111 181 182 144 145 146 147 148 149 150 151 152 153 
790 790 790 790 790 946 946 946 946 946 946 946 946 946 861 861 861 861 861 928 928 928 928 928 928 928 928 928 340 340 340 340 340 340 340 931 931 931 931 931 931 931 931 931 931 931 931 928 928 928 928 928 928 928 928 928 369 369 369 369 369 369 369 456 456 456 456 456 456 456 456 456 946 946 946 946 946 946 946 946 946 861 861 861 861 861 931 931 931 931 931 931 931 931 931 931 931 931 183 183 183 183 183 183 183 183 183 825 825 825 825 825 358 358 358 358 358 358 358 358 358 358 358 456 456 456 456 456 456 456 456 456 340 340 340 340 340 340 340 790 790 790 790 790 502 502 502 502 502 502 502 502 502 502 358 358 358 358 358 358 358 358 358 358 358 183 183 183 183 183 183 183 183 183 369 369 369 369 369 369 369 927 927 825 825 825 825 825 927 927 502 502 502 502 502 502 502 502 502 502 
0 1 2 3 4 5 6 7 8 9 10 11 12 13 14 15 16 17 18 19 20 21 22 23 24 25 26 27 28 29 30 31 32 33 34 35 36 37 38 39 40 41 42 43 44 45 46 19 20 21 22 23 24 25 26 27 47 48 49 50 51 52 53 54 55 56 57 58 59 60 61 62 5 6 7 8 9 10 11 12 13 14 15 16 17 18 35 36 37 38 39 40 41 42 43 44 45 46 63 64 65 66 67 68 69 70 71 72 73 74 75 76 77 78 79 80 81 82 83 84 85 86 87 54 55 56 57 58 59 60 61 62 28 29 30 31 32 33 34 0 1 2 3 4 88 89 90 91 92 93 94 95 96 97 77 78 79 80 81 82 83 84 85 86 87 63 64 65 66 67 68 69 70 71 47 48 49 50 51 52 53 98 99 72 73 74 75 76 98 99 88 89 90 91 92 93 94 95 96 97 
61944
13
7 11 10 5 5 9 2 9 7 5 9 12 9 
20 30 41 8 27 20 49 9 14 1 24 15 3 
49 48 69 23 58 32 60 16 35 37 48 23 20 
369 358 502 861 825 456 927 928 340 790 183 931 946 
9 9 9 9 9 12 12 12 12 12 12 12 12 12 3 3 3 3 3 7 7 7 7 7 7 7 7 7 8 8 8 8 8 8 8 11 11 11 11 11 11 11 11 11 11 11 11 7 7 7 7 7 7 7 7 7 0 0 0 0 0 0 0 5 5 5 5 5 5 5 5 5 12 12 12 12 12 12 12 12 12 3 3 3 3 3 11 11 11 11 11 11 11 11 11 11 11 11 10 10 10 10 10 10 10 10 10 4 4 4 4 4 1 1 1 1 1 1 1 1 1 1 1 5 5 5 5 5 5 5 5 5 8 8 8 8 8 8 8 9 9 9 9 9 2 2 2 2 2 2 2 2 2 2 1 1 1 1 1 1 1 1 1 1 1 10 10 10 10 10 10 10 10 10 0 0 0 0 0 0 0 6 6 4 4 4 4 4 6 6 2 2 2 2 2 2 2 2 2 2 