896
100
2
3 3 3 3 3 3 3 3 3 3 3 3 5 5 5 5 5 5 5 5 5 5 5 5 6 6 6 7 7 7 7 10 10 10 11 11 11 11 11 11 14 14 14 14 14 14 14 18 18 18 21 21 21 21 21 21 21 21 21 21 21 21 22 22 22 22 25 25 25 25 25 25 25 25 25 25 25 27 27 27 27 27 27 27 27 27 27 27 33 33 33 33 33 33 33 33 33 33 33 33 33 33 33 33 35 35 35 35 35 35 35 35 35 35 35 35 44 44 44 44 44 44 44 44 44 44 44 44 44 47 47 47 47 47 47 47 50 50 50 50 51 51 51 51 51 51 51 51 51 51 51 51 51 51 54 54 54 54 57 57 57 57 57 57 57 57 57 57 57 57 57 57 57 57 57 57 59 59 59 59 59 59 59 59 59 59 59 68 68 68 68 68 68 68 70 70 70 70 70 70 
104 105 106 107 108 109 110 111 112 113 114 115 50 51 52 53 54 55 56 57 58 59 60 61 47 48 49 172 173 174 175 88 89 90 194 195 196 197 198 199 129 130 131 132 133 134 135 24 25 26 12 13 14 15 16 17 18 19 20 21 22 23 154 155 156 157 77 78 79 80 81 82 83 84 85 86 87 66 67 68 69 70 71 72 73 74 75 76 31 32 33 116 117 118 119 120 121 122 123 124 125 126 127 128 0 1 2 3 4 5 6 7 8 9 10 11 91 92 93 94 95 96 97 98 99 100 101 102 103 40 41 42 43 44 45 46 176 177 178 179 158 159 160 161 162 163 164 165 166 167 168 169 170 171 62 63 64 65 140 141 142 143 144 145 146 147 148 149 150 151 152 153 27 28 29 30 136 137 138 139 187 188 189 190 191 192 193 180 181 182 183 184 185 186 34 35 36 37 38 39 
580 580 580 580 580 580 580 580 580 580 580 580 691 691 691 691 691 691 691 691 691 691 691 691 471 471 471 391 391 391 391 634 634 634 589 589 589 589 589 589 639 639 639 639 639 639 639 471 471 471 691 691 691 691 691 691 691 691 691 691 691 691 984 984 984 984 886 886 886 886 886 886 886 886 886 886 886 886 886 886 886 886 886 886 886 886 886 886 634 634 634 265 265 265 265 265 265 265 265 265 265 265 265 265 580 580 580 580 580 580 580 580 580 580 580 580 265 265 265 265 265 265 265 265 265 265 265 265 265 639 639 639 639 639 639 639 350 350 350 350 516 516 516 516 516 516 516 516 516 516 516 516 516 516 984 984 984 984 516 516 516 516 516 516 516 516 516 516 516 516 516 516 391 391 391 391 350 350 350 350 846 846 846 846 846 846 846 846 846 846 846 846 846 846 589 589 589 589 589 589 
0 1 2 3 4 5 6 7 8 9 10 11 12 13 14 15 16 17 18 19 20 21 22 23 24 25 26 27 28 29 30 31 32 33 34 35 36 37 38 39 40 41 42 43 44 45 46 24 25 26 12 13 14 15 16 17 18 19 20 21 22 23 47 48 49 50 51 52 53 54 55 56 57 58 59 60 61 51 52 53 54 55 56 57 58 59 60 61 31 32 33 62 63 64 65 66 67 68 69 70 71 72 73 74 0 1 2 3 4 5 6 7 8 9 10 11 62 63 64 65 66 67 68 69 70 71 72 73 74 40 41 42 43 44 45 46 75 76 77 78 79 80 81 82 83 84 85 86 87 88 89 90 91 92 47 48 49 50 79 80 81 82 83 84 85 86 87 88 89 90 91 92 27 28 29 30 75 76 77 78 93 94 95 96 97 98 99 93 94 95 96 97 98 99 34 35 36 37 38 39 
59811
13
4 4 3 6 11 7 14 12 12 4 3 7 13 
50 22 10 11 25 14 51 3 5 7 6 59 33 
59 54 33 70 27 47 57 35 21 57 18 68 44 
350 984 634 589 886 639 516 580 691 391 471 846 265 
7 7 7 7 7 7 7 7 7 7 7 7 8 8 8 8 8 8 8 8 8 8 8 8 10 10 10 9 9 9 9 2 2 2 3 3 3 3 3 3 5 5 5 5 5 5 5 10 10 10 8 8 8 8 8 8 8 8 8 8 8 8 1 1 1 1 4 4 4 4 4 4 4 4 4 4 4 4 4 4 4 4 4 4 4 4 4 4 2 2 2 12 12 12 12 12 12 12 12 12 12 12 12 12 7 7 7 7 7 7 7 7 7 7 7 7 12 12 12 12 12 12 12 12 12 12 12 12 12 5 5 5 5 5 5 5 0 0 0 0 6 6 6 6 6 6 6 6 6 6 6 6 6 6 1 1 1 1 6 6 6 6 6 6 6 6 6 6 6 6 6 6 9 9 9 9 0 0 0 0 11 11 11 11 11 11 11 11 11 11 11 11 11 11 3 3 3 3 3 3 