303
100
2
1 1 1 1 2 2 2 2 2 3 4 4 4 6 6 6 6 7 7 7 7 7 7 7 7 7 7 7 7 7 7 7 7 7 7 7 7 7 7 7 7 7 7 9 9 9 9 9 11 17 18 18 18 18 19 19 19 19 19 21 21 21 22 22 22 24 24 24 24 28 28 28 28 28 28 31 31 31 32 32 32 32 35 37 37 37 37 37 39 39 39 40 40 40 40 41 41 41 41 41 43 43 44 44 44 45 45 46 46 46 47 47 47 48 48 48 48 48 48 48 48 48 48 48 48 50 50 50 50 50 50 50 50 50 50 50 50 50 50 50 50 50 50 50 50 50 50 50 50 50 50 50 51 51 51 51 51 53 53 53 54 57 57 57 58 58 60 60 60 61 61 61 61 61 61 61 61 63 63 63 64 64 67 67 67 67 67 67 67 67 67 67 69 69 69 69 69 70 70 70 
65 66 67 68 169 129 130 131 132 82 166 167 168 78 79 80 81 69 100 101 113 114 115 116 133 134 135 136 137 138 139 140 141 142 143 144 145 146 147 148 149 150 151 70 71 72 73 74 49 48 91 92 93 94 83 84 85 86 87 160 180 181 154 155 156 0 1 2 3 17 43 44 45 46 47 107 108 109 13 14 15 16 9 54 55 56 57 58 102 103 104 50 51 52 53 192 193 194 195 196 18 19 88 89 90 164 165 75 76 77 197 198 199 20 21 22 23 189 190 191 172 173 174 175 176 182 183 184 185 5 6 7 8 24 25 26 27 28 29 30 31 32 33 34 35 36 37 38 39 40 41 42 170 171 62 63 64 186 187 188 59 177 178 179 105 106 10 11 12 4 152 153 120 121 122 123 124 161 162 163 60 61 125 126 127 128 157 158 159 117 118 119 95 96 97 98 99 110 111 112 
952 952 952 952 422 771 771 771 771 960 927 927 927 495 495 495 495 614 702 702 548 548 548 548 171 171 171 171 171 171 171 171 171 171 171 171 171 171 171 171 171 171 171 982 982 982 982 982 789 789 608 608 608 608 741 741 741 741 741 249 298 298 990 990 990 952 952 952 952 614 982 982 982 982 982 531 531 531 495 495 495 495 960 741 741 741 741 741 214 214 214 608 608 608 608 160 160 160 160 160 702 702 214 214 214 526 526 531 531 531 291 291 291 548 548 548 548 367 367 367 547 547 547 547 547 233 233 233 233 771 771 771 771 171 171 171 171 171 171 171 171 171 171 171 171 171 171 171 171 171 171 171 408 408 990 990 990 295 295 295 249 324 324 324 526 526 927 927 927 422 408 408 547 547 547 547 547 324 324 324 298 298 233 233 233 233 295 295 295 367 367 367 160 160 160 160 160 291 291 291 
0 1 2 3 4 5 6 7 8 9 10 11 12 13 14 15 16 17 18 19 20 21 22 23 24 25 26 27 28 29 30 31 32 33 34 35 36 37 38 39 40 41 42 43 44 45 46 47 48 48 49 50 51 52 53 54 55 56 57 58 59 60 61 62 63 0 1 2 3 17 43 44 45 46 47 64 65 66 13 14 15 16 9 53 54 55 56 57 67 68 69 49 50 51 52 70 71 72 73 74 18 19 67 68 69 75 76 64 65 66 77 78 79 20 21 22 23 80 81 82 83 84 85 86 87 88 89 90 91 5 6 7 8 24 25 26 27 28 29 30 31 32 33 34 35 36 37 38 39 40 41 42 92 93 61 62 63 94 95 96 58 97 98 99 75 76 10 11 12 4 92 93 83 84 85 86 87 97 98 99 59 60 88 89 90 91 94 95 96 80 81 82 70 71 72 73 74 77 78 79 
48546
30
3 4 3 3 3 1 5 5 1 4 2 4 0 4 4 2 1 0 5 1 1 3 3 3 2 5 2 4 3 19 
4 50 53 57 39 7 41 19 2 18 7 6 41 2 7 51 3 2 9 11 21 48 47 31 45 48 21 1 22 7 
60 67 67 63 44 28 69 37 61 40 43 32 60 50 48 61 35 65 28 17 54 67 70 46 58 61 64 24 51 50 
927 233 295 324 214 614 160 741 422 608 702 495 519 771 548 408 960 708 982 789 249 367 291 531 526 547 298 952 990 171 
27 27 27 27 8 13 13 13 13 16 0 0 0 11 11 11 11 5 10 10 14 14 14 14 29 29 29 29 29 29 29 29 29 29 29 29 29 29 29 29 29 29 29 18 18 18 18 18 19 19 9 9 9 9 7 7 7 7 7 20 26 26 28 28 28 27 27 27 27 5 18 18 18 18 18 23 23 23 11 11 11 11 16 7 7 7 7 7 4 4 4 9 9 9 9 6 6 6 6 6 10 10 4 4 4 24 24 23 23 23 22 22 22 14 14 14 14 21 21 21 25 25 25 25 25 1 1 1 1 13 13 13 13 29 29 29 29 29 29 29 29 29 29 29 29 29 29 29 29 29 29 29 15 15 28 28 28 2 2 2 20 3 3 3 24 24 0 0 0 8 15 15 25 25 25 25 25 3 3 3 26 26 1 1 1 1 2 2 2 21 21 21 6 6 6 6 6 22 22 22 