186
100
2
1 1 1 2 2 2 2 2 2 2 2 5 5 5 5 5 5 5 6 6 6 6 6 7 7 7 7 7 9 9 9 10 10 10 10 10 10 10 10 10 10 10 10 10 10 10 10 11 11 13 13 13 13 13 15 15 15 15 15 18 18 18 18 18 18 19 19 19 19 19 19 19 19 19 19 20 20 20 20 20 20 22 22 22 23 23 23 23 23 25 25 25 25 26 26 26 26 26 26 26 26 26 33 33 33 33 33 35 35 35 35 36 39 39 40 40 40 40 40 40 40 40 40 40 42 42 42 45 45 48 48 48 48 49 50 50 50 50 50 50 50 50 50 50 50 51 51 55 55 55 55 55 55 55 55 55 55 58 59 59 59 59 59 59 59 59 59 59 59 59 59 59 59 59 60 60 60 60 60 60 60 62 62 62 62 62 65 65 65 65 65 66 66 66 66 67 68 68 70 70 
81 82 83 133 138 139 140 141 142 143 144 107 108 109 110 28 29 30 181 182 183 184 185 186 187 188 189 190 15 16 17 158 159 160 161 162 163 164 165 166 167 168 169 170 171 172 173 127 128 195 89 90 91 92 70 71 72 73 74 98 119 120 121 122 123 93 94 95 96 97 54 55 56 57 58 145 146 191 192 193 194 0 1 2 102 103 104 105 106 50 51 52 53 65 66 67 68 69 59 124 125 126 84 85 86 87 88 11 12 13 14 157 198 199 147 148 149 150 151 60 61 62 63 64 99 100 101 47 48 134 135 136 137 3 129 130 131 132 4 5 6 7 8 9 10 75 76 114 115 116 117 118 176 177 178 179 180 111 31 32 33 34 35 36 37 38 39 40 41 42 43 44 45 46 196 197 152 153 154 155 156 18 19 20 21 22 23 24 25 26 27 77 78 79 80 49 174 175 112 113 
974 974 974 370 892 892 892 789 789 789 789 751 751 751 751 227 227 227 204 204 204 204 204 791 791 791 791 791 227 227 227 655 655 655 655 655 655 655 655 655 655 655 655 655 655 655 655 836 836 937 167 167 167 167 668 668 668 668 668 317 819 819 819 819 819 421 421 421 421 421 668 668 668 668 668 826 826 692 692 692 692 974 974 974 299 299 299 299 299 167 167 167 167 421 421 421 421 421 317 412 412 412 299 299 299 299 299 751 751 751 751 604 883 883 837 837 837 837 837 819 819 819 819 819 412 412 412 836 836 569 569 569 569 370 569 569 569 569 892 892 892 789 789 789 789 826 826 837 837 837 837 837 272 272 272 272 272 604 655 655 655 655 655 655 655 655 655 655 655 655 655 655 655 655 232 232 272 272 272 272 272 204 204 204 204 204 791 791 791 791 791 692 692 692 692 937 232 232 883 883 
0 1 2 3 4 5 6 7 8 9 10 11 12 13 14 15 16 17 18 19 20 21 22 23 24 25 26 27 15 16 17 28 29 30 31 32 33 34 35 36 37 38 39 40 41 42 43 44 45 46 47 48 49 50 51 52 53 54 55 56 57 58 59 60 61 62 63 64 65 66 51 52 53 54 55 67 68 69 70 71 72 0 1 2 73 74 75 76 77 47 48 49 50 62 63 64 65 66 56 78 79 80 73 74 75 76 77 11 12 13 14 81 82 83 84 85 86 87 88 57 58 59 60 61 78 79 80 44 45 89 90 91 92 3 89 90 91 92 4 5 6 7 8 9 10 67 68 84 85 86 87 88 93 94 95 96 97 81 28 29 30 31 32 33 34 35 36 37 38 39 40 41 42 43 98 99 93 94 95 96 97 18 19 20 21 22 23 24 25 26 27 69 70 71 72 46 98 99 82 83 
59204
26
2 1 4 5 4 5 2 1 1 2 1 4 5 4 5 3 2 3 5 3 5 5 4 3 5 16 
11 13 13 19 48 40 20 2 36 60 18 5 6 20 23 1 39 5 7 2 18 55 2 26 15 10 
45 67 25 26 50 55 51 49 58 68 26 35 62 66 33 22 70 9 65 50 40 60 50 42 19 59 
836 937 167 421 569 837 826 370 604 232 317 751 204 692 299 974 883 227 791 892 819 272 789 412 668 655 
15 15 15 7 19 19 19 22 22 22 22 11 11 11 11 17 17 17 12 12 12 12 12 18 18 18 18 18 17 17 17 25 25 25 25 25 25 25 25 25 25 25 25 25 25 25 25 0 0 1 2 2 2 2 24 24 24 24 24 10 20 20 20 20 20 3 3 3 3 3 24 24 24 24 24 6 6 13 13 13 13 15 15 15 14 14 14 14 14 2 2 2 2 3 3 3 3 3 10 23 23 23 14 14 14 14 14 11 11 11 11 8 16 16 5 5 5 5 5 20 20 20 20 20 23 23 23 0 0 4 4 4 4 7 4 4 4 4 19 19 19 22 22 22 22 6 6 5 5 5 5 5 21 21 21 21 21 8 25 25 25 25 25 25 25 25 25 25 25 25 25 25 25 25 9 9 21 21 21 21 21 12 12 12 12 12 18 18 18 18 18 13 13 13 13 1 9 9 16 16 