90
100
2
1 1 1 1 1 1 1 1 1 1 3 3 3 4 4 4 4 6 6 6 7 7 7 7 7 7 7 7 7 8 8 8 9 9 9 9 9 10 10 10 10 11 11 11 11 11 11 11 11 11 11 11 11 11 11 11 11 11 11 11 11 11 11 11 13 13 13 15 20 22 25 25 25 25 28 28 28 28 28 31 31 31 31 31 38 38 38 38 38 39 39 39 42 44 44 44 44 44 44 44 44 44 44 48 48 48 48 48 48 51 51 51 51 51 51 51 51 53 53 53 53 54 54 54 54 54 54 55 55 55 55 55 57 57 57 59 59 59 59 60 61 61 61 61 61 61 61 61 61 61 61 61 61 62 62 62 62 62 63 64 64 64 64 64 65 67 67 67 67 67 67 67 67 67 67 67 68 68 68 68 68 68 68 68 68 68 68 68 68 68 68 70 70 70 70 70 70 70 70 70 
98 99 100 101 102 84 85 86 87 88 89 90 91 37 38 39 40 150 151 152 165 166 167 168 195 196 197 198 199 118 119 120 140 169 170 171 157 13 14 15 16 153 154 155 156 70 71 72 73 176 177 178 179 180 181 182 183 184 185 186 187 188 189 190 173 174 175 172 69 68 45 46 47 48 79 80 81 82 83 74 75 76 77 78 5 6 7 8 9 10 11 12 158 191 192 193 194 139 0 1 2 3 4 121 122 123 124 125 126 145 146 147 148 149 132 133 134 164 29 30 31 103 104 105 106 107 108 159 160 161 162 163 114 115 116 141 142 143 144 97 32 135 136 137 138 109 110 111 112 113 17 18 19 41 42 43 44 36 92 127 128 129 130 131 117 20 21 22 23 33 34 35 67 64 65 66 49 50 51 52 53 54 55 56 57 58 59 60 61 62 63 93 94 95 96 24 25 26 27 28 
262 262 262 262 262 595 595 595 595 595 579 579 579 559 559 559 559 628 628 628 325 325 325 325 647 647 647 647 647 471 471 471 636 207 207 207 285 559 559 559 559 637 637 637 637 531 531 531 531 874 874 874 874 874 874 874 874 874 874 874 874 874 874 874 510 510 510 638 378 378 531 531 531 531 590 590 590 590 590 590 590 590 590 590 595 595 595 595 595 579 579 579 331 971 971 971 971 530 262 262 262 262 262 698 698 698 698 698 698 418 418 418 418 418 403 403 403 257 471 471 471 698 698 698 698 698 698 780 780 780 780 780 403 403 403 349 349 349 349 530 636 349 349 349 349 418 418 418 418 418 628 628 628 637 637 637 637 285 331 780 780 780 780 780 257 325 325 325 325 207 207 207 638 510 510 510 874 874 874 874 874 874 874 874 874 874 874 874 874 874 874 971 971 971 971 647 647 647 647 647 
0 1 2 3 4 5 6 7 8 9 10 11 12 13 14 15 16 17 18 19 20 21 22 23 24 25 26 27 28 29 30 31 32 33 34 35 36 13 14 15 16 37 38 39 40 41 42 43 44 45 46 47 48 49 50 51 52 53 54 55 56 57 58 59 60 61 62 63 64 64 41 42 43 44 65 66 67 68 69 65 66 67 68 69 5 6 7 8 9 10 11 12 70 71 72 73 74 75 0 1 2 3 4 76 77 78 79 80 81 82 83 84 85 86 87 88 89 90 29 30 31 76 77 78 79 80 81 91 92 93 94 95 87 88 89 96 97 98 99 75 32 96 97 98 99 82 83 84 85 86 17 18 19 37 38 39 40 36 70 91 92 93 94 95 90 20 21 22 23 33 34 35 63 60 61 62 45 46 47 48 49 50 51 52 53 54 55 56 57 58 59 71 72 73 74 24 25 26 27 28 
58695
27
4 4 1 4 1 5 5 4 1 4 5 5 3 3 1 5 3 1 1 6 3 5 1 4 3 3 15 
7 44 53 11 44 55 7 11 9 59 51 28 9 3 15 1 13 42 20 48 6 1 9 4 8 51 11 
67 70 65 62 60 64 70 25 61 61 61 31 67 39 67 44 67 63 22 54 61 38 62 10 53 57 68 
325 971 257 637 530 780 647 531 636 349 418 590 207 579 638 262 510 331 378 698 628 595 285 559 471 403 874 
15 15 15 15 15 21 21 21 21 21 13 13 13 23 23 23 23 20 20 20 0 0 0 0 6 6 6 6 6 24 24 24 8 12 12 12 22 23 23 23 23 3 3 3 3 7 7 7 7 26 26 26 26 26 26 26 26 26 26 26 26 26 26 26 16 16 16 14 18 18 7 7 7 7 11 11 11 11 11 11 11 11 11 11 21 21 21 21 21 13 13 13 17 1 1 1 1 4 15 15 15 15 15 19 19 19 19 19 19 10 10 10 10 10 25 25 25 2 24 24 24 19 19 19 19 19 19 5 5 5 5 5 25 25 25 9 9 9 9 4 8 9 9 9 9 10 10 10 10 10 20 20 20 3 3 3 3 22 17 5 5 5 5 5 2 0 0 0 0 12 12 12 14 16 16 16 26 26 26 26 26 26 26 26 26 26 26 26 26 26 26 1 1 1 1 6 6 6 6 6 