526
100
2
1 1 1 1 1 2 2 2 2 2 2 2 2 7 7 7 7 7 7 9 9 9 9 9 9 10 10 10 10 10 10 10 10 10 10 10 10 10 10 12 12 12 14 14 14 14 14 14 14 14 15 15 16 16 16 16 16 16 16 16 16 17 17 17 17 17 17 17 17 17 17 17 17 17 17 17 17 17 17 17 20 20 20 20 20 22 22 22 23 23 23 23 23 23 26 26 26 26 26 26 26 26 26 26 26 26 30 30 30 31 31 31 31 31 35 35 35 37 37 37 37 37 40 40 40 40 44 44 44 45 45 46 46 46 46 46 46 46 46 49 49 49 49 49 49 52 52 52 53 53 53 53 53 53 53 53 53 55 55 55 56 59 59 59 60 60 60 60 60 60 61 61 61 61 61 61 61 61 61 61 62 62 62 62 66 66 66 66 66 66 66 66 68 68 68 68 68 69 69 69 
131 132 133 134 135 164 165 166 167 168 145 146 147 139 140 141 142 143 144 94 95 96 97 98 99 66 67 68 69 70 71 72 73 74 75 76 77 78 79 136 137 138 184 185 186 187 188 189 190 191 124 125 106 107 108 56 55 58 57 60 59 109 110 111 112 113 25 26 27 28 29 30 31 32 33 34 35 36 37 38 152 153 154 155 156 197 198 199 100 101 102 103 104 105 19 20 21 22 23 24 88 89 90 91 92 93 52 53 54 61 62 63 64 65 157 158 159 170 171 172 173 174 129 130 50 51 161 162 163 122 123 0 1 2 3 4 39 40 41 13 14 15 16 17 18 10 11 12 180 181 182 183 80 81 82 83 84 114 115 116 169 126 127 128 5 6 7 8 9 160 117 118 119 120 121 192 193 194 195 196 148 149 150 151 42 43 44 45 46 47 48 49 175 176 177 178 179 85 86 87 
187 187 187 187 187 960 960 960 960 960 170 170 170 995 995 995 995 995 995 710 710 710 710 710 710 747 747 747 747 747 747 747 747 747 747 747 747 747 747 764 764 764 551 551 551 551 578 578 578 578 281 281 175 175 175 717 717 717 717 717 717 943 943 943 943 943 747 747 747 747 747 747 747 747 747 747 747 747 747 747 593 593 593 593 593 456 456 456 155 155 155 155 155 155 710 710 710 710 710 710 155 155 155 155 155 155 175 175 175 943 943 943 943 943 628 628 628 886 886 886 886 886 728 728 281 281 260 260 260 728 728 187 187 187 187 187 764 764 764 995 995 995 995 995 995 170 170 170 455 455 455 455 593 593 593 593 593 628 628 628 962 260 260 260 960 960 960 960 960 962 886 886 886 886 886 363 363 363 363 363 455 455 455 455 551 551 551 551 578 578 578 578 363 363 363 363 363 456 456 456 
0 1 2 3 4 5 6 7 8 9 10 11 12 13 14 15 16 17 18 19 20 21 22 23 24 25 26 27 28 29 30 31 32 33 34 35 36 37 38 39 40 41 42 43 44 45 46 47 48 49 50 51 52 53 54 55 55 56 56 57 57 58 59 60 61 62 25 26 27 28 29 30 31 32 33 34 35 36 37 38 63 64 65 66 67 68 69 70 71 72 73 74 75 76 19 20 21 22 23 24 71 72 73 74 75 76 52 53 54 58 59 60 61 62 77 78 79 80 81 82 83 84 85 86 50 51 87 88 89 85 86 0 1 2 3 4 39 40 41 13 14 15 16 17 18 10 11 12 90 91 92 93 63 64 65 66 67 77 78 79 94 87 88 89 5 6 7 8 9 94 80 81 82 83 84 95 96 97 98 99 90 91 92 93 42 43 44 45 46 47 48 49 95 96 97 98 99 68 69 70 
60104
23
5 3 3 5 3 2 6 3 2 5 4 3 4 6 5 5 4 3 1 6 3 5 14 
37 44 16 2 2 40 9 35 15 1 53 22 14 7 17 61 14 16 56 23 12 20 10 
61 59 30 60 52 45 26 55 40 46 62 69 66 49 31 68 66 16 60 26 46 53 17 
886 260 175 960 170 728 710 628 281 187 455 456 551 995 943 363 578 717 962 155 764 593 747 
9 9 9 9 9 3 3 3 3 3 4 4 4 13 13 13 13 13 13 6 6 6 6 6 6 22 22 22 22 22 22 22 22 22 22 22 22 22 22 20 20 20 12 12 12 12 16 16 16 16 8 8 2 2 2 17 17 17 17 17 17 14 14 14 14 14 22 22 22 22 22 22 22 22 22 22 22 22 22 22 21 21 21 21 21 11 11 11 19 19 19 19 19 19 6 6 6 6 6 6 19 19 19 19 19 19 2 2 2 14 14 14 14 14 7 7 7 0 0 0 0 0 5 5 8 8 1 1 1 5 5 9 9 9 9 9 20 20 20 13 13 13 13 13 13 4 4 4 10 10 10 10 21 21 21 21 21 7 7 7 18 1 1 1 3 3 3 3 3 18 0 0 0 0 0 15 15 15 15 15 10 10 10 10 12 12 12 12 16 16 16 16 15 15 15 15 15 11 11 11 