16
100
2
6 6 6 6 6 6 7 7 9 9 9 9 9 9 9 9 9 10 10 13 13 13 13 17 17 17 17 19 19 19 19 19 19 19 19 19 19 19 21 21 21 21 21 25 25 25 25 30 30 30 30 35 35 35 35 35 35 35 35 35 38 38 40 40 40 40 40 40 40 40 47 47 47 47 47 47 48 48 48 48 48 48 48 48 48 48 48 48 48 48 48 48 48 49 49 49 49 49 49 49 49 49 50 50 50 50 50 50 50 50 50 50 50 50 50 50 50 50 53 53 53 53 53 53 53 53 53 54 54 54 54 55 55 55 55 55 55 55 55 55 56 56 56 56 56 56 56 56 59 59 59 59 59 59 59 59 59 59 59 59 59 59 59 59 59 59 61 61 61 61 66 66 66 66 66 66 66 66 66 66 66 66 66 67 67 67 67 67 68 68 68 68 69 69 69 69 69 69 69 69 
70 71 72 73 74 75 60 61 93 94 95 96 97 98 99 100 101 36 37 23 24 25 26 19 20 21 22 183 184 185 186 187 43 44 45 46 17 18 148 149 150 151 152 32 33 34 35 127 128 129 130 76 77 78 79 80 81 82 83 84 6 7 110 111 112 113 114 115 116 117 0 1 2 3 4 5 51 52 53 54 55 56 57 58 59 140 141 142 143 144 145 146 147 8 9 10 11 12 13 14 15 16 192 193 194 195 196 197 198 199 62 63 64 65 66 67 68 69 131 132 133 134 135 136 137 138 139 47 48 49 50 118 119 120 121 122 123 124 125 126 85 86 87 88 89 90 91 92 38 39 40 41 42 170 171 172 173 174 175 176 177 178 179 180 181 182 188 189 190 191 153 154 155 156 157 158 159 160 161 162 163 164 165 27 28 29 30 31 166 167 168 169 102 103 104 105 106 107 108 109 
589 589 589 589 589 589 937 937 869 869 869 869 869 869 869 869 869 524 524 328 328 328 328 328 328 328 328 991 991 991 991 991 244 244 244 244 524 524 517 517 517 517 517 244 244 244 244 185 185 185 185 155 155 155 155 155 155 155 155 155 937 937 720 720 720 720 720 720 720 720 589 589 589 589 589 589 155 155 155 155 155 155 155 155 155 669 669 669 669 669 669 669 669 869 869 869 869 869 869 869 869 869 957 957 957 957 957 957 957 957 720 720 720 720 720 720 720 720 506 506 506 506 506 506 506 506 506 185 185 185 185 506 506 506 506 506 506 506 506 506 669 669 669 669 669 669 669 669 517 517 517 517 517 850 850 850 850 850 850 850 850 850 850 850 850 850 816 816 816 816 850 850 850 850 850 850 850 850 850 850 850 850 850 991 991 991 991 991 816 816 816 816 957 957 957 957 957 957 957 957 
0 1 2 3 4 5 6 7 8 9 10 11 12 13 14 15 16 17 18 19 20 21 22 19 20 21 22 23 24 25 26 27 28 29 30 31 17 18 32 33 34 35 36 28 29 30 31 37 38 39 40 41 42 43 44 45 46 47 48 49 6 7 50 51 52 53 54 55 56 57 0 1 2 3 4 5 41 42 43 44 45 46 47 48 49 58 59 60 61 62 63 64 65 8 9 10 11 12 13 14 15 16 66 67 68 69 70 71 72 73 50 51 52 53 54 55 56 57 74 75 76 77 78 79 80 81 82 37 38 39 40 74 75 76 77 78 79 80 81 82 58 59 60 61 62 63 64 65 32 33 34 35 36 83 84 85 86 87 88 89 90 91 92 93 94 95 96 97 98 99 83 84 85 86 87 88 89 90 91 92 93 94 95 23 24 25 26 27 96 97 98 99 66 67 68 69 70 71 72 73 
63876
16
5 4 8 4 4 8 6 4 9 2 9 8 2 5 9 13 
19 13 50 61 30 40 6 19 35 7 9 48 10 21 53 59 
67 17 69 68 54 50 47 25 48 38 49 56 19 59 55 66 
991 328 957 816 185 720 589 244 155 937 869 669 524 517 506 850 
6 6 6 6 6 6 9 9 10 10 10 10 10 10 10 10 10 12 12 1 1 1 1 1 1 1 1 0 0 0 0 0 7 7 7 7 12 12 13 13 13 13 13 7 7 7 7 4 4 4 4 8 8 8 8 8 8 8 8 8 9 9 5 5 5 5 5 5 5 5 6 6 6 6 6 6 8 8 8 8 8 8 8 8 8 11 11 11 11 11 11 11 11 10 10 10 10 10 10 10 10 10 2 2 2 2 2 2 2 2 5 5 5 5 5 5 5 5 14 14 14 14 14 14 14 14 14 4 4 4 4 14 14 14 14 14 14 14 14 14 11 11 11 11 11 11 11 11 13 13 13 13 13 15 15 15 15 15 15 15 15 15 15 15 15 15 3 3 3 3 15 15 15 15 15 15 15 15 15 15 15 15 15 0 0 0 0 0 3 3 3 3 2 2 2 2 2 2 2 2 