324
100
2
2 2 2 2 2 2 2 2 2 2 4 4 4 4 4 4 4 4 4 4 7 7 7 7 7 7 7 7 7 7 10 10 10 10 10 10 15 15 15 15 16 16 16 20 20 20 20 20 20 20 20 20 20 26 26 26 26 26 26 26 26 26 26 26 26 27 27 27 27 27 27 27 27 27 27 27 28 28 28 28 28 28 28 28 28 28 28 28 28 28 28 34 34 34 34 34 34 34 34 34 34 35 35 35 35 35 35 35 35 35 35 35 35 35 35 35 35 35 35 35 35 35 35 35 35 35 35 35 38 38 38 38 38 38 38 38 44 44 50 50 50 50 50 50 51 51 51 52 52 52 52 52 52 54 54 54 54 54 54 54 54 54 54 54 54 54 54 54 54 54 54 54 54 54 54 54 54 54 54 57 57 57 57 57 57 58 58 58 58 58 58 58 58 58 58 58 58 58 58 58 
10 11 12 13 14 15 16 17 18 19 0 1 2 3 4 5 6 7 8 9 43 44 45 46 47 48 49 50 51 52 179 180 181 182 183 184 97 98 99 100 94 95 96 20 21 22 23 24 25 26 27 28 29 158 159 160 161 162 163 164 165 166 167 168 169 138 139 140 141 142 143 153 154 155 156 157 185 186 187 188 189 190 191 192 193 194 195 196 197 198 199 144 145 146 40 41 42 36 37 38 39 102 101 104 103 106 105 108 107 110 109 112 111 114 113 116 115 118 117 170 171 172 173 174 175 176 177 178 136 137 147 148 149 150 151 152 128 129 65 66 67 68 69 70 91 92 93 130 131 132 133 134 135 71 72 73 74 75 53 54 55 56 57 58 59 60 61 62 63 64 119 120 121 122 123 124 125 126 127 30 31 32 33 34 35 76 77 78 79 80 81 82 83 84 85 86 87 88 89 90 
556 556 556 556 556 556 556 556 556 556 556 556 556 556 556 556 556 556 556 556 372 372 372 372 372 372 372 372 372 372 230 230 230 230 230 230 541 541 541 541 390 390 390 372 372 372 372 372 372 372 372 372 372 343 343 343 343 343 343 343 343 343 343 343 343 797 797 797 797 797 797 182 182 182 182 182 592 592 592 592 592 592 592 592 592 592 592 592 592 592 592 750 750 750 390 390 390 541 541 541 541 944 944 944 944 944 944 944 944 944 944 944 944 944 944 944 944 944 944 175 175 175 175 175 175 175 175 175 771 771 334 334 334 334 334 334 771 771 797 797 797 797 797 797 750 750 750 334 334 334 334 334 334 182 182 182 182 182 343 343 343 343 343 343 343 343 343 343 343 343 175 175 175 175 175 175 175 175 175 230 230 230 230 230 230 592 592 592 592 592 592 592 592 592 592 592 592 592 592 592 
0 1 2 3 4 5 6 7 8 9 0 1 2 3 4 5 6 7 8 9 10 11 12 13 14 15 16 17 18 19 20 21 22 23 24 25 26 27 28 29 30 31 32 10 11 12 13 14 15 16 17 18 19 33 34 35 36 37 38 39 40 41 42 43 44 45 46 47 48 49 50 51 52 53 54 55 56 57 58 59 60 61 62 63 64 65 66 67 68 69 70 71 72 73 30 31 32 26 27 28 29 74 74 75 75 76 76 77 77 78 78 79 79 80 80 81 81 82 82 83 84 85 86 87 88 89 90 91 92 93 94 95 96 97 98 99 92 93 45 46 47 48 49 50 71 72 73 94 95 96 97 98 99 51 52 53 54 55 33 34 35 36 37 38 39 40 41 42 43 44 83 84 85 86 87 88 89 90 91 20 21 22 23 24 25 56 57 58 59 60 61 62 63 64 65 66 67 68 69 70 
48549
14
9 6 2 6 5 3 3 10 4 12 6 15 10 9 
35 27 38 10 27 34 16 7 15 26 38 28 2 35 
35 50 44 57 54 51 34 20 34 54 52 58 4 54 
944 797 771 230 182 750 390 372 541 343 334 592 556 175 
12 12 12 12 12 12 12 12 12 12 12 12 12 12 12 12 12 12 12 12 7 7 7 7 7 7 7 7 7 7 3 3 3 3 3 3 8 8 8 8 6 6 6 7 7 7 7 7 7 7 7 7 7 9 9 9 9 9 9 9 9 9 9 9 9 1 1 1 1 1 1 4 4 4 4 4 11 11 11 11 11 11 11 11 11 11 11 11 11 11 11 5 5 5 6 6 6 8 8 8 8 0 0 0 0 0 0 0 0 0 0 0 0 0 0 0 0 0 0 13 13 13 13 13 13 13 13 13 2 2 10 10 10 10 10 10 2 2 1 1 1 1 1 1 5 5 5 10 10 10 10 10 10 4 4 4 4 4 9 9 9 9 9 9 9 9 9 9 9 9 13 13 13 13 13 13 13 13 13 3 3 3 3 3 3 11 11 11 11 11 11 11 11 11 11 11 11 11 11 11 