925
100
2
3 3 3 3 4 4 4 4 5 5 5 5 6 6 6 8 8 8 9 9 9 9 9 10 10 10 10 11 11 11 11 11 11 12 12 12 12 15 16 16 16 16 16 16 16 18 19 19 19 19 21 21 21 26 26 26 26 26 26 27 27 27 28 28 28 28 28 28 28 28 28 28 28 28 28 28 28 28 28 28 28 29 29 29 29 29 29 33 33 33 33 33 33 33 33 33 33 33 33 33 33 33 33 33 33 34 34 34 34 34 34 34 34 34 35 35 35 35 35 35 36 36 36 36 36 38 38 38 40 40 40 40 40 40 40 40 42 42 42 42 43 43 43 44 44 45 45 45 45 45 45 48 48 48 48 48 48 53 53 53 53 53 53 57 57 57 57 57 57 62 62 62 62 62 62 62 64 64 65 65 65 65 65 65 66 66 66 66 66 70 70 70 70 70 70 70 70 70 70 70 
23 24 25 26 12 13 14 37 127 160 161 162 4 5 6 59 60 61 195 196 197 198 199 0 1 2 3 145 146 147 148 149 150 121 122 123 124 7 178 179 180 181 182 183 177 120 136 137 138 139 157 158 159 128 129 130 131 132 133 15 16 17 176 87 88 89 90 91 92 93 94 95 96 97 98 99 100 101 102 103 104 108 109 110 111 112 113 63 64 65 66 67 68 69 70 71 72 73 74 75 76 77 78 79 80 140 141 142 81 82 83 84 85 86 151 152 153 154 155 156 45 33 34 35 36 143 144 8 53 54 55 56 57 58 169 170 46 47 48 49 105 106 107 125 126 27 28 29 30 31 32 114 115 116 117 118 119 50 51 52 9 10 11 189 190 191 192 193 194 134 135 184 185 186 187 188 62 44 38 39 40 41 42 43 171 172 173 174 175 163 164 165 166 167 168 18 19 20 21 22 
172 172 172 172 444 444 444 846 203 559 559 559 444 444 444 635 635 635 940 940 940 940 940 172 172 172 172 843 843 843 843 843 843 564 564 564 564 846 524 524 524 524 524 524 973 558 593 593 593 593 618 618 618 428 428 428 428 428 428 635 635 635 365 637 637 637 637 637 637 637 637 637 637 637 637 637 637 637 637 637 637 253 253 253 253 253 253 637 637 637 637 637 637 637 637 637 637 637 637 637 637 637 637 637 637 957 957 957 253 253 253 253 253 253 713 713 713 713 713 713 558 564 564 564 564 718 718 203 428 428 428 428 428 428 451 451 593 593 593 593 957 957 957 718 718 843 843 843 843 843 843 713 713 713 713 713 713 618 618 618 559 559 559 994 994 994 994 994 994 451 451 475 475 475 475 475 365 973 524 524 524 524 524 524 475 475 475 475 475 994 994 994 994 994 994 940 940 940 940 940 
0 1 2 3 4 5 6 7 8 9 10 11 4 5 6 12 13 14 15 16 17 18 19 0 1 2 3 20 21 22 23 24 25 26 27 28 29 7 30 31 32 33 34 35 36 37 38 39 40 41 42 43 44 45 46 47 48 49 50 12 13 14 51 52 53 54 55 56 57 58 59 60 61 62 63 64 65 66 67 68 69 70 71 72 73 74 75 52 53 54 55 56 57 58 59 60 61 62 63 64 65 66 67 68 69 76 77 78 70 71 72 73 74 75 79 80 81 82 83 84 37 26 27 28 29 85 86 8 45 46 47 48 49 50 87 88 38 39 40 41 76 77 78 85 86 20 21 22 23 24 25 79 80 81 82 83 84 42 43 44 9 10 11 89 90 91 92 93 94 87 88 95 96 97 98 99 51 36 30 31 32 33 34 35 95 96 97 98 99 89 90 91 92 93 94 15 16 17 18 19 
61309
24
4 6 3 3 2 1 3 3 3 1 1 6 1 1 6 2 6 5 4 6 6 4 5 18 
3 26 21 34 38 5 8 5 4 18 4 16 28 16 35 40 11 62 12 57 29 19 9 28 
10 40 53 43 44 38 27 53 6 36 15 65 64 64 48 62 45 66 36 70 34 42 70 33 
172 428 618 957 718 203 635 559 444 558 846 524 365 973 713 451 843 475 564 994 253 593 940 637 
0 0 0 0 8 8 8 10 5 7 7 7 8 8 8 6 6 6 22 22 22 22 22 0 0 0 0 16 16 16 16 16 16 18 18 18 18 10 11 11 11 11 11 11 13 9 21 21 21 21 2 2 2 1 1 1 1 1 1 6 6 6 12 23 23 23 23 23 23 23 23 23 23 23 23 23 23 23 23 23 23 20 20 20 20 20 20 23 23 23 23 23 23 23 23 23 23 23 23 23 23 23 23 23 23 3 3 3 20 20 20 20 20 20 14 14 14 14 14 14 9 18 18 18 18 4 4 5 1 1 1 1 1 1 15 15 21 21 21 21 3 3 3 4 4 16 16 16 16 16 16 14 14 14 14 14 14 2 2 2 7 7 7 19 19 19 19 19 19 15 15 17 17 17 17 17 12 13 11 11 11 11 11 11 17 17 17 17 17 19 19 19 19 19 19 22 22 22 22 22 