806
100
2
7 7 9 9 9 9 9 9 9 9 16 16 16 16 16 16 16 16 16 21 21 21 21 21 21 21 21 21 21 22 22 22 22 22 22 22 22 22 22 24 24 24 24 24 24 24 24 24 28 28 28 28 28 28 28 28 28 28 28 28 28 28 28 30 30 30 30 30 30 30 33 33 33 33 33 33 33 33 33 33 34 34 34 34 34 34 34 34 34 34 35 35 35 35 35 35 35 38 38 38 38 38 38 41 41 41 41 41 41 42 42 42 42 42 42 46 46 46 46 46 46 52 52 52 52 52 52 52 52 52 52 56 56 56 56 56 56 56 56 56 56 58 58 58 58 58 58 58 58 58 58 60 60 60 60 60 60 60 60 63 63 63 63 63 63 63 64 64 66 66 66 66 66 66 66 66 66 66 68 68 68 68 68 70 70 70 70 70 70 70 70 70 70 70 70 70 70 70 70 70 
166 167 151 152 153 154 155 156 157 158 39 40 41 42 43 44 45 46 47 141 142 143 144 145 146 147 148 149 150 70 71 72 73 74 75 76 77 78 79 10 11 12 13 14 15 16 17 18 80 81 82 83 84 85 86 87 88 89 178 179 180 181 182 193 194 195 196 197 198 199 29 30 31 32 33 34 35 36 37 38 48 49 50 51 52 53 54 55 56 57 159 160 161 162 163 164 165 103 104 105 106 107 108 97 98 99 100 101 102 115 116 117 118 119 120 109 110 111 112 113 114 131 132 133 134 135 136 137 138 139 140 121 122 123 124 125 126 127 128 129 130 19 20 21 22 23 24 25 26 27 28 2 3 4 5 6 7 8 9 90 91 92 93 94 95 96 0 1 183 184 185 186 187 188 189 190 191 192 58 59 60 61 62 168 169 170 171 172 173 174 175 176 177 63 64 65 66 67 68 69 
489 489 434 434 434 434 434 434 434 434 578 578 578 578 578 578 578 578 578 229 229 229 229 229 229 229 229 229 229 722 722 722 722 722 722 722 722 722 722 578 578 578 578 578 578 578 578 578 252 252 252 252 252 252 252 252 252 252 839 839 839 839 839 307 307 307 307 307 307 307 722 722 722 722 722 722 722 722 722 722 252 252 252 252 252 252 252 252 252 252 500 500 500 500 500 500 500 240 240 240 240 240 240 240 240 240 240 240 240 775 775 775 775 775 775 775 775 775 775 775 775 659 659 659 659 659 659 659 659 659 659 659 659 659 659 659 659 659 659 659 659 229 229 229 229 229 229 229 229 229 229 434 434 434 434 434 434 434 434 500 500 500 500 500 500 500 489 489 877 877 877 877 877 877 877 877 877 877 839 839 839 839 839 877 877 877 877 877 877 877 877 877 877 307 307 307 307 307 307 307 
0 1 2 3 4 5 6 7 8 9 10 11 12 13 14 15 16 17 18 19 20 21 22 23 24 25 26 27 28 29 30 31 32 33 34 35 36 37 38 10 11 12 13 14 15 16 17 18 39 40 41 42 43 44 45 46 47 48 49 50 51 52 53 54 55 56 57 58 59 60 29 30 31 32 33 34 35 36 37 38 39 40 41 42 43 44 45 46 47 48 61 62 63 64 65 66 67 68 69 70 71 72 73 68 69 70 71 72 73 74 75 76 77 78 79 74 75 76 77 78 79 80 81 82 83 84 85 86 87 88 89 80 81 82 83 84 85 86 87 88 89 19 20 21 22 23 24 25 26 27 28 2 3 4 5 6 7 8 9 61 62 63 64 65 66 67 0 1 90 91 92 93 94 95 96 97 98 99 49 50 51 52 53 90 91 92 93 94 95 96 97 98 99 54 55 56 57 58 59 60 
52976
13
7 2 10 10 10 9 10 5 8 6 10 7 6 
35 7 66 28 22 16 21 28 9 38 52 30 42 
63 64 70 34 33 24 58 68 60 41 56 70 46 
500 489 877 252 722 578 229 839 434 240 659 307 775 
1 1 8 8 8 8 8 8 8 8 5 5 5 5 5 5 5 5 5 6 6 6 6 6 6 6 6 6 6 4 4 4 4 4 4 4 4 4 4 5 5 5 5 5 5 5 5 5 3 3 3 3 3 3 3 3 3 3 7 7 7 7 7 11 11 11 11 11 11 11 4 4 4 4 4 4 4 4 4 4 3 3 3 3 3 3 3 3 3 3 0 0 0 0 0 0 0 9 9 9 9 9 9 9 9 9 9 9 9 12 12 12 12 12 12 12 12 12 12 12 12 10 10 10 10 10 10 10 10 10 10 10 10 10 10 10 10 10 10 10 10 6 6 6 6 6 6 6 6 6 6 8 8 8 8 8 8 8 8 0 0 0 0 0 0 0 1 1 2 2 2 2 2 2 2 2 2 2 7 7 7 7 7 2 2 2 2 2 2 2 2 2 2 11 11 11 11 11 11 11 