74
100
2
3 4 4 4 4 4 4 4 4 5 5 5 5 5 5 5 5 5 5 5 5 5 5 8 8 8 8 8 8 8 11 11 11 11 11 11 11 11 11 13 13 13 13 13 13 14 14 14 16 18 18 18 18 21 21 21 21 21 21 21 21 21 21 21 21 21 21 21 23 23 23 23 23 23 23 23 24 24 25 25 25 25 25 29 29 29 29 29 29 33 33 41 41 41 41 41 41 42 42 42 42 42 44 44 44 46 46 46 46 46 46 46 46 48 48 48 48 48 48 48 48 48 48 49 49 49 49 49 49 49 49 50 50 50 50 50 50 50 50 50 50 50 50 50 50 50 50 50 50 51 51 51 51 51 51 51 51 53 53 53 53 53 53 53 53 53 54 54 54 54 54 56 56 56 56 56 56 56 56 56 66 66 66 66 66 66 67 67 67 67 68 68 68 68 69 69 69 69 69 69 
48 105 106 107 108 109 110 111 112 135 136 137 138 139 140 141 142 143 144 145 146 147 148 116 117 118 119 120 121 122 53 54 55 56 57 58 59 60 61 91 92 93 94 95 96 113 114 115 0 186 187 188 189 30 31 32 33 34 35 36 37 38 194 195 196 197 198 199 149 150 151 152 153 154 155 156 89 90 166 167 168 169 170 180 181 182 183 184 185 76 77 39 40 41 42 43 44 123 124 125 126 127 128 129 130 1 2 3 4 5 6 7 8 45 46 47 23 24 25 26 27 28 29 97 98 99 100 101 102 103 104 190 191 192 193 9 10 11 12 13 14 15 16 17 18 19 20 21 22 68 69 70 71 72 73 74 75 171 172 173 174 175 176 177 178 179 78 79 80 81 82 157 158 159 160 161 162 163 164 165 83 84 85 86 87 88 49 50 51 52 131 132 133 134 62 63 64 65 66 67 
311 363 363 363 363 363 363 363 363 386 386 386 386 386 386 386 386 386 386 386 386 386 386 448 448 448 448 448 448 448 424 424 424 424 424 424 424 424 424 738 738 738 738 738 738 409 409 409 311 170 170 170 170 424 424 424 424 424 424 424 424 424 397 397 397 397 397 397 190 190 190 190 190 190 190 190 186 186 231 231 231 231 231 827 827 827 827 827 827 186 186 738 738 738 738 738 738 289 289 289 289 289 761 761 761 363 363 363 363 363 363 363 363 409 409 409 448 448 448 448 448 448 448 289 289 289 289 289 761 761 761 796 796 796 796 386 386 386 386 386 386 386 386 386 386 386 386 386 386 190 190 190 190 190 190 190 190 884 884 884 884 884 884 884 884 884 231 231 231 231 231 884 884 884 884 884 884 884 884 884 827 827 827 827 827 827 170 170 170 170 796 796 796 796 397 397 397 397 397 397 
0 1 2 3 4 5 6 7 8 9 10 11 12 13 14 15 16 17 18 19 20 21 22 23 24 25 26 27 28 29 30 31 32 33 34 35 36 37 38 39 40 41 42 43 44 45 46 47 0 48 49 50 51 30 31 32 33 34 35 36 37 38 52 53 54 55 56 57 58 59 60 61 62 63 64 65 66 67 68 69 70 71 72 73 74 75 76 77 78 66 67 39 40 41 42 43 44 79 80 81 82 83 84 85 86 1 2 3 4 5 6 7 8 45 46 47 23 24 25 26 27 28 29 79 80 81 82 83 84 85 86 87 88 89 90 9 10 11 12 13 14 15 16 17 18 19 20 21 22 58 59 60 61 62 63 64 65 91 92 93 94 95 96 97 98 99 68 69 70 71 72 91 92 93 94 95 96 97 98 99 73 74 75 76 77 78 48 49 50 51 87 88 89 90 52 53 54 55 56 57 
47165
17
5 9 5 6 3 3 4 6 2 8 9 1 4 7 6 8 14 
42 11 25 29 44 14 50 21 24 23 53 3 18 8 13 4 5 
49 21 54 66 49 48 68 69 33 51 56 16 67 48 41 46 50 
289 424 231 827 761 409 796 397 186 190 884 311 170 448 738 363 386 
11 15 15 15 15 15 15 15 15 16 16 16 16 16 16 16 16 16 16 16 16 16 16 13 13 13 13 13 13 13 1 1 1 1 1 1 1 1 1 14 14 14 14 14 14 5 5 5 11 12 12 12 12 1 1 1 1 1 1 1 1 1 7 7 7 7 7 7 9 9 9 9 9 9 9 9 8 8 2 2 2 2 2 3 3 3 3 3 3 8 8 14 14 14 14 14 14 0 0 0 0 0 4 4 4 15 15 15 15 15 15 15 15 5 5 5 13 13 13 13 13 13 13 0 0 0 0 0 4 4 4 6 6 6 6 16 16 16 16 16 16 16 16 16 16 16 16 16 16 9 9 9 9 9 9 9 9 10 10 10 10 10 10 10 10 10 2 2 2 2 2 10 10 10 10 10 10 10 10 10 3 3 3 3 3 3 12 12 12 12 6 6 6 6 7 7 7 7 7 7 