680
100
2
1 1 1 1 1 1 1 1 1 1 2 2 2 5 5 5 5 5 5 5 5 5 5 5 5 5 5 7 7 8 8 8 8 8 8 8 8 9 9 9 9 9 10 10 10 12 12 12 12 12 12 12 12 12 12 13 13 14 14 14 14 14 14 14 15 15 15 15 15 15 16 16 16 17 17 17 20 20 20 20 20 21 21 21 21 22 22 22 22 22 22 25 25 27 27 27 27 28 28 36 36 37 37 37 37 37 37 37 37 37 37 39 39 39 39 39 39 39 40 40 40 40 42 42 42 42 47 47 47 47 47 47 47 47 47 47 47 47 47 48 48 48 49 49 49 51 51 52 52 52 52 52 52 52 53 53 53 53 53 53 53 53 53 53 53 53 53 54 54 54 54 54 54 54 56 56 56 56 56 56 56 56 63 63 63 63 65 65 65 65 65 67 67 67 67 67 67 67 70 70 
182 183 184 185 85 86 87 88 89 90 70 71 72 29 30 31 32 33 34 35 36 122 123 124 125 27 28 25 26 13 14 15 16 17 18 19 20 76 77 78 79 80 67 68 69 73 74 75 147 148 149 150 151 152 153 198 199 191 192 193 194 195 196 197 101 102 103 42 43 44 10 11 12 45 46 47 37 38 39 40 41 111 112 113 114 4 5 6 7 8 9 97 98 118 119 120 121 91 92 145 146 64 65 66 167 168 169 170 171 172 173 81 82 83 84 174 175 176 93 94 95 96 21 22 23 24 154 155 156 157 158 159 160 161 162 163 164 165 166 142 143 144 139 140 141 99 100 48 49 50 51 52 53 54 126 127 128 129 130 131 132 133 134 135 136 137 138 104 105 106 107 108 109 110 115 116 117 186 187 188 189 190 0 1 2 3 177 178 179 180 181 57 58 59 60 61 62 63 55 56 
918 918 918 918 952 952 952 952 952 952 420 420 420 495 495 495 495 495 495 495 495 666 666 666 666 328 328 328 328 495 495 495 495 495 495 495 495 656 656 656 656 656 489 489 489 542 542 542 249 249 249 249 249 249 249 694 694 669 669 669 669 669 669 669 552 552 552 489 489 489 420 420 420 542 542 542 656 656 656 656 656 839 839 839 839 952 952 952 952 952 952 287 287 361 361 361 361 287 287 297 297 552 552 552 516 516 516 516 516 516 516 839 839 839 839 557 557 557 361 361 361 361 666 666 666 666 329 329 329 329 329 329 329 329 329 329 329 329 329 493 493 493 493 493 493 297 297 249 249 249 249 249 249 249 329 329 329 329 329 329 329 329 329 329 329 329 329 516 516 516 516 516 516 516 557 557 557 188 188 188 188 188 918 918 918 918 188 188 188 188 188 669 669 669 669 669 669 669 694 694 
0 1 2 3 4 5 6 7 8 9 10 11 12 13 14 15 16 17 18 19 20 21 22 23 24 25 26 25 26 13 14 15 16 17 18 19 20 27 28 29 30 31 32 33 34 35 36 37 38 39 40 41 42 43 44 45 46 47 48 49 50 51 52 53 54 55 56 32 33 34 10 11 12 35 36 37 27 28 29 30 31 57 58 59 60 4 5 6 7 8 9 61 62 63 64 65 66 61 62 67 68 54 55 56 69 70 71 72 73 74 75 57 58 59 60 76 77 78 63 64 65 66 21 22 23 24 79 80 81 82 83 84 85 86 87 88 89 90 91 92 93 94 92 93 94 67 68 38 39 40 41 42 43 44 79 80 81 82 83 84 85 86 87 88 89 90 91 69 70 71 72 73 74 75 76 77 78 95 96 97 98 99 0 1 2 3 95 96 97 98 99 47 48 49 50 51 52 53 45 46 
51714
22
3 4 4 3 7 7 3 8 3 2 6 4 4 2 3 7 2 2 5 5 3 13 
15 21 1 2 37 14 12 5 10 36 1 5 27 5 39 12 25 13 9 56 48 47 
37 39 63 16 54 67 17 8 15 51 22 42 40 7 56 52 28 70 20 65 49 53 
552 839 918 420 516 669 542 495 489 297 952 666 361 328 557 249 287 694 656 188 493 329 
2 2 2 2 10 10 10 10 10 10 3 3 3 7 7 7 7 7 7 7 7 11 11 11 11 13 13 13 13 7 7 7 7 7 7 7 7 18 18 18 18 18 8 8 8 6 6 6 15 15 15 15 15 15 15 17 17 5 5 5 5 5 5 5 0 0 0 8 8 8 3 3 3 6 6 6 18 18 18 18 18 1 1 1 1 10 10 10 10 10 10 16 16 12 12 12 12 16 16 9 9 0 0 0 4 4 4 4 4 4 4 1 1 1 1 14 14 14 12 12 12 12 11 11 11 11 21 21 21 21 21 21 21 21 21 21 21 21 21 20 20 20 20 20 20 9 9 15 15 15 15 15 15 15 21 21 21 21 21 21 21 21 21 21 21 21 21 4 4 4 4 4 4 4 14 14 14 19 19 19 19 19 2 2 2 2 19 19 19 19 19 5 5 5 5 5 5 5 17 17 