254
100
2
3 3 3 3 3 3 3 3 3 3 6 6 6 6 8 8 8 8 8 8 8 18 18 18 18 18 18 18 18 18 18 18 18 18 18 18 22 22 22 22 23 23 23 23 24 24 24 24 24 24 24 24 26 26 26 27 27 27 27 27 27 27 27 27 27 27 27 27 27 27 28 28 28 28 28 33 33 33 33 33 33 33 33 33 33 33 33 36 36 36 36 36 36 36 36 36 36 37 37 37 37 37 37 37 37 39 39 39 40 40 40 45 45 45 45 45 45 45 45 49 49 49 49 50 50 50 50 50 50 50 52 52 52 52 52 52 52 52 52 54 54 54 54 54 54 54 55 55 55 55 55 55 55 55 55 55 55 55 55 55 55 55 55 59 59 59 60 60 60 60 61 61 61 61 61 61 61 62 62 65 65 65 65 66 66 66 66 66 66 66 66 70 70 70 70 70 70 70 70 70 
87 88 89 90 91 92 93 94 95 96 48 49 50 51 170 171 172 173 174 175 176 148 149 150 151 152 153 154 155 156 157 158 159 160 161 162 135 136 137 138 119 120 121 122 166 167 168 169 10 11 12 13 108 109 110 179 180 181 182 183 184 185 186 187 188 189 190 105 106 107 130 131 132 133 134 191 192 193 194 195 196 197 198 199 163 164 165 0 1 2 3 4 5 6 7 8 9 111 112 113 114 115 116 117 118 67 68 69 52 53 54 97 98 99 100 101 102 103 104 40 41 42 43 139 140 141 142 143 144 145 70 71 72 73 74 36 37 38 39 123 124 125 126 127 128 129 177 178 21 22 23 24 25 26 27 28 29 30 31 32 33 34 35 84 85 86 44 45 46 47 14 15 16 17 18 19 20 146 147 55 56 57 58 59 60 61 62 63 64 65 66 75 76 77 78 79 80 81 82 83 
707 707 707 707 707 707 707 707 707 707 615 615 615 615 908 908 908 908 908 908 908 995 995 995 995 995 995 995 995 995 995 995 995 995 995 995 857 857 857 857 553 553 553 553 468 468 468 468 615 615 615 615 418 418 418 713 713 713 713 343 343 343 343 343 343 343 343 533 533 533 752 752 752 752 752 529 529 529 529 529 529 529 529 529 859 859 859 707 707 707 707 707 707 707 707 707 707 691 691 691 691 691 691 691 691 533 533 533 418 418 418 691 691 691 691 691 691 691 691 553 553 553 553 212 212 212 212 212 212 212 752 752 752 752 752 857 857 857 857 212 212 212 212 212 212 212 788 788 995 995 995 995 995 995 995 995 995 995 995 995 995 995 995 859 859 859 468 468 468 468 908 908 908 908 908 908 908 788 788 713 713 713 713 343 343 343 343 343 343 343 343 529 529 529 529 529 529 529 529 529 
0 1 2 3 4 5 6 7 8 9 10 11 12 13 14 15 16 17 18 19 20 21 22 23 24 25 26 27 28 29 30 31 32 33 34 35 36 37 38 39 40 41 42 43 44 45 46 47 10 11 12 13 48 49 50 51 52 53 54 55 56 57 58 59 60 61 62 63 64 65 66 67 68 69 70 71 72 73 74 75 76 77 78 79 80 81 82 0 1 2 3 4 5 6 7 8 9 83 84 85 86 87 88 89 90 63 64 65 48 49 50 83 84 85 86 87 88 89 90 40 41 42 43 91 92 93 94 95 96 97 66 67 68 69 70 36 37 38 39 91 92 93 94 95 96 97 98 99 21 22 23 24 25 26 27 28 29 30 31 32 33 34 35 80 81 82 44 45 46 47 14 15 16 17 18 19 20 98 99 51 52 53 54 55 56 57 58 59 60 61 62 71 72 73 74 75 76 77 78 79 
66458
17
7 3 7 4 9 5 4 4 4 2 3 8 4 8 10 3 15 
8 26 50 23 33 28 27 22 24 55 33 37 6 27 3 27 18 
61 40 54 49 70 52 65 52 60 62 59 45 24 66 36 39 55 
908 418 212 553 529 752 713 857 468 788 859 691 615 343 707 533 995 
14 14 14 14 14 14 14 14 14 14 12 12 12 12 0 0 0 0 0 0 0 16 16 16 16 16 16 16 16 16 16 16 16 16 16 16 7 7 7 7 3 3 3 3 8 8 8 8 12 12 12 12 1 1 1 6 6 6 6 13 13 13 13 13 13 13 13 15 15 15 5 5 5 5 5 4 4 4 4 4 4 4 4 4 10 10 10 14 14 14 14 14 14 14 14 14 14 11 11 11 11 11 11 11 11 15 15 15 1 1 1 11 11 11 11 11 11 11 11 3 3 3 3 2 2 2 2 2 2 2 5 5 5 5 5 7 7 7 7 2 2 2 2 2 2 2 9 9 16 16 16 16 16 16 16 16 16 16 16 16 16 16 16 10 10 10 8 8 8 8 0 0 0 0 0 0 0 9 9 6 6 6 6 13 13 13 13 13 13 13 13 4 4 4 4 4 4 4 4 4 