369
100
2
3 3 3 3 3 3 3 3 3 3 3 3 4 4 4 4 4 4 4 4 4 4 4 4 5 5 5 5 5 5 8 8 8 8 8 8 8 8 8 8 8 8 8 8 8 12 12 12 12 12 12 12 12 12 12 12 13 13 13 13 13 13 13 13 13 13 14 14 14 14 14 14 15 15 15 15 15 15 15 15 15 15 18 18 18 19 19 19 19 19 19 19 19 19 22 22 22 22 22 22 22 23 23 23 23 23 23 23 23 23 26 26 26 26 26 26 26 27 27 27 27 27 27 28 28 28 28 28 28 28 28 29 29 29 29 29 30 30 30 30 30 32 32 32 32 32 32 37 37 37 37 37 37 37 37 37 37 37 37 37 37 37 37 37 39 39 39 39 39 39 45 45 45 45 45 45 45 45 45 45 45 47 47 47 47 47 48 48 48 48 48 48 57 57 63 63 63 63 63 63 
12 13 14 15 16 17 18 19 20 21 22 23 0 1 2 3 4 5 6 7 8 9 10 11 141 142 143 144 145 146 149 150 151 152 153 154 155 156 157 158 159 160 161 162 163 136 137 138 139 140 66 67 68 69 70 71 72 73 74 75 76 77 78 79 80 81 50 51 52 53 54 55 56 57 58 59 60 61 62 63 64 65 170 171 172 101 102 103 104 105 106 107 108 109 110 111 112 113 114 115 116 85 86 87 88 89 90 91 92 93 94 95 96 97 98 99 100 194 195 196 197 198 199 173 174 175 176 177 178 179 180 181 182 183 184 185 45 46 47 48 49 24 25 26 27 28 29 192 193 30 31 32 33 34 35 36 37 38 39 40 41 42 43 44 186 187 188 189 190 191 82 83 84 123 124 125 126 127 128 129 130 131 132 133 134 135 164 165 166 167 168 169 147 148 117 118 119 120 121 122 
418 418 418 418 418 418 418 418 418 418 418 418 418 418 418 418 418 418 418 418 418 418 418 418 800 800 800 800 800 800 924 924 924 924 924 924 924 924 924 924 924 924 924 924 924 459 459 459 459 459 478 478 478 478 478 478 338 338 338 338 338 338 338 338 338 338 478 478 478 478 478 478 338 338 338 338 338 338 338 338 338 338 241 241 241 857 857 857 857 857 857 857 857 857 333 333 333 333 333 333 333 857 857 857 857 857 857 857 857 857 333 333 333 333 333 333 333 861 861 861 861 861 861 626 626 626 626 626 626 626 626 237 237 237 237 237 459 459 459 459 459 800 800 800 800 800 800 371 371 924 924 924 924 924 924 924 924 924 924 924 924 924 924 924 163 163 163 163 163 163 241 241 241 626 626 626 626 626 626 626 626 237 237 237 237 237 163 163 163 163 163 163 371 371 861 861 861 861 861 861 
0 1 2 3 4 5 6 7 8 9 10 11 0 1 2 3 4 5 6 7 8 9 10 11 12 13 14 15 16 17 18 19 20 21 22 23 24 25 26 27 28 29 30 31 32 33 34 35 36 37 38 39 40 41 42 43 44 45 46 47 48 49 50 51 52 53 38 39 40 41 42 43 44 45 46 47 48 49 50 51 52 53 54 55 56 57 58 59 60 61 62 63 64 65 66 67 68 69 70 71 72 57 58 59 60 61 62 63 64 65 66 67 68 69 70 71 72 73 74 75 76 77 78 79 80 81 82 83 84 85 86 87 88 89 90 91 33 34 35 36 37 12 13 14 15 16 17 92 93 18 19 20 21 22 23 24 25 26 27 28 29 30 31 32 94 95 96 97 98 99 54 55 56 79 80 81 82 83 84 85 86 87 88 89 90 91 94 95 96 97 98 99 92 93 73 74 75 76 77 78 
56065
14
5 12 3 7 9 6 2 5 10 8 6 6 6 15 
29 3 18 22 19 5 37 12 13 28 39 12 27 8 
47 4 45 26 23 32 57 30 15 45 48 14 63 37 
237 418 241 333 857 800 371 459 338 626 163 478 861 924 
1 1 1 1 1 1 1 1 1 1 1 1 1 1 1 1 1 1 1 1 1 1 1 1 5 5 5 5 5 5 13 13 13 13 13 13 13 13 13 13 13 13 13 13 13 7 7 7 7 7 11 11 11 11 11 11 8 8 8 8 8 8 8 8 8 8 11 11 11 11 11 11 8 8 8 8 8 8 8 8 8 8 2 2 2 4 4 4 4 4 4 4 4 4 3 3 3 3 3 3 3 4 4 4 4 4 4 4 4 4 3 3 3 3 3 3 3 12 12 12 12 12 12 9 9 9 9 9 9 9 9 0 0 0 0 0 7 7 7 7 7 5 5 5 5 5 5 6 6 13 13 13 13 13 13 13 13 13 13 13 13 13 13 13 10 10 10 10 10 10 2 2 2 9 9 9 9 9 9 9 9 0 0 0 0 0 10 10 10 10 10 10 6 6 12 12 12 12 12 12 