668
100
2
3 3 3 3 3 3 4 4 4 4 7 7 7 7 7 7 7 7 8 8 8 8 8 8 8 8 8 8 8 8 8 8 8 8 8 8 9 13 13 13 13 13 13 15 15 15 15 15 15 16 16 16 16 18 18 18 18 18 21 22 22 22 22 22 22 22 22 22 22 22 22 25 25 25 25 25 25 25 25 25 25 26 26 26 26 26 26 26 26 26 26 26 26 26 27 27 27 27 29 29 29 29 32 32 34 34 34 35 35 35 35 35 36 37 37 37 37 37 37 37 37 37 38 38 38 38 38 38 38 38 40 40 40 40 40 43 43 43 43 46 46 46 46 46 46 46 46 47 47 47 47 47 47 47 47 47 47 47 51 51 51 51 51 51 56 56 56 56 57 57 57 57 58 58 58 58 58 58 60 60 60 60 60 60 60 61 61 61 61 61 61 64 64 68 68 68 68 68 70 70 
43 44 45 147 148 149 164 165 166 167 53 54 141 142 143 144 145 146 193 194 195 196 197 81 82 83 84 85 86 87 88 89 90 91 92 93 118 124 125 126 127 128 129 0 1 2 55 56 57 168 169 170 171 10 11 46 47 48 112 172 173 174 135 136 137 138 180 181 182 183 184 130 131 132 133 134 113 114 115 116 117 23 24 25 26 27 28 29 30 31 32 33 34 35 98 99 100 101 94 95 96 97 122 123 150 151 152 153 154 155 156 157 58 76 77 78 79 80 36 175 176 177 102 103 37 38 39 40 41 42 71 72 73 74 75 62 63 64 65 178 179 12 13 14 15 16 17 3 4 5 104 105 106 107 108 109 110 111 185 186 187 188 189 190 6 7 8 9 49 50 51 52 59 60 61 119 120 121 139 140 66 67 68 69 70 158 159 160 161 162 163 198 199 18 19 20 21 22 191 192 
409 409 409 803 803 803 510 510 510 510 508 508 820 820 820 820 820 820 973 973 973 973 973 972 972 972 972 972 972 972 972 972 972 972 972 972 700 499 499 499 499 499 499 409 409 409 557 557 557 182 182 182 182 508 508 557 557 557 248 502 502 502 822 822 822 822 255 255 255 255 255 911 911 911 911 911 862 862 862 862 862 972 972 972 972 972 972 972 972 972 972 972 972 972 866 866 866 866 866 866 866 866 661 661 405 405 405 997 997 997 997 997 248 862 862 862 862 862 700 926 926 926 661 661 499 499 499 499 499 499 911 911 911 911 911 822 822 822 822 899 899 820 820 820 820 820 820 803 803 803 405 405 405 997 997 997 997 997 303 303 303 303 303 303 510 510 510 510 182 182 182 182 502 502 502 926 926 926 899 899 255 255 255 255 255 303 303 303 303 303 303 649 649 973 973 973 973 973 649 649 
0 1 2 3 4 5 6 7 8 9 10 11 12 13 14 15 16 17 18 19 20 21 22 23 24 25 26 27 28 29 30 31 32 33 34 35 36 37 38 39 40 41 42 0 1 2 43 44 45 46 47 48 49 10 11 43 44 45 50 51 52 53 54 55 56 57 58 59 60 61 62 63 64 65 66 67 68 69 70 71 72 23 24 25 26 27 28 29 30 31 32 33 34 35 73 74 75 76 73 74 75 76 77 78 79 80 81 82 83 84 85 86 50 68 69 70 71 72 36 87 88 89 77 78 37 38 39 40 41 42 63 64 65 66 67 54 55 56 57 90 91 12 13 14 15 16 17 3 4 5 79 80 81 82 83 84 85 86 92 93 94 95 96 97 6 7 8 9 46 47 48 49 51 52 53 87 88 89 90 91 58 59 60 61 62 92 93 94 95 96 97 98 99 18 19 20 21 22 98 99 
69066
25
3 5 4 4 3 5 2 6 4 2 5 3 2 1 6 6 3 3 1 3 4 5 5 2 13 
22 25 27 16 3 8 32 51 22 46 25 3 7 9 13 7 34 37 21 15 4 35 22 64 8 
58 40 29 57 15 68 38 61 43 60 37 47 18 37 38 46 47 58 36 18 56 47 60 70 26 
502 911 866 182 409 973 661 303 822 899 862 803 508 700 499 820 405 926 248 557 510 997 255 649 972 
4 4 4 11 11 11 20 20 20 20 12 12 15 15 15 15 15 15 5 5 5 5 5 24 24 24 24 24 24 24 24 24 24 24 24 24 13 14 14 14 14 14 14 4 4 4 19 19 19 3 3 3 3 12 12 19 19 19 18 0 0 0 8 8 8 8 22 22 22 22 22 1 1 1 1 1 10 10 10 10 10 24 24 24 24 24 24 24 24 24 24 24 24 24 2 2 2 2 2 2 2 2 6 6 16 16 16 21 21 21 21 21 18 10 10 10 10 10 13 17 17 17 6 6 14 14 14 14 14 14 1 1 1 1 1 8 8 8 8 9 9 15 15 15 15 15 15 11 11 11 16 16 16 21 21 21 21 21 7 7 7 7 7 7 20 20 20 20 3 3 3 3 0 0 0 17 17 17 9 9 22 22 22 22 22 7 7 7 7 7 7 23 23 5 5 5 5 5 23 23 