313
100
2
1 1 1 1 1 1 1 9 9 9 9 9 12 12 12 12 12 12 12 12 16 16 16 16 16 16 16 16 16 18 18 19 19 19 19 19 19 19 20 21 25 25 25 25 25 25 25 25 25 25 25 25 25 25 25 25 26 26 26 26 26 26 31 31 31 31 32 32 32 33 34 34 34 34 34 34 35 35 35 35 35 38 38 38 38 38 38 39 39 39 39 39 39 39 40 40 41 41 41 41 41 41 41 41 41 41 41 41 41 41 44 44 44 45 45 45 45 45 45 45 45 45 50 50 51 51 51 51 51 56 56 56 56 56 56 59 59 59 59 59 59 59 59 59 59 59 63 63 63 63 63 63 63 63 64 64 64 64 64 64 64 65 65 65 65 65 65 65 65 66 66 66 66 66 66 66 66 66 66 66 66 66 66 66 66 68 69 69 69 69 69 69 69 69 69 69 70 70 70 70 
87 88 89 90 91 92 93 191 192 193 194 195 138 139 140 141 142 143 144 145 103 104 105 106 107 108 109 94 95 120 121 154 155 156 157 158 159 160 56 81 169 170 171 172 173 174 175 176 177 178 179 180 181 182 183 184 38 82 83 84 85 86 196 197 198 199 135 136 137 185 129 130 131 132 133 134 122 123 110 111 112 39 57 58 59 60 61 0 1 2 3 4 5 6 27 28 113 114 115 116 117 118 119 20 21 22 23 24 25 26 78 79 80 96 97 98 99 100 101 102 29 30 76 77 186 187 188 189 190 70 71 72 73 74 75 66 67 68 12 13 14 15 16 17 18 19 161 162 163 164 165 166 167 168 31 32 33 34 35 36 37 146 147 148 149 150 151 152 153 40 41 42 43 44 45 46 47 48 49 50 51 52 53 54 55 69 124 125 126 127 128 7 8 9 10 11 62 63 64 65 
492 492 492 492 492 492 492 951 951 951 951 951 642 642 642 642 642 642 642 642 241 241 241 241 241 241 241 392 392 449 449 707 707 707 707 707 707 707 305 677 728 728 728 728 728 728 728 728 728 728 728 728 728 728 728 728 305 756 756 756 756 756 443 443 443 443 318 318 318 354 950 950 950 950 950 950 696 696 715 715 715 677 756 756 756 756 756 492 492 492 492 492 492 492 392 392 639 639 639 639 639 639 639 241 241 241 241 241 241 241 715 715 715 639 639 639 639 639 639 639 449 449 696 696 257 257 257 257 257 950 950 950 950 950 950 318 318 318 642 642 642 642 642 642 642 642 216 216 216 216 216 216 216 216 707 707 707 707 707 707 707 216 216 216 216 216 216 216 216 728 728 728 728 728 728 728 728 728 728 728 728 728 728 728 728 354 257 257 257 257 257 951 951 951 951 951 443 443 443 443 
0 1 2 3 4 5 6 7 8 9 10 11 12 13 14 15 16 17 18 19 20 21 22 23 24 25 26 27 28 29 30 31 32 33 34 35 36 37 38 39 40 41 42 43 44 45 46 47 48 49 50 51 52 53 54 55 38 56 57 58 59 60 61 62 63 64 65 66 67 68 69 70 71 72 73 74 75 76 77 78 79 39 56 57 58 59 60 0 1 2 3 4 5 6 27 28 80 81 82 83 84 85 86 20 21 22 23 24 25 26 77 78 79 80 81 82 83 84 85 86 29 30 75 76 87 88 89 90 91 69 70 71 72 73 74 65 66 67 12 13 14 15 16 17 18 19 92 93 94 95 96 97 98 99 31 32 33 34 35 36 37 92 93 94 95 96 97 98 99 40 41 42 43 44 45 46 47 48 49 50 51 52 53 54 55 68 87 88 89 90 91 7 8 9 10 11 61 62 63 64 
57866
20
7 3 8 7 7 8 1 1 2 6 3 5 1 5 2 4 7 5 2 16 
41 32 63 19 1 12 21 20 35 34 35 51 33 26 18 31 16 9 16 25 
45 59 65 64 39 59 38 26 50 56 44 69 68 38 45 70 41 69 40 66 
639 318 216 707 492 642 677 305 696 950 715 257 354 756 449 443 241 951 392 728 
4 4 4 4 4 4 4 17 17 17 17 17 5 5 5 5 5 5 5 5 16 16 16 16 16 16 16 18 18 14 14 3 3 3 3 3 3 3 7 6 19 19 19 19 19 19 19 19 19 19 19 19 19 19 19 19 7 13 13 13 13 13 15 15 15 15 1 1 1 12 9 9 9 9 9 9 8 8 10 10 10 6 13 13 13 13 13 4 4 4 4 4 4 4 18 18 0 0 0 0 0 0 0 16 16 16 16 16 16 16 10 10 10 0 0 0 0 0 0 0 14 14 8 8 11 11 11 11 11 9 9 9 9 9 9 1 1 1 5 5 5 5 5 5 5 5 2 2 2 2 2 2 2 2 3 3 3 3 3 3 3 2 2 2 2 2 2 2 2 19 19 19 19 19 19 19 19 19 19 19 19 19 19 19 19 12 11 11 11 11 11 17 17 17 17 17 15 15 15 15 