425
100
2
1 1 1 1 1 2 2 2 5 5 7 7 7 8 8 8 8 9 9 10 10 10 10 10 10 12 12 15 15 15 16 16 16 16 16 17 17 17 17 18 18 18 19 19 20 21 21 21 21 21 21 23 23 23 23 23 23 23 23 23 23 23 25 25 25 25 27 27 27 27 27 27 28 28 28 28 31 31 31 31 32 32 32 32 32 32 32 32 32 32 32 32 32 32 32 32 32 32 34 34 34 34 35 35 35 35 35 36 37 37 37 37 39 42 42 42 43 43 43 43 44 44 44 44 44 44 44 46 46 46 46 47 47 47 47 49 50 50 50 50 50 50 50 53 57 57 59 59 59 60 60 60 61 61 62 62 62 64 64 64 64 64 64 64 64 64 64 64 64 64 64 64 64 64 64 66 66 66 66 66 67 67 67 67 68 68 68 69 69 69 69 69 70 70 70 70 70 70 70 70 
146 108 109 110 111 45 46 47 25 26 154 155 156 127 128 129 130 27 28 147 148 76 77 78 79 8 9 17 18 51 195 196 197 198 199 98 99 100 101 124 125 126 192 193 194 5 6 7 104 105 106 29 187 188 189 190 191 175 176 177 178 179 120 121 122 123 152 153 72 73 74 75 68 69 70 71 21 22 23 24 157 158 159 160 161 162 163 164 165 166 167 168 169 170 171 172 173 174 35 36 37 38 144 145 48 49 50 112 1 2 3 4 107 136 137 138 131 132 133 134 62 63 64 65 39 40 41 13 14 15 16 116 117 118 119 143 113 114 115 180 181 182 183 135 102 103 0 19 20 184 185 186 66 67 10 11 12 80 81 82 83 84 85 86 87 88 89 90 91 92 93 94 95 96 97 57 58 59 60 61 139 140 141 142 149 150 151 52 53 54 55 56 42 43 44 30 31 32 33 34 
849 631 631 631 631 156 156 156 250 250 893 893 893 319 319 319 319 740 740 445 445 485 485 485 485 250 250 740 740 192 957 957 957 957 957 719 719 719 719 938 938 938 653 653 289 156 156 156 997 997 997 192 839 839 839 839 839 435 435 435 435 435 462 462 462 462 302 302 323 323 323 323 323 323 323 323 485 485 485 485 539 539 539 539 539 539 539 539 539 539 539 539 539 539 539 539 539 539 719 719 719 719 527 527 997 997 997 697 631 631 631 631 697 239 239 239 481 481 481 481 462 462 462 462 938 938 938 319 319 319 319 481 481 481 481 437 239 239 239 374 374 374 374 437 527 527 849 445 445 339 339 339 302 302 893 893 893 539 539 539 539 539 539 539 539 539 539 539 539 539 539 539 539 539 539 435 435 435 435 435 374 374 374 374 339 339 339 839 839 839 839 839 653 653 289 957 957 957 957 957 
0 1 2 3 4 5 6 7 8 9 10 11 12 13 14 15 16 17 18 19 20 21 22 23 24 8 9 17 18 25 26 27 28 29 30 31 32 33 34 35 36 37 38 39 40 5 6 7 41 42 43 25 44 45 46 47 48 49 50 51 52 53 54 55 56 57 58 59 60 61 62 63 60 61 62 63 21 22 23 24 64 65 66 67 68 69 70 71 72 73 74 75 76 77 78 79 80 81 31 32 33 34 82 83 41 42 43 84 1 2 3 4 84 85 86 87 88 89 90 91 54 55 56 57 35 36 37 13 14 15 16 88 89 90 91 92 85 86 87 93 94 95 96 92 82 83 0 19 20 97 98 99 58 59 10 11 12 64 65 66 67 68 69 70 71 72 73 74 75 76 77 78 79 80 81 49 50 51 52 53 93 94 95 96 97 98 99 44 45 46 47 48 38 39 40 26 27 28 29 30 
55017
29
4 2 1 1 2 4 1 3 2 2 3 1 4 3 2 1 4 5 3 4 4 3 4 5 3 2 4 5 18 
25 5 36 1 35 43 49 2 9 19 60 20 8 7 10 15 17 23 42 1 10 18 50 16 21 27 27 23 32 
44 12 39 59 57 47 53 21 15 70 68 70 46 62 59 23 34 69 50 37 31 44 67 70 35 61 28 66 64 
462 250 697 849 527 481 437 156 740 653 339 289 319 893 445 192 719 839 239 631 485 938 374 957 997 302 323 435 539 
3 19 19 19 19 7 7 7 1 1 13 13 13 12 12 12 12 8 8 14 14 20 20 20 20 1 1 8 8 15 23 23 23 23 23 16 16 16 16 21 21 21 9 9 11 7 7 7 24 24 24 15 17 17 17 17 17 27 27 27 27 27 0 0 0 0 25 25 26 26 26 26 26 26 26 26 20 20 20 20 28 28 28 28 28 28 28 28 28 28 28 28 28 28 28 28 28 28 16 16 16 16 4 4 24 24 24 2 19 19 19 19 2 18 18 18 5 5 5 5 0 0 0 0 21 21 21 12 12 12 12 5 5 5 5 6 18 18 18 22 22 22 22 6 4 4 3 14 14 10 10 10 25 25 13 13 13 28 28 28 28 28 28 28 28 28 28 28 28 28 28 28 28 28 28 27 27 27 27 27 22 22 22 22 10 10 10 17 17 17 17 17 9 9 11 23 23 23 23 23 