466
100
2
1 1 1 1 1 1 1 1 1 1 1 1 1 1 1 1 1 1 1 1 1 1 5 5 5 5 5 5 5 6 6 6 6 6 6 6 11 11 11 11 11 11 11 11 11 11 11 11 11 11 11 11 11 11 11 11 11 11 11 15 15 15 16 16 16 16 16 16 16 16 16 16 16 18 18 18 18 18 18 18 18 18 18 18 18 19 19 19 19 19 19 19 19 19 19 19 21 21 26 26 27 27 27 27 27 29 29 29 29 29 29 29 29 29 32 32 32 32 32 32 32 32 32 32 32 32 32 32 32 32 32 32 32 32 32 48 48 48 54 54 54 54 54 56 56 56 56 56 56 56 56 56 58 58 58 58 58 58 58 58 58 58 58 58 58 58 58 59 59 59 59 59 61 61 61 61 63 63 63 63 63 64 64 64 68 68 69 69 69 69 69 69 69 69 69 70 70 70 70 70 
73 74 75 76 77 78 79 80 81 82 83 84 135 136 137 186 187 188 189 190 191 192 29 30 31 32 33 34 35 22 23 24 25 26 27 28 143 144 145 146 147 148 149 150 151 121 122 123 124 125 126 127 128 129 130 131 132 133 134 181 182 183 152 153 154 155 156 157 158 159 160 161 162 0 1 2 3 4 5 6 7 8 9 10 11 172 173 174 175 114 115 116 117 118 119 120 98 99 96 97 176 177 178 179 180 138 139 140 141 142 163 164 165 166 89 90 91 92 93 94 95 45 46 47 48 49 50 51 52 53 54 55 56 57 58 12 13 14 105 106 107 108 109 36 37 38 39 40 41 42 43 44 62 63 64 65 66 67 68 69 70 71 72 110 111 112 113 195 196 197 198 199 85 86 87 88 100 101 102 103 104 59 60 61 193 194 15 16 17 18 19 20 21 184 185 167 168 169 170 171 
775 775 775 775 775 775 775 775 775 775 775 775 259 259 259 161 161 161 161 161 161 161 478 478 478 478 478 478 478 478 478 478 478 478 478 478 406 406 406 406 406 406 406 406 406 441 441 441 441 441 441 441 441 441 441 441 441 441 441 476 476 476 669 669 669 669 669 669 669 669 669 669 669 775 775 775 775 775 775 775 775 775 775 775 775 489 489 489 489 463 463 463 463 463 463 463 420 420 420 420 746 746 746 746 746 582 582 582 582 582 991 991 991 991 463 463 463 463 463 463 463 441 441 441 441 441 441 441 441 441 441 441 441 441 441 259 259 259 582 582 582 582 582 406 406 406 406 406 406 406 406 406 669 669 669 669 669 669 669 669 669 669 669 991 991 991 991 928 928 928 928 928 489 489 489 489 746 746 746 746 746 476 476 476 568 568 161 161 161 161 161 161 161 568 568 928 928 928 928 928 
0 1 2 3 4 5 6 7 8 9 10 11 12 13 14 15 16 17 18 19 20 21 22 23 24 25 26 27 28 22 23 24 25 26 27 28 29 30 31 32 33 34 35 36 37 38 39 40 41 42 43 44 45 46 47 48 49 50 51 52 53 54 55 56 57 58 59 60 61 62 63 64 65 0 1 2 3 4 5 6 7 8 9 10 11 66 67 68 69 70 71 72 73 74 75 76 77 78 77 78 79 80 81 82 83 84 85 86 87 88 89 90 91 92 70 71 72 73 74 75 76 38 39 40 41 42 43 44 45 46 47 48 49 50 51 12 13 14 84 85 86 87 88 29 30 31 32 33 34 35 36 37 55 56 57 58 59 60 61 62 63 64 65 89 90 91 92 93 94 95 96 97 66 67 68 69 79 80 81 82 83 52 53 54 98 99 15 16 17 18 19 20 21 98 99 93 94 95 96 97 
55582
16
3 9 5 12 4 7 5 3 7 2 7 11 5 4 2 14 
15 11 59 1 19 19 29 1 5 21 1 16 27 29 68 11 
64 56 70 18 61 32 54 48 6 26 69 58 63 58 69 32 
476 406 928 775 489 463 582 259 478 420 161 669 746 991 568 441 
3 3 3 3 3 3 3 3 3 3 3 3 7 7 7 10 10 10 10 10 10 10 8 8 8 8 8 8 8 8 8 8 8 8 8 8 1 1 1 1 1 1 1 1 1 15 15 15 15 15 15 15 15 15 15 15 15 15 15 0 0 0 11 11 11 11 11 11 11 11 11 11 11 3 3 3 3 3 3 3 3 3 3 3 3 4 4 4 4 5 5 5 5 5 5 5 9 9 9 9 12 12 12 12 12 6 6 6 6 6 13 13 13 13 5 5 5 5 5 5 5 15 15 15 15 15 15 15 15 15 15 15 15 15 15 7 7 7 6 6 6 6 6 1 1 1 1 1 1 1 1 1 11 11 11 11 11 11 11 11 11 11 11 13 13 13 13 2 2 2 2 2 4 4 4 4 12 12 12 12 12 0 0 0 14 14 10 10 10 10 10 10 10 14 14 2 2 2 2 2 