750
100
2
3 3 3 3 3 4 4 4 4 4 4 4 4 4 4 4 4 4 4 4 4 4 4 4 4 4 4 4 7 7 7 7 7 9 9 9 9 9 9 9 11 11 11 12 12 12 12 12 12 12 12 12 13 13 13 13 13 13 13 13 13 14 14 14 14 14 14 14 14 14 14 14 14 14 14 14 14 15 15 15 18 18 18 18 18 18 18 25 26 26 26 30 30 30 30 30 30 30 30 30 30 30 30 30 30 30 34 34 34 34 34 35 35 35 35 35 35 39 39 39 39 42 42 42 42 46 46 46 46 46 46 46 46 49 49 49 49 49 49 49 49 49 49 49 49 49 49 52 52 52 52 52 52 56 56 56 56 56 56 56 56 56 56 56 56 56 56 56 56 57 57 57 58 58 58 58 58 58 58 59 59 59 59 59 59 59 59 62 62 62 62 62 62 63 63 67 67 67 67 67 
106 107 108 109 110 147 148 149 179 180 181 182 183 184 185 186 17 16 19 18 21 20 23 22 25 24 27 26 195 196 197 198 199 133 134 135 136 137 138 139 43 44 45 40 41 42 52 53 54 55 56 57 46 47 48 49 50 51 144 145 146 153 154 155 156 157 158 159 160 161 162 163 164 165 166 167 168 172 173 174 91 92 93 94 95 96 97 171 150 151 152 80 81 82 83 84 85 86 125 126 127 128 129 130 131 132 0 1 2 3 4 187 188 189 190 191 192 121 122 123 124 117 118 119 120 98 99 100 101 102 103 104 105 33 34 35 36 37 38 39 175 176 177 178 58 59 60 5 6 7 88 89 90 61 62 63 64 65 66 67 68 69 70 71 72 73 74 75 76 193 194 87 77 78 79 140 141 142 143 8 9 10 11 12 13 14 15 111 112 113 114 115 116 169 170 28 29 30 31 32 
344 344 344 344 344 596 596 596 493 493 493 493 493 493 493 493 966 966 966 966 966 966 966 966 966 966 966 966 1000 1000 1000 1000 1000 725 725 725 725 725 725 725 824 824 824 824 824 824 152 152 152 152 152 152 152 152 152 152 152 152 266 266 266 906 906 906 906 906 906 906 906 906 906 906 906 906 906 906 906 521 521 521 233 233 233 233 233 233 233 500 704 704 704 233 233 233 233 233 233 233 426 426 426 426 426 426 426 426 344 344 344 344 344 291 291 291 291 291 291 994 994 994 994 994 994 994 994 426 426 426 426 426 426 426 426 725 725 725 725 725 725 725 270 270 270 270 266 266 266 596 596 596 704 704 704 906 906 906 906 906 906 906 906 906 906 906 906 906 906 906 906 444 444 500 521 521 521 270 270 270 270 493 493 493 493 493 493 493 493 291 291 291 291 291 291 444 444 1000 1000 1000 1000 1000 
0 1 2 3 4 5 6 7 8 9 10 11 12 13 14 15 16 16 17 17 18 18 19 19 20 20 21 21 22 23 24 25 26 27 28 29 30 31 32 33 34 35 36 34 35 36 37 38 39 40 41 42 37 38 39 40 41 42 43 44 45 46 47 48 49 50 51 52 53 54 55 56 57 58 59 60 61 62 63 64 65 66 67 68 69 70 71 72 73 74 75 65 66 67 68 69 70 71 76 77 78 79 80 81 82 83 0 1 2 3 4 84 85 86 87 88 89 90 91 92 93 90 91 92 93 76 77 78 79 80 81 82 83 27 28 29 30 31 32 33 94 95 96 97 43 44 45 5 6 7 73 74 75 46 47 48 49 50 51 52 53 54 55 56 57 58 59 60 61 98 99 72 62 63 64 94 95 96 97 8 9 10 11 12 13 14 15 84 85 86 87 88 89 98 99 22 23 24 25 26 
58905
19
3 5 7 3 3 4 8 3 2 6 7 6 6 5 3 1 4 8 16 
15 7 9 11 4 49 4 26 57 35 18 4 12 3 13 25 39 30 14 
58 67 49 12 52 58 59 52 63 62 30 4 13 34 49 57 42 46 56 
521 1000 725 824 596 270 493 704 444 291 233 966 152 344 266 500 994 426 906 
13 13 13 13 13 4 4 4 6 6 6 6 6 6 6 6 11 11 11 11 11 11 11 11 11 11 11 11 1 1 1 1 1 2 2 2 2 2 2 2 3 3 3 3 3 3 12 12 12 12 12 12 12 12 12 12 12 12 14 14 14 18 18 18 18 18 18 18 18 18 18 18 18 18 18 18 18 0 0 0 10 10 10 10 10 10 10 15 7 7 7 10 10 10 10 10 10 10 17 17 17 17 17 17 17 17 13 13 13 13 13 9 9 9 9 9 9 16 16 16 16 16 16 16 16 17 17 17 17 17 17 17 17 2 2 2 2 2 2 2 5 5 5 5 14 14 14 4 4 4 7 7 7 18 18 18 18 18 18 18 18 18 18 18 18 18 18 18 18 8 8 15 0 0 0 5 5 5 5 6 6 6 6 6 6 6 6 9 9 9 9 9 9 8 8 1 1 1 1 1 