164
100
2
2 2 2 2 2 2 2 2 2 2 2 2 2 2 2 4 4 4 4 12 12 12 12 12 12 12 12 12 12 13 13 14 14 14 14 14 14 14 14 14 17 17 17 17 17 17 17 17 17 17 17 17 17 17 17 21 21 21 21 21 21 21 21 21 21 21 21 22 22 22 22 22 22 22 22 22 22 22 22 26 26 26 26 26 26 26 26 26 26 27 27 27 27 28 28 29 29 29 29 29 29 29 29 29 36 36 36 36 36 36 43 43 43 43 43 43 43 43 43 45 45 47 47 47 47 47 47 47 47 47 47 47 47 47 51 51 51 51 51 51 51 51 51 51 51 51 54 54 54 54 54 54 55 55 55 57 58 58 58 58 58 58 58 58 58 58 61 61 61 61 61 61 64 64 65 65 65 65 65 65 65 65 65 69 69 69 69 69 69 69 69 69 69 69 69 69 69 69 69 69 
146 147 148 149 150 151 155 192 193 194 195 196 197 198 199 130 131 132 133 45 46 47 48 49 50 51 52 53 54 172 173 121 122 123 124 125 126 127 128 129 114 115 116 117 118 19 20 21 22 23 24 25 26 27 28 79 80 81 82 83 84 85 86 87 88 119 120 93 94 156 157 158 159 160 161 162 163 164 165 55 56 57 58 59 60 61 62 63 64 110 111 112 113 67 68 183 184 185 186 187 188 189 190 191 166 167 168 169 170 171 89 90 91 92 40 41 42 43 44 65 66 31 32 33 34 35 36 37 38 39 15 16 17 18 152 153 154 174 175 176 177 178 179 180 181 182 0 1 2 3 4 5 134 135 136 6 69 70 71 72 73 74 75 76 77 78 104 105 106 107 108 109 29 30 137 138 139 140 141 142 143 144 145 95 96 97 98 99 100 101 102 103 7 8 9 10 11 12 13 14 
437 437 437 437 437 437 860 606 606 606 606 606 606 606 606 297 297 297 297 905 905 905 905 905 905 905 905 905 905 814 814 818 818 818 818 818 818 818 818 818 278 278 278 278 278 905 905 905 905 905 905 905 905 905 905 842 842 842 842 842 842 842 842 842 842 236 236 636 636 475 475 475 475 475 475 475 475 475 475 842 842 842 842 842 842 842 842 842 842 539 539 539 539 636 636 791 791 791 791 791 791 791 791 791 663 663 663 663 663 663 539 539 539 539 278 278 278 278 278 236 236 818 818 818 818 818 818 818 818 818 297 297 297 297 752 752 752 501 501 501 501 501 501 501 501 501 437 437 437 437 437 437 752 752 752 860 475 475 475 475 475 475 475 475 475 475 663 663 663 663 663 663 814 814 501 501 501 501 501 501 501 501 501 791 791 791 791 791 791 791 791 791 606 606 606 606 606 606 606 606 
0 1 2 3 4 5 6 7 8 9 10 11 12 13 14 15 16 17 18 19 20 21 22 23 24 25 26 27 28 29 30 31 32 33 34 35 36 37 38 39 40 41 42 43 44 19 20 21 22 23 24 25 26 27 28 45 46 47 48 49 50 51 52 53 54 55 56 57 58 59 60 61 62 63 64 65 66 67 68 45 46 47 48 49 50 51 52 53 54 69 70 71 72 57 58 73 74 75 76 77 78 79 80 81 82 83 84 85 86 87 69 70 71 72 40 41 42 43 44 55 56 31 32 33 34 35 36 37 38 39 15 16 17 18 88 89 90 91 92 93 94 95 96 97 98 99 0 1 2 3 4 5 88 89 90 6 59 60 61 62 63 64 65 66 67 68 82 83 84 85 86 87 29 30 91 92 93 94 95 96 97 98 99 73 74 75 76 77 78 79 80 81 7 8 9 10 11 12 13 14 
63880
17
2 2 6 10 1 9 4 10 3 5 2 9 9 8 4 6 10 
13 22 2 22 2 29 27 21 51 17 21 51 14 2 4 36 12 
64 28 54 58 57 69 43 26 55 43 45 65 47 69 47 61 17 
814 636 437 475 860 791 539 842 752 278 236 501 818 606 297 663 905 
2 2 2 2 2 2 4 13 13 13 13 13 13 13 13 14 14 14 14 16 16 16 16 16 16 16 16 16 16 0 0 12 12 12 12 12 12 12 12 12 9 9 9 9 9 16 16 16 16 16 16 16 16 16 16 7 7 7 7 7 7 7 7 7 7 10 10 1 1 3 3 3 3 3 3 3 3 3 3 7 7 7 7 7 7 7 7 7 7 6 6 6 6 1 1 5 5 5 5 5 5 5 5 5 15 15 15 15 15 15 6 6 6 6 9 9 9 9 9 10 10 12 12 12 12 12 12 12 12 12 14 14 14 14 8 8 8 11 11 11 11 11 11 11 11 11 2 2 2 2 2 2 8 8 8 4 3 3 3 3 3 3 3 3 3 3 15 15 15 15 15 15 0 0 11 11 11 11 11 11 11 11 11 5 5 5 5 5 5 5 5 5 13 13 13 13 13 13 13 13 