692
100
2
6 6 6 6 6 6 10 10 10 10 10 10 10 10 10 10 10 10 10 10 10 11 11 11 11 11 11 11 11 11 11 11 11 13 13 13 13 13 13 14 14 14 14 15 15 15 16 17 17 23 23 23 23 23 23 23 23 23 24 24 24 25 25 25 25 25 25 25 25 25 27 27 27 34 34 34 34 34 34 34 34 34 36 36 37 37 37 37 37 37 37 37 37 38 38 38 41 41 42 42 42 42 42 42 42 44 44 44 44 44 44 44 44 44 44 44 44 44 44 44 44 46 46 46 46 46 48 48 48 48 48 48 48 48 48 48 48 48 50 50 50 55 55 55 55 55 55 55 55 55 55 55 56 56 56 56 58 58 58 58 58 58 58 58 58 59 59 59 59 59 59 59 59 59 62 62 62 62 62 62 62 62 66 66 66 66 66 66 66 66 66 69 69 69 70 70 70 70 70 70 
176 177 178 179 180 181 85 86 87 88 89 90 91 92 98 99 100 101 102 103 104 70 71 72 182 183 184 185 186 187 188 189 190 194 195 196 197 198 199 105 106 107 108 191 192 193 84 152 153 73 74 75 76 77 78 79 80 81 138 139 140 93 94 95 141 142 143 144 145 146 21 22 23 49 50 51 52 53 54 55 56 57 154 155 46 6 7 8 9 10 11 12 13 61 62 63 174 175 14 15 16 17 18 19 20 39 40 41 42 126 127 128 129 130 131 132 133 134 135 136 137 147 148 149 150 151 109 110 111 112 113 114 115 116 117 118 119 120 58 59 60 64 65 66 67 68 69 121 122 123 124 125 47 48 82 83 165 166 167 168 169 170 171 172 173 156 157 158 159 160 161 162 163 164 96 97 0 1 2 3 4 5 24 25 26 27 28 29 30 31 32 43 44 45 33 34 35 36 37 38 
999 999 999 999 999 999 203 203 203 203 203 203 203 203 604 604 604 604 604 604 604 745 745 745 850 850 850 850 850 850 850 850 850 413 413 413 413 413 413 404 404 404 404 350 350 350 532 925 925 483 483 483 483 483 483 483 483 483 929 929 929 781 781 781 154 154 154 154 154 154 745 745 745 483 483 483 483 483 483 483 483 483 246 246 532 203 203 203 203 203 203 203 203 781 781 781 328 328 604 604 604 604 604 604 604 404 404 404 404 562 562 562 562 562 562 562 562 562 562 562 562 891 891 891 891 891 562 562 562 562 562 562 562 562 562 562 562 562 929 929 929 154 154 154 154 154 154 891 891 891 891 891 925 925 246 246 851 851 851 851 851 851 851 851 851 851 851 851 851 851 851 851 851 851 328 328 999 999 999 999 999 999 850 850 850 850 850 850 850 850 850 350 350 350 413 413 413 413 413 413 
0 1 2 3 4 5 6 7 8 9 10 11 12 13 14 15 16 17 18 19 20 21 22 23 24 25 26 27 28 29 30 31 32 33 34 35 36 37 38 39 40 41 42 43 44 45 46 47 48 49 50 51 52 53 54 55 56 57 58 59 60 61 62 63 64 65 66 67 68 69 21 22 23 49 50 51 52 53 54 55 56 57 70 71 46 6 7 8 9 10 11 12 13 61 62 63 72 73 14 15 16 17 18 19 20 39 40 41 42 74 75 76 77 78 79 80 81 82 83 84 85 86 87 88 89 90 74 75 76 77 78 79 80 81 82 83 84 85 58 59 60 64 65 66 67 68 69 86 87 88 89 90 47 48 70 71 91 92 93 94 95 96 97 98 99 91 92 93 94 95 96 97 98 99 72 73 0 1 2 3 4 5 24 25 26 27 28 29 30 31 32 43 44 45 33 34 35 36 37 38 
59664
19
3 9 3 2 4 9 3 1 2 2 8 6 5 3 6 6 9 7 12 
25 23 11 17 14 58 24 16 41 36 10 25 46 15 6 13 11 10 44 
38 34 27 56 44 59 50 37 62 56 37 55 55 69 62 70 66 42 48 
781 483 745 925 404 851 929 532 328 246 203 154 891 350 999 413 850 604 562 
14 14 14 14 14 14 10 10 10 10 10 10 10 10 17 17 17 17 17 17 17 2 2 2 16 16 16 16 16 16 16 16 16 15 15 15 15 15 15 4 4 4 4 13 13 13 7 3 3 1 1 1 1 1 1 1 1 1 6 6 6 0 0 0 11 11 11 11 11 11 2 2 2 1 1 1 1 1 1 1 1 1 9 9 7 10 10 10 10 10 10 10 10 0 0 0 8 8 17 17 17 17 17 17 17 4 4 4 4 18 18 18 18 18 18 18 18 18 18 18 18 12 12 12 12 12 18 18 18 18 18 18 18 18 18 18 18 18 6 6 6 11 11 11 11 11 11 12 12 12 12 12 3 3 9 9 5 5 5 5 5 5 5 5 5 5 5 5 5 5 5 5 5 5 8 8 14 14 14 14 14 14 16 16 16 16 16 16 16 16 16 13 13 13 15 15 15 15 15 15 