408
100
2
9 9 9 9 9 9 9 9 9 10 10 10 10 10 10 10 10 10 15 15 17 17 17 17 17 17 17 17 17 17 17 19 19 19 19 19 19 19 19 19 19 19 19 19 19 19 19 22 22 22 22 22 22 22 23 23 23 23 23 23 23 23 23 26 26 26 26 26 27 27 27 27 27 27 28 28 29 29 29 29 29 29 29 29 29 29 29 29 32 32 32 32 32 32 32 32 32 32 32 32 32 32 33 33 33 33 33 33 33 33 33 33 33 33 33 33 33 33 33 33 35 35 37 37 39 39 39 39 39 39 39 39 39 39 39 40 40 40 40 40 40 41 41 41 41 41 41 41 41 41 51 51 51 51 51 51 51 51 51 51 51 56 56 56 56 56 56 56 58 58 58 58 58 58 58 58 58 64 64 64 64 64 64 64 64 64 64 66 66 67 67 70 70 70 70 70 70 70 70 70 
191 192 193 194 195 196 197 198 199 141 142 143 144 145 146 147 148 149 189 190 135 136 137 138 139 140 63 64 65 66 67 74 75 106 107 108 109 110 111 112 113 114 115 116 117 118 119 161 162 163 164 165 166 167 168 169 170 171 172 173 174 175 176 26 27 28 29 30 181 182 183 184 185 186 31 32 90 91 92 93 94 95 96 97 98 99 100 101 122 123 76 77 78 79 80 81 82 83 84 85 86 87 177 178 179 180 33 34 35 36 37 38 39 40 41 42 43 44 45 46 187 188 88 89 150 151 152 153 154 155 156 157 158 159 160 20 21 22 23 24 25 9 10 11 12 13 14 15 16 17 124 125 126 127 128 129 130 131 132 133 134 47 48 49 50 51 52 53 54 55 56 57 58 59 60 61 62 102 103 104 105 68 69 70 71 72 73 120 121 18 19 0 1 2 3 4 5 6 7 8 
931 931 931 931 931 931 931 931 931 222 222 222 222 222 222 222 222 222 250 250 678 678 678 678 678 678 619 619 619 619 619 841 841 724 724 724 724 724 724 724 724 724 724 724 724 724 724 327 327 327 327 327 327 327 912 912 912 912 912 912 912 912 912 619 619 619 619 619 227 227 227 227 227 227 841 841 435 435 435 435 435 435 435 435 435 435 435 435 212 212 435 435 435 435 435 435 435 435 435 435 435 435 949 949 949 949 724 724 724 724 724 724 724 724 724 724 724 724 724 724 938 938 212 212 414 414 414 414 414 414 414 414 414 414 414 678 678 678 678 678 678 222 222 222 222 222 222 222 222 222 414 414 414 414 414 414 414 414 414 414 414 327 327 327 327 327 327 327 912 912 912 912 912 912 912 912 912 949 949 949 949 227 227 227 227 227 227 938 938 250 250 931 931 931 931 931 931 931 931 931 
0 1 2 3 4 5 6 7 8 9 10 11 12 13 14 15 16 17 18 19 20 21 22 23 24 25 26 27 28 29 30 31 32 33 34 35 36 37 38 39 40 41 42 43 44 45 46 47 48 49 50 51 52 53 54 55 56 57 58 59 60 61 62 26 27 28 29 30 63 64 65 66 67 68 31 32 69 70 71 72 73 74 75 76 77 78 79 80 81 82 69 70 71 72 73 74 75 76 77 78 79 80 83 84 85 86 33 34 35 36 37 38 39 40 41 42 43 44 45 46 87 88 81 82 89 90 91 92 93 94 95 96 97 98 99 20 21 22 23 24 25 9 10 11 12 13 14 15 16 17 89 90 91 92 93 94 95 96 97 98 99 47 48 49 50 51 52 53 54 55 56 57 58 59 60 61 62 83 84 85 86 63 64 65 66 67 68 87 88 18 19 0 1 2 3 4 5 6 7 8 
57587
15
2 2 9 9 4 2 7 11 6 5 6 9 2 12 14 
15 32 9 10 33 19 22 39 17 17 27 23 35 29 19 
67 37 70 41 64 28 56 51 40 26 64 58 66 32 33 
250 212 931 222 949 841 327 414 678 619 227 912 938 435 724 
2 2 2 2 2 2 2 2 2 3 3 3 3 3 3 3 3 3 0 0 8 8 8 8 8 8 9 9 9 9 9 5 5 14 14 14 14 14 14 14 14 14 14 14 14 14 14 6 6 6 6 6 6 6 11 11 11 11 11 11 11 11 11 9 9 9 9 9 10 10 10 10 10 10 5 5 13 13 13 13 13 13 13 13 13 13 13 13 1 1 13 13 13 13 13 13 13 13 13 13 13 13 4 4 4 4 14 14 14 14 14 14 14 14 14 14 14 14 14 14 12 12 1 1 7 7 7 7 7 7 7 7 7 7 7 8 8 8 8 8 8 3 3 3 3 3 3 3 3 3 7 7 7 7 7 7 7 7 7 7 7 6 6 6 6 6 6 6 11 11 11 11 11 11 11 11 11 4 4 4 4 10 10 10 10 10 10 12 12 0 0 2 2 2 2 2 2 2 2 2 