482
100
2
4 4 4 4 5 5 5 5 5 5 7 8 11 11 11 13 13 13 13 13 13 13 13 13 13 13 13 15 15 15 15 16 16 16 16 17 17 17 18 18 18 18 18 18 18 18 18 18 18 18 18 18 18 19 19 19 19 19 19 20 22 23 23 23 23 23 23 24 24 24 24 24 26 26 26 26 26 26 30 30 30 30 30 30 30 30 31 31 37 37 37 37 37 37 37 37 37 37 37 37 37 37 37 37 37 37 37 37 37 37 37 37 37 37 37 37 37 37 39 39 39 39 40 40 40 40 40 40 41 41 41 42 42 42 44 44 44 44 44 45 45 45 45 46 46 46 46 51 51 51 51 52 52 52 52 52 52 52 52 52 53 53 53 54 54 54 54 54 55 55 55 55 55 56 58 58 58 58 58 58 61 68 69 69 69 69 69 69 69 69 69 69 69 69 69 69 69 69 69 69 
139 140 141 142 98 99 100 101 102 103 59 53 35 36 37 16 15 18 17 20 19 22 21 24 23 26 25 174 175 176 173 156 157 158 159 12 13 14 67 68 69 70 71 44 43 46 45 48 47 50 49 52 51 11 73 74 75 76 77 10 72 88 89 90 91 92 93 38 39 40 41 42 60 54 55 56 57 58 168 169 170 171 172 131 132 133 161 162 61 62 63 64 65 66 147 148 149 150 4 5 6 7 8 9 186 187 188 189 190 191 192 193 194 195 196 197 198 199 152 153 154 155 128 129 130 177 178 179 122 123 124 83 84 85 163 164 165 166 167 0 1 2 3 182 183 184 185 94 95 96 97 181 118 119 120 121 31 32 33 34 180 86 87 134 135 136 137 138 78 79 80 81 82 30 27 28 29 125 126 127 160 151 143 144 145 146 104 105 106 107 108 109 110 111 112 113 114 115 116 117 
383 383 383 383 885 885 885 885 885 885 355 518 632 632 632 407 407 407 407 407 407 407 407 407 407 407 407 397 397 397 267 744 744 744 744 632 632 632 628 628 628 628 628 817 817 817 817 817 817 817 817 817 817 518 578 578 578 578 578 355 970 806 806 806 806 806 806 628 628 628 628 628 970 578 578 578 578 578 924 924 924 924 924 571 571 571 863 863 806 806 806 806 806 806 613 613 613 613 885 885 885 885 885 885 539 539 539 539 539 539 539 539 539 539 539 539 539 539 832 832 832 832 440 440 440 187 187 187 440 440 440 571 571 571 385 385 385 385 385 383 383 383 383 516 516 516 516 613 613 613 613 507 832 832 832 832 744 744 744 744 844 863 863 385 385 385 385 385 924 924 924 924 924 267 397 397 397 187 187 187 844 507 516 516 516 516 539 539 539 539 539 539 539 539 539 539 539 539 539 539 
0 1 2 3 4 5 6 7 8 9 10 11 12 13 14 15 15 16 16 17 17 18 18 19 19 20 20 21 22 23 24 25 26 27 28 12 13 14 29 30 31 32 33 34 34 35 35 36 36 37 37 38 38 11 39 40 41 42 43 10 44 45 46 47 48 49 50 29 30 31 32 33 44 39 40 41 42 43 51 52 53 54 55 56 57 58 59 60 45 46 47 48 49 50 61 62 63 64 4 5 6 7 8 9 65 66 67 68 69 70 71 72 73 74 75 76 77 78 79 80 81 82 83 84 85 86 87 88 83 84 85 56 57 58 89 90 91 92 93 0 1 2 3 94 95 96 97 61 62 63 64 98 79 80 81 82 25 26 27 28 99 59 60 89 90 91 92 93 51 52 53 54 55 24 21 22 23 86 87 88 99 98 94 95 96 97 65 66 67 68 69 70 71 72 73 74 75 76 77 78 
61014
26
3 3 1 6 1 1 6 2 4 1 4 5 3 1 4 5 5 1 3 4 5 4 6 3 5 14 
15 40 52 13 53 22 23 31 39 7 37 30 11 8 16 19 18 15 40 46 44 4 5 30 18 37 
58 41 68 13 61 26 37 53 52 20 51 55 17 19 52 26 24 56 58 69 54 45 37 42 18 69 
397 440 507 407 844 970 806 863 832 355 613 924 632 518 744 578 628 267 187 516 385 383 885 571 817 539 
21 21 21 21 22 22 22 22 22 22 9 13 12 12 12 3 3 3 3 3 3 3 3 3 3 3 3 0 0 0 17 14 14 14 14 12 12 12 16 16 16 16 16 24 24 24 24 24 24 24 24 24 24 13 15 15 15 15 15 9 5 6 6 6 6 6 6 16 16 16 16 16 5 15 15 15 15 15 11 11 11 11 11 23 23 23 7 7 6 6 6 6 6 6 10 10 10 10 22 22 22 22 22 22 25 25 25 25 25 25 25 25 25 25 25 25 25 25 8 8 8 8 1 1 1 18 18 18 1 1 1 23 23 23 20 20 20 20 20 21 21 21 21 19 19 19 19 10 10 10 10 2 8 8 8 8 14 14 14 14 4 7 7 20 20 20 20 20 11 11 11 11 11 17 0 0 0 18 18 18 4 2 19 19 19 19 25 25 25 25 25 25 25 25 25 25 25 25 25 25 