267
100
2
1 1 6 6 6 11 11 11 12 12 12 12 12 12 12 14 14 14 14 21 21 21 21 21 21 21 21 21 21 21 21 25 25 25 25 27 27 27 37 37 37 37 37 37 37 39 39 39 39 39 39 41 41 41 41 41 41 41 41 41 41 41 41 41 41 41 41 41 41 41 41 42 42 42 42 42 42 42 43 43 45 45 45 45 45 45 45 45 45 45 45 45 45 45 45 45 45 45 45 45 45 45 45 45 45 47 47 47 47 47 47 47 47 47 47 47 47 47 48 48 48 48 48 48 48 49 49 49 52 52 52 52 52 52 52 52 56 56 56 56 56 56 56 56 56 56 56 56 56 56 58 58 58 58 58 58 58 58 60 60 60 60 66 66 66 66 66 66 66 68 68 68 68 68 68 68 68 68 70 70 70 70 70 70 70 70 70 70 70 70 70 70 70 70 70 70 70 70 70 70 
169 170 35 36 37 136 137 138 162 163 164 165 166 167 168 146 147 148 149 128 129 130 131 132 133 134 135 158 159 160 161 108 109 110 111 2 3 4 118 119 120 121 122 123 124 112 113 114 115 116 117 78 79 87 88 89 90 91 92 93 94 95 96 97 98 99 100 101 102 103 104 178 179 180 181 182 183 184 51 52 193 194 195 196 197 198 199 53 54 55 56 57 58 59 60 61 62 63 64 65 66 67 68 69 70 125 126 127 31 32 33 34 45 46 47 48 49 50 38 39 40 41 42 43 44 105 106 107 19 20 21 22 23 24 25 26 5 6 7 171 172 173 174 175 176 177 15 16 17 18 185 186 187 188 189 190 191 192 27 28 29 30 8 9 10 11 12 13 14 0 1 139 140 141 142 143 144 145 71 72 73 74 75 76 77 150 151 152 153 154 155 156 157 80 81 82 83 84 85 86 
612 612 166 166 166 542 542 542 394 394 394 394 394 394 394 731 731 731 731 967 967 967 967 967 967 967 967 890 890 890 890 772 772 772 772 166 166 166 560 560 560 560 560 560 560 985 985 985 985 985 985 661 661 348 348 348 348 348 348 348 348 348 348 348 348 348 348 348 348 348 348 367 367 367 367 367 367 367 661 661 512 512 512 512 512 512 512 348 348 348 348 348 348 348 348 348 348 348 348 348 348 348 348 348 348 431 431 431 772 772 772 772 985 985 985 985 985 985 560 560 560 560 560 560 560 431 431 431 967 967 967 967 967 967 967 967 542 542 542 750 750 750 750 750 750 750 731 731 731 731 860 860 860 860 860 860 860 860 890 890 890 890 394 394 394 394 394 394 394 612 612 750 750 750 750 750 750 750 367 367 367 367 367 367 367 860 860 860 860 860 860 860 860 512 512 512 512 512 512 512 
0 1 2 3 4 5 6 7 8 9 10 11 12 13 14 15 16 17 18 19 20 21 22 23 24 25 26 27 28 29 30 31 32 33 34 2 3 4 35 36 37 38 39 40 41 42 43 44 45 46 47 48 49 50 51 52 53 54 55 56 57 58 59 60 61 62 63 64 65 66 67 68 69 70 71 72 73 74 48 49 75 76 77 78 79 80 81 50 51 52 53 54 55 56 57 58 59 60 61 62 63 64 65 66 67 82 83 84 31 32 33 34 42 43 44 45 46 47 35 36 37 38 39 40 41 82 83 84 19 20 21 22 23 24 25 26 5 6 7 85 86 87 88 89 90 91 15 16 17 18 92 93 94 95 96 97 98 99 27 28 29 30 8 9 10 11 12 13 14 0 1 85 86 87 88 89 90 91 68 69 70 71 72 73 74 92 93 94 95 96 97 98 99 75 76 77 78 79 80 81 
60406
17
7 3 2 3 4 6 2 8 7 8 3 4 7 4 7 7 18 
42 11 1 47 25 39 41 21 56 58 6 14 37 21 12 45 41 
70 56 68 49 47 47 43 52 68 70 27 56 48 60 66 70 45 
367 542 612 431 772 985 661 967 750 860 166 731 560 890 394 512 348 
2 2 10 10 10 1 1 1 14 14 14 14 14 14 14 11 11 11 11 7 7 7 7 7 7 7 7 13 13 13 13 4 4 4 4 10 10 10 12 12 12 12 12 12 12 5 5 5 5 5 5 6 6 16 16 16 16 16 16 16 16 16 16 16 16 16 16 16 16 16 16 0 0 0 0 0 0 0 6 6 15 15 15 15 15 15 15 16 16 16 16 16 16 16 16 16 16 16 16 16 16 16 16 16 16 3 3 3 4 4 4 4 5 5 5 5 5 5 12 12 12 12 12 12 12 3 3 3 7 7 7 7 7 7 7 7 1 1 1 8 8 8 8 8 8 8 11 11 11 11 9 9 9 9 9 9 9 9 13 13 13 13 14 14 14 14 14 14 14 2 2 8 8 8 8 8 8 8 0 0 0 0 0 0 0 9 9 9 9 9 9 9 9 15 15 15 15 15 15 15 