725
100
2
3 3 3 3 3 5 5 5 5 6 6 6 6 6 6 11 14 14 14 14 15 15 15 15 15 15 15 15 15 15 15 15 16 16 16 16 16 16 23 23 23 23 23 23 30 30 30 30 30 30 32 32 32 32 32 32 32 34 34 34 34 34 35 35 35 35 35 35 35 35 35 36 36 36 36 37 37 37 37 37 37 40 40 40 40 40 40 40 40 40 40 40 40 40 40 40 40 40 40 40 40 42 42 43 43 43 43 43 43 44 44 44 44 44 44 44 44 44 44 44 44 44 44 44 44 44 44 45 45 45 45 45 45 48 48 48 48 48 48 52 52 54 54 54 54 54 54 54 55 55 59 59 60 61 62 62 64 64 64 64 64 64 64 64 64 64 64 64 64 64 64 64 64 64 64 65 66 66 66 66 67 67 67 67 68 68 68 68 68 69 69 69 69 69 69 70 70 70 70 70 
184 185 186 187 188 119 120 121 122 50 51 52 53 54 55 152 180 181 182 183 57 58 59 60 61 141 142 143 144 145 146 147 113 114 115 116 117 118 44 45 46 47 48 49 38 39 40 41 42 43 9 10 11 12 13 14 82 20 21 22 23 24 109 110 111 112 195 196 197 198 199 176 177 178 179 150 151 123 124 125 126 153 56 157 158 159 160 161 162 163 164 165 166 167 168 169 170 171 172 173 174 139 140 189 190 191 192 193 194 62 63 64 65 32 33 34 35 36 37 5 6 7 8 77 78 79 80 133 134 135 136 137 138 127 128 129 130 131 132 101 102 25 26 27 28 29 30 31 154 155 75 76 15 81 148 149 175 83 84 85 86 87 88 89 90 91 92 93 94 95 96 97 98 99 100 156 71 72 73 74 16 17 18 19 0 1 2 3 4 103 104 105 106 107 108 66 67 68 69 70 
910 910 910 910 910 834 834 834 834 456 456 456 456 456 456 413 662 662 662 662 401 401 401 401 401 394 394 394 394 394 394 394 930 930 930 930 930 930 280 280 280 280 280 280 280 280 280 280 280 280 456 456 456 456 456 456 549 401 401 401 401 401 948 948 948 948 715 715 715 715 715 778 778 778 778 192 192 404 404 404 404 720 549 504 504 504 504 504 504 504 504 504 504 504 504 504 504 504 504 504 504 386 386 334 334 334 334 334 334 948 948 948 948 930 930 930 930 930 930 834 834 834 834 404 404 404 404 893 893 893 893 893 893 893 893 893 893 893 893 386 386 394 394 394 394 394 394 394 164 164 192 192 413 720 164 164 372 504 504 504 504 504 504 504 504 504 504 504 504 504 504 504 504 504 504 372 778 778 778 778 662 662 662 662 910 910 910 910 910 334 334 334 334 334 334 715 715 715 715 715 
0 1 2 3 4 5 6 7 8 9 10 11 12 13 14 15 16 17 18 19 20 21 22 23 24 25 26 27 28 29 30 31 32 33 34 35 36 37 38 39 40 41 42 43 38 39 40 41 42 43 9 10 11 12 13 14 44 20 21 22 23 24 45 46 47 48 49 50 51 52 53 54 55 56 57 58 59 60 61 62 63 64 44 65 66 67 68 69 70 71 72 73 74 75 76 77 78 79 80 81 82 83 84 85 86 87 88 89 90 45 46 47 48 32 33 34 35 36 37 5 6 7 8 60 61 62 63 91 92 93 94 95 96 91 92 93 94 95 96 83 84 25 26 27 28 29 30 31 97 98 58 59 15 64 97 98 99 65 66 67 68 69 70 71 72 73 74 75 76 77 78 79 80 81 82 99 54 55 56 57 16 17 18 19 0 1 2 3 4 85 86 87 88 89 90 49 50 51 52 53 
57360
22
1 6 4 4 2 1 2 5 6 6 6 6 1 5 1 5 4 4 7 2 4 18 
40 23 35 36 42 64 37 15 43 45 16 6 11 35 32 3 5 37 15 55 14 40 
61 30 44 66 52 65 59 34 69 48 44 32 60 70 40 68 44 44 54 62 67 64 
720 280 948 778 386 372 192 401 334 893 930 456 413 715 549 910 834 404 394 164 662 504 
15 15 15 15 15 16 16 16 16 11 11 11 11 11 11 12 20 20 20 20 7 7 7 7 7 18 18 18 18 18 18 18 10 10 10 10 10 10 1 1 1 1 1 1 1 1 1 1 1 1 11 11 11 11 11 11 14 7 7 7 7 7 2 2 2 2 13 13 13 13 13 3 3 3 3 6 6 17 17 17 17 0 14 21 21 21 21 21 21 21 21 21 21 21 21 21 21 21 21 21 21 4 4 8 8 8 8 8 8 2 2 2 2 10 10 10 10 10 10 16 16 16 16 17 17 17 17 9 9 9 9 9 9 9 9 9 9 9 9 4 4 18 18 18 18 18 18 18 19 19 6 6 12 0 19 19 5 21 21 21 21 21 21 21 21 21 21 21 21 21 21 21 21 21 21 5 3 3 3 3 20 20 20 20 15 15 15 15 15 8 8 8 8 8 8 13 13 13 13 13 