973
100
2
2 2 2 2 4 4 4 4 4 4 4 4 4 4 4 4 4 4 4 5 5 5 5 5 5 5 5 5 5 5 5 5 5 5 5 5 5 5 5 7 7 7 7 7 7 7 7 7 7 7 8 8 8 8 8 8 8 8 10 10 10 10 10 10 10 10 10 10 10 10 10 10 10 10 10 10 10 13 13 13 15 15 15 15 15 15 15 15 15 15 15 15 15 15 15 15 15 15 17 17 17 17 17 17 17 17 17 20 20 20 20 20 20 20 20 20 20 20 20 20 20 30 30 30 30 30 30 30 30 31 31 31 31 31 31 31 31 31 36 36 36 36 36 36 38 38 38 38 38 38 38 38 38 43 43 43 45 45 45 51 51 51 51 51 51 54 54 54 64 64 64 64 64 64 64 64 64 64 64 64 64 64 64 64 64 64 64 64 64 70 70 70 70 70 70 70 70 70 70 70 
117 118 119 120 58 59 60 61 62 63 129 130 131 132 133 134 135 136 137 64 65 66 67 68 69 70 71 72 73 74 75 76 91 92 93 94 95 96 97 80 81 82 83 84 85 86 87 88 89 90 121 122 123 124 125 126 127 128 4 5 6 7 8 9 19 20 21 22 23 24 25 26 27 28 29 30 31 165 166 167 39 40 41 42 43 44 45 46 47 48 49 32 33 34 35 36 37 38 144 145 146 147 148 149 150 151 152 168 169 170 171 172 173 174 175 176 177 0 1 2 3 50 51 52 53 54 55 56 57 10 11 12 13 14 15 16 17 18 159 160 161 162 163 164 98 99 100 101 102 103 104 105 106 156 157 158 153 154 155 138 139 140 141 142 143 77 78 79 107 108 109 110 111 112 113 114 115 116 189 190 191 192 193 194 195 196 197 198 199 178 179 180 181 182 183 184 185 186 187 188 
925 925 925 925 952 952 952 952 952 952 535 535 535 535 535 535 535 535 535 932 932 932 932 932 932 932 932 932 932 932 932 932 334 334 334 334 334 334 334 440 440 440 440 440 440 440 440 440 440 440 998 998 998 998 998 998 998 998 952 952 952 952 952 952 932 932 932 932 932 932 932 932 932 932 932 932 932 969 969 969 440 440 440 440 440 440 440 440 440 440 440 334 334 334 334 334 334 334 351 351 351 351 351 351 351 351 351 832 832 832 832 832 832 832 832 832 832 925 925 925 925 998 998 998 998 998 998 998 998 535 535 535 535 535 535 535 535 535 667 667 667 667 667 667 351 351 351 351 351 351 351 351 351 783 783 783 783 783 783 667 667 667 667 667 667 969 969 969 832 832 832 832 832 832 832 832 832 832 319 319 319 319 319 319 319 319 319 319 319 319 319 319 319 319 319 319 319 319 319 319 
0 1 2 3 4 5 6 7 8 9 10 11 12 13 14 15 16 17 18 19 20 21 22 23 24 25 26 27 28 29 30 31 32 33 34 35 36 37 38 39 40 41 42 43 44 45 46 47 48 49 50 51 52 53 54 55 56 57 4 5 6 7 8 9 19 20 21 22 23 24 25 26 27 28 29 30 31 58 59 60 39 40 41 42 43 44 45 46 47 48 49 32 33 34 35 36 37 38 61 62 63 64 65 66 67 68 69 70 71 72 73 74 75 76 77 78 79 0 1 2 3 50 51 52 53 54 55 56 57 10 11 12 13 14 15 16 17 18 80 81 82 83 84 85 61 62 63 64 65 66 67 68 69 86 87 88 86 87 88 80 81 82 83 84 85 58 59 60 70 71 72 73 74 75 76 77 78 79 89 90 91 92 93 94 95 96 97 98 99 89 90 91 92 93 94 95 96 97 98 99 
65751
13
6 3 9 8 13 10 3 9 6 11 4 7 11 
4 43 4 8 5 20 13 17 36 7 2 5 64 
10 45 31 30 10 64 54 38 51 15 20 15 70 
952 783 535 998 932 832 969 351 667 440 925 334 319 
10 10 10 10 0 0 0 0 0 0 2 2 2 2 2 2 2 2 2 4 4 4 4 4 4 4 4 4 4 4 4 4 11 11 11 11 11 11 11 9 9 9 9 9 9 9 9 9 9 9 3 3 3 3 3 3 3 3 0 0 0 0 0 0 4 4 4 4 4 4 4 4 4 4 4 4 4 6 6 6 9 9 9 9 9 9 9 9 9 9 9 11 11 11 11 11 11 11 7 7 7 7 7 7 7 7 7 5 5 5 5 5 5 5 5 5 5 10 10 10 10 3 3 3 3 3 3 3 3 2 2 2 2 2 2 2 2 2 8 8 8 8 8 8 7 7 7 7 7 7 7 7 7 1 1 1 1 1 1 8 8 8 8 8 8 6 6 6 5 5 5 5 5 5 5 5 5 5 12 12 12 12 12 12 12 12 12 12 12 12 12 12 12 12 12 12 12 12 12 12 