904
100
2
5 5 5 5 5 5 5 5 8 8 12 12 12 12 12 12 12 12 12 14 14 14 14 14 14 14 14 14 14 14 14 14 14 15 15 15 15 15 16 16 16 16 16 16 16 16 19 19 19 22 22 22 22 22 22 22 22 22 22 22 22 22 24 24 24 24 24 24 24 24 26 26 30 30 30 30 30 31 31 31 31 31 31 31 31 31 32 32 32 32 32 32 32 32 33 33 33 33 33 33 34 34 34 34 34 34 34 34 34 34 37 37 37 37 37 37 37 37 45 45 48 48 48 48 48 48 48 48 48 48 53 53 53 53 53 53 53 53 53 53 53 53 53 53 53 58 58 58 58 58 61 61 61 61 61 61 61 67 67 67 67 67 67 67 67 67 67 67 67 67 67 67 67 67 67 68 68 68 68 68 68 68 68 68 68 68 69 69 69 69 69 69 69 70 70 70 70 70 70 70 
49 50 51 52 53 54 55 56 70 71 193 194 195 196 197 198 199 143 144 161 162 163 164 165 166 167 168 169 170 171 172 173 174 46 47 48 108 109 110 111 112 113 114 115 116 117 33 34 35 0 1 2 3 4 5 6 7 72 73 74 75 76 100 101 102 103 104 105 106 107 8 9 57 58 59 60 61 145 146 147 148 149 157 158 159 160 122 123 124 125 126 127 128 129 137 138 139 140 141 142 62 63 64 65 66 67 68 69 36 37 38 39 40 41 42 43 44 45 177 178 175 176 86 87 88 89 90 91 92 93 150 151 152 153 154 155 156 94 95 96 97 98 99 17 18 77 78 79 80 81 130 131 132 133 134 135 136 82 83 84 85 19 20 21 22 23 24 25 26 27 28 29 30 31 32 120 121 118 119 186 187 188 189 190 191 192 179 180 181 182 183 184 185 10 11 12 13 14 15 16 
164 164 164 164 164 164 164 164 891 891 432 432 432 432 432 432 432 207 207 437 437 437 437 437 437 437 437 437 437 437 437 437 437 520 520 520 482 482 643 643 643 643 643 643 643 643 520 520 520 164 164 164 164 164 164 164 164 159 159 159 159 159 391 391 391 391 391 391 391 391 891 891 159 159 159 159 159 576 576 576 576 576 470 470 470 470 332 332 332 332 332 332 332 332 974 974 974 974 974 974 391 391 391 391 391 391 391 391 482 482 643 643 643 643 643 643 643 643 379 379 766 766 332 332 332 332 332 332 332 332 403 403 403 403 403 403 403 974 974 974 974 974 974 207 207 576 576 576 576 576 403 403 403 403 403 403 403 470 470 470 470 437 437 437 437 437 437 437 437 437 437 437 437 437 437 766 766 379 379 999 999 999 999 999 999 999 999 999 999 999 999 999 999 432 432 432 432 432 432 432 
0 1 2 3 4 5 6 7 8 9 10 11 12 13 14 15 16 17 18 19 20 21 22 23 24 25 26 27 28 29 30 31 32 33 34 35 36 37 38 39 40 41 42 43 44 45 33 34 35 0 1 2 3 4 5 6 7 46 47 48 49 50 51 52 53 54 55 56 57 58 8 9 46 47 48 49 50 59 60 61 62 63 64 65 66 67 68 69 70 71 72 73 74 75 76 77 78 79 80 81 51 52 53 54 55 56 57 58 36 37 38 39 40 41 42 43 44 45 82 83 84 85 68 69 70 71 72 73 74 75 86 87 88 89 90 91 92 76 77 78 79 80 81 17 18 59 60 61 62 63 86 87 88 89 90 91 92 64 65 66 67 19 20 21 22 23 24 25 26 27 28 29 30 31 32 84 85 82 83 93 94 95 96 97 98 99 93 94 95 96 97 98 99 10 11 12 13 14 15 16 
49605
18
7 5 8 8 6 2 3 8 4 2 2 7 5 8 7 2 2 14 
53 31 5 24 33 48 15 16 31 8 45 12 22 32 68 15 12 14 
61 58 22 34 53 68 19 37 67 26 68 70 30 48 69 34 53 67 
403 576 164 391 974 766 520 643 470 891 379 432 159 332 999 482 207 437 
2 2 2 2 2 2 2 2 9 9 11 11 11 11 11 11 11 16 16 17 17 17 17 17 17 17 17 17 17 17 17 17 17 6 6 6 15 15 7 7 7 7 7 7 7 7 6 6 6 2 2 2 2 2 2 2 2 12 12 12 12 12 3 3 3 3 3 3 3 3 9 9 12 12 12 12 12 1 1 1 1 1 8 8 8 8 13 13 13 13 13 13 13 13 4 4 4 4 4 4 3 3 3 3 3 3 3 3 15 15 7 7 7 7 7 7 7 7 10 10 5 5 13 13 13 13 13 13 13 13 0 0 0 0 0 0 0 4 4 4 4 4 4 16 16 1 1 1 1 1 0 0 0 0 0 0 0 8 8 8 8 17 17 17 17 17 17 17 17 17 17 17 17 17 17 5 5 10 10 14 14 14 14 14 14 14 14 14 14 14 14 14 14 11 11 11 11 11 11 11 