931
100
2
2 2 2 2 2 2 2 2 2 5 5 5 8 8 8 8 8 8 8 9 9 10 11 11 11 11 12 12 12 12 12 12 12 12 15 15 15 15 15 15 16 16 16 16 16 16 16 25 25 27 27 27 27 27 28 28 34 34 34 34 34 34 34 34 34 34 34 35 35 35 36 36 36 37 41 41 41 41 41 41 41 41 43 43 43 43 43 43 43 43 43 43 47 47 47 47 47 47 47 47 47 47 47 47 47 47 47 47 50 50 51 51 51 51 51 51 51 51 51 51 51 51 51 51 53 53 53 53 53 53 53 53 53 53 53 54 54 54 54 54 54 54 54 55 55 55 55 55 55 55 56 56 56 56 56 56 57 57 57 57 57 57 57 57 57 57 57 57 57 57 57 60 60 61 61 63 63 65 65 66 66 67 67 67 67 67 67 67 67 67 67 67 69 69 70 70 70 70 70 70 
19 20 181 182 183 184 185 186 187 82 83 84 98 99 100 101 102 103 104 0 1 73 188 189 190 191 135 136 137 138 139 140 141 142 150 151 152 153 154 155 143 144 145 146 147 148 149 179 180 156 157 158 159 160 177 178 124 125 126 127 128 129 130 131 132 133 134 105 106 107 161 162 163 21 110 111 112 113 114 115 116 117 9 10 11 164 165 166 167 168 169 170 194 195 196 197 198 199 12 13 14 15 16 17 18 67 68 69 120 121 74 75 76 77 78 79 80 81 192 193 108 109 171 172 56 57 58 59 60 61 62 63 64 65 66 26 27 28 29 30 31 32 33 40 41 42 43 44 45 46 34 35 36 37 38 39 49 50 51 52 53 70 71 72 85 86 87 88 89 90 91 122 123 175 176 173 174 54 55 47 48 2 3 4 5 6 7 8 22 23 24 25 118 119 92 93 94 95 96 97 
403 403 667 667 667 667 667 667 667 179 179 179 257 257 257 257 257 257 257 403 403 262 446 446 446 446 222 222 222 222 222 222 222 222 377 377 377 377 377 377 958 958 958 958 958 958 958 276 276 387 387 387 387 387 396 396 531 531 531 531 531 531 531 531 531 531 531 722 722 722 962 962 962 262 443 443 443 443 443 443 443 443 179 179 179 348 348 348 348 348 348 348 178 178 178 178 178 178 257 257 257 257 257 257 257 722 722 722 810 810 443 443 443 443 443 443 443 443 925 925 810 810 940 940 531 531 531 531 531 531 531 531 531 531 531 222 222 222 222 222 222 222 222 958 958 958 958 958 958 958 377 377 377 377 377 377 387 387 387 387 387 962 962 962 348 348 348 348 348 348 348 940 940 866 866 866 866 396 396 276 276 667 667 667 667 667 667 667 446 446 446 446 925 925 178 178 178 178 178 178 
0 1 2 3 4 5 6 7 8 9 10 11 12 13 14 15 16 17 18 0 1 19 20 21 22 23 24 25 26 27 28 29 30 31 32 33 34 35 36 37 38 39 40 41 42 43 44 45 46 47 48 49 50 51 52 53 54 55 56 57 58 59 60 61 62 63 64 65 66 67 68 69 70 19 71 72 73 74 75 76 77 78 9 10 11 79 80 81 82 83 84 85 86 87 88 89 90 91 12 13 14 15 16 17 18 65 66 67 92 93 71 72 73 74 75 76 77 78 94 95 92 93 96 97 54 55 56 57 58 59 60 61 62 63 64 24 25 26 27 28 29 30 31 38 39 40 41 42 43 44 32 33 34 35 36 37 47 48 49 50 51 68 69 70 79 80 81 82 83 84 85 96 97 98 99 98 99 52 53 45 46 2 3 4 5 6 7 8 20 21 22 23 94 95 86 87 88 89 90 91 
48903
22
5 2 6 3 7 6 7 4 3 8 2 1 2 2 2 2 3 2 7 8 7 11 
27 2 15 5 2 47 8 11 36 41 28 10 51 61 25 50 35 51 16 12 43 34 
57 9 56 43 67 70 47 67 57 51 65 37 69 63 66 51 47 60 55 54 57 53 
387 403 377 179 667 178 257 446 962 443 396 262 925 866 276 810 722 940 958 222 348 531 
1 1 4 4 4 4 4 4 4 3 3 3 6 6 6 6 6 6 6 1 1 11 7 7 7 7 19 19 19 19 19 19 19 19 2 2 2 2 2 2 18 18 18 18 18 18 18 14 14 0 0 0 0 0 10 10 21 21 21 21 21 21 21 21 21 21 21 16 16 16 8 8 8 11 9 9 9 9 9 9 9 9 3 3 3 20 20 20 20 20 20 20 5 5 5 5 5 5 6 6 6 6 6 6 6 16 16 16 15 15 9 9 9 9 9 9 9 9 12 12 15 15 17 17 21 21 21 21 21 21 21 21 21 21 21 19 19 19 19 19 19 19 19 18 18 18 18 18 18 18 2 2 2 2 2 2 0 0 0 0 0 8 8 8 20 20 20 20 20 20 20 17 17 13 13 13 13 10 10 14 14 4 4 4 4 4 4 4 7 7 7 7 12 12 5 5 5 5 5 5 