882
100
2
1 1 1 1 2 2 2 2 2 2 2 2 2 2 2 4 4 4 4 6 6 6 6 7 8 8 8 8 9 9 10 10 10 12 12 12 12 12 12 12 12 12 12 12 13 13 13 13 13 13 13 13 14 14 14 14 14 15 15 15 15 15 19 19 19 19 19 20 21 22 22 22 22 23 23 23 23 24 24 24 24 24 24 27 27 27 30 30 30 30 31 31 31 35 35 35 35 35 35 35 35 35 35 35 35 35 35 35 35 35 35 35 35 35 35 35 35 35 37 37 37 40 40 41 41 41 42 42 44 44 44 44 44 45 45 45 45 48 48 48 48 48 48 48 49 49 52 56 56 56 56 56 58 58 58 58 58 58 58 58 58 58 58 58 58 58 58 58 58 58 59 59 59 59 59 59 61 61 61 61 61 63 63 63 63 63 63 63 64 64 64 64 65 65 65 67 67 67 67 70 
15 16 17 18 192 193 194 73 74 75 76 140 141 142 143 0 1 2 3 67 77 78 79 182 195 196 197 198 126 127 47 48 146 69 70 71 72 62 63 64 65 66 144 145 93 94 95 30 31 171 121 122 176 177 178 179 180 128 129 130 131 132 37 38 39 40 41 19 199 33 34 35 36 7 8 9 10 20 21 22 189 190 191 134 135 136 96 97 98 99 118 119 120 44 45 46 86 87 88 89 152 153 154 155 156 157 158 159 160 161 162 163 164 165 166 167 168 169 90 91 92 50 51 137 138 139 28 29 57 58 59 60 61 170 83 84 85 123 124 125 11 12 13 14 42 43 32 183 184 185 186 187 100 101 102 103 104 105 106 107 108 109 110 111 112 113 114 115 116 117 133 49 173 172 175 174 52 53 54 55 56 188 23 147 148 149 150 151 181 80 81 82 4 5 6 24 25 26 27 68 
989 989 989 989 221 221 221 568 568 568 568 341 341 341 341 989 989 989 989 579 197 197 197 341 805 805 805 805 583 583 741 741 473 403 403 403 403 391 391 391 391 391 552 552 298 298 298 741 741 669 921 921 536 536 536 536 536 709 709 709 709 709 391 391 391 391 391 579 477 403 403 403 403 568 568 568 568 197 197 197 535 535 535 480 480 480 235 235 235 235 685 685 685 298 298 298 235 235 235 235 918 918 918 918 918 918 918 918 918 918 918 918 918 918 918 918 918 918 685 685 685 921 921 675 675 675 583 583 709 709 709 709 709 552 480 480 480 675 675 675 341 341 341 341 552 552 473 463 463 463 463 463 918 918 918 918 918 918 918 918 918 918 918 918 918 918 918 918 918 918 552 669 948 948 948 948 536 536 536 536 536 373 341 463 463 463 463 463 373 535 535 535 221 221 221 805 805 805 805 477 
0 1 2 3 4 5 6 7 8 9 10 11 12 13 14 0 1 2 3 15 16 17 18 19 20 21 22 23 24 25 26 27 28 29 30 31 32 33 34 35 36 37 38 39 40 41 42 26 27 43 44 45 46 47 48 49 50 51 52 53 54 55 33 34 35 36 37 15 56 29 30 31 32 7 8 9 10 16 17 18 57 58 59 60 61 62 63 64 65 66 67 68 69 40 41 42 63 64 65 66 70 71 72 73 74 75 76 77 78 79 80 81 82 83 84 85 86 87 67 68 69 44 45 88 89 90 24 25 51 52 53 54 55 91 60 61 62 88 89 90 11 12 13 14 38 39 28 92 93 94 95 96 70 71 72 73 74 75 76 77 78 79 80 81 82 83 84 85 86 87 91 43 97 97 98 98 46 47 48 49 50 99 19 92 93 94 95 96 99 57 58 59 4 5 6 20 21 22 23 56 
60610
30
3 3 4 5 1 1 1 4 2 1 1 5 2 5 1 1 4 2 3 5 3 4 3 3 4 2 3 2 4 18 
13 2 30 14 21 45 63 12 10 6 10 12 12 15 7 13 1 9 27 56 31 8 41 6 2 59 24 13 2 35 
35 65 35 61 70 59 64 22 13 20 52 19 49 44 63 59 4 42 45 63 37 67 48 24 23 59 64 40 48 58 
298 221 235 536 477 552 373 403 741 579 473 391 552 709 341 669 989 583 480 463 685 805 675 197 568 948 535 921 341 918 
16 16 16 16 1 1 1 24 24 24 24 28 28 28 28 16 16 16 16 9 23 23 23 14 21 21 21 21 17 17 8 8 10 7 7 7 7 11 11 11 11 11 12 12 0 0 0 8 8 15 27 27 3 3 3 3 3 13 13 13 13 13 11 11 11 11 11 9 4 7 7 7 7 24 24 24 24 23 23 23 26 26 26 18 18 18 2 2 2 2 20 20 20 0 0 0 2 2 2 2 29 29 29 29 29 29 29 29 29 29 29 29 29 29 29 29 29 29 20 20 20 27 27 22 22 22 17 17 13 13 13 13 13 5 18 18 18 22 22 22 28 28 28 28 12 12 10 19 19 19 19 19 29 29 29 29 29 29 29 29 29 29 29 29 29 29 29 29 29 29 5 15 25 25 25 25 3 3 3 3 3 6 14 19 19 19 19 19 6 26 26 26 1 1 1 21 21 21 21 4 