107
100
2
1 1 1 1 1 1 1 1 1 1 1 2 2 2 6 6 6 6 6 6 6 6 15 15 15 15 15 15 15 15 16 16 16 16 16 16 16 16 16 16 16 17 17 17 17 17 17 19 19 20 20 20 20 20 20 24 24 24 26 26 26 26 26 26 26 26 26 26 26 26 26 26 26 26 26 26 26 26 29 30 30 31 31 31 31 32 32 32 32 32 32 32 33 34 34 34 35 35 39 39 39 39 40 40 40 40 40 40 40 40 41 41 41 42 42 42 42 42 47 47 47 47 47 47 47 47 47 47 47 47 47 47 47 47 47 47 47 47 49 49 49 49 49 49 49 51 56 56 56 58 58 58 58 62 62 62 62 63 63 63 63 63 63 63 63 63 63 63 63 63 63 64 64 64 64 64 64 64 64 65 65 65 65 65 65 65 65 67 67 67 67 67 67 67 69 69 69 69 70 70 
93 94 95 171 172 173 174 175 176 177 178 115 116 117 102 103 104 105 106 107 108 109 92 138 139 140 141 142 143 144 41 42 43 44 45 46 110 111 112 194 195 30 31 32 33 34 35 198 199 165 166 167 168 169 170 146 147 148 118 119 120 121 122 123 124 125 126 127 128 129 130 131 132 133 134 135 136 137 145 113 114 98 99 100 101 187 188 189 190 191 192 193 22 0 1 2 196 197 81 82 83 84 14 15 16 17 18 19 20 21 36 37 38 79 80 11 12 13 58 59 60 61 62 63 64 65 66 67 68 69 70 71 72 73 74 75 76 77 23 24 25 26 27 28 29 78 55 56 57 153 154 155 156 149 150 151 152 179 180 181 182 183 184 185 186 49 50 51 52 53 54 3 4 5 6 7 8 9 10 157 158 159 160 161 162 163 164 85 86 87 88 89 90 91 39 40 96 97 47 48 
828 828 828 213 213 213 213 213 213 213 213 187 187 187 882 882 882 882 882 882 882 882 676 707 707 707 707 707 707 707 303 303 303 303 303 303 352 352 352 563 563 303 303 303 303 303 303 741 741 660 660 660 660 660 660 308 308 308 332 332 332 332 332 332 332 332 332 332 332 332 332 332 332 332 332 332 332 332 646 535 535 417 417 417 417 805 805 805 805 805 805 805 676 828 828 828 416 416 417 417 417 417 882 882 882 882 882 882 882 882 352 352 352 535 535 187 187 187 332 332 332 332 332 332 332 332 332 332 332 332 332 332 332 332 332 332 332 332 707 707 707 707 707 707 707 646 308 308 308 829 829 829 829 829 829 829 829 819 819 819 819 819 819 819 819 660 660 660 660 660 660 213 213 213 213 213 213 213 213 819 819 819 819 819 819 819 819 805 805 805 805 805 805 805 563 563 416 416 741 741 
0 1 2 3 4 5 6 7 8 9 10 11 12 13 14 15 16 17 18 19 20 21 22 23 24 25 26 27 28 29 30 31 32 33 34 35 36 37 38 39 40 30 31 32 33 34 35 41 42 43 44 45 46 47 48 49 50 51 52 53 54 55 56 57 58 59 60 61 62 63 64 65 66 67 68 69 70 71 72 73 74 75 76 77 78 79 80 81 82 83 84 85 22 0 1 2 86 87 75 76 77 78 14 15 16 17 18 19 20 21 36 37 38 73 74 11 12 13 52 53 54 55 56 57 58 59 60 61 62 63 64 65 66 67 68 69 70 71 23 24 25 26 27 28 29 72 49 50 51 88 89 90 91 88 89 90 91 92 93 94 95 96 97 98 99 43 44 45 46 47 48 3 4 5 6 7 8 9 10 92 93 94 95 96 97 98 99 79 80 81 82 83 84 85 39 40 86 87 41 42 
54155
20
3 8 6 8 2 4 4 3 7 6 1 3 1 2 2 7 8 2 3 20 
1 63 16 6 30 58 31 24 32 20 15 16 29 16 19 15 1 35 2 26 
34 65 17 40 42 62 39 56 67 63 33 41 51 69 70 49 64 69 42 47 
828 819 303 882 535 829 417 308 805 660 676 352 646 563 741 707 213 416 187 332 
0 0 0 16 16 16 16 16 16 16 16 18 18 18 3 3 3 3 3 3 3 3 10 15 15 15 15 15 15 15 2 2 2 2 2 2 11 11 11 13 13 2 2 2 2 2 2 14 14 9 9 9 9 9 9 7 7 7 19 19 19 19 19 19 19 19 19 19 19 19 19 19 19 19 19 19 19 19 12 4 4 6 6 6 6 8 8 8 8 8 8 8 10 0 0 0 17 17 6 6 6 6 3 3 3 3 3 3 3 3 11 11 11 4 4 18 18 18 19 19 19 19 19 19 19 19 19 19 19 19 19 19 19 19 19 19 19 19 15 15 15 15 15 15 15 12 7 7 7 5 5 5 5 5 5 5 5 1 1 1 1 1 1 1 1 9 9 9 9 9 9 16 16 16 16 16 16 16 16 1 1 1 1 1 1 1 1 8 8 8 8 8 8 8 13 13 17 17 14 14 