727
100
2
1 1 1 1 1 1 1 1 1 2 2 2 2 7 7 7 7 7 7 7 7 9 9 9 9 9 9 9 10 10 10 11 11 11 12 12 12 13 13 13 13 13 13 13 13 13 13 13 13 13 13 13 14 14 14 14 16 16 16 16 16 16 16 16 17 17 17 19 19 19 19 20 20 20 20 20 20 20 20 22 22 22 22 22 22 22 22 25 25 25 25 25 26 26 26 26 26 26 26 26 28 29 29 29 29 30 30 30 30 30 31 31 31 31 31 32 32 33 33 33 33 33 34 34 34 34 36 36 36 38 38 38 38 38 40 40 40 40 43 43 44 44 44 44 44 44 44 44 44 44 44 44 45 45 45 45 45 45 47 47 50 53 53 53 53 53 53 58 58 58 58 60 60 60 62 62 62 62 62 64 64 64 64 64 64 64 64 64 64 64 64 64 64 64 64 64 66 66 66 66 
59 60 61 62 63 134 135 136 137 148 149 150 151 126 127 128 174 175 176 177 178 67 96 97 98 99 143 144 171 172 173 79 80 81 64 65 66 181 182 183 184 185 186 187 188 189 190 191 192 193 194 195 152 155 156 157 68 69 70 0 1 2 3 4 34 35 36 21 56 57 58 110 111 112 113 114 145 146 147 31 32 33 87 88 89 90 91 82 83 84 85 86 167 168 169 170 22 23 24 25 142 122 123 124 125 129 130 131 132 133 71 72 73 74 75 158 159 161 162 163 164 165 101 102 103 104 13 14 15 105 106 107 108 109 5 6 7 8 196 197 153 154 100 26 27 76 77 78 9 10 11 12 52 140 141 53 54 55 115 116 166 117 118 119 120 121 160 92 93 94 95 28 29 30 16 17 18 19 20 198 199 37 38 39 40 41 42 43 44 45 46 47 48 49 50 51 138 139 179 180 
614 614 614 614 614 833 833 833 833 753 753 753 753 828 828 828 337 337 337 337 337 459 436 436 436 436 653 653 746 746 746 797 797 797 329 329 329 763 763 763 763 763 763 763 763 763 763 763 763 763 763 763 362 220 220 220 846 846 846 614 614 614 614 614 329 329 329 459 846 846 846 634 634 634 634 634 728 728 728 797 797 797 797 797 797 797 797 797 797 797 797 797 242 242 242 242 436 436 436 436 595 381 381 381 381 918 918 918 918 918 634 634 634 634 634 303 303 517 517 517 517 517 381 381 381 381 828 828 828 918 918 918 918 918 833 833 833 833 664 664 967 967 595 653 653 728 728 728 753 753 753 753 362 967 967 220 220 220 303 303 415 517 517 517 517 517 415 242 242 242 242 746 746 746 337 337 337 337 337 943 943 763 763 763 763 763 763 763 763 763 763 763 763 763 763 763 664 664 943 943 
0 1 2 3 4 5 6 7 8 9 10 11 12 13 14 15 16 17 18 19 20 21 22 23 24 25 26 27 28 29 30 31 32 33 34 35 36 37 38 39 40 41 42 43 44 45 46 47 48 49 50 51 52 53 54 55 56 57 58 0 1 2 3 4 34 35 36 21 56 57 58 59 60 61 62 63 64 65 66 31 32 33 67 68 69 70 71 67 68 69 70 71 72 73 74 75 22 23 24 25 76 77 78 79 80 81 82 83 84 85 59 60 61 62 63 86 87 88 89 90 91 92 77 78 79 80 13 14 15 81 82 83 84 85 5 6 7 8 93 94 95 96 76 26 27 64 65 66 9 10 11 12 52 95 96 53 54 55 86 87 97 88 89 90 91 92 97 72 73 74 75 28 29 30 16 17 18 19 20 98 99 37 38 39 40 41 42 43 44 45 46 47 48 49 50 51 93 94 98 99 
63483
28
4 5 5 1 3 2 1 4 3 5 5 2 1 5 1 2 3 4 2 5 3 4 3 3 2 4 3 15 
26 30 33 50 7 32 14 29 11 20 7 44 28 22 9 43 16 9 9 1 10 1 20 12 64 2 14 13 
58 38 53 53 36 47 45 34 22 31 62 45 44 25 19 66 19 26 44 16 60 40 44 17 66 44 45 64 
242 918 517 415 828 303 362 381 797 634 337 967 595 797 459 664 846 436 653 614 746 833 728 329 943 753 220 763 
19 19 19 19 19 21 21 21 21 25 25 25 25 4 4 4 10 10 10 10 10 14 17 17 17 17 18 18 20 20 20 8 8 8 23 23 23 27 27 27 27 27 27 27 27 27 27 27 27 27 27 27 6 26 26 26 16 16 16 19 19 19 19 19 23 23 23 14 16 16 16 9 9 9 9 9 22 22 22 8 8 8 13 13 13 13 13 13 13 13 13 13 0 0 0 0 17 17 17 17 12 7 7 7 7 1 1 1 1 1 9 9 9 9 9 5 5 2 2 2 2 2 7 7 7 7 4 4 4 1 1 1 1 1 21 21 21 21 15 15 11 11 12 18 18 22 22 22 25 25 25 25 6 11 11 26 26 26 5 5 3 2 2 2 2 2 3 0 0 0 0 20 20 20 10 10 10 10 10 24 24 27 27 27 27 27 27 27 27 27 27 27 27 27 27 27 15 15 24 24 