641
100
2
3 3 3 3 3 3 3 3 3 3 3 4 4 6 6 6 6 6 6 6 7 7 8 8 8 8 8 8 9 9 9 9 12 12 12 12 12 12 16 16 16 16 16 16 16 16 16 16 17 17 17 17 17 17 17 17 17 17 17 17 17 17 17 17 17 17 18 18 18 18 18 25 25 25 25 25 28 29 29 29 29 29 29 29 29 29 29 29 30 31 31 31 31 31 31 31 31 31 37 37 37 37 39 39 39 39 39 39 39 43 43 43 43 43 43 43 43 43 43 43 43 43 43 43 43 43 43 45 45 45 45 45 45 45 45 45 45 45 45 47 47 47 48 48 48 48 48 48 48 48 48 48 50 50 50 50 50 50 50 50 50 53 53 56 56 56 56 56 56 59 59 59 59 59 59 59 59 59 59 59 59 60 60 60 60 60 60 68 68 68 68 68 68 69 69 69 69 69 69 69 
133 134 135 136 137 138 71 72 73 74 75 98 99 38 39 40 41 42 43 44 107 108 89 90 91 92 93 94 142 143 144 145 146 147 148 149 150 151 13 14 15 16 17 18 19 158 159 160 109 110 111 112 113 114 115 116 117 118 119 120 121 122 123 124 125 126 176 177 178 179 180 6 7 8 9 10 88 127 128 129 130 131 132 100 101 95 96 97 76 22 23 24 25 26 27 85 86 87 11 12 83 84 161 162 139 140 141 20 21 48 49 50 51 52 53 54 55 56 57 58 59 60 61 62 63 64 65 77 78 79 80 81 82 0 1 2 3 4 5 104 105 106 28 29 30 31 32 33 34 35 36 37 181 182 183 184 185 186 45 46 47 102 103 187 188 189 190 191 192 193 194 195 196 197 198 199 66 67 68 69 70 152 153 154 155 156 157 163 164 165 166 167 168 169 170 171 172 173 174 175 
357 357 357 357 357 357 406 406 406 406 406 577 577 539 539 539 539 539 539 539 764 764 209 209 209 209 209 209 429 429 429 429 854 854 854 854 854 854 539 539 539 539 539 539 539 874 874 874 881 881 881 881 881 881 881 881 881 881 881 881 881 881 881 881 881 881 631 631 631 631 631 406 406 406 406 406 867 995 995 995 995 995 995 767 767 751 751 751 867 209 209 209 209 209 209 751 751 751 577 577 767 767 579 579 869 869 869 764 764 881 881 881 881 881 881 881 881 881 881 881 881 881 881 881 881 881 881 995 995 995 995 995 995 357 357 357 357 357 357 869 869 869 429 429 429 429 854 854 854 854 854 854 387 387 387 387 387 387 874 874 874 579 579 191 191 191 191 191 191 593 593 593 593 593 593 593 631 631 631 631 631 387 387 387 387 387 387 191 191 191 191 191 191 593 593 593 593 593 593 593 
0 1 2 3 4 5 6 7 8 9 10 11 12 13 14 15 16 17 18 19 20 21 22 23 24 25 26 27 28 29 30 31 32 33 34 35 36 37 13 14 15 16 17 18 19 38 39 40 41 42 43 44 45 46 47 48 49 50 51 52 53 54 55 56 57 58 59 60 61 62 63 6 7 8 9 10 64 65 66 67 68 69 70 71 72 73 74 75 64 22 23 24 25 26 27 73 74 75 11 12 71 72 76 77 78 79 80 20 21 41 42 43 44 45 46 47 48 49 50 51 52 53 54 55 56 57 58 65 66 67 68 69 70 0 1 2 3 4 5 78 79 80 28 29 30 31 32 33 34 35 36 37 81 82 83 84 85 86 38 39 40 76 77 87 88 89 90 91 92 93 94 95 96 97 98 99 59 60 61 62 63 81 82 83 84 85 86 87 88 89 90 91 92 93 94 95 96 97 98 99 
62364
20
4 2 6 1 2 2 6 3 6 3 6 2 6 6 5 7 3 7 5 18 
9 4 29 28 39 29 8 39 12 29 3 7 56 50 3 6 16 59 18 17 
48 37 45 30 53 37 31 47 48 31 45 39 68 60 25 16 50 69 59 43 
429 577 995 867 579 767 209 869 854 751 357 764 191 387 406 539 874 593 631 881 
10 10 10 10 10 10 14 14 14 14 14 1 1 15 15 15 15 15 15 15 11 11 6 6 6 6 6 6 0 0 0 0 8 8 8 8 8 8 15 15 15 15 15 15 15 16 16 16 19 19 19 19 19 19 19 19 19 19 19 19 19 19 19 19 19 19 18 18 18 18 18 14 14 14 14 14 3 2 2 2 2 2 2 5 5 9 9 9 3 6 6 6 6 6 6 9 9 9 1 1 5 5 4 4 7 7 7 11 11 19 19 19 19 19 19 19 19 19 19 19 19 19 19 19 19 19 19 2 2 2 2 2 2 10 10 10 10 10 10 7 7 7 0 0 0 0 8 8 8 8 8 8 13 13 13 13 13 13 16 16 16 4 4 12 12 12 12 12 12 17 17 17 17 17 17 17 18 18 18 18 18 13 13 13 13 13 13 12 12 12 12 12 12 17 17 17 17 17 17 17 