886
100
2
2 3 3 3 3 3 3 3 3 3 3 3 3 3 6 6 6 6 6 6 6 6 8 8 8 8 8 9 9 10 10 10 10 10 10 14 14 14 14 18 18 18 18 18 18 18 18 18 19 19 19 19 19 24 24 24 24 24 24 24 25 25 25 25 25 25 25 25 25 25 25 25 25 25 25 25 26 26 26 26 27 27 27 27 27 27 28 28 28 28 29 29 29 29 30 30 30 30 30 30 31 31 31 31 31 34 34 34 34 34 34 34 34 36 36 36 40 40 41 41 44 44 44 44 44 50 50 50 50 51 51 51 51 51 51 51 51 51 54 54 54 57 57 57 57 57 57 57 57 57 57 57 57 59 59 59 62 62 62 62 62 62 62 62 62 62 62 62 65 65 65 66 66 66 66 66 66 66 66 67 67 67 67 67 67 67 67 67 67 67 67 67 67 67 67 69 69 69 69 69 
140 171 172 173 5 4 7 6 9 8 11 10 13 12 129 130 131 132 133 168 169 170 100 101 102 103 104 111 112 105 106 107 108 109 110 86 87 88 89 195 196 197 198 199 141 142 143 144 120 121 122 123 124 161 162 163 164 165 166 167 179 180 181 182 183 184 185 186 187 188 189 190 191 192 193 194 90 91 92 93 94 95 96 97 98 99 35 36 37 38 76 77 78 79 80 81 82 83 84 85 22 23 24 25 26 29 30 31 32 33 34 27 28 153 154 155 138 139 177 178 48 49 50 51 52 134 135 136 137 14 15 16 17 18 125 126 127 128 116 117 0 44 45 46 47 156 157 158 159 160 174 175 176 113 114 115 145 146 147 148 149 53 54 55 56 57 58 59 19 20 21 1 2 3 150 151 152 118 119 60 61 62 63 64 65 66 67 68 69 70 71 72 73 74 75 39 40 41 42 43 
839 475 475 475 267 267 267 267 267 267 267 267 267 267 347 347 347 347 347 245 245 245 479 479 479 479 479 250 250 219 219 219 219 219 219 379 379 379 379 962 962 962 962 962 797 797 797 797 893 893 893 893 893 604 604 604 604 604 604 604 777 777 777 777 777 777 777 777 777 777 777 777 777 777 777 777 600 600 600 600 607 607 607 607 607 607 379 379 379 379 600 600 600 600 607 607 607 607 607 607 479 479 479 479 479 219 219 219 219 219 219 250 250 1000 1000 1000 699 699 284 284 893 893 893 893 893 370 370 370 370 347 347 347 347 347 370 370 370 370 699 699 839 797 797 797 797 540 540 540 540 540 452 452 452 1000 1000 1000 540 540 540 540 540 604 604 604 604 604 604 604 245 245 245 475 475 475 452 452 452 284 284 777 777 777 777 777 777 777 777 777 777 777 777 777 777 777 777 962 962 962 962 962 
0 1 2 3 4 4 5 5 6 6 7 7 8 8 9 10 11 12 13 14 15 16 17 18 19 20 21 22 23 24 25 26 27 28 29 30 31 32 33 34 35 36 37 38 39 40 41 42 43 44 45 46 47 48 49 50 51 52 53 54 55 56 57 58 59 60 61 62 63 64 65 66 67 68 69 70 71 72 73 74 75 76 77 78 79 80 30 31 32 33 71 72 73 74 75 76 77 78 79 80 17 18 19 20 21 24 25 26 27 28 29 22 23 81 82 83 84 85 86 87 43 44 45 46 47 88 89 90 91 9 10 11 12 13 88 89 90 91 84 85 0 39 40 41 42 92 93 94 95 96 97 98 99 81 82 83 92 93 94 95 96 48 49 50 51 52 53 54 14 15 16 1 2 3 97 98 99 86 87 55 56 57 58 59 60 61 62 63 64 65 66 67 68 69 70 34 35 36 37 38 
57461
22
6 5 5 2 4 3 6 5 5 2 1 5 3 5 2 3 7 4 4 3 4 16 
10 18 6 9 18 3 27 57 3 40 2 19 57 8 41 36 24 14 50 6 26 25 
34 69 51 34 57 66 30 62 3 54 54 44 66 31 66 59 62 28 51 65 29 67 
219 962 347 250 797 475 607 540 267 699 839 893 452 479 284 1000 604 379 370 245 600 777 
10 5 5 5 8 8 8 8 8 8 8 8 8 8 2 2 2 2 2 19 19 19 13 13 13 13 13 3 3 0 0 0 0 0 0 17 17 17 17 1 1 1 1 1 4 4 4 4 11 11 11 11 11 16 16 16 16 16 16 16 21 21 21 21 21 21 21 21 21 21 21 21 21 21 21 21 20 20 20 20 6 6 6 6 6 6 17 17 17 17 20 20 20 20 6 6 6 6 6 6 13 13 13 13 13 0 0 0 0 0 0 3 3 15 15 15 9 9 14 14 11 11 11 11 11 18 18 18 18 2 2 2 2 2 18 18 18 18 9 9 10 4 4 4 4 7 7 7 7 7 12 12 12 15 15 15 7 7 7 7 7 16 16 16 16 16 16 16 19 19 19 5 5 5 12 12 12 14 14 21 21 21 21 21 21 21 21 21 21 21 21 21 21 21 21 1 1 1 1 1 