812
100
2
4 4 4 4 4 4 6 6 6 6 6 6 12 12 12 12 12 12 12 12 12 12 12 12 12 12 13 13 13 13 13 13 14 14 14 14 14 14 14 14 14 14 14 14 19 19 19 19 19 19 20 20 20 20 20 20 20 29 29 29 29 29 29 29 29 29 32 32 32 32 32 32 32 32 32 38 38 38 38 38 38 38 38 38 38 38 38 38 38 38 38 38 38 38 39 39 39 39 39 39 39 39 40 40 40 40 40 40 40 43 43 43 43 43 43 43 43 43 43 43 43 43 43 43 44 44 44 44 44 44 44 44 44 44 44 44 44 44 44 44 44 44 44 44 44 44 44 44 44 60 60 60 60 60 60 60 60 60 60 60 62 62 62 62 62 63 63 63 63 63 63 63 63 63 63 63 63 63 63 63 63 63 63 63 63 63 68 68 68 68 68 68 68 70 70 70 70 70 70 70 
6 7 8 9 10 11 0 1 2 3 4 5 172 173 174 175 176 177 178 179 180 181 182 183 184 185 44 45 46 47 48 49 137 138 139 140 141 142 143 144 145 146 147 148 26 27 28 29 30 31 193 194 195 196 197 198 199 66 67 68 69 70 71 72 73 74 57 58 59 60 61 62 63 64 65 149 150 151 152 153 154 155 156 157 158 159 109 110 111 112 113 114 115 116 124 125 126 127 128 129 130 131 165 166 167 168 169 170 171 86 87 88 89 90 91 92 93 186 187 188 189 190 191 192 94 95 96 97 98 99 100 101 160 161 162 163 164 32 33 34 35 36 37 38 39 40 41 42 43 75 76 77 78 79 80 81 82 83 84 85 132 133 134 135 136 102 103 104 105 106 107 108 12 13 14 15 16 17 18 19 20 21 22 23 24 25 117 118 119 120 121 122 123 50 51 52 53 54 55 56 
915 915 915 915 915 915 915 915 915 915 915 915 243 243 243 243 243 243 243 243 243 243 243 243 243 243 928 928 928 928 928 928 774 774 774 774 774 774 774 774 774 774 774 774 928 928 928 928 928 928 586 586 586 586 586 586 586 239 239 239 239 239 239 239 239 239 239 239 239 239 239 239 239 239 239 590 590 590 590 590 590 590 590 590 590 590 726 726 726 726 726 726 726 726 957 957 957 957 957 957 957 957 499 499 499 499 499 499 499 726 726 726 726 726 726 726 726 160 160 160 160 160 160 160 957 957 957 957 957 957 957 957 664 664 664 664 664 774 774 774 774 774 774 774 774 774 774 774 774 590 590 590 590 590 590 590 590 590 590 590 664 664 664 664 664 499 499 499 499 499 499 499 243 243 243 243 243 243 243 243 243 243 243 243 243 243 160 160 160 160 160 160 160 586 586 586 586 586 586 586 
0 1 2 3 4 5 0 1 2 3 4 5 6 7 8 9 10 11 12 13 14 15 16 17 18 19 20 21 22 23 24 25 26 27 28 29 30 31 32 33 34 35 36 37 20 21 22 23 24 25 38 39 40 41 42 43 44 45 46 47 48 49 50 51 52 53 45 46 47 48 49 50 51 52 53 54 55 56 57 58 59 60 61 62 63 64 65 66 67 68 69 70 71 72 73 74 75 76 77 78 79 80 81 82 83 84 85 86 87 65 66 67 68 69 70 71 72 88 89 90 91 92 93 94 73 74 75 76 77 78 79 80 95 96 97 98 99 26 27 28 29 30 31 32 33 34 35 36 37 54 55 56 57 58 59 60 61 62 63 64 95 96 97 98 99 81 82 83 84 85 86 87 6 7 8 9 10 11 12 13 14 15 16 17 18 19 88 89 90 91 92 93 94 38 39 40 41 42 43 44 
57888
12
8 5 6 11 9 6 7 7 8 7 12 14 
39 44 13 38 29 4 40 20 38 43 14 12 
44 62 19 60 32 6 63 70 43 68 44 63 
957 664 928 590 239 915 499 586 726 160 774 243 
5 5 5 5 5 5 5 5 5 5 5 5 11 11 11 11 11 11 11 11 11 11 11 11 11 11 2 2 2 2 2 2 10 10 10 10 10 10 10 10 10 10 10 10 2 2 2 2 2 2 7 7 7 7 7 7 7 4 4 4 4 4 4 4 4 4 4 4 4 4 4 4 4 4 4 3 3 3 3 3 3 3 3 3 3 3 8 8 8 8 8 8 8 8 0 0 0 0 0 0 0 0 6 6 6 6 6 6 6 8 8 8 8 8 8 8 8 9 9 9 9 9 9 9 0 0 0 0 0 0 0 0 1 1 1 1 1 10 10 10 10 10 10 10 10 10 10 10 10 3 3 3 3 3 3 3 3 3 3 3 1 1 1 1 1 6 6 6 6 6 6 6 11 11 11 11 11 11 11 11 11 11 11 11 11 11 9 9 9 9 9 9 9 7 7 7 7 7 7 7 