431
100
2
1 3 3 3 3 3 3 3 3 3 3 3 3 3 3 3 3 3 3 3 6 7 7 7 7 8 8 8 8 9 9 9 9 10 10 10 10 10 10 11 11 11 13 13 13 13 15 15 15 15 15 15 15 20 20 20 21 21 22 22 22 22 24 24 24 27 27 27 28 28 30 30 30 30 30 30 30 30 30 32 33 33 33 33 33 33 33 33 33 33 33 33 33 33 33 34 34 34 34 34 34 34 34 36 36 36 36 36 37 37 37 37 37 37 37 37 37 37 37 37 37 37 37 37 37 37 37 37 38 40 40 40 41 41 41 41 41 41 42 42 42 42 42 45 45 45 45 45 45 45 45 45 49 52 52 52 52 52 52 52 52 53 53 53 53 53 53 54 54 54 54 57 57 57 57 60 60 60 60 60 61 61 61 63 63 63 64 64 64 64 64 66 66 66 66 67 67 67 67 67 
20 109 110 111 112 113 114 115 116 117 118 119 120 121 122 123 124 125 126 127 0 191 192 193 194 80 81 82 83 58 59 60 61 153 154 155 156 187 188 62 63 64 104 105 106 107 171 172 173 174 149 150 151 180 181 182 108 137 29 30 31 32 39 40 41 129 130 131 189 190 95 96 184 185 195 196 197 198 199 136 25 26 27 28 152 97 98 99 100 101 102 132 133 134 135 70 71 85 86 87 88 89 90 186 42 43 44 45 56 1 2 3 4 5 6 7 8 9 10 11 12 13 14 15 16 17 18 19 183 65 66 67 91 92 93 94 79 57 175 176 177 178 179 161 162 163 164 165 166 50 51 52 84 33 34 35 36 167 168 169 170 143 144 145 146 147 148 157 158 159 160 46 47 48 49 138 139 140 141 142 53 54 55 128 72 73 103 37 38 68 69 21 22 23 24 74 75 76 77 78 
501 571 571 571 571 571 571 571 571 571 571 571 571 571 571 571 571 571 571 571 501 425 425 425 425 800 800 800 800 883 883 883 883 321 321 321 321 396 396 896 896 896 753 753 753 753 327 327 327 327 981 981 981 151 151 151 524 227 883 883 883 883 896 896 896 491 491 491 472 472 875 875 426 426 668 668 668 668 668 211 800 800 800 800 709 199 199 199 199 199 199 313 313 313 313 875 875 199 199 199 199 199 199 182 753 753 753 753 524 571 571 571 571 571 571 571 571 571 571 571 571 571 571 571 571 571 571 571 807 491 491 491 313 313 313 313 211 227 684 684 684 684 684 352 352 352 352 352 352 981 981 981 709 321 321 321 321 916 916 916 916 352 352 352 352 352 352 916 916 916 916 327 327 327 327 684 684 684 684 684 151 151 151 807 426 426 182 396 396 472 472 425 425 425 425 668 668 668 668 668 
0 1 2 3 4 5 6 7 8 9 10 11 12 13 14 15 16 17 18 19 0 20 21 22 23 24 25 26 27 28 29 30 31 32 33 34 35 36 37 38 39 40 41 42 43 44 45 46 47 48 49 50 51 52 53 54 55 56 28 29 30 31 38 39 40 57 58 59 60 61 62 63 64 65 66 67 68 69 70 71 24 25 26 27 72 73 74 75 76 77 78 79 80 81 82 62 63 73 74 75 76 77 78 83 41 42 43 44 55 1 2 3 4 5 6 7 8 9 10 11 12 13 14 15 16 17 18 19 84 57 58 59 79 80 81 82 71 56 85 86 87 88 89 90 91 92 93 94 95 49 50 51 72 32 33 34 35 96 97 98 99 90 91 92 93 94 95 96 97 98 99 45 46 47 48 85 86 87 88 89 52 53 54 84 64 65 83 36 37 60 61 20 21 22 23 66 67 68 69 70 
54923
28
4 4 4 6 1 2 3 3 1 2 3 2 4 4 4 1 1 2 6 5 4 1 1 4 3 1 5 19 
10 8 52 45 36 30 11 27 21 10 20 28 9 7 15 33 38 30 33 30 33 1 32 13 15 21 42 3 
52 33 54 53 64 34 24 40 37 64 61 64 22 66 57 49 63 63 34 67 41 6 41 36 45 41 60 37 
321 800 916 352 182 875 896 491 524 396 151 472 883 425 327 709 807 426 199 668 313 501 211 753 981 227 684 571 
21 27 27 27 27 27 27 27 27 27 27 27 27 27 27 27 27 27 27 27 21 13 13 13 13 1 1 1 1 12 12 12 12 0 0 0 0 9 9 6 6 6 23 23 23 23 14 14 14 14 24 24 24 10 10 10 8 25 12 12 12 12 6 6 6 7 7 7 11 11 5 5 17 17 19 19 19 19 19 22 1 1 1 1 15 18 18 18 18 18 18 20 20 20 20 5 5 18 18 18 18 18 18 4 23 23 23 23 8 27 27 27 27 27 27 27 27 27 27 27 27 27 27 27 27 27 27 27 16 7 7 7 20 20 20 20 22 25 26 26 26 26 26 3 3 3 3 3 3 24 24 24 15 0 0 0 0 2 2 2 2 3 3 3 3 3 3 2 2 2 2 14 14 14 14 26 26 26 26 26 10 10 10 16 17 17 4 9 9 11 11 13 13 13 13 19 19 19 19 19 