281
100
2
3 3 3 3 3 3 3 6 11 11 11 11 11 11 12 12 12 12 12 12 12 12 12 12 12 12 13 13 13 13 15 15 15 15 15 15 15 15 15 15 15 15 15 15 15 15 17 17 18 18 18 18 18 18 19 19 19 19 19 19 19 19 20 20 20 20 20 20 20 20 26 26 26 26 26 26 26 26 26 26 26 26 27 27 27 27 27 27 27 27 27 27 27 27 27 27 27 27 27 27 27 27 27 28 28 28 28 28 31 31 31 35 35 35 35 35 35 37 37 37 37 37 37 38 38 38 38 38 38 38 38 40 40 40 40 40 42 42 42 43 43 46 46 46 46 46 46 48 48 48 48 48 48 48 48 48 48 48 48 48 48 48 51 51 54 54 54 54 54 54 54 55 55 55 55 55 55 55 58 58 59 59 59 59 59 59 61 61 63 63 63 63 63 63 68 68 68 68 68 68 
46 47 103 104 105 106 107 164 76 77 78 79 80 81 194 195 196 197 198 199 165 166 167 168 169 170 158 159 160 161 87 88 89 90 91 92 93 94 95 96 97 98 99 100 101 102 0 1 111 112 113 114 115 116 62 63 64 65 66 67 178 179 54 55 56 57 58 59 176 177 123 124 125 126 127 128 8 9 10 11 12 13 171 172 173 174 175 30 31 32 33 34 35 36 37 38 39 40 41 42 43 44 45 2 3 4 5 6 180 181 182 48 49 50 51 52 53 141 142 143 144 145 146 70 71 72 73 74 75 162 163 147 148 149 150 151 183 184 185 186 187 117 118 119 120 121 122 131 132 133 134 135 188 189 190 191 192 193 26 27 28 29 129 130 7 20 21 22 23 24 25 82 83 84 85 86 68 69 60 61 108 109 110 136 137 138 139 140 152 153 154 155 156 157 14 15 16 17 18 19 
834 834 613 613 613 613 613 540 596 596 596 596 596 596 861 861 861 861 861 861 854 854 854 854 854 854 267 267 267 267 610 610 610 610 610 610 610 610 610 610 610 610 610 610 610 610 834 834 153 153 153 153 153 153 707 707 707 707 707 707 712 712 707 707 707 707 707 707 616 616 217 217 217 217 217 217 596 596 596 596 596 596 807 807 807 807 807 610 610 610 610 610 610 610 610 610 610 610 610 610 610 610 610 613 613 613 613 613 513 513 513 153 153 153 153 153 153 221 221 221 221 221 221 217 217 217 217 217 217 864 864 673 673 673 673 673 280 280 280 275 275 221 221 221 221 221 221 673 673 673 673 673 574 574 574 574 574 574 267 267 267 267 864 864 540 854 854 854 854 854 854 807 807 807 807 807 616 616 712 712 513 513 513 280 280 280 275 275 574 574 574 574 574 574 861 861 861 861 861 861 
0 1 2 3 4 5 6 7 8 9 10 11 12 13 14 15 16 17 18 19 20 21 22 23 24 25 26 27 28 29 30 31 32 33 34 35 36 37 38 39 40 41 42 43 44 45 0 1 46 47 48 49 50 51 52 53 54 55 56 57 58 59 52 53 54 55 56 57 60 61 62 63 64 65 66 67 8 9 10 11 12 13 68 69 70 71 72 30 31 32 33 34 35 36 37 38 39 40 41 42 43 44 45 2 3 4 5 6 73 74 75 46 47 48 49 50 51 76 77 78 79 80 81 62 63 64 65 66 67 82 83 84 85 86 87 88 89 90 91 92 93 76 77 78 79 80 81 84 85 86 87 88 94 95 96 97 98 99 26 27 28 29 82 83 7 20 21 22 23 24 25 68 69 70 71 72 60 61 58 59 73 74 75 89 90 91 92 93 94 95 96 97 98 99 14 15 16 17 18 19 
55912
21
3 6 3 5 1 6 6 6 2 6 2 6 6 6 2 2 5 5 2 4 16 
31 19 42 40 6 12 26 37 43 18 19 48 12 11 3 38 3 27 20 13 15 
59 20 59 48 54 68 38 46 61 35 58 63 54 26 17 51 28 55 55 48 27 
513 707 280 673 540 861 217 221 275 153 712 574 854 596 834 864 613 807 616 267 610 
14 14 16 16 16 16 16 4 13 13 13 13 13 13 5 5 5 5 5 5 12 12 12 12 12 12 19 19 19 19 20 20 20 20 20 20 20 20 20 20 20 20 20 20 20 20 14 14 9 9 9 9 9 9 1 1 1 1 1 1 10 10 1 1 1 1 1 1 18 18 6 6 6 6 6 6 13 13 13 13 13 13 17 17 17 17 17 20 20 20 20 20 20 20 20 20 20 20 20 20 20 20 20 16 16 16 16 16 0 0 0 9 9 9 9 9 9 7 7 7 7 7 7 6 6 6 6 6 6 15 15 3 3 3 3 3 2 2 2 8 8 7 7 7 7 7 7 3 3 3 3 3 11 11 11 11 11 11 19 19 19 19 15 15 4 12 12 12 12 12 12 17 17 17 17 17 18 18 10 10 0 0 0 2 2 2 8 8 11 11 11 11 11 11 5 5 5 5 5 5 