683
100
2
5 5 5 5 5 5 5 5 5 5 5 5 7 7 7 7 7 7 7 7 7 7 7 7 7 7 7 7 7 7 7 7 7 12 12 12 12 12 12 12 12 12 14 14 14 14 14 14 14 14 14 14 14 14 14 14 18 18 18 18 18 18 18 18 18 18 18 18 18 18 20 20 20 20 20 20 20 20 20 20 20 20 27 27 27 27 27 27 27 27 27 27 27 27 27 27 27 27 27 28 28 28 28 28 28 29 29 29 29 29 29 30 30 30 30 30 30 36 36 36 36 36 36 36 36 36 36 36 36 36 36 36 36 36 41 41 41 41 41 41 45 45 45 45 45 45 45 45 45 45 45 45 45 45 51 51 51 51 51 57 57 57 57 57 57 63 63 65 65 65 65 67 67 67 67 68 68 68 68 68 68 68 68 68 68 68 68 68 68 68 68 68 68 68 68 68 68 68 68 68 
70 71 72 73 74 75 76 77 78 79 80 81 179 180 181 182 183 184 185 186 187 188 189 190 191 192 193 194 195 196 197 198 199 61 62 63 64 65 66 67 68 69 140 141 142 143 144 145 146 147 148 149 150 151 152 153 154 155 156 157 158 33 34 35 36 37 38 39 40 41 0 1 2 3 4 5 6 7 8 9 10 11 117 118 119 120 121 122 123 124 125 126 127 128 129 130 131 132 133 105 106 107 108 109 110 99 100 101 102 103 104 165 166 167 168 169 170 82 83 84 85 86 87 88 89 90 91 92 93 94 95 96 97 98 159 160 161 162 163 164 42 43 44 45 46 47 48 49 50 51 52 53 54 55 56 57 58 59 60 134 135 136 137 138 139 111 112 113 114 115 116 175 176 177 178 171 172 173 174 12 13 14 15 16 17 18 19 20 21 22 23 24 25 26 27 28 29 30 31 32 
410 410 410 410 410 410 410 410 410 410 410 410 794 794 794 794 794 794 794 794 794 794 794 794 794 794 794 794 794 794 794 794 794 699 699 699 699 699 699 699 699 699 733 733 733 733 733 733 733 733 733 733 733 733 733 733 158 158 158 158 158 699 699 699 699 699 699 699 699 699 410 410 410 410 410 410 410 410 410 410 410 410 401 401 401 401 401 401 401 401 401 401 401 401 401 401 401 401 401 560 560 560 560 560 560 560 560 560 560 560 560 719 719 945 945 945 945 401 401 401 401 401 401 401 401 401 401 401 401 401 401 401 401 401 393 393 393 393 393 393 733 733 733 733 733 733 733 733 733 733 733 733 733 733 158 158 158 158 158 393 393 393 393 393 393 719 719 945 945 945 945 698 698 698 698 698 698 698 698 794 794 794 794 794 794 794 794 794 794 794 794 794 794 794 794 794 794 794 794 794 
0 1 2 3 4 5 6 7 8 9 10 11 12 13 14 15 16 17 18 19 20 21 22 23 24 25 26 27 28 29 30 31 32 33 34 35 36 37 38 39 40 41 42 43 44 45 46 47 48 49 50 51 52 53 54 55 56 57 58 59 60 33 34 35 36 37 38 39 40 41 0 1 2 3 4 5 6 7 8 9 10 11 61 62 63 64 65 66 67 68 69 70 71 72 73 74 75 76 77 78 79 80 81 82 83 78 79 80 81 82 83 84 85 86 87 88 89 61 62 63 64 65 66 67 68 69 70 71 72 73 74 75 76 77 90 91 92 93 94 95 42 43 44 45 46 47 48 49 50 51 52 53 54 55 56 57 58 59 60 90 91 92 93 94 95 84 85 86 87 88 89 96 97 98 99 96 97 98 99 12 13 14 15 16 17 18 19 20 21 22 23 24 25 26 27 28 29 30 31 32 
59482
11
6 2 12 6 5 4 17 9 14 4 21 
41 30 5 28 18 30 27 12 14 67 7 
57 63 20 29 51 65 36 18 45 68 68 
393 719 410 560 158 945 401 699 733 698 794 
2 2 2 2 2 2 2 2 2 2 2 2 10 10 10 10 10 10 10 10 10 10 10 10 10 10 10 10 10 10 10 10 10 7 7 7 7 7 7 7 7 7 8 8 8 8 8 8 8 8 8 8 8 8 8 8 4 4 4 4 4 7 7 7 7 7 7 7 7 7 2 2 2 2 2 2 2 2 2 2 2 2 6 6 6 6 6 6 6 6 6 6 6 6 6 6 6 6 6 3 3 3 3 3 3 3 3 3 3 3 3 1 1 5 5 5 5 6 6 6 6 6 6 6 6 6 6 6 6 6 6 6 6 6 0 0 0 0 0 0 8 8 8 8 8 8 8 8 8 8 8 8 8 8 4 4 4 4 4 0 0 0 0 0 0 1 1 5 5 5 5 9 9 9 9 9 9 9 9 10 10 10 10 10 10 10 10 10 10 10 10 10 10 10 10 10 10 10 10 10 