228
100
2
1 1 1 1 1 1 1 3 3 3 3 3 3 3 5 5 5 6 6 6 7 7 7 10 10 10 12 12 12 12 12 12 12 12 12 14 14 14 14 14 15 15 15 15 17 17 17 17 19 19 19 25 25 26 26 29 29 29 29 29 29 29 29 29 29 29 29 32 32 32 32 32 32 32 32 32 32 32 32 33 33 33 33 33 33 33 33 33 39 39 43 43 43 43 43 43 43 43 43 43 43 43 43 43 43 43 43 43 43 43 43 43 43 43 44 44 44 44 44 44 44 44 44 45 45 45 45 45 45 46 46 46 49 49 49 49 56 56 56 56 62 62 62 62 62 62 62 62 62 62 62 62 62 62 62 62 62 62 62 62 62 62 62 62 67 67 67 67 67 67 67 67 67 67 67 67 67 67 67 67 67 67 67 67 67 67 67 68 68 68 68 68 68 68 68 68 69 69 69 69 
7 8 9 10 11 12 13 0 1 2 3 4 5 6 129 130 131 90 91 92 23 24 25 20 21 22 187 188 189 190 191 192 193 194 195 164 165 48 49 50 196 197 198 199 132 133 134 135 37 38 39 53 54 51 52 152 153 154 155 156 157 158 159 160 161 162 163 140 141 142 143 144 145 146 147 148 149 150 151 114 115 116 117 118 119 120 121 122 123 124 17 18 19 166 167 168 169 170 171 172 173 174 175 176 177 178 179 180 181 182 183 184 185 186 79 80 81 82 83 84 85 86 87 88 89 136 137 138 139 14 15 16 44 45 46 47 125 126 127 128 67 68 69 70 71 72 73 74 75 76 77 78 55 56 57 58 59 60 61 62 63 64 65 66 35 36 93 94 95 96 97 98 99 100 101 102 103 104 105 106 107 108 109 110 111 112 113 26 27 28 29 30 31 32 33 34 40 41 42 43 
169 169 169 169 169 169 169 169 169 169 169 169 169 169 863 863 863 258 258 258 809 809 809 809 809 809 468 468 468 468 468 468 468 468 468 436 436 376 376 376 855 855 855 855 740 740 740 740 376 376 376 247 247 247 247 968 968 968 968 968 968 968 968 968 968 968 968 291 291 291 291 291 291 291 291 291 291 291 291 401 401 401 401 401 401 401 401 401 898 898 258 258 258 485 485 485 485 485 485 485 485 485 485 485 485 485 485 485 485 485 485 485 485 485 401 401 401 401 401 401 401 401 401 898 898 181 181 181 181 863 863 863 740 740 740 740 181 181 181 181 291 291 291 291 291 291 291 291 291 291 291 291 968 968 968 968 968 968 968 968 968 968 968 968 436 436 485 485 485 485 485 485 485 485 485 485 485 485 485 485 485 485 485 485 485 485 485 468 468 468 468 468 468 468 468 468 855 855 855 855 
0 1 2 3 4 5 6 0 1 2 3 4 5 6 7 8 9 10 11 12 13 14 15 13 14 15 16 17 18 19 20 21 22 23 24 25 26 27 28 29 30 31 32 33 34 35 36 37 27 28 29 38 39 38 39 40 41 42 43 44 45 46 47 48 49 50 51 52 53 54 55 56 57 58 59 60 61 62 63 64 65 66 67 68 69 70 71 72 73 74 10 11 12 75 76 77 78 79 80 81 82 83 84 85 86 87 88 89 90 91 92 93 94 95 64 65 66 67 68 69 70 71 72 73 74 96 97 98 99 7 8 9 34 35 36 37 96 97 98 99 52 53 54 55 56 57 58 59 60 61 62 63 40 41 42 43 44 45 46 47 48 49 50 51 25 26 75 76 77 78 79 80 81 82 83 84 85 86 87 88 89 90 91 92 93 94 95 16 17 18 19 20 21 22 23 24 30 31 32 33 
51481
16
2 12 7 2 9 12 9 4 4 3 4 3 3 2 3 21 
25 32 1 39 12 29 33 45 15 6 17 7 5 14 14 43 
26 62 3 45 68 62 44 56 69 43 49 10 46 67 19 67 
247 291 169 898 468 968 401 181 855 258 740 809 863 436 376 485 
2 2 2 2 2 2 2 2 2 2 2 2 2 2 12 12 12 9 9 9 11 11 11 11 11 11 4 4 4 4 4 4 4 4 4 13 13 14 14 14 8 8 8 8 10 10 10 10 14 14 14 0 0 0 0 5 5 5 5 5 5 5 5 5 5 5 5 1 1 1 1 1 1 1 1 1 1 1 1 6 6 6 6 6 6 6 6 6 3 3 9 9 9 15 15 15 15 15 15 15 15 15 15 15 15 15 15 15 15 15 15 15 15 15 6 6 6 6 6 6 6 6 6 3 3 7 7 7 7 12 12 12 10 10 10 10 7 7 7 7 1 1 1 1 1 1 1 1 1 1 1 1 5 5 5 5 5 5 5 5 5 5 5 5 13 13 15 15 15 15 15 15 15 15 15 15 15 15 15 15 15 15 15 15 15 15 15 4 4 4 4 4 4 4 4 4 8 8 8 8 