471
100
2
2 2 2 2 2 2 2 5 5 5 5 5 5 5 5 5 5 5 5 6 6 6 6 6 6 6 6 6 8 8 8 8 8 8 8 8 8 8 8 10 10 10 10 10 10 10 10 26 26 26 26 26 26 26 26 26 26 26 26 26 35 35 35 35 35 35 35 35 35 36 36 36 36 36 36 36 36 36 36 36 36 40 40 40 40 40 40 41 41 41 41 41 41 46 46 46 46 46 46 46 46 46 46 48 48 50 50 50 50 50 50 50 52 52 52 52 52 52 52 52 58 58 58 58 58 58 58 58 58 58 58 58 58 59 59 59 59 59 59 59 59 59 59 61 61 61 61 61 61 61 61 61 61 61 61 63 63 63 63 63 63 63 63 63 63 63 67 67 67 67 67 67 67 67 67 67 67 67 68 68 68 68 68 68 68 68 68 68 68 68 70 70 70 70 70 70 70 70 70 70 
105 106 107 108 109 110 111 190 191 192 193 194 195 196 197 198 199 103 104 60 61 62 63 64 65 66 67 68 155 156 157 158 159 160 161 162 163 164 165 112 113 114 115 116 117 118 119 120 121 122 123 124 125 126 127 128 129 130 131 132 19 20 21 22 23 24 25 26 27 178 179 180 181 182 183 184 185 186 187 188 189 87 88 89 90 91 92 81 82 83 84 85 86 133 134 135 136 137 138 139 140 141 142 17 18 0 1 2 3 4 5 6 39 40 41 42 43 44 45 46 47 48 49 50 51 52 53 54 55 56 57 58 59 93 94 95 96 97 98 99 100 101 102 166 167 168 169 170 171 172 173 174 175 176 177 28 29 30 31 32 33 34 35 36 37 38 143 144 145 146 147 148 149 150 151 152 153 154 69 70 71 72 73 74 75 76 77 78 79 80 7 8 9 10 11 12 13 14 15 16 
790 790 790 790 790 790 790 631 631 631 631 631 631 631 631 631 631 980 980 608 608 608 608 608 608 608 608 608 397 397 397 397 397 397 397 397 397 397 397 677 677 677 677 677 677 677 677 932 932 932 932 932 932 932 932 932 932 932 932 932 608 608 608 608 608 608 608 608 608 900 900 900 900 900 900 900 900 900 900 900 900 771 771 771 771 771 771 771 771 771 771 771 771 475 475 475 475 475 475 475 475 475 475 980 980 790 790 790 790 790 790 790 677 677 677 677 677 677 677 677 932 932 932 932 932 932 932 932 932 932 932 932 932 475 475 475 475 475 475 475 475 475 475 432 432 432 432 432 432 432 432 432 432 432 432 397 397 397 397 397 397 397 397 397 397 397 432 432 432 432 432 432 432 432 432 432 432 432 900 900 900 900 900 900 900 900 900 900 900 900 631 631 631 631 631 631 631 631 631 631 
0 1 2 3 4 5 6 7 8 9 10 11 12 13 14 15 16 17 18 19 20 21 22 23 24 25 26 27 28 29 30 31 32 33 34 35 36 37 38 39 40 41 42 43 44 45 46 47 48 49 50 51 52 53 54 55 56 57 58 59 19 20 21 22 23 24 25 26 27 60 61 62 63 64 65 66 67 68 69 70 71 72 73 74 75 76 77 72 73 74 75 76 77 78 79 80 81 82 83 84 85 86 87 17 18 0 1 2 3 4 5 6 39 40 41 42 43 44 45 46 47 48 49 50 51 52 53 54 55 56 57 58 59 78 79 80 81 82 83 84 85 86 87 88 89 90 91 92 93 94 95 96 97 98 99 28 29 30 31 32 33 34 35 36 37 38 88 89 90 91 92 93 94 95 96 97 98 99 60 61 62 63 64 65 66 67 68 69 70 71 7 8 9 10 11 12 13 14 15 16 
66531
11
10 6 12 7 10 12 11 9 8 2 13 
5 40 36 2 46 61 8 6 10 5 26 
70 41 68 50 59 67 63 35 52 48 58 
631 771 900 790 475 432 397 608 677 980 932 
3 3 3 3 3 3 3 0 0 0 0 0 0 0 0 0 0 9 9 7 7 7 7 7 7 7 7 7 6 6 6 6 6 6 6 6 6 6 6 8 8 8 8 8 8 8 8 10 10 10 10 10 10 10 10 10 10 10 10 10 7 7 7 7 7 7 7 7 7 2 2 2 2 2 2 2 2 2 2 2 2 1 1 1 1 1 1 1 1 1 1 1 1 4 4 4 4 4 4 4 4 4 4 9 9 3 3 3 3 3 3 3 8 8 8 8 8 8 8 8 10 10 10 10 10 10 10 10 10 10 10 10 10 4 4 4 4 4 4 4 4 4 4 5 5 5 5 5 5 5 5 5 5 5 5 6 6 6 6 6 6 6 6 6 6 6 5 5 5 5 5 5 5 5 5 5 5 5 2 2 2 2 2 2 2 2 2 2 2 2 0 0 0 0 0 0 0 0 0 0 