858
100
2
4 4 4 4 4 4 4 4 4 5 5 5 5 5 5 5 5 5 5 5 6 6 6 6 6 6 6 6 6 7 7 7 7 7 7 7 7 7 7 7 13 13 13 13 13 13 13 13 13 13 13 13 13 17 17 17 17 19 19 19 19 19 19 19 19 19 20 20 20 23 23 23 23 23 23 23 23 23 24 24 24 32 32 32 32 32 32 36 36 36 36 36 38 38 38 38 38 38 38 38 39 39 39 39 39 39 39 39 39 40 40 40 40 40 40 44 44 44 44 44 46 46 46 46 46 46 46 46 46 46 46 46 46 52 52 52 52 52 53 53 53 54 54 61 61 61 61 61 61 61 61 62 62 62 62 62 62 62 62 63 63 63 63 63 64 64 64 64 64 64 64 64 66 66 66 66 66 68 68 68 68 68 68 68 68 68 68 68 69 69 69 69 69 69 69 69 69 70 70 70 
57 58 59 60 61 62 63 64 65 29 30 31 32 33 34 35 36 37 38 39 69 70 71 72 73 74 75 76 77 9 10 11 12 13 14 15 16 17 18 19 120 121 122 123 124 125 126 127 128 129 130 131 132 83 84 85 86 0 1 2 3 4 5 6 7 8 138 139 140 20 21 22 23 24 25 26 27 28 197 198 199 141 142 53 54 55 56 183 184 185 186 187 164 165 166 167 168 169 170 171 188 189 190 191 192 193 194 195 196 177 178 179 180 181 182 159 160 161 162 163 40 41 42 43 44 45 46 47 48 49 50 51 52 172 173 174 175 176 66 67 68 81 82 151 152 153 154 155 156 157 158 143 144 145 146 147 148 149 150 115 116 117 118 119 92 93 94 95 96 97 98 99 133 134 135 136 137 109 110 111 112 113 114 87 88 89 90 91 100 101 102 103 104 105 106 107 108 78 79 80 
446 446 446 446 446 446 446 446 446 186 186 186 186 186 186 186 186 186 186 186 526 526 526 526 526 526 526 526 526 186 186 186 186 186 186 186 186 186 186 186 841 841 841 841 841 841 841 841 841 841 841 841 841 565 565 565 565 446 446 446 446 446 446 446 446 446 227 227 227 526 526 526 526 526 526 526 526 526 798 798 798 992 992 565 565 565 565 837 837 837 837 837 189 189 189 189 189 189 189 189 482 482 482 482 482 482 482 482 482 666 666 666 666 666 666 250 250 250 250 250 841 841 841 841 841 841 841 841 841 841 841 841 841 202 202 202 202 202 227 227 227 992 992 197 197 197 197 197 197 197 197 197 197 197 197 197 197 197 197 250 250 250 250 250 189 189 189 189 189 189 189 189 202 202 202 202 202 666 666 666 666 666 666 837 837 837 837 837 482 482 482 482 482 482 482 482 482 798 798 798 
0 1 2 3 4 5 6 7 8 9 10 11 12 13 14 15 16 17 18 19 20 21 22 23 24 25 26 27 28 9 10 11 12 13 14 15 16 17 18 19 29 30 31 32 33 34 35 36 37 38 39 40 41 42 43 44 45 0 1 2 3 4 5 6 7 8 46 47 48 20 21 22 23 24 25 26 27 28 49 50 51 52 53 42 43 44 45 54 55 56 57 58 59 60 61 62 63 64 65 66 67 68 69 70 71 72 73 74 75 76 77 78 79 80 81 82 83 84 85 86 29 30 31 32 33 34 35 36 37 38 39 40 41 87 88 89 90 91 46 47 48 52 53 92 93 94 95 96 97 98 99 92 93 94 95 96 97 98 99 82 83 84 85 86 59 60 61 62 63 64 65 66 87 88 89 90 91 76 77 78 79 80 81 54 55 56 57 58 67 68 69 70 71 72 73 74 75 49 50 51 
46913
15
8 6 3 5 3 9 5 8 11 5 2 9 4 9 13 
38 40 24 52 20 6 44 61 5 36 32 39 17 4 13 
64 68 70 66 53 23 63 62 7 68 54 69 32 19 46 
189 666 798 202 227 526 250 197 186 837 992 482 565 446 841 
13 13 13 13 13 13 13 13 13 8 8 8 8 8 8 8 8 8 8 8 5 5 5 5 5 5 5 5 5 8 8 8 8 8 8 8 8 8 8 8 14 14 14 14 14 14 14 14 14 14 14 14 14 12 12 12 12 13 13 13 13 13 13 13 13 13 4 4 4 5 5 5 5 5 5 5 5 5 2 2 2 10 10 12 12 12 12 9 9 9 9 9 0 0 0 0 0 0 0 0 11 11 11 11 11 11 11 11 11 1 1 1 1 1 1 6 6 6 6 6 14 14 14 14 14 14 14 14 14 14 14 14 14 3 3 3 3 3 4 4 4 10 10 7 7 7 7 7 7 7 7 7 7 7 7 7 7 7 7 6 6 6 6 6 0 0 0 0 0 0 0 0 3 3 3 3 3 1 1 1 1 1 1 9 9 9 9 9 11 11 11 11 11 11 11 11 11 2 2 2 