29
100
2
1 1 1 1 2 2 2 2 2 2 2 2 2 2 2 2 2 2 2 2 2 2 2 2 4 4 4 4 4 4 4 4 4 4 4 5 5 5 5 5 5 5 10 10 10 10 10 10 10 10 13 13 15 15 15 15 15 18 18 18 18 18 18 18 18 18 18 18 18 18 18 18 18 18 21 21 21 21 21 21 21 21 22 22 22 22 22 23 23 23 23 23 23 23 23 23 23 23 23 23 23 23 23 23 23 23 23 23 23 23 23 23 26 26 26 26 37 37 37 37 37 43 43 43 43 43 43 43 50 53 53 53 53 53 57 57 57 57 57 59 59 59 59 59 59 60 60 60 60 60 61 61 61 61 61 61 61 64 64 65 65 65 65 66 66 66 66 66 66 66 66 66 66 68 68 68 68 68 68 68 68 68 68 69 69 69 69 69 69 69 69 69 70 70 70 70 70 70 70 70 
112 113 114 115 173 174 175 176 177 178 179 180 181 182 163 164 165 166 167 168 169 170 171 172 145 146 147 148 149 139 140 141 142 143 144 150 151 152 153 154 155 156 57 58 59 60 61 62 63 64 157 158 159 160 161 162 128 42 43 44 45 46 47 48 49 87 88 89 90 91 92 93 94 95 192 193 194 195 196 197 198 199 116 117 118 119 120 65 66 67 68 69 70 71 72 73 183 184 185 186 187 188 189 190 191 121 122 123 124 125 126 127 0 1 2 3 82 83 84 85 86 105 106 107 108 109 110 111 56 134 135 136 137 138 129 130 131 132 133 29 30 31 32 33 34 24 25 26 27 28 35 36 37 38 39 40 41 50 51 52 53 54 55 14 15 16 17 18 19 20 21 22 23 4 5 6 7 8 9 10 11 12 13 96 97 98 99 100 101 102 103 104 74 75 76 77 78 79 80 81 
559 559 559 559 711 711 711 711 711 711 711 711 711 429 341 341 341 341 341 341 341 341 341 341 152 152 152 152 152 753 753 753 753 753 753 427 427 427 427 427 427 427 668 668 668 668 668 668 668 668 361 361 790 790 790 790 854 668 668 668 668 668 668 668 668 599 599 599 599 599 599 599 599 599 322 322 322 322 322 322 322 322 533 533 533 533 533 599 599 599 599 599 599 599 599 599 568 568 568 568 568 568 568 568 568 271 271 271 271 271 271 271 559 559 559 559 533 533 533 533 533 271 271 271 271 271 271 271 854 709 709 709 709 709 709 709 709 709 709 753 753 753 753 753 753 152 152 152 152 152 427 427 427 427 427 427 427 361 361 790 790 790 790 341 341 341 341 341 341 341 341 341 341 711 711 711 711 711 711 711 711 711 429 568 568 568 568 568 568 568 568 568 322 322 322 322 322 322 322 322 
0 1 2 3 4 5 6 7 8 9 10 11 12 13 14 15 16 17 18 19 20 21 22 23 24 25 26 27 28 29 30 31 32 33 34 35 36 37 38 39 40 41 42 43 44 45 46 47 48 49 50 51 52 53 54 55 56 42 43 44 45 46 47 48 49 57 58 59 60 61 62 63 64 65 66 67 68 69 70 71 72 73 74 75 76 77 78 57 58 59 60 61 62 63 64 65 79 80 81 82 83 84 85 86 87 88 89 90 91 92 93 94 0 1 2 3 74 75 76 77 78 88 89 90 91 92 93 94 56 95 96 97 98 99 95 96 97 98 99 29 30 31 32 33 34 24 25 26 27 28 35 36 37 38 39 40 41 50 51 52 53 54 55 14 15 16 17 18 19 20 21 22 23 4 5 6 7 8 9 10 11 12 13 79 80 81 82 83 84 85 86 87 66 67 68 69 70 71 72 73 
52007
17
8 5 4 5 9 1 5 9 6 2 9 7 7 4 8 1 10 
10 22 1 4 2 2 53 18 4 13 23 5 23 15 21 15 2 
18 37 26 60 68 68 57 23 59 64 69 61 43 65 70 50 66 
668 533 559 152 711 429 709 599 753 361 568 427 271 790 322 854 341 
2 2 2 2 4 4 4 4 4 4 4 4 4 5 16 16 16 16 16 16 16 16 16 16 3 3 3 3 3 8 8 8 8 8 8 11 11 11 11 11 11 11 0 0 0 0 0 0 0 0 9 9 13 13 13 13 15 0 0 0 0 0 0 0 0 7 7 7 7 7 7 7 7 7 14 14 14 14 14 14 14 14 1 1 1 1 1 7 7 7 7 7 7 7 7 7 10 10 10 10 10 10 10 10 10 12 12 12 12 12 12 12 2 2 2 2 1 1 1 1 1 12 12 12 12 12 12 12 15 6 6 6 6 6 6 6 6 6 6 8 8 8 8 8 8 3 3 3 3 3 11 11 11 11 11 11 11 9 9 13 13 13 13 16 16 16 16 16 16 16 16 16 16 4 4 4 4 4 4 4 4 4 5 10 10 10 10 10 10 10 10 10 14 14 14 14 14 14 14 14 