599
100
2
1 1 1 1 4 4 4 12 12 12 12 13 13 13 15 15 15 16 17 20 21 21 21 22 22 22 23 23 23 23 23 24 24 24 24 25 25 25 25 25 25 28 28 28 29 29 29 29 29 29 29 29 29 29 29 29 29 29 29 29 29 29 29 29 29 29 29 30 30 30 30 30 30 30 30 30 31 31 31 32 32 32 32 32 32 34 34 34 34 34 34 36 36 36 37 37 37 37 38 38 38 38 38 39 39 39 39 39 39 42 43 43 43 45 45 45 45 45 45 45 47 47 47 50 50 50 51 51 51 52 52 52 52 52 52 52 52 52 52 53 54 54 54 54 54 54 55 55 55 55 55 55 55 55 55 55 55 55 55 55 55 55 55 55 55 55 55 58 58 58 58 58 58 61 63 64 64 64 64 65 65 65 65 65 65 65 66 66 66 67 67 67 67 68 68 68 70 70 70 70 
27 28 29 30 106 107 108 199 109 44 45 196 197 198 186 187 188 19 173 17 91 92 93 76 77 78 189 0 1 2 3 39 40 83 84 94 95 96 97 31 32 110 111 112 9 10 146 147 148 149 150 151 152 153 154 155 156 157 158 159 160 161 162 163 164 165 166 179 180 181 182 98 99 100 101 102 23 24 25 167 168 169 170 33 34 123 124 125 190 191 192 20 21 22 35 36 37 38 71 72 73 74 75 176 177 178 4 5 6 8 41 42 43 129 130 131 132 133 171 172 126 127 128 85 86 87 120 121 122 113 114 115 116 117 141 142 143 144 145 175 174 134 135 136 137 138 46 47 48 49 50 51 52 53 54 55 56 57 58 59 60 61 62 63 64 65 66 79 80 81 82 118 119 18 140 139 103 104 105 67 68 69 70 193 194 195 14 15 16 26 88 89 90 183 184 185 11 12 13 7 
500 500 500 500 386 386 386 868 635 547 547 830 830 830 640 640 640 771 489 771 156 156 156 659 659 659 610 500 500 500 500 386 386 688 688 595 595 595 595 386 386 323 323 323 547 547 417 417 417 417 417 417 417 417 417 417 417 417 417 417 417 417 417 417 417 417 417 366 366 366 366 325 325 325 325 325 659 659 659 543 543 543 543 688 688 309 309 309 174 174 174 156 156 156 595 595 595 595 325 325 325 325 325 775 775 775 386 386 386 635 323 323 323 638 638 638 638 638 486 486 956 956 956 309 309 309 956 956 956 638 638 638 638 638 276 276 276 276 276 163 275 276 276 276 276 276 417 417 417 417 417 417 417 417 417 417 417 417 417 417 417 417 417 417 417 417 417 543 543 543 543 486 486 489 275 163 775 775 775 366 366 366 366 783 783 783 640 640 640 610 174 174 174 783 783 783 830 830 830 868 
0 1 2 3 4 5 6 7 8 9 10 11 12 13 14 15 16 17 18 17 19 20 21 22 23 24 25 0 1 2 3 26 27 28 29 30 31 32 33 26 27 34 35 36 9 10 37 38 39 40 41 42 43 44 45 46 47 48 49 50 51 52 53 54 55 56 57 58 59 60 61 62 63 64 65 66 22 23 24 67 68 69 70 28 29 71 72 73 74 75 76 19 20 21 30 31 32 33 62 63 64 65 66 77 78 79 4 5 6 8 34 35 36 80 81 82 83 84 85 86 87 88 89 71 72 73 87 88 89 80 81 82 83 84 90 91 92 93 94 95 96 90 91 92 93 94 37 38 39 40 41 42 43 44 45 46 47 48 49 50 51 52 53 54 55 56 57 67 68 69 70 85 86 18 96 95 77 78 79 58 59 60 61 97 98 99 14 15 16 25 74 75 76 97 98 99 11 12 13 7 
48966
30
4 1 5 4 1 1 3 1 3 3 4 4 3 2 3 3 3 3 3 2 5 1 1 3 1 2 2 5 3 21 
32 23 45 30 17 54 47 53 22 34 1 25 39 24 15 21 13 65 4 45 30 12 16 34 12 24 12 52 28 29 
58 67 52 65 61 63 51 64 31 50 23 37 64 25 66 36 70 68 39 58 38 70 20 67 42 32 29 54 43 55 
543 610 638 366 489 275 956 163 659 309 500 595 775 386 640 156 830 783 386 486 325 868 771 174 635 688 547 276 323 417 
10 10 10 10 18 18 18 21 24 26 26 16 16 16 14 14 14 22 4 22 15 15 15 8 8 8 1 10 10 10 10 13 13 25 25 11 11 11 11 13 13 28 28 28 26 26 29 29 29 29 29 29 29 29 29 29 29 29 29 29 29 29 29 29 29 29 29 3 3 3 3 20 20 20 20 20 8 8 8 0 0 0 0 25 25 9 9 9 23 23 23 15 15 15 11 11 11 11 20 20 20 20 20 12 12 12 18 18 18 24 28 28 28 2 2 2 2 2 19 19 6 6 6 9 9 9 6 6 6 2 2 2 2 2 27 27 27 27 27 7 5 27 27 27 27 27 29 29 29 29 29 29 29 29 29 29 29 29 29 29 29 29 29 29 29 29 29 0 0 0 0 19 19 4 5 7 12 12 12 3 3 3 3 17 17 17 14 14 14 1 23 23 23 17 17 17 16 16 16 21 