85
100
2
7 7 7 7 7 7 7 7 7 7 7 7 11 11 11 11 11 11 11 11 11 11 11 11 11 11 11 11 11 11 11 11 11 12 12 12 12 12 12 12 12 12 12 12 12 14 14 14 14 14 14 14 16 16 16 16 16 16 16 16 16 16 16 16 16 20 20 20 20 20 20 22 22 22 22 22 22 22 24 24 24 24 24 24 24 24 24 24 24 24 24 24 24 24 24 24 24 24 24 27 27 27 27 27 27 27 27 29 29 29 29 29 29 30 30 30 30 30 30 30 30 37 37 37 37 37 37 37 37 37 43 43 43 43 43 43 43 43 43 43 43 43 43 43 46 46 46 46 49 49 49 49 49 49 49 49 49 49 49 49 49 49 52 52 52 63 63 63 63 63 63 63 63 63 63 63 63 63 63 67 67 67 67 67 67 67 67 67 67 67 67 67 67 67 67 67 67 67 67 67 
33 34 35 36 37 38 39 40 41 42 43 44 71 72 73 74 75 76 77 165 166 167 168 169 170 171 172 173 174 175 176 177 178 0 1 2 3 4 5 6 7 8 9 10 11 162 163 164 49 48 51 50 121 122 123 124 125 126 127 128 129 144 145 146 147 107 108 109 110 111 112 12 13 14 15 16 17 18 179 180 181 182 183 184 185 186 187 188 189 190 191 192 193 194 195 196 197 198 199 113 114 115 116 117 118 119 120 65 66 67 68 69 70 99 100 101 102 103 104 105 106 52 53 54 55 56 57 58 59 60 148 149 150 151 152 153 154 155 156 157 158 159 160 161 61 62 63 64 130 131 132 133 134 135 136 137 138 139 140 141 142 143 45 46 47 19 20 21 22 23 24 25 26 27 28 29 30 31 32 78 79 80 81 82 83 84 85 86 87 88 89 90 91 92 93 94 95 96 97 98 
260 260 260 260 260 260 260 260 260 260 260 260 374 374 374 374 374 374 374 947 947 947 947 947 947 947 947 947 947 947 947 947 947 260 260 260 260 260 260 260 260 260 260 260 260 520 520 520 986 986 986 986 994 994 994 994 994 994 994 994 994 308 308 308 308 372 372 372 372 372 372 374 374 374 374 374 374 374 654 654 654 654 654 654 654 654 654 654 654 654 654 654 654 654 654 654 654 654 654 745 745 745 745 745 745 745 745 372 372 372 372 372 372 745 745 745 745 745 745 745 745 994 994 994 994 994 994 994 994 994 993 993 993 993 993 993 993 993 993 993 993 993 993 993 308 308 308 308 993 993 993 993 993 993 993 993 993 993 993 993 993 993 520 520 520 947 947 947 947 947 947 947 947 947 947 947 947 947 947 654 654 654 654 654 654 654 654 654 654 654 654 654 654 654 654 654 654 654 654 654 
0 1 2 3 4 5 6 7 8 9 10 11 12 13 14 15 16 17 18 19 20 21 22 23 24 25 26 27 28 29 30 31 32 0 1 2 3 4 5 6 7 8 9 10 11 33 34 35 36 36 37 37 38 39 40 41 42 43 44 45 46 47 48 49 50 51 52 53 54 55 56 12 13 14 15 16 17 18 57 58 59 60 61 62 63 64 65 66 67 68 69 70 71 72 73 74 75 76 77 78 79 80 81 82 83 84 85 51 52 53 54 55 56 78 79 80 81 82 83 84 85 38 39 40 41 42 43 44 45 46 86 87 88 89 90 91 92 93 94 95 96 97 98 99 47 48 49 50 86 87 88 89 90 91 92 93 94 95 96 97 98 99 33 34 35 19 20 21 22 23 24 25 26 27 28 29 30 31 32 57 58 59 60 61 62 63 64 65 66 67 68 69 70 71 72 73 74 75 76 77 
68534
11
3 14 8 2 9 6 7 4 14 12 21 
14 43 27 14 16 20 11 16 11 7 24 
52 49 30 14 37 29 22 46 63 12 67 
520 993 745 986 994 372 374 308 947 260 654 
9 9 9 9 9 9 9 9 9 9 9 9 6 6 6 6 6 6 6 8 8 8 8 8 8 8 8 8 8 8 8 8 8 9 9 9 9 9 9 9 9 9 9 9 9 0 0 0 3 3 3 3 4 4 4 4 4 4 4 4 4 7 7 7 7 5 5 5 5 5 5 6 6 6 6 6 6 6 10 10 10 10 10 10 10 10 10 10 10 10 10 10 10 10 10 10 10 10 10 2 2 2 2 2 2 2 2 5 5 5 5 5 5 2 2 2 2 2 2 2 2 4 4 4 4 4 4 4 4 4 1 1 1 1 1 1 1 1 1 1 1 1 1 1 7 7 7 7 1 1 1 1 1 1 1 1 1 1 1 1 1 1 0 0 0 8 8 8 8 8 8 8 8 8 8 8 8 8 8 10 10 10 10 10 10 10 10 10 10 10 10 10 10 10 10 10 10 10 10 10 