748
100
2
1 1 1 1 1 5 5 5 5 5 5 5 5 5 5 5 5 5 5 5 5 6 6 6 6 6 6 6 6 6 6 6 6 9 9 9 9 9 9 9 9 10 10 10 10 10 10 10 10 24 24 24 24 24 24 30 30 30 30 30 31 31 31 35 35 35 35 35 35 35 35 35 35 35 35 38 38 38 38 38 38 38 38 38 38 38 38 38 38 38 38 38 38 40 40 40 40 40 40 40 40 40 40 40 40 40 40 40 40 40 40 41 41 41 41 41 41 41 41 41 41 41 41 41 41 43 43 43 43 43 43 43 43 43 43 47 47 47 47 47 48 48 48 48 48 48 50 50 50 56 56 56 56 56 56 56 56 56 57 57 57 57 57 57 57 57 57 57 59 59 59 59 59 59 59 59 59 60 60 60 60 60 64 64 64 64 64 64 70 70 70 70 70 70 70 70 70 70 70 70 
135 136 137 138 139 140 141 142 143 144 145 158 159 160 161 162 163 164 165 166 167 93 94 95 96 97 98 99 100 75 76 77 78 41 42 43 44 45 46 47 48 33 34 35 36 37 38 39 40 182 183 184 185 186 187 177 178 179 180 181 146 147 148 188 189 190 191 192 193 194 195 196 197 198 199 29 30 31 32 111 112 113 114 115 116 117 118 119 120 121 122 123 124 21 22 23 24 25 26 27 28 125 126 127 128 129 130 131 132 133 134 79 80 81 82 83 84 85 86 87 88 89 90 91 92 101 102 103 104 105 106 107 108 109 110 0 1 2 3 4 5 6 7 8 9 10 60 61 62 168 169 170 171 172 173 174 175 176 11 12 13 14 15 16 17 18 19 20 149 150 151 152 153 154 155 156 157 55 56 57 58 59 49 50 51 52 53 54 63 64 65 66 67 68 69 70 71 72 73 74 
707 707 707 707 707 400 400 400 400 400 400 919 919 919 919 919 919 919 919 919 919 470 470 470 470 470 470 470 470 569 569 569 569 449 449 449 449 449 449 449 449 449 449 449 449 449 449 449 449 263 263 263 263 263 263 679 679 679 679 679 457 457 457 742 742 742 742 742 742 742 742 742 742 742 742 569 569 569 569 745 745 745 745 745 745 745 745 745 745 745 745 745 745 470 470 470 470 470 470 470 470 542 542 542 542 542 542 542 542 542 542 745 745 745 745 745 745 745 745 745 745 745 745 745 745 542 542 542 542 542 542 542 542 542 542 707 707 707 707 707 400 400 400 400 400 400 457 457 457 587 587 587 587 587 587 587 587 587 919 919 919 919 919 919 919 919 919 919 587 587 587 587 587 587 587 587 587 679 679 679 679 679 263 263 263 263 263 263 742 742 742 742 742 742 742 742 742 742 742 742 
0 1 2 3 4 5 6 7 8 9 10 11 12 13 14 15 16 17 18 19 20 21 22 23 24 25 26 27 28 29 30 31 32 33 34 35 36 37 38 39 40 33 34 35 36 37 38 39 40 41 42 43 44 45 46 47 48 49 50 51 52 53 54 55 56 57 58 59 60 61 62 63 64 65 66 29 30 31 32 67 68 69 70 71 72 73 74 75 76 77 78 79 80 21 22 23 24 25 26 27 28 81 82 83 84 85 86 87 88 89 90 67 68 69 70 71 72 73 74 75 76 77 78 79 80 81 82 83 84 85 86 87 88 89 90 0 1 2 3 4 5 6 7 8 9 10 52 53 54 91 92 93 94 95 96 97 98 99 11 12 13 14 15 16 17 18 19 20 91 92 93 94 95 96 97 98 99 47 48 49 50 51 41 42 43 44 45 46 55 56 57 58 59 60 61 62 63 64 65 66 
61134
13
8 6 5 9 12 5 3 4 8 10 10 6 14 
6 5 1 56 35 30 31 6 9 5 40 24 38 
40 48 47 59 70 60 50 38 10 57 43 64 41 
470 400 707 587 742 679 457 569 449 919 542 263 745 
2 2 2 2 2 1 1 1 1 1 1 9 9 9 9 9 9 9 9 9 9 0 0 0 0 0 0 0 0 7 7 7 7 8 8 8 8 8 8 8 8 8 8 8 8 8 8 8 8 11 11 11 11 11 11 5 5 5 5 5 6 6 6 4 4 4 4 4 4 4 4 4 4 4 4 7 7 7 7 12 12 12 12 12 12 12 12 12 12 12 12 12 12 0 0 0 0 0 0 0 0 10 10 10 10 10 10 10 10 10 10 12 12 12 12 12 12 12 12 12 12 12 12 12 12 10 10 10 10 10 10 10 10 10 10 2 2 2 2 2 1 1 1 1 1 1 6 6 6 3 3 3 3 3 3 3 3 3 9 9 9 9 9 9 9 9 9 9 3 3 3 3 3 3 3 3 3 5 5 5 5 5 11 11 11 11 11 11 4 4 4 4 4 4 4 4 4 4 4 4 