777
100
2
1 1 1 1 1 2 2 2 2 2 3 3 3 3 3 8 8 8 8 11 13 13 17 17 17 17 19 19 19 19 19 19 21 21 22 22 22 22 22 22 23 23 23 23 23 23 23 23 23 23 26 26 26 30 30 30 30 30 30 31 31 31 31 31 31 31 31 31 31 31 31 31 31 32 32 32 32 32 33 33 33 33 33 33 34 34 34 34 34 34 34 34 34 34 34 34 34 34 34 35 35 35 36 36 37 37 37 37 37 38 38 38 38 38 38 38 41 41 41 41 41 43 43 45 45 45 45 47 47 47 47 48 48 48 48 48 48 48 48 50 50 50 50 50 50 50 51 51 51 51 51 51 51 51 51 51 51 51 51 51 51 52 52 54 59 59 59 59 60 60 60 61 61 61 61 61 61 63 63 63 63 63 63 64 64 64 64 64 64 65 65 65 67 67 70 70 70 70 70 70 
45 46 47 48 49 195 196 197 198 199 40 41 42 43 44 164 165 166 167 59 192 193 127 128 129 130 60 61 62 63 64 65 102 103 183 184 185 186 187 188 10 11 12 13 14 0 1 2 3 4 189 190 191 171 172 173 174 175 176 19 26 27 28 29 30 31 139 140 141 142 143 144 145 116 117 118 119 120 131 132 133 134 135 136 146 147 148 149 150 151 152 153 154 155 156 157 158 159 160 168 169 170 32 33 123 124 125 126 194 161 162 177 178 179 180 181 73 74 75 76 77 137 138 104 105 106 107 22 23 24 25 78 79 80 81 82 83 121 122 66 67 68 69 70 71 72 84 85 86 87 88 89 90 91 92 93 94 95 96 97 98 109 110 182 15 16 17 18 99 100 101 53 54 55 56 57 58 111 112 113 114 115 163 34 35 36 37 38 39 50 51 52 20 21 108 5 6 7 8 9 
433 433 433 433 433 724 724 724 724 724 900 900 900 900 900 904 904 904 904 910 457 457 990 990 990 990 258 258 258 258 258 258 389 389 212 212 212 212 212 212 900 900 900 900 900 433 433 433 433 433 308 308 308 468 468 468 468 468 468 910 258 258 258 258 258 258 243 243 243 243 243 243 243 577 577 577 577 577 349 349 349 349 349 349 827 827 827 827 827 827 827 827 827 827 827 827 827 827 827 579 579 579 389 389 921 921 921 921 785 849 849 961 961 961 961 961 577 577 577 577 577 324 324 921 921 921 921 990 990 990 990 349 349 349 349 349 349 324 324 243 243 243 243 243 243 243 827 827 827 827 827 827 827 827 827 827 827 827 827 827 827 849 849 951 904 904 904 904 579 579 579 468 468 468 468 468 468 961 961 961 961 961 951 212 212 212 212 212 212 308 308 308 457 457 785 724 724 724 724 724 
0 1 2 3 4 5 6 7 8 9 10 11 12 13 14 15 16 17 18 19 20 21 22 23 24 25 26 27 28 29 30 31 32 33 34 35 36 37 38 39 10 11 12 13 14 0 1 2 3 4 40 41 42 43 44 45 46 47 48 19 26 27 28 29 30 31 49 50 51 52 53 54 55 56 57 58 59 60 61 62 63 64 65 66 67 68 69 70 71 72 73 74 75 76 77 78 79 80 81 82 83 84 32 33 85 86 87 88 89 90 91 92 93 94 95 96 56 57 58 59 60 97 98 85 86 87 88 22 23 24 25 61 62 63 64 65 66 97 98 49 50 51 52 53 54 55 67 68 69 70 71 72 73 74 75 76 77 78 79 80 81 90 91 99 15 16 17 18 82 83 84 43 44 45 46 47 48 92 93 94 95 96 99 34 35 36 37 38 39 40 41 42 20 21 89 5 6 7 8 9 
60408
23
1 2 5 6 4 1 4 6 2 5 6 7 3 6 5 2 5 4 2 3 1 5 15 
11 38 3 30 37 37 17 33 13 38 19 31 26 22 2 21 1 8 43 35 54 32 34 
31 52 23 61 45 70 47 48 67 63 31 50 65 64 70 36 23 59 48 60 63 41 51 
910 849 900 468 921 785 990 349 457 961 258 243 308 212 724 389 433 904 324 579 951 577 827 
16 16 16 16 16 14 14 14 14 14 2 2 2 2 2 17 17 17 17 0 8 8 6 6 6 6 10 10 10 10 10 10 15 15 13 13 13 13 13 13 2 2 2 2 2 16 16 16 16 16 12 12 12 3 3 3 3 3 3 0 10 10 10 10 10 10 11 11 11 11 11 11 11 21 21 21 21 21 7 7 7 7 7 7 22 22 22 22 22 22 22 22 22 22 22 22 22 22 22 19 19 19 15 15 4 4 4 4 5 1 1 9 9 9 9 9 21 21 21 21 21 18 18 4 4 4 4 6 6 6 6 7 7 7 7 7 7 18 18 11 11 11 11 11 11 11 22 22 22 22 22 22 22 22 22 22 22 22 22 22 22 1 1 20 17 17 17 17 19 19 19 3 3 3 3 3 3 9 9 9 9 9 20 13 13 13 13 13 13 12 12 12 8 8 5 14 14 14 14 14 