929
100
2
1 1 1 1 1 1 1 3 3 3 3 3 3 3 3 5 5 5 5 5 5 5 6 6 6 6 7 7 7 7 7 7 7 12 12 12 12 12 18 18 18 18 18 18 18 18 18 19 19 19 19 19 19 19 19 19 19 19 19 19 19 19 19 21 21 21 21 21 21 21 21 21 21 24 24 24 24 24 24 24 24 30 30 30 30 30 30 30 31 31 31 31 31 31 31 33 33 33 33 33 36 36 36 36 36 36 36 41 41 49 49 49 49 49 49 49 49 49 49 49 50 50 50 50 50 50 50 50 50 50 50 50 52 52 52 52 52 52 52 52 52 52 52 52 52 52 53 53 53 53 53 53 53 55 55 55 55 55 55 55 55 55 55 56 56 56 56 56 56 56 56 56 56 60 60 60 60 60 60 60 60 60 60 61 61 61 61 61 63 63 63 63 63 63 63 66 66 67 70 70 
15 16 17 18 19 20 21 73 74 75 76 77 78 79 80 0 1 2 3 4 5 6 111 112 113 114 81 82 83 84 85 86 87 183 184 185 186 187 153 154 155 156 157 158 159 160 161 195 196 132 133 134 135 136 137 138 139 140 141 142 143 144 145 163 164 165 166 167 168 169 170 171 172 7 8 9 10 11 12 13 14 26 27 28 29 30 31 32 100 101 102 103 104 105 106 115 116 117 118 119 88 89 90 91 92 93 94 109 110 107 108 22 23 24 25 95 96 97 98 99 173 174 175 176 177 178 179 180 181 182 198 199 49 50 51 52 53 54 55 56 57 58 59 60 61 62 188 189 190 191 192 193 194 38 39 40 41 42 43 44 45 46 197 63 64 65 66 67 68 69 70 71 72 120 121 122 123 124 125 126 127 128 129 33 34 35 36 37 146 147 148 149 150 151 152 47 48 162 130 131 
233 233 233 233 233 233 233 505 505 505 505 505 505 505 505 233 233 233 233 233 233 233 825 825 825 825 472 472 472 472 472 472 472 985 985 985 985 985 227 227 227 227 227 227 227 227 227 504 504 614 614 614 614 614 614 614 614 614 614 614 614 614 614 967 967 967 967 967 967 967 967 967 967 505 505 505 505 505 505 505 505 472 472 472 472 472 472 472 420 420 420 420 420 420 420 891 891 891 891 891 420 420 420 420 420 420 420 348 348 348 348 825 825 825 825 891 891 891 891 891 544 544 544 544 544 544 544 544 544 544 529 529 614 614 614 614 614 614 614 614 614 614 614 614 614 614 955 955 955 955 955 955 955 227 227 227 227 227 227 227 227 227 151 967 967 967 967 967 967 967 967 967 967 544 544 544 544 544 544 544 544 544 544 985 985 985 985 985 955 955 955 955 955 955 955 504 504 151 529 529 
0 1 2 3 4 5 6 7 8 9 10 11 12 13 14 0 1 2 3 4 5 6 15 16 17 18 19 20 21 22 23 24 25 26 27 28 29 30 31 32 33 34 35 36 37 38 39 40 41 42 43 44 45 46 47 48 49 50 51 52 53 54 55 56 57 58 59 60 61 62 63 64 65 7 8 9 10 11 12 13 14 19 20 21 22 23 24 25 66 67 68 69 70 71 72 73 74 75 76 77 66 67 68 69 70 71 72 78 79 78 79 15 16 17 18 73 74 75 76 77 80 81 82 83 84 85 86 87 88 89 90 91 42 43 44 45 46 47 48 49 50 51 52 53 54 55 92 93 94 95 96 97 98 31 32 33 34 35 36 37 38 39 99 56 57 58 59 60 61 62 63 64 65 80 81 82 83 84 85 86 87 88 89 26 27 28 29 30 92 93 94 95 96 97 98 40 41 99 90 91 
59942
16
9 2 4 7 7 5 10 5 7 10 2 7 2 8 1 14 
18 41 6 31 1 33 21 12 7 50 19 53 50 3 55 19 
55 49 49 36 5 49 56 61 30 60 66 63 70 24 67 52 
227 348 825 420 233 891 967 985 472 544 504 955 529 505 151 614 
4 4 4 4 4 4 4 13 13 13 13 13 13 13 13 4 4 4 4 4 4 4 2 2 2 2 8 8 8 8 8 8 8 7 7 7 7 7 0 0 0 0 0 0 0 0 0 10 10 15 15 15 15 15 15 15 15 15 15 15 15 15 15 6 6 6 6 6 6 6 6 6 6 13 13 13 13 13 13 13 13 8 8 8 8 8 8 8 3 3 3 3 3 3 3 5 5 5 5 5 3 3 3 3 3 3 3 1 1 1 1 2 2 2 2 5 5 5 5 5 9 9 9 9 9 9 9 9 9 9 12 12 15 15 15 15 15 15 15 15 15 15 15 15 15 15 11 11 11 11 11 11 11 0 0 0 0 0 0 0 0 0 14 6 6 6 6 6 6 6 6 6 6 9 9 9 9 9 9 9 9 9 9 7 7 7 7 7 11 11 11 11 11 11 11 10 10 14 12 12 