788
100
2
3 3 3 7 7 7 7 7 7 7 7 11 11 11 12 12 12 13 13 13 13 13 13 13 13 13 22 22 22 22 24 24 24 24 24 24 24 24 24 24 24 30 30 32 32 32 32 32 32 32 32 32 32 32 32 32 37 37 37 37 37 37 37 37 37 37 37 37 37 37 37 37 41 41 41 41 41 41 41 41 41 43 43 43 43 43 43 43 43 43 43 43 44 44 44 44 44 44 46 46 46 46 46 46 46 46 46 47 47 50 50 50 50 50 50 51 51 51 51 51 51 51 51 51 51 51 51 51 51 55 55 55 55 55 55 55 55 62 62 62 62 62 62 62 63 63 63 63 63 63 63 63 63 63 63 63 63 63 63 63 64 64 64 64 64 64 64 64 64 64 64 64 64 64 64 64 69 69 69 69 69 69 69 69 69 69 69 69 69 69 69 69 69 69 69 69 69 69 69 69 
11 12 13 14 15 16 21 22 23 24 25 0 1 2 3 4 5 26 27 28 29 6 7 8 9 10 17 18 19 20 144 145 146 147 148 149 150 88 89 90 91 137 138 81 82 83 84 85 86 87 176 177 178 179 180 181 160 161 162 163 164 165 166 167 168 169 170 171 172 173 174 175 98 99 100 101 102 103 104 105 106 43 44 45 46 47 48 49 37 38 39 40 109 110 111 112 113 114 72 73 74 75 76 77 78 79 80 127 128 92 93 94 95 96 97 151 152 153 154 129 130 131 132 133 134 135 136 107 108 119 120 121 122 123 124 125 126 41 42 155 156 157 158 159 30 31 32 33 34 35 36 115 116 117 118 139 140 141 142 143 56 57 58 59 60 61 62 63 64 65 66 67 68 69 70 71 50 51 52 53 54 55 183 182 185 184 187 186 189 188 191 190 193 192 195 194 197 196 199 198 
619 619 619 449 449 449 372 372 372 372 372 619 619 619 449 449 449 649 649 649 649 372 372 372 372 372 649 649 649 649 822 822 822 822 822 822 822 309 309 309 309 797 797 238 238 238 238 238 238 238 221 221 221 221 221 221 407 407 407 407 407 407 407 407 407 407 407 407 407 407 407 407 176 176 176 176 176 176 176 176 176 238 238 238 238 238 238 238 309 309 309 309 837 837 837 837 837 837 176 176 176 176 176 176 176 176 176 177 177 837 837 837 837 837 837 814 814 814 814 513 513 513 513 513 513 513 513 177 177 513 513 513 513 513 513 513 513 797 797 961 961 961 961 961 822 822 822 822 822 822 822 814 814 814 814 961 961 961 961 961 407 407 407 407 407 407 407 407 407 407 407 407 407 407 407 407 221 221 221 221 221 221 950 950 950 950 950 950 950 950 950 950 950 950 950 950 950 950 950 950 
0 1 2 3 4 5 6 7 8 9 10 0 1 2 3 4 5 11 12 13 14 6 7 8 9 10 11 12 13 14 15 16 17 18 19 20 21 22 23 24 25 26 27 28 29 30 31 32 33 34 35 36 37 38 39 40 41 42 43 44 45 46 47 48 49 50 51 52 53 54 55 56 57 58 59 60 61 62 63 64 65 28 29 30 31 32 33 34 22 23 24 25 66 67 68 69 70 71 57 58 59 60 61 62 63 64 65 72 73 66 67 68 69 70 71 74 75 76 77 78 79 80 81 82 83 84 85 72 73 78 79 80 81 82 83 84 85 26 27 86 87 88 89 90 15 16 17 18 19 20 21 74 75 76 77 86 87 88 89 90 41 42 43 44 45 46 47 48 49 50 51 52 53 54 55 56 35 36 37 38 39 40 91 91 92 92 93 93 94 94 95 95 96 96 97 97 98 98 99 99 
53423
17
7 3 7 4 8 2 6 4 2 6 9 5 9 4 5 3 16 
32 7 24 51 51 30 32 13 47 44 69 7 41 24 62 3 37 
43 12 63 63 55 62 69 22 51 50 69 13 46 43 63 11 64 
238 449 822 814 513 797 221 649 177 837 950 372 176 309 961 619 407 
15 15 15 1 1 1 11 11 11 11 11 15 15 15 1 1 1 7 7 7 7 11 11 11 11 11 7 7 7 7 2 2 2 2 2 2 2 13 13 13 13 5 5 0 0 0 0 0 0 0 6 6 6 6 6 6 16 16 16 16 16 16 16 16 16 16 16 16 16 16 16 16 12 12 12 12 12 12 12 12 12 0 0 0 0 0 0 0 13 13 13 13 9 9 9 9 9 9 12 12 12 12 12 12 12 12 12 8 8 9 9 9 9 9 9 3 3 3 3 4 4 4 4 4 4 4 4 8 8 4 4 4 4 4 4 4 4 5 5 14 14 14 14 14 2 2 2 2 2 2 2 3 3 3 3 14 14 14 14 14 16 16 16 16 16 16 16 16 16 16 16 16 16 16 16 16 6 6 6 6 6 6 10 10 10 10 10 10 10 10 10 10 10 10 10 10 10 10 10 10 